400 2
98397
394 783 840
911 198 798
768 278 335
477 629 554
513 952 365
636 717 916
607 17 142
138 804 243
401 130 157
998 219 109
839 613 513
637 524 296
972 293 494
527 770 771
891 284 400
807 919 353
949 526 70
193 663 86
349 65 890
458 64 21
970 902 239
267 540 851
760 513 375
532 40 668
931 930 438
285 738 721
354 688 640
440 880 166
331 229 829
351 686 893
589 657 956
440 924 858
814 684 399
483 216 911
920 148 950
641 432 881
281 786 619
447 226 308
276 556 188
170 906 417
126 495 104
984 935 760
383 750 684
294 233 369
245 153 584
126 793 732
745 75 164
53 522 950
240 798 177
656 967 732
759 94 639
520 79 135
205 461 70
573 755 819
158 999 52
890 126 205
55 870 997
5 923 73
181 163 594
913 819 392
552 579 359
687 100 453
757 304 531
577 877 992
629 36 748
833 925 748
831 979 873
903 983 744
497 164 667
889 77 830
248 629 650
700 317 229
232 75 329
224 651 633
971 280 511
719 114 546
592 944 472
337 847 451
4 345 435
833 234 598
483 482 675
712 183 305
41 414 622
674 638 696
185 609 347
730 329 627
203 920 740
653 258 685
88 261 532
686 94 877
362 577 112
666 289 593
289 330 775
984 4 190
332 189 827
958 919 437
699 122 765
384 774 686
916 862 943
793 548 204
905 909 297
498 576 874
274 864 163
464 849 492
291 181 496
727 139 684
492 838 603
179 222 724
122 139 499
325 931 361
622 836 908
496 335 818
659 609 394
152 73 259
647 364 108
332 92 288
934 583 427
659 762 266
158 883 487
518 208 626
426 830 558
245 326 394
639 984 729
897 136 338
6 783 411
294 115 774
721 50 865
986 708 449
474 865 211
100 383 94
657 809 302
52 54 132
781 692 458
119 590 443
530 595 579
304 888 362
170 610 477
619 596 526
829 71 234
923 170 99
226 826 482
357 878 291
815 659 344
258 778 37
836 308 626
198 612 221
674 782 110
201 401 719
434 231 316
533 155 386
15 380 555
306 737 382
650 552 261
686 809 919
312 646 698
533 844 6
643 518 618
362 719 401
678 153 802
64 686 33
619 700 188
2 6 568
262 655 305
181 342 857
879 653 667
885 187 313
503 829 157
904 191 675
706 869 395
739 932 547
926 551 233
494 553 933
799 814 939
657 995 594
325 874 935
638 759 589
795 263 775
471 167 604
865 873 795
413 612 664
645 539 597
579 33 149
518 832 701
113 490 515
49 814 510
638 452 385
413 247 144
18 717 407
813 583 574
477 995 447
75 641 59
223 220 597
923 738 630
439 850 463
948 899 952
334 537 767
478 949 219
884 967 466
458 780 184
904 258 766
963 332 761
561 554 402
191 478 622
654 916 360
606 865 211
374 199 110
593 676 646
59 561 596
243 19 564
10 923 344
770 887 601
173 448 933
795 639 488
156 293 965
366 899 882
476 273 747
123 865 946
718 924 623
283 167 184
626 177 203
228 946 127
161 120 14
648 915 462
614 71 101
496 437 394
244 912 293
191 35 566
814 753 432
997 36 357
201 662 524
328 889 700
342 51 647
803 699 766
904 313 682
298 809 752
591 54 189
158 244 102
589 58 137
945 56 889
469 257 925
169 585 587
815 926 476
582 729 526
264 633 226
17 931 538
206 523 348
307 680 401
443 269 645
333 215 703
258 683 759
845 852 17
322 668 601
848 250 527
74 514 256
611 531 889
958 737 821
360 44 344
6 487 24
708 820 293
468 79 507
484 923 191
85 245 44
611 93 711
867 166 961
757 777 476
579 736 7
922 97 743
946 102 787
240 809 275
746 277 95
937 761 174
981 845 97
692 457 342
654 324 434
130 82 600
137 660 378
880 582 115
668 529 211
943 768 313
39 515 122
212 453 399
308 434 161
650 127 6
85 780 462
684 910 786
63 48 867
177 927 527
388 596 110
700 539 638
822 578 407
222 789 921
382 98 374
387 747 808
849 831 934
635 516 714
502 579 625
30 756 672
139 144 600
777 844 196
184 667 735
106 888 313
480 271 103
288 657 200
222 507 947
936 142 778
561 644 295
233 674 873
832 813 629
29 590 773
764 774 617
77 880 285
179 360 173
379 647 443
326 869 101
105 805 607
399 367 749
272 600 394
901 432 69
675 461 881
293 225 472
577 301 246
749 480 126
193 859 486
293 185 134
900 289 3
650 687 808
45 959 176
113 861 775
994 536 208
466 828 668
712 405 892
838 155 194
324 347 673
457 640 532
460 541 717
269 192 6
444 237 693
219 349 653
426 344 514
95 809 51
986 521 879
180 359 284
853 683 439
386 141 786
104 600 427
110 869 967
802 313 160
456 532 396
970 958 745
21 54 89
899 40 897
184 220 419
623 74 778
409 460 462
835 563 602
803 672 203
962 475 72
358 930 385
104 900 916
192 921 875
90 821 928
509 5 968
287 627 189
748 37 262
351 872 722
553 675 285
624 638 957
9 996 433
925 100 364
801 291 265
729 381 186
698 889 7
886 177 12
149 925 639
870 276 676
156 828 548
113 453 223
546 461 860
909 387 856
174 188 956
360 917 247
367 615 628
379 502 517
18 650 694
693 520 619
242 675 895
464 788 724
325 334 177
182 244 638
138 418 25
385 778 213
14 145 130
531 524 745
225 542 247
844 236 897
739 477 417
463 941 93
640 267 880
278 448 215
303 586 458
1308
173683 126316
173682 126745
173667 127279
173663 127470
173662 127602
173659 127697
173654 127705
173653 127936
173649 128195
173647 128291
173641 128613
173632 128653
173630 128749
173629 128893
173624 129071
173596 129178
173584 129220
173583 129247
173579 129663
173571 129766
173547 129778
173541 129817
173533 129920
173532 130099
173519 130240
173498 130246
173497 130260
173496 130265
173495 130542
173475 130553
173469 130666
173462 130704
173453 130765
173442 130841
173437 130938
173425 130979
173421 131169
173408 131239
173396 131355
173388 131385
173370 131579
173363 131640
173344 131703
173341 131858
173317 132160
173281 132173
173277 132187
173272 132249
173265 132287
173261 132317
173259 132351
173256 132444
173244 132518
173230 132533
173227 132572
173225 132745
173215 132909
173182 132922
173181 133104
173153 133139
173137 133152
173129 133231
173115 133255
173109 133297
173103 133347
173095 133367
173093 133416
173091 133533
173081 133561
173067 133641
173061 133724
173026 133772
173014 133842
173009 133851
173000 133886
172992 133973
172973 134036
172966 134280
172923 134321
172911 134338
172906 134375
172892 134424
172881 134539
172864 134583
172857 134599
172848 134685
172821 134699
172814 134712
172813 134722
172805 134726
172804 134730
172801 134862
172797 134890
172768 134902
172760 134939
172757 134998
172753 135012
172742 135105
172735 135140
172731 135168
172707 135175
172705 135259
172687 135290
172680 135364
172673 135458
172646 135521
172628 135526
172621 135541
172612 135627
172607 135736
172597 135737
172592 135846
172555 135863
172537 135877
172530 136044
172487 136128
172474 136183
172471 136306
172442 136318
172427 136428
172403 136440
172390 136544
172357 136555
172356 136582
172348 136597
172341 136624
172333 136625
172332 136628
172327 136656
172322 136678
172314 136686
172304 136722
172302 136728
172299 136758
172293 136779
172282 136783
172281 136834
172274 136860
172271 136876
172260 136877
172259 136922
172248 136926
172242 136965
172238 136994
172234 137000
172229 137064
172221 137117
172212 137167
172197 137185
172194 137306
172163 137320
172162 137354
172159 137376
172137 137470
172105 137518
172088 137530
172082 137558
172078 137614
172043 137619
172040 137624
172036 137671
172033 137822
171989 137842
171984 137861
171982 137922
171973 137954
171965 137956
171958 137968
171950 137970
171935 138167
171911 138213
171903 138215
171892 138232
171879 138261
171878 138331
171856 138336
171850 138424
171804 138431
171789 138461
171783 138502
171779 138506
171775 138537
171755 138552
171754 138558
171744 138642
171737 138679
171720 138768
171709 138783
171686 138788
171682 138828
171677 138831
171663 138932
171629 138941
171623 139090
171591 139138
171585 139170
171545 139292
171502 139295
171496 139300
171491 139320
171489 139344
171472 139396
171463 139424
171451 139481
171437 139494
171421 139523
171416 139605
171396 139651
171364 139687
171354 139694
171347 139804
171343 139860
171311 139908
171277 139909
171274 139925
171258 139934
171255 139979
171248 140137
171199 140174
171180 140178
171165 140188
171164 140241
171155 140391
171111 140399
171073 140403
171066 140521
171032 140582
170993 140692
170956 140711
170932 140718
170931 140791
170904 140822
170899 140839
170880 140844
170878 140965
170822 141022
170813 141058
170811 141076
170789 141095
170753 141156
170728 141216
170726 141227
170710 141253
170696 141349
170637 141376
170616 141418
170600 141444
170591 141457
170567 141479
170558 141500
170546 141600
170544 141611
170528 141637
170527 141673
170500 141693
170498 141711
170444 141732
170437 141737
170428 141758
170426 141769
170413 141819
170409 141841
170385 141863
170375 141866
170373 141884
170356 141916
170346 141973
170318 142077
170305 142094
170257 142103
170244 142120
170228 142136
170223 142164
170215 142181
170203 142184
170192 142196
170187 142205
170182 142241
170158 142285
170153 142356
170104 142374
170088 142457
170030 142553
170005 142589
169999 142594
169994 142598
169968 142610
169960 142617
169950 142629
169944 142643
169942 142654
169936 142719
169905 142784
169880 142804
169878 142815
169862 142841
169826 142878
169804 142881
169801 142894
169795 142910
169793 142921
169771 142927
169749 142947
169734 142969
169731 142978
169729 143000
169719 143069
169707 143088
169671 143096
169661 143165
169643 143172
169622 143254
169600 143260
169567 143331
169514 143361
169509 143427
169484 143452
169482 143463
169431 143464
169429 143473
169426 143548
169393 143570
169384 143574
169376 143590
169365 143607
169349 143660
169332 143714
169295 143753
169286 143791
169274 143810
169250 143854
169184 143884
169181 143886
169176 143944
169121 143947
169118 143963
169113 144075
169054 144085
169052 144101
169025 144111
169017 144168
168994 144197
168963 144199
168959 144264
168941 144309
168885 144313
168863 144327
168853 144365
168846 144404
168834 144412
168821 144433
168791 144459
168779 144474
168746 144496
168744 144518
168734 144562
168728 144564
168713 144574
168706 144613
168694 144666
168646 144705
168627 144736
168617 144750
168576 144769
168571 144855
168556 144864
168536 144871
168510 144881
168501 144919
168485 144929
168465 144982
168455 144987
168412 144997
168403 145053
168392 145060
168388 145069
168354 145083
168348 145101
168345 145149
168324 145158
168303 145202
168294 145235
168282 145271
168223 145281
168201 145282
168190 145308
168188 145329
168167 145343
168166 145354
168140 145362
168132 145404
168106 145425
168097 145444
168090 145463
168087 145488
168039 145502
168029 145584
167968 145610
167936 145633
167928 145638
167917 145714
167893 145725
167877 145816
167827 145828
167824 145891
167763 145917
167720 145964
167705 145978
167685 146008
167661 146019
167654 146033
167641 146067
167560 146070
167559 146107
167556 146118
167535 146120
167528 146156
167522 146220
167482 146224
167468 146313
167387 146369
167374 146371
167321 146414
167293 146421
167276 146505
167212 146528
167191 146542
167162 146571
167117 146604
167107 146613
167063 146707
167012 146721
166964 146732
166963 146744
166953 146796
166943 146797
166863 146823
166859 146849
166858 146861
166820 146913
166800 146924
166761 146988
166751 146989
166712 146998
166696 147015
166676 147025
166667 147041
166613 147054
166608 147116
166559 147126
166543 147143
166536 147161
166480 147204
166450 147211
166449 147215
166448 147227
166440 147247
166400 147280
166333 147338
166295 147397
166257 147407
166247 147408
166194 147419
166190 147469
166142 147525
166089 147538
166070 147605
166024 147612
165992 147619
165982 147629
165972 147630
165957 147650
165944 147669
165917 147733
165871 147740
165839 147747
165829 147757
165804 147778
165791 147816
165760 147825
165738 147827
165721 147848
165705 147862
165695 147898
165652 147910
165608 147917
165607 147929
165586 147932
165585 147955
165569 147981
165548 147984
165539 147990
165529 148000
165520 148031
165467 148061
165453 148069
165416 148109
165409 148116
165381 148117
165363 148122
165361 148135
165354 148153
165344 148189
165299 148196
165273 148206
165263 148223
165258 148239
165256 148244
165234 148246
165210 148250
165202 148257
165201 148281
165191 148317
165175 148321
165140 148323
165120 148334
165113 148341
165105 148367
165065 148400
165039 148414
165025 148419
165006 148443
164985 148446
164981 148466
164960 148469
164935 148478
164901 148524
164859 148539
164853 148571
164798 148589
164769 148625
164754 148658
164735 148725
164625 148731
164612 148752
164601 148764
164580 148767
164550 148815
164535 148817
164508 148830
164455 148860
164443 148868
164431 148879
164400 148880
164397 148943
164336 148985
164248 149019
164231 149022
164224 149038
164190 149078
164170 149096
164131 149098
164113 149125
164083 149144
164079 149147
164071 149166
164031 149170
164022 149196
163985 149211
163951 149213
163948 149223
163922 149242
163915 149249
163900 149250
163896 149252
163891 149274
163887 149295
163869 149324
163807 149347
163806 149349
163785 149368
163739 149376
163714 149385
163687 149387
163685 149406
163683 149419
163657 149432
163630 149434
163627 149435
163625 149443
163608 149451
163607 149456
163595 149461
163581 149498
163549 149523
163524 149535
163493 149548
163492 149550
163484 149554
163475 149558
163469 149582
163447 149632
163393 149637
163372 149639
163366 149652
163336 149678
163269 149684
163267 149699
163250 149704
163247 149724
163235 149740
163199 149776
163198 149804
163141 149841
163128 149868
163007 149873
163005 149879
163003 149880
162998 149896
162965 149925
162961 149936
162933 149944
162930 149946
162928 149960
162889 149972
162884 150005
162842 150020
162827 150042
162814 150069
162719 150090
162684 150097
162675 150132
162647 150137
162628 150141
162618 150194
162514 150199
162509 150222
162501 150248
162459 150252
162456 150256
162451 150267
162434 150270
162418 150286
162397 150299
162369 150341
162350 150342
162308 150353
162302 150355
162294 150362
162293 150364
162280 150370
162276 150371
162258 150388
162245 150392
162218 150398
162201 150399
162196 150432
162189 150436
162176 150443
162156 150450
162145 150453
162130 150466
162120 150471
162119 150480
162107 150498
162081 150514
162055 150542
161994 150547
161979 150576
161944 150589
161904 150599
161898 150628
161882 150633
161879 150648
161829 150676
161793 150699
161775 150704
161767 150715
161737 150722
161717 150730
161710 150762
161679 150767
161678 150773
161647 150783
161601 150784
161599 150788
161597 150824
161568 150836
161549 150847
161504 150871
161473 150881
161425 150901
161416 150925
161395 150927
161376 150929
161368 150932
161361 150935
161351 150936
161349 150938
161348 150971
161322 150989
161272 151019
161253 151037
161207 151076
161153 151085
161136 151087
161109 151096
161089 151098
161088 151102
161086 151117
161070 151122
161066 151130
161062 151141
161034 151172
160995 151215
160940 151216
160924 151217
160905 151219
160899 151220
160893 151227
160874 151229
160872 151230
160867 151237
160862 151249
160860 151274
160836 151277
160792 151283
160785 151313
160770 151320
160754 151323
160728 151350
160666 151395
160618 151396
160609 151405
160602 151411
160584 151421
160547 151466
160505 151470
160480 151477
160476 151483
160469 151516
160399 151529
160380 151531
160377 151535
160362 151538
160346 151542
160342 151556
160329 151567
160306 151575
160305 151577
160295 151581
160291 151588
160289 151590
160287 151597
160267 151598
160264 151625
160241 151659
160222 151661
160191 151671
160165 151673
160154 151688
160122 151699
160097 151715
160073 151717
160068 151728
160030 151730
160028 151750
159997 151760
159967 151770
159966 151786
159936 151801
159898 151808
159880 151813
159879 151817
159868 151823
159864 151869
159791 151879
159758 151942
159680 151945
159656 151952
159644 151954
159643 151961
159615 151978
159602 151990
159590 152021
159511 152025
159494 152095
159370 152096
159369 152097
159367 152101
159357 152120
159334 152164
159292 152171
159255 152172
159236 152173
159232 152174
159229 152187
159225 152198
159209 152220
159192 152227
159161 152237
159132 152240
159101 152251
159087 152263
159077 152275
159060 152279
159050 152280
159049 152282
159036 152314
158968 152318
158964 152320
158961 152327
158957 152328
158950 152338
158938 152358
158922 152370
158885 152371
158869 152379
158858 152382
158850 152392
158836 152432
158776 152445
158766 152447
158750 152448
158747 152465
158725 152480
158685 152512
158654 152534
158623 152544
158566 152575
158529 152599
158437 152618
158421 152621
158406 152644
158360 152646
158352 152656
158350 152658
158317 152692
158246 152698
158227 152712
158213 152720
158212 152734
158171 152745
158165 152759
158144 152761
158106 152765
158105 152773
158096 152789
158078 152792
158057 152829
158003 152846
157980 152848
157978 152850
157957 152863
157945 152869
157916 152897
157907 152920
157820 152971
157760 152984
157720 152987
157677 152991
157666 153004
157643 153017
157605 153026
157581 153065
157570 153078
157512 153083
157460 153118
157406 153124
157383 153127
157364 153132
157360 153141
157335 153184
157253 153196
157233 153218
157174 153233
157157 153270
157071 153281
157061 153312
157045 153334
156963 153361
156918 153364
156910 153367
156886 153371
156839 153373
156832 153375
156818 153380
156815 153397
156806 153401
156797 153417
156720 153426
156713 153428
156712 153441
156704 153443
156678 153464
156647 153465
156628 153467
156618 153477
156617 153502
156558 153511
156532 153541
156487 153543
156467 153558
156436 153568
156434 153578
156430 153593
156378 153596
156375 153599
156371 153632
156247 153644
156241 153681
156193 153701
156132 153726
156083 153741
156049 153742
156024 153785
155980 153797
155901 153810
155842 153849
155762 153857
155753 153873
155725 153894
155712 153898
155662 153916
155619 153924
155591 153946
155520 153959
155518 153971
155500 153976
155449 153981
155448 153983
155430 153987
155407 153997
155396 154001
155390 154034
155357 154062
155259 154071
155224 154090
155147 154099
155141 154100
155140 154101
155124 154113
155106 154116
155105 154120
155098 154127
155061 154135
155053 154152
155044 154175
154980 154191
154953 154192
154911 154193
154909 154213
154887 154230
154857 154266
154764 154280
154714 154288
154668 154354
154545 154357
154494 154379
154417 154408
154356 154413
154332 154420
154282 154446
154274 154460
154260 154463
154227 154465
154174 154478
154160 154481
154127 154487
154120 154490
154107 154502
154092 154503
154067 154510
154031 154518
154012 154529
154009 154530
153966 154531
153957 154552
153939 154564
153929 154592
153807 154602
153784 154609
153749 154614
153739 154649
153672 154650
153647 154693
153521 154705
153485 154707
153439 154709
153425 154712
153424 154720
153420 154725
153402 154745
153343 154746
153329 154754
153307 154755
153295 154756
153289 154760
153275 154772
153251 154790
153250 154797
153245 154799
153184 154801
153162 154813
153151 154814
153099 154817
153096 154829
153055 154856
152994 154858
152986 154865
152976 154884
152946 154886
152908 154887
152905 154894
152895 154899
152863 154909
152846 154911
152837 154919
152812 154929
152792 154933
152786 154941
152756 154943
152754 154949
152737 154953
152712 154967
152662 154993
152568 155008
152525 155019
152520 155020
152472 155050
152469 155059
152411 155060
152399 155064
152374 155074
152352 155075
152330 155077
152319 155089
152316 155094
152294 155095
152279 155097
152239 155111
152224 155112
152221 155117
152181 155131
152162 155132
152132 155143
152104 155152
152057 155154
152048 155166
152034 155169
152030 155186
151981 155198
151890 155208
151889 155216
151847 155226
151827 155242
151783 155262
151699 155273
151657 155283
151646 155287
151637 155299
151564 155300
151553 155304
151546 155309
151528 155329
151500 155349
151474 155352
151432 155371
151416 155372
151383 155383
151363 155386
151332 155389
151310 155406
151224 155421
151158 155429
151123 155436
151100 155449
151031 155468
151009 155487
150958 155507
150867 155510
150860 155519
150818 155522
150813 155524
150793 155565
150677 155567
150649 155575
150639 155594
150603 155622
150469 155641
150349 155645
150343 155662
150323 155678
150275 155692
150265 155698
150171 155700
150132 155704
150122 155712
150105 155723
150101 155730
150097 155737
150072 155745
150008 155766
149917 155777
149915 155780
149910 155800
149816 155815
149710 155816
149703 155819
149684 155832
149682 155834
149633 155839
149628 155853
149609 155854
149574 155858
149556 155867
149535 155869
149522 155876
149496 155880
149488 155885
149466 155893
149462 155908
149436 155909
149430 155921
149368 155943
149257 155949
149247 155955
149240 155978
149083 155980
149076 155982
149061 155989
149040 155994
149036 155995
149017 156002
148997 156003
148977 156005
148968 156006
148966 156009
148951 156017
148919 156025
148889 156039
148872 156044
148855 156059
148823 156080
148728 156082
148685 156095
148659 156096
148630 156098
148587 156099
148566 156104
148564 156127
148517 156151
148507 156157
148423 156166
148363 156172
148343 156173
148289 156185
148264 156189
148260 156198
148203 156209
148159 156222
148132 156226
148045 156234
148034 156238
148021 156252
148011 156258
147939 156265
147929 156268
147921 156274
147872 156286
147819 156302
147737 156321
147730 156344
147569 156349
147520 156361
147490 156362
147480 156369
147476 156374
147456 156375
147447 156381
147426 156396
147382 156409
147373 156410
147355 156413
147342 156420
147282 156452
147161 156484
146976 156496
146846 156521
146786 156553
146693 156571
146420 156574
146361 156577
146353 156591
146318 156598
146301 156609
146293 156623
146204 156643
146064 156647
146034 156651
146027 156664
145955 156674
145920 156696
145860 156728
145556 156734
145536 156735
145401 156746
145344 156768
145329 156775
145155 156777
145126 156781
145117 156782
145109 156787
145095 156809
144939 156812
144832 156818
144762 156819
144761 156824
144752 156843
144729 156858
144529 156868
144346 156875
144312 156876
144295 156902
144207 156903
144177 156926
144028 156929
143815 156943
143720 156954
143691 156960
143664 156967
143546 156968
143457 156994
143200 156996
143160 157005
143089 157009
143060 157011
143037 157014
142909 157017
142892 157021
142878 157024
142852 157030
142695 157036
142673 157042
142598 157045
142595 157055
142506 157059
142484 157063
142468 157068
142405 157073
142374 157082
142291 157087
142160 157093
142146 157095
142106 157104
141932 157106
141926 157108
141909 157121
141807 157126
141798 157129
141709 157131
141637 157141
141539 157142
141499 157151
141454 157153
141376 157155
141256 157163
141226 157166
141186 157175
141178 157176
141059 157180
140989 157192
140878 157200
140870 157201
140697 157216
140535 157217
140517 157219
140496 157223
140431 157225
140362 157229
140234 157242
140188 157248
140123 157250
139971 157258
139948 157273
139663 157276
139578 157294
139433 157302
139235 157307
139136 157317
138993 157318
138991 157325
138927 157332
138782 157340
138692 157347
138513 157373
138403 157375
137887 157389
137592 157390
137580 157391
137578 157399
137545 157402
137435 157408
137141 157409
137126 157411
137103 157425
136923 157429
136878 157438
136682 157442
136588 157454
136215 157455
135962 157470
135787 157477
135635 157493
134882 157501
134859 157516
134256 157517
132449 157520
