100
0 1 79 37
0 2 40 67
0 3 61 34
0 4 64 27
0 5 34 57
0 6 7 38
0 7 19 77
0 8 0 86
0 9 85 63
0 10 1 48
0 11 23 44
0 12 40 15
0 13 80 61
0 14 13 77
0 15 62 60
0 16 73 76
0 17 22 51
0 18 75 79
0 19 41 62
0 20 93 11
0 21 21 55
0 22 48 76
0 23 40 89
0 24 84 77
0 25 35 47
0 26 67 27
0 27 45 52
0 28 56 71
0 29 44 12
0 30 72 61
0 31 46 48
0 32 46 46
0 33 12 18
0 34 6 97
0 35 92 65
0 36 6 97
0 37 55 26
0 38 58 12
0 39 15 30
0 40 13 43
0 41 52 39
0 42 56 75
0 43 67 28
0 44 65 51
0 45 62 42
0 46 23 87
0 47 21 93
0 48 76 18
0 49 66 79
0 50 32 25
0 51 68 44
0 52 94 6
0 53 60 79
0 54 6 90
0 55 18 26
0 56 30 24
0 57 10 69
0 58 5 75
0 59 70 17
0 60 52 54
0 61 21 58
0 62 25 77
0 63 10 87
0 64 90 18
0 65 70 44
0 66 44 80
0 67 18 81
0 68 48 37
0 69 90 15
0 70 61 34
0 71 75 72
0 72 82 43
0 73 39 88
0 74 15 21
0 75 73 43
0 76 76 65
0 77 50 46
0 78 14 85
0 79 45 52
0 80 12 22
0 81 45 88
0 82 15 67
0 83 15 29
0 84 6 58
0 85 96 38
0 86 1 81
0 87 52 40
0 88 61 62
0 89 31 36
0 90 34 48
0 91 22 34
0 92 16 88
0 93 41 69
0 94 10 48
0 95 11 88
0 96 16 53
0 97 70 10
0 98 91 74
0 99 28 63
1 2 71 75
1 3 82 72
1 4 36 87
1 5 15 63
1 6 59 68
1 7 84 76
1 8 62 40
1 9 70 46
1 10 58 68
1 11 41 63
1 12 63 63
1 13 38 83
1 14 10 69
1 15 96 31
1 16 11 67
1 17 62 63
1 18 46 21
1 19 62 17
1 20 64 74
1 21 14 93
1 22 43 85
1 23 84 18
1 24 61 77
1 25 89 41
1 26 11 93
1 27 37 28
1 28 77 82
1 29 50 10
1 30 24 29
1 31 93 14
1 32 84 29
1 33 68 29
1 34 30 77
1 35 3 87
1 36 5 97
1 37 93 74
1 38 54 42
1 39 49 55
1 40 49 80
1 41 12 77
1 42 80 72
1 43 15 86
1 44 56 32
1 45 14 19
1 46 85 18
1 47 80 70
1 48 64 66
1 49 81 75
1 50 95 26
1 51 70 10
1 52 21 46
1 53 92 31
1 54 66 70
1 55 5 97
1 56 99 55
1 57 61 77
1 58 26 81
1 59 74 42
1 60 54 87
1 61 91 1
1 62 79 10
1 63 1 92
1 64 26 69
1 65 85 46
1 66 82 68
1 67 21 95
1 68 96 80
1 69 61 15
1 70 68 69
1 71 65 44
1 72 65 17
1 73 48 64
1 74 30 79
1 75 68 84
1 76 76 56
1 77 40 60
1 78 39 68
1 79 38 66
1 80 19 89
1 81 77 34
1 82 82 60
1 83 56 23
1 84 92 45
1 85 55 31
1 86 51 72
1 87 79 6
1 88 1 69
1 89 43 43
1 90 79 11
1 91 63 50
1 92 87 41
1 93 31 70
1 94 94 46
1 95 4 37
1 96 46 78
1 97 4 48
1 98 97 31
1 99 22 32
2 3 40 56
2 4 22 72
2 5 31 76
2 6 33 42
2 7 76 80
2 8 90 44
2 9 45 20
2 10 15 66
2 11 42 22
2 12 65 20
2 13 22 70
2 14 33 24
2 15 76 83
2 16 32 33
2 17 59 8
2 18 47 71
2 19 53 27
2 20 28 77
2 21 52 25
2 22 24 88
2 23 90 60
2 24 28 40
2 25 1 80
2 26 97 41
2 27 48 37
2 28 47 70
2 29 1 54
2 30 54 86
2 31 12 51
2 32 72 44
2 33 55 53
2 34 2 81
2 35 36 83
2 36 89 54
2 37 92 24
2 38 23 53
2 39 73 52
2 40 87 66
2 41 80 66
2 42 95 10
2 43 98 5
2 44 10 68
2 45 66 72
2 46 43 50
2 47 73 10
2 48 16 48
2 49 19 78
2 50 37 34
2 51 97 22
2 52 52 41
2 53 28 34
2 54 15 90
2 55 40 73
2 56 5 63
2 57 7 83
2 58 94 56
2 59 15 92
2 60 70 55
2 61 14 40
2 62 60 70
2 63 80 16
2 64 31 89
2 65 14 88
2 66 67 42
2 67 79 38
2 68 42 66
2 69 80 75
2 70 68 23
2 71 93 27
2 72 36 27
2 73 92 49
2 74 59 10
2 75 48 52
2 76 26 44
2 77 36 32
2 78 51 21
2 79 88 39
2 80 67 52
2 81 25 40
2 82 58 55
2 83 21 23
2 84 41 22
2 85 35 20
2 86 41 28
2 87 65 52
2 88 16 52
2 89 87 78
2 90 95 56
2 91 10 26
2 92 46 27
2 93 63 36
2 94 43 74
2 95 17 41
2 96 0 77
2 97 58 14
2 98 72 76
2 99 84 18
3 4 74 40
3 5 12 92
3 6 92 32
3 7 50 18
3 8 78 13
3 9 36 56
3 10 73 11
3 11 15 66
3 12 0 92
3 13 78 54
3 14 40 25
3 15 51 56
3 16 39 46
3 17 61 77
3 18 40 20
3 19 17 56
3 20 27 63
3 21 11 59
3 22 35 29
3 23 16 18
3 24 42 55
3 25 7 44
3 26 23 76
3 27 37 61
3 28 11 30
3 29 90 21
3 30 90 45
3 31 14 24
3 32 18 34
3 33 76 42
3 34 72 83
3 35 81 59
3 36 16 47
3 37 69 19
3 38 91 62
3 39 60 25
3 40 12 91
3 41 21 65
3 42 2 58
3 43 55 10
3 44 60 35
3 45 56 18
3 46 96 24
3 47 18 74
3 48 85 67
3 49 38 79
3 50 92 66
3 51 77 14
3 52 2 57
3 53 5 55
3 54 1 24
3 55 32 72
3 56 7 48
3 57 48 78
3 58 94 37
3 59 56 46
3 60 23 62
3 61 87 62
3 62 62 81
3 63 66 17
3 64 76 54
3 65 64 59
3 66 12 70
3 67 36 31
3 68 6 83
3 69 13 54
3 70 19 38
3 71 36 28
3 72 86 11
3 73 70 45
3 74 44 40
3 75 68 79
3 76 98 59
3 77 31 77
3 78 86 70
3 79 47 37
3 80 53 57
3 81 97 2
3 82 57 35
3 83 35 38
3 84 37 45
3 85 63 72
3 86 47 43
3 87 94 36
3 88 55 44
3 89 24 64
3 90 56 26
3 91 77 54
3 92 72 77
3 93 5 61
3 94 43 81
3 95 60 53
3 96 22 75
3 97 40 59
3 98 51 20
3 99 61 17
4 5 84 30
4 6 40 86
4 7 65 7
4 8 46 68
4 9 52 61
4 10 28 85
4 11 41 80
4 12 92 66
4 13 10 54
4 14 84 12
4 15 60 49
4 16 92 44
4 17 78 10
4 18 75 71
4 19 20 93
4 20 49 18
4 21 26 19
4 22 98 54
4 23 59 33
4 24 67 46
4 25 44 70
4 26 48 64
4 27 56 84
4 28 41 87
4 29 9 74
4 30 1 68
4 31 80 61
4 32 67 69
4 33 3 92
4 34 41 14
4 35 41 76
4 36 89 51
4 37 25 80
4 38 15 89
4 39 4 66
4 40 46 52
4 41 67 52
4 42 11 67
4 43 69 84
4 44 52 62
4 45 45 57
4 46 8 77
4 47 32 39
4 48 97 66
4 49 78 45
4 50 95 23
4 51 99 66
4 52 14 78
4 53 40 32
4 54 36 20
4 55 69 23
4 56 85 51
4 57 32 58
4 58 66 39
4 59 31 64
4 60 34 86
4 61 78 41
4 62 43 33
4 63 98 20
4 64 45 54
4 65 27 49
4 66 85 52
4 67 7 86
4 68 19 51
4 69 37 65
4 70 66 26
4 71 50 76
4 72 58 86
4 73 2 86
4 74 52 79
4 75 60 68
4 76 72 50
4 77 96 37
4 78 66 18
4 79 78 69
4 80 12 93
4 81 62 9
4 82 28 36
4 83 25 18
4 84 92 7
4 85 67 49
4 86 18 51
4 87 31 63
4 88 39 75
4 89 9 70
4 90 71 18
4 91 60 25
4 92 56 48
4 93 0 40
4 94 92 21
4 95 78 48
4 96 84 60
4 97 97 11
4 98 22 83
4 99 81 61
5 6 11 70
5 7 78 76
5 8 33 77
5 9 33 78
5 10 82 19
5 11 32 44
5 12 42 49
5 13 85 36
5 14 58 20
5 15 27 67
5 16 71 19
5 17 3 36
5 18 84 39
5 19 43 74
5 20 6 57
5 21 66 36
5 22 88 55
5 23 92 55
5 24 9 32
5 25 79 15
5 26 10 94
5 27 75 8
5 28 33 44
5 29 41 16
5 30 0 45
5 31 3 52
5 32 28 38
5 33 60 28
5 34 96 46
5 35 59 51
5 36 31 83
5 37 23 72
5 38 13 95
5 39 35 15
5 40 23 16
5 41 60 21
5 42 78 54
5 43 19 25
5 44 68 61
5 45 84 12
5 46 93 52
5 47 68 68
5 48 12 63
5 49 8 51
5 50 1 67
5 51 99 50
5 52 65 22
5 53 91 63
5 54 67 64
5 55 4 98
5 56 81 11
5 57 9 23
5 58 63 49
5 59 78 69
5 60 95 57
5 61 14 23
5 62 40 52
5 63 0 75
5 64 54 67
5 65 0 74
5 66 98 32
5 67 78 14
5 68 65 31
5 69 72 41
5 70 34 87
5 71 77 20
5 72 60 47
5 73 62 34
5 74 2 72
5 75 48 63
5 76 85 50
5 77 6 63
5 78 79 71
5 79 17 58
5 80 29 39
5 81 16 23
5 82 77 17
5 83 78 22
5 84 10 19
5 85 42 67
5 86 76 76
5 87 94 1
5 88 5 92
5 89 74 29
5 90 78 56
5 91 14 17
5 92 96 29
5 93 65 54
5 94 20 61
5 95 17 34
5 96 56 15
5 97 35 45
5 98 34 65
5 99 17 81
6 7 57 38
6 8 87 43
6 9 86 65
6 10 14 21
6 11 33 66
6 12 46 43
6 13 2 27
6 14 85 28
6 15 3 98
6 16 34 66
6 17 98 21
6 18 22 86
6 19 25 53
6 20 81 5
6 21 71 48
6 22 3 44
6 23 22 46
6 24 2 42
6 25 38 12
6 26 36 23
6 27 70 47
6 28 18 46
6 29 96 29
6 30 0 40
6 31 95 41
6 32 2 58
6 33 38 54
6 34 60 84
6 35 4 92
6 36 4 55
6 37 78 31
6 38 82 75
6 39 6 79
6 40 34 54
6 41 83 31
6 42 85 20
6 43 87 45
6 44 92 65
6 45 85 64
6 46 68 13
6 47 77 12
6 48 10 96
6 49 89 46
6 50 40 61
6 51 44 37
6 52 73 27
6 53 30 91
6 54 38 54
6 55 99 47
6 56 52 64
6 57 33 39
6 58 12 63
6 59 8 58
6 60 18 65
6 61 42 62
6 62 75 37
6 63 20 94
6 64 14 83
6 65 18 47
6 66 38 33
6 67 76 24
6 68 12 32
6 69 27 80
6 70 29 58
6 71 52 89
6 72 79 68
6 73 96 18
6 74 92 76
6 75 58 40
6 76 81 42
6 77 28 46
6 78 77 64
6 79 41 16
6 80 7 76
6 81 17 74
6 82 17 48
6 83 79 50
6 84 34 64
6 85 22 32
6 86 42 61
6 87 45 23
6 88 66 36
6 89 16 52
6 90 4 49
6 91 49 14
6 92 94 27
6 93 15 87
6 94 32 49
6 95 60 46
6 96 17 24
6 97 41 84
6 98 10 83
6 99 36 18
7 8 45 56
7 9 69 21
7 10 58 58
7 11 92 13
7 12 68 26
7 13 79 64
7 14 84 5
7 15 63 13
7 16 45 34
7 17 8 52
7 18 94 4
7 19 8 66
7 20 70 63
7 21 97 7
7 22 67 25
7 23 16 22
7 24 67 32
7 25 62 57
7 26 47 39
7 27 88 68
7 28 2 78
7 29 95 40
7 30 15 51
7 31 58 41
7 32 40 16
7 33 93 57
7 34 78 74
7 35 12 27
7 36 38 44
7 37 65 76
7 38 30 62
7 39 79 12
7 40 81 41
7 41 94 53
7 42 10 66
7 43 98 28
7 44 38 49
7 45 15 38
7 46 91 54
7 47 11 60
7 48 86 8
7 49 8 81
7 50 87 24
7 51 92 78
7 52 22 87
7 53 44 26
7 54 75 53
7 55 82 6
7 56 28 55
7 57 60 15
7 58 67 81
7 59 52 19
7 60 9 40
7 61 55 51
7 62 48 82
7 63 29 74
7 64 90 66
7 65 11 92
7 66 4 60
7 67 8 71
7 68 88 61
7 69 76 73
7 70 51 16
7 71 95 75
7 72 1 54
7 73 80 77
7 74 31 66
7 75 93 66
7 76 80 52
7 77 84 27
7 78 17 45
7 79 65 73
7 80 37 58
7 81 20 48
7 82 6 87
7 83 19 34
7 84 4 48
7 85 36 56
7 86 97 2
7 87 18 92
7 88 58 78
7 89 85 28
7 90 52 30
7 91 67 68
7 92 87 67
7 93 59 69
7 94 12 27
7 95 38 16
7 96 46 84
7 97 42 76
7 98 34 29
7 99 9 49
8 9 45 42
8 10 93 57
8 11 48 76
8 12 11 52
8 13 64 72
8 14 38 32
8 15 27 67
8 16 10 43
8 17 73 6
8 18 32 71
8 19 53 31
8 20 74 49
8 21 14 83
8 22 81 11
8 23 94 43
8 24 57 76
8 25 6 91
8 26 39 37
8 27 76 35
8 28 73 36
8 29 18 29
8 30 62 48
8 31 74 81
8 32 41 87
8 33 21 76
8 34 28 75
8 35 99 72
8 36 81 51
8 37 17 69
8 38 41 20
8 39 63 78
8 40 29 74
8 41 33 37
8 42 23 58
8 43 11 28
8 44 62 9
8 45 15 48
8 46 95 5
8 47 15 44
8 48 48 30
8 49 27 20
8 50 4 92
8 51 56 26
8 52 95 69
8 53 4 61
8 54 77 72
8 55 71 32
8 56 92 10
8 57 80 27
8 58 11 74
8 59 60 44
8 60 44 49
8 61 26 67
8 62 82 9
8 63 53 30
8 64 60 77
8 65 31 60
8 66 65 25
8 67 44 48
8 68 84 47
8 69 27 70
8 70 35 22
8 71 38 78
8 72 70 25
8 73 54 66
8 74 1 64
8 75 75 65
8 76 92 74
8 77 45 13
8 78 53 42
8 79 63 46
8 80 3 47
8 81 78 77
8 82 43 43
8 83 95 45
8 84 38 77
8 85 49 32
8 86 0 22
8 87 82 9
8 88 76 69
8 89 94 14
8 90 95 42
8 91 24 21
8 92 8 71
8 93 28 68
8 94 40 68
8 95 2 68
8 96 47 88
8 97 39 46
8 98 24 89
8 99 86 34
9 10 52 73
9 11 57 18
9 12 41 66
9 13 73 82
9 14 9 23
9 15 50 37
9 16 72 76
9 17 67 44
9 18 81 47
9 19 67 49
9 20 88 41
9 21 47 59
9 22 23 75
9 23 60 44
9 24 53 47
9 25 40 54
9 26 72 24
9 27 49 34
9 28 54 69
9 29 63 27
9 30 71 6
9 31 73 47
9 32 96 18
9 33 47 81
9 34 56 44
9 35 62 84
9 36 68 27
9 37 20 83
9 38 60 77
9 39 10 40
9 40 59 49
9 41 58 51
9 42 65 62
9 43 21 43
9 44 99 10
9 45 10 81
9 46 2 65
9 47 50 40
9 48 19 89
9 49 92 37
9 50 36 54
9 51 38 81
9 52 47 34
9 53 87 20
9 54 17 46
9 55 91 65
9 56 49 74
9 57 65 79
9 58 87 16
9 59 72 68
9 60 81 47
9 61 85 34
9 62 60 8
9 63 0 98
9 64 55 87
9 65 81 41
9 66 40 44
9 67 0 92
9 68 81 68
9 69 45 65
9 70 2 40
9 71 12 96
9 72 33 15
9 73 32 85
9 74 30 21
9 75 26 25
9 76 32 59
9 77 51 58
9 78 32 59
9 79 95 73
9 80 32 41
9 81 81 18
9 82 79 67
9 83 74 66
9 84 53 50
9 85 33 66
9 86 5 61
9 87 19 86
9 88 40 39
9 89 56 60
9 90 38 64
9 91 69 28
9 92 33 16
9 93 91 69
9 94 43 83
9 95 46 44
9 96 80 9
9 97 85 40
9 98 62 70
9 99 93 44
10 11 22 90
10 12 53 69
10 13 97 3
10 14 89 45
10 15 59 78
10 16 39 83
10 17 55 13
10 18 41 57
10 19 46 84
10 20 5 62
10 21 11 86
10 22 99 37
10 23 49 79
10 24 41 39
10 25 49 63
10 26 26 22
10 27 5 54
10 28 92 32
10 29 7 18
10 30 91 69
10 31 99 64
10 32 72 42
10 33 78 24
10 34 50 17
10 35 81 73
10 36 15 59
10 37 96 78
10 38 6 49
10 39 29 14
10 40 29 22
10 41 99 11
10 42 60 22
10 43 67 48
10 44 16 21
10 45 98 48
10 46 71 77
10 47 77 62
10 48 70 45
10 49 92 67
10 50 90 33
10 51 69 15
10 52 41 53
10 53 6 54
10 54 11 84
10 55 0 61
10 56 22 32
10 57 2 62
10 58 46 76
10 59 47 70
10 60 12 30
10 61 34 20
10 62 10 34
10 63 15 56
10 64 25 78
10 65 92 34
10 66 97 21
10 67 55 27
10 68 64 34
10 69 29 54
10 70 79 18
10 71 46 12
10 72 28 27
10 73 86 61
10 74 86 58
10 75 46 38
10 76 63 65
10 77 10 32
10 78 64 36
10 79 96 25
10 80 98 64
10 81 61 55
10 82 56 83
10 83 24 83
10 84 71 13
10 85 10 25
10 86 41 83
10 87 87 56
10 88 50 71
10 89 76 46
10 90 13 69
10 91 74 47
10 92 92 45
10 93 79 4
10 94 50 80
10 95 30 14
10 96 11 23
10 97 92 74
10 98 28 36
10 99 83 42
11 12 86 66
11 13 18 25
11 14 24 34
11 15 34 72
11 16 33 45
11 17 9 58
11 18 6 67
11 19 91 55
11 20 73 83
11 21 17 44
11 22 19 89
11 23 77 41
11 24 54 59
11 25 4 68
11 26 53 20
11 27 72 66
11 28 72 28
11 29 95 30
11 30 29 69
11 31 23 68
11 32 54 43
11 33 37 57
11 34 44 36
11 35 70 83
11 36 94 75
11 37 67 10
11 38 19 95
11 39 61 86
11 40 88 14
11 41 25 30
11 42 57 76
11 43 70 23
11 44 82 4
11 45 18 38
11 46 13 40
11 47 0 65
11 48 89 64
11 49 87 3
11 50 85 17
11 51 55 71
11 52 16 58
11 53 86 78
11 54 43 58
11 55 41 58
11 56 84 47
11 57 27 25
11 58 40 73
11 59 97 79
11 60 93 29
11 61 58 13
11 62 15 96
11 63 19 22
11 64 8 79
11 65 25 39
11 66 43 66
11 67 55 33
11 68 28 65
11 69 83 45
11 70 81 15
11 71 10 93
11 72 96 50
11 73 96 22
11 74 80 47
11 75 32 59
11 76 71 47
11 77 8 67
11 78 47 83
11 79 75 59
11 80 82 78
11 81 51 87
11 82 40 60
11 83 64 73
11 84 8 50
11 85 18 17
11 86 33 45
11 87 38 13
11 88 61 46
11 89 43 13
11 90 80 17
11 91 67 27
11 92 63 36
11 93 83 42
11 94 49 72
11 95 67 29
11 96 63 45
11 97 83 14
11 98 79 78
11 99 83 74
12 13 76 23
12 14 42 20
12 15 90 59
12 16 16 86
12 17 17 61
12 18 73 73
12 19 17 80
12 20 20 92
12 21 91 9
12 22 78 50
12 23 56 36
12 24 7 63
12 25 85 66
12 26 28 19
12 27 2 33
12 28 14 61
12 29 84 51
12 30 45 56
12 31 35 87
12 32 17 39
12 33 32 23
12 34 63 67
12 35 75 38
12 36 33 91
12 37 21 93
12 38 87 69
12 39 98 17
12 40 18 82
12 41 32 26
12 42 17 74
12 43 59 80
12 44 33 63
12 45 82 64
12 46 97 44
12 47 93 69
12 48 89 24
12 49 56 49
12 50 13 54
12 51 79 62
12 52 45 51
12 53 91 77
12 54 72 62
12 55 96 69
12 56 49 36
12 57 60 40
12 58 29 18
12 59 73 22
12 60 75 26
12 61 81 16
12 62 26 52
12 63 28 53
12 64 18 69
12 65 61 28
12 66 33 29
12 67 66 20
12 68 84 66
12 69 73 41
12 70 31 23
12 71 77 36
12 72 44 54
12 73 49 86
12 74 52 32
12 75 85 80
12 76 33 90
12 77 92 20
12 78 56 31
12 79 15 53
12 80 26 73
12 81 1 87
12 82 20 49
12 83 29 16
12 84 19 91
12 85 63 29
12 86 56 35
12 87 50 13
12 88 4 46
12 89 48 68
12 90 55 85
12 91 2 66
12 92 70 11
12 93 87 44
12 94 79 74
12 95 67 59
12 96 11 66
12 97 44 49
12 98 35 35
12 99 66 86
13 14 12 89
13 15 5 34
13 16 22 81
13 17 7 20
13 18 11 38
13 19 87 68
13 20 19 70
13 21 41 28
13 22 46 85
13 23 90 17
13 24 89 78
13 25 68 36
13 26 28 65
13 27 92 49
13 28 88 5
13 29 37 64
13 30 1 91
13 31 37 81
13 32 95 40
13 33 81 82
13 34 42 48
13 35 34 61
13 36 59 71
13 37 88 42
13 38 7 81
13 39 98 40
13 40 27 79
13 41 5 85
13 42 77 37
13 43 79 67
13 44 77 8
13 45 84 78
13 46 6 65
13 47 63 61
13 48 65 65
13 49 22 18
13 50 22 71
13 51 85 33
13 52 52 51
13 53 71 18
13 54 30 24
13 55 21 60
13 56 9 53
13 57 26 93
13 58 63 10
13 59 9 92
13 60 1 56
13 61 40 38
13 62 65 62
13 63 69 54
13 64 37 19
13 65 9 46
13 66 21 88
13 67 32 13
13 68 30 86
13 69 23 21
13 70 10 53
13 71 18 46
13 72 52 84
13 73 91 31
13 74 13 94
13 75 97 8
13 76 27 23
13 77 9 59
13 78 8 21
13 79 89 77
13 80 73 10
13 81 84 53
13 82 7 70
13 83 96 42
13 84 21 49
13 85 13 43
13 86 93 71
13 87 72 25
13 88 75 22
13 89 67 12
13 90 55 58
13 91 42 19
13 92 67 83
13 93 97 78
13 94 1 63
13 95 15 47
13 96 50 74
13 97 27 49
13 98 78 16
13 99 33 45
14 15 17 40
14 16 40 70
14 17 21 31
14 18 14 84
14 19 8 97
14 20 18 73
14 21 41 19
14 22 3 23
14 23 15 26
14 24 86 53
14 25 5 44
14 26 45 15
14 27 90 39
14 28 49 58
14 29 18 40
14 30 17 27
14 31 60 25
14 32 40 25
14 33 29 32
14 34 4 89
14 35 33 60
14 36 69 7
14 37 57 88
14 38 63 40
14 39 85 59
14 40 24 20
14 41 95 12
14 42 50 73
14 43 16 82
14 44 70 23
14 45 47 71
14 46 64 9
14 47 61 57
14 48 61 44
14 49 78 47
14 50 20 45
14 51 6 56
14 52 77 35
14 53 37 23
14 54 2 69
14 55 58 43
14 56 10 30
14 57 4 26
14 58 30 77
14 59 38 61
14 60 46 54
14 61 73 8
14 62 78 54
14 63 2 29
14 64 74 84
14 65 99 13
14 66 10 57
14 67 78 82
14 68 60 69
14 69 19 91
14 70 41 33
14 71 50 46
14 72 42 32
14 73 68 36
14 74 44 49
14 75 42 68
14 76 8 22
14 77 8 75
14 78 4 48
14 79 57 29
14 80 46 57
14 81 91 64
14 82 99 71
14 83 47 50
14 84 71 6
14 85 76 7
14 86 18 96
14 87 8 24
14 88 52 36
14 89 79 4
14 90 27 57
14 91 43 77
14 92 1 86
14 93 79 29
14 94 80 23
14 95 76 41
14 96 69 75
14 97 69 26
14 98 54 59
14 99 86 18
15 16 85 25
15 17 91 34
15 18 57 12
15 19 25 50
15 20 62 48
15 21 15 28
15 22 24 31
15 23 98 18
15 24 46 51
15 25 72 34
15 26 33 86
15 27 77 12
15 28 94 8
15 29 85 19
15 30 96 48
15 31 0 37
15 32 72 70
15 33 31 39
15 34 85 69
15 35 87 9
15 36 15 23
15 37 98 9
15 38 78 55
15 39 59 49
15 40 18 39
15 41 37 90
15 42 93 12
15 43 54 68
15 44 90 13
15 45 56 75
15 46 38 14
15 47 22 55
15 48 98 39
15 49 25 19
15 50 27 82
15 51 69 24
15 52 64 43
15 53 37 90
15 54 86 69
15 55 57 37
15 56 23 56
15 57 18 87
15 58 19 43
15 59 21 73
15 60 9 87
15 61 79 26
15 62 32 55
15 63 40 43
15 64 36 64
15 65 4 21
15 66 32 14
15 67 36 43
15 68 14 75
15 69 46 88
15 70 90 12
15 71 64 54
15 72 7 46
15 73 12 26
15 74 34 48
15 75 63 46
15 76 57 41
15 77 54 28
15 78 77 42
15 79 24 86
15 80 19 30
15 81 92 52
15 82 11 66
15 83 40 28
15 84 17 43
15 85 29 49
15 86 32 61
15 87 49 76
15 88 1 48
15 89 5 73
15 90 85 29
15 91 48 89
15 92 74 71
15 93 97 60
15 94 56 74
15 95 89 60
15 96 0 26
15 97 20 86
15 98 87 60
15 99 16 41
16 17 52 70
16 18 87 66
16 19 84 12
16 20 50 36
16 21 0 63
16 22 65 41
16 23 11 77
16 24 94 55
16 25 70 36
16 26 16 63
16 27 55 87
16 28 8 67
16 29 67 56
16 30 42 61
16 31 76 12
16 32 84 32
16 33 97 68
16 34 47 65
16 35 84 6
16 36 8 34
16 37 26 21
16 38 23 92
16 39 47 85
16 40 72 58
16 41 97 71
16 42 77 9
16 43 2 55
16 44 73 34
16 45 10 64
16 46 1 51
16 47 61 16
16 48 45 32
16 49 38 84
16 50 25 31
16 51 57 53
16 52 34 32
16 53 22 20
16 54 32 81
16 55 60 33
16 56 75 50
16 57 95 34
16 58 73 61
16 59 20 50
16 60 1 82
16 61 59 87
16 62 71 53
16 63 22 39
16 64 8 43
16 65 77 27
16 66 15 77
16 67 28 62
16 68 43 65
16 69 83 8
16 70 96 13
16 71 53 50
16 72 53 79
16 73 72 73
16 74 13 96
16 75 50 84
16 76 93 61
16 77 43 55
16 78 63 29
16 79 97 1
16 80 85 64
16 81 51 77
16 82 55 26
16 83 32 79
16 84 3 26
16 85 2 28
16 86 89 6
16 87 41 63
16 88 52 45
16 89 96 71
16 90 95 24
16 91 48 73
16 92 17 45
16 93 73 73
16 94 38 62
16 95 21 69
16 96 99 53
16 97 88 11
16 98 17 22
16 99 28 18
17 18 5 90
17 19 45 42
17 20 3 52
17 21 30 35
17 22 0 28
17 23 26 48
17 24 60 63
17 25 94 42
17 26 71 37
17 27 56 62
17 28 45 68
17 29 23 54
17 30 43 82
17 31 60 36
17 32 7 64
17 33 86 52
17 34 0 46
17 35 39 63
17 36 43 34
17 37 64 12
17 38 99 53
17 39 44 61
17 40 47 59
17 41 26 34
17 42 54 17
17 43 69 59
17 44 93 60
17 45 25 32
17 46 54 63
17 47 97 68
17 48 83 64
17 49 16 34
17 50 43 49
17 51 66 41
17 52 17 45
17 53 96 28
17 54 28 67
17 55 75 74
17 56 30 78
17 57 65 42
17 58 36 77
17 59 89 64
17 60 45 90
17 61 50 77
17 62 62 83
17 63 90 75
17 64 20 83
17 65 52 81
17 66 28 72
17 67 88 45
17 68 99 61
17 69 61 53
17 70 17 64
17 71 16 94
17 72 83 9
17 73 74 72
17 74 57 82
17 75 26 25
17 76 5 96
17 77 49 82
17 78 57 49
17 79 10 63
17 80 25 25
17 81 46 18
17 82 39 31
17 83 23 60
17 84 92 3
17 85 76 56
17 86 50 13
17 87 44 68
17 88 25 17
17 89 28 51
17 90 42 36
17 91 15 23
17 92 95 46
17 93 46 57
17 94 59 80
17 95 53 21
17 96 82 69
17 97 73 42
17 98 16 60
17 99 11 49
18 19 18 79
18 20 56 32
18 21 39 78
18 22 52 54
18 23 70 24
18 24 51 22
18 25 20 70
18 26 84 23
18 27 92 76
18 28 0 39
18 29 20 79
18 30 78 77
18 31 19 56
18 32 84 16
18 33 97 77
18 34 49 77
18 35 18 67
18 36 54 73
18 37 3 64
18 38 89 71
18 39 41 29
18 40 1 22
18 41 84 70
18 42 86 81
18 43 53 10
18 44 44 32
18 45 13 49
18 46 41 21
18 47 3 68
18 48 16 85
18 49 90 59
18 50 45 87
18 51 38 28
18 52 6 54
18 53 4 82
18 54 1 83
18 55 48 80
18 56 67 27
18 57 42 60
18 58 65 82
18 59 38 13
18 60 81 41
18 61 72 85
18 62 30 85
18 63 41 56
18 64 1 96
18 65 59 81
18 66 35 46
18 67 82 21
18 68 6 61
18 69 95 20
18 70 92 24
18 71 98 67
18 72 97 41
18 73 76 61
18 74 90 8
18 75 81 14
18 76 64 35
18 77 81 54
18 78 35 90
18 79 43 12
18 80 94 8
18 81 36 36
18 82 5 70
18 83 9 81
18 84 51 14
18 85 35 84
18 86 7 56
18 87 35 58
18 88 63 58
18 89 57 33
18 90 53 32
18 91 36 35
18 92 75 61
18 93 3 66
18 94 61 81
18 95 50 37
18 96 29 36
18 97 34 38
18 98 48 76
18 99 76 30
19 20 14 55
19 21 56 51
19 22 0 65
19 23 42 39
19 24 60 87
19 25 45 52
19 26 76 50
19 27 20 31
19 28 56 19
19 29 22 39
19 30 58 73
19 31 62 39
19 32 68 68
19 33 82 6
19 34 13 93
19 35 12 73
19 36 16 49
19 37 31 40
19 38 92 3
19 39 65 34
19 40 6 92
19 41 69 83
19 42 90 43
19 43 44 73
19 44 36 79
19 45 27 64
19 46 66 22
19 47 85 49
19 48 17 67
19 49 11 33
19 50 42 73
19 51 27 58
19 52 21 68
19 53 24 40
19 54 79 66
19 55 47 84
19 56 73 31
19 57 33 48
19 58 49 83
19 59 76 36
19 60 37 26
19 61 92 10
19 62 1 92
19 63 33 64
19 64 70 51
19 65 25 65
19 66 11 59
19 67 44 78
19 68 56 68
19 69 40 35
19 70 61 77
19 71 26 39
19 72 4 67
19 73 85 53
19 74 14 51
19 75 28 34
19 76 54 72
19 77 58 48
19 78 25 91
19 79 74 69
19 80 14 83
19 81 90 67
19 82 27 29
19 83 47 88
19 84 75 5
19 85 90 53
19 86 39 24
19 87 98 19
19 88 98 78
19 89 90 72
19 90 50 41
19 91 15 94
19 92 79 71
19 93 43 39
19 94 38 49
19 95 38 47
19 96 65 17
19 97 33 16
19 98 86 28
19 99 80 22
20 21 57 14
20 22 79 47
20 23 72 69
20 24 41 28
20 25 72 32
20 26 79 5
20 27 92 40
20 28 65 45
20 29 56 46
20 30 91 80
20 31 44 36
20 32 30 91
20 33 39 39
20 34 0 55
20 35 59 60
20 36 92 5
20 37 90 46
20 38 91 69
20 39 95 45
20 40 99 53
20 41 95 46
20 42 32 83
20 43 27 51
20 44 59 80
20 45 71 55
20 46 3 38
20 47 92 69
20 48 4 37
20 49 72 83
20 50 83 54
20 51 17 57
20 52 32 49
20 53 6 36
20 54 13 57
20 55 93 38
20 56 18 54
20 57 70 83
20 58 39 81
20 59 93 60
20 60 88 32
20 61 15 94
20 62 19 94
20 63 28 43
20 64 84 49
20 65 85 73
20 66 92 25
20 67 97 1
20 68 90 65
20 69 64 10
20 70 12 53
20 71 36 70
20 72 29 59
20 73 25 19
20 74 51 79
20 75 67 24
20 76 43 73
20 77 83 53
20 78 81 58
20 79 39 68
20 80 31 40
20 81 41 35
20 82 86 69
20 83 99 49
20 84 86 17
20 85 61 12
20 86 17 54
20 87 73 37
20 88 0 49
20 89 36 14
20 90 76 76
20 91 8 19
20 92 48 31
20 93 16 64
20 94 39 34
20 95 2 44
20 96 90 12
20 97 95 78
20 98 15 94
20 99 42 37
21 22 38 49
21 23 16 48
21 24 14 64
21 25 60 54
21 26 79 43
21 27 25 36
21 28 62 43
21 29 36 71
21 30 30 19
21 31 24 78
21 32 59 44
21 33 65 19
21 34 84 12
21 35 2 98
21 36 18 80
21 37 19 45
21 38 66 14
21 39 76 32
21 40 24 94
21 41 10 55
21 42 69 66
21 43 79 37
21 44 47 87
21 45 22 68
21 46 21 35
21 47 83 6
21 48 9 97
21 49 90 58
21 50 22 49
21 51 20 50
21 52 26 26
21 53 78 81
21 54 94 40
21 55 87 47
21 56 19 38
21 57 69 83
21 58 62 44
21 59 60 47
21 60 2 66
21 61 17 38
21 62 30 70
21 63 0 67
21 64 93 58
21 65 95 5
21 66 8 34
21 67 51 53
21 68 44 22
21 69 52 39
21 70 52 49
21 71 69 7
21 72 14 64
21 73 55 55
21 74 74 50
21 75 16 18
21 76 5 97
21 77 64 73
21 78 74 45
21 79 46 12
21 80 71 9
21 81 71 47
21 82 67 26
21 83 84 80
21 84 2 46
21 85 14 83
21 86 8 61
21 87 4 60
21 88 72 62
21 89 72 32
21 90 66 77
21 91 57 12
21 92 61 40
21 93 10 58
21 94 4 82
21 95 36 39
21 96 2 64
21 97 11 35
21 98 15 86
21 99 57 64
22 23 91 10
22 24 68 11
22 25 58 73
22 26 76 55
22 27 77 8
22 28 35 80
22 29 68 68
22 30 80 24
22 31 36 58
22 32 11 37
22 33 51 70
22 34 29 59
22 35 16 70
22 36 80 71
22 37 6 56
22 38 96 72
22 39 65 24
22 40 21 73
22 41 69 27
22 42 82 46
22 43 32 78
22 44 86 9
22 45 99 65
22 46 34 60
22 47 3 38
22 48 8 50
22 49 87 19
22 50 42 21
22 51 86 54
22 52 33 16
22 53 42 47
22 54 4 37
22 55 87 49
22 56 49 73
22 57 68 42
22 58 19 33
22 59 40 78
22 60 98 0
22 61 73 45
22 62 1 93
22 63 94 39
22 64 3 62
22 65 57 52
22 66 74 64
22 67 33 89
22 68 43 67
22 69 98 71
22 70 64 70
22 71 62 57
22 72 63 57
22 73 48 77
22 74 51 43
22 75 58 68
22 76 68 60
22 77 16 21
22 78 6 34
22 79 46 21
22 80 23 21
22 81 81 71
22 82 6 80
22 83 31 68
22 84 99 32
22 85 15 80
22 86 65 16
22 87 0 69
22 88 87 36
22 89 47 52
22 90 20 31
22 91 5 89
22 92 74 68
22 93 29 19
22 94 65 20
22 95 84 41
22 96 44 46
22 97 19 42
22 98 43 25
22 99 58 31
23 24 64 30
23 25 24 45
23 26 2 64
23 27 60 35
23 28 46 70
23 29 13 91
23 30 17 22
23 31 28 20
23 32 62 17
23 33 26 58
23 34 67 73
23 35 9 46
23 36 32 27
23 37 44 63
23 38 75 19
23 39 26 86
23 40 11 41
23 41 96 32
23 42 82 25
23 43 56 59
23 44 66 76
23 45 33 71
23 46 62 55
23 47 27 33
23 48 59 61
23 49 23 43
23 50 3 42
23 51 43 84
23 52 64 12
23 53 8 51
23 54 35 47
23 55 8 66
23 56 53 24
23 57 72 27
23 58 26 52
23 59 60 84
23 60 90 77
23 61 31 20
23 62 13 81
23 63 98 2
23 64 14 94
23 65 28 65
23 66 49 59
23 67 10 76
23 68 55 60
23 69 59 33
23 70 50 31
23 71 38 52
23 72 21 48
23 73 81 62
23 74 74 41
23 75 68 78
23 76 95 42
23 77 17 57
23 78 63 37
23 79 92 37
23 80 29 88
23 81 75 8
23 82 75 41
23 83 94 30
23 84 40 75
23 85 49 57
23 86 29 65
23 87 34 33
23 88 36 61
23 89 61 70
23 90 71 28
23 91 56 22
23 92 46 54
23 93 56 33
23 94 83 27
23 95 42 54
23 96 61 18
23 97 90 64
23 98 38 51
23 99 61 64
24 25 18 60
24 26 60 69
24 27 25 25
24 28 35 17
24 29 72 62
24 30 10 38
24 31 19 23
24 32 93 60
24 33 50 28
24 34 53 42
24 35 95 18
24 36 5 39
24 37 59 11
24 38 33 18
24 39 21 82
24 40 64 83
24 41 11 27
24 42 92 62
24 43 41 25
24 44 93 24
24 45 12 72
24 46 67 9
24 47 17 85
24 48 7 23
24 49 95 71
24 50 62 77
24 51 53 11
24 52 30 56
24 53 81 71
24 54 48 16
24 55 91 79
24 56 28 49
24 57 20 21
24 58 93 2
24 59 81 32
24 60 58 57
24 61 34 40
24 62 28 42
24 63 35 81
24 64 4 56
24 65 88 63
24 66 83 16
24 67 94 1
24 68 81 59
24 69 78 14
24 70 6 29
24 71 30 43
24 72 60 50
24 73 90 70
24 74 61 14
24 75 66 81
24 76 18 48
24 77 85 13
24 78 84 50
24 79 24 74
24 80 99 53
24 81 71 67
24 82 96 39
24 83 4 94
24 84 75 13
24 85 59 70
24 86 47 43
24 87 68 75
24 88 41 56
24 89 60 58
24 90 7 78
24 91 41 52
24 92 95 46
24 93 99 33
24 94 88 74
24 95 67 51
24 96 23 30
24 97 41 90
24 98 15 49
24 99 27 29
25 26 54 46
25 27 3 49
25 28 4 73
25 29 17 35
25 30 34 34
25 31 16 17
25 32 29 14
25 33 91 68
25 34 90 11
25 35 8 77
25 36 72 55
25 37 80 25
25 38 4 34
25 39 40 20
25 40 94 8
25 41 40 30
25 42 38 71
25 43 37 17
25 44 5 74
25 45 82 35
25 46 30 75
25 47 56 11
25 48 2 45
25 49 63 9
25 50 41 87
25 51 23 55
25 52 77 61
25 53 26 24
25 54 13 18
25 55 53 37
25 56 73 58
25 57 27 61
25 58 20 53
25 59 54 34
25 60 49 25
25 61 38 41
25 62 40 39
25 63 81 72
25 64 56 56
25 65 53 69
25 66 82 47
25 67 15 67
25 68 33 70
25 69 41 41
25 70 78 64
25 71 40 90
25 72 68 55
25 73 99 69
25 74 72 29
25 75 92 65
25 76 42 71
25 77 51 21
25 78 77 48
25 79 20 58
25 80 46 70
25 81 96 53
25 82 92 18
25 83 15 81
25 84 89 51
25 85 29 69
25 86 88 56
25 87 39 31
25 88 10 18
25 89 21 21
25 90 27 75
25 91 76 20
25 92 9 43
25 93 65 42
25 94 27 30
25 95 50 89
25 96 88 75
25 97 25 48
25 98 75 33
25 99 73 70
26 27 58 65
26 28 11 50
26 29 72 10
26 30 8 86
26 31 20 73
26 32 79 63
26 33 79 27
26 34 61 76
26 35 78 50
26 36 8 26
26 37 70 74
26 38 13 41
26 39 31 60
26 40 18 80
26 41 89 29
26 42 33 74
26 43 82 68
26 44 22 16
26 45 95 37
26 46 10 20
26 47 90 27
26 48 62 11
26 49 1 52
26 50 19 77
26 51 80 40
26 52 11 40
26 53 64 69
26 54 27 41
26 55 25 19
26 56 34 32
26 57 26 20
26 58 62 34
26 59 53 44
26 60 70 49
26 61 22 93
26 62 30 59
26 63 73 51
26 64 30 70
26 65 63 71
26 66 51 12
26 67 3 53
26 68 88 81
26 69 20 22
26 70 31 17
26 71 39 21
26 72 34 82
26 73 48 36
26 74 65 56
26 75 6 43
26 76 67 11
26 77 59 23
26 78 73 45
26 79 72 82
26 80 56 27
26 81 46 65
26 82 22 76
26 83 95 24
26 84 30 29
26 85 54 30
26 86 93 73
26 87 80 35
26 88 42 70
26 89 43 89
26 90 34 82
26 91 88 80
26 92 26 73
26 93 79 24
26 94 21 62
26 95 83 7
26 96 29 41
26 97 11 45
26 98 31 51
26 99 78 65
27 28 74 22
27 29 49 48
27 30 43 20
27 31 91 24
27 32 40 68
27 33 57 85
27 34 47 65
27 35 78 18
27 36 10 70
27 37 16 39
27 38 69 10
27 39 25 64
27 40 30 87
27 41 6 68
27 42 50 15
27 43 91 54
27 44 84 41
27 45 22 19
27 46 86 39
27 47 19 57
27 48 63 76
27 49 53 12
27 50 77 66
27 51 62 44
27 52 87 43
27 53 73 23
27 54 4 80
27 55 9 71
27 56 0 68
27 57 8 69
27 58 11 58
27 59 85 44
27 60 77 30
27 61 32 25
27 62 41 75
27 63 44 65
27 64 99 0
27 65 53 15
27 66 86 65
27 67 8 39
27 68 36 51
27 69 39 47
27 70 42 13
27 71 76 27
27 72 47 19
27 73 5 24
27 74 42 90
27 75 42 43
27 76 27 37
27 77 84 72
27 78 32 60
27 79 35 71
27 80 45 30
27 81 41 15
27 82 84 15
27 83 62 10
27 84 48 56
27 85 46 13
27 86 67 23
27 87 10 69
27 88 85 57
27 89 2 26
27 90 47 21
27 91 98 25
27 92 88 62
27 93 57 75
27 94 50 38
27 95 67 33
27 96 60 73
27 97 17 87
27 98 45 40
27 99 80 46
28 29 62 32
28 30 34 50
28 31 70 21
28 32 20 86
28 33 88 25
28 34 17 78
28 35 50 63
28 36 14 47
28 37 92 81
28 38 17 25
28 39 25 56
28 40 61 36
28 41 67 30
28 42 28 58
28 43 5 70
28 44 48 42
28 45 3 86
28 46 38 38
28 47 62 65
28 48 62 63
28 49 40 13
28 50 43 85
28 51 70 64
28 52 10 68
28 53 20 17
28 54 50 83
28 55 68 38
28 56 36 81
28 57 70 51
28 58 16 87
28 59 55 74
28 60 50 54
28 61 35 64
28 62 81 14
28 63 8 48
28 64 4 69
28 65 87 54
28 66 7 30
28 67 78 74
28 68 93 23
28 69 69 25
28 70 32 51
28 71 44 40
28 72 72 68
28 73 46 55
28 74 71 51
28 75 96 6
28 76 25 17
28 77 96 69
28 78 73 71
28 79 17 50
28 80 70 51
28 81 73 65
28 82 99 12
28 83 58 86
28 84 69 56
28 85 83 60
28 86 69 18
28 87 63 17
28 88 34 24
28 89 0 44
28 90 14 42
28 91 29 86
28 92 79 82
28 93 48 26
28 94 42 88
28 95 68 55
28 96 12 89
28 97 82 31
28 98 55 26
28 99 26 54
29 30 63 52
29 31 0 60
29 32 80 79
29 33 76 31
29 34 35 33
29 35 28 73
29 36 51 43
29 37 30 35
29 38 61 53
29 39 18 88
29 40 19 31
29 41 32 23
29 42 33 79
29 43 21 54
29 44 54 83
29 45 2 44
29 46 49 10
29 47 64 65
29 48 11 39
29 49 25 84
29 50 6 33
29 51 68 24
29 52 42 61
29 53 6 87
29 54 10 80
29 55 96 14
29 56 32 42
29 57 32 61
29 58 77 74
29 59 23 36
29 60 96 25
29 61 59 73
29 62 14 48
29 63 39 52
29 64 12 43
29 65 67 17
29 66 33 76
29 67 61 44
29 68 81 15
29 69 55 71
29 70 2 79
29 71 41 46
29 72 4 52
29 73 25 43
29 74 26 74
29 75 61 74
29 76 33 46
29 77 92 80
29 78 0 37
29 79 71 29
29 80 28 61
29 81 79 21
29 82 92 37
29 83 8 58
29 84 35 55
29 85 84 11
29 86 50 16
29 87 66 67
29 88 64 48
29 89 21 52
29 90 60 54
29 91 78 70
29 92 34 44
29 93 43 91
29 94 44 48
29 95 50 20
29 96 28 84
29 97 13 84
29 98 65 72
29 99 68 58
30 31 76 35
30 32 93 2
30 33 59 73
30 34 80 28
30 35 80 63
30 36 86 60
30 37 60 11
30 38 35 53
30 39 4 27
30 40 68 76
30 41 97 53
30 42 21 28
30 43 19 40
30 44 83 64
30 45 22 50
30 46 72 54
30 47 17 32
30 48 7 53
30 49 9 45
30 50 88 35
30 51 63 14
30 52 96 25
30 53 64 68
30 54 3 79
30 55 56 37
30 56 69 82
30 57 91 36
30 58 52 77
30 59 66 60
30 60 97 13
30 61 15 18
30 62 96 22
30 63 34 46
30 64 88 69
30 65 38 34
30 66 65 83
30 67 55 26
30 68 68 34
30 69 39 56
30 70 74 12
30 71 40 58
30 72 36 70
30 73 82 27
30 74 97 55
30 75 66 9
30 76 10 50
30 77 2 73
30 78 58 46
30 79 87 26
30 80 98 10
30 81 80 34
30 82 95 13
30 83 41 71
30 84 81 50
30 85 20 45
30 86 14 96
30 87 32 42
30 88 67 37
30 89 71 69
30 90 12 85
30 91 85 51
30 92 8 62
30 93 78 12
30 94 27 73
30 95 45 18
30 96 71 36
30 97 69 74
30 98 95 10
30 99 19 29
31 32 78 67
31 33 48 38
31 34 70 85
31 35 80 46
31 36 59 87
31 37 6 55
31 38 86 56
31 39 10 21
31 40 80 37
31 41 55 43
31 42 22 64
31 43 81 50
31 44 11 66
31 45 9 59
31 46 16 61
31 47 14 29
31 48 23 93
31 49 57 84
31 50 48 17
31 51 65 83
31 52 79 11
31 53 2 67
31 54 20 44
31 55 42 58
31 56 45 77
31 57 58 57
31 58 26 29
31 59 20 49
31 60 10 77
31 61 92 26
31 62 85 22
31 63 67 63
31 64 88 23
31 65 17 80
31 66 35 16
31 67 2 45
31 68 24 55
31 69 88 53
31 70 4 59
31 71 54 32
31 72 93 65
31 73 43 18
31 74 86 52
31 75 33 49
31 76 94 56
31 77 84 53
31 78 18 39
31 79 20 25
31 80 48 58
31 81 49 27
31 82 89 74
31 83 49 77
31 84 31 34
31 85 55 31
31 86 64 76
31 87 2 62
31 88 29 80
31 89 70 40
31 90 45 76
31 91 66 19
31 92 23 28
31 93 4 62
31 94 73 59
31 95 21 95
31 96 64 25
31 97 38 14
31 98 46 29
31 99 12 70
32 33 25 79
32 34 88 27
32 35 57 50
32 36 24 46
32 37 32 25
32 38 69 16
32 39 68 29
32 40 22 50
32 41 16 50
32 42 70 11
32 43 3 60
32 44 64 12
32 45 1 21
32 46 6 61
32 47 27 17
32 48 96 40
32 49 69 16
32 50 10 91
32 51 23 72
32 52 37 47
32 53 23 58
32 54 26 17
32 55 14 42
32 56 9 57
32 57 16 57
32 58 9 29
32 59 10 61
32 60 83 70
32 61 68 28
32 62 10 95
32 63 22 38
32 64 30 76
32 65 24 84
32 66 59 86
32 67 62 29
32 68 64 83
32 69 36 55
32 70 45 37
32 71 14 24
32 72 59 20
32 73 52 17
32 74 95 34
32 75 52 22
32 76 26 66
32 77 23 57
32 78 69 83
32 79 61 83
32 80 68 74
32 81 1 67
32 82 83 75
32 83 52 24
32 84 31 23
32 85 48 45
32 86 16 52
32 87 45 23
32 88 51 12
32 89 43 30
32 90 33 76
32 91 4 89
32 92 25 77
32 93 5 24
32 94 67 51
32 95 43 88
32 96 55 88
32 97 65 35
32 98 34 64
32 99 27 18
33 34 79 36
33 35 37 31
33 36 14 83
33 37 70 32
33 38 56 34
33 39 69 79
33 40 61 66
33 41 59 24
33 42 87 34
33 43 15 46
33 44 4 33
33 45 24 58
33 46 76 75
33 47 43 30
33 48 78 7
33 49 12 88
33 50 95 33
33 51 43 40
33 52 1 86
33 53 21 41
33 54 47 17
33 55 11 85
33 56 19 83
33 57 95 24
33 58 47 77
33 59 40 77
33 60 18 64
33 61 38 68
33 62 64 65
33 63 31 80
33 64 67 9
33 65 51 67
33 66 20 27
33 67 90 25
33 68 29 90
33 69 96 19
33 70 59 51
33 71 80 39
33 72 19 50
33 73 65 61
33 74 32 49
33 75 25 91
33 76 70 8
33 77 41 88
33 78 82 28
33 79 73 54
33 80 25 66
33 81 34 81
33 82 44 82
33 83 57 55
33 84 94 31
33 85 4 26
33 86 96 16
33 87 90 53
33 88 83 32
33 89 21 64
33 90 45 21
33 91 73 48
33 92 44 75
33 93 23 87
33 94 40 65
33 95 64 42
33 96 46 74
33 97 5 78
33 98 34 44
33 99 60 21
34 35 81 58
34 36 56 66
34 37 64 9
34 38 26 55
34 39 8 60
34 40 42 46
34 41 53 55
34 42 12 61
34 43 61 12
34 44 81 78
34 45 48 38
34 46 85 62
34 47 28 49
34 48 22 94
34 49 24 65
34 50 29 47
34 51 41 73
34 52 57 88
34 53 67 15
34 54 54 42
34 55 40 66
34 56 71 40
34 57 19 77
34 58 31 45
34 59 29 93
34 60 54 42
34 61 71 10
34 62 27 24
34 63 26 62
34 64 4 39
34 65 20 65
34 66 57 13
34 67 70 14
34 68 24 18
34 69 45 39
34 70 43 13
34 71 60 49
34 72 48 78
34 73 22 57
34 74 43 88
34 75 91 32
34 76 17 65
34 77 4 42
34 78 82 6
34 79 72 16
34 80 0 56
34 81 95 46
34 82 99 59
34 83 70 41
34 84 75 75
34 85 67 21
34 86 89 39
34 87 11 48
34 88 52 25
34 89 45 32
34 90 18 26
34 91 27 29
34 92 42 51
34 93 92 65
34 94 2 34
34 95 78 20
34 96 41 23
34 97 49 15
34 98 71 11
34 99 32 76
35 36 78 32
35 37 52 88
35 38 15 82
35 39 15 55
35 40 75 50
35 41 38 13
35 42 97 67
35 43 67 27
35 44 54 15
35 45 41 26
35 46 98 65
35 47 28 89
35 48 25 31
35 49 90 34
35 50 92 74
35 51 7 68
35 52 3 55
35 53 70 62
35 54 18 37
35 55 1 93
35 56 64 86
35 57 26 81
35 58 14 37
35 59 72 64
35 60 90 50
35 61 72 31
35 62 97 58
35 63 6 49
35 64 49 27
35 65 96 52
35 66 80 43
35 67 79 42
35 68 46 62
35 69 95 60
35 70 42 74
35 71 64 77
35 72 99 0
35 73 44 14
35 74 67 47
35 75 22 49
35 76 51 12
35 77 53 87
35 78 56 54
35 79 87 40
35 80 35 87
35 81 93 57
35 82 69 8
35 83 68 26
35 84 59 24
35 85 61 72
35 86 77 25
35 87 70 50
35 88 66 37
35 89 81 55
35 90 86 73
35 91 73 8
35 92 14 55
35 93 7 82
35 94 58 82
35 95 16 44
35 96 78 32
35 97 25 87
35 98 37 15
35 99 60 12
36 37 88 50
36 38 66 64
36 39 57 32
36 40 61 49
36 41 22 66
36 42 7 63
36 43 38 82
36 44 68 42
36 45 51 46
36 46 42 15
36 47 30 76
36 48 50 10
36 49 95 62
36 50 36 59
36 51 41 66
36 52 69 16
36 53 82 79
36 54 59 35
36 55 68 51
36 56 76 65
36 57 65 14
36 58 22 25
36 59 20 67
36 60 73 61
36 61 90 10
36 62 27 46
36 63 2 60
36 64 93 63
36 65 25 32
36 66 37 52
36 67 89 11
36 68 70 46
36 69 45 59
36 70 73 14
36 71 14 87
36 72 92 24
36 73 13 94
36 74 16 55
36 75 71 13
36 76 27 40
36 77 28 75
36 78 3 97
36 79 3 82
36 80 23 92
36 81 1 52
36 82 76 72
36 83 19 66
36 84 12 27
36 85 15 37
36 86 95 65
36 87 29 79
36 88 82 29
36 89 78 23
36 90 34 70
36 91 27 34
36 92 44 70
36 93 15 81
36 94 41 15
36 95 15 20
36 96 64 40
36 97 25 83
36 98 88 29
36 99 23 92
37 38 76 12
37 39 20 83
37 40 69 33
37 41 18 62
37 42 79 39
37 43 69 55
37 44 58 60
37 45 76 71
37 46 48 84
37 47 80 77
37 48 74 51
37 49 54 19
37 50 22 23
37 51 54 9
37 52 70 21
37 53 82 28
37 54 5 90
37 55 36 33
37 56 3 57
37 57 89 8
37 58 72 30
37 59 87 36
37 60 62 23
37 61 41 41
37 62 39 79
37 63 0 27
37 64 38 73
37 65 17 96
37 66 65 8
37 67 69 16
37 68 52 39
37 69 90 54
37 70 5 82
37 71 65 64
37 72 90 80
37 73 58 35
37 74 38 22
37 75 90 21
37 76 89 55
37 77 85 41
37 78 58 66
37 79 82 13
37 80 13 30
37 81 73 5
37 82 16 85
37 83 12 39
37 84 45 28
37 85 18 22
37 86 70 14
37 87 2 42
37 88 4 82
37 89 49 23
37 90 24 23
37 91 90 19
37 92 89 51
37 93 61 67
37 94 6 52
37 95 62 75
37 96 48 44
37 97 27 36
37 98 70 32
37 99 29 55
38 39 95 76
38 40 73 63
38 41 29 62
38 42 53 52
38 43 4 75
38 44 19 93
38 45 89 36
38 46 3 43
38 47 47 22
38 48 80 63
38 49 83 23
38 50 71 28
38 51 17 45
38 52 38 23
38 53 47 60
38 54 89 57
38 55 82 42
38 56 97 77
38 57 37 30
38 58 5 77
38 59 53 35
38 60 4 97
38 61 48 84
38 62 75 32
38 63 47 82
38 64 72 64
38 65 11 60
38 66 14 84
38 67 7 27
38 68 62 73
38 69 8 42
38 70 42 84
38 71 37 34
38 72 22 74
38 73 53 87
38 74 33 66
38 75 82 21
38 76 88 71
38 77 55 59
38 78 31 18
38 79 97 39
38 80 36 61
38 81 19 20
38 82 65 58
38 83 12 49
38 84 9 91
38 85 43 73
38 86 98 58
38 87 70 29
38 88 98 80
38 89 86 16
38 90 88 72
38 91 9 49
38 92 97 4
38 93 27 48
38 94 46 79
38 95 29 49
38 96 85 58
38 97 29 62
38 98 70 60
38 99 69 26
39 40 36 92
39 41 11 84
39 42 33 52
39 43 24 34
39 44 38 49
39 45 9 54
39 46 19 53
39 47 58 17
39 48 79 26
39 49 16 17
39 50 65 63
39 51 64 84
39 52 32 71
39 53 34 61
39 54 85 24
39 55 93 1
39 56 1 74
39 57 9 60
39 58 85 25
39 59 30 75
39 60 29 93
39 61 71 23
39 62 66 65
39 63 10 82
39 64 32 47
39 65 77 75
39 66 76 68
39 67 13 17
39 68 18 64
39 69 63 25
39 70 16 33
39 71 15 65
39 72 71 53
39 73 18 77
39 74 79 15
39 75 94 74
39 76 71 83
39 77 30 60
39 78 30 64
39 79 50 75
39 80 6 45
39 81 63 18
39 82 86 74
39 83 6 97
39 84 59 29
39 85 30 25
39 86 12 27
39 87 7 21
39 88 24 65
39 89 50 59
39 90 14 72
39 91 47 77
39 92 20 27
39 93 0 23
39 94 96 4
39 95 42 85
39 96 14 36
39 97 89 60
39 98 80 73
39 99 7 38
40 41 30 39
40 42 69 79
40 43 37 46
40 44 8 80
40 45 99 18
40 46 90 8
40 47 75 34
40 48 26 84
40 49 73 65
40 50 47 80
40 51 98 45
40 52 33 53
40 53 16 53
40 54 32 60
40 55 88 51
40 56 43 79
40 57 27 41
40 58 54 82
40 59 29 47
40 60 79 66
40 61 53 60
40 62 67 19
40 63 68 64
40 64 77 32
40 65 94 34
40 66 17 19
40 67 88 24
40 68 21 64
40 69 5 30
40 70 22 27
40 71 79 18
40 72 6 20
40 73 73 28
40 74 18 48
40 75 49 15
40 76 66 85
40 77 59 34
40 78 2 48
40 79 23 74
40 80 94 61
40 81 63 45
40 82 28 42
40 83 24 47
40 84 66 11
40 85 86 22
40 86 74 57
40 87 71 45
40 88 6 22
40 89 33 18
40 90 82 41
40 91 33 51
40 92 38 48
40 93 66 81
40 94 85 76
40 95 73 57
40 96 23 37
40 97 55 56
40 98 55 11
40 99 46 13
41 42 33 18
41 43 39 33
41 44 43 64
41 45 51 67
41 46 38 43
41 47 22 90
41 48 52 59
41 49 97 26
41 50 15 77
41 51 8 58
41 52 2 73
41 53 89 81
41 54 36 51
41 55 69 15
41 56 14 70
41 57 36 27
41 58 24 48
41 59 49 39
41 60 84 5
41 61 36 54
41 62 37 32
41 63 71 31
41 64 71 20
41 65 75 27
41 66 51 74
41 67 84 43
41 68 48 12
41 69 66 12
41 70 93 4
41 71 86 44
41 72 91 32
41 73 41 40
41 74 77 16
41 75 41 84
41 76 85 39
41 77 47 21
41 78 48 74
41 79 43 90
41 80 28 61
41 81 19 86
41 82 25 84
41 83 46 34
41 84 75 76
41 85 46 88
41 86 29 78
41 87 38 47
41 88 11 53
41 89 72 15
41 90 69 59
41 91 88 11
41 92 65 41
41 93 38 15
41 94 78 25
41 95 57 30
41 96 50 61
41 97 10 34
41 98 21 40
41 99 31 29
42 43 5 54
42 44 38 85
42 45 16 87
42 46 30 45
42 47 23 39
42 48 70 44
42 49 16 17
42 50 44 38
42 51 3 29
42 52 40 15
42 53 0 28
42 54 11 36
42 55 93 78
42 56 71 16
42 57 92 29
42 58 32 71
42 59 36 57
42 60 34 18
42 61 64 81
42 62 40 58
42 63 32 73
42 64 10 67
42 65 63 40
42 66 57 63
42 67 30 20
42 68 60 87
42 69 5 46
42 70 16 60
42 71 4 94
42 72 90 45
42 73 6 46
42 74 57 74
42 75 82 79
42 76 98 75
42 77 36 21
42 78 20 56
42 79 19 80
42 80 51 70
42 81 61 43
42 82 50 53
42 83 60 63
42 84 91 9
42 85 55 83
42 86 45 69
42 87 33 69
42 88 11 94
42 89 13 36
42 90 73 34
42 91 27 51
42 92 38 83
42 93 47 72
42 94 87 7
42 95 68 48
42 96 53 41
42 97 1 88
42 98 40 69
42 99 33 67
43 44 84 11
43 45 11 91
43 46 17 40
43 47 94 18
43 48 49 75
43 49 37 63
43 50 43 36
43 51 63 15
43 52 35 39
43 53 79 43
43 54 15 73
43 55 95 45
43 56 79 50
43 57 19 27
43 58 76 50
43 59 40 61
43 60 68 11
43 61 4 80
43 62 83 19
43 63 16 17
43 64 17 47
43 65 59 25
43 66 69 42
43 67 86 20
43 68 57 27
43 69 71 10
43 70 95 14
43 71 82 46
43 72 35 18
43 73 93 58
43 74 91 47
43 75 12 90
43 76 69 33
43 77 78 44
43 78 34 35
43 79 88 54
43 80 76 77
43 81 42 35
43 82 50 82
43 83 35 37
43 84 78 39
43 85 93 22
43 86 77 64
43 87 9 74
43 88 9 93
43 89 54 46
43 90 83 51
43 91 65 53
43 92 5 39
43 93 85 72
43 94 23 92
43 95 36 61
43 96 83 35
43 97 34 91
43 98 74 48
43 99 61 50
44 45 68 80
44 46 88 44
44 47 5 88
44 48 55 16
44 49 30 28
44 50 22 72
44 51 43 12
44 52 63 22
44 53 60 62
44 54 68 20
44 55 77 13
44 56 62 25
44 57 66 62
44 58 41 55
44 59 22 54
44 60 87 29
44 61 29 35
44 62 27 16
44 63 88 35
44 64 24 54
44 65 88 63
44 66 65 84
44 67 20 39
44 68 59 65
44 69 67 16
44 70 69 58
44 71 1 71
44 72 46 86
44 73 40 46
44 74 57 49
44 75 58 19
44 76 12 58
44 77 6 58
44 78 48 66
44 79 92 42
44 80 67 66
44 81 98 28
44 82 26 68
44 83 16 44
44 84 28 73
44 85 31 76
44 86 3 71
44 87 5 49
44 88 5 89
44 89 45 89
44 90 46 85
44 91 96 72
44 92 26 47
44 93 61 8
44 94 91 28
44 95 40 40
44 96 97 25
44 97 26 34
44 98 50 55
44 99 26 82
45 46 24 92
45 47 11 62
45 48 91 17
45 49 9 67
45 50 6 64
45 51 40 66
45 52 69 20
45 53 6 96
45 54 57 61
45 55 71 51
45 56 40 69
45 57 33 25
45 58 46 60
45 59 6 43
45 60 29 71
45 61 44 15
45 62 82 56
45 63 46 52
45 64 41 42
45 65 74 16
45 66 89 59
45 67 34 63
45 68 5 58
45 69 28 88
45 70 65 16
45 71 8 61
45 72 97 43
45 73 30 59
45 74 33 21
45 75 57 41
45 76 29 92
45 77 72 43
45 78 99 14
45 79 1 49
45 80 87 34
45 81 63 24
45 82 71 14
45 83 78 61
45 84 93 61
45 85 74 58
45 86 91 39
45 87 85 37
45 88 91 51
45 89 54 23
45 90 80 16
45 91 99 73
45 92 56 11
45 93 33 38
45 94 77 49
45 95 29 35
45 96 63 43
45 97 69 64
45 98 81 75
45 99 4 51
46 47 68 63
46 48 36 65
46 49 19 19
46 50 13 44
46 51 49 75
46 52 61 76
46 53 6 86
46 54 15 77
46 55 60 36
46 56 40 28
46 57 58 74
46 58 1 89
46 59 34 69
46 60 26 38
46 61 57 55
46 62 21 65
46 63 92 3
46 64 60 60
46 65 13 36
46 66 41 82
46 67 98 11
46 68 64 46
46 69 40 71
46 70 81 38
46 71 22 45
46 72 39 13
46 73 64 77
46 74 57 19
46 75 90 30
46 76 43 41
46 77 21 87
46 78 92 56
46 79 93 52
46 80 43 32
46 81 55 40
46 82 79 36
46 83 76 47
46 84 53 71
46 85 26 46
46 86 54 39
46 87 78 33
46 88 58 85
46 89 95 41
46 90 23 91
46 91 70 45
46 92 91 20
46 93 9 85
46 94 16 39
46 95 73 48
46 96 92 47
46 97 16 38
46 98 42 78
46 99 35 20
47 48 36 36
47 49 27 76
47 50 29 34
47 51 83 35
47 52 52 66
47 53 95 77
47 54 2 98
47 55 17 88
47 56 62 55
47 57 29 77
47 58 11 50
47 59 52 29
47 60 6 29
47 61 54 50
47 62 73 66
47 63 15 26
47 64 8 22
47 65 5 50
47 66 85 4
47 67 6 56
47 68 64 26
47 69 83 52
47 70 32 42
47 71 4 64
47 72 8 37
47 73 61 13
47 74 36 43
47 75 26 85
47 76 48 12
47 77 43 68
47 78 47 90
47 79 97 44
47 80 21 66
47 81 49 10
47 82 62 65
47 83 14 54
47 84 1 90
47 85 24 34
47 86 1 64
47 87 97 72
47 88 38 57
47 89 38 40
47 90 48 19
47 91 76 33
47 92 75 80
47 93 20 61
47 94 27 83
47 95 3 82
47 96 55 11
47 97 68 75
47 98 49 11
47 99 62 39
48 49 91 68
48 50 67 22
48 51 97 47
48 52 87 7
48 53 0 35
48 54 72 68
48 55 31 76
48 56 26 34
48 57 98 5
48 58 95 17
48 59 16 24
48 60 82 11
48 61 43 72
48 62 60 67
48 63 49 78
48 64 10 19
48 65 67 15
48 66 24 66
48 67 75 55
48 68 61 83
48 69 20 72
48 70 1 33
48 71 80 10
48 72 33 88
48 73 82 5
48 74 52 78
48 75 48 16
48 76 26 46
48 77 53 71
48 78 80 77
48 79 70 33
48 80 12 33
48 81 77 31
48 82 60 74
48 83 49 30
48 84 43 67
48 85 17 55
48 86 0 94
48 87 21 36
48 88 75 16
48 89 60 42
48 90 92 65
48 91 53 15
48 92 86 25
48 93 53 83
48 94 2 91
48 95 44 60
48 96 47 87
48 97 34 46
48 98 83 35
48 99 53 86
49 50 67 78
49 51 27 36
49 52 11 29
49 53 55 66
49 54 41 26
49 55 20 16
49 56 43 37
49 57 35 16
49 58 50 59
49 59 69 53
49 60 63 44
49 61 43 70
49 62 88 12
49 63 58 70
49 64 2 75
49 65 64 74
49 66 61 30
49 67 95 19
49 68 87 61
49 69 12 19
49 70 31 58
49 71 37 73
49 72 84 46
49 73 58 41
49 74 14 29
49 75 53 33
49 76 21 77
49 77 64 49
49 78 18 58
49 79 66 77
49 80 62 51
49 81 73 80
49 82 27 33
49 83 35 83
49 84 52 48
49 85 20 92
49 86 60 29
49 87 15 19
49 88 20 44
49 89 26 84
49 90 2 38
49 91 13 29
49 92 1 31
49 93 54 60
49 94 32 52
49 95 34 41
49 96 27 24
49 97 72 80
49 98 65 54
49 99 92 35
50 51 67 76
50 52 20 52
50 53 89 69
50 54 58 22
50 55 87 47
50 56 89 9
50 57 16 51
50 58 92 18
50 59 79 35
50 60 97 45
50 61 13 59
50 62 88 36
50 63 97 49
50 64 67 12
50 65 32 85
50 66 46 55
50 67 29 26
50 68 41 51
50 69 98 78
50 70 19 22
50 71 32 69
50 72 38 59
50 73 52 15
50 74 73 41
50 75 59 57
50 76 39 61
50 77 51 67
50 78 20 77
50 79 20 38
50 80 16 43
50 81 1 46
50 82 42 60
50 83 60 51
50 84 44 24
50 85 54 70
50 86 76 9
50 87 1 39
50 88 44 73
50 89 98 64
50 90 42 84
50 91 74 60
50 92 7 71
50 93 30 85
50 94 40 51
50 95 5 26
50 96 58 87
50 97 46 78
50 98 98 64
50 99 54 77
51 52 14 57
51 53 97 28
51 54 36 53
51 55 69 59
51 56 49 54
51 57 49 67
51 58 29 75
51 59 28 28
51 60 98 47
51 61 59 19
51 62 32 80
51 63 32 68
51 64 61 54
51 65 63 57
51 66 97 71
51 67 9 70
51 68 53 30
51 69 5 55
51 70 68 19
51 71 86 9
51 72 57 43
51 73 24 39
51 74 62 46
51 75 79 57
51 76 6 65
51 77 82 63
51 78 14 52
51 79 61 46
51 80 69 83
51 81 36 35
51 82 18 46
51 83 29 69
51 84 68 40
51 85 69 67
51 86 4 22
51 87 21 40
51 88 71 31
51 89 83 26
51 90 87 36
51 91 80 13
51 92 23 17
51 93 48 35
51 94 87 24
51 95 2 71
51 96 56 39
51 97 47 89
51 98 84 8
51 99 21 69
52 53 62 69
52 54 78 39
52 55 54 83
52 56 49 13
52 57 87 17
52 58 31 51
52 59 61 68
52 60 83 51
52 61 79 19
52 62 65 81
52 63 0 98
52 64 55 13
52 65 66 45
52 66 52 23
52 67 43 45
52 68 7 85
52 69 13 87
52 70 65 58
52 71 86 70
52 72 48 37
52 73 33 75
52 74 29 30
52 75 17 49
52 76 19 46
52 77 83 35
52 78 98 21
52 79 65 33
52 80 39 54
52 81 70 69
52 82 40 82
52 83 72 83
52 84 28 27
52 85 88 39
52 86 5 59
52 87 29 38
52 88 49 17
52 89 95 57
52 90 30 79
52 91 37 82
52 92 95 27
52 93 71 55
52 94 65 65
52 95 33 87
52 96 41 34
52 97 43 85
52 98 81 33
52 99 64 59
53 54 5 89
53 55 69 83
53 56 43 70
53 57 76 13
53 58 1 46
53 59 47 18
53 60 33 41
53 61 76 48
53 62 62 63
53 63 88 67
53 64 20 63
53 65 97 36
53 66 89 2
53 67 37 75
53 68 14 23
53 69 48 33
53 70 28 71
53 71 58 82
53 72 68 42
53 73 8 98
53 74 72 83
53 75 90 64
53 76 1 33
53 77 99 59
53 78 57 35
53 79 40 78
53 80 81 30
53 81 23 24
53 82 8 90
53 83 18 25
53 84 17 20
53 85 11 58
53 86 69 44
53 87 34 70
53 88 82 81
53 89 16 17
53 90 82 31
53 91 15 49
53 92 91 11
53 93 73 62
53 94 49 82
53 95 40 55
53 96 42 35
53 97 46 23
53 98 88 20
53 99 84 75
54 55 82 79
54 56 11 48
54 57 29 79
54 58 5 67
54 59 48 50
54 60 28 18
54 61 38 71
54 62 77 27
54 63 46 57
54 64 2 63
54 65 84 8
54 66 74 76
54 67 97 64
54 68 60 55
54 69 83 53
54 70 84 14
54 71 73 20
54 72 21 94
54 73 63 38
54 74 81 56
54 75 92 31
54 76 78 32
54 77 56 74
54 78 17 55
54 79 35 89
54 80 60 44
54 81 32 78
54 82 94 79
54 83 92 71
54 84 15 34
54 85 47 59
54 86 72 70
54 87 1 60
54 88 65 46
54 89 68 79
54 90 60 68
54 91 69 82
54 92 32 31
54 93 29 22
54 94 4 93
54 95 61 82
54 96 84 17
54 97 48 89
54 98 50 29
54 99 51 34
55 56 35 86
55 57 85 68
55 58 77 60
55 59 30 56
55 60 10 21
55 61 97 48
55 62 84 33
55 63 48 38
55 64 47 90
55 65 97 55
55 66 34 38
55 67 19 54
55 68 85 40
55 69 25 40
55 70 32 25
55 71 22 28
55 72 43 70
55 73 67 14
55 74 96 64
55 75 94 77
55 76 32 30
55 77 68 42
55 78 72 29
55 79 77 44
55 80 12 85
55 81 83 59
55 82 50 86
55 83 99 2
55 84 78 27
55 85 37 17
55 86 28 80
55 87 85 69
55 88 95 20
55 89 35 28
55 90 35 51
55 91 6 86
55 92 46 82
55 93 38 74
55 94 31 42
55 95 72 7
55 96 59 85
55 97 25 79
55 98 92 40
55 99 43 43
56 57 5 38
56 58 9 84
56 59 79 31
56 60 58 86
56 61 12 72
56 62 39 44
56 63 34 41
56 64 27 45
56 65 89 36
56 66 91 26
56 67 11 57
56 68 62 20
56 69 28 20
56 70 58 33
56 71 54 57
56 72 92 9
56 73 11 19
56 74 39 37
56 75 62 18
56 76 75 24
56 77 14 43
56 78 14 46
56 79 82 43
56 80 66 33
56 81 3 90
56 82 24 30
56 83 3 91
56 84 99 50
56 85 36 27
56 86 8 93
56 87 58 59
56 88 92 30
56 89 19 33
56 90 19 38
56 91 51 15
56 92 28 46
56 93 89 68
56 94 69 66
56 95 95 80
56 96 57 39
56 97 45 74
56 98 72 49
56 99 0 78
57 58 57 29
57 59 1 79
57 60 87 10
57 61 8 53
57 62 74 63
57 63 26 60
57 64 25 92
57 65 47 62
57 66 6 34
57 67 17 53
57 68 63 17
57 69 9 95
57 70 60 32
57 71 40 81
57 72 53 17
57 73 98 72
57 74 14 42
57 75 7 74
57 76 38 46
57 77 97 3
57 78 4 69
57 79 78 68
57 80 71 12
57 81 10 63
57 82 85 51
57 83 65 25
57 84 45 46
57 85 82 49
57 86 21 44
57 87 36 29
57 88 28 74
57 89 53 28
57 90 13 51
57 91 96 33
57 92 11 87
57 93 32 64
57 94 85 3
57 95 96 70
57 96 11 93
57 97 39 52
57 98 96 33
57 99 46 55
58 59 99 8
58 60 14 79
58 61 32 45
58 62 6 77
58 63 34 44
58 64 31 84
58 65 6 80
58 66 95 68
58 67 96 36
58 68 13 54
58 69 26 61
58 70 6 49
58 71 63 31
58 72 82 7
58 73 30 64
58 74 51 25
58 75 28 55
58 76 82 78
58 77 51 76
58 78 61 84
58 79 68 53
58 80 85 66
58 81 7 45
58 82 48 46
58 83 39 43
58 84 66 19
58 85 26 47
58 86 30 79
58 87 17 59
58 88 83 68
58 89 77 26
58 90 96 54
58 91 55 83
58 92 86 51
58 93 96 5
58 94 19 54
58 95 86 62
58 96 5 27
58 97 70 22
58 98 77 44
58 99 40 56
59 60 85 40
59 61 20 59
59 62 7 83
59 63 29 75
59 64 17 61
59 65 22 94
59 66 72 41
59 67 52 32
59 68 11 80
59 69 11 37
59 70 22 71
59 71 29 20
59 72 39 58
59 73 1 42
59 74 55 12
59 75 66 36
59 76 63 21
59 77 73 15
59 78 16 80
59 79 74 79
59 80 24 94
59 81 65 59
59 82 49 79
59 83 65 29
59 84 9 44
59 85 0 77
59 86 25 65
59 87 89 66
59 88 62 44
59 89 21 81
59 90 8 76
59 91 7 81
59 92 39 49
59 93 12 33
59 94 56 75
59 95 89 58
59 96 32 22
59 97 58 83
59 98 19 62
59 99 27 48
60 61 92 24
60 62 39 38
60 63 95 70
60 64 3 91
60 65 62 86
60 66 28 48
60 67 68 69
60 68 45 86
60 69 33 86
60 70 48 50
60 71 65 56
60 72 7 35
60 73 40 41
60 74 15 60
60 75 96 21
60 76 94 9
60 77 9 73
60 78 67 69
60 79 57 9
60 80 41 77
60 81 42 60
60 82 67 54
60 83 23 60
60 84 50 45
60 85 59 75
60 86 9 35
60 87 86 37
60 88 25 49
60 89 84 62
60 90 82 30
60 91 45 17
60 92 68 30
60 93 88 57
60 94 2 79
60 95 13 33
60 96 83 18
60 97 39 21
60 98 52 26
60 99 66 85
61 62 15 87
61 63 48 90
61 64 30 18
61 65 69 44
61 66 6 31
61 67 56 12
61 68 16 46
61 69 79 26
61 70 55 12
61 71 13 48
61 72 9 44
61 73 85 79
61 74 84 50
61 75 73 31
61 76 77 65
61 77 44 84
61 78 36 91
61 79 60 68
61 80 5 81
61 81 95 28
61 82 16 49
61 83 50 28
61 84 42 60
61 85 60 24
61 86 94 41
61 87 45 50
61 88 28 47
61 89 24 50
61 90 75 70
61 91 32 42
61 92 62 47
61 93 81 67
61 94 36 51
61 95 57 40
61 96 15 51
61 97 16 35
61 98 17 68
61 99 34 27
62 63 46 48
62 64 9 75
62 65 36 13
62 66 37 53
62 67 97 20
62 68 0 37
62 69 20 79
62 70 34 55
62 71 88 9
62 72 17 23
62 73 82 66
62 74 89 68
62 75 33 67
62 76 32 18
62 77 35 83
62 78 85 33
62 79 42 17
62 80 1 85
62 81 7 34
62 82 89 5
62 83 71 18
62 84 28 33
62 85 94 71
62 86 30 67
62 87 18 92
62 88 94 60
62 89 17 46
62 90 2 44
62 91 65 31
62 92 24 32
62 93 15 34
62 94 81 25
62 95 34 25
62 96 8 67
62 97 43 45
62 98 34 16
62 99 83 47
63 64 8 70
63 65 46 73
63 66 83 13
63 67 38 26
63 68 94 74
63 69 39 90
63 70 8 43
63 71 32 92
63 72 48 28
63 73 39 62
63 74 49 50
63 75 79 61
63 76 37 49
63 77 12 92
63 78 77 64
63 79 60 66
63 80 55 69
63 81 93 41
63 82 91 75
63 83 44 71
63 84 71 56
63 85 73 65
63 86 15 34
63 87 23 55
63 88 11 73
63 89 62 55
63 90 9 60
63 91 61 36
63 92 62 85
63 93 47 51
63 94 98 63
63 95 26 93
63 96 76 72
63 97 32 30
63 98 33 62
63 99 74 64
64 65 94 29
64 66 1 60
64 67 28 81
64 68 23 86
64 69 25 78
64 70 84 48
64 71 80 77
64 72 51 81
64 73 8 92
64 74 31 75
64 75 78 31
64 76 6 87
64 77 8 28
64 78 75 54
64 79 52 78
64 80 10 38
64 81 23 15
64 82 8 91
64 83 86 42
64 84 71 83
64 85 26 22
64 86 58 76
64 87 30 88
64 88 4 70
64 89 29 91
64 90 1 41
64 91 49 19
64 92 48 73
64 93 31 73
64 94 32 82
64 95 26 84
64 96 6 26
64 97 76 5
64 98 63 83
64 99 91 27
65 66 84 79
65 67 28 26
65 68 4 82
65 69 62 34
65 70 12 26
65 71 84 63
65 72 58 80
65 73 39 35
65 74 37 49
65 75 27 55
65 76 62 87
65 77 53 67
65 78 23 39
65 79 80 70
65 80 12 67
65 81 89 38
65 82 39 52
65 83 20 28
65 84 62 47
65 85 69 55
65 86 72 57
65 87 71 19
65 88 17 59
65 89 57 52
65 90 23 44
65 91 48 60
65 92 57 14
65 93 58 14
65 94 27 62
65 95 27 21
65 96 50 46
65 97 80 78
65 98 46 15
65 99 52 77
66 67 62 73
66 68 88 22
66 69 14 86
66 70 99 32
66 71 82 53
66 72 1 60
66 73 83 22
66 74 91 70
66 75 77 48
66 76 66 49
66 77 37 63
66 78 2 98
66 79 52 39
66 80 26 58
66 81 45 60
66 82 70 20
66 83 72 66
66 84 24 45
66 85 96 24
66 86 8 62
66 87 15 73
66 88 44 25
66 89 41 91
66 90 65 60
66 91 75 65
66 92 98 68
66 93 61 19
66 94 13 31
66 95 36 67
66 96 76 14
66 97 86 22
66 98 28 65
66 99 92 64
67 68 90 36
67 69 23 49
67 70 74 79
67 71 43 63
67 72 15 56
67 73 81 70
67 74 18 72
67 75 92 28
67 76 42 25
67 77 70 62
67 78 27 21
67 79 40 52
67 80 55 42
67 81 42 14
67 82 73 78
67 83 74 49
67 84 41 45
67 85 83 46
67 86 14 46
67 87 80 28
67 88 21 72
67 89 4 86
67 90 4 86
67 91 21 60
67 92 14 28
67 93 98 45
67 94 10 86
67 95 26 45
67 96 33 60
67 97 60 15
67 98 99 10
67 99 41 48
68 69 8 96
68 70 76 34
68 71 88 29
68 72 60 44
68 73 72 33
68 74 43 37
68 75 66 67
68 76 83 23
68 77 65 19
68 78 39 14
68 79 46 59
68 80 42 80
68 81 69 60
68 82 0 60
68 83 9 87
68 84 40 21
68 85 73 41
68 86 25 52
68 87 75 44
68 88 45 65
68 89 38 84
68 90 60 46
68 91 32 47
68 92 69 11
68 93 69 57
68 94 44 44
68 95 19 27
68 96 28 58
68 97 33 47
68 98 34 30
68 99 70 65
69 70 52 82
69 71 55 15
69 72 69 80
69 73 54 9
69 74 84 22
69 75 1 91
69 76 73 57
69 77 83 19
69 78 97 53
69 79 55 66
69 80 3 52
69 81 85 52
69 82 69 86
69 83 56 30
69 84 55 34
69 85 8 75
69 86 86 75
69 87 17 77
69 88 76 68
69 89 8 44
69 90 53 74
69 91 71 26
69 92 96 40
69 93 95 36
69 94 41 50
69 95 75 84
69 96 19 82
69 97 0 52
69 98 52 76
69 99 11 87
70 71 45 18
70 72 9 87
70 73 57 33
70 74 58 70
70 75 69 58
70 76 72 50
70 77 70 79
70 78 37 80
70 79 56 35
70 80 24 53
70 81 97 28
70 82 78 33
70 83 53 40
70 84 90 46
70 85 46 67
70 86 77 63
70 87 91 12
70 88 74 5
70 89 44 20
70 90 77 70
70 91 82 43
70 92 13 75
70 93 40 70
70 94 62 44
70 95 72 60
70 96 13 73
70 97 60 42
70 98 33 43
70 99 31 90
71 72 7 92
71 73 72 15
71 74 73 62
71 75 18 30
71 76 66 15
71 77 74 60
71 78 12 87
71 79 52 48
71 80 66 44
71 81 92 21
71 82 84 73
71 83 69 13
71 84 44 50
71 85 87 67
71 86 53 83
71 87 31 21
71 88 68 82
71 89 42 27
71 90 44 76
71 91 49 10
71 92 99 23
71 93 75 22
71 94 56 66
71 95 58 69
71 96 20 45
71 97 5 88
71 98 86 55
71 99 77 26
72 73 38 61
72 74 2 97
72 75 2 39
72 76 44 81
72 77 0 77
72 78 45 49
72 79 97 46
72 80 23 78
72 81 96 13
72 82 28 63
72 83 73 54
72 84 96 69
72 85 90 49
72 86 40 69
72 87 15 47
72 88 61 22
72 89 64 37
72 90 78 8
72 91 35 69
72 92 4 30
72 93 27 70
72 94 50 45
72 95 21 21
72 96 41 52
72 97 84 34
72 98 8 24
72 99 71 64
73 74 94 53
73 75 83 37
73 76 25 64
73 77 96 43
73 78 36 17
73 79 47 74
73 80 31 25
73 81 33 92
73 82 54 13
73 83 39 35
73 84 86 72
73 85 18 72
73 86 32 58
73 87 56 44
73 88 64 71
73 89 52 36
73 90 11 40
73 91 82 27
73 92 82 61
73 93 70 54
73 94 12 94
73 95 85 61
73 96 26 65
73 97 39 50
73 98 51 42
73 99 12 26
74 75 43 79
74 76 86 81
74 77 25 85
74 78 70 84
74 79 90 40
74 80 83 31
74 81 30 19
74 82 57 48
74 83 62 15
74 84 80 39
74 85 58 26
74 86 29 86
74 87 25 19
74 88 2 33
74 89 98 62
74 90 2 46
74 91 30 67
74 92 17 25
74 93 18 27
74 94 98 71
74 95 10 47
74 96 64 72
74 97 44 61
74 98 31 30
74 99 97 72
75 76 53 14
75 77 85 52
75 78 20 49
75 79 97 10
75 80 69 41
75 81 46 47
75 82 73 31
75 83 35 18
75 84 60 63
75 85 17 19
75 86 97 21
75 87 83 29
75 88 6 73
75 89 23 78
75 90 97 71
75 91 9 54
75 92 18 57
75 93 53 32
75 94 39 56
75 95 79 12
75 96 72 85
75 97 20 53
75 98 54 61
75 99 90 63
76 77 48 31
76 78 26 88
76 79 34 91
76 80 37 34
76 81 78 22
76 82 90 10
76 83 69 46
76 84 69 49
76 85 73 36
76 86 4 82
76 87 58 84
76 88 4 73
76 89 88 3
76 90 85 47
76 91 30 27
76 92 83 43
76 93 62 44
76 94 64 60
76 95 73 39
76 96 94 75
76 97 51 47
76 98 42 30
76 99 77 31
77 78 74 25
77 79 86 23
77 80 53 63
77 81 54 12
77 82 61 54
77 83 95 33
77 84 9 48
77 85 95 75
77 86 0 80
77 87 51 46
77 88 83 23
77 89 33 61
77 90 80 73
77 91 15 93
77 92 6 87
77 93 24 65
77 94 43 20
77 95 66 15
77 96 51 58
77 97 4 41
77 98 12 40
77 99 60 58
78 79 80 18
78 80 54 26
78 81 45 54
78 82 17 33
78 83 44 57
78 84 21 27
78 85 99 50
78 86 22 68
78 87 68 36
78 88 10 38
78 89 36 30
78 90 99 10
78 91 55 49
78 92 64 68
78 93 22 36
78 94 39 55
78 95 10 48
78 96 37 36
78 97 71 73
78 98 95 17
78 99 45 39
79 80 99 62
79 81 73 55
79 82 74 50
79 83 27 36
79 84 75 5
79 85 84 21
79 86 7 70
79 87 46 21
79 88 15 68
79 89 75 53
79 90 4 63
79 91 59 24
79 92 85 15
79 93 98 39
79 94 44 21
79 95 43 28
79 96 96 71
79 97 25 82
79 98 99 62
79 99 28 89
80 81 48 42
80 82 60 38
80 83 18 54
80 84 87 37
80 85 89 80
80 86 64 73
80 87 21 39
80 88 98 65
80 89 67 47
80 90 22 48
80 91 10 71
80 92 29 48
80 93 53 18
80 94 57 64
80 95 70 64
80 96 66 85
80 97 31 70
80 98 72 51
80 99 36 18
81 82 39 17
81 83 55 35
81 84 90 59
81 85 4 30
81 86 81 9
81 87 21 92
81 88 67 70
81 89 64 68
81 90 7 41
81 91 22 95
81 92 9 26
81 93 95 69
81 94 29 18
81 95 72 20
81 96 43 89
81 97 29 15
81 98 21 29
81 99 82 69
82 83 35 67
82 84 77 62
82 85 77 81
82 86 56 87
82 87 27 90
82 88 17 21
82 89 80 70
82 90 75 71
82 91 72 60
82 92 36 80
82 93 0 56
82 94 37 81
82 95 82 61
82 96 75 50
82 97 71 41
82 98 61 15
82 99 49 13
83 84 16 42
83 85 84 82
83 86 20 37
83 87 89 53
83 88 99 75
83 89 72 35
83 90 17 63
83 91 30 38
83 92 40 21
83 93 19 18
83 94 12 21
83 95 47 28
83 96 47 27
83 97 93 16
83 98 22 56
83 99 9 68
84 85 34 62
84 86 51 87
84 87 89 52
84 88 65 49
84 89 59 45
84 90 49 14
84 91 4 21
84 92 63 12
84 93 25 22
84 94 28 35
84 95 54 61
84 96 78 61
84 97 72 6
84 98 98 11
84 99 6 36
85 86 12 21
85 87 1 31
85 88 94 23
85 89 81 26
85 90 61 67
85 91 8 22
85 92 37 19
85 93 81 69
85 94 78 39
85 95 49 42
85 96 5 88
85 97 95 27
85 98 65 70
85 99 11 54
86 87 53 82
86 88 2 65
86 89 92 31
86 90 75 47
86 91 39 87
86 92 51 20
86 93 69 16
86 94 43 22
86 95 77 17
86 96 36 70
86 97 43 83
86 98 27 44
86 99 42 55
87 88 67 16
87 89 74 38
87 90 62 44
87 91 36 54
87 92 9 18
87 93 82 20
87 94 50 39
87 95 93 21
87 96 73 75
87 97 0 21
87 98 9 22
87 99 83 52
88 89 0 56
88 90 8 32
88 91 14 82
88 92 13 41
88 93 70 66
88 94 97 43
88 95 47 14
88 96 23 49
88 97 19 59
88 98 8 27
88 99 32 50
89 90 41 21
89 91 6 79
89 92 68 41
89 93 7 49
89 94 59 37
89 95 66 45
89 96 56 16
89 97 71 17
89 98 80 27
89 99 57 53
90 91 65 84
90 92 40 16
90 93 92 80
90 94 5 27
90 95 28 76
90 96 54 81
90 97 59 60
90 98 41 12
90 99 10 27
91 92 51 83
91 93 64 61
91 94 58 85
91 95 48 58
91 96 46 72
91 97 25 36
91 98 81 46
91 99 62 56
92 93 92 44
92 94 91 71
92 95 66 6
92 96 50 85
92 97 86 50
92 98 80 26
92 99 99 68
93 94 53 60
93 95 0 44
93 96 6 54
93 97 27 45
93 98 35 34
93 99 10 65
94 95 10 34
94 96 0 82
94 97 19 56
94 98 62 84
94 99 33 57
95 96 61 52
95 97 1 89
95 98 11 46
95 99 33 82
96 97 78 9
96 98 97 59
96 99 55 88
97 98 11 69
97 99 12 81
98 99 5 75
0
2505
72 5760
73 5705
74 5653
75 5605
76 5557
77 5513
78 5471
79 5431
80 5393
81 5358
82 5323
83 5296
84 5264
85 5238
86 5206
87 5182
88 5157
89 5133
90 5108
91 5084
92 5060
93 5036
94 5013
95 4990
96 4968
97 4945
98 4923
99 4903
100 4882
101 4862
102 4842
103 4822
104 4802
105 4782
106 4764
107 4744
108 4727
109 4710
110 4691
111 4674
112 4657
113 4640
114 4621
115 4605
116 4590
117 4570
118 4554
119 4542
120 4524
121 4508
122 4496
123 4482
124 4469
125 4454
126 4443
127 4428
128 4416
129 4403
130 4390
131 4379
132 4365
133 4356
134 4341
135 4332
136 4323
137 4309
138 4300
139 4288
140 4279
141 4270
142 4256
143 4247
144 4238
145 4226
146 4217
147 4208
148 4196
149 4187
150 4179
151 4170
152 4160
153 4151
154 4143
155 4134
156 4126
157 4116
158 4107
159 4099
160 4090
161 4082
162 4074
163 4066
164 4059
165 4051
166 4043
167 4037
168 4029
169 4020
170 4012
171 4004
172 3996
173 3989
174 3981
175 3973
176 3967
177 3959
178 3953
179 3945
180 3937
181 3931
182 3923
183 3917
184 3910
185 3903
186 3895
187 3889
188 3881
189 3876
190 3868
191 3862
192 3855
193 3849
194 3842
195 3838
196 3831
197 3825
198 3819
199 3812
200 3808
201 3801
202 3796
203 3791
204 3783
205 3778
206 3772
207 3767
208 3762
209 3756
210 3750
211 3745
212 3740
213 3734
214 3729
215 3723
216 3718
217 3713
218 3707
219 3702
220 3697
221 3691
222 3687
223 3681
224 3675
225 3671
226 3665
227 3661
228 3655
229 3649
230 3645
231 3641
232 3635
233 3629
234 3625
235 3619
236 3615
237 3609
238 3603
239 3599
240 3597
241 3592
242 3587
243 3581
244 3577
245 3574
246 3570
247 3565
248 3559
249 3555
250 3552
251 3550
252 3543
253 3539
254 3536
255 3532
256 3529
257 3524
258 3519
259 3515
260 3512
261 3509
262 3503
263 3499
264 3496
265 3492
266 3489
267 3484
268 3480
269 3476
270 3473
271 3469
272 3466
273 3461
274 3457
275 3453
276 3450
277 3446
278 3443
279 3439
280 3435
281 3431
282 3427
283 3423
284 3420
285 3417
286 3413
287 3409
288 3405
289 3401
290 3397
291 3395
292 3391
293 3387
294 3383
295 3379
296 3376
297 3373
298 3369
299 3365
300 3362
301 3358
302 3354
303 3350
304 3347
305 3344
306 3340
307 3336
308 3332
309 3330
310 3326
311 3322
312 3318
313 3316
314 3312
315 3308
316 3304
317 3300
318 3298
319 3295
320 3291
321 3287
322 3284
323 3280
324 3277
325 3273
326 3271
327 3267
328 3264
329 3260
330 3257
331 3253
332 3250
333 3248
334 3244
335 3240
336 3237
337 3234
338 3230
339 3228
340 3224
341 3221
342 3217
343 3214
344 3211
345 3208
346 3205
347 3201
348 3198
349 3195
350 3192
351 3189
352 3186
353 3182
354 3180
355 3177
356 3173
357 3170
358 3167
359 3164
360 3161
361 3158
362 3154
363 3152
364 3149
365 3145
366 3142
367 3139
368 3136
369 3133
370 3130
371 3126
372 3124
373 3121
374 3117
375 3114
376 3111
377 3108
378 3105
379 3102
380 3098
381 3096
382 3093
383 3089
384 3086
385 3083
386 3080
387 3077
388 3074
389 3070
390 3068
391 3065
392 3061
393 3059
394 3056
395 3052
396 3050
397 3048
398 3045
399 3042
400 3038
401 3036
402 3033
403 3029
404 3027
405 3024
406 3020
407 3018
408 3017
409 3014
410 3011
411 3008
412 3004
413 3002
414 2999
415 2995
416 2993
417 2990
418 2988
419 2986
420 2984
421 2981
422 2978
423 2974
424 2972
425 2969
426 2965
427 2963
428 2962
429 2959
430 2956
431 2954
432 2951
433 2947
434 2945
435 2942
436 2940
437 2938
438 2936
439 2933
440 2930
441 2926
442 2924
443 2921
444 2917
445 2915
446 2914
447 2911
448 2908
449 2906
450 2904
451 2900
452 2898
453 2895
454 2893
455 2890
456 2888
457 2886
458 2883
459 2881
460 2878
461 2876
462 2873
463 2871
464 2868
465 2866
466 2864
467 2861
468 2859
469 2856
470 2854
471 2851
472 2849
473 2847
474 2845
475 2842
476 2840
477 2837
478 2834
479 2832
481 2828
482 2825
483 2823
484 2822
485 2820
486 2818
487 2815
488 2813
489 2811
490 2809
491 2806
492 2804
493 2803
494 2801
495 2799
496 2796
497 2794
498 2792
499 2790
500 2788
501 2787
502 2784
503 2782
504 2780
505 2778
506 2776
507 2774
508 2771
509 2769
510 2768
511 2766
512 2764
513 2761
514 2759
515 2757
516 2755
517 2753
518 2752
519 2749
520 2747
521 2745
522 2743
523 2741
524 2739
525 2737
526 2735
527 2733
528 2731
529 2730
530 2727
531 2725
532 2723
533 2721
534 2719
535 2717
536 2715
537 2714
538 2711
539 2709
540 2708
541 2705
542 2703
543 2702
544 2700
545 2698
546 2695
547 2693
548 2692
549 2690
550 2688
551 2686
552 2685
553 2683
554 2681
555 2678
556 2676
557 2675
558 2673
559 2671
560 2669
561 2668
562 2666
563 2664
564 2662
565 2660
566 2658
567 2657
568 2654
569 2652
570 2651
571 2649
572 2648
573 2646
574 2644
575 2643
576 2641
577 2639
578 2636
579 2634
580 2633
581 2631
583 2628
584 2627
585 2625
586 2623
587 2622
588 2620
589 2618
590 2617
591 2616
592 2614
593 2612
594 2609
595 2607
596 2606
597 2604
599 2601
600 2600
601 2598
602 2596
603 2595
604 2593
605 2591
606 2590
607 2589
608 2587
609 2585
610 2584
611 2582
612 2580
613 2579
614 2578
615 2576
616 2574
617 2573
618 2571
619 2569
620 2568
621 2567
622 2566
623 2563
624 2562
625 2561
626 2559
627 2557
628 2556
629 2555
630 2553
631 2551
632 2550
633 2549
634 2548
635 2545
636 2544
637 2543
638 2541
639 2539
640 2538
641 2537
642 2536
643 2533
644 2532
645 2531
646 2530
647 2528
648 2527
649 2526
650 2524
651 2523
652 2522
653 2521
654 2519
655 2518
656 2517
657 2516
658 2513
659 2512
660 2511
661 2510
662 2508
663 2507
664 2506
665 2504
666 2503
667 2502
668 2501
669 2499
670 2498
671 2497
672 2496
673 2494
674 2493
675 2492
676 2490
677 2489
678 2488
679 2487
680 2485
681 2484
682 2483
683 2482
684 2480
685 2479
686 2478
687 2477
688 2475
689 2474
690 2473
691 2472
692 2470
693 2469
694 2468
695 2466
696 2465
697 2464
698 2463
699 2461
700 2460
701 2459
702 2458
703 2457
704 2455
705 2454
706 2453
707 2452
708 2451
709 2449
710 2448
711 2447
712 2446
713 2445
714 2443
715 2442
716 2441
717 2440
718 2439
719 2437
720 2436
721 2435
722 2434
723 2433
724 2431
725 2430
726 2429
727 2428
728 2427
729 2425
730 2424
731 2423
732 2422
733 2421
734 2420
735 2419
736 2417
737 2416
738 2415
739 2414
740 2413
741 2412
742 2411
743 2410
744 2409
745 2407
746 2406
747 2405
748 2404
749 2403
750 2402
751 2401
752 2400
753 2399
754 2398
755 2397
756 2395
757 2394
758 2393
759 2392
760 2391
761 2390
762 2389
763 2388
764 2387
765 2386
766 2385
767 2383
768 2382
770 2381
771 2379
772 2378
773 2377
774 2376
775 2375
776 2374
777 2373
778 2372
779 2371
780 2370
781 2369
782 2368
783 2367
784 2366
785 2365
786 2364
787 2363
788 2362
789 2361
790 2360
791 2359
792 2358
793 2357
794 2356
795 2355
796 2354
797 2353
798 2352
799 2351
800 2350
801 2349
802 2348
803 2347
804 2346
805 2345
806 2344
807 2343
808 2342
809 2341
810 2340
811 2339
812 2338
813 2337
814 2336
815 2335
816 2334
817 2333
818 2332
819 2331
820 2330
821 2329
822 2328
823 2327
824 2326
825 2325
827 2323
828 2322
830 2321
831 2319
833 2318
834 2317
835 2316
836 2315
837 2314
838 2313
839 2312
840 2311
841 2310
842 2309
843 2308
844 2307
845 2306
846 2305
848 2304
849 2303
850 2302
851 2301
852 2300
853 2299
854 2298
855 2297
856 2296
857 2295
858 2294
859 2293
860 2292
862 2291
863 2290
864 2289
865 2288
866 2287
867 2286
868 2285
869 2284
870 2283
872 2282
873 2280
875 2279
876 2278
877 2277
878 2276
879 2275
881 2273
882 2272
884 2271
885 2270
886 2269
887 2268
889 2266
890 2265
892 2264
893 2263
894 2262
895 2261
897 2260
898 2258
900 2257
901 2256
902 2255
903 2254
904 2253
906 2251
907 2250
909 2249
910 2248
911 2247
912 2246
914 2244
915 2243
917 2242
918 2241
919 2240
920 2239
922 2238
923 2236
925 2235
926 2234
928 2232
930 2231
931 2230
932 2229
933 2228
935 2227
936 2226
937 2225
939 2224
940 2222
942 2221
943 2220
945 2218
947 2217
948 2216
950 2214
952 2213
953 2212
955 2211
956 2210
958 2209
959 2207
961 2206
962 2205
964 2203
966 2202
967 2201
969 2200
970 2199
972 2197
974 2196
975 2195
977 2194
978 2193
980 2192
981 2190
983 2189
984 2188
986 2186
988 2185
989 2184
991 2183
993 2182
994 2181
996 2179
998 2178
999 2177
1001 2176
1003 2174
1005 2173
1006 2172
1008 2170
1010 2169
1011 2168
1013 2167
1015 2166
1016 2165
1018 2163
1020 2162
1021 2161
1023 2160
1025 2159
1027 2158
1029 2157
1030 2156
1032 2155
1033 2154
1035 2153
1037 2152
1038 2151
1040 2150
1042 2149
1043 2148
1045 2146
1047 2145
1048 2144
1050 2143
1052 2142
1054 2141
1056 2140
1057 2139
1059 2138
1060 2137
1062 2136
1064 2135
1066 2134
1067 2133
1069 2132
1070 2131
1072 2130
1074 2129
1076 2128
1078 2127
1079 2126
1081 2125
1082 2124
1084 2123
1086 2122
1088 2121
1090 2120
1092 2119
1093 2118
1095 2117
1097 2116
1099 2115
1101 2114
1102 2113
1104 2112
1105 2111
1107 2110
1109 2109
1111 2108
1113 2107
1115 2106
1117 2105
1118 2104
1120 2103
1122 2102
1124 2101
1126 2100
1127 2099
1129 2098
1131 2097
1133 2096
1135 2095
1137 2094
1139 2093
1140 2092
1142 2091
1144 2090
1146 2089
1148 2088
1150 2087
1152 2086
1153 2085
1155 2084
1157 2083
1159 2082
1161 2081
1163 2080
1165 2079
1166 2078
1168 2077
1170 2076
1172 2075
1174 2074
1176 2073
1178 2072
1180 2071
1181 2070
1183 2069
1185 2068
1187 2067
1189 2066
1191 2065
1193 2064
1195 2063
1197 2062
1198 2061
1201 2060
1202 2059
1205 2058
1206 2057
1209 2056
1211 2055
1213 2054
1215 2053
1217 2052
1219 2051
1220 2050
1223 2049
1224 2048
1227 2047
1228 2046
1231 2045
1233 2044
1235 2043
1237 2042
1239 2041
1241 2040
1243 2039
1245 2038
1247 2037
1249 2036
1251 2035
1253 2034
1255 2033
1257 2032
1260 2031
1262 2030
1264 2029
1266 2028
1268 2027
1270 2026
1272 2025
1274 2024
1276 2023
1278 2022
1280 2021
1283 2020
1285 2019
1287 2018
1289 2017
1291 2016
1293 2015
1295 2014
1297 2013
1300 2012
1302 2011
1304 2010
1306 2009
1309 2008
1310 2007
1313 2006
1315 2005
1317 2004
1319 2003
1321 2002
1323 2001
1326 2000
1327 1999
1330 1998
1332 1997
1335 1996
1336 1995
1339 1994
1341 1993
1343 1992
1345 1991
1348 1990
1349 1989
1352 1988
1353 1987
1357 1986
1359 1985
1361 1984
1363 1983
1365 1982
1369 1980
1373 1979
1374 1978
1377 1977
1379 1976
1381 1975
1384 1974
1386 1973
1389 1972
1390 1971
1393 1970
1396 1969
1398 1968
1400 1967
1402 1966
1405 1965
1407 1964
1410 1963
1412 1962
1414 1961
1417 1960
1419 1959
1422 1958
1424 1957
1426 1956
1429 1955
1431 1954
1434 1953
1436 1952
1438 1951
1441 1950
1443 1949
1446 1948
1448 1947
1450 1946
1453 1945
1455 1944
1458 1943
1460 1942
1462 1941
1465 1940
1467 1939
1470 1938
1472 1937
1475 1936
1477 1935
1479 1934
1483 1933
1485 1932
1488 1931
1489 1930
1492 1929
1495 1928
1497 1927
1500 1926
1502 1925
1505 1924
1507 1923
1510 1922
1512 1921
1514 1920
1518 1919
1520 1918
1523 1917
1524 1916
1527 1915
1530 1914
1533 1913
1535 1912
1538 1911
1541 1910
1544 1909
1546 1908
1548 1907
1551 1906
1554 1905
1557 1904
1559 1903
1562 1902
1565 1901
1568 1900
1570 1899
1572 1898
1575 1897
1578 1896
1581 1895
1583 1894
1586 1893
1589 1892
1592 1891
1594 1890
1597 1889
1600 1888
1603 1887
1606 1886
1608 1885
1611 1884
1614 1883
1617 1882
1619 1881
1621 1880
1624 1879
1627 1878
1630 1877
1632 1876
1635 1875
1638 1874
1641 1873
1643 1872
1646 1871
1649 1870
1652 1869
1655 1868
1657 1867
1660 1866
1663 1865
1666 1864
1668 1863
1671 1862
1674 1861
1677 1860
1679 1859
1682 1858
1685 1857
1688 1856
1691 1855
1693 1854
1696 1853
1699 1852
1702 1851
1704 1850
1707 1849
1710 1848
1713 1847
1716 1846
1719 1845
1721 1844
1724 1843
1727 1842
1730 1841
1733 1840
1736 1839
1739 1838
1741 1837
1744 1836
1747 1835
1750 1834
1753 1833
1756 1832
1759 1831
1761 1830
1764 1829
1767 1828
1770 1827
1773 1826
1776 1825
1779 1824
1781 1823
1784 1822
1787 1821
1790 1820
1794 1819
1797 1818
1800 1817
1803 1816
1805 1815
1808 1814
1811 1813
1814 1812
1818 1811
1821 1810
1824 1809
1827 1808
1830 1807
1833 1806
1836 1805
1839 1804
1843 1803
1846 1802
1849 1801
1852 1800
1855 1799
1858 1798
1861 1797
1864 1796
1867 1795
1871 1794
1874 1793
1877 1792
1880 1791
1883 1790
1886 1789
1889 1788
1892 1787
1896 1786
1899 1785
1902 1784
1905 1783
1908 1782
1911 1781
1915 1780
1918 1779
1921 1778
1924 1777
1928 1776
1931 1775
1934 1774
1937 1773
1940 1772
1943 1771
1947 1770
1950 1769
1954 1768
1956 1767
1960 1766
1964 1765
1967 1764
1970 1763
1973 1762
1977 1761
1980 1760
1983 1759
1986 1758
1989 1757
1992 1756
1996 1755
1999 1754
2003 1753
2005 1752
2009 1751
2013 1750
2016 1749
2019 1748
2022 1747
2026 1746
2029 1745
2033 1744
2035 1743
2039 1742
2043 1741
2046 1740
2049 1739
2052 1738
2056 1737
2060 1736
2063 1735
2066 1734
2070 1733
2073 1732
2076 1731
2080 1730
2084 1729
2087 1728
2090 1727
2093 1726
2097 1725
2101 1724
2104 1723
2107 1722
2111 1721
2114 1720
2117 1719
2121 1718
2125 1717
2128 1716
2131 1715
2134 1714
2138 1713
2142 1712
2145 1711
2148 1710
2152 1709
2155 1708
2159 1707
2163 1706
2166 1705
2169 1704
2173 1703
2177 1702
2180 1701
2183 1700
2187 1699
2190 1698
2194 1697
2198 1696
2201 1695
2204 1694
2208 1693
2212 1692
2215 1691
2219 1690
2222 1689
2226 1688
2229 1687
2233 1686
2236 1685
2240 1684
2243 1683
2247 1682
2251 1681
2254 1680
2258 1679
2262 1678
2265 1677
2269 1676
2272 1675
2276 1674
2280 1673
2283 1672
2287 1671
2291 1670
2294 1669
2298 1668
2302 1667
2305 1666
2309 1665
2312 1664
2316 1663
2320 1662
2323 1661
2327 1660
2331 1659
2334 1658
2338 1657
2342 1656
2345 1655
2349 1654
2353 1653
2356 1652
2360 1651
2364 1650
2367 1649
2371 1648
2375 1647
2378 1646
2382 1645
2386 1644
2389 1643
2393 1642
2397 1641
2400 1640
2404 1639
2408 1638
2411 1637
2415 1636
2419 1635
2422 1634
2426 1633
2430 1632
2433 1631
2437 1630
2441 1629
2444 1628
2448 1627
2452 1626
2456 1625
2459 1624
2463 1623
2467 1622
2470 1621
2474 1620
2478 1619
2482 1618
2486 1617
2489 1616
2493 1615
2497 1614
2501 1613
2505 1612
2509 1611
2512 1610
2516 1609
2520 1608
2524 1607
2528 1606
2531 1605
2535 1604
2539 1603
2543 1602
2547 1601
2551 1600
2555 1599
2558 1598
2562 1597
2566 1596
2570 1595
2574 1594
2577 1593
2581 1592
2585 1591
2589 1590
2593 1589
2597 1588
2601 1587
2604 1586
2608 1585
2612 1584
2616 1583
2620 1582
2624 1581
2627 1580
2631 1579
2635 1578
2639 1577
2643 1576
2647 1575
2651 1574
2654 1573
2658 1572
2662 1571
2666 1570
2670 1569
2674 1568
2677 1567
2681 1566
2685 1565
2689 1564
2693 1563
2697 1562
2701 1561
2704 1560
2708 1559
2712 1558
2716 1557
2720 1556
2724 1555
2728 1554
2731 1553
2735 1552
2739 1551
2743 1550
2747 1549
2751 1548
2755 1547
2758 1546
2762 1545
2766 1544
2770 1543
2774 1542
2778 1541
2782 1540
2786 1539
2790 1538
2794 1537
2798 1536
2802 1535
2805 1534
2809 1533
2813 1532
2817 1531
2821 1530
2825 1529
2829 1528
2833 1527
2837 1526
2841 1525
2845 1524
2849 1523
2853 1522
2857 1521
2861 1520
2864 1519
2868 1518
2872 1517
2876 1516
2880 1515
2884 1514
2888 1513
2892 1512
2896 1511
2900 1510
2904 1509
2908 1508
2912 1507
2916 1506
2920 1505
2924 1504
2927 1503
2931 1502
2935 1501
2939 1500
2943 1499
2947 1498
2951 1497
2955 1496
2959 1495
2963 1494
2967 1493
2971 1492
2975 1491
2979 1490
2983 1489
2987 1488
2991 1487
2995 1486
2999 1485
3003 1484
3007 1483
3011 1482
3015 1481
3019 1480
3023 1479
3027 1478
3031 1477
3035 1476
3039 1475
3043 1474
3047 1473
3051 1472
3055 1471
3059 1470
3063 1469
3067 1468
3071 1467
3075 1466
3079 1465
3083 1464
3087 1463
3091 1462
3095 1461
3099 1460
3103 1459
3107 1458
3111 1457
3115 1456
3119 1455
3123 1454
3127 1453
3131 1452
3135 1451
3139 1450
3143 1449
3147 1448
3151 1447
3155 1446
3160 1445
3164 1444
3168 1443
3172 1442
3176 1441
3180 1440
3184 1439
3188 1438
3192 1437
3196 1436
3200 1435
3204 1434
3208 1433
3212 1432
3216 1431
3220 1430
3224 1429
3229 1428
3233 1427
3237 1426
3241 1425
3245 1424
3249 1423
3253 1422
3257 1421
3261 1420
3265 1419
3269 1418
3273 1417
3277 1416
3281 1415
3285 1414
3290 1413
3294 1412
3298 1411
3302 1410
3306 1409
3310 1408
3314 1407
3318 1406
3322 1405
3326 1404
3331 1403
3335 1402
3339 1401
3343 1400
3347 1399
3351 1398
3355 1397
3360 1396
3364 1395
3368 1394
3372 1393
3376 1392
3380 1391
3385 1390
3389 1389
3393 1388
3397 1387
3401 1386
3405 1385
3409 1384
3413 1383
3417 1382
3421 1381
3426 1380
3430 1379
3434 1378
3438 1377
3442 1376
3446 1375
3450 1374
3455 1373
3459 1372
3463 1371
3467 1370
3471 1369
3476 1368
3480 1367
3484 1366
3489 1365
3493 1364
3497 1363
3501 1362
3505 1361
3509 1360
3513 1359
3518 1358
3522 1357
3526 1356
3530 1355
3534 1354
3540 1353
3544 1352
3548 1351
3552 1350
3556 1349
3560 1348
3564 1347
3569 1346
3573 1345
3577 1344
3581 1343
3585 1342
3590 1341
3594 1340
3599 1339
3603 1338
3607 1337
3612 1336
3616 1335
3621 1334
3625 1333
3629 1332
3633 1331
3637 1330
3642 1329
3646 1328
3650 1327
3654 1326
3658 1325
3663 1324
3667 1323
3672 1322
3676 1321
3681 1320
3685 1319
3689 1318
3694 1317
3698 1316
3702 1315
3706 1314
3711 1313
3715 1312
3719 1311
3723 1310
3727 1309
3732 1308
3736 1307
3741 1306
3745 1305
3750 1304
3754 1303
3758 1302
3763 1301
3767 1300
3771 1299
3776 1298
3780 1297
3784 1296
3789 1295
3793 1294
3797 1293
3801 1292
3806 1291
3810 1290
3815 1289
3819 1288
3824 1287
3828 1286
3832 1285
3837 1284
3841 1283
3845 1282
3850 1281
3854 1280
3858 1279
3863 1278
3867 1277
3872 1276
3876 1275
3881 1274
3885 1273
3889 1272
3894 1271
3898 1270
3902 1269
3907 1268
3911 1267
3915 1266
3920 1265
3924 1264
3929 1263
3933 1262
3938 1261
3942 1260
3946 1259
3951 1258
3955 1257
3959 1256
3964 1255
3968 1254
3973 1253
3977 1252
3982 1251
3986 1250
3990 1249
3995 1248
3999 1247
4004 1246
4008 1245
4013 1244
4017 1243
4022 1242
4026 1241
4030 1240
4035 1239
4040 1238
4044 1237
4048 1236
4053 1235
4058 1234
4062 1233
4066 1232
4071 1231
4075 1230
4080 1229
4084 1228
4089 1227
4093 1226
4098 1225
4102 1224
4107 1223
4111 1222
4115 1221
4120 1220
4125 1219
4129 1218
4133 1217
4138 1216
4143 1215
4147 1214
4151 1213
4156 1212
4161 1211
4165 1210
4170 1209
4174 1208
4178 1207
4183 1206
4188 1205
4192 1204
4196 1203
4201 1202
4206 1201
4210 1200
4214 1199
4219 1198
4224 1197
4228 1196
4233 1195
4237 1194
4242 1193
4247 1192
4251 1191
4255 1190
4260 1189
4265 1188
4269 1187
4273 1186
4278 1185
4283 1184
4287 1183
4292 1182
4296 1181
4301 1180
4306 1179
4310 1178
4315 1177
4319 1176
4324 1175
4328 1174
4333 1173
4338 1172
4342 1171
4347 1170
4351 1169
4356 1168
4361 1167
4365 1166
4370 1165
4374 1164
4379 1163
4384 1162
4388 1161
4393 1160
4398 1159
4402 1158
4407 1157
4412 1156
4416 1155
4421 1154
4426 1153
4430 1152
4435 1151
4440 1150
4444 1149
4449 1148
4453 1147
4459 1146
4463 1145
4467 1144
4473 1143
4477 1142
4482 1141
4486 1140
4492 1139
4496 1138
4500 1137
4506 1136
4510 1135
4515 1134
4520 1133
4525 1132
4529 1131
4533 1130
4539 1129
4543 1128
4548 1127
4553 1126
4558 1125
4562 1124
4568 1123
4572 1122
4576 1121
4582 1120
4587 1119
4591 1118
4595 1117
4601 1116
4605 1115
4610 1114
4615 1113
4620 1112
4624 1111
4630 1110
4634 1109
4638 1108
4644 1107
4649 1106
4653 1105
4657 1104
4664 1103
4667 1102
4672 1101
4677 1100
4682 1099
4687 1098
4692 1097
4697 1096
4700 1095
4706 1094
4711 1093
4715 1092
4720 1091
4726 1090
4730 1089
4734 1088
4740 1087
4744 1086
4749 1085
4754 1084
4759 1083
4764 1082
4769 1081
4773 1080
4777 1079
4783 1078
4788 1077
4793 1076
4797 1075
4803 1074
4808 1073
4812 1072
4817 1071
4821 1070
4826 1069
4831 1068
4836 1067
4841 1066
4846 1065
4851 1064
4856 1063
4861 1062
4866 1061
4870 1060
4874 1059
4880 1058
4885 1057
4890 1056
4894 1055
4900 1054
4905 1053
4910 1052
4914 1051
4918 1050
4923 1049
4929 1048
4933 1047
4938 1046
4943 1045
4949 1044
4953 1043
4959 1042
4963 1041
4969 1040
4973 1039
4977 1038
4982 1037
4988 1036
4993 1035
4997 1034
5002 1033
5007 1032
5012 1031
5018 1030
5022 1029
5027 1028
5032 1027
5037 1026
5042 1025
5047 1024
5052 1023
5057 1022
5062 1021
5066 1020
5071 1019
5077 1018
5082 1017
5086 1016
5091 1015
5097 1014
5102 1013
5107 1012
5112 1011
5117 1010
5121 1009
5126 1008
5132 1007
5136 1006
5141 1005
5146 1004
5151 1003
5156 1002
5161 1001
5166 1000
5171 999
5176 998
5182 997
5187 996
5191 995
5196 994
5201 993
5206 992
5211 991
5216 990
5221 989
5226 988
5231 987
5236 986
5241 985
5246 984
5251 983
5256 982
5262 981
5267 980
5271 979
5276 978
5282 977
5287 976
5291 975
5296 974
5301 973
5306 972
5312 971
5317 970
5321 969
5326 968
5333 967
5337 966
5342 965
5347 964
5353 963
5357 962
5362 961
5367 960
5372 959
5378 958
5383 957
5387 956
5392 955
5399 954
5403 953
5408 952
5413 951
5419 950
5424 949
5429 948
5434 947
5439 946
5444 945
5449 944
5454 943
5460 942
5465 941
5469 940
5474 939
5481 938
5485 937
5490 936
5495 935
5501 934
5506 933
5511 932
5516 931
5522 930
5526 929
5531 928
5536 927
5542 926
5547 925
5552 924
5557 923
5563 922
5568 921
5573 920
5578 919
5584 918
5589 917
5593 916
5599 915
5605 914
5609 913
5614 912
5621 911
5626 910
5630 909
5635 908
5642 907
5647 906
5651 905
5656 904
5662 903
5668 902
5672 901
5678 900
5683 899
5690 898
5694 897
5699 896
5704 895
5711 894
5715 893
5720 892
5725 891
5732 890
5737 889
5741 888
5747 887
5753 886
5759 885
5763 884
5768 883
5774 882
5780 881
5784 880
5790 879
5796 878
5801 877
5806 876
5812 875
5817 874
5823 873
5829 872
5833 871
5839 870
5844 869
5851 868
5855 867
5860 866
5866 865
5872 864
5878 863
5882 862
5888 861
5894 860
5899 859
5905 858
5910 857
5915 856
5921 855
5927 854
5932 853
5937 852
5944 851
5949 850
5955 849
5960 848
5965 847
5971 846
5977 845
5982 844
5987 843
5994 842
5999 841
6005 840
6010 839
6016 838
6022 837
6028 836
6032 835
6038 834
6044 833
6050 832
6056 831
6061 830
6067 829
6073 828
6079 827
6083 826
6090 825
6095 824
6102 823
6108 822
6112 821
6119 820
6124 819
6131 818
6137 817
6141 816
6148 815
6153 814
6160 813
6165 812
6170 811
6177 810
6182 809
6189 808
6194 807
6199 806
6206 805
6211 804
6218 803
6223 802
6228 801
6235 800
6240 799
6247 798
6252 797
6259 796
6265 795
6269 794
6276 793
6281 792
6288 791
6293 790
6300 789
6306 788
6311 787
6317 786
6323 785
6329 784
6335 783
6341 782
6348 781
6352 780
6359 779
6364 778
6371 777
6376 776
6383 775
6390 774
6394 773
6400 772
6406 771
6412 770
6418 769
6424 768
6431 767
6436 766
6442 765
6448 764
6454 763
6460 762
6466 761
6473 760
6478 759
6484 758
6490 757
6496 756
6502 755
6508 754
6515 753
6521 752
6526 751
6533 750
6538 749
6545 748
6550 747
6557 746
6564 745
6569 744
6576 743
6581 742
6588 741
6595 740
6600 739
6607 738
6613 737
6619 736
6626 735
6632 734
6638 733
6645 732
6650 731
6657 730
6664 729
6669 728
6676 727
6682 726
6688 725
6695 724
6701 723
6707 722
6714 721
6720 720
6726 719
6733 718
6739 717
6745 716
6752 715
6758 714
6765 713
6771 712
6777 711
6784 710
6790 709
6796 708
6803 707
6809 706
6816 705
6822 704
6828 703
6835 702
6842 701
6848 700
6854 699
6861 698
6867 697
6874 696
6880 695
6887 694
6893 693
6899 692
6906 691
6913 690
6919 689
6925 688
6932 687
6939 686
6945 685
6952 684
6959 683
6966 682
6973 681
6978 680
6985 679
6992 678
6999 677
7006 676
7013 675
7021 674
7028 673
7033 672
7040 671
7047 670
7054 669
7061 668
7068 667
7076 666
7083 665
7090 664
7098 663
7104 662
7111 661
7118 660
7125 659
7132 658
7139 657
7147 656
7154 655
7161 654
7169 653
7175 652
7182 651
7189 650
7196 649
7203 648
7210 647
7218 646
7225 645
7232 644
7240 643
7247 642
7255 641
7262 640
7269 639
7277 638
7284 637
7291 636
7299 635
7306 634
7314 633
7321 632
7329 631
7336 630
7344 629
7351 628
7359 627
7366 626
7375 625
7382 624
7390 623
7397 622
7406 621
7413 620
7422 619
7431 618
7438 617
7447 616
7456 615
7465 614
7472 613
7481 612
7490 611
7499 610
7508 609
7515 608
7525 607
7535 606
7543 605
7552 604
7560 603
7570 602
7580 601
7588 600
7597 599
7607 598
7617 597
7625 596
7635 595
7645 594
7655 593
7665 592
7675 591
7685 590
7695 589
7705 588
7715 587
7725 586
7735 585
7745 584
7756 583
7766 582
7777 581
7787 580
7797 579
7807 578
7818 577
7828 576
7839 575
7851 574
7862 573
7874 572
7885 571
7897 570
7909 569
7920 568
7932 567
7944 566
7955 565
7968 564
7981 563
7993 562
8005 561
8016 560
8029 559
8042 558
8056 557
8070 556
8083 555
8097 554
8114 553
8128 552
8148 551
8169 550
8191 549
8214 548
8243 547
8274 546
