100
0 1 10 55
0 2 60 32
0 3 2 90
0 4 11 60
0 5 5 74
0 6 79 75
0 7 93 76
0 8 14 36
0 9 48 21
0 10 89 4
0 11 85 9
0 12 92 67
0 13 31 62
0 14 9 24
0 15 17 29
0 16 56 21
0 17 36 56
0 18 25 79
0 19 77 52
0 20 48 86
0 21 43 79
0 22 27 59
0 23 91 18
0 24 14 51
0 25 99 69
0 26 67 52
0 27 35 33
0 28 44 12
0 29 5 20
0 30 24 22
0 31 14 78
0 32 86 35
0 33 99 33
0 34 56 57
0 35 70 27
0 36 44 40
0 37 59 31
0 38 8 24
0 39 6 60
0 40 2 30
0 41 84 8
0 42 38 42
0 43 57 71
0 44 73 44
0 45 95 21
0 46 40 76
0 47 66 50
0 48 8 57
0 49 93 80
0 50 98 32
0 51 71 68
0 52 57 80
0 53 82 44
0 54 39 19
0 55 41 64
0 56 89 32
0 57 49 81
0 58 58 65
0 59 59 52
0 60 57 81
0 61 78 59
0 62 35 66
0 63 16 22
0 64 18 51
0 65 0 46
0 66 31 91
0 67 56 39
0 68 34 29
0 69 76 9
0 70 87 49
0 71 70 38
0 72 9 87
0 73 42 45
0 74 28 91
0 75 40 46
0 76 73 36
0 77 67 13
0 78 90 2
0 79 49 20
0 80 38 48
0 81 56 56
0 82 73 18
0 83 48 37
0 84 63 41
0 85 56 87
0 86 69 50
0 87 92 8
0 88 74 10
0 89 72 18
0 90 46 65
0 91 54 79
0 92 75 55
0 93 42 59
0 94 74 28
0 95 89 42
0 96 86 57
0 97 98 24
0 98 80 57
0 99 66 77
1 2 34 29
1 3 71 84
1 4 48 54
1 5 75 16
1 6 94 2
1 7 35 83
1 8 37 41
1 9 74 17
1 10 14 22
1 11 48 80
1 12 25 59
1 13 84 42
1 14 82 16
1 15 93 10
1 16 65 23
1 17 61 60
1 18 37 15
1 19 64 67
1 20 33 17
1 21 18 94
1 22 93 54
1 23 3 41
1 24 5 56
1 25 72 61
1 26 48 21
1 27 8 72
1 28 41 36
1 29 33 59
1 30 84 40
1 31 73 26
1 32 68 50
1 33 2 34
1 34 47 12
1 35 52 57
1 36 93 36
1 37 63 72
1 38 99 18
1 39 37 55
1 40 52 11
1 41 58 8
1 42 4 98
1 43 16 57
1 44 77 48
1 45 72 8
1 46 92 50
1 47 4 83
1 48 68 62
1 49 21 77
1 50 28 75
1 51 23 45
1 52 23 81
1 53 22 52
1 54 24 94
1 55 34 37
1 56 26 84
1 57 48 20
1 58 10 87
1 59 51 45
1 60 6 19
1 61 59 29
1 62 84 3
1 63 49 77
1 64 56 42
1 65 54 35
1 66 93 59
1 67 69 21
1 68 44 69
1 69 18 76
1 70 28 88
1 71 28 36
1 72 74 54
1 73 74 34
1 74 42 73
1 75 57 42
1 76 91 43
1 77 36 69
1 78 98 4
1 79 43 16
1 80 95 3
1 81 81 20
1 82 24 57
1 83 49 48
1 84 76 20
1 85 31 81
1 86 47 21
1 87 52 32
1 88 93 65
1 89 82 81
1 90 70 22
1 91 62 67
1 92 19 63
1 93 25 78
1 94 29 71
1 95 88 8
1 96 57 42
1 97 28 20
1 98 72 24
1 99 32 28
2 3 27 81
2 4 86 64
2 5 38 25
2 6 56 36
2 7 15 84
2 8 59 33
2 9 43 29
2 10 59 38
2 11 44 15
2 12 96 27
2 13 59 28
2 14 27 43
2 15 83 53
2 16 51 30
2 17 81 43
2 18 49 32
2 19 87 59
2 20 42 79
2 21 67 74
2 22 55 47
2 23 89 16
2 24 38 56
2 25 66 8
2 26 91 56
2 27 40 13
2 28 41 46
2 29 85 71
2 30 28 17
2 31 98 18
2 32 69 40
2 33 72 31
2 34 36 85
2 35 47 55
2 36 42 89
2 37 80 68
2 38 75 74
2 39 87 73
2 40 59 56
2 41 50 36
2 42 5 59
2 43 20 78
2 44 54 69
2 45 36 47
2 46 49 23
2 47 46 27
2 48 6 21
2 49 81 37
2 50 58 23
2 51 79 40
2 52 11 46
2 53 12 64
2 54 68 63
2 55 20 62
2 56 33 66
2 57 99 51
2 58 57 47
2 59 51 74
2 60 65 14
2 61 28 34
2 62 38 62
2 63 65 38
2 64 82 14
2 65 25 78
2 66 42 89
2 67 74 14
2 68 3 32
2 69 4 74
2 70 66 74
2 71 46 19
2 72 97 0
2 73 23 42
2 74 44 64
2 75 15 79
2 76 74 50
2 77 69 18
2 78 46 17
2 79 13 37
2 80 52 81
2 81 20 40
2 82 98 26
2 83 97 1
2 84 29 71
2 85 63 40
2 86 20 67
2 87 34 60
2 88 4 55
2 89 87 44
2 90 35 79
2 91 14 26
2 92 52 82
2 93 88 47
2 94 86 77
2 95 31 23
2 96 47 34
2 97 76 74
2 98 94 19
2 99 3 78
3 4 8 95
3 5 74 20
3 6 50 60
3 7 33 88
3 8 45 83
3 9 31 68
3 10 8 63
3 11 48 40
3 12 23 40
3 13 77 28
3 14 25 86
3 15 19 68
3 16 79 58
3 17 5 47
3 18 93 38
3 19 74 37
3 20 10 88
3 21 23 59
3 22 46 66
3 23 84 71
3 24 24 59
3 25 2 49
3 26 33 89
3 27 68 10
3 28 96 54
3 29 3 63
3 30 22 18
3 31 98 29
3 32 8 91
3 33 47 44
3 34 18 86
3 35 29 33
3 36 54 45
3 37 46 21
3 38 36 63
3 39 71 69
3 40 81 43
3 41 75 71
3 42 1 29
3 43 83 14
3 44 99 2
3 45 73 38
3 46 25 25
3 47 35 13
3 48 6 51
3 49 35 35
3 50 94 77
3 51 95 55
3 52 60 11
3 53 37 15
3 54 9 62
3 55 2 83
3 56 18 81
3 57 91 35
3 58 89 41
3 59 7 82
3 60 51 89
3 61 42 45
3 62 78 56
3 63 67 33
3 64 59 35
3 65 70 48
3 66 30 51
3 67 94 57
3 68 8 25
3 69 9 34
3 70 69 58
3 71 68 6
3 72 82 53
3 73 13 93
3 74 45 24
3 75 76 62
3 76 82 59
3 77 87 30
3 78 27 51
3 79 10 20
3 80 69 58
3 81 0 63
3 82 99 66
3 83 25 18
3 84 17 87
3 85 84 55
3 86 28 60
3 87 69 84
3 88 98 6
3 89 5 26
3 90 98 59
3 91 28 87
3 92 37 51
3 93 4 73
3 94 96 45
3 95 72 72
3 96 3 60
3 97 20 67
3 98 16 88
3 99 0 76
4 5 82 14
4 6 30 55
4 7 15 71
4 8 17 94
4 9 53 77
4 10 66 58
4 11 33 59
4 12 37 81
4 13 64 36
4 14 44 85
4 15 85 61
4 16 58 35
4 17 63 70
4 18 0 95
4 19 94 46
4 20 64 52
4 21 92 47
4 22 7 43
4 23 79 73
4 24 5 64
4 25 92 27
4 26 38 86
4 27 71 24
4 28 29 38
4 29 18 87
4 30 32 86
4 31 44 43
4 32 58 85
4 33 94 27
4 34 69 39
4 35 82 78
4 36 16 51
4 37 2 57
4 38 55 87
4 39 93 74
4 40 70 32
4 41 51 19
4 42 70 35
4 43 64 70
4 44 97 3
4 45 14 65
4 46 1 95
4 47 15 45
4 48 21 16
4 49 17 22
4 50 1 61
4 51 34 79
4 52 11 22
4 53 38 54
4 54 95 4
4 55 88 66
4 56 11 40
4 57 0 71
4 58 29 25
4 59 27 51
4 60 11 52
4 61 15 28
4 62 82 43
4 63 72 7
4 64 77 10
4 65 69 9
4 66 29 93
4 67 72 37
4 68 2 33
4 69 74 55
4 70 82 79
4 71 96 75
4 72 68 84
4 73 69 63
4 74 63 13
4 75 48 56
4 76 39 28
4 77 37 53
4 78 58 78
4 79 23 85
4 80 50 84
4 81 39 57
4 82 27 64
4 83 23 52
4 84 65 19
4 85 51 10
4 86 67 23
4 87 26 90
4 88 28 44
4 89 3 73
4 90 78 55
4 91 65 53
4 92 79 15
4 93 4 19
4 94 12 92
4 95 80 54
4 96 78 45
4 97 36 60
4 98 26 18
4 99 51 14
5 6 85 56
5 7 12 49
5 8 28 40
5 9 0 87
5 10 98 69
5 11 86 52
5 12 13 38
5 13 17 93
5 14 36 25
5 15 28 35
5 16 16 58
5 17 50 39
5 18 71 57
5 19 4 45
5 20 74 66
5 21 46 29
5 22 71 33
5 23 18 38
5 24 12 91
5 25 81 74
5 26 29 75
5 27 33 70
5 28 60 72
5 29 88 10
5 30 23 93
5 31 77 44
5 32 30 61
5 33 61 26
5 34 6 68
5 35 91 50
5 36 68 61
5 37 23 53
5 38 67 29
5 39 29 87
5 40 9 97
5 41 5 34
5 42 6 97
5 43 24 74
5 44 77 49
5 45 0 36
5 46 23 68
5 47 61 30
5 48 66 42
5 49 7 30
5 50 90 21
5 51 90 37
5 52 51 49
5 53 47 29
5 54 95 44
5 55 8 35
5 56 67 76
5 57 1 66
5 58 43 40
5 59 54 23
5 60 24 50
5 61 75 19
5 62 85 52
5 63 86 39
5 64 37 25
5 65 46 38
5 66 4 65
5 67 80 68
5 68 98 10
5 69 24 93
5 70 88 45
5 71 99 35
5 72 63 73
5 73 86 68
5 74 93 16
5 75 61 20
5 76 90 24
5 77 6 51
5 78 68 60
5 79 44 54
5 80 40 49
5 81 49 19
5 82 59 33
5 83 24 87
5 84 89 17
5 85 52 85
5 86 20 64
5 87 62 33
5 88 79 25
5 89 15 89
5 90 23 53
5 91 28 42
5 92 6 64
5 93 42 86
5 94 22 76
5 95 85 11
5 96 75 83
5 97 98 32
5 98 33 58
5 99 79 63
6 7 60 37
6 8 66 25
6 9 94 56
6 10 9 38
6 11 96 60
6 12 49 50
6 13 28 83
6 14 25 51
6 15 46 60
6 16 59 70
6 17 8 62
6 18 35 15
6 19 88 9
6 20 27 48
6 21 76 72
6 22 25 50
6 23 26 65
6 24 0 43
6 25 10 22
6 26 35 46
6 27 91 42
6 28 2 81
6 29 95 42
6 30 77 68
6 31 92 47
6 32 63 40
6 33 73 65
6 34 0 57
6 35 40 56
6 36 28 83
6 37 43 33
6 38 45 71
6 39 0 40
6 40 4 31
6 41 66 19
6 42 81 6
6 43 99 22
6 44 48 11
6 45 55 72
6 46 66 23
6 47 39 32
6 48 84 59
6 49 37 41
6 50 84 80
6 51 53 70
6 52 21 85
6 53 13 29
6 54 57 22
6 55 53 49
6 56 12 83
6 57 69 75
6 58 17 66
6 59 58 80
6 60 86 57
6 61 80 68
6 62 33 26
6 63 8 29
6 64 78 54
6 65 43 36
6 66 44 55
6 67 10 46
6 68 83 31
6 69 9 31
6 70 88 7
6 71 26 79
6 72 88 18
6 73 55 20
6 74 28 38
6 75 54 73
6 76 90 3
6 77 2 99
6 78 29 61
6 79 57 9
6 80 23 80
6 81 11 53
6 82 74 9
6 83 34 21
6 84 5 77
6 85 44 28
6 86 6 63
6 87 1 29
6 88 0 70
6 89 19 89
6 90 18 43
6 91 82 45
6 92 92 14
6 93 83 77
6 94 61 60
6 95 7 71
6 96 62 38
6 97 73 51
6 98 49 34
6 99 75 37
7 8 60 56
7 9 92 26
7 10 98 29
7 11 65 27
7 12 51 18
7 13 83 23
7 14 15 44
7 15 39 47
7 16 55 12
7 17 94 78
7 18 13 52
7 19 36 47
7 20 73 41
7 21 99 5
7 22 48 60
7 23 26 25
7 24 77 11
7 25 7 32
7 26 17 17
7 27 9 55
7 28 2 29
7 29 15 42
7 30 28 15
7 31 37 43
7 32 23 15
7 33 48 26
7 34 20 70
7 35 2 38
7 36 66 55
7 37 64 82
7 38 70 18
7 39 45 84
7 40 82 73
7 41 78 69
7 42 0 60
7 43 98 13
7 44 58 45
7 45 93 63
7 46 45 41
7 47 68 86
7 48 57 17
7 49 26 25
7 50 11 19
7 51 85 20
7 52 48 33
7 53 49 20
7 54 15 46
7 55 22 88
7 56 78 46
7 57 1 97
7 58 0 80
7 59 79 66
7 60 52 32
7 61 48 47
7 62 5 29
7 63 46 35
7 64 20 32
7 65 47 80
7 66 30 38
7 67 36 79
7 68 30 75
7 69 81 70
7 70 37 15
7 71 79 43
7 72 86 66
7 73 59 21
7 74 96 4
7 75 55 62
7 76 31 77
7 77 69 12
7 78 36 49
7 79 90 36
7 80 57 20
7 81 49 19
7 82 50 84
7 83 9 75
7 84 76 53
7 85 65 65
7 86 0 60
7 87 58 9
7 88 42 59
7 89 51 39
7 90 64 20
7 91 35 17
7 92 11 18
7 93 97 14
7 94 41 63
7 95 62 27
7 96 9 58
7 97 12 66
7 98 7 26
7 99 27 44
8 9 51 62
8 10 19 21
8 11 8 94
8 12 6 61
8 13 72 84
8 14 1 38
8 15 51 54
8 16 52 38
8 17 74 10
8 18 53 87
8 19 79 72
8 20 11 90
8 21 96 39
8 22 87 50
8 23 93 9
8 24 90 40
8 25 44 65
8 26 56 80
8 27 84 55
8 28 71 50
8 29 68 63
8 30 39 89
8 31 20 34
8 32 22 63
8 33 42 28
8 34 23 94
8 35 26 19
8 36 61 60
8 37 41 31
8 38 73 54
8 39 85 13
8 40 29 69
8 41 23 94
8 42 77 26
8 43 96 6
8 44 53 41
8 45 50 87
8 46 38 40
8 47 69 27
8 48 19 41
8 49 42 14
8 50 16 20
8 51 53 46
8 52 50 31
8 53 95 52
8 54 81 30
8 55 0 85
8 56 95 64
8 57 23 18
8 58 69 45
8 59 5 21
8 60 98 33
8 61 87 17
8 62 94 6
8 63 39 49
8 64 68 78
8 65 1 61
8 66 66 73
8 67 24 15
8 68 16 77
8 69 16 75
8 70 10 81
8 71 27 45
8 72 90 26
8 73 76 64
8 74 82 26
8 75 62 62
8 76 66 36
8 77 34 68
8 78 34 44
8 79 86 39
8 80 33 15
8 81 92 14
8 82 15 42
8 83 54 66
8 84 4 51
8 85 48 11
8 86 85 26
8 87 11 54
8 88 49 13
8 89 70 83
8 90 79 41
8 91 74 26
8 92 42 21
8 93 79 11
8 94 23 27
8 95 42 43
8 96 39 37
8 97 79 79
8 98 88 12
8 99 80 24
9 10 74 66
9 11 80 65
9 12 26 27
9 13 2 74
9 14 83 39
9 15 52 37
9 16 72 60
9 17 9 80
9 18 97 49
9 19 72 69
9 20 19 25
9 21 74 72
9 22 27 55
9 23 94 46
9 24 30 74
9 25 39 63
9 26 70 64
9 27 8 40
9 28 63 34
9 29 85 3
9 30 44 34
9 31 21 30
9 32 88 37
9 33 89 67
9 34 4 19
9 35 54 14
9 36 83 24
9 37 31 59
9 38 77 76
9 39 8 65
9 40 7 89
9 41 48 45
9 42 12 29
9 43 25 64
9 44 89 45
9 45 88 55
9 46 75 56
9 47 20 42
9 48 34 13
9 49 14 77
9 50 34 72
9 51 12 83
9 52 22 26
9 53 93 13
9 54 18 28
9 55 27 64
9 56 61 73
9 57 90 56
9 58 23 21
9 59 22 38
9 60 73 48
9 61 21 47
9 62 86 24
9 63 59 86
9 64 28 69
9 65 98 13
9 66 24 83
9 67 90 79
9 68 26 76
9 69 11 46
9 70 54 34
9 71 61 25
9 72 81 83
9 73 28 40
9 74 25 90
9 75 62 76
9 76 28 60
9 77 98 60
9 78 92 44
9 79 46 15
9 80 74 62
9 81 9 51
9 82 65 78
9 83 64 46
9 84 0 80
9 85 89 81
9 86 61 18
9 87 77 30
9 88 27 65
9 89 35 64
9 90 24 89
9 91 66 47
9 92 83 44
9 93 62 35
9 94 62 13
9 95 12 97
9 96 11 40
9 97 83 8
9 98 19 64
9 99 45 49
10 11 74 21
10 12 60 58
10 13 63 24
10 14 66 68
10 15 96 20
10 16 80 29
10 17 80 77
10 18 23 59
10 19 9 32
10 20 31 33
10 21 34 27
10 22 94 23
10 23 19 53
10 24 76 57
10 25 29 45
10 26 79 35
10 27 16 70
10 28 0 72
10 29 10 38
10 30 73 41
10 31 25 73
10 32 89 59
10 33 33 54
10 34 39 64
10 35 71 67
10 36 91 18
10 37 13 73
10 38 48 70
10 39 79 17
10 40 26 48
10 41 35 91
10 42 81 73
10 43 24 83
10 44 27 37
10 45 57 30
10 46 10 46
10 47 68 57
10 48 9 68
10 49 59 63
10 50 25 46
10 51 40 63
10 52 37 40
10 53 12 81
10 54 83 55
10 55 26 25
10 56 72 48
10 57 1 82
10 58 28 33
10 59 55 37
10 60 92 29
10 61 13 83
10 62 43 85
10 63 72 57
10 64 32 52
10 65 64 34
10 66 38 23
10 67 46 83
10 68 2 19
10 69 54 79
10 70 82 11
10 71 11 67
10 72 77 42
10 73 63 86
10 74 94 11
10 75 96 71
10 76 29 76
10 77 1 72
10 78 83 27
10 79 82 42
10 80 60 71
10 81 40 62
10 82 64 63
10 83 68 35
10 84 67 28
10 85 41 40
10 86 20 75
10 87 74 38
10 88 7 23
10 89 46 44
10 90 48 59
10 91 6 75
10 92 34 68
10 93 74 84
10 94 1 80
10 95 46 52
10 96 74 10
10 97 24 82
10 98 41 37
10 99 30 20
11 12 44 14
11 13 66 29
11 14 7 80
11 15 45 35
11 16 43 86
11 17 96 8
11 18 1 96
11 19 86 73
11 20 55 20
11 21 90 46
11 22 73 85
11 23 66 8
11 24 8 68
11 25 64 34
11 26 3 74
11 27 91 77
11 28 70 39
11 29 61 74
11 30 39 76
11 31 9 24
11 32 20 35
11 33 20 89
11 34 16 46
11 35 42 56
11 36 73 62
11 37 10 85
11 38 0 21
11 39 16 61
11 40 84 10
11 41 45 34
11 42 28 84
11 43 79 13
11 44 63 81
11 45 90 17
11 46 3 75
11 47 46 54
11 48 16 76
11 49 13 36
11 50 24 17
11 51 6 40
11 52 47 57
11 53 23 51
11 54 0 53
11 55 87 69
11 56 49 13
11 57 89 52
11 58 98 65
11 59 48 44
11 60 0 80
11 61 94 27
11 62 39 34
11 63 56 35
11 64 64 12
11 65 81 55
11 66 49 19
11 67 41 79
11 68 68 78
11 69 30 55
11 70 45 29
11 71 96 37
11 72 28 50
11 73 72 31
11 74 4 84
11 75 91 72
11 76 20 72
11 77 98 78
11 78 68 64
11 79 49 68
11 80 54 30
11 81 7 41
11 82 14 88
11 83 24 83
11 84 59 36
11 85 22 82
11 86 99 17
11 87 40 86
11 88 34 87
11 89 80 37
11 90 26 90
11 91 74 20
11 92 17 31
11 93 96 26
11 94 68 50
11 95 96 8
11 96 64 19
11 97 20 33
11 98 7 62
11 99 92 48
12 13 8 27
12 14 99 22
12 15 61 37
12 16 23 42
12 17 58 88
12 18 69 10
12 19 48 81
12 20 16 59
12 21 71 17
12 22 81 38
12 23 98 6
12 24 74 32
12 25 19 94
12 26 45 73
12 27 78 78
12 28 78 40
12 29 66 46
12 30 43 55
12 31 49 38
12 32 18 39
12 33 32 29
12 34 18 24
12 35 49 73
12 36 44 26
12 37 0 50
12 38 85 65
12 39 95 54
12 40 96 28
12 41 8 97
12 42 38 33
12 43 78 82
12 44 38 59
12 45 17 79
12 46 75 63
12 47 38 56
12 48 62 69
12 49 18 30
12 50 53 57
12 51 84 33
12 52 82 61
12 53 30 54
12 54 24 84
12 55 41 12
12 56 0 33
12 57 45 64
12 58 56 83
12 59 11 72
12 60 77 11
12 61 97 55
12 62 20 44
12 63 65 7
12 64 65 43
12 65 39 38
12 66 36 37
12 67 0 90
12 68 34 85
12 69 20 56
12 70 57 78
12 71 39 66
12 72 75 75
12 73 3 78
12 74 2 77
12 75 11 24
12 76 46 41
12 77 83 40
12 78 60 27
12 79 41 53
12 80 42 65
12 81 18 30
12 82 53 44
12 83 30 64
12 84 79 45
12 85 24 64
12 86 9 89
12 87 32 66
12 88 40 60
12 89 90 54
12 90 94 1
12 91 30 56
12 92 93 76
12 93 5 87
12 94 30 77
12 95 35 76
12 96 58 46
12 97 35 65
12 98 67 54
12 99 89 21
13 14 20 65
13 15 19 49
13 16 25 30
13 17 12 41
13 18 84 80
13 19 44 81
13 20 3 85
13 21 6 23
13 22 38 72
13 23 59 49
13 24 10 36
13 25 34 40
13 26 51 48
13 27 13 89
13 28 51 14
13 29 46 37
13 30 22 69
13 31 87 71
13 32 75 13
13 33 26 83
13 34 30 19
13 35 83 52
13 36 14 23
13 37 17 33
13 38 98 34
13 39 86 35
13 40 19 66
13 41 53 33
13 42 25 91
13 43 3 58
13 44 74 55
13 45 61 80
13 46 84 79
13 47 67 41
13 48 24 20
13 49 39 54
13 50 58 28
13 51 83 75
13 52 21 20
13 53 12 65
13 54 14 90
13 55 40 64
13 56 22 18
13 57 13 28
13 58 26 35
13 59 13 62
13 60 20 17
13 61 70 32
13 62 51 88
13 63 37 27
13 64 57 49
13 65 41 49
13 66 72 8
13 67 64 27
13 68 36 64
13 69 85 62
13 70 97 30
13 71 94 6
13 72 27 26
13 73 24 80
13 74 87 72
13 75 90 32
13 76 97 2
13 77 91 74
13 78 39 13
13 79 68 37
13 80 16 28
13 81 41 16
13 82 28 31
13 83 97 66
13 84 61 35
13 85 35 67
13 86 59 54
13 87 55 72
13 88 37 36
13 89 33 54
13 90 56 22
13 91 26 45
13 92 15 53
13 93 73 51
13 94 39 57
13 95 70 6
13 96 7 91
13 97 23 32
13 98 83 14
13 99 22 77
14 15 26 32
14 16 93 3
14 17 16 30
14 18 24 67
14 19 41 75
14 20 53 39
14 21 52 68
14 22 35 42
14 23 93 58
14 24 65 83
14 25 21 95
14 26 75 32
14 27 71 77
14 28 35 53
14 29 67 72
14 30 27 93
14 31 51 64
14 32 98 80
14 33 24 36
14 34 66 53
14 35 58 43
14 36 56 49
14 37 88 38
14 38 67 30
14 39 69 51
14 40 33 37
14 41 29 46
14 42 65 60
14 43 65 63
14 44 12 63
14 45 29 57
14 46 42 83
14 47 45 59
14 48 53 9
14 49 93 24
14 50 5 52
14 51 44 66
14 52 62 70
14 53 95 42
14 54 36 46
14 55 50 84
14 56 59 53
14 57 38 63
14 58 59 52
14 59 57 22
14 60 0 39
14 61 14 30
14 62 52 29
14 63 10 19
14 64 14 34
14 65 29 72
14 66 15 25
14 67 28 32
14 68 57 14
14 69 69 42
14 70 34 68
14 71 85 48
14 72 52 69
14 73 1 25
14 74 97 18
14 75 54 19
14 76 99 61
14 77 76 73
14 78 31 73
14 79 16 23
14 80 26 47
14 81 65 19
14 82 79 15
14 83 30 87
14 84 15 52
14 85 69 18
14 86 44 67
14 87 98 57
14 88 70 44
14 89 19 43
14 90 2 21
14 91 21 72
14 92 89 24
14 93 60 67
14 94 43 31
14 95 55 47
14 96 23 31
14 97 64 83
14 98 8 80
14 99 10 44
15 16 42 67
15 17 36 47
15 18 79 69
15 19 24 73
15 20 72 28
15 21 21 59
15 22 26 46
15 23 85 55
15 24 76 49
15 25 31 49
15 26 65 51
15 27 6 44
15 28 19 36
15 29 82 34
15 30 28 38
15 31 71 41
15 32 81 40
15 33 2 86
15 34 34 67
15 35 45 57
15 36 55 33
15 37 68 8
15 38 3 45
15 39 52 87
15 40 74 33
15 41 13 23
15 42 24 82
15 43 31 39
15 44 99 71
15 45 35 31
15 46 50 87
15 47 87 59
15 48 83 39
15 49 16 33
15 50 11 71
15 51 41 18
15 52 27 60
15 53 95 59
15 54 30 48
15 55 8 48
15 56 62 10
15 57 57 36
15 58 0 32
15 59 9 33
15 60 67 58
15 61 3 55
15 62 87 36
15 63 1 39
15 64 47 15
15 65 60 24
15 66 86 74
15 67 79 80
15 68 9 91
15 69 78 81
15 70 40 57
15 71 70 76
15 72 79 70
15 73 94 19
15 74 46 78
15 75 33 15
15 76 92 74
15 77 73 34
15 78 63 18
15 79 45 39
15 80 37 31
15 81 51 18
15 82 27 18
15 83 94 38
15 84 48 23
15 85 17 20
15 86 11 18
15 87 92 75
15 88 20 22
15 89 93 17
15 90 22 85
15 91 73 20
15 92 51 38
15 93 42 15
15 94 47 11
15 95 14 42
15 96 3 87
15 97 2 90
15 98 88 61
15 99 71 20
16 17 30 47
16 18 6 66
16 19 68 67
16 20 97 8
16 21 86 64
16 22 83 24
16 23 20 35
16 24 91 22
16 25 68 20
16 26 15 87
16 27 77 48
16 28 93 47
16 29 13 86
16 30 66 17
16 31 46 59
16 32 2 26
16 33 50 69
16 34 2 52
16 35 51 79
16 36 17 57
16 37 93 16
16 38 2 48
16 39 18 31
16 40 92 4
16 41 65 41
16 42 87 48
16 43 70 30
16 44 19 76
16 45 36 39
16 46 10 70
16 47 11 59
16 48 73 74
16 49 99 62
16 50 61 46
16 51 54 88
16 52 67 85
16 53 82 25
16 54 19 94
16 55 71 85
16 56 4 67
16 57 35 66
16 58 40 71
16 59 14 91
16 60 70 50
16 61 74 42
16 62 73 79
16 63 70 31
16 64 16 58
16 65 13 52
16 66 13 68
16 67 33 30
16 68 67 23
16 69 17 79
16 70 3 67
16 71 15 72
16 72 21 64
16 73 7 94
16 74 43 82
16 75 49 64
16 76 61 87
16 77 89 80
16 78 45 65
16 79 3 23
16 80 61 42
16 81 82 38
16 82 20 22
16 83 43 40
16 84 33 88
16 85 10 82
16 86 45 31
16 87 43 23
16 88 40 29
16 89 75 19
16 90 64 18
16 91 77 83
16 92 89 59
16 93 73 6
16 94 0 98
16 95 87 25
16 96 48 29
16 97 96 21
16 98 64 10
16 99 21 70
17 18 84 25
17 19 56 63
17 20 53 68
17 21 97 39
17 22 95 4
17 23 91 5
17 24 34 38
17 25 85 32
17 26 33 31
17 27 24 31
17 28 61 37
17 29 6 29
17 30 42 54
17 31 89 35
17 32 92 51
17 33 83 34
17 34 74 71
17 35 10 54
17 36 35 58
17 37 89 59
17 38 46 72
17 39 73 36
17 40 46 33
17 41 54 73
17 42 71 15
17 43 96 72
17 44 19 64
17 45 86 61
17 46 94 43
17 47 9 22
17 48 51 34
17 49 4 95
17 50 26 88
17 51 68 18
17 52 29 35
17 53 3 55
17 54 83 60
17 55 3 23
17 56 49 21
17 57 55 31
17 58 46 75
17 59 83 22
17 60 73 9
17 61 58 80
17 62 29 72
17 63 76 46
17 64 84 9
17 65 28 34
17 66 19 52
17 67 91 10
17 68 34 92
17 69 96 31
17 70 48 79
17 71 38 89
17 72 20 38
17 73 65 7
17 74 69 59
17 75 53 18
17 76 2 32
17 77 11 63
17 78 89 39
17 79 87 9
17 80 10 70
17 81 84 27
17 82 78 13
17 83 22 91
17 84 19 20
17 85 54 55
17 86 30 29
17 87 98 40
17 88 11 86
17 89 18 39
17 90 0 35
17 91 31 60
17 92 71 83
17 93 47 35
17 94 36 72
17 95 24 61
17 96 40 86
17 97 2 86
17 98 2 75
17 99 75 83
18 19 17 29
18 20 78 35
18 21 96 62
18 22 90 38
18 23 28 20
18 24 78 39
18 25 95 11
18 26 81 56
18 27 49 50
18 28 87 78
18 29 85 11
18 30 52 49
18 31 73 82
18 32 26 67
18 33 35 49
18 34 18 59
18 35 31 73
18 36 4 96
18 37 35 68
18 38 36 28
18 39 26 15
18 40 5 52
18 41 5 47
18 42 97 27
18 43 29 80
18 44 37 83
18 45 46 17
18 46 97 69
18 47 90 46
18 48 30 68
18 49 90 60
18 50 89 38
18 51 4 40
18 52 33 57
18 53 66 49
18 54 31 43
18 55 8 87
18 56 92 51
18 57 65 41
18 58 76 29
18 59 13 21
18 60 60 67
18 61 70 41
18 62 17 27
18 63 26 80
18 64 34 16
18 65 58 75
18 66 31 37
18 67 56 47
18 68 69 84
18 69 8 90
18 70 98 61
18 71 46 62
18 72 57 65
18 73 29 46
18 74 93 30
18 75 85 61
18 76 52 72
18 77 91 27
18 78 94 76
18 79 90 20
18 80 70 13
18 81 22 87
18 82 53 11
18 83 94 55
18 84 13 52
18 85 41 33
18 86 88 46
18 87 45 38
18 88 80 34
18 89 67 37
18 90 22 47
18 91 4 33
18 92 84 70
18 93 78 83
18 94 15 66
18 95 26 40
18 96 72 6
18 97 82 63
18 98 14 17
18 99 38 37
19 20 60 66
19 21 81 75
19 22 46 75
19 23 13 74
19 24 12 71
19 25 37 24
19 26 71 8
19 27 68 70
19 28 19 59
19 29 19 66
19 30 56 22
19 31 3 62
19 32 81 29
19 33 44 67
19 34 86 17
19 35 20 51
19 36 90 54
19 37 81 57
19 38 42 72
19 39 51 53
19 40 77 33
19 41 42 61
19 42 50 21
19 43 85 54
19 44 27 54
19 45 90 38
19 46 1 24
19 47 33 68
19 48 68 48
19 49 21 18
19 50 31 69
19 51 58 82
19 52 84 49
19 53 54 85
19 54 83 63
19 55 83 30
19 56 91 40
19 57 80 21
19 58 17 35
19 59 23 54
19 60 17 46
19 61 56 85
19 62 42 47
19 63 59 42
19 64 49 67
19 65 0 34
19 66 32 18
19 67 36 35
19 68 93 67
19 69 46 55
19 70 47 14
19 71 73 55
19 72 66 65
19 73 76 53
19 74 89 10
19 75 32 44
19 76 97 18
19 77 83 15
19 78 25 54
19 79 92 18
19 80 4 46
19 81 94 65
19 82 19 69
19 83 65 20
19 84 86 24
19 85 65 35
19 86 86 59
19 87 41 88
19 88 11 43
19 89 12 68
19 90 69 72
19 91 0 91
19 92 61 70
19 93 94 36
19 94 59 70
19 95 5 72
19 96 33 57
19 97 74 18
19 98 66 26
19 99 1 71
20 21 28 50
20 22 94 7
20 23 72 13
20 24 29 38
20 25 40 17
20 26 97 0
20 27 31 92
20 28 40 36
20 29 8 94
20 30 60 25
20 31 88 6
20 32 98 30
20 33 83 34
20 34 63 42
20 35 2 84
20 36 89 34
20 37 88 38
20 38 86 71
20 39 25 55
20 40 16 69
20 41 72 82
20 42 62 28
20 43 87 11
20 44 8 71
20 45 20 68
20 46 83 32
20 47 2 38
20 48 10 49
20 49 82 81
20 50 83 55
20 51 16 34
20 52 10 26
20 53 58 81
20 54 35 74
20 55 68 56
20 56 99 74
20 57 26 40
20 58 79 73
20 59 99 25
20 60 95 47
20 61 26 27
20 62 82 11
20 63 60 80
20 64 44 15
20 65 96 48
20 66 21 42
20 67 8 77
20 68 45 79
20 69 19 87
20 70 55 76
20 71 70 76
20 72 37 90
20 73 17 28
20 74 98 7
20 75 89 66
20 76 9 42
20 77 41 33
20 78 88 29
20 79 60 54
20 80 39 13
20 81 9 56
20 82 86 5
20 83 80 60
20 84 49 35
20 85 30 64
20 86 90 26
20 87 30 30
20 88 76 54
20 89 7 62
20 90 23 75
20 91 20 80
20 92 24 51
20 93 17 86
20 94 59 31
20 95 95 78
20 96 21 78
20 97 60 72
20 98 19 78
20 99 44 47
21 22 55 47
21 23 5 55
21 24 66 7
21 25 76 72
21 26 51 13
21 27 92 57
21 28 87 9
21 29 45 73
21 30 7 56
21 31 63 21
21 32 73 63
21 33 78 25
21 34 86 72
21 35 84 35
21 36 53 58
21 37 42 60
21 38 83 25
21 39 66 57
21 40 22 43
21 41 28 84
21 42 91 72
21 43 36 18
21 44 84 66
21 45 58 52
21 46 77 49
21 47 99 37
21 48 22 91
21 49 67 39
21 50 94 20
21 51 23 35
21 52 99 49
21 53 77 74
21 54 62 52
21 55 21 42
21 56 31 50
21 57 43 61
21 58 50 39
21 59 40 15
21 60 56 80
21 61 8 97
21 62 59 50
21 63 82 64
21 64 57 81
21 65 68 18
21 66 1 45
21 67 9 58
21 68 33 88
21 69 58 65
21 70 50 86
21 71 31 27
21 72 28 68
21 73 35 86
21 74 87 80
21 75 68 57
21 76 38 15
21 77 74 5
21 78 75 68
21 79 63 69
21 80 6 63
21 81 98 70
21 82 62 7
21 83 99 38
21 84 83 16
21 85 79 83
21 86 7 45
21 87 99 9
21 88 98 61
21 89 56 13
21 90 12 28
21 91 24 91
21 92 0 45
21 93 99 33
21 94 3 93
21 95 71 55
21 96 70 6
21 97 3 79
21 98 78 74
21 99 30 27
22 23 17 31
22 24 90 19
22 25 80 38
22 26 16 29
22 27 34 56
22 28 20 67
22 29 43 73
22 30 43 19
22 31 94 43
22 32 70 79
22 33 36 21
22 34 98 2
22 35 54 44
22 36 66 35
22 37 35 71
22 38 44 36
22 39 72 84
22 40 26 79
22 41 7 56
22 42 12 26
22 43 97 67
22 44 74 64
22 45 69 41
22 46 80 80
22 47 7 56
22 48 54 64
22 49 92 35
22 50 91 56
22 51 53 70
22 52 58 32
22 53 36 77
22 54 4 25
22 55 54 25
22 56 66 47
22 57 56 16
22 58 61 46
22 59 99 1
22 60 15 64
22 61 52 30
22 62 4 23
22 63 42 62
22 64 4 75
22 65 87 32
22 66 45 85
22 67 46 27
22 68 26 88
22 69 28 53
22 70 24 59
22 71 43 21
22 72 92 79
22 73 82 22
22 74 10 64
22 75 52 36
22 76 77 38
22 77 64 69
22 78 22 32
22 79 6 81
22 80 8 87
22 81 19 39
22 82 93 35
22 83 89 54
22 84 42 31
22 85 58 25
22 86 91 37
22 87 7 62
22 88 62 61
22 89 18 91
22 90 75 17
22 91 49 13
22 92 90 39
22 93 5 60
22 94 35 48
22 95 85 71
22 96 42 47
22 97 53 54
22 98 62 32
22 99 98 12
23 24 87 38
23 25 55 20
23 26 46 60
23 27 52 77
23 28 54 71
23 29 64 48
23 30 36 69
23 31 45 16
23 32 56 11
23 33 94 49
23 34 63 37
23 35 73 75
23 36 44 58
23 37 70 19
23 38 39 32
23 39 96 47
23 40 99 29
23 41 40 15
23 42 26 61
23 43 20 73
23 44 40 29
23 45 64 56
23 46 39 67
23 47 57 45
23 48 22 66
23 49 70 51
23 50 86 27
23 51 14 55
23 52 5 46
23 53 23 74
23 54 66 34
23 55 22 20
23 56 46 85
23 57 86 66
23 58 92 13
23 59 21 86
23 60 36 86
23 61 73 32
23 62 79 46
23 63 9 58
23 64 57 34
23 65 88 56
23 66 75 15
23 67 63 75
23 68 22 19
23 69 92 73
23 70 69 23
23 71 53 30
23 72 85 60
23 73 91 16
23 74 91 61
23 75 26 77
23 76 60 52
23 77 34 32
23 78 5 92
23 79 94 25
23 80 74 57
23 81 31 15
23 82 80 28
23 83 24 92
23 84 88 44
23 85 37 50
23 86 94 73
23 87 5 67
23 88 56 82
23 89 41 36
23 90 80 18
23 91 10 41
23 92 5 57
23 93 45 27
23 94 38 51
23 95 42 21
23 96 47 47
23 97 29 24
23 98 50 67
23 99 35 48
24 25 74 23
24 26 37 41
24 27 79 76
24 28 83 67
24 29 41 62
24 30 44 38
24 31 18 68
24 32 25 41
24 33 98 77
24 34 43 13
24 35 54 79
24 36 8 85
24 37 35 79
24 38 16 60
24 39 76 81
24 40 3 52
24 41 34 88
24 42 63 10
24 43 97 57
24 44 90 54
24 45 85 5
24 46 62 84
24 47 30 82
24 48 97 53
24 49 7 43
24 50 0 94
24 51 16 77
24 52 5 41
24 53 96 27
24 54 39 78
24 55 70 24
24 56 62 67
24 57 55 15
24 58 27 67
24 59 60 24
24 60 98 6
24 61 83 24
24 62 35 82
24 63 78 4
24 64 12 52
24 65 79 49
24 66 33 83
24 67 85 70
24 68 68 70
24 69 0 35
24 70 57 72
24 71 43 21
24 72 91 80
24 73 66 53
24 74 64 76
24 75 77 45
24 76 91 4
24 77 67 30
24 78 37 58
24 79 98 59
24 80 58 15
24 81 18 17
24 82 93 60
24 83 91 10
24 84 7 50
24 85 82 26
24 86 84 4
24 87 78 29
24 88 19 37
24 89 33 30
24 90 82 52
24 91 64 33
24 92 61 61
24 93 10 59
24 94 88 56
24 95 8 39
24 96 50 69
24 97 48 57
24 98 86 32
24 99 32 41
25 26 88 4
25 27 11 26
25 28 44 72
25 29 79 52
25 30 83 4
25 31 20 78
25 32 67 85
25 33 16 64
25 34 35 28
25 35 60 34
25 36 91 78
25 37 86 37
25 38 63 8
25 39 17 20
25 40 39 22
25 41 37 78
25 42 92 39
25 43 90 80
25 44 9 28
25 45 69 13
25 46 4 27
25 47 96 76
25 48 10 74
25 49 7 28
25 50 98 3
25 51 70 56
25 52 34 40
25 53 40 72
25 54 36 49
25 55 9 48
25 56 91 28
25 57 70 35
25 58 59 81
25 59 0 35
25 60 75 15
25 61 66 35
25 62 94 12
25 63 26 51
25 64 78 23
25 65 86 69
25 66 11 92
25 67 43 50
25 68 70 35
25 69 54 73
25 70 14 20
25 71 88 79
25 72 15 68
25 73 87 45
25 74 94 49
25 75 46 32
25 76 13 81
25 77 99 21
25 78 1 96
25 79 28 69
25 80 88 66
25 81 79 24
25 82 72 32
25 83 2 43
25 84 9 47
25 85 31 53
25 86 77 79
25 87 38 45
25 88 86 49
25 89 79 15
25 90 18 40
25 91 79 5
25 92 28 81
25 93 59 36
25 94 99 6
25 95 26 21
25 96 27 93
25 97 14 52
25 98 30 43
25 99 47 78
26 27 17 57
26 28 56 54
26 29 53 88
26 30 22 89
26 31 51 82
26 32 34 57
26 33 18 49
26 34 16 81
26 35 28 16
26 36 54 51
26 37 24 40
26 38 26 72
26 39 40 85
26 40 38 19
26 41 23 87
26 42 4 60
26 43 15 34
26 44 31 44
26 45 93 32
26 46 86 68
26 47 91 30
26 48 27 73
26 49 72 53
26 50 55 42
26 51 37 77
26 52 17 73
26 53 21 71
26 54 78 21
26 55 1 99
26 56 22 94
26 57 88 50
26 58 17 28
26 59 65 23
26 60 86 77
26 61 1 44
26 62 63 9
26 63 5 85
26 64 46 22
26 65 2 86
26 66 1 79
26 67 99 29
26 68 20 44
26 69 90 43
26 70 49 64
26 71 37 50
26 72 76 8
26 73 71 85
26 74 38 86
26 75 8 87
26 76 75 11
26 77 26 88
26 78 52 49
26 79 82 10
26 80 86 22
26 81 22 47
26 82 26 75
26 83 17 92
26 84 16 27
26 85 2 35
26 86 76 25
26 87 61 33
26 88 45 33
26 89 45 67
26 90 27 18
26 91 76 14
26 92 95 26
26 93 47 22
26 94 37 68
26 95 11 50
26 96 71 74
26 97 20 34
26 98 57 14
26 99 1 59
27 28 44 49
27 29 34 41
27 30 9 26
27 31 46 31
27 32 15 43
27 33 55 57
27 34 73 10
27 35 46 45
27 36 0 93
27 37 86 2
27 38 87 24
27 39 91 67
27 40 19 88
27 41 99 58
27 42 46 69
27 43 80 67
27 44 1 42
27 45 87 23
27 46 98 36
27 47 81 15
27 48 81 12
27 49 25 46
27 50 91 70
27 51 73 17
27 52 19 89
27 53 66 26
27 54 25 92
27 55 68 13
27 56 15 27
27 57 24 74
27 58 95 45
27 59 73 72
27 60 93 24
27 61 65 53
27 62 34 38
27 63 16 72
27 64 67 29
27 65 61 59
27 66 44 58
27 67 17 91
27 68 65 31
27 69 77 51
27 70 45 17
27 71 87 52
27 72 3 24
27 73 41 46
27 74 79 18
27 75 20 89
27 76 51 41
27 77 70 12
27 78 58 32
27 79 98 67
27 80 14 94
27 81 99 72
27 82 24 53
27 83 10 39
27 84 22 34
27 85 86 33
27 86 71 31
27 87 93 14
27 88 75 18
27 89 14 72
27 90 83 19
27 91 76 17
27 92 58 79
27 93 63 34
27 94 8 83
27 95 61 40
27 96 83 34
27 97 20 94
27 98 88 54
27 99 53 74
28 29 92 38
28 30 52 27
28 31 20 65
28 32 99 38
28 33 30 50
28 34 94 1
28 35 11 33
28 36 33 46
28 37 29 73
28 38 59 10
28 39 21 45
28 40 29 41
28 41 83 82
28 42 7 47
28 43 12 31
28 44 20 29
28 45 18 36
28 46 79 64
28 47 95 23
28 48 43 16
28 49 37 62
28 50 62 41
28 51 93 30
28 52 91 56
28 53 18 87
28 54 84 37
28 55 48 74
28 56 97 57
28 57 48 29
28 58 91 32
28 59 79 50
28 60 5 73
28 61 20 72
28 62 47 72
28 63 84 10
28 64 61 58
28 65 74 81
28 66 35 67
28 67 77 75
28 68 30 30
28 69 53 81
28 70 68 71
28 71 5 42
28 72 47 46
28 73 2 98
28 74 83 15
28 75 9 22
28 76 1 57
28 77 37 81
28 78 14 69
28 79 74 17
28 80 54 44
28 81 18 25
28 82 59 82
28 83 69 79
28 84 66 30
28 85 35 81
28 86 24 70
28 87 30 20
28 88 3 35
28 89 34 88
28 90 3 93
28 91 14 22
28 92 90 26
28 93 77 7
28 94 60 59
28 95 1 29
28 96 73 36
28 97 12 61
28 98 96 44
28 99 56 15
29 30 43 45
29 31 28 78
29 32 15 84
29 33 53 30
29 34 44 14
29 35 72 17
29 36 47 20
29 37 70 42
29 38 79 25
29 39 88 34
29 40 72 83
29 41 86 8
29 42 47 23
29 43 17 46
29 44 64 29
29 45 55 22
29 46 26 78
29 47 1 33
29 48 10 30
29 49 57 37
29 50 77 31
29 51 73 20
29 52 58 52
29 53 25 50
29 54 50 27
29 55 95 11
29 56 61 63
29 57 20 26
29 58 86 7
29 59 55 85
29 60 83 15
29 61 15 69
29 62 78 27
29 63 88 15
29 64 98 16
29 65 53 46
29 66 27 86
29 67 65 25
29 68 39 36
29 69 28 21
29 70 20 56
29 71 89 80
29 72 20 75
29 73 62 58
29 74 30 75
29 75 90 10
29 76 97 15
29 77 77 72
29 78 32 77
29 79 71 48
29 80 53 64
29 81 56 15
29 82 52 47
29 83 0 66
29 84 26 43
29 85 81 7
29 86 59 15
29 87 23 70
29 88 92 27
29 89 52 72
29 90 60 46
29 91 97 25
29 92 79 81
29 93 85 47
29 94 3 35
29 95 30 93
29 96 21 41
29 97 3 78
29 98 41 89
29 99 76 49
30 31 34 19
30 32 38 48
30 33 76 8
30 34 70 17
30 35 81 12
30 36 40 25
30 37 39 46
30 38 74 10
30 39 22 35
30 40 16 29
30 41 28 36
30 42 11 50
30 43 21 85
30 44 11 52
30 45 82 20
30 46 59 35
30 47 25 65
30 48 39 41
30 49 26 81
30 50 76 10
30 51 44 36
30 52 88 31
30 53 7 96
30 54 81 30
30 55 95 61
30 56 52 53
30 57 84 39
30 58 12 90
30 59 38 83
30 60 6 23
30 61 91 29
30 62 29 86
30 63 57 26
30 64 52 33
30 65 84 39
30 66 35 67
30 67 45 15
30 68 54 81
30 69 36 53
30 70 13 18
30 71 2 74
30 72 31 27
30 73 13 56
30 74 68 38
30 75 9 71
30 76 18 95
30 77 54 69
30 78 44 56
30 79 26 60
30 80 27 44
30 81 24 65
30 82 60 26
30 83 25 38
30 84 26 86
30 85 46 49
30 86 78 19
30 87 77 18
30 88 28 45
30 89 41 44
30 90 57 38
30 91 81 57
30 92 5 88
30 93 59 36
30 94 0 38
30 95 79 9
30 96 81 28
30 97 42 68
30 98 6 21
30 99 29 81
31 32 46 21
31 33 70 6
31 34 4 94
31 35 79 43
31 36 9 41
31 37 62 58
31 38 48 12
31 39 85 57
31 40 28 50
31 41 20 47
31 42 89 78
31 43 61 65
31 44 60 47
31 45 48 43
31 46 49 64
31 47 91 54
31 48 19 60
31 49 13 44
31 50 50 73
31 51 58 54
31 52 80 51
31 53 71 9
31 54 15 84
31 55 15 66
31 56 33 89
31 57 69 54
31 58 2 20
31 59 13 33
31 60 45 71
31 61 4 83
31 62 19 31
31 63 38 62
31 64 28 73
31 65 96 33
31 66 21 71
31 67 12 78
31 68 32 19
31 69 29 66
31 70 89 52
31 71 39 19
31 72 1 66
31 73 63 38
31 74 88 24
31 75 35 85
31 76 54 27
31 77 94 78
31 78 48 35
31 79 33 15
31 80 64 85
31 81 91 41
31 82 73 34
31 83 89 78
31 84 11 24
31 85 55 77
31 86 37 18
31 87 90 38
31 88 84 68
31 89 22 75
31 90 15 66
31 91 10 73
31 92 11 35
31 93 37 38
31 94 28 54
31 95 11 59
31 96 83 68
31 97 67 40
31 98 75 50
31 99 39 71
32 33 89 22
32 34 14 41
32 35 53 47
32 36 7 81
32 37 41 42
32 38 43 68
32 39 47 49
32 40 9 78
32 41 24 89
32 42 39 68
32 43 89 37
32 44 38 14
32 45 78 79
32 46 82 51
32 47 40 19
32 48 62 26
32 49 6 61
32 50 7 47
32 51 58 58
32 52 43 25
32 53 84 80
32 54 96 54
32 55 91 28
32 56 80 29
32 57 1 27
32 58 81 71
32 59 32 50
32 60 38 73
32 61 66 55
32 62 93 28
32 63 58 35
32 64 51 77
32 65 87 7
32 66 18 21
32 67 54 59
32 68 35 64
32 69 4 73
32 70 11 36
32 71 63 36
32 72 86 60
32 73 19 75
32 74 52 68
32 75 22 40
32 76 9 54
32 77 95 73
32 78 20 41
32 79 48 40
32 80 85 23
32 81 38 36
32 82 65 36
32 83 11 85
32 84 58 74
32 85 5 40
32 86 42 32
32 87 52 50
32 88 34 15
32 89 70 81
32 90 93 79
32 91 42 25
32 92 82 34
32 93 8 18
32 94 78 55
32 95 42 83
32 96 89 25
32 97 37 13
32 98 40 81
32 99 33 53
33 34 21 60
33 35 16 80
33 36 80 13
33 37 2 60
33 38 0 94
33 39 28 23
33 40 7 62
33 41 47 89
33 42 44 57
33 43 18 58
33 44 19 19
33 45 30 47
33 46 91 31
33 47 66 29
33 48 68 30
33 49 55 80
33 50 32 50
33 51 43 80
33 52 40 19
33 53 57 57
33 54 64 12
33 55 54 22
33 56 71 34
33 57 98 4
33 58 41 73
33 59 81 62
33 60 59 29
33 61 66 84
33 62 40 87
33 63 21 15
33 64 44 63
33 65 30 90
33 66 96 58
33 67 22 29
33 68 13 36
33 69 67 85
33 70 14 28
33 71 61 84
33 72 57 26
33 73 45 21
33 74 45 73
33 75 76 7
33 76 68 47
33 77 13 61
33 78 78 68
33 79 31 17
33 80 27 21
33 81 0 75
33 82 93 25
33 83 47 27
33 84 19 65
33 85 75 38
33 86 68 43
33 87 70 37
33 88 81 62
33 89 41 35
33 90 32 73
33 91 14 65
33 92 54 29
33 93 93 32
33 94 51 33
33 95 74 59
33 96 91 2
33 97 98 9
33 98 19 43
33 99 66 54
34 35 8 44
34 36 58 28
34 37 78 21
34 38 26 49
34 39 48 86
34 40 89 58
34 41 24 79
34 42 24 75
34 43 0 50
34 44 32 39
34 45 51 17
34 46 84 59
34 47 33 75
34 48 91 66
34 49 4 50
34 50 94 19
34 51 34 21
34 52 95 42
34 53 45 69
34 54 68 23
34 55 3 89
34 56 83 22
34 57 23 58
34 58 78 8
34 59 40 43
34 60 61 31
34 61 16 22
34 62 95 62
34 63 99 30
34 64 45 40
34 65 2 27
34 66 77 37
34 67 29 90
34 68 36 31
34 69 25 63
34 70 46 83
34 71 86 11
34 72 72 17
34 73 27 51
34 74 52 54
34 75 79 52
34 76 59 53
34 77 77 32
34 78 67 36
34 79 20 79
34 80 41 29
34 81 23 27
34 82 2 28
34 83 72 11
34 84 80 59
34 85 93 79
34 86 14 68
34 87 28 17
34 88 58 84
34 89 82 49
34 90 41 16
34 91 97 22
34 92 65 16
34 93 43 38
34 94 28 36
34 95 67 32
34 96 62 81
34 97 91 46
34 98 82 47
34 99 72 34
35 36 88 8
35 37 75 71
35 38 19 35
35 39 94 38
35 40 27 36
35 41 71 15
35 42 5 50
35 43 90 3
35 44 3 48
35 45 12 40
35 46 38 12
35 47 22 76
35 48 88 13
35 49 38 66
35 50 46 39
35 51 90 76
35 52 66 42
35 53 87 51
35 54 83 51
35 55 11 22
35 56 54 67
35 57 53 81
35 58 6 72
35 59 79 76
35 60 15 79
35 61 42 49
35 62 29 76
35 63 39 91
35 64 63 29
35 65 83 44
35 66 72 84
35 67 19 49
35 68 99 29
35 69 33 82
35 70 14 83
35 71 71 65
35 72 75 5
35 73 31 68
35 74 30 77
35 75 74 81
35 76 76 13
35 77 74 52
35 78 92 67
35 79 17 92
35 80 89 28
35 81 55 55
35 82 3 71
35 83 2 92
35 84 39 12
35 85 97 0
35 86 87 13
35 87 65 21
35 88 82 65
35 89 47 18
35 90 39 60
35 91 71 58
35 92 88 50
35 93 18 40
35 94 2 24
35 95 2 55
35 96 1 63
35 97 73 11
35 98 37 32
35 99 92 55
36 37 72 49
36 38 92 56
36 39 24 83
36 40 44 48
36 41 82 10
36 42 69 67
36 43 80 49
36 44 91 26
36 45 75 26
36 46 26 55
36 47 61 86
36 48 70 71
36 49 9 65
36 50 81 81
36 51 88 14
36 52 70 26
36 53 24 43
36 54 38 84
36 55 77 73
36 56 25 77
36 57 28 49
36 58 25 30
36 59 90 28
36 60 10 37
36 61 3 79
36 62 72 53
36 63 20 83
36 64 48 46
36 65 29 64
36 66 2 31
36 67 57 78
36 68 68 25
36 69 28 39
36 70 61 46
36 71 11 80
36 72 60 14
36 73 79 56
36 74 48 42
36 75 58 13
36 76 85 11
36 77 55 87
36 78 30 70
36 79 81 12
36 80 17 65
36 81 20 84
36 82 77 81
36 83 60 61
36 84 92 51
36 85 13 75
36 86 99 13
36 87 76 26
36 88 73 83
36 89 15 28
36 90 92 38
36 91 15 34
36 92 86 16
36 93 79 65
36 94 15 20
36 95 40 17
36 96 85 15
36 97 52 51
36 98 99 10
36 99 93 50
37 38 64 82
37 39 72 14
37 40 28 37
37 41 93 68
37 42 46 85
37 43 37 45
37 44 24 35
37 45 92 18
37 46 98 25
37 47 71 32
37 48 94 31
37 49 83 32
37 50 60 40
37 51 2 24
37 52 69 16
37 53 55 48
37 54 73 40
37 55 21 86
37 56 77 27
37 57 15 56
37 58 49 59
37 59 72 52
37 60 99 56
37 61 16 79
37 62 5 67
37 63 79 52
37 64 79 62
37 65 92 16
37 66 70 14
37 67 12 30
37 68 13 37
37 69 37 58
37 70 56 64
37 71 97 67
37 72 55 75
37 73 76 36
37 74 98 59
37 75 44 12
37 76 8 49
37 77 87 17
37 78 54 70
37 79 3 52
37 80 18 87
37 81 58 71
37 82 27 71
37 83 93 38
37 84 14 77
37 85 61 82
37 86 56 85
37 87 77 48
37 88 40 34
37 89 94 35
37 90 10 73
37 91 89 16
37 92 48 32
37 93 90 42
37 94 97 63
37 95 47 28
37 96 33 78
37 97 25 31
37 98 35 49
37 99 79 19
38 39 93 27
38 40 33 26
38 41 98 30
38 42 42 82
38 43 44 68
38 44 1 31
38 45 57 70
38 46 20 62
38 47 79 51
38 48 87 36
38 49 50 58
38 50 85 35
38 51 51 74
38 52 75 5
38 53 52 62
38 54 95 35
38 55 66 57
38 56 21 29
38 57 37 35
38 58 56 87
38 59 70 63
38 60 92 30
38 61 10 60
38 62 73 56
38 63 71 7
38 64 2 34
38 65 14 22
38 66 41 38
38 67 8 81
38 68 50 77
38 69 47 37
38 70 92 74
38 71 19 88
38 72 24 32
38 73 52 15
38 74 47 54
38 75 9 58
38 76 96 45
38 77 29 29
38 78 86 69
38 79 56 30
38 80 90 36
38 81 71 82
38 82 53 67
38 83 10 30
38 84 95 2
38 85 5 73
38 86 5 51
38 87 17 52
38 88 79 23
38 89 46 67
38 90 91 51
38 91 4 48
38 92 97 19
38 93 42 38
38 94 11 81
38 95 6 96
38 96 43 62
38 97 62 83
38 98 72 61
38 99 25 72
39 40 67 30
39 41 91 45
39 42 18 44
39 43 71 70
39 44 4 94
39 45 63 39
39 46 58 25
39 47 86 37
39 48 76 62
39 49 15 67
39 50 60 87
39 51 1 29
39 52 10 38
39 53 40 26
39 54 1 22
39 55 89 53
39 56 9 60
39 57 67 27
39 58 79 68
39 59 25 55
39 60 51 52
39 61 49 48
39 62 23 63
39 63 71 41
39 64 36 51
39 65 28 30
39 66 56 19
39 67 62 17
39 68 10 79
39 69 71 64
39 70 71 46
39 71 77 21
39 72 82 52
39 73 4 71
39 74 14 73
39 75 17 41
39 76 76 63
39 77 50 59
39 78 26 23
39 79 79 20
39 80 25 91
39 81 26 25
39 82 83 74
39 83 6 80
39 84 37 79
39 85 77 47
39 86 16 59
39 87 63 74
39 88 86 58
39 89 64 79
39 90 23 93
39 91 14 22
39 92 86 67
39 93 63 31
39 94 16 69
39 95 83 60
39 96 91 53
39 97 97 67
39 98 65 34
39 99 5 29
40 41 88 59
40 42 84 58
40 43 71 38
40 44 33 55
40 45 72 33
40 46 5 46
40 47 47 31
40 48 76 56
40 49 43 12
40 50 74 56
40 51 48 84
40 52 92 18
40 53 32 59
40 54 50 35
40 55 55 77
40 56 84 6
40 57 14 55
40 58 62 42
40 59 91 6
40 60 88 69
40 61 17 41
40 62 3 95
40 63 61 54
40 64 75 15
40 65 10 55
40 66 82 60
40 67 74 34
40 68 78 78
40 69 91 6
40 70 79 17
40 71 48 13
40 72 86 47
40 73 77 69
40 74 93 67
40 75 67 55
40 76 73 71
40 77 15 65
40 78 40 36
40 79 25 74
40 80 14 75
40 81 80 68
40 82 72 13
40 83 83 67
40 84 46 44
40 85 11 24
40 86 33 40
40 87 97 17
40 88 18 79
40 89 57 27
40 90 5 69
40 91 51 30
40 92 12 79
40 93 93 25
40 94 54 41
40 95 71 19
40 96 54 15
40 97 86 50
40 98 43 89
40 99 2 20
41 42 54 54
41 43 80 47
41 44 28 85
41 45 82 55
41 46 22 66
41 47 40 36
41 48 5 26
41 49 90 51
41 50 9 90
41 51 5 19
41 52 3 67
41 53 16 18
41 54 25 87
41 55 3 83
41 56 33 15
41 57 62 47
41 58 0 35
41 59 81 41
41 60 4 97
41 61 86 77
41 62 85 56
41 63 5 33
41 64 0 67
41 65 81 66
41 66 42 58
41 67 37 60
41 68 38 63
41 69 98 29
41 70 4 45
41 71 0 78
41 72 88 16
41 73 22 94
41 74 85 20
41 75 3 52
41 76 59 53
41 77 77 73
41 78 98 28
41 79 26 82
41 80 53 55
41 81 87 24
41 82 35 28
41 83 99 74
41 84 96 43
41 85 52 44
41 86 70 69
41 87 83 60
41 88 55 75
41 89 85 8
41 90 55 53
41 91 69 61
41 92 15 77
41 93 77 80
41 94 62 42
41 95 70 30
41 96 82 52
41 97 41 17
41 98 84 61
41 99 50 36
42 43 36 22
42 44 48 48
42 45 86 16
42 46 38 40
42 47 28 18
42 48 40 52
42 49 78 77
42 50 1 39
42 51 88 13
42 52 35 84
42 53 69 61
42 54 45 22
42 55 48 57
42 56 15 74
42 57 45 38
42 58 34 17
42 59 35 65
42 60 18 51
42 61 68 78
42 62 39 90
42 63 17 36
42 64 57 27
42 65 28 69
42 66 47 76
42 67 91 33
42 68 22 61
42 69 12 93
42 70 43 77
42 71 56 36
42 72 36 64
42 73 32 92
42 74 82 38
42 75 33 23
42 76 72 23
42 77 38 83
42 78 58 34
42 79 74 56
42 80 63 31
42 81 29 45
42 82 58 31
42 83 86 74
42 84 84 12
42 85 96 40
42 86 71 16
42 87 25 68
42 88 2 50
42 89 37 60
42 90 66 21
42 91 6 33
42 92 28 14
42 93 69 18
42 94 50 42
42 95 25 56
42 96 25 29
42 97 98 64
42 98 33 47
42 99 54 67
43 44 74 29
43 45 37 27
43 46 0 43
43 47 99 36
43 48 67 21
43 49 86 47
43 50 91 29
43 51 54 17
43 52 13 46
43 53 28 59
43 54 73 71
43 55 12 47
43 56 74 40
43 57 16 28
43 58 26 85
43 59 89 38
43 60 0 32
43 61 32 64
43 62 10 64
43 63 36 77
43 64 50 82
43 65 16 41
43 66 41 89
43 67 54 69
43 68 23 84
43 69 1 26
43 70 11 91
43 71 80 27
43 72 7 62
43 73 23 57
43 74 85 11
43 75 67 21
43 76 5 50
43 77 0 21
43 78 51 89
43 79 26 90
43 80 9 25
43 81 94 42
43 82 34 67
43 83 43 53
43 84 50 39
43 85 29 29
43 86 92 57
43 87 14 28
43 88 11 68
43 89 9 24
43 90 98 20
43 91 78 83
43 92 82 65
43 93 18 69
43 94 24 94
43 95 50 37
43 96 12 85
43 97 52 46
43 98 23 94
43 99 49 44
44 45 31 38
44 46 82 19
44 47 81 49
44 48 35 47
44 49 69 71
44 50 68 28
44 51 99 33
44 52 68 44
44 53 75 44
44 54 72 41
44 55 85 36
44 56 24 56
44 57 84 71
44 58 99 63
44 59 14 84
44 60 78 31
44 61 22 57
44 62 39 38
44 63 42 18
44 64 44 17
44 65 54 43
44 66 71 57
44 67 73 55
44 68 44 28
44 69 2 37
44 70 71 55
44 71 2 22
44 72 8 47
44 73 41 67
44 74 25 45
44 75 8 20
44 76 24 91
44 77 53 21
44 78 78 24
44 79 34 36
44 80 89 36
44 81 13 53
44 82 5 76
44 83 33 45
44 84 73 61
44 85 98 47
44 86 93 16
44 87 83 76
44 88 53 29
44 89 2 65
44 90 45 73
44 91 60 87
44 92 70 26
44 93 13 40
44 94 34 29
44 95 75 79
44 96 91 56
44 97 54 32
44 98 38 62
44 99 86 25
45 46 2 39
45 47 58 76
45 48 57 87
45 49 6 81
45 50 47 14
45 51 7 67
45 52 93 22
45 53 30 75
45 54 72 52
45 55 97 7
45 56 39 89
45 57 88 67
45 58 58 46
45 59 55 25
45 60 11 38
45 61 2 64
45 62 24 83
45 63 71 78
45 64 26 66
45 65 43 24
45 66 25 52
45 67 17 57
45 68 80 20
45 69 84 50
45 70 44 40
45 71 93 24
45 72 6 37
45 73 75 8
45 74 57 50
45 75 87 47
45 76 54 73
45 77 59 87
45 78 62 9
45 79 20 37
45 80 39 55
45 81 67 75
45 82 10 33
45 83 63 56
45 84 54 52
45 85 58 32
45 86 71 83
45 87 33 80
45 88 32 45
45 89 26 77
45 90 71 29
45 91 79 38
45 92 51 88
45 93 13 79
45 94 35 25
45 95 44 22
45 96 83 54
45 97 77 27
45 98 43 59
45 99 63 55
46 47 21 32
46 48 60 74
46 49 76 11
46 50 72 70
46 51 27 94
46 52 95 3
46 53 66 69
46 54 93 64
46 55 35 17
46 56 56 66
46 57 76 74
46 58 35 20
46 59 0 76
46 60 83 37
46 61 47 59
46 62 45 21
46 63 38 49
46 64 96 32
46 65 52 18
46 66 40 13
46 67 85 28
46 68 58 63
46 69 40 45
46 70 80 70
46 71 94 58
46 72 15 63
46 73 89 19
46 74 97 76
46 75 17 79
46 76 94 8
46 77 90 75
46 78 26 47
46 79 64 69
46 80 79 74
46 81 45 69
46 82 89 65
46 83 6 53
46 84 63 23
46 85 53 24
46 86 11 56
46 87 93 53
46 88 76 50
46 89 95 24
46 90 51 30
46 91 28 73
46 92 73 71
46 93 33 25
46 94 45 80
46 95 4 20
46 96 65 51
46 97 68 39
46 98 97 21
46 99 12 75
47 48 52 41
47 49 99 56
47 50 47 29
47 51 12 85
47 52 82 63
47 53 56 83
47 54 52 36
47 55 62 76
47 56 78 9
47 57 26 94
47 58 70 21
47 59 89 62
47 60 30 60
47 61 81 38
47 62 51 72
47 63 2 57
47 64 89 49
47 65 21 95
47 66 93 72
47 67 81 71
47 68 80 49
47 69 40 75
47 70 91 61
47 71 6 79
47 72 19 71
47 73 76 12
47 74 80 74
47 75 98 26
47 76 97 12
47 77 76 31
47 78 47 24
47 79 62 12
47 80 20 39
47 81 70 15
47 82 23 80
47 83 62 67
47 84 43 39
47 85 20 44
47 86 53 58
47 87 23 15
47 88 56 27
47 89 21 35
47 90 9 43
47 91 50 62
47 92 25 36
47 93 87 56
47 94 37 54
47 95 66 16
47 96 95 57
47 97 18 89
47 98 16 27
47 99 70 35
48 49 20 16
48 50 57 65
48 51 88 46
48 52 33 38
48 53 68 50
48 54 73 43
48 55 48 30
48 56 88 34
48 57 72 64
48 58 45 12
48 59 71 24
48 60 70 69
48 61 13 20
48 62 22 60
48 63 60 76
48 64 71 84
48 65 75 38
48 66 24 76
48 67 45 54
48 68 92 55
48 69 86 75
48 70 39 18
48 71 99 9
48 72 92 42
48 73 5 21
48 74 76 69
48 75 72 76
48 76 88 9
48 77 43 27
48 78 53 16
48 79 88 72
48 80 69 29
48 81 54 57
48 82 30 45
48 83 31 20
48 84 26 61
48 85 88 31
48 86 66 22
48 87 48 34
48 88 7 53
48 89 88 14
48 90 63 20
48 91 4 33
48 92 24 76
48 93 45 69
48 94 29 47
48 95 46 74
48 96 73 81
48 97 34 78
48 98 74 81
48 99 86 45
49 50 56 85
49 51 23 68
49 52 87 43
49 53 40 53
49 54 87 55
49 55 3 78
49 56 63 59
49 57 53 74
49 58 18 56
49 59 10 46
49 60 18 48
49 61 11 64
49 62 43 36
49 63 46 50
49 64 49 11
49 65 81 59
49 66 29 75
49 67 61 49
49 68 23 43
49 69 25 38
49 70 53 52
49 71 73 5
49 72 89 10
49 73 25 94
49 74 26 56
49 75 23 61
49 76 62 12
49 77 16 62
49 78 21 31
49 79 50 56
49 80 91 77
49 81 0 89
49 82 0 61
49 83 78 75
49 84 77 45
49 85 81 46
49 86 96 23
49 87 85 59
49 88 0 35
49 89 61 50
49 90 77 46
49 91 67 15
49 92 42 35
49 93 45 40
49 94 23 39
49 95 25 23
49 96 33 22
49 97 77 6
49 98 18 43
49 99 79 36
50 51 86 82
50 52 93 9
50 53 71 21
50 54 12 49
50 55 39 74
50 56 79 14
50 57 57 84
50 58 35 89
50 59 28 17
50 60 60 26
50 61 79 81
50 62 79 43
50 63 58 68
50 64 18 74
50 65 38 26
50 66 93 38
50 67 68 80
50 68 58 32
50 69 48 55
50 70 40 77
50 71 93 43
50 72 87 57
50 73 88 59
50 74 39 28
50 75 85 48
50 76 48 70
50 77 56 65
50 78 40 23
50 79 79 33
50 80 91 59
50 81 56 32
50 82 60 53
50 83 98 20
50 84 40 52
50 85 99 77
50 86 13 88
50 87 63 34
50 88 5 41
50 89 75 43
50 90 2 58
50 91 46 89
50 92 85 74
50 93 0 40
50 94 49 26
50 95 51 28
50 96 44 89
50 97 22 17
50 98 53 34
50 99 95 63
51 52 98 13
51 53 0 73
51 54 96 15
51 55 74 80
51 56 23 33
51 57 81 52
51 58 34 53
51 59 31 35
51 60 27 16
51 61 63 54
51 62 19 37
51 63 86 34
51 64 20 24
51 65 81 28
51 66 70 65
51 67 25 58
51 68 47 56
51 69 49 32
51 70 95 50
51 71 89 42
51 72 8 88
51 73 55 28
51 74 74 54
51 75 53 77
51 76 92 58
51 77 41 14
51 78 51 17
51 79 66 7
51 80 10 75
51 81 35 74
51 82 36 20
51 83 12 18
51 84 64 60
51 85 88 62
51 86 59 33
51 87 1 79
51 88 96 36
51 89 77 53
51 90 75 33
51 91 19 65
51 92 72 34
51 93 54 13
51 94 51 58
51 95 83 47
51 96 33 90
51 97 70 51
51 98 20 20
51 99 30 42
52 53 52 18
52 54 79 69
52 55 2 24
52 56 30 62
52 57 18 63
52 58 41 49
52 59 52 28
52 60 44 11
52 61 58 65
52 62 46 76
52 63 74 69
52 64 53 18
52 65 17 29
52 66 3 55
52 67 24 52
52 68 43 85
52 69 49 89
52 70 0 92
52 71 0 26
52 72 43 43
52 73 8 60
52 74 68 75
52 75 46 34
52 76 13 41
52 77 23 32
52 78 28 47
52 79 13 46
52 80 10 90
52 81 91 80
52 82 76 21
52 83 95 77
52 84 1 92
52 85 73 10
52 86 13 95
52 87 53 61
52 88 11 60
52 89 27 67
52 90 54 24
52 91 36 88
52 92 33 29
52 93 90 58
52 94 82 7
52 95 63 13
52 96 49 13
52 97 45 60
52 98 75 11
52 99 82 66
53 54 15 73
53 55 76 52
53 56 65 18
53 57 26 47
53 58 66 73
53 59 55 13
53 60 39 62
53 61 31 47
53 62 55 42
53 63 38 34
53 64 96 30
53 65 38 33
53 66 57 87
53 67 28 37
53 68 47 77
53 69 14 78
53 70 3 22
53 71 28 23
53 72 43 64
53 73 58 18
53 74 2 71
53 75 28 28
53 76 74 70
53 77 72 10
53 78 14 89
53 79 80 33
53 80 35 58
53 81 27 67
53 82 3 56
53 83 37 44
53 84 12 45
53 85 42 20
53 86 6 25
53 87 69 53
53 88 57 9
53 89 37 14
53 90 64 9
53 91 78 53
53 92 11 19
53 93 19 66
53 94 39 28
53 95 68 37
53 96 46 73
53 97 30 80
53 98 47 14
53 99 46 88
54 55 40 38
54 56 34 53
54 57 56 20
54 58 51 81
54 59 76 84
54 60 35 28
54 61 55 61
54 62 13 29
54 63 80 17
54 64 71 45
54 65 66 85
54 66 1 29
54 67 2 33
54 68 73 16
54 69 53 56
54 70 52 35
54 71 14 18
54 72 46 14
54 73 16 44
54 74 83 49
54 75 83 60
54 76 82 41
54 77 57 39
54 78 21 91
54 79 92 55
54 80 11 51
54 81 45 30
54 82 42 51
54 83 32 65
54 84 62 60
54 85 78 45
54 86 22 26
54 87 26 72
54 88 48 86
54 89 38 88
54 90 73 62
54 91 88 46
54 92 39 61
54 93 40 73
54 94 71 72
54 95 4 85
54 96 6 76
54 97 78 11
54 98 23 38
54 99 15 20
55 56 6 36
55 57 50 24
55 58 61 42
55 59 85 4
55 60 40 67
55 61 8 33
55 62 74 48
55 63 19 23
55 64 2 59
55 65 43 27
55 66 35 16
55 67 90 37
55 68 52 20
55 69 65 76
55 70 60 66
55 71 99 30
55 72 62 44
55 73 70 18
55 74 50 27
55 75 51 72
55 76 10 32
55 77 1 68
55 78 13 41
55 79 85 24
55 80 59 83
55 81 5 41
55 82 28 82
55 83 35 60
55 84 4 86
55 85 59 72
55 86 15 93
55 87 78 39
55 88 99 73
55 89 39 42
55 90 84 34
55 91 73 53
55 92 17 88
55 93 88 38
55 94 6 21
55 95 74 54
55 96 36 79
55 97 28 58
55 98 40 24
55 99 24 50
56 57 48 56
56 58 69 37
56 59 89 18
56 60 70 33
56 61 81 40
56 62 73 27
56 63 97 2
56 64 65 36
56 65 76 21
56 66 44 40
56 67 56 80
56 68 70 49
56 69 93 20
56 70 52 84
56 71 83 32
56 72 91 57
56 73 35 16
56 74 31 82
56 75 58 84
56 76 15 42
56 77 41 63
56 78 22 18
56 79 31 35
56 80 84 70
56 81 70 16
56 82 96 60
56 83 36 42
56 84 28 81
56 85 0 93
56 86 91 60
56 87 28 80
56 88 57 70
56 89 50 65
56 90 95 70
56 91 63 10
56 92 36 53
56 93 86 23
56 94 12 68
56 95 79 69
56 96 63 41
56 97 9 61
56 98 74 55
56 99 29 83
57 58 66 44
57 59 39 54
57 60 31 56
57 61 34 36
57 62 83 40
57 63 10 29
57 64 74 34
57 65 89 46
57 66 98 18
57 67 24 73
57 68 96 54
57 69 1 25
57 70 8 86
57 71 14 39
57 72 56 61
57 73 62 8
57 74 33 43
57 75 59 73
57 76 71 14
57 77 24 47
57 78 70 57
57 79 4 28
57 80 88 65
57 81 60 19
57 82 5 30
57 83 36 84
57 84 33 78
57 85 58 62
57 86 22 52
57 87 99 38
57 88 19 17
57 89 47 86
57 90 24 17
57 91 82 39
57 92 54 15
57 93 24 62
57 94 3 94
57 95 65 53
57 96 1 66
57 97 8 41
57 98 11 42
57 99 7 43
58 59 98 30
58 60 91 71
58 61 1 48
58 62 85 50
58 63 5 76
58 64 93 51
58 65 11 45
58 66 28 68
58 67 70 70
58 68 8 44
58 69 45 62
58 70 71 42
58 71 45 33
58 72 73 45
58 73 91 16
58 74 34 88
58 75 60 55
58 76 92 19
58 77 28 55
58 78 90 17
58 79 23 49
58 80 54 25
58 81 63 44
58 82 5 43
58 83 6 27
58 84 68 42
58 85 58 27
58 86 77 54
58 87 33 80
58 88 37 59
58 89 97 46
58 90 11 24
58 91 71 84
58 92 78 77
58 93 17 80
58 94 94 70
58 95 3 77
58 96 55 44
58 97 78 46
58 98 45 87
58 99 63 7
59 60 78 19
59 61 60 12
59 62 56 40
59 63 38 75
59 64 99 14
59 65 72 57
59 66 18 85
59 67 30 34
59 68 37 28
59 69 28 25
59 70 28 16
59 71 91 76
59 72 79 20
59 73 99 20
59 74 56 35
59 75 21 64
59 76 51 24
59 77 24 20
59 78 72 66
59 79 33 86
59 80 4 95
59 81 97 15
59 82 84 78
59 83 44 29
59 84 92 34
59 85 26 33
59 86 47 47
59 87 11 95
59 88 96 47
59 89 50 22
59 90 33 72
59 91 25 62
59 92 87 14
59 93 75 37
59 94 28 64
59 95 46 29
59 96 99 26
59 97 8 43
59 98 2 54
59 99 19 64
60 61 88 56
60 62 36 70
60 63 56 65
60 64 26 87
60 65 45 56
60 66 71 75
60 67 25 86
60 68 58 87
60 69 95 36
60 70 7 88
60 71 29 24
60 72 63 86
60 73 9 62
60 74 50 10
60 75 31 48
60 76 45 80
60 77 19 70
60 78 99 42
60 79 96 72
60 80 8 29
60 81 84 22
60 82 59 75
60 83 57 65
60 84 68 62
60 85 65 12
60 86 79 43
60 87 54 66
60 88 90 58
60 89 97 55
60 90 77 60
60 91 48 78
60 92 0 33
60 93 69 73
60 94 12 47
60 95 53 53
60 96 39 69
60 97 40 13
60 98 83 24
60 99 25 17
61 62 61 67
61 63 0 95
61 64 70 80
61 65 36 70
61 66 6 86
61 67 31 77
61 68 42 63
61 69 86 64
61 70 81 15
61 71 28 20
61 72 21 85
61 73 70 40
61 74 58 26
61 75 46 25
61 76 90 75
61 77 59 24
61 78 19 26
61 79 50 37
61 80 5 31
61 81 76 31
61 82 61 71
61 83 35 19
61 84 48 82
61 85 2 54
61 86 64 68
61 87 49 40
61 88 10 43
61 89 84 56
61 90 15 51
61 91 84 33
61 92 17 35
61 93 75 66
61 94 59 53
61 95 40 44
61 96 54 54
61 97 7 85
61 98 31 36
61 99 66 19
62 63 1 98
62 64 15 54
62 65 39 81
62 66 92 72
62 67 45 63
62 68 58 13
62 69 76 47
62 70 89 11
62 71 57 25
62 72 99 31
62 73 66 47
62 74 64 73
62 75 69 64
62 76 44 52
62 77 22 47
62 78 54 80
62 79 41 15
62 80 47 54
62 81 24 30
62 82 81 11
62 83 3 19
62 84 4 72
62 85 70 49
62 86 16 86
62 87 19 21
62 88 39 29
62 89 16 55
62 90 6 42
62 91 16 43
62 92 77 54
62 93 57 15
62 94 56 46
62 95 90 81
62 96 98 55
62 97 73 84
62 98 60 52
62 99 17 29
63 64 21 83
63 65 61 8
63 66 93 44
63 67 18 64
63 68 1 74
63 69 8 68
63 70 8 70
63 71 45 29
63 72 42 44
63 73 54 88
63 74 21 89
63 75 92 6
63 76 90 14
63 77 98 43
63 78 18 56
63 79 56 14
63 80 82 16
63 81 11 67
63 82 65 30
63 83 83 73
63 84 81 31
63 85 65 27
63 86 53 25
63 87 22 90
63 88 29 61
63 89 30 76
63 90 15 58
63 91 84 81
63 92 8 70
63 93 50 42
63 94 25 42
63 95 57 61
63 96 5 48
63 97 64 53
63 98 53 38
63 99 71 83
64 65 28 71
64 66 33 54
64 67 29 41
64 68 60 64
64 69 79 31
64 70 9 93
64 71 41 51
64 72 66 32
64 73 83 4
64 74 9 21
64 75 3 19
64 76 46 88
64 77 50 88
64 78 80 63
64 79 21 66
64 80 53 24
64 81 43 52
64 82 43 55
64 83 78 72
64 84 75 45
64 85 66 22
64 86 66 25
64 87 59 17
64 88 55 25
64 89 3 68
64 90 30 16
64 91 92 44
64 92 96 76
64 93 6 37
64 94 76 56
64 95 77 42
64 96 38 40
64 97 92 43
64 98 68 70
64 99 28 40
65 66 50 23
65 67 44 66
65 68 52 27
65 69 42 31
65 70 96 32
65 71 24 78
65 72 31 29
65 73 61 38
65 74 65 31
65 75 25 78
65 76 60 51
65 77 26 75
65 78 65 83
65 79 21 70
65 80 72 68
65 81 93 18
65 82 51 11
65 83 11 48
65 84 33 61
65 85 72 64
65 86 32 44
65 87 41 69
65 88 94 48
65 89 85 56
65 90 22 74
65 91 80 77
65 92 38 73
65 93 33 19
65 94 57 80
65 95 78 43
65 96 26 21
65 97 50 86
65 98 95 67
65 99 13 32
66 67 48 38
66 68 96 4
66 69 81 41
66 70 35 40
66 71 19 91
66 72 99 48
66 73 99 6
66 74 82 79
66 75 73 80
66 76 38 23
66 77 0 28
66 78 29 27
66 79 21 93
66 80 26 75
66 81 56 76
66 82 45 77
66 83 65 11
66 84 49 25
66 85 37 64
66 86 25 49
66 87 98 58
66 88 77 73
66 89 44 83
66 90 37 62
66 91 91 77
66 92 61 68
66 93 27 59
66 94 16 79
66 95 78 13
66 96 9 45
66 97 23 19
66 98 67 77
66 99 39 18
67 68 20 64
67 69 45 56
67 70 33 73
67 71 84 64
67 72 98 37
67 73 55 87
67 74 31 47
67 75 63 58
67 76 53 57
67 77 29 31
67 78 14 69
67 79 35 14
67 80 47 59
67 81 98 9
67 82 52 30
67 83 59 9
67 84 57 26
67 85 71 60
67 86 0 94
67 87 21 24
67 88 79 9
67 89 10 41
67 90 7 70
67 91 30 55
67 92 7 28
67 93 55 49
67 94 52 73
67 95 8 24
67 96 46 74
67 97 33 79
67 98 10 23
67 99 97 23
68 69 38 33
68 70 68 26
68 71 71 47
68 72 45 58
68 73 47 14
68 74 8 71
68 75 92 72
68 76 52 66
68 77 18 21
68 78 5 42
68 79 48 48
68 80 95 79
68 81 45 11
68 82 49 28
68 83 68 71
68 84 58 79
68 85 90 25
68 86 67 31
68 87 8 76
68 88 95 60
68 89 36 89
68 90 39 50
68 91 36 86
68 92 34 58
68 93 87 6
68 94 49 20
68 95 27 33
68 96 68 13
68 97 6 46
68 98 52 83
68 99 2 24
69 70 94 6
69 71 97 53
69 72 83 32
69 73 96 75
69 74 85 46
69 75 59 40
69 76 10 18
69 77 92 75
69 78 22 28
69 79 7 24
69 80 95 23
69 81 82 27
69 82 14 29
69 83 40 17
69 84 28 33
69 85 36 70
69 86 56 51
69 87 54 79
69 88 39 13
69 89 6 50
69 90 92 56
69 91 36 31
69 92 76 65
69 93 44 31
69 94 30 42
69 95 81 71
69 96 25 63
69 97 31 27
69 98 6 71
69 99 3 56
70 71 22 25
70 72 59 58
70 73 12 93
70 74 65 8
70 75 13 45
70 76 42 51
70 77 12 68
70 78 34 49
70 79 1 70
70 80 33 75
70 81 39 81
70 82 13 45
70 83 39 27
70 84 29 38
70 85 25 72
70 86 54 35
70 87 55 67
70 88 82 7
70 89 90 59
70 90 18 95
70 91 72 14
70 92 46 56
70 93 75 70
70 94 36 20
70 95 74 41
70 96 19 88
70 97 52 75
70 98 98 7
70 99 89 43
71 72 32 30
71 73 31 33
71 74 7 35
71 75 21 57
71 76 85 11
71 77 66 14
71 78 75 30
71 79 55 67
71 80 19 72
71 81 2 49
71 82 4 48
71 83 61 47
71 84 11 66
71 85 67 38
71 86 71 24
71 87 50 25
71 88 31 89
71 89 67 17
71 90 14 77
71 91 55 40
71 92 79 35
71 93 5 81
71 94 6 19
71 95 29 30
71 96 48 53
71 97 1 51
71 98 63 43
71 99 54 27
72 73 25 62
72 74 76 78
72 75 96 18
72 76 19 90
72 77 75 56
72 78 72 61
72 79 31 62
72 80 38 30
72 81 59 55
72 82 69 66
72 83 23 93
72 84 41 12
72 85 25 87
72 86 79 16
72 87 65 21
72 88 94 6
72 89 33 76
72 90 55 62
72 91 10 86
72 92 29 28
72 93 79 11
72 94 76 74
72 95 75 18
72 96 55 79
72 97 23 30
72 98 86 35
72 99 73 48
73 74 32 67
73 75 66 55
73 76 37 83
73 77 0 82
73 78 80 74
73 79 54 39
73 80 19 75
73 81 95 56
73 82 56 39
73 83 75 61
73 84 83 37
73 85 18 16
73 86 40 46
73 87 17 53
73 88 74 76
73 89 51 40
73 90 74 35
73 91 22 35
73 92 61 71
73 93 84 61
73 94 26 79
73 95 41 70
73 96 41 78
73 97 55 13
73 98 63 84
73 99 40 32
74 75 64 37
74 76 88 3
74 77 37 42
74 78 97 51
74 79 42 45
74 80 5 50
74 81 52 76
74 82 20 42
74 83 10 86
74 84 2 84
74 85 51 60
74 86 76 49
74 87 73 20
74 88 98 78
74 89 27 32
74 90 42 28
74 91 64 7
74 92 32 14
74 93 65 23
74 94 36 28
74 95 97 29
74 96 23 87
74 97 37 81
74 98 99 65
74 99 94 78
75 76 49 37
75 77 6 49
75 78 5 72
75 79 3 81
75 80 62 79
75 81 23 33
75 82 50 52
75 83 32 65
75 84 5 37
75 85 68 48
75 86 62 86
75 87 95 18
75 88 17 37
75 89 51 51
75 90 6 20
75 91 85 7
75 92 39 52
75 93 44 29
75 94 75 43
75 95 28 74
75 96 33 71
75 97 31 34
75 98 87 64
75 99 34 79
76 77 38 68
76 78 34 67
76 79 21 89
76 80 24 80
76 81 77 25
76 82 82 43
76 83 32 46
76 84 78 55
76 85 26 32
76 86 82 29
76 87 49 41
76 88 89 79
76 89 26 53
76 90 10 82
76 91 73 81
76 92 21 76
76 93 22 37
76 94 39 24
76 95 66 79
76 96 21 67
76 97 56 42
76 98 77 59
76 99 71 77
77 78 75 63
77 79 35 88
77 80 26 47
77 81 78 13
77 82 23 61
77 83 92 8
77 84 75 56
77 85 5 69
77 86 21 50
77 87 58 37
77 88 37 73
77 89 83 23
77 90 73 72
77 91 90 45
77 92 68 82
77 93 83 57
77 94 65 49
77 95 95 28
77 96 22 42
77 97 36 55
77 98 63 69
77 99 15 40
78 79 63 26
78 80 31 71
78 81 40 29
78 82 30 78
78 83 67 64
78 84 72 57
78 85 2 43
78 86 36 50
78 87 43 47
78 88 99 0
78 89 41 75
78 90 94 45
78 91 37 65
78 92 93 55
78 93 56 46
78 94 0 32
78 95 30 76
78 96 70 14
78 97 76 71
78 98 86 15
78 99 84 29
79 80 43 63
79 81 55 76
79 82 86 27
79 83 21 26
79 84 26 22
79 85 95 4
79 86 51 65
79 87 31 41
79 88 97 48
79 89 65 68
79 90 99 8
79 91 29 70
79 92 98 80
79 93 35 47
79 94 7 69
79 95 88 13
79 96 80 79
79 97 19 87
79 98 50 27
79 99 70 37
80 81 23 65
80 82 2 24
80 83 44 65
80 84 44 53
80 85 58 49
80 86 85 80
80 87 58 32
80 88 46 56
80 89 25 20
80 90 83 52
80 91 3 83
80 92 30 43
80 93 18 92
80 94 55 12
80 95 61 7
80 96 64 8
80 97 58 77
80 98 97 12
80 99 11 64
81 82 96 26
81 83 20 86
81 84 79 52
81 85 6 54
81 86 97 23
81 87 89 28
81 88 89 37
81 89 85 24
81 90 59 59
81 91 30 69
81 92 48 62
81 93 84 52
81 94 61 27
81 95 82 80
81 96 92 78
81 97 35 31
81 98 68 14
81 99 79 68
82 83 26 37
82 84 56 62
82 85 94 31
82 86 24 41
82 87 48 59
82 88 98 32
82 89 92 46
82 90 85 4
82 91 38 79
82 92 16 46
82 93 78 60
82 94 22 91
82 95 57 14
82 96 82 70
82 97 17 60
82 98 40 37
82 99 60 26
83 84 72 47
83 85 68 35
83 86 34 41
83 87 59 24
83 88 0 77
83 89 90 32
83 90 76 55
83 91 43 19
83 92 53 36
83 93 88 12
83 94 41 53
83 95 47 22
83 96 75 23
83 97 4 52
83 98 62 46
83 99 6 40
84 85 30 26
84 86 57 53
84 87 37 14
84 88 68 61
84 89 43 29
84 90 46 34
84 91 17 32
84 92 71 60
84 93 89 34
84 94 91 76
84 95 35 38
84 96 5 48
84 97 18 83
84 98 13 56
84 99 52 19
85 86 8 96
85 87 48 14
85 88 7 94
85 89 45 29
85 90 63 56
85 91 51 40
85 92 86 74
85 93 11 87
85 94 80 58
85 95 81 26
85 96 55 10
85 97 50 23
85 98 40 55
85 99 30 70
86 87 84 68
86 88 8 49
86 89 31 19
86 90 12 30
86 91 86 68
86 92 24 60
86 93 68 74
86 94 65 16
86 95 32 88
86 96 41 69
86 97 82 16
86 98 45 34
86 99 67 45
87 88 53 78
87 89 22 66
87 90 87 17
87 91 1 80
87 92 71 82
87 93 46 21
87 94 33 19
87 95 79 76
87 96 46 84
87 97 87 33
87 98 89 14
87 99 64 48
88 89 91 16
88 90 53 85
88 91 6 25
88 92 99 36
88 93 73 15
88 94 58 38
88 95 39 59
88 96 25 22
88 97 46 11
88 98 15 42
88 99 18 31
89 90 81 7
89 91 72 9
89 92 56 34
89 93 65 40
89 94 41 22
89 95 65 78
89 96 85 14
89 97 66 25
89 98 64 87
89 99 0 74
90 91 63 59
90 92 54 38
90 93 44 61
90 94 80 5
90 95 95 31
90 96 68 83
90 97 46 85
90 98 17 67
90 99 71 79
91 92 70 21
91 93 8 65
91 94 37 33
91 95 65 33
91 96 90 8
91 97 86 72
91 98 11 44
91 99 4 89
92 93 92 76
92 94 21 31
92 95 6 72
92 96 67 17
92 97 84 68
92 98 31 54
92 99 63 54
93 94 46 62
93 95 21 52
93 96 55 34
93 97 31 86
93 98 18 95
93 99 78 77
94 95 14 89
94 96 86 47
94 97 51 45
94 98 51 49
94 99 68 15
95 96 97 66
95 97 6 81
95 98 42 35
95 99 23 36
96 97 20 31
96 98 4 75
96 99 84 40
97 98 97 39
97 99 8 83
98 99 9 85
0
2312
59 5370
60 5312
61 5255
62 5199
63 5144
64 5089
65 5041
66 4994
67 4954
68 4915
69 4875
70 4843
71 4805
72 4773
73 4738
74 4706
75 4675
76 4644
77 4613
78 4583
79 4552
80 4524
81 4494
82 4466
83 4437
84 4409
85 4382
86 4357
87 4332
88 4307
89 4285
90 4260
91 4237
92 4213
93 4190
94 4168
95 4143
96 4124
97 4099
98 4082
99 4057
100 4040
101 4015
102 3999
103 3977
104 3961
105 3943
106 3927
107 3909
108 3893
109 3875
110 3859
111 3844
112 3830
113 3813
114 3797
115 3782
116 3768
117 3754
118 3741
119 3727
120 3712
121 3698
122 3684
123 3671
124 3657
125 3643
126 3633
127 3619
128 3608
129 3595
130 3584
131 3572
132 3560
133 3550
134 3537
135 3527
136 3519
137 3507
138 3496
139 3487
140 3479
141 3466
142 3456
143 3448
144 3439
145 3426
146 3418
147 3408
148 3400
149 3392
150 3378
151 3370
152 3362
153 3352
154 3344
155 3335
156 3322
157 3318
158 3306
159 3296
160 3289
161 3279
162 3272
163 3263
164 3253
165 3246
166 3237
167 3229
168 3220
169 3213
170 3204
171 3196
172 3189
173 3180
174 3172
175 3165
176 3156
177 3148
178 3141
179 3132
180 3126
181 3117
182 3111
183 3103
184 3096
185 3090
186 3081
187 3075
188 3067
189 3061
190 3053
191 3047
192 3042
193 3039
194 3034
195 3028
196 3023
197 3020
198 3015
199 3011
200 3007
201 3003
202 2998
203 2995
204 2990
205 2986
206 2982
207 2978
208 2974
209 2970
210 2967
211 2962
212 2959
213 2955
214 2952
215 2947
216 2944
217 2940
218 2936
219 2932
220 2928
221 2925
222 2920
223 2917
224 2913
225 2910
226 2905
227 2903
228 2899
229 2896
230 2891
231 2889
232 2887
233 2883
234 2879
235 2877
236 2875
237 2871
238 2868
239 2865
240 2863
241 2860
242 2856
243 2854
244 2852
245 2848
246 2846
247 2842
248 2840
249 2838
250 2834
251 2832
252 2829
253 2826
254 2825
255 2821
256 2818
257 2817
258 2814
259 2812
260 2809
261 2806
262 2805
263 2803
264 2800
265 2797
266 2796
267 2793
268 2792
269 2788
270 2786
271 2784
272 2783
273 2780
274 2777
275 2775
276 2773
277 2772
278 2768
279 2767
280 2764
281 2763
282 2761
283 2758
284 2755
285 2754
286 2752
287 2749
288 2748
289 2745
290 2744
291 2741
292 2739
293 2736
294 2735
295 2733
296 2731
297 2729
298 2727
299 2725
300 2724
301 2720
302 2719
303 2716
304 2715
305 2713
306 2711
307 2709
308 2707
309 2705
310 2704
311 2700
312 2699
313 2697
314 2695
315 2693
316 2691
317 2689
318 2688
319 2685
320 2684
321 2682
322 2679
323 2678
324 2676
325 2674
326 2672
327 2670
328 2668
329 2667
330 2664
331 2663
332 2661
333 2658
334 2657
335 2655
336 2653
337 2651
338 2649
339 2647
340 2646
341 2643
342 2642
343 2640
344 2638
345 2636
346 2634
347 2632
348 2631
349 2629
350 2627
351 2625
352 2623
353 2622
354 2619
355 2618
356 2616
357 2614
358 2612
359 2610
360 2608
361 2607
362 2605
363 2603
364 2602
365 2599
366 2598
367 2596
368 2594
369 2593
370 2591
371 2589
372 2588
373 2585
374 2584
375 2583
376 2581
377 2580
378 2578
379 2576
380 2574
381 2573
382 2572
383 2569
384 2568
385 2567
386 2565
387 2564
388 2562
389 2560
390 2558
391 2557
392 2555
393 2554
394 2551
395 2550
396 2549
397 2547
398 2546
399 2544
400 2542
401 2540
402 2539
403 2538
404 2535
405 2534
406 2533
407 2531
408 2530
409 2528
410 2526
411 2524
412 2523
413 2522
414 2521
415 2519
416 2517
417 2515
418 2514
419 2512
421 2510
422 2508
423 2506
424 2505
425 2503
427 2501
428 2499
429 2498
430 2496
431 2494
433 2492
434 2490
435 2489
436 2487
437 2486
438 2485
439 2483
440 2482
441 2480
442 2478
444 2476
445 2475
446 2474
447 2472
448 2470
449 2469
450 2467
452 2466
453 2465
454 2463
455 2461
456 2459
457 2458
459 2456
460 2455
461 2454
462 2452
463 2450
465 2448
466 2447
467 2446
468 2445
469 2443
470 2441
471 2440
472 2439
474 2437
475 2436
476 2434
477 2432
478 2431
479 2430
480 2429
481 2428
482 2427
483 2425
484 2424
485 2423
486 2421
487 2420
489 2419
490 2417
491 2416
492 2414
493 2413
494 2412
495 2411
496 2410
497 2409
498 2408
499 2406
500 2405
501 2403
502 2402
504 2401
505 2399
506 2398
508 2395
509 2394
511 2392
512 2391
513 2390
514 2389
515 2388
516 2387
517 2386
518 2384
519 2383
520 2381
521 2380
523 2379
524 2377
525 2376
527 2373
528 2372
530 2371
531 2369
532 2368
533 2367
534 2366
535 2365
536 2364
537 2363
538 2362
539 2361
540 2359
541 2358
543 2357
544 2355
545 2354
546 2353
547 2352
548 2351
549 2350
550 2349
551 2348
552 2347
553 2345
554 2344
556 2343
557 2342
558 2341
559 2340
560 2338
561 2337
562 2336
563 2335
564 2334
565 2333
567 2332
568 2331
569 2329
570 2328
571 2327
572 2326
573 2325
574 2324
576 2323
577 2322
578 2321
579 2319
580 2318
581 2317
582 2316
583 2315
584 2314
586 2313
587 2312
588 2310
589 2309
590 2308
591 2307
592 2306
593 2305
595 2304
596 2303
597 2302
598 2301
599 2299
600 2298
602 2297
603 2296
604 2295
605 2294
606 2293
607 2292
608 2291
609 2290
611 2289
612 2287
613 2286
615 2285
616 2284
617 2283
618 2282
619 2281
620 2280
621 2279
622 2278
624 2277
625 2276
626 2275
627 2274
628 2273
629 2272
630 2271
631 2270
633 2269
634 2268
635 2267
636 2266
637 2265
638 2264
639 2263
641 2262
642 2261
643 2260
644 2259
645 2258
647 2257
648 2256
649 2255
650 2254
651 2253
652 2252
654 2251
655 2250
656 2249
657 2248
658 2247
660 2246
661 2245
662 2244
663 2243
664 2242
666 2241
667 2240
668 2239
669 2238
670 2237
672 2236
673 2235
674 2234
675 2233
676 2232
678 2231
680 2230
681 2229
682 2228
683 2227
684 2226
686 2225
687 2224
688 2223
689 2222
690 2221
692 2220
694 2219
695 2218
696 2217
697 2216
699 2215
700 2214
701 2213
703 2212
705 2211
706 2210
707 2209
709 2208
710 2207
711 2206
713 2205
714 2204
716 2203
717 2202
719 2201
720 2200
721 2199
723 2198
724 2197
726 2196
728 2195
729 2194
730 2193
732 2192
733 2191
735 2190
736 2189
738 2188
739 2187
741 2186
742 2185
743 2184
745 2183
746 2182
748 2181
750 2180
751 2179
752 2178
755 2177
756 2176
757 2175
760 2174
761 2173
762 2172
764 2171
765 2170
767 2169
768 2168
770 2167
772 2166
773 2165
774 2164
776 2163
777 2162
779 2161
781 2160
782 2159
783 2158
786 2157
787 2156
788 2155
790 2154
792 2153
793 2152
795 2151
796 2150
798 2149
799 2148
801 2147
803 2146
804 2145
805 2144
808 2143
809 2142
810 2141
813 2140
814 2139
815 2138
817 2137
818 2136
820 2135
821 2134
823 2133
825 2132
826 2131
827 2130
830 2129
831 2128
832 2127
835 2126
836 2125
837 2124
839 2123
841 2122
842 2121
844 2120
846 2119
848 2118
850 2117
851 2116
853 2115
855 2114
856 2113
858 2112
860 2111
862 2110
864 2109
866 2108
868 2107
869 2106
871 2105
873 2104
875 2103
877 2102
878 2101
880 2100
882 2099
883 2098
885 2097
887 2096
889 2095
891 2094
893 2093
895 2092
897 2091
899 2090
901 2089
902 2088
905 2087
906 2086
908 2085
910 2084
912 2083
914 2082
916 2081
919 2080
920 2079
923 2078
924 2077
927 2076
928 2075
931 2074
933 2073
935 2072
937 2071
939 2070
941 2069
943 2068
946 2067
948 2066
950 2065
952 2064
954 2063
956 2062
959 2061
961 2060
963 2059
966 2058
967 2057
970 2056
971 2055
974 2054
975 2053
978 2052
980 2051
982 2050
984 2049
986 2048
988 2047
990 2046
993 2045
995 2044
997 2043
999 2042
1001 2041
1003 2040
1006 2039
1008 2038
1010 2037
1013 2036
1014 2035
1017 2034
1019 2033
1021 2032
1023 2031
1026 2030
1028 2029
1030 2028
1032 2027
1034 2026
1037 2025
1039 2024
1041 2023
1043 2022
1046 2021
1048 2020
1050 2019
1052 2018
1055 2017
1057 2016
1059 2015
1062 2014
1063 2013
1066 2012
1068 2011
1070 2010
1073 2009
1075 2008
1078 2007
1080 2006
1082 2005
1084 2004
1087 2003
1089 2002
1091 2001
1094 2000
1095 1999
1098 1998
1100 1997
1102 1996
1105 1995
1107 1994
1110 1993
1112 1992
1114 1991
1117 1990
1119 1989
1122 1988
1125 1987
1126 1986
1129 1985
1131 1984
1134 1983
1137 1982
1138 1981
1141 1980
1143 1979
1146 1978
1149 1977
1151 1976
1154 1975
1156 1974
1158 1973
1161 1972
1163 1971
1166 1970
1168 1969
1171 1968
1173 1967
1176 1966
1178 1965
1181 1964
1183 1963
1186 1962
1188 1961
1191 1960
1193 1959
1196 1958
1198 1957
1201 1956
1203 1955
1206 1954
1208 1953
1211 1952
1213 1951
1216 1950
1218 1949
1221 1948
1224 1947
1226 1946
1229 1945
1231 1944
1233 1943
1236 1942
1239 1941
1241 1940
1244 1939
1246 1938
1249 1937
1251 1936
1254 1935
1256 1934
1259 1933
1262 1932
1264 1931
1267 1930
1269 1929
1272 1928
1275 1927
1277 1926
1280 1925
1283 1924
1285 1923
1288 1922
1291 1921
1293 1920
1296 1919
1298 1918
1301 1917
1304 1916
1306 1915
1309 1914
1312 1913
1315 1912
1317 1911
1320 1910
1322 1909
1325 1908
1328 1907
1330 1906
1333 1905
1337 1904
1339 1903
1342 1902
1345 1901
1347 1900
1350 1899
1353 1898
1356 1897
1358 1896
1361 1895
1364 1894
1367 1893
1370 1892
1373 1891
1375 1890
1378 1889
1381 1888
1384 1887
1387 1886
1390 1885
1392 1884
1395 1883
1398 1882
1401 1881
1404 1880
1407 1879
1409 1878
1412 1877
1415 1876
1418 1875
1422 1874
1424 1873
1427 1872
1430 1871
1432 1870
1435 1869
1439 1868
1442 1867
1445 1866
1447 1865
1450 1864
1453 1863
1456 1862
1460 1861
1462 1860
1466 1859
1468 1858
1471 1857
1475 1856
1478 1855
1481 1854
1483 1853
1486 1852
1489 1851
1492 1850
1496 1849
1498 1848
1502 1847
1504 1846
1507 1845
1511 1844
1514 1843
1517 1842
1519 1841
1523 1840
1526 1839
1529 1838
1532 1837
1535 1836
1538 1835
1542 1834
1545 1833
1548 1832
1551 1831
1554 1830
1557 1829
1561 1828
1564 1827
1567 1826
1570 1825
1573 1824
1576 1823
1580 1822
1583 1821
1586 1820
1589 1819
1592 1818
1596 1817
1599 1816
1602 1815
1605 1814
1609 1813
1612 1812
1615 1811
1618 1810
1622 1809
1625 1808
1628 1807
1631 1806
1634 1805
1638 1804
1641 1803
1644 1802
1647 1801
1651 1800
1654 1799
1657 1798
1660 1797
1664 1796
1667 1795
1670 1794
1674 1793
1677 1792
1680 1791
1683 1790
1687 1789
1690 1788
1693 1787
1697 1786
1700 1785
1704 1784
1707 1783
1710 1782
1714 1781
1717 1780
1720 1779
1723 1778
1727 1777
1730 1776
1733 1775
1737 1774
1740 1773
1743 1772
1747 1771
1750 1770
1754 1769
1757 1768
1760 1767
1764 1766
1767 1765
1770 1764
1773 1763
1777 1762
1780 1761
1783 1760
1787 1759
1790 1758
1794 1757
1797 1756
1800 1755
1804 1754
1807 1753
1810 1752
1814 1751
1817 1750
1820 1749
1824 1748
1827 1747
1830 1746
1834 1745
1837 1744
1841 1743
1844 1742
1847 1741
1851 1740
1854 1739
1857 1738
1861 1737
1864 1736
1867 1735
1871 1734
1874 1733
1878 1732
1881 1731
1884 1730
1888 1729
1891 1728
1894 1727
1898 1726
1901 1725
1905 1724
1908 1723
1911 1722
1915 1721
1919 1720
1922 1719
1925 1718
1929 1717
1932 1716
1936 1715
1939 1714
1943 1713
1946 1712
1949 1711
1953 1710
1957 1709
1960 1708
1963 1707
1967 1706
1971 1705
1974 1704
1977 1703
1981 1702
1985 1701
1988 1700
1991 1699
1995 1698
1999 1697
2002 1696
2005 1695
2009 1694
2013 1693
2016 1692
2019 1691
2023 1690
2027 1689
2030 1688
2033 1687
2037 1686
2041 1685
2044 1684
2047 1683
2051 1682
2055 1681
2058 1680
2061 1679
2065 1678
2069 1677
2072 1676
2075 1675
2079 1674
2083 1673
2086 1672
2089 1671
2093 1670
2097 1669
2100 1668
2104 1667
2107 1666
2111 1665
2114 1664
2118 1663
2122 1662
2125 1661
2129 1660
2132 1659
2136 1658
2140 1657
2143 1656
2147 1655
2151 1654
2154 1653
2158 1652
2162 1651
2165 1650
2169 1649
2173 1648
2176 1647
2180 1646
2184 1645
2187 1644
2191 1643
2195 1642
2198 1641
2202 1640
2206 1639
2210 1638
2213 1637
2217 1636
2221 1635
2225 1634
2228 1633
2232 1632
2236 1631
2239 1630
2243 1629
2247 1628
2251 1627
2254 1626
2258 1625
2262 1624
2266 1623
2269 1622
2273 1621
2277 1620
2281 1619
2284 1618
2288 1617
2292 1616
2296 1615
2299 1614
2303 1613
2307 1612
2311 1611
2315 1610
2318 1609
2322 1608
2326 1607
2330 1606
2333 1605
2337 1604
2341 1603
2345 1602
2348 1601
2352 1600
2356 1599
2360 1598
2363 1597
2368 1596
2371 1595
2375 1594
2379 1593
2383 1592
2386 1591
2390 1590
2394 1589
2398 1588
2402 1587
2405 1586
2410 1585
2413 1584
2417 1583
2421 1582
2425 1581
2428 1580
2433 1579
2436 1578
2440 1577
2444 1576
2448 1575
2452 1574
2456 1573
2460 1572
2463 1571
2467 1570
2471 1569
2475 1568
2479 1567
2483 1566
2487 1565
2490 1564
2495 1563
2498 1562
2502 1561
2506 1560
2510 1559
2514 1558
2518 1557
2522 1556
2525 1555
2530 1554
2533 1553
2537 1552
2541 1551
2545 1550
2549 1549
2553 1548
2557 1547
2561 1546
2565 1545
2569 1544
2572 1543
2576 1542
2580 1541
2584 1540
2589 1539
2592 1538
2596 1537
2600 1536
2604 1535
2609 1534
2612 1533
2616 1532
2620 1531
2624 1530
2629 1529
2633 1528
2637 1527
2641 1526
2645 1525
2648 1524
2652 1523
2656 1522
2660 1521
2665 1520
2668 1519
2672 1518
2676 1517
2680 1516
2685 1515
2688 1514
2692 1513
2696 1512
2700 1511
2705 1510
2709 1509
2713 1508
2717 1507
2721 1506
2725 1505
2729 1504
2734 1503
2737 1502
2741 1501
2745 1500
2749 1499
2754 1498
2758 1497
2762 1496
2766 1495
2770 1494
2775 1493
2779 1492
2783 1491
2787 1490
2791 1489
2795 1488
2799 1487
2804 1486
2807 1485
2811 1484
2815 1483
2819 1482
2824 1481
2828 1480
2832 1479
2837 1478
2841 1477
2845 1476
2849 1475
2853 1474
2857 1473
2861 1472
2865 1471
2870 1470
2874 1469
2878 1468
2883 1467
2886 1466
2891 1465
2895 1464
2899 1463
2903 1462
2907 1461
2911 1460
2916 1459
2920 1458
2924 1457
2928 1456
2932 1455
2937 1454
2941 1453
2945 1452
2949 1451
2953 1450
2958 1449
2962 1448
2966 1447
2970 1446
2974 1445
2978 1444
2983 1443
2987 1442
2991 1441
2995 1440
3000 1439
3004 1438
3008 1437
3012 1436
3016 1435
3020 1434
3025 1433
3029 1432
3033 1431
3037 1430
3042 1429
3046 1428
3050 1427
3054 1426
3058 1425
3063 1424
3067 1423
3071 1422
3075 1421
3079 1420
3084 1419
3088 1418
3092 1417
3097 1416
3101 1415
3105 1414
3109 1413
3113 1412
3117 1411
3122 1410
3126 1409
3130 1408
3135 1407
3139 1406
3143 1405
3147 1404
3151 1403
3156 1402
3160 1401
3164 1400
3168 1399
3173 1398
3177 1397
3182 1396
3185 1395
3190 1394
3194 1393
3198 1392
3202 1391
3207 1390
3211 1389
3216 1388
3220 1387
3224 1386
3229 1385
3233 1384
3236 1383
3241 1382
3245 1381
3250 1380
3254 1379
3258 1378
3263 1377
3267 1376
3272 1375
3275 1374
3280 1373
3284 1372
3289 1371
3293 1370
3297 1369
3302 1368
3306 1367
3311 1366
3315 1365
3319 1364
3324 1363
3328 1362
3331 1361
3336 1360
3340 1359
3345 1358
3349 1357
3353 1356
3358 1355
3362 1354
3367 1353
3370 1352
3375 1351
3379 1350
3384 1349
3388 1348
3392 1347
3397 1346
3401 1345
3406 1344
3410 1343
3415 1342
3419 1341
3423 1340
3427 1339
3432 1338
3436 1337
3441 1336
3445 1335
3449 1334
3454 1333
3458 1332
3463 1331
3467 1330
3472 1329
3476 1328
3481 1327
3485 1326
3490 1325
3494 1324
3498 1323
3503 1322
3507 1321
3512 1320
3516 1319
3520 1318
3525 1317
3529 1316
3534 1315
3538 1314
3543 1313
3547 1312
3552 1311
3556 1310
3561 1309
3565 1308
3570 1307
3574 1306
3578 1305
3583 1304
3587 1303
3592 1302
3596 1301
3601 1300
3605 1299
3610 1298
3614 1297
3619 1296
3623 1295
3628 1294
3632 1293
3636 1292
3641 1291
3645 1290
3650 1289
3655 1288
3659 1287
3663 1286
3668 1285
3672 1284
3677 1283
3682 1282
3686 1281
3690 1280
3695 1279
3699 1278
3704 1277
3709 1276
3713 1275
3718 1274
3722 1273
3727 1272
3732 1271
3736 1270
3740 1269
3745 1268
3749 1267
3754 1266
3759 1265
3763 1264
3768 1263
3772 1262
3777 1261
3782 1260
3786 1259
3790 1258
3795 1257
3800 1256
3805 1255
3809 1254
3813 1253
3818 1252
3823 1251
3828 1250
3832 1249
3836 1248
3841 1247
3846 1246
3850 1245
3855 1244
3859 1243
3864 1242
3869 1241
3873 1240
3878 1239
3882 1238
3887 1237
3892 1236
3896 1235
3901 1234
3905 1233
3910 1232
3915 1231
3919 1230
3924 1229
3928 1228
3933 1227
3938 1226
3942 1225
3947 1224
3951 1223
3956 1222
3961 1221
3965 1220
3970 1219
3975 1218
3979 1217
3984 1216
3988 1215
3993 1214
3998 1213
4002 1212
4007 1211
4011 1210
4016 1209
4021 1208
4026 1207
4031 1206
4035 1205
4040 1204
4044 1203
4049 1202
4054 1201
4059 1200
4064 1199
4068 1198
4073 1197
4078 1196
4083 1195
4087 1194
4092 1193
4096 1192
4101 1191
4106 1190
4111 1189
4116 1188
4121 1187
4125 1186
4129 1185
4135 1184
4139 1183
4144 1182
4149 1181
4153 1180
4159 1179
4163 1178
4168 1177
4172 1176
4178 1175
4182 1174
4186 1173
4192 1172
4196 1171
4201 1170
4206 1169
4211 1168
4215 1167
4220 1166
4225 1165
4229 1164
4235 1163
4239 1162
4244 1161
4249 1160
4254 1159
4258 1158
4263 1157
4268 1156
4272 1155
4278 1154
4283 1153
4287 1152
4292 1151
4297 1150
4301 1149
4306 1148
4311 1147
4317 1146
4321 1145
4326 1144
4331 1143
4335 1142
4340 1141
4344 1140
4350 1139
4355 1138
4360 1137
4364 1136
4369 1135
4374 1134
4378 1133
4384 1132
4389 1131
4393 1130
4398 1129
4403 1128
4408 1127
4412 1126
4418 1125
4423 1124
4427 1123
4432 1122
4437 1121
4442 1120
4447 1119
4452 1118
4457 1117
4461 1116
4467 1115
4472 1114
4476 1113
4481 1112
4486 1111
4491 1110
4496 1109
4501 1108
4506 1107
4511 1106
4516 1105
4521 1104
4525 1103
4531 1102
4536 1101
4541 1100
4545 1099
4550 1098
4556 1097
4560 1096
4566 1095
4570 1094
4575 1093
4580 1092
4585 1091
4590 1090
4595 1089
4600 1088
4605 1087
4610 1086
4615 1085
4620 1084
4625 1083
4630 1082
4635 1081
4640 1080
4645 1079
4650 1078
4655 1077
4660 1076
4665 1075
4670 1074
4675 1073
4680 1072
4685 1071
4690 1070
4695 1069
4700 1068
4705 1067
4710 1066
4715 1065
4720 1064
4725 1063
4730 1062
4735 1061
4740 1060
4745 1059
4750 1058
4755 1057
4760 1056
4765 1055
4770 1054
4775 1053
4780 1052
4785 1051
4790 1050
4795 1049
4800 1048
4805 1047
4810 1046
4815 1045
4820 1044
4825 1043
4830 1042
4835 1041
4840 1040
4845 1039
4850 1038
4855 1037
4861 1036
4866 1035
4870 1034
4876 1033
4880 1032
4886 1031
4891 1030
4896 1029
4901 1028
4905 1027
4911 1026
4916 1025
4921 1024
4926 1023
4931 1022
4936 1021
4942 1020
4946 1019
4952 1018
4957 1017
4962 1016
4967 1015
4972 1014
4977 1013
4983 1012
4987 1011
4993 1010
4998 1009
5003 1008
5008 1007
5013 1006
5018 1005
5024 1004
5029 1003
5034 1002
5039 1001
5044 1000
5050 999
5055 998
5060 997
5065 996
5070 995
5076 994
5081 993
5086 992
5091 991
5096 990
5102 989
5107 988
5112 987
5118 986
5123 985
5128 984
5133 983
5139 982
5144 981
5149 980
5154 979
5159 978
5165 977
5170 976
5175 975
5180 974
5185 973
5191 972
5196 971
5201 970
5207 969
5212 968
5217 967
5222 966
5228 965
5233 964
5238 963
5243 962
5248 961
5254 960
5259 959
5264 958
5269 957
5275 956
5280 955
5285 954
5291 953
5296 952
5301 951
5306 950
5312 949
5317 948
5322 947
5328 946
5333 945
5338 944
5344 943
5349 942
5354 941
5360 940
5365 939
5370 938
5375 937
5381 936
5386 935
5391 934
5397 933
5402 932
5408 931
5413 930
5418 929
5424 928
5429 927
5434 926
5440 925
5445 924
5451 923
5456 922
5461 921
5466 920
5472 919
5477 918
5482 917
5488 916
5493 915
5499 914
5504 913
5509 912
5515 911
5520 910
5525 909
5531 908
5536 907
5542 906
5547 905
5553 904
5558 903
5564 902
5569 901
5575 900
5580 899
5586 898
5591 897
5596 896
5602 895
5607 894
5612 893
5618 892
5623 891
5629 890
5634 889
5640 888
5645 887
5651 886
5656 885
5662 884
5667 883
5673 882
5678 881
5683 880
5689 879
5694 878
5699 877
5705 876
5710 875
5716 874
5721 873
5727 872
5732 871
5738 870
5744 869
5749 868
5754 867
5760 866
5765 865
5770 864
5776 863
5781 862
5787 861
5792 860
5798 859
5803 858
5809 857
5815 856
5820 855
5825 854
5831 853
5836 852
5841 851
5848 850
5852 849
5858 848
5864 847
5869 846
5875 845
5881 844
5886 843
5892 842
5897 841
5903 840
5909 839
5914 838
5919 837
5925 836
5930 835
5935 834
5942 833
5946 832
5952 831
5958 830
5963 829
5969 828
5975 827
5980 826
5986 825
5991 824
5997 823
6003 822
6008 821
6014 820
6019 819
6025 818
6030 817
6036 816
6041 815
6048 814
6053 813
6059 812
6064 811
6070 810
6075 809
6081 808
6086 807
6093 806
6098 805
6103 804
6109 803
6114 802
6121 801
6126 800
6132 799
6137 798
6143 797
6148 796
6154 795
6159 794
6166 793
6171 792
6177 791
6182 790
6188 789
6194 788
6199 787
6206 786
6211 785
6217 784
6222 783
6228 782
6234 781
6240 780
6246 779
6251 778
6258 777
6263 776
6269 775
6275 774
6280 773
6287 772
6292 771
6298 770
6303 769
6309 768
6315 767
6321 766
6327 765
6332 764
6339 763
6344 762
6350 761
6356 760
6362 759
6368 758
6374 757
6379 756
6386 755
6391 754
6397 753
6403 752
6409 751
6415 750
6421 749
6427 748
6433 747
6439 746
6444 745
6451 744
6456 743
6463 742
6468 741
6475 740
6480 739
6487 738
6493 737
6499 736
6504 735
6511 734
6516 733
6523 732
6528 731
6535 730
6540 729
6547 728
6552 727
6559 726
6565 725
6571 724
6577 723
6583 722
6588 721
6595 720
6601 719
6607 718
6612 717
6619 716
6625 715
6631 714
6637 713
6643 712
6650 711
6655 710
6661 709
6668 708
6674 707
6680 706
6685 705
6692 704
6698 703
6704 702
6710 701
6716 700
6723 699
6729 698
6734 697
6741 696
6747 695
6753 694
6759 693
6765 692
6772 691
6778 690
6783 689
6790 688
6796 687
6802 686
6809 685
6814 684
6821 683
6827 682
6833 681
6839 680
6846 679
6852 678
6858 677
6865 676
6870 675
6877 674
6883 673
6889 672
6895 671
6902 670
6908 669
6914 668
6921 667
6926 666
6933 665
6939 664
6945 663
6952 662
6958 661
6964 660
6970 659
6977 658
6983 657
6989 656
6996 655
7002 654
7008 653
7015 652
7021 651
7027 650
7034 649
7040 648
7046 647
7053 646
7059 645
7066 644
7072 643
7078 642
7085 641
7091 640
7098 639
7104 638
7110 637
7117 636
7124 635
7131 634
7137 633
7144 632
7150 631
7156 630
7163 629
7170 628
7177 627
7183 626
7190 625
7197 624
7204 623
7210 622
7217 621
7223 620
7229 619
7236 618
7243 617
7250 616
7256 615
7263 614
7270 613
7277 612
7284 611
7290 610
7297 609
7304 608
7311 607
7318 606
7324 605
7331 604
7338 603
7345 602
7353 601
7360 600
7367 599
7374 598
7381 597
7388 596
7395 595
7402 594
7410 593
7417 592
7425 591
7431 590
7438 589
7445 588
7452 587
7460 586
7467 585
7475 584
7482 583
7489 582
7496 581
7504 580
7511 579
7519 578
7527 577
7534 576
7541 575
7548 574
7556 573
7563 572
7571 571
7579 570
7586 569
7593 568
7600 567
7608 566
7615 565
7623 564
7632 563
7640 562
7647 561
7655 560
7662 559
7670 558
7679 557
7687 556
7695 555
7703 554
7711 553
7720 552
7728 551
7736 550
7745 549
7753 548
7761 547
7770 546
7778 545
7786 544
7795 543
7804 542
7816 541
7824 540
7832 539
7841 538
7850 537
7862 536
7871 535
7884 534
7893 533
7905 532
7914 531
7927 530
7939 529
7948 528
7962 527
7975 526
7987 525
7996 524
8011 523
8024 522
8039 521
8053 520
8068 519
8082 518
8097 517
8113 516
8132 515
8148 514
8170 513
8196 512
8223 511
8249 510
8282 509
8308 508
8342 507
8376 506
