100
0 1 89 3
0 2 25 79
0 3 52 50
0 4 64 33
0 5 99 19
0 6 31 53
0 7 41 72
0 8 14 59
0 9 44 37
0 10 92 37
0 11 72 44
0 12 69 12
0 13 30 16
0 14 33 79
0 15 67 79
0 16 18 68
0 17 19 37
0 18 71 51
0 19 76 25
0 20 11 23
0 21 22 50
0 22 25 28
0 23 9 29
0 24 2 43
0 25 67 42
0 26 50 54
0 27 81 22
0 28 27 50
0 29 42 55
0 30 89 40
0 31 74 72
0 32 86 44
0 33 51 77
0 34 22 28
0 35 63 61
0 36 73 52
0 37 85 33
0 38 38 12
0 39 48 30
0 40 59 54
0 41 63 48
0 42 32 59
0 43 37 38
0 44 7 34
0 45 75 24
0 46 10 20
0 47 29 60
0 48 52 22
0 49 50 25
0 50 1 42
0 51 16 56
0 52 18 73
0 53 33 68
0 54 69 68
0 55 29 39
0 56 80 7
0 57 73 33
0 58 89 45
0 59 56 62
0 60 16 48
0 61 59 75
0 62 59 68
0 63 2 86
0 64 41 89
0 65 97 1
0 66 33 49
0 67 24 75
0 68 54 31
0 69 63 82
0 70 97 26
0 71 18 95
0 72 87 11
0 73 37 89
0 74 6 88
0 75 0 94
0 76 97 8
0 77 6 76
0 78 56 48
0 79 0 55
0 80 89 57
0 81 24 65
0 82 21 84
0 83 99 48
0 84 91 36
0 85 66 47
0 86 53 58
0 87 33 26
0 88 78 71
0 89 78 31
0 90 90 79
0 91 29 24
0 92 55 32
0 93 28 73
0 94 50 26
0 95 63 75
0 96 64 15
0 97 87 4
0 98 55 22
0 99 24 70
1 2 57 47
1 3 51 13
1 4 26 15
1 5 68 43
1 6 14 54
1 7 72 16
1 8 42 87
1 9 21 38
1 10 16 27
1 11 83 76
1 12 22 21
1 13 24 60
1 14 14 96
1 15 12 62
1 16 19 87
1 17 25 52
1 18 97 0
1 19 88 73
1 20 32 47
1 21 6 29
1 22 90 78
1 23 73 68
1 24 87 20
1 25 86 49
1 26 99 77
1 27 77 62
1 28 84 58
1 29 83 64
1 30 62 13
1 31 77 83
1 32 51 35
1 33 42 13
1 34 2 31
1 35 56 72
1 36 73 19
1 37 67 7
1 38 12 68
1 39 49 31
1 40 2 20
1 41 85 21
1 42 83 43
1 43 17 47
1 44 13 69
1 45 84 53
1 46 43 42
1 47 9 96
1 48 7 79
1 49 34 15
1 50 81 83
1 51 78 76
1 52 31 59
1 53 33 89
1 54 55 76
1 55 86 41
1 56 12 53
1 57 34 87
1 58 29 83
1 59 82 39
1 60 77 64
1 61 75 15
1 62 56 16
1 63 70 42
1 64 60 66
1 65 28 83
1 66 31 69
1 67 42 44
1 68 28 55
1 69 1 50
1 70 11 47
1 71 60 46
1 72 33 59
1 73 15 33
1 74 22 78
1 75 69 28
1 76 42 68
1 77 82 74
1 78 0 44
1 79 3 25
1 80 27 51
1 81 51 47
1 82 55 24
1 83 69 11
1 84 28 25
1 85 87 76
1 86 31 66
1 87 75 37
1 88 51 34
1 89 91 64
1 90 76 79
1 91 84 11
1 92 91 40
1 93 52 32
1 94 39 50
1 95 10 42
1 96 95 36
1 97 26 27
1 98 46 40
1 99 83 8
2 3 40 82
2 4 27 61
2 5 5 54
2 6 7 27
2 7 50 78
2 8 55 70
2 9 92 68
2 10 4 36
2 11 72 83
2 12 98 51
2 13 86 56
2 14 62 58
2 15 78 48
2 16 90 22
2 17 68 55
2 18 39 48
2 19 92 4
2 20 59 48
2 21 14 79
2 22 10 95
2 23 37 82
2 24 73 77
2 25 1 96
2 26 13 62
2 27 61 14
2 28 85 39
2 29 95 30
2 30 87 62
2 31 87 24
2 32 43 35
2 33 38 60
2 34 12 83
2 35 93 76
2 36 85 42
2 37 97 7
2 38 79 45
2 39 87 49
2 40 14 94
2 41 63 79
2 42 9 25
2 43 49 42
2 44 71 57
2 45 36 69
2 46 24 28
2 47 26 75
2 48 9 68
2 49 13 19
2 50 32 72
2 51 25 18
2 52 6 27
2 53 87 41
2 54 5 42
2 55 34 24
2 56 75 9
2 57 41 50
2 58 94 80
2 59 20 88
2 60 13 26
2 61 61 32
2 62 52 47
2 63 29 44
2 64 32 47
2 65 72 62
2 66 44 88
2 67 32 81
2 68 36 75
2 69 34 76
2 70 14 93
2 71 91 62
2 72 28 60
2 73 35 25
2 74 60 36
2 75 75 36
2 76 17 92
2 77 10 57
2 78 81 45
2 79 38 40
2 80 97 12
2 81 90 14
2 82 41 59
2 83 58 49
2 84 27 61
2 85 55 50
2 86 77 30
2 87 66 6
2 88 66 46
2 89 72 59
2 90 2 25
2 91 71 56
2 92 39 91
2 93 60 49
2 94 62 19
2 95 79 48
2 96 83 15
2 97 18 71
2 98 17 21
2 99 17 25
3 4 53 24
3 5 37 36
3 6 64 24
3 7 62 60
3 8 65 61
3 9 35 91
3 10 46 37
3 11 15 42
3 12 54 51
3 13 42 71
3 14 19 93
3 15 82 39
3 16 21 81
3 17 78 76
3 18 11 81
3 19 48 57
3 20 44 75
3 21 77 52
3 22 14 17
3 23 20 93
3 24 69 28
3 25 63 59
3 26 73 12
3 27 39 13
3 28 21 25
3 29 82 78
3 30 1 79
3 31 61 57
3 32 81 21
3 33 79 33
3 34 74 37
3 35 17 93
3 36 47 15
3 37 28 79
3 38 23 35
3 39 98 73
3 40 86 17
3 41 35 44
3 42 60 11
3 43 14 90
3 44 41 33
3 45 60 76
3 46 52 77
3 47 40 55
3 48 3 87
3 49 52 44
3 50 36 30
3 51 99 64
3 52 19 36
3 53 10 51
3 54 93 18
3 55 38 58
3 56 8 49
3 57 78 66
3 58 87 47
3 59 56 21
3 60 69 41
3 61 26 19
3 62 88 31
3 63 37 84
3 64 54 19
3 65 11 46
3 66 27 69
3 67 47 16
3 68 2 44
3 69 14 73
3 70 82 76
3 71 93 50
3 72 82 10
3 73 8 79
3 74 88 34
3 75 62 38
3 76 91 55
3 77 28 44
3 78 13 56
3 79 49 65
3 80 91 24
3 81 73 16
3 82 95 4
3 83 78 63
3 84 32 77
3 85 50 83
3 86 72 58
3 87 6 46
3 88 31 41
3 89 34 34
3 90 71 28
3 91 13 70
3 92 86 44
3 93 78 79
3 94 27 77
3 95 88 6
3 96 71 51
3 97 4 32
3 98 35 40
3 99 66 27
4 5 11 36
4 6 54 35
4 7 87 46
4 8 92 67
4 9 79 64
4 10 36 16
4 11 26 94
4 12 40 58
4 13 6 84
4 14 38 70
4 15 85 82
4 16 39 78
4 17 74 36
4 18 84 21
4 19 49 44
4 20 1 85
4 21 90 75
4 22 90 38
4 23 5 31
4 24 69 83
4 25 15 44
4 26 14 47
4 27 81 42
4 28 2 28
4 29 57 60
4 30 72 52
4 31 35 39
4 32 19 91
4 33 27 74
4 34 95 61
4 35 89 56
4 36 21 80
4 37 46 25
4 38 50 69
4 39 26 21
4 40 55 41
4 41 73 27
4 42 6 34
4 43 94 74
4 44 44 81
4 45 94 74
4 46 31 55
4 47 94 37
4 48 57 42
4 49 5 27
4 50 87 48
4 51 4 93
4 52 49 81
4 53 10 18
4 54 94 36
4 55 70 52
4 56 54 66
4 57 60 41
4 58 69 62
4 59 84 7
4 60 63 85
4 61 78 14
4 62 64 23
4 63 42 67
4 64 39 26
4 65 52 16
4 66 68 59
4 67 12 26
4 68 28 23
4 69 68 12
4 70 58 17
4 71 53 79
4 72 28 44
4 73 88 8
4 74 28 69
4 75 91 17
4 76 73 29
4 77 5 90
4 78 82 77
4 79 60 79
4 80 44 37
4 81 22 82
4 82 99 66
4 83 24 52
4 84 8 93
4 85 45 42
4 86 6 68
4 87 45 66
4 88 23 87
4 89 9 20
4 90 87 67
4 91 20 20
4 92 88 58
4 93 53 16
4 94 60 67
4 95 49 54
4 96 70 27
4 97 93 75
4 98 31 56
4 99 13 93
5 6 6 51
5 7 69 73
5 8 57 55
5 9 97 77
5 10 78 13
5 11 29 52
5 12 40 36
5 13 85 50
5 14 70 55
5 15 78 28
5 16 69 62
5 17 86 17
5 18 54 77
5 19 72 31
5 20 65 22
5 21 41 65
5 22 46 81
5 23 85 49
5 24 5 93
5 25 30 26
5 26 69 69
5 27 8 64
5 28 70 32
5 29 42 33
5 30 77 60
5 31 37 28
5 32 71 54
5 33 49 77
5 34 64 12
5 35 50 16
5 36 18 36
5 37 76 45
5 38 92 45
5 39 25 18
5 40 71 60
5 41 10 48
5 42 70 68
5 43 92 72
5 44 61 47
5 45 48 27
5 46 32 86
5 47 82 49
5 48 84 50
5 49 95 67
5 50 85 7
5 51 22 75
5 52 46 17
5 53 3 84
5 54 80 39
5 55 81 40
5 56 38 61
5 57 20 61
5 58 35 13
5 59 54 45
5 60 19 20
5 61 8 25
5 62 58 66
5 63 40 91
5 64 4 53
5 65 14 88
5 66 21 85
5 67 44 72
5 68 59 41
5 69 58 78
5 70 67 54
5 71 58 14
5 72 40 13
5 73 84 48
5 74 83 39
5 75 98 5
5 76 78 43
5 77 53 34
5 78 8 61
5 79 25 41
5 80 0 28
5 81 19 43
5 82 5 42
5 83 2 22
5 84 15 75
5 85 24 48
5 86 10 61
5 87 11 40
5 88 49 34
5 89 58 86
5 90 92 48
5 91 71 85
5 92 1 51
5 93 42 61
5 94 34 47
5 95 80 42
5 96 96 12
5 97 4 95
5 98 48 58
5 99 88 71
6 7 82 31
6 8 0 58
6 9 98 6
6 10 18 29
6 11 43 76
6 12 58 14
6 13 61 40
6 14 31 78
6 15 22 77
6 16 41 48
6 17 15 78
6 18 44 79
6 19 47 85
6 20 31 73
6 21 97 22
6 22 61 55
6 23 47 13
6 24 65 74
6 25 26 92
6 26 82 46
6 27 90 44
6 28 44 52
6 29 14 96
6 30 3 64
6 31 52 21
6 32 96 75
6 33 16 82
6 34 8 86
6 35 77 45
6 36 72 75
6 37 81 68
6 38 86 80
6 39 89 71
6 40 87 8
6 41 0 97
6 42 71 19
6 43 57 81
6 44 20 82
6 45 92 71
6 46 94 68
6 47 68 66
6 48 30 85
6 49 24 46
6 50 97 14
6 51 82 18
6 52 76 21
6 53 41 25
6 54 24 21
6 55 90 9
6 56 66 27
6 57 34 92
6 58 86 28
6 59 65 23
6 60 86 71
6 61 51 84
6 62 14 85
6 63 71 51
6 64 37 20
6 65 22 41
6 66 2 25
6 67 50 52
6 68 49 72
6 69 83 31
6 70 43 51
6 71 15 78
6 72 2 94
6 73 74 21
6 74 89 64
6 75 68 29
6 76 3 20
6 77 89 8
6 78 95 17
6 79 51 10
6 80 80 33
6 81 82 42
6 82 37 90
6 83 23 31
6 84 82 18
6 85 38 18
6 86 80 39
6 87 76 9
6 88 60 41
6 89 19 66
6 90 18 25
6 91 44 69
6 92 47 43
6 93 43 77
6 94 3 59
6 95 64 45
6 96 49 55
6 97 61 43
6 98 50 51
6 99 66 66
7 8 91 72
7 9 69 79
7 10 16 68
7 11 34 92
7 12 99 60
7 13 99 23
7 14 4 64
7 15 18 32
7 16 29 26
7 17 34 92
7 18 84 25
7 19 61 33
7 20 45 21
7 21 74 22
7 22 73 61
7 23 24 90
7 24 66 82
7 25 79 63
7 26 40 27
7 27 9 42
7 28 6 61
7 29 51 68
7 30 86 42
7 31 60 12
7 32 15 87
7 33 55 22
7 34 44 27
7 35 33 81
7 36 82 48
7 37 43 16
7 38 81 63
7 39 88 13
7 40 34 68
7 41 34 85
7 42 23 93
7 43 1 74
7 44 67 64
7 45 26 67
7 46 97 63
7 47 9 95
7 48 97 25
7 49 46 62
7 50 17 60
7 51 55 28
7 52 36 55
7 53 32 46
7 54 69 75
7 55 13 82
7 56 44 65
7 57 2 38
7 58 96 60
7 59 33 39
7 60 63 69
7 61 74 49
7 62 25 90
7 63 32 26
7 64 50 43
7 65 24 91
7 66 89 67
7 67 25 37
7 68 77 53
7 69 25 35
7 70 60 84
7 71 15 92
7 72 25 45
7 73 13 21
7 74 82 53
7 75 99 70
7 76 90 69
7 77 54 75
7 78 98 16
7 79 22 90
7 80 70 77
7 81 60 65
7 82 49 36
7 83 72 22
7 84 62 59
7 85 88 30
7 86 63 54
7 87 33 41
7 88 99 48
7 89 60 33
7 90 47 55
7 91 25 56
7 92 69 37
7 93 4 37
7 94 62 20
7 95 93 73
7 96 23 88
7 97 40 35
7 98 70 85
7 99 91 72
8 9 27 44
8 10 40 38
8 11 45 13
8 12 67 57
8 13 20 64
8 14 88 43
8 15 68 66
8 16 52 61
8 17 94 44
8 18 92 22
8 19 68 32
8 20 94 59
8 21 28 65
8 22 23 61
8 23 49 24
8 24 69 48
8 25 73 74
8 26 24 86
8 27 53 27
8 28 62 56
8 29 10 50
8 30 44 72
8 31 91 55
8 32 21 22
8 33 37 73
8 34 2 63
8 35 9 71
8 36 81 38
8 37 58 81
8 38 13 38
8 39 36 84
8 40 55 51
8 41 9 32
8 42 44 34
8 43 28 82
8 44 80 71
8 45 89 26
8 46 23 40
8 47 35 87
8 48 19 95
8 49 66 38
8 50 47 85
8 51 54 30
8 52 18 46
8 53 60 30
8 54 30 78
8 55 99 76
8 56 39 51
8 57 75 17
8 58 61 68
8 59 59 20
8 60 79 61
8 61 66 36
8 62 12 79
8 63 37 56
8 64 80 25
8 65 43 80
8 66 33 44
8 67 34 55
8 68 3 63
8 69 54 81
8 70 23 94
8 71 67 17
8 72 94 66
8 73 48 44
8 74 59 86
8 75 5 90
8 76 77 83
8 77 98 77
8 78 4 79
8 79 13 84
8 80 94 66
8 81 94 31
8 82 66 86
8 83 30 49
8 84 44 49
8 85 41 67
8 86 19 52
8 87 17 61
8 88 11 65
8 89 62 15
8 90 30 28
8 91 94 47
8 92 19 81
8 93 19 32
8 94 30 58
8 95 33 24
8 96 72 48
8 97 80 26
8 98 92 74
8 99 11 71
9 10 91 8
9 11 55 38
9 12 72 58
9 13 35 81
9 14 93 19
9 15 5 26
9 16 77 34
9 17 85 77
9 18 28 78
9 19 11 19
9 20 46 25
9 21 30 63
9 22 55 46
9 23 88 44
9 24 60 62
9 25 15 17
9 26 95 54
9 27 20 76
9 28 6 82
9 29 66 14
9 30 61 83
9 31 24 78
9 32 49 11
9 33 54 20
9 34 59 31
9 35 94 35
9 36 93 67
9 37 27 55
9 38 78 71
9 39 37 70
9 40 17 84
9 41 8 67
9 42 66 59
9 43 63 59
9 44 35 87
9 45 76 69
9 46 91 54
9 47 56 40
9 48 59 41
9 49 27 86
9 50 72 47
9 51 40 73
9 52 63 68
9 53 95 43
9 54 25 47
9 55 12 47
9 56 74 34
9 57 5 80
9 58 27 78
9 59 44 48
9 60 25 81
9 61 30 39
9 62 84 72
9 63 36 23
9 64 42 47
9 65 60 39
9 66 84 53
9 67 9 92
9 68 63 45
9 69 24 75
9 70 29 82
9 71 96 29
9 72 33 32
9 73 7 30
9 74 81 49
9 75 90 70
9 76 12 55
9 77 38 35
9 78 23 52
9 79 28 60
9 80 79 64
9 81 49 43
9 82 79 70
9 83 31 74
9 84 2 27
9 85 18 84
9 86 90 58
9 87 95 51
9 88 37 81
9 89 44 68
9 90 61 64
9 91 12 73
9 92 29 81
9 93 94 43
9 94 46 60
9 95 27 41
9 96 96 62
9 97 38 58
9 98 64 86
9 99 36 48
10 11 80 43
10 12 23 37
10 13 62 73
10 14 31 47
10 15 37 81
10 16 61 29
10 17 94 37
10 18 49 22
10 19 64 21
10 20 62 50
10 21 72 41
10 22 73 55
10 23 17 84
10 24 81 40
10 25 98 2
10 26 69 43
10 27 13 63
10 28 22 29
10 29 89 10
10 30 54 60
10 31 61 24
10 32 70 50
10 33 95 30
10 34 64 76
10 35 72 68
10 36 66 47
10 37 73 28
10 38 90 28
10 39 55 84
10 40 33 51
10 41 60 85
10 42 18 78
10 43 28 39
10 44 54 88
10 45 27 77
10 46 84 7
10 47 86 55
10 48 29 92
10 49 62 67
10 50 50 25
10 51 55 62
10 52 48 20
10 53 5 64
10 54 42 45
10 55 40 87
10 56 99 27
10 57 87 23
10 58 18 34
10 59 14 63
10 60 65 51
10 61 27 81
10 62 60 31
10 63 35 35
10 64 48 50
10 65 63 12
10 66 54 71
10 67 86 37
10 68 34 14
10 69 88 60
10 70 4 41
10 71 14 17
10 72 81 43
10 73 21 52
10 74 64 23
10 75 65 26
10 76 51 33
10 77 7 50
10 78 19 49
10 79 17 45
10 80 62 49
10 81 6 62
10 82 4 29
10 83 5 28
10 84 14 66
10 85 73 30
10 86 23 57
10 87 64 70
10 88 83 24
10 89 99 30
10 90 26 56
10 91 31 54
10 92 41 19
10 93 16 25
10 94 91 24
10 95 15 85
10 96 53 28
10 97 58 31
10 98 17 76
10 99 65 16
11 12 89 67
11 13 95 64
11 14 97 64
11 15 77 70
11 16 55 15
11 17 98 71
11 18 70 83
11 19 23 25
11 20 65 31
11 21 16 56
11 22 92 77
11 23 56 53
11 24 15 27
11 25 74 23
11 26 39 61
11 27 23 59
11 28 0 79
11 29 94 22
11 30 68 71
11 31 6 75
11 32 7 63
11 33 97 9
11 34 9 41
11 35 84 10
11 36 37 83
11 37 61 76
11 38 71 59
11 39 20 46
11 40 67 77
11 41 30 34
11 42 73 41
11 43 85 54
11 44 63 72
11 45 4 30
11 46 85 50
11 47 61 83
11 48 32 28
11 49 68 34
11 50 91 16
11 51 69 48
11 52 17 35
11 53 28 94
11 54 57 70
11 55 20 93
11 56 91 12
11 57 10 53
11 58 1 51
11 59 63 26
11 60 91 21
11 61 55 16
11 62 60 80
11 63 14 28
11 64 13 48
11 65 68 14
11 66 62 38
11 67 34 62
11 68 44 75
11 69 65 20
11 70 17 32
11 71 67 57
11 72 47 46
11 73 30 62
11 74 1 95
11 75 24 86
11 76 3 35
11 77 25 34
11 78 49 66
11 79 10 96
11 80 75 62
11 81 35 34
11 82 62 51
11 83 72 10
11 84 94 72
11 85 84 58
11 86 63 23
11 87 22 61
11 88 72 52
11 89 14 90
11 90 11 84
11 91 55 57
11 92 1 51
11 93 12 37
11 94 0 26
11 95 78 59
11 96 16 96
11 97 76 78
11 98 91 33
11 99 8 31
12 13 92 6
12 14 60 30
12 15 80 68
12 16 1 38
12 17 52 33
12 18 35 56
12 19 74 27
12 20 74 5
12 21 59 59
12 22 79 72
12 23 45 60
12 24 32 40
12 25 75 62
12 26 37 26
12 27 91 77
12 28 30 17
12 29 39 56
12 30 82 45
12 31 81 7
12 32 8 93
12 33 78 14
12 34 2 68
12 35 34 32
12 36 77 11
12 37 43 24
12 38 33 86
12 39 24 85
12 40 34 35
12 41 39 23
12 42 31 22
12 43 17 43
12 44 92 34
12 45 15 87
12 46 68 16
12 47 50 24
12 48 16 89
12 49 0 43
12 50 77 11
12 51 22 53
12 52 94 55
12 53 73 26
12 54 5 82
12 55 21 57
12 56 98 28
12 57 73 83
12 58 37 13
12 59 20 47
12 60 62 14
12 61 45 18
12 62 51 54
12 63 88 18
12 64 35 52
12 65 93 18
12 66 98 73
12 67 27 31
12 68 23 35
12 69 19 73
12 70 41 57
12 71 23 52
12 72 4 20
12 73 15 33
12 74 75 55
12 75 75 51
12 76 33 55
12 77 15 29
12 78 73 72
12 79 23 20
12 80 65 18
12 81 79 44
12 82 87 9
12 83 83 22
12 84 41 29
12 85 68 68
12 86 84 22
12 87 89 11
12 88 57 58
12 89 24 18
12 90 12 17
12 91 84 30
12 92 84 69
12 93 66 53
12 94 17 39
12 95 73 27
12 96 28 22
12 97 80 31
12 98 56 70
12 99 80 43
13 14 70 51
13 15 70 48
13 16 0 25
13 17 66 27
13 18 83 22
13 19 27 64
13 20 72 77
13 21 53 59
13 22 84 54
13 23 39 74
13 24 41 12
13 25 55 40
13 26 62 59
13 27 48 52
13 28 96 80
13 29 48 23
13 30 73 70
13 31 53 65
13 32 80 14
13 33 10 23
13 34 67 18
13 35 64 37
13 36 86 11
13 37 16 56
13 38 23 52
13 39 22 71
13 40 90 23
13 41 53 51
13 42 92 22
13 43 65 33
13 44 51 26
13 45 20 40
13 46 44 17
13 47 23 85
13 48 24 29
13 49 30 53
13 50 69 50
13 51 14 87
13 52 18 48
13 53 67 16
13 54 99 79
13 55 57 82
13 56 96 17
13 57 78 24
13 58 53 24
13 59 16 96
13 60 17 46
13 61 28 56
13 62 4 27
13 63 24 48
13 64 0 62
13 65 98 47
13 66 83 72
13 67 42 30
13 68 91 63
13 69 54 13
13 70 53 12
13 71 79 40
13 72 85 61
13 73 64 26
13 74 81 65
13 75 88 35
13 76 5 29
13 77 77 40
13 78 29 54
13 79 83 39
13 80 71 58
13 81 63 81
13 82 72 28
13 83 19 66
13 84 69 43
13 85 24 20
13 86 40 71
13 87 14 79
13 88 25 76
13 89 27 56
13 90 35 57
13 91 68 85
13 92 54 77
13 93 97 37
13 94 22 66
13 95 28 40
13 96 15 75
13 97 65 31
13 98 20 78
13 99 74 20
14 15 80 58
14 16 92 71
14 17 91 7
14 18 61 40
14 19 69 39
14 20 96 57
14 21 30 50
14 22 77 80
14 23 15 95
14 24 72 57
14 25 33 92
14 26 70 60
14 27 45 38
14 28 31 45
14 29 48 63
14 30 65 76
14 31 8 70
14 32 15 76
14 33 4 95
14 34 0 56
14 35 29 56
14 36 28 15
14 37 66 77
14 38 96 32
14 39 16 43
14 40 48 33
14 41 21 88
14 42 50 10
14 43 1 47
14 44 93 26
14 45 1 89
14 46 7 24
14 47 3 43
14 48 79 55
14 49 99 14
14 50 31 79
14 51 73 15
14 52 54 49
14 53 52 37
14 54 83 67
14 55 19 47
14 56 95 36
14 57 80 16
14 58 21 63
14 59 48 85
14 60 12 55
14 61 77 61
14 62 52 62
14 63 52 40
14 64 83 40
14 65 45 13
14 66 67 81
14 67 79 77
14 68 46 75
14 69 65 31
14 70 53 31
14 71 57 37
14 72 1 35
14 73 33 72
14 74 57 56
14 75 64 42
14 76 58 8
14 77 45 24
14 78 29 32
14 79 90 4
14 80 27 71
14 81 72 17
14 82 98 20
14 83 59 81
14 84 9 98
14 85 29 78
14 86 41 15
14 87 40 51
14 88 6 36
14 89 60 78
14 90 53 69
14 91 96 74
14 92 67 53
14 93 17 22
14 94 0 56
14 95 0 20
14 96 62 66
14 97 53 65
14 98 53 24
14 99 8 28
15 16 85 48
15 17 36 62
15 18 19 69
15 19 36 50
15 20 21 89
15 21 30 90
15 22 29 37
15 23 76 57
15 24 15 45
15 25 77 9
15 26 50 89
15 27 63 49
15 28 88 74
15 29 22 26
15 30 27 28
15 31 10 34
15 32 3 53
15 33 45 61
15 34 78 79
15 35 8 82
15 36 95 48
15 37 93 36
15 38 98 50
15 39 78 13
15 40 51 69
15 41 16 77
15 42 76 10
15 43 92 79
15 44 17 48
15 45 6 50
15 46 67 75
15 47 86 7
15 48 99 3
15 49 25 62
15 50 3 30
15 51 52 64
15 52 5 56
15 53 90 34
15 54 84 47
15 55 2 54
15 56 23 52
15 57 96 2
15 58 84 76
15 59 77 24
15 60 96 13
15 61 69 46
15 62 7 53
15 63 12 63
15 64 31 39
15 65 43 76
15 66 55 25
15 67 63 63
15 68 60 39
15 69 44 62
15 70 94 56
15 71 62 47
15 72 63 20
15 73 75 55
15 74 89 14
15 75 24 49
15 76 87 74
15 77 45 69
15 78 84 5
15 79 5 67
15 80 32 71
15 81 70 61
15 82 70 30
15 83 38 72
15 84 64 85
15 85 32 87
15 86 44 62
15 87 26 40
15 88 71 44
15 89 67 52
15 90 89 50
15 91 34 17
15 92 72 37
15 93 11 69
15 94 62 57
15 95 58 67
15 96 42 28
15 97 70 41
15 98 5 79
15 99 6 20
16 17 20 85
16 18 40 43
16 19 29 37
16 20 50 10
16 21 78 52
16 22 4 28
16 23 51 19
16 24 9 58
16 25 21 16
16 26 72 70
16 27 69 39
16 28 42 49
16 29 64 73
16 30 4 74
16 31 3 30
16 32 24 28
16 33 0 60
16 34 75 47
16 35 76 36
16 36 75 29
16 37 38 83
16 38 56 71
16 39 61 74
16 40 28 64
16 41 66 21
16 42 38 49
16 43 3 59
16 44 5 57
16 45 12 45
16 46 32 64
16 47 70 83
16 48 47 49
16 49 4 90
16 50 70 23
16 51 96 56
16 52 60 29
16 53 66 25
16 54 66 60
16 55 70 7
16 56 99 28
16 57 26 56
16 58 20 69
16 59 23 65
16 60 0 41
16 61 56 35
16 62 95 18
16 63 40 17
16 64 93 49
16 65 28 81
16 66 23 74
16 67 53 87
16 68 56 86
16 69 89 4
16 70 14 30
16 71 59 33
16 72 92 67
16 73 49 74
16 74 35 43
16 75 56 26
16 76 23 90
16 77 70 64
16 78 67 36
16 79 61 58
16 80 56 36
16 81 23 19
16 82 60 65
16 83 25 38
16 84 87 30
16 85 10 37
16 86 67 83
16 87 55 84
16 88 2 43
16 89 27 87
16 90 54 63
16 91 84 21
16 92 74 69
16 93 19 63
16 94 60 52
16 95 91 65
16 96 41 64
16 97 33 83
16 98 21 20
16 99 61 71
17 18 42 86
17 19 79 60
17 20 32 74
17 21 93 78
17 22 12 64
17 23 23 33
17 24 83 66
17 25 16 49
17 26 92 73
17 27 80 16
17 28 40 56
17 29 28 69
17 30 69 62
17 31 22 80
17 32 14 39
17 33 32 60
17 34 86 55
17 35 44 83
17 36 62 26
17 37 41 85
17 38 9 35
17 39 20 51
17 40 59 9
17 41 0 29
17 42 62 20
17 43 7 25
17 44 25 22
17 45 58 86
17 46 40 50
17 47 92 4
17 48 76 52
17 49 33 84
17 50 43 49
17 51 40 73
17 52 16 64
17 53 84 36
17 54 67 86
17 55 48 61
17 56 44 58
17 57 47 70
17 58 39 15
17 59 59 69
17 60 37 82
17 61 43 90
17 62 97 73
17 63 16 26
17 64 32 90
17 65 31 81
17 66 57 14
17 67 75 83
17 68 24 22
17 69 14 17
17 70 67 21
17 71 42 25
17 72 39 85
17 73 21 20
17 74 96 63
17 75 89 11
17 76 58 64
17 77 44 70
17 78 40 12
17 79 21 52
17 80 20 33
17 81 83 25
17 82 48 37
17 83 32 68
17 84 20 26
17 85 78 27
17 86 54 76
17 87 94 68
17 88 44 88
17 89 43 65
17 90 51 66
17 91 5 95
17 92 50 82
17 93 82 6
17 94 19 56
17 95 93 81
17 96 35 30
17 97 3 35
17 98 72 45
17 99 66 72
18 19 0 40
18 20 42 57
18 21 35 65
18 22 17 88
18 23 11 38
18 24 13 19
18 25 13 19
18 26 69 9
18 27 28 41
18 28 28 59
18 29 92 60
18 30 40 16
18 31 56 80
18 32 87 63
18 33 66 64
18 34 14 45
18 35 9 78
18 36 4 89
18 37 96 70
18 38 27 69
18 39 41 52
18 40 89 38
18 41 77 24
18 42 56 53
18 43 7 25
18 44 51 23
18 45 81 18
18 46 32 65
18 47 8 47
18 48 81 23
18 49 18 83
18 50 19 45
18 51 27 70
18 52 78 28
18 53 88 38
18 54 70 82
18 55 37 86
18 56 0 92
18 57 31 23
18 58 58 86
18 59 9 80
18 60 76 41
18 61 2 45
18 62 41 60
18 63 81 49
18 64 89 18
18 65 81 10
18 66 65 30
18 67 46 47
18 68 20 78
18 69 15 65
18 70 72 48
18 71 79 35
18 72 16 61
18 73 37 89
18 74 51 32
18 75 8 70
18 76 91 33
18 77 32 69
18 78 39 59
18 79 95 43
18 80 16 85
18 81 24 40
18 82 45 69
18 83 57 34
18 84 49 44
18 85 92 71
18 86 23 55
18 87 43 22
18 88 83 69
18 89 2 30
18 90 8 37
18 91 79 48
18 92 16 22
18 93 62 87
18 94 97 65
18 95 11 43
18 96 86 42
18 97 87 81
18 98 59 62
18 99 23 82
19 20 95 47
19 21 46 86
19 22 57 45
19 23 43 84
19 24 42 54
19 25 5 47
19 26 42 23
19 27 42 29
19 28 40 41
19 29 76 83
19 30 43 81
19 31 59 61
19 32 48 54
19 33 56 68
19 34 39 85
19 35 48 37
19 36 75 18
19 37 45 85
19 38 0 32
19 39 24 84
19 40 20 85
19 41 96 48
19 42 30 63
19 43 40 80
19 44 89 16
19 45 73 21
19 46 5 98
19 47 71 77
19 48 58 49
19 49 27 53
19 50 99 22
19 51 72 64
19 52 92 80
19 53 17 54
19 54 89 20
19 55 53 29
19 56 13 65
19 57 12 71
19 58 93 62
19 59 96 3
19 60 98 62
19 61 43 56
19 62 90 41
19 63 88 29
19 64 94 21
19 65 46 33
19 66 95 24
19 67 15 61
19 68 50 34
19 69 2 97
19 70 96 20
19 71 51 81
19 72 65 86
19 73 67 61
19 74 98 67
19 75 48 30
19 76 90 59
19 77 31 32
19 78 42 72
19 79 81 23
19 80 76 26
19 81 26 20
19 82 5 65
19 83 4 73
19 84 43 31
19 85 10 61
19 86 59 22
19 87 3 45
19 88 55 71
19 89 8 90
19 90 58 49
19 91 4 88
19 92 90 46
19 93 7 51
19 94 42 42
19 95 91 71
19 96 0 53
19 97 64 10
19 98 99 37
19 99 55 51
20 21 36 20
20 22 38 84
20 23 12 22
20 24 25 93
20 25 42 30
20 26 64 53
20 27 37 68
20 28 54 22
20 29 45 31
20 30 52 64
20 31 58 13
20 32 38 68
20 33 19 22
20 34 5 73
20 35 2 47
20 36 53 55
20 37 69 46
20 38 8 78
20 39 74 44
20 40 23 52
20 41 62 27
20 42 49 37
20 43 89 31
20 44 74 62
20 45 9 60
20 46 39 65
20 47 54 10
20 48 56 54
20 49 7 26
20 50 9 19
20 51 17 84
20 52 68 80
20 53 99 32
20 54 24 32
20 55 69 84
20 56 75 81
20 57 7 36
20 58 4 69
20 59 19 85
20 60 98 22
20 61 94 71
20 62 65 70
20 63 50 37
20 64 68 15
20 65 24 41
20 66 20 67
20 67 11 89
20 68 65 12
20 69 92 41
20 70 66 36
20 71 10 84
20 72 87 12
20 73 46 84
20 74 77 36
20 75 55 58
20 76 89 41
20 77 18 91
20 78 98 72
20 79 84 6
20 80 85 44
20 81 9 61
20 82 75 13
20 83 51 49
20 84 36 89
20 85 56 50
20 86 79 28
20 87 81 9
20 88 71 6
20 89 51 48
20 90 44 80
20 91 46 72
20 92 54 58
20 93 34 68
20 94 34 65
20 95 25 22
20 96 31 46
20 97 71 75
20 98 57 36
20 99 55 21
21 22 57 85
21 23 30 43
21 24 84 57
21 25 7 97
21 26 45 13
21 27 77 63
21 28 57 16
21 29 76 6
21 30 51 82
21 31 80 51
21 32 49 49
21 33 42 39
21 34 68 52
21 35 4 72
21 36 1 25
21 37 95 14
21 38 43 21
21 39 24 77
21 40 20 18
21 41 2 95
21 42 22 39
21 43 24 64
21 44 55 12
21 45 70 72
21 46 3 24
21 47 89 76
21 48 54 66
21 49 28 84
21 50 85 18
21 51 79 33
21 52 68 29
21 53 10 18
21 54 34 62
21 55 26 32
21 56 93 76
21 57 81 49
21 58 68 80
21 59 11 90
21 60 88 80
21 61 48 55
21 62 74 23
21 63 15 63
21 64 13 42
21 65 37 41
21 66 92 49
21 67 79 45
21 68 94 56
21 69 80 45
21 70 61 69
21 71 57 14
21 72 70 12
21 73 23 18
21 74 41 36
21 75 78 47
21 76 4 87
21 77 24 48
21 78 27 66
21 79 65 69
21 80 69 18
21 81 23 67
21 82 8 85
21 83 91 49
21 84 84 8
21 85 21 20
21 86 28 21
21 87 99 62
21 88 16 47
21 89 46 79
21 90 2 26
21 91 71 65
21 92 3 24
21 93 72 25
21 94 92 20
21 95 78 58
21 96 65 38
21 97 47 63
21 98 2 31
21 99 26 25
22 23 98 21
22 24 80 25
22 25 29 74
22 26 17 75
22 27 67 34
22 28 20 69
22 29 55 21
22 30 76 44
22 31 9 37
22 32 79 62
22 33 53 66
22 34 1 54
22 35 46 15
22 36 96 27
22 37 44 22
22 38 75 10
22 39 10 30
22 40 78 83
22 41 79 56
22 42 30 89
22 43 76 63
22 44 20 22
22 45 34 32
22 46 22 41
22 47 54 13
22 48 25 80
22 49 11 20
22 50 79 4
22 51 77 38
22 52 7 62
22 53 95 64
22 54 41 55
22 55 25 57
22 56 75 84
22 57 12 72
22 58 1 39
22 59 63 76
22 60 55 79
22 61 54 26
22 62 68 73
22 63 77 67
22 64 36 78
22 65 45 47
22 66 51 79
22 67 49 12
22 68 86 26
22 69 37 91
22 70 11 44
22 71 87 23
22 72 45 78
22 73 14 22
22 74 70 63
22 75 35 41
22 76 44 15
22 77 18 31
22 78 12 43
22 79 51 21
22 80 48 75
22 81 81 39
22 82 29 43
22 83 97 32
22 84 84 63
22 85 29 64
22 86 58 26
22 87 46 62
22 88 7 20
22 89 41 13
22 90 13 60
22 91 77 41
22 92 88 64
22 93 15 51
22 94 36 70
22 95 87 46
22 96 14 48
22 97 68 26
22 98 99 3
22 99 93 75
23 24 88 52
23 25 97 60
23 26 5 57
23 27 60 69
23 28 74 10
23 29 18 76
23 30 29 82
23 31 51 66
23 32 1 66
23 33 93 27
23 34 78 17
23 35 5 89
23 36 55 78
23 37 57 82
23 38 10 72
23 39 97 70
23 40 47 39
23 41 19 36
23 42 60 75
23 43 76 11
23 44 12 92
23 45 78 78
23 46 53 86
23 47 26 77
23 48 12 18
23 49 48 27
23 50 21 74
23 51 48 16
23 52 96 29
23 53 65 22
23 54 48 20
23 55 34 16
23 56 20 82
23 57 12 18
23 58 70 60
23 59 69 75
23 60 26 30
23 61 72 19
23 62 58 36
23 63 85 71
23 64 46 40
23 65 21 32
23 66 13 39
23 67 79 21
23 68 75 77
23 69 12 80
23 70 87 21
23 71 46 12
23 72 10 43
23 73 39 35
23 74 10 96
23 75 35 87
23 76 93 2
23 77 37 44
23 78 94 35
23 79 77 75
23 80 33 26
23 81 85 54
23 82 81 64
23 83 17 79
23 84 59 52
23 85 56 14
23 86 43 81
23 87 39 69
23 88 59 82
23 89 73 27
23 90 50 14
23 91 17 25
23 92 47 82
23 93 97 32
23 94 55 78
23 95 66 70
23 96 51 33
23 97 26 30
23 98 69 17
23 99 56 24
24 25 0 26
24 26 88 79
24 27 66 13
24 28 46 86
24 29 66 68
24 30 39 20
24 31 0 42
24 32 41 31
24 33 0 65
24 34 72 67
24 35 33 70
24 36 17 36
24 37 10 56
24 38 92 63
24 39 80 68
24 40 35 38
24 41 13 81
24 42 57 43
24 43 7 45
24 44 22 51
24 45 76 80
24 46 19 33
24 47 69 10
24 48 72 73
24 49 28 48
24 50 90 41
24 51 26 90
24 52 86 36
24 53 99 22
24 54 32 35
24 55 43 82
24 56 32 40
24 57 88 4
24 58 78 24
24 59 47 16
24 60 62 24
24 61 64 63
24 62 52 83
24 63 68 59
24 64 12 60
24 65 56 26
24 66 35 43
24 67 66 70
24 68 60 19
24 69 9 61
24 70 94 55
24 71 50 13
24 72 91 28
24 73 75 15
24 74 9 76
24 75 16 31
24 76 71 40
24 77 95 61
24 78 55 76
24 79 26 41
24 80 34 29
24 81 71 26
24 82 63 10
24 83 96 39
24 84 69 34
24 85 17 52
24 86 81 33
24 87 95 37
24 88 47 71
24 89 16 54
24 90 49 71
24 91 7 37
24 92 56 65
24 93 49 53
24 94 53 83
24 95 81 74
24 96 90 25
24 97 16 96
24 98 24 49
24 99 77 66
25 26 83 55
25 27 37 21
25 28 89 77
25 29 31 91
25 30 40 23
25 31 24 81
25 32 1 75
25 33 41 46
25 34 40 39
25 35 54 22
25 36 8 37
25 37 38 69
25 38 16 19
25 39 4 95
25 40 99 56
25 41 70 16
25 42 35 92
25 43 76 29
25 44 88 41
25 45 18 73
25 46 84 70
25 47 35 65
25 48 79 77
25 49 71 72
25 50 62 83
25 51 4 74
25 52 78 80
25 53 76 11
25 54 14 51
25 55 16 57
25 56 60 86
25 57 29 66
25 58 61 15
25 59 44 36
25 60 11 93
25 61 2 54
25 62 41 80
25 63 31 50
25 64 13 44
25 65 28 23
25 66 29 55
25 67 26 27
25 68 57 43
25 69 38 63
25 70 73 47
25 71 62 12
25 72 74 26
25 73 46 84
25 74 55 34
25 75 88 44
25 76 64 60
25 77 69 8
25 78 38 47
25 79 50 81
25 80 78 66
25 81 83 29
25 82 71 23
25 83 18 59
25 84 3 29
25 85 40 23
25 86 46 88
25 87 80 62
25 88 73 23
25 89 86 42
25 90 64 38
25 91 19 54
25 92 54 72
25 93 10 83
25 94 19 64
25 95 94 68
25 96 64 79
25 97 59 72
25 98 4 26
25 99 58 69
26 27 58 47
26 28 79 29
26 29 82 59
26 30 41 26
26 31 4 95
26 32 26 78
26 33 94 11
26 34 75 18
26 35 36 38
26 36 18 91
26 37 71 48
26 38 73 27
26 39 8 73
26 40 48 66
26 41 12 32
26 42 2 90
26 43 61 71
26 44 34 13
26 45 1 77
26 46 36 71
26 47 24 58
26 48 31 33
26 49 76 74
26 50 13 73
26 51 53 44
26 52 14 53
26 53 92 42
26 54 51 22
26 55 51 20
26 56 95 2
26 57 43 15
26 58 52 26
26 59 4 46
26 60 79 21
26 61 20 93
26 62 32 67
26 63 42 37
26 64 43 79
26 65 11 55
26 66 84 11
26 67 80 13
26 68 69 43
26 69 26 59
26 70 59 60
26 71 16 55
26 72 11 93
26 73 45 77
26 74 80 4
26 75 50 81
26 76 56 71
26 77 35 22
26 78 11 77
26 79 17 45
26 80 28 87
26 81 58 23
26 82 60 19
26 83 48 59
26 84 16 49
26 85 14 46
26 86 93 33
26 87 50 86
26 88 26 68
26 89 76 45
26 90 3 70
26 91 86 13
26 92 47 39
26 93 18 44
26 94 42 47
26 95 61 31
26 96 88 30
26 97 7 79
26 98 99 74
26 99 32 69
27 28 34 61
27 29 63 23
27 30 36 29
27 31 64 50
27 32 92 12
27 33 1 79
27 34 42 42
27 35 70 63
27 36 22 18
27 37 9 65
27 38 48 31
27 39 68 71
27 40 27 64
27 41 86 45
27 42 93 54
27 43 65 39
27 44 15 94
27 45 37 21
27 46 82 66
27 47 76 74
27 48 94 31
27 49 42 66
27 50 5 24
27 51 31 53
27 52 38 49
27 53 70 39
27 54 89 69
27 55 82 7
27 56 58 61
27 57 17 21
27 58 91 6
27 59 15 33
27 60 52 71
27 61 39 67
27 62 40 45
27 63 48 27
27 64 64 53
27 65 31 57
27 66 20 90
27 67 54 32
27 68 40 87
27 69 29 86
27 70 87 73
27 71 42 52
27 72 82 15
27 73 97 37
27 74 55 35
27 75 70 29
27 76 80 47
27 77 68 8
27 78 8 29
27 79 98 15
27 80 78 46
27 81 54 13
27 82 58 54
27 83 28 19
27 84 35 62
27 85 68 9
27 86 10 25
27 87 19 66
27 88 13 61
27 89 84 52
27 90 46 41
27 91 52 22
27 92 42 88
27 93 57 55
27 94 44 12
27 95 68 27
27 96 60 78
27 97 42 81
27 98 68 79
27 99 78 80
28 29 1 89
28 30 25 59
28 31 93 44
28 32 86 55
28 33 4 96
28 34 0 51
28 35 47 73
28 36 24 60
28 37 1 93
28 38 85 59
28 39 74 61
28 40 48 88
28 41 60 10
28 42 68 26
28 43 0 40
28 44 93 35
28 45 12 74
28 46 70 51
28 47 84 22
28 48 69 73
28 49 10 22
28 50 52 36
28 51 48 78
28 52 43 13
28 53 92 51
28 54 40 30
28 55 55 36
28 56 97 26
28 57 11 42
28 58 63 36
28 59 32 17
28 60 20 54
28 61 53 19
28 62 24 48
28 63 19 33
28 64 43 14
28 65 98 56
28 66 29 31
28 67 63 23
28 68 1 72
28 69 27 59
28 70 17 37
28 71 20 68
28 72 94 63
28 73 10 87
28 74 67 33
28 75 59 66
28 76 98 17
28 77 54 17
28 78 13 83
28 79 44 84
28 80 57 57
28 81 4 64
28 82 34 65
28 83 91 68
28 84 66 65
28 85 99 49
28 86 45 63
28 87 3 58
28 88 82 73
28 89 48 80
28 90 31 90
28 91 53 37
28 92 67 21
28 93 98 41
28 94 65 41
28 95 11 24
28 96 35 33
28 97 67 18
28 98 70 43
28 99 45 16
29 30 20 47
29 31 12 32
29 32 42 36
29 33 3 60
29 34 7 73
29 35 20 28
29 36 2 78
29 37 51 60
29 38 22 91
29 39 28 55
29 40 12 76
29 41 34 35
29 42 96 37
29 43 33 24
29 44 37 51
29 45 73 28
29 46 42 43
29 47 88 16
29 48 15 25
29 49 6 75
29 50 9 48
29 51 56 55
29 52 0 82
29 53 8 96
29 54 81 61
29 55 83 38
29 56 25 21
29 57 45 52
29 58 9 38
29 59 88 51
29 60 29 57
29 61 52 38
29 62 70 63
29 63 26 92
29 64 22 87
29 65 65 63
29 66 77 27
29 67 59 34
29 68 64 63
29 69 14 78
29 70 37 21
29 71 45 28
29 72 74 30
29 73 18 66
29 74 12 95
29 75 93 22
29 76 34 63
29 77 76 64
29 78 10 24
29 79 50 47
29 80 4 82
29 81 80 68
29 82 37 37
29 83 73 29
29 84 98 15
29 85 92 62
29 86 40 44
29 87 67 28
29 88 18 41
29 89 2 42
29 90 7 24
29 91 65 76
29 92 27 40
29 93 65 40
29 94 4 54
29 95 68 85
29 96 20 63
29 97 39 59
29 98 85 53
29 99 22 89
30 31 64 66
30 32 48 87
30 33 21 85
30 34 56 37
30 35 73 13
30 36 83 53
30 37 81 48
30 38 0 85
30 39 18 70
30 40 44 47
30 41 29 18
30 42 78 29
30 43 71 41
30 44 44 71
30 45 72 83
30 46 52 52
30 47 77 60
30 48 88 48
30 49 52 20
30 50 87 20
30 51 96 1
30 52 85 5
30 53 22 52
30 54 33 85
30 55 84 32
30 56 79 21
30 57 87 69
30 58 28 85
30 59 42 54
30 60 15 24
30 61 69 11
30 62 69 73
30 63 62 56
30 64 70 53
30 65 51 85
30 66 78 39
30 67 34 48
30 68 1 60
30 69 79 27
30 70 87 14
30 71 68 8
30 72 54 50
30 73 22 41
30 74 43 52
30 75 62 26
30 76 52 16
30 77 64 47
30 78 77 62
30 79 77 31
30 80 19 41
30 81 88 46
30 82 81 22
30 83 85 66
30 84 21 41
30 85 23 79
30 86 76 71
30 87 59 45
30 88 59 66
30 89 5 32
30 90 38 22
30 91 75 25
30 92 87 10
30 93 40 64
30 94 99 50
30 95 34 18
30 96 95 79
30 97 62 76
30 98 68 55
30 99 14 35
31 32 81 42
31 33 54 65
31 34 3 35
31 35 83 69
31 36 14 20
31 37 41 68
31 38 27 26
31 39 23 33
31 40 94 41
31 41 17 35
31 42 71 62
31 43 74 48
31 44 14 81
31 45 75 22
31 46 41 71
31 47 33 84
31 48 75 44
31 49 44 85
31 50 99 24
31 51 1 56
31 52 54 71
31 53 96 65
31 54 5 86
31 55 66 70
31 56 22 82
31 57 71 40
31 58 47 15
31 59 47 16
31 60 33 22
31 61 72 10
31 62 79 71
31 63 36 43
31 64 97 77
31 65 67 62
31 66 27 64
31 67 94 59
31 68 7 74
31 69 95 8
31 70 81 51
31 71 58 72
31 72 45 73
31 73 13 76
31 74 36 70
31 75 29 57
31 76 68 84
31 77 93 20
31 78 38 29
31 79 79 48
31 80 59 9
31 81 79 21
31 82 40 13
31 83 96 12
31 84 43 34
31 85 88 75
31 86 97 20
31 87 92 45
31 88 44 83
31 89 2 41
31 90 13 94
31 91 10 96
31 92 67 65
31 93 61 51
31 94 31 49
31 95 73 61
31 96 55 33
31 97 5 70
31 98 16 32
31 99 96 68
32 33 42 67
32 34 33 17
32 35 30 85
32 36 77 70
32 37 88 4
32 38 98 35
32 39 38 40
32 40 76 29
32 41 5 22
32 42 65 65
32 43 35 59
32 44 75 6
32 45 64 29
32 46 43 30
32 47 8 94
32 48 2 61
32 49 15 26
32 50 44 71
32 51 82 60
32 52 72 33
32 53 19 31
32 54 35 62
32 55 31 61
32 56 74 81
32 57 25 34
32 58 17 61
32 59 23 59
32 60 99 74
32 61 50 76
32 62 93 36
32 63 23 17
32 64 84 64
32 65 8 27
32 66 27 71
32 67 18 48
32 68 70 7
32 69 81 80
32 70 91 53
32 71 76 64
32 72 41 33
32 73 54 25
32 74 49 53
32 75 3 94
32 76 79 61
32 77 22 45
32 78 41 42
32 79 38 69
32 80 29 79
32 81 58 34
32 82 9 97
32 83 53 83
32 84 11 34
32 85 19 71
32 86 7 39
32 87 51 78
32 88 75 17
32 89 97 58
32 90 40 45
32 91 4 83
32 92 38 32
32 93 37 88
32 94 23 88
32 95 82 12
32 96 20 35
32 97 67 26
32 98 39 87
32 99 7 32
33 34 53 77
33 35 69 60
33 36 30 58
33 37 79 60
33 38 70 13
33 39 53 65
33 40 31 50
33 41 82 32
33 42 31 45
33 43 19 50
33 44 84 24
33 45 56 82
33 46 92 17
33 47 4 29
33 48 44 46
33 49 24 67
33 50 65 18
33 51 73 77
33 52 0 49
33 53 21 23
33 54 35 17
33 55 81 70
33 56 65 16
33 57 25 80
33 58 99 48
33 59 11 43
33 60 42 82
33 61 14 58
33 62 94 66
33 63 21 72
33 64 1 61
33 65 90 32
33 66 57 34
33 67 32 73
33 68 95 45
33 69 17 18
33 70 51 67
33 71 29 81
33 72 34 90
33 73 97 56
33 74 39 43
33 75 43 17
33 76 66 52
33 77 1 31
33 78 52 40
33 79 63 83
33 80 58 8
33 81 4 50
33 82 73 29
33 83 67 78
33 84 8 66
33 85 30 75
33 86 16 73
33 87 30 28
33 88 0 27
33 89 23 61
33 90 13 57
33 91 11 64
33 92 33 26
33 93 73 39
33 94 52 50
33 95 73 58
33 96 26 67
33 97 69 33
33 98 33 87
33 99 14 56
34 35 29 24
34 36 30 75
34 37 46 53
34 38 13 46
34 39 28 31
34 40 30 47
34 41 64 10
34 42 96 80
34 43 28 51
34 44 12 42
34 45 13 89
34 46 88 28
34 47 42 61
34 48 49 15
34 49 76 45
34 50 33 89
34 51 50 51
34 52 42 87
34 53 42 48
34 54 48 34
34 55 85 41
34 56 65 8
34 57 1 45
34 58 25 91
34 59 11 28
34 60 12 23
34 61 2 83
34 62 6 45
34 63 95 54
34 64 3 78
34 65 43 80
34 66 46 15
34 67 43 70
34 68 79 22
34 69 70 60
34 70 41 30
34 71 25 47
34 72 85 31
34 73 18 88
34 74 51 17
34 75 98 14
34 76 72 39
34 77 61 20
34 78 8 40
34 79 61 34
34 80 97 26
34 81 50 65
34 82 70 65
34 83 99 62
34 84 79 17
34 85 59 55
34 86 25 62
34 87 40 76
34 88 7 25
34 89 51 19
34 90 85 38
34 91 19 84
34 92 58 41
34 93 7 90
34 94 63 8
34 95 28 49
34 96 47 90
34 97 65 66
34 98 25 53
34 99 8 67
35 36 83 27
35 37 94 42
35 38 64 30
35 39 81 13
35 40 62 10
35 41 60 21
35 42 72 72
35 43 70 48
35 44 18 78
35 45 22 33
35 46 45 67
35 47 83 24
35 48 88 38
35 49 29 86
35 50 5 52
35 51 96 9
35 52 62 83
35 53 29 80
35 54 36 26
35 55 91 71
35 56 47 23
35 57 88 19
35 58 35 56
35 59 45 34
35 60 26 69
35 61 41 13
35 62 20 64
35 63 9 49
35 64 74 28
35 65 40 84
35 66 15 83
35 67 83 58
35 68 39 90
35 69 47 16
35 70 88 73
35 71 26 28
35 72 20 48
35 73 43 91
35 74 65 39
35 75 5 48
35 76 86 9
35 77 54 37
35 78 92 45
35 79 88 27
35 80 72 81
35 81 49 16
35 82 15 95
35 83 34 44
35 84 34 61
35 85 51 73
35 86 78 38
35 87 62 68
35 88 92 54
35 89 2 82
35 90 39 80
35 91 28 58
35 92 11 29
35 93 8 88
35 94 30 71
35 95 51 57
35 96 11 89
35 97 26 16
35 98 79 42
35 99 10 58
36 37 67 74
36 38 38 16
36 39 49 40
36 40 20 18
36 41 95 2
36 42 39 72
36 43 57 14
36 44 37 85
36 45 33 25
36 46 37 27
36 47 37 15
36 48 7 79
36 49 96 31
36 50 20 55
36 51 13 52
36 52 9 28
36 53 61 29
36 54 46 68
36 55 27 63
36 56 97 44
36 57 59 21
36 58 51 74
36 59 3 56
36 60 26 83
36 61 29 40
36 62 41 65
36 63 14 93
36 64 60 82
36 65 4 52
36 66 26 87
36 67 37 17
36 68 4 98
36 69 67 44
36 70 74 58
36 71 46 80
36 72 79 54
36 73 12 41
36 74 4 19
36 75 91 75
36 76 8 30
36 77 90 36
36 78 77 40
36 79 74 41
36 80 80 58
36 81 14 20
36 82 89 77
36 83 16 96
36 84 56 76
36 85 55 30
36 86 41 71
36 87 11 22
36 88 25 42
36 89 35 70
36 90 44 39
36 91 80 68
36 92 72 16
36 93 59 8
36 94 59 59
36 95 29 73
36 96 76 75
36 97 24 16
36 98 12 95
36 99 44 24
37 38 88 34
37 39 17 90
37 40 79 27
37 41 52 43
37 42 50 32
37 43 78 33
37 44 26 33
37 45 4 23
37 46 1 80
37 47 95 21
37 48 62 10
37 49 81 50
37 50 66 42
37 51 7 31
37 52 21 22
37 53 64 36
37 54 91 60
37 55 44 87
37 56 33 73
37 57 84 21
37 58 34 35
37 59 26 33
37 60 42 68
37 61 54 16
37 62 21 85
37 63 2 42
37 64 29 38
37 65 75 60
37 66 67 63
37 67 17 71
37 68 70 6
37 69 15 72
37 70 69 64
37 71 10 33
37 72 93 80
37 73 67 86
37 74 10 20
37 75 50 62
37 76 90 41
37 77 31 76
37 78 70 65
37 79 68 19
37 80 7 68
37 81 53 65
37 82 13 86
37 83 11 52
37 84 10 89
37 85 3 50
37 86 33 66
37 87 35 28
37 88 93 16
37 89 41 21
37 90 7 34
37 91 32 76
37 92 71 27
37 93 46 51
37 94 58 75
37 95 37 85
37 96 59 12
37 97 92 30
37 98 54 63
37 99 15 62
38 39 92 80
38 40 53 63
38 41 9 22
38 42 54 28
38 43 55 38
38 44 22 57
38 45 6 52
38 46 95 15
38 47 23 56
38 48 59 14
38 49 72 75
38 50 70 84
38 51 6 22
38 52 95 29
38 53 46 61
38 54 73 70
38 55 76 66
38 56 92 24
38 57 55 15
38 58 58 64
38 59 43 16
38 60 17 20
38 61 12 57
38 62 2 33
38 63 30 88
38 64 57 36
38 65 19 24
38 66 74 34
38 67 17 18
38 68 1 50
38 69 41 42
38 70 29 15
38 71 18 26
38 72 19 75
38 73 85 70
38 74 72 20
38 75 2 46
38 76 82 4
38 77 8 64
38 78 2 22
38 79 25 50
38 80 49 30
38 81 44 11
38 82 18 36
38 83 66 33
38 84 35 23
38 85 97 27
38 86 31 80
38 87 28 47
38 88 43 79
38 89 36 26
38 90 48 85
38 91 97 52
38 92 96 77
38 93 47 34
38 94 80 67
38 95 53 16
38 96 86 8
38 97 52 89
38 98 70 39
38 99 41 28
39 40 6 77
39 41 95 74
39 42 26 39
39 43 18 32
39 44 58 53
39 45 17 29
39 46 98 19
39 47 83 16
39 48 82 52
39 49 98 33
39 50 55 72
39 51 3 98
39 52 87 55
39 53 25 61
39 54 83 11
39 55 97 79
39 56 64 47
39 57 17 33
39 58 83 9
39 59 5 38
39 60 22 66
39 61 80 82
39 62 78 6
39 63 11 53
39 64 28 21
39 65 9 28
39 66 6 83
39 67 7 44
39 68 64 83
39 69 48 32
39 70 0 81
39 71 26 27
39 72 24 82
39 73 18 94
39 74 27 56
39 75 10 63
39 76 84 8
39 77 46 81
39 78 82 23
39 79 73 34
39 80 18 44
39 81 72 40
39 82 40 23
39 83 9 40
39 84 5 41
39 85 11 36
39 86 24 27
39 87 10 20
39 88 86 75
39 89 36 44
39 90 64 23
39 91 93 50
39 92 4 64
39 93 75 52
39 94 18 34
39 95 62 8
39 96 15 45
39 97 85 43
39 98 79 68
39 99 63 10
40 41 84 25
40 42 43 77
40 43 67 34
40 44 79 43
40 45 99 8
40 46 53 77
40 47 51 82
40 48 78 47
40 49 81 35
40 50 42 78
40 51 35 21
40 52 77 10
40 53 43 13
40 54 72 77
40 55 74 11
40 56 54 28
40 57 23 69
40 58 6 60
40 59 14 78
40 60 33 80
40 61 0 85
40 62 79 42
40 63 63 42
40 64 58 48
40 65 38 87
40 66 23 44
40 67 76 52
40 68 12 93
40 69 17 72
40 70 71 59
40 71 39 77
40 72 3 30
40 73 8 49
40 74 21 73
40 75 22 72
40 76 9 95
40 77 37 25
40 78 56 28
40 79 45 31
40 80 86 74
40 81 21 59
40 82 85 34
40 83 57 9
40 84 78 31
40 85 23 54
40 86 65 86
40 87 58 20
40 88 27 75
40 89 78 22
40 90 26 65
40 91 5 74
40 92 15 78
40 93 37 21
40 94 35 62
40 95 65 82
40 96 68 19
40 97 66 79
40 98 35 73
40 99 88 69
41 42 41 79
41 43 67 9
41 44 5 58
41 45 59 75
41 46 36 57
41 47 59 15
41 48 49 43
41 49 16 59
41 50 98 28
41 51 49 39
41 52 16 77
41 53 85 9
41 54 77 56
41 55 78 49
41 56 45 63
41 57 58 42
41 58 39 79
41 59 55 13
41 60 63 64
41 61 92 6
41 62 19 84
41 63 71 35
41 64 54 15
41 65 83 43
41 66 96 62
41 67 27 26
41 68 43 64
41 69 11 52
41 70 0 96
41 71 43 43
41 72 30 79
41 73 1 22
41 74 25 14
41 75 8 92
41 76 9 63
41 77 65 45
41 78 34 65
41 79 68 51
41 80 81 19
41 81 73 5
41 82 93 63
41 83 57 82
41 84 51 21
41 85 51 34
41 86 35 54
41 87 50 88
41 88 53 61
41 89 84 74
41 90 97 30
41 91 57 55
41 92 56 33
41 93 12 81
41 94 97 43
41 95 68 20
41 96 6 45
41 97 10 83
41 98 5 46
41 99 36 78
42 43 14 89
42 44 39 23
42 45 56 71
42 46 93 2
42 47 53 85
42 48 62 61
42 49 27 60
42 50 59 66
42 51 23 43
42 52 53 87
42 53 18 81
42 54 0 94
42 55 72 19
42 56 28 77
42 57 25 35
42 58 16 54
42 59 51 21
42 60 66 28
42 61 11 68
42 62 40 69
42 63 36 22
42 64 99 21
42 65 85 13
42 66 51 87
42 67 9 85
42 68 57 46
42 69 64 75
42 70 36 15
42 71 82 59
42 72 10 74
42 73 55 24
42 74 30 21
42 75 77 15
42 76 50 87
42 77 44 35
42 78 12 58
42 79 18 50
42 80 87 79
42 81 81 77
42 82 22 49
42 83 64 14
42 84 26 34
42 85 7 59
42 86 81 41
42 87 75 52
42 88 14 20
42 89 16 45
42 90 31 93
42 91 24 76
42 92 9 65
42 93 24 70
42 94 6 22
42 95 55 56
42 96 57 87
42 97 63 55
42 98 82 66
42 99 73 41
43 44 0 39
43 45 99 10
43 46 52 57
43 47 71 58
43 48 11 85
43 49 2 65
43 50 21 39
43 51 19 38
43 52 40 27
43 53 96 2
43 54 6 82
43 55 58 28
43 56 33 34
43 57 54 77
43 58 86 42
43 59 55 14
43 60 69 57
43 61 11 43
43 62 54 58
43 63 15 91
43 64 10 37
43 65 70 40
43 66 18 44
43 67 66 39
43 68 37 58
43 69 37 45
43 70 22 39
43 71 51 82
43 72 86 16
43 73 11 75
43 74 99 52
43 75 50 20
43 76 64 25
43 77 94 75
43 78 11 59
43 79 27 23
43 80 44 42
43 81 83 73
43 82 65 13
43 83 29 50
43 84 73 63
43 85 3 38
43 86 78 13
43 87 30 26
43 88 16 17
43 89 19 81
43 90 97 19
43 91 17 93
43 92 92 48
43 93 77 22
43 94 87 79
43 95 33 85
43 96 85 29
43 97 62 79
43 98 31 68
43 99 29 62
44 45 93 20
44 46 45 76
44 47 37 35
44 48 55 28
44 49 11 44
44 50 4 67
44 51 85 9
44 52 18 24
44 53 97 76
44 54 34 61
44 55 56 29
44 56 8 96
44 57 72 32
44 58 16 37
44 59 67 25
44 60 1 95
44 61 21 51
44 62 5 97
44 63 84 48
44 64 73 21
44 65 94 1
44 66 43 85
44 67 37 55
44 68 70 79
44 69 19 85
44 70 72 72
44 71 60 29
44 72 71 63
44 73 67 62
44 74 80 71
44 75 39 29
44 76 38 72
44 77 23 47
44 78 30 53
44 79 15 78
44 80 89 39
44 81 57 81
44 82 4 84
44 83 48 61
44 84 88 69
44 85 56 48
44 86 12 88
44 87 63 11
44 88 81 13
44 89 83 11
44 90 37 29
44 91 45 13
44 92 28 52
44 93 91 9
44 94 20 40
44 95 87 28
44 96 87 14
44 97 64 35
44 98 55 56
44 99 31 62
45 46 11 64
45 47 68 18
45 48 62 57
45 49 66 34
45 50 47 59
45 51 84 13
45 52 19 41
45 53 88 66
45 54 17 83
45 55 35 76
45 56 58 13
45 57 75 69
45 58 44 26
45 59 70 23
45 60 0 32
45 61 23 27
45 62 97 17
45 63 33 48
45 64 95 49
45 65 63 22
45 66 23 60
45 67 10 43
45 68 71 37
45 69 34 81
45 70 89 69
45 71 57 68
45 72 27 33
45 73 85 60
45 74 96 61
45 75 17 18
45 76 78 4
45 77 92 72
45 78 27 54
45 79 46 88
45 80 16 92
45 81 84 45
45 82 35 44
45 83 87 14
45 84 30 58
45 85 82 35
45 86 78 63
45 87 76 8
45 88 54 48
45 89 55 29
45 90 50 84
45 91 39 84
45 92 45 51
45 93 66 43
45 94 35 48
45 95 47 38
45 96 66 58
45 97 15 65
45 98 4 43
45 99 7 60
46 47 57 14
46 48 43 71
46 49 23 34
46 50 25 38
46 51 33 77
46 52 44 75
46 53 75 61
46 54 5 98
46 55 26 58
46 56 65 77
46 57 69 8
46 58 55 28
46 59 6 80
46 60 59 57
46 61 0 70
46 62 60 16
46 63 22 93
46 64 64 35
46 65 63 20
46 66 74 49
46 67 51 55
46 68 46 26
46 69 98 51
46 70 53 58
46 71 76 64
46 72 3 67
46 73 82 16
46 74 78 53
46 75 7 59
46 76 74 26
46 77 85 17
46 78 99 26
46 79 59 51
46 80 87 24
46 81 9 25
46 82 59 17
46 83 79 82
46 84 48 82
46 85 70 57
46 86 72 65
46 87 20 46
46 88 83 60
46 89 16 31
46 90 25 41
46 91 71 78
46 92 52 35
46 93 30 26
46 94 26 21
46 95 7 57
46 96 36 91
46 97 86 73
46 98 9 81
46 99 53 10
47 48 15 46
47 49 49 74
47 50 32 29
47 51 67 32
47 52 36 28
47 53 18 79
47 54 21 66
47 55 18 50
47 56 95 76
47 57 53 80
47 58 50 86
47 59 75 76
47 60 38 45
47 61 97 6
47 62 32 85
47 63 93 74
47 64 50 40
47 65 76 64
47 66 91 7
47 67 79 73
47 68 57 79
47 69 49 62
47 70 28 47
47 71 45 22
47 72 30 29
47 73 11 29
47 74 95 80
47 75 19 36
47 76 68 9
47 77 52 13
47 78 25 70
47 79 2 33
47 80 33 42
47 81 50 15
47 82 20 24
47 83 81 18
47 84 51 9
47 85 51 54
47 86 99 33
47 87 92 2
47 88 83 58
47 89 23 67
47 90 87 23
47 91 13 52
47 92 99 42
47 93 77 49
47 94 41 45
47 95 41 36
47 96 53 60
47 97 68 17
47 98 67 62
47 99 6 54
48 49 35 58
48 50 83 16
48 51 94 24
48 52 1 20
48 53 14 54
48 54 30 80
48 55 68 35
48 56 95 9
48 57 66 41
48 58 5 30
48 59 15 63
48 60 28 23
48 61 95 26
48 62 37 23
48 63 36 73
48 64 43 22
48 65 10 76
48 66 36 87
48 67 14 17
48 68 28 60
48 69 99 67
48 70 16 58
48 71 93 26
48 72 28 26
48 73 0 66
48 74 51 87
48 75 23 71
48 76 68 14
48 77 56 84
48 78 55 49
48 79 71 33
48 80 40 16
48 81 45 34
48 82 82 56
48 83 52 73
48 84 68 58
48 85 62 43
48 86 1 71
48 87 82 18
48 88 70 36
48 89 73 78
48 90 4 35
48 91 92 29
48 92 33 41
48 93 65 35
48 94 24 24
48 95 53 28
48 96 64 84
48 97 93 78
48 98 55 67
48 99 77 15
49 50 60 32
49 51 19 35
49 52 49 68
49 53 77 82
49 54 5 63
49 55 82 78
49 56 34 26
49 57 28 65
49 58 20 31
49 59 67 72
49 60 40 82
49 61 80 75
49 62 32 47
49 63 79 50
49 64 73 62
49 65 83 34
49 66 71 72
49 67 39 49
49 68 67 6
49 69 28 26
49 70 93 40
49 71 69 66
49 72 47 29
49 73 61 59
49 74 77 39
49 75 20 24
49 76 43 19
49 77 10 61
49 78 17 79
49 79 16 26
49 80 87 29
49 81 88 70
49 82 39 35
49 83 91 5
49 84 22 61
49 85 35 44
49 86 14 56
49 87 94 33
49 88 2 56
49 89 60 39
49 90 34 64
49 91 66 49
49 92 36 39
49 93 76 37
49 94 66 80
49 95 79 71
49 96 1 97
49 97 2 72
49 98 22 20
49 99 28 30
50 51 49 57
50 52 79 17
50 53 87 63
50 54 19 43
50 55 39 38
50 56 22 83
50 57 90 33
50 58 85 69
50 59 18 49
50 60 7 48
50 61 67 73
50 62 87 11
50 63 53 40
50 64 6 40
50 65 39 39
50 66 73 85
50 67 43 24
50 68 64 62
50 69 31 66
50 70 47 71
50 71 71 35
50 72 39 21
50 73 17 51
50 74 40 23
50 75 84 70
50 76 16 91
50 77 16 17
50 78 84 4
50 79 23 59
50 80 55 62
50 81 9 48
50 82 34 53
50 83 9 71
50 84 23 26
50 85 94 60
50 86 62 47
50 87 50 12
50 88 49 71
50 89 44 34
50 90 54 80
50 91 87 6
50 92 12 72
50 93 14 58
50 94 47 46
50 95 19 16
50 96 68 43
50 97 68 33
50 98 63 63
50 99 15 86
51 52 58 73
51 53 37 28
51 54 26 91
51 55 63 61
51 56 66 47
51 57 75 20
51 58 75 78
51 59 82 21
51 60 13 26
51 61 53 65
51 62 26 30
51 63 87 70
51 64 48 86
51 65 40 42
51 66 76 42
51 67 77 46
51 68 37 82
51 69 20 50
51 70 75 39
51 71 51 37
51 72 93 43
51 73 55 55
51 74 24 32
51 75 14 80
51 76 38 41
51 77 43 22
51 78 49 13
51 79 24 92
51 80 36 49
51 81 50 81
51 82 79 73
51 83 84 20
51 84 1 24
51 85 56 24
51 86 13 54
51 87 40 38
51 88 10 19
51 89 1 27
51 90 94 25
51 91 2 79
51 92 80 66
51 93 53 55
51 94 9 98
51 95 97 80
51 96 56 34
51 97 64 53
51 98 98 21
51 99 94 40
52 53 75 81
52 54 15 43
52 55 66 68
52 56 22 79
52 57 38 25
52 58 38 64
52 59 36 49
52 60 72 35
52 61 88 21
52 62 35 85
52 63 36 55
52 64 28 67
52 65 62 63
52 66 16 96
52 67 76 17
52 68 43 65
52 69 73 68
52 70 81 62
52 71 6 72
52 72 59 54
52 73 41 22
52 74 47 68
52 75 80 77
52 76 19 37
52 77 18 37
52 78 86 8
52 79 21 80
52 80 79 47
52 81 26 36
52 82 60 54
52 83 75 55
52 84 47 25
52 85 92 66
52 86 76 76
52 87 23 25
52 88 70 41
52 89 56 57
52 90 17 62
52 91 25 59
52 92 70 74
52 93 87 71
52 94 12 49
52 95 75 25
52 96 39 90
52 97 19 80
52 98 92 46
52 99 3 94
53 54 24 38
53 55 38 44
53 56 50 74
53 57 22 86
53 58 93 57
53 59 13 95
53 60 61 58
53 61 57 81
53 62 18 60
53 63 32 16
53 64 18 19
53 65 59 54
53 66 79 49
53 67 41 13
53 68 18 19
53 69 58 73
53 70 54 78
53 71 82 44
53 72 65 36
53 73 75 24
53 74 67 46
53 75 58 13
53 76 75 34
53 77 88 77
53 78 84 60
53 79 75 40
53 80 38 68
53 81 11 46
53 82 14 43
53 83 39 22
53 84 89 29
53 85 89 23
53 86 77 61
53 87 4 91
53 88 92 27
53 89 35 32
53 90 47 57
53 91 88 14
53 92 17 22
53 93 52 18
53 94 26 68
53 95 57 27
53 96 4 40
53 97 47 61
53 98 27 92
53 99 63 61
54 55 13 63
54 56 31 56
54 57 0 65
54 58 85 66
54 59 61 85
54 60 96 32
54 61 49 58
54 62 94 52
54 63 22 44
54 64 16 82
54 65 52 30
54 66 68 53
54 67 76 47
54 68 90 61
54 69 50 42
54 70 44 68
54 71 64 17
54 72 86 22
54 73 14 79
54 74 43 41
54 75 7 55
54 76 54 41
54 77 72 58
54 78 80 56
54 79 29 90
54 80 48 31
54 81 92 20
54 82 66 26
54 83 17 86
54 84 73 50
54 85 98 38
54 86 5 84
54 87 24 55
54 88 57 37
54 89 87 40
54 90 77 34
54 91 24 50
54 92 75 11
54 93 27 25
54 94 2 58
54 95 15 40
54 96 20 42
54 97 85 82
54 98 86 60
54 99 14 49
55 56 18 73
55 57 44 27
55 58 56 32
55 59 41 35
55 60 12 52
55 61 14 22
55 62 54 74
55 63 87 68
55 64 85 33
55 65 28 82
55 66 47 89
55 67 90 60
55 68 48 78
55 69 88 32
55 70 28 85
55 71 41 71
55 72 26 70
55 73 89 49
55 74 54 16
55 75 78 68
55 76 50 73
55 77 47 50
55 78 93 81
55 79 64 31
55 80 88 5
55 81 66 70
55 82 16 89
55 83 56 84
55 84 74 11
55 85 56 46
55 86 17 86
55 87 75 59
55 88 76 26
55 89 75 61
55 90 15 83
55 91 8 70
55 92 67 36
55 93 49 52
55 94 39 69
55 95 23 78
55 96 29 44
55 97 5 43
55 98 42 34
55 99 86 37
56 57 27 83
56 58 93 80
56 59 24 71
56 60 48 34
56 61 54 44
56 62 97 57
56 63 55 12
56 64 79 49
56 65 16 62
56 66 59 12
56 67 73 77
56 68 46 18
56 69 44 70
56 70 84 68
56 71 23 47
56 72 34 13
56 73 77 47
56 74 66 37
56 75 80 75
56 76 94 50
56 77 83 5
56 78 63 70
56 79 44 32
56 80 91 8
56 81 55 79
56 82 75 70
56 83 75 48
56 84 84 56
56 85 7 29
56 86 87 13
56 87 10 75
56 88 4 84
56 89 62 36
56 90 9 27
56 91 93 22
56 92 69 67
56 93 34 38
56 94 43 16
56 95 75 37
56 96 47 32
56 97 19 34
56 98 64 36
56 99 27 71
57 58 55 69
57 59 31 47
57 60 78 22
57 61 33 81
57 62 70 73
57 63 59 17
57 64 78 15
57 65 23 24
57 66 76 10
57 67 2 35
57 68 44 67
57 69 94 48
57 70 9 83
57 71 64 63
57 72 34 27
57 73 4 34
57 74 80 40
57 75 51 78
57 76 27 55
57 77 14 81
57 78 73 74
57 79 15 63
57 80 32 37
57 81 95 78
57 82 36 61
57 83 0 57
57 84 61 76
57 85 69 69
57 86 42 42
57 87 44 86
57 88 4 98
57 89 76 45
57 90 92 34
57 91 31 15
57 92 26 58
57 93 47 40
57 94 54 39
57 95 25 25
57 96 83 23
57 97 5 74
57 98 92 39
57 99 90 75
58 59 92 3
58 60 9 59
58 61 4 40
58 62 13 20
58 63 38 91
58 64 61 77
58 65 33 15
58 66 82 20
58 67 22 64
58 68 26 81
58 69 10 56
58 70 5 30
58 71 9 32
58 72 56 46
58 73 48 50
58 74 47 59
58 75 22 66
58 76 15 72
58 77 71 28
58 78 95 26
58 79 61 38
58 80 64 39
58 81 34 60
58 82 98 27
58 83 2 25
58 84 3 98
58 85 25 73
58 86 52 79
58 87 90 53
58 88 32 49
58 89 68 6
58 90 90 3
58 91 8 58
58 92 27 29
58 93 58 18
58 94 42 63
58 95 40 47
58 96 85 45
58 97 61 77
58 98 89 27
58 99 98 64
59 60 98 20
59 61 93 12
59 62 95 78
59 63 57 41
59 64 30 71
59 65 61 8
59 66 72 44
59 67 78 5
59 68 52 59
59 69 88 51
59 70 48 54
59 71 97 43
59 72 69 33
59 73 62 52
59 74 79 59
59 75 23 53
59 76 20 33
59 77 22 28
59 78 19 28
59 79 45 79
59 80 68 74
59 81 78 69
59 82 85 63
59 83 16 95
59 84 29 83
59 85 68 51
59 86 73 54
59 87 28 59
59 88 96 18
59 89 66 11
59 90 36 79
59 91 6 76
59 92 69 82
59 93 20 16
59 94 16 91
59 95 90 41
59 96 3 46
59 97 27 89
59 98 41 26
59 99 97 73
60 61 84 71
60 62 51 64
60 63 95 77
60 64 86 66
60 65 85 66
60 66 73 55
60 67 73 72
60 68 7 73
60 69 95 39
60 70 58 62
60 71 41 50
60 72 12 88
60 73 51 58
60 74 41 17
60 75 1 86
60 76 59 32
60 77 86 36
60 78 53 56
60 79 90 66
60 80 93 42
60 81 28 65
60 82 31 51
60 83 9 26
60 84 31 68
60 85 18 89
60 86 86 43
60 87 25 92
60 88 40 13
60 89 58 12
60 90 19 38
60 91 21 71
60 92 49 68
60 93 55 51
60 94 33 56
60 95 72 41
60 96 55 77
60 97 57 40
60 98 52 58
60 99 46 56
61 62 37 52
61 63 80 37
61 64 20 31
61 65 67 52
61 66 73 46
61 67 81 40
61 68 90 2
61 69 62 41
61 70 82 14
61 71 5 23
61 72 20 45
61 73 21 89
61 74 36 15
61 75 96 18
61 76 12 35
61 77 14 47
61 78 21 36
61 79 19 43
61 80 34 27
61 81 7 76
61 82 97 14
61 83 23 29
61 84 8 24
61 85 1 88
61 86 57 61
61 87 11 28
61 88 35 55
61 89 83 3
61 90 14 26
61 91 79 67
61 92 25 79
61 93 90 76
61 94 54 30
61 95 38 50
61 96 9 28
61 97 41 28
61 98 14 32
61 99 19 21
62 63 19 74
62 64 96 34
62 65 55 16
62 66 17 84
62 67 3 86
62 68 49 23
62 69 53 58
62 70 26 90
62 71 83 5
62 72 45 18
62 73 33 86
62 74 80 18
62 75 95 68
62 76 75 70
62 77 44 57
62 78 11 55
62 79 77 42
62 80 99 58
62 81 89 2
62 82 83 14
62 83 64 20
62 84 46 73
62 85 9 57
62 86 77 18
62 87 42 64
62 88 58 28
62 89 63 40
62 90 68 51
62 91 13 93
62 92 12 63
62 93 85 72
62 94 52 54
62 95 9 76
62 96 12 35
62 97 78 40
62 98 10 88
62 99 58 40
63 64 76 20
63 65 89 4
63 66 80 47
63 67 96 5
63 68 70 50
63 69 82 62
63 70 29 30
63 71 84 36
63 72 95 28
63 73 71 48
63 74 90 63
63 75 52 55
63 76 45 16
63 77 53 67
63 78 40 74
63 79 52 79
63 80 0 56
63 81 60 55
63 82 76 60
63 83 6 50
63 84 14 87
63 85 69 54
63 86 83 24
63 87 70 74
63 88 14 31
63 89 69 61
63 90 45 68
63 91 53 63
63 92 72 53
63 93 12 27
63 94 32 62
63 95 9 49
63 96 31 27
63 97 79 69
63 98 49 50
63 99 13 93
64 65 53 16
64 66 97 53
64 67 32 29
64 68 52 12
64 69 28 71
64 70 51 73
64 71 73 20
64 72 39 65
64 73 2 66
64 74 3 89
64 75 93 71
64 76 74 32
64 77 7 35
64 78 66 85
64 79 60 19
64 80 2 80
64 81 62 20
64 82 23 31
64 83 55 48
64 84 74 21
64 85 48 23
64 86 23 85
64 87 54 55
64 88 11 60
64 89 9 46
64 90 80 44
64 91 33 72
64 92 99 53
64 93 58 39
64 94 60 52
64 95 18 17
64 96 86 65
64 97 61 38
64 98 76 67
64 99 84 22
65 66 13 76
65 67 15 53
65 68 62 83
65 69 95 52
65 70 15 39
65 71 27 52
65 72 24 90
65 73 82 32
65 74 6 90
65 75 64 30
65 76 16 89
65 77 65 69
65 78 74 58
65 79 64 20
65 80 94 65
65 81 36 82
65 82 40 81
65 83 29 40
65 84 57 77
65 85 37 15
65 86 78 56
65 87 60 15
65 88 17 19
65 89 50 49
65 90 17 66
65 91 78 75
65 92 53 71
65 93 27 60
65 94 61 79
65 95 33 48
65 96 27 31
65 97 56 77
65 98 36 29
65 99 29 58
66 67 31 30
66 68 57 32
66 69 35 78
66 70 91 47
66 71 6 68
66 72 87 13
66 73 98 79
66 74 56 14
66 75 28 90
66 76 87 60
66 77 98 46
66 78 55 75
66 79 95 11
66 80 58 46
66 81 73 84
66 82 99 50
66 83 72 12
66 84 72 8
66 85 57 32
66 86 46 57
66 87 90 52
66 88 7 95
66 89 74 7
66 90 47 16
66 91 52 83
66 92 51 78
66 93 77 67
66 94 59 47
66 95 51 21
66 96 92 29
66 97 9 92
66 98 34 14
66 99 26 53
67 68 19 28
67 69 5 55
67 70 91 23
67 71 63 23
67 72 22 38
67 73 22 22
67 74 94 12
67 75 23 75
67 76 8 72
67 77 5 19
67 78 9 60
67 79 78 17
67 80 86 10
67 81 33 80
67 82 91 48
67 83 33 45
67 84 17 61
67 85 88 36
67 86 38 72
67 87 75 39
67 88 73 6
67 89 79 10
67 90 47 25
67 91 26 56
67 92 95 69
67 93 13 34
67 94 32 37
67 95 44 32
67 96 58 24
67 97 10 89
67 98 24 51
67 99 21 48
68 69 5 54
68 70 68 62
68 71 74 68
68 72 44 46
68 73 2 92
68 74 42 67
68 75 88 57
68 76 48 45
68 77 27 77
68 78 37 18
68 79 55 25
68 80 67 23
68 81 6 36
68 82 65 72
68 83 76 42
68 84 58 84
68 85 99 54
68 86 38 15
68 87 50 78
68 88 9 29
68 89 94 9
68 90 52 27
68 91 11 59
68 92 65 86
68 93 29 93
68 94 34 38
68 95 25 81
68 96 60 65
68 97 51 30
68 98 22 19
68 99 94 6
69 70 72 66
69 71 27 45
69 72 32 30
69 73 31 24
69 74 29 36
69 75 66 40
69 76 33 43
69 77 76 78
69 78 24 76
69 79 14 64
69 80 1 73
69 81 53 24
69 82 76 67
69 83 35 84
69 84 7 44
69 85 50 42
69 86 65 71
69 87 90 19
69 88 76 74
69 89 31 87
69 90 49 77
69 91 83 11
69 92 45 60
69 93 2 99
69 94 81 45
69 95 17 26
69 96 35 20
69 97 96 65
69 98 52 22
69 99 26 19
70 71 10 53
70 72 79 78
70 73 59 64
70 74 82 54
70 75 81 34
70 76 84 70
70 77 59 80
70 78 39 85
70 79 0 34
70 80 68 17
70 81 56 61
70 82 66 16
70 83 53 23
70 84 92 63
70 85 20 45
70 86 43 44
70 87 12 73
70 88 93 66
70 89 77 59
70 90 39 37
70 91 12 76
70 92 44 36
70 93 19 21
70 94 83 50
70 95 38 64
70 96 65 35
70 97 82 77
70 98 22 22
70 99 85 11
71 72 21 73
71 73 57 21
71 74 5 36
71 75 42 90
71 76 29 67
71 77 47 85
71 78 78 9
71 79 6 19
71 80 92 39
71 81 74 10
71 82 54 52
71 83 99 57
71 84 67 37
71 85 22 64
71 86 20 53
71 87 52 60
71 88 40 46
71 89 27 20
71 90 25 23
71 91 29 76
71 92 16 78
71 93 24 59
71 94 68 17
71 95 90 73
71 96 12 62
71 97 17 93
71 98 44 30
71 99 58 55
72 73 43 20
72 74 20 51
72 75 75 5
72 76 29 20
72 77 40 36
72 78 14 50
72 79 92 47
72 80 4 85
72 81 97 18
72 82 50 79
72 83 69 39
72 84 46 14
72 85 57 81
72 86 54 87
72 87 39 20
72 88 78 65
72 89 95 25
72 90 9 74
72 91 74 81
72 92 29 92
72 93 3 40
72 94 21 62
72 95 12 32
72 96 93 55
72 97 90 21
72 98 69 78
72 99 21 56
73 74 60 36
73 75 2 38
73 76 92 51
73 77 89 69
73 78 35 75
73 79 52 51
73 80 13 59
73 81 49 31
73 82 1 86
73 83 82 11
73 84 85 45
73 85 13 59
73 86 65 60
73 87 90 15
73 88 58 56
73 89 15 91
73 90 19 74
73 91 24 93
73 92 71 52
73 93 36 29
73 94 17 79
73 95 23 30
73 96 28 77
73 97 62 30
73 98 28 79
73 99 49 36
74 75 36 61
74 76 83 66
74 77 80 81
74 78 96 46
74 79 54 40
74 80 12 73
74 81 73 55
74 82 30 54
74 83 71 60
74 84 33 87
74 85 68 68
74 86 89 22
74 87 46 44
74 88 40 59
74 89 56 33
74 90 77 77
74 91 18 34
74 92 44 86
74 93 46 29
74 94 82 17
74 95 68 52
74 96 24 36
74 97 74 68
74 98 89 69
74 99 7 70
75 76 46 48
75 77 28 76
75 78 83 57
75 79 72 79
75 80 25 27
75 81 91 33
75 82 5 84
75 83 52 28
75 84 11 25
75 85 79 70
75 86 10 46
75 87 17 60
75 88 72 31
75 89 7 61
75 90 91 16
75 91 60 13
75 92 82 30
75 93 45 72
75 94 97 67
75 95 77 10
75 96 43 71
75 97 71 63
75 98 80 35
75 99 15 28
76 77 22 73
76 78 84 38
76 79 70 78
76 80 3 61
76 81 58 64
76 82 25 32
76 83 10 25
76 84 61 37
76 85 5 42
76 86 26 29
76 87 96 72
76 88 41 73
76 89 52 44
76 90 34 47
76 91 39 45
76 92 80 81
76 93 36 58
76 94 18 59
76 95 42 18
76 96 83 72
76 97 47 84
76 98 25 21
76 99 79 63
77 78 91 33
77 79 6 78
77 80 22 57
77 81 16 84
77 82 31 91
77 83 40 62
77 84 23 21
77 85 96 24
77 86 82 28
77 87 64 81
77 88 14 84
77 89 34 89
77 90 83 5
77 91 88 29
77 92 57 12
77 93 53 86
77 94 80 13
77 95 65 50
77 96 5 32
77 97 42 50
77 98 27 41
77 99 94 13
78 79 84 53
78 80 77 44
78 81 11 60
78 82 2 81
78 83 94 51
78 84 71 83
78 85 79 62
78 86 44 74
78 87 47 15
78 88 79 64
78 89 47 10
78 90 73 31
78 91 74 34
78 92 81 14
78 93 36 12
78 94 62 11
78 95 56 83
78 96 1 48
78 97 61 10
78 98 50 28
78 99 2 19
79 80 1 69
79 81 36 29
79 82 63 9
79 83 37 63
79 84 36 64
79 85 28 50
79 86 16 42
79 87 43 47
79 88 37 77
79 89 91 66
79 90 91 56
79 91 15 23
79 92 73 50
79 93 67 15
79 94 94 39
79 95 22 19
79 96 33 23
79 97 69 37
79 98 79 36
79 99 42 58
80 81 5 51
80 82 41 30
80 83 24 33
80 84 36 89
80 85 13 83
80 86 17 83
80 87 6 23
80 88 80 64
80 89 1 79
80 90 19 73
80 91 36 42
80 92 54 39
80 93 8 19
80 94 62 62
80 95 54 21
80 96 20 45
80 97 89 35
80 98 77 75
80 99 27 48
81 82 78 83
81 83 21 22
81 84 47 55
81 85 72 71
81 86 68 25
81 87 5 37
81 88 75 74
81 89 2 99
81 90 19 58
81 91 95 46
81 92 11 40
81 93 8 61
81 94 92 52
81 95 4 37
81 96 69 63
81 97 21 90
81 98 75 23
81 99 49 47
82 83 49 65
82 84 55 87
82 85 69 59
82 86 12 94
82 87 19 16
82 88 46 81
82 89 0 69
82 90 44 20
82 91 32 51
82 92 84 29
82 93 91 8
82 94 29 42
82 95 25 88
82 96 60 28
82 97 53 52
82 98 52 77
82 99 29 53
83 84 53 71
83 85 29 88
83 86 33 27
83 87 67 9
83 88 51 80
83 89 79 56
83 90 63 86
83 91 13 90
83 92 20 49
83 93 91 21
83 94 93 52
83 95 48 35
83 96 34 65
83 97 98 47
83 98 91 28
83 99 67 75
84 85 98 10
84 86 95 29
84 87 78 30
84 88 95 69
84 89 44 26
84 90 72 13
84 91 9 45
84 92 40 73
84 93 57 38
84 94 90 72
84 95 63 83
84 96 37 60
84 97 66 74
84 98 1 62
84 99 72 28
85 86 32 62
85 87 12 41
85 88 44 29
85 89 98 64
85 90 23 42
85 91 0 61
85 92 91 13
85 93 11 50
85 94 79 67
85 95 87 60
85 96 28 53
85 97 52 77
85 98 91 10
85 99 45 68
86 87 5 98
86 88 37 45
86 89 42 81
86 90 13 96
86 91 30 62
86 92 89 35
86 93 33 72
86 94 36 16
86 95 6 28
86 96 84 18
86 97 27 82
86 98 26 86
86 99 44 19
87 88 18 19
87 89 15 89
87 90 37 76
87 91 54 76
87 92 2 70
87 93 92 73
87 94 68 77
87 95 29 85
87 96 99 48
87 97 78 43
87 98 58 88
87 99 48 39
88 89 31 70
88 90 92 78
88 91 60 79
88 92 89 13
88 93 69 65
88 94 46 71
88 95 26 88
88 96 46 26
88 97 49 28
88 98 49 76
88 99 75 50
89 90 17 62
89 91 10 49
89 92 88 34
89 93 59 14
89 94 8 90
89 95 60 17
89 96 44 71
89 97 5 92
89 98 60 22
89 99 25 85
90 91 39 84
90 92 55 30
90 93 76 43
90 94 95 51
90 95 80 82
90 96 60 10
90 97 36 68
90 98 87 55
90 99 70 15
91 92 34 14
91 93 11 70
91 94 93 9
91 95 40 57
91 96 41 47
91 97 67 41
91 98 63 78
91 99 57 13
92 93 96 40
92 94 29 84
92 95 5 88
92 96 1 65
92 97 33 56
92 98 13 89
92 99 28 35
93 94 38 14
93 95 51 48
93 96 29 72
93 97 15 88
93 98 16 88
93 99 91 35
94 95 66 72
94 96 79 41
94 97 88 76
94 98 68 49
94 99 15 96
95 96 9 36
95 97 11 83
95 98 57 19
95 99 36 56
96 97 16 35
96 98 32 14
96 99 96 10
97 98 1 87
97 99 87 77
98 99 96 59
0
2334
88 5333
89 5260
90 5195
91 5136
92 5092
93 5053
94 5015
95 4979
96 4944
97 4910
98 4881
99 4848
100 4819
101 4790
102 4761
103 4735
104 4709
105 4683
106 4657
107 4632
108 4606
109 4581
110 4556
111 4530
112 4505
113 4480
114 4455
115 4430
116 4412
117 4390
118 4368
119 4350
120 4328
121 4307
122 4288
123 4267
124 4249
125 4229
126 4211
127 4196
128 4182
129 4170
130 4156
131 4141
132 4127
133 4115
134 4102
135 4088
136 4076
137 4063
138 4051
139 4041
140 4028
141 4016
142 4004
143 3991
144 3979
145 3969
146 3956
147 3944
148 3934
149 3924
150 3913
151 3903
152 3893
153 3883
154 3874
155 3864
156 3854
157 3844
158 3834
159 3824
160 3815
161 3805
162 3796
163 3788
164 3779
165 3770
166 3761
167 3752
168 3742
169 3733
170 3725
171 3716
172 3707
173 3698
174 3690
175 3681
176 3673
177 3664
178 3655
179 3647
180 3638
181 3630
182 3621
183 3612
184 3604
185 3595
186 3587
187 3578
188 3570
189 3562
190 3553
191 3545
192 3537
193 3529
194 3520
195 3512
196 3505
197 3496
198 3488
199 3481
200 3473
201 3466
202 3459
203 3451
204 3445
205 3437
206 3431
207 3423
208 3417
209 3409
210 3403
211 3395
212 3389
213 3381
214 3376
215 3369
216 3363
217 3355
218 3350
219 3343
220 3337
221 3329
222 3324
223 3317
224 3312
225 3304
226 3299
227 3292
228 3287
229 3282
230 3275
231 3269
232 3264
233 3259
234 3253
235 3248
236 3243
237 3237
238 3232
239 3228
240 3223
241 3218
242 3213
243 3208
244 3205
245 3199
246 3194
247 3190
248 3185
249 3182
250 3176
251 3171
252 3168
253 3164
254 3160
255 3155
256 3150
257 3147
258 3143
259 3139
260 3134
261 3131
262 3127
263 3123
264 3119
265 3115
266 3112
267 3107
268 3104
269 3100
270 3096
271 3092
272 3088
273 3085
274 3081
275 3077
276 3073
277 3070
278 3066
279 3062
280 3059
281 3055
282 3051
283 3047
284 3044
285 3040
286 3036
287 3033
288 3029
289 3025
290 3022
291 3018
292 3014
293 3011
294 3007
295 3004
296 3000
297 2996
298 2993
299 2989
300 2986
301 2983
302 2980
303 2976
304 2972
305 2969
306 2965
307 2962
308 2959
309 2956
310 2953
311 2950
312 2947
313 2944
314 2941
315 2938
316 2935
317 2932
318 2929
319 2926
320 2923
321 2920
322 2917
323 2914
324 2911
325 2909
326 2906
327 2903
328 2900
329 2897
330 2894
331 2891
332 2888
333 2885
335 2882
336 2879
337 2876
338 2873
339 2870
340 2867
341 2865
342 2862
343 2860
344 2858
345 2855
346 2852
347 2850
348 2848
349 2845
350 2843
351 2840
352 2837
353 2834
354 2832
355 2829
356 2827
357 2825
358 2822
359 2820
360 2817
361 2815
362 2812
363 2810
364 2807
365 2805
366 2803
367 2800
368 2798
369 2795
370 2793
371 2791
372 2789
373 2786
374 2784
375 2782
376 2779
377 2777
378 2774
379 2772
380 2770
381 2768
382 2765
383 2763
384 2762
385 2759
386 2757
387 2755
388 2753
389 2750
390 2748
391 2747
392 2744
393 2742
394 2740
395 2738
396 2735
397 2733
398 2732
399 2729
400 2727
401 2726
402 2723
403 2721
404 2719
405 2717
406 2714
407 2712
408 2711
409 2709
410 2707
411 2705
412 2703
413 2701
414 2699
415 2696
416 2694
417 2693
418 2691
419 2689
420 2687
421 2685
422 2683
423 2681
424 2680
425 2678
426 2676
427 2674
428 2672
429 2670
430 2669
431 2667
432 2665
433 2663
434 2661
435 2659
436 2658
437 2656
438 2654
439 2653
440 2651
441 2649
442 2647
443 2645
444 2644
445 2642
446 2640
447 2639
448 2637
449 2635
450 2633
451 2631
452 2630
453 2628
454 2626
455 2625
456 2623
457 2621
458 2619
459 2617
460 2616
461 2614
462 2612
463 2611
464 2609
465 2607
466 2606
467 2604
468 2602
469 2600
470 2599
471 2597
472 2595
473 2594
474 2592
475 2590
476 2589
477 2587
478 2585
479 2584
480 2582
481 2581
482 2579
483 2577
484 2576
485 2574
486 2572
487 2571
488 2569
489 2567
490 2566
491 2564
492 2563
493 2561
494 2559
495 2558
496 2556
497 2554
498 2553
499 2551
500 2549
501 2548
502 2546
503 2545
504 2543
505 2541
506 2540
507 2538
508 2537
509 2535
510 2533
511 2532
512 2530
513 2529
514 2527
515 2526
516 2524
517 2522
518 2521
519 2519
520 2518
521 2516
522 2515
523 2513
524 2512
525 2510
526 2509
527 2507
528 2505
529 2504
530 2502
531 2501
532 2500
533 2498
534 2497
535 2495
536 2494
537 2492
538 2490
539 2489
540 2487
542 2485
543 2484
544 2482
545 2481
546 2479
547 2477
548 2476
549 2474
551 2472
552 2471
553 2469
554 2468
555 2466
556 2465
557 2464
558 2462
559 2461
560 2460
561 2459
562 2457
563 2456
564 2454
566 2452
567 2451
568 2449
569 2448
570 2447
571 2446
572 2444
574 2442
575 2441
576 2439
577 2438
578 2437
579 2436
580 2435
581 2434
582 2432
583 2431
584 2430
585 2429
586 2428
587 2426
588 2425
589 2424
590 2423
591 2422
592 2421
593 2419
594 2418
595 2417
596 2416
597 2415
598 2414
599 2412
600 2411
601 2410
602 2409
603 2408
604 2407
605 2405
607 2403
608 2402
609 2401
610 2400
611 2399
612 2398
613 2397
614 2395
616 2393
617 2392
618 2391
619 2390
620 2389
621 2388
622 2387
623 2386
624 2384
626 2382
627 2381
628 2380
629 2379
630 2378
631 2377
632 2376
633 2374
635 2372
636 2371
637 2370
638 2369
639 2368
640 2367
641 2366
642 2365
643 2364
644 2363
645 2362
646 2361
647 2360
648 2359
649 2358
650 2357
651 2356
652 2355
653 2354
654 2353
655 2352
656 2351
657 2350
658 2349
659 2348
660 2347
661 2346
662 2345
663 2344
664 2343
665 2342
666 2341
667 2340
668 2339
669 2338
670 2337
671 2336
672 2335
673 2334
674 2333
675 2332
676 2331
677 2330
678 2329
679 2328
680 2327
681 2326
682 2325
683 2324
684 2323
685 2322
686 2321
687 2320
688 2319
689 2318
690 2317
691 2316
692 2315
693 2314
694 2313
696 2311
698 2309
700 2308
701 2307
702 2306
703 2305
704 2304
705 2303
707 2301
709 2299
711 2298
712 2297
713 2296
714 2295
715 2294
716 2293
718 2291
720 2289
722 2288
723 2287
724 2286
725 2285
726 2284
727 2283
729 2281
731 2280
732 2279
733 2278
734 2277
735 2276
736 2275
738 2273
740 2272
741 2271
742 2270
743 2269
744 2268
745 2267
747 2266
748 2265
749 2264
750 2263
751 2262
753 2260
755 2259
756 2258
757 2257
758 2256
759 2255
760 2254
762 2253
763 2252
764 2251
765 2250
766 2249
767 2248
768 2247
770 2246
771 2245
772 2244
773 2243
774 2242
775 2241
777 2240
778 2239
779 2238
780 2237
781 2236
782 2235
784 2234
785 2233
786 2232
787 2231
788 2230
790 2228
792 2227
793 2226
794 2225
795 2224
796 2223
797 2222
799 2221
800 2220
801 2219
802 2218
803 2217
805 2216
806 2215
807 2214
808 2213
809 2212
810 2211
812 2210
813 2209
814 2208
815 2207
816 2206
817 2205
819 2204
820 2203
821 2202
822 2201
823 2200
825 2199
826 2198
827 2197
828 2196
829 2195
831 2194
832 2193
833 2192
834 2191
835 2190
837 2189
838 2188
839 2187
840 2186
842 2185
843 2184
844 2183
845 2182
846 2181
847 2180
849 2179
850 2178
851 2177
852 2176
854 2175
855 2174
856 2173
857 2172
859 2171
860 2170
861 2169
862 2168
864 2167
865 2166
866 2165
867 2164
869 2163
870 2162
871 2161
872 2160
874 2159
875 2158
876 2157
877 2156
879 2155
880 2154
881 2153
882 2152
884 2151
885 2150
886 2149
888 2148
889 2147
890 2146
892 2145
893 2144
894 2143
896 2142
897 2141
898 2140
900 2139
901 2138
902 2137
904 2136
905 2135
906 2134
908 2133
909 2132
911 2131
912 2130
914 2129
915 2128
917 2127
918 2126
920 2125
921 2124
923 2123
924 2122
926 2121
927 2120
929 2119
931 2118
932 2117
934 2116
935 2115
937 2114
938 2113
940 2112
941 2111
943 2110
944 2109
946 2108
948 2107
949 2106
951 2105
952 2104
954 2103
955 2102
957 2101
958 2100
960 2099
962 2098
963 2097
965 2096
966 2095
968 2094
969 2093
971 2092
972 2091
974 2090
976 2089
977 2088
979 2087
980 2086
982 2085
983 2084
985 2083
987 2082
988 2081
990 2080
992 2079
993 2078
995 2077
997 2076
998 2075
1000 2074
1002 2073
1003 2072
1005 2071
1006 2070
1008 2069
1010 2068
1011 2067
1013 2066
1015 2065
1016 2064
1018 2063
1020 2062
1021 2061
1023 2060
1025 2059
1026 2058
1028 2057
1030 2056
1031 2055
1033 2054
1035 2053
1036 2052
1039 2051
1040 2050
1042 2049
1044 2048
1045 2047
1047 2046
1049 2045
1050 2044
1053 2043
1055 2042
1056 2041
1058 2040
1060 2039
1061 2038
1063 2037
1065 2036
1067 2035
1069 2034
1070 2033
1072 2032
1074 2031
1075 2030
1078 2029
1080 2028
1082 2027
1083 2026
1085 2025
1087 2024
1088 2023
1091 2022
1093 2021
1095 2020
1097 2019
1098 2018
1100 2017
1103 2016
1104 2015
1106 2014
1108 2013
1110 2012
1111 2011
1115 2010
1116 2009
1118 2008
1120 2007
1122 2006
1123 2005
1126 2004
1128 2003
1129 2002
1133 2001
1134 2000
1136 1999
1139 1998
1140 1997
1143 1996
1145 1995
1147 1994
1150 1993
1152 1992
1153 1991
1157 1990
1158 1989
1160 1988
1163 1987
1164 1986
1167 1985
1169 1984
1171 1983
1174 1982
1176 1981
1178 1980
1181 1979
1183 1978
1185 1977
1188 1976
1190 1975
1193 1974
1195 1973
1197 1972
1200 1971
1202 1970
1204 1969
1207 1968
1209 1967
1211 1966
1214 1965
1216 1964
1218 1963
1221 1962
1223 1961
1225 1960
1228 1959
1230 1958
1232 1957
1235 1956
1237 1955
1240 1954
1242 1953
1244 1952
1247 1951
1249 1950
1251 1949
1254 1948
1256 1947
1259 1946
1261 1945
1264 1944
1266 1943
1269 1942
1272 1941
1274 1940
1277 1939
1279 1938
1282 1937
1284 1936
1287 1935
1290 1934
1292 1933
1295 1932
1297 1931
1300 1930
1302 1929
1305 1928
1308 1927
1310 1926
1313 1925
1315 1924
1318 1923
1320 1922
1323 1921
1326 1920
1329 1919
1331 1918
1334 1917
1337 1916
1339 1915
1342 1914
1344 1913
1347 1912
1350 1911
1353 1910
1355 1909
1358 1908
1361 1907
1363 1906
1366 1905
1369 1904
1372 1903
1374 1902
1377 1901
1380 1900
1382 1899
1385 1898
1388 1897
1391 1896
1393 1895
1396 1894
1399 1893
1402 1892
1404 1891
1407 1890
1410 1889
1412 1888
1415 1887
1418 1886
1421 1885
1423 1884
1426 1883
1429 1882
1432 1881
1435 1880
1437 1879
1440 1878
1443 1877
1445 1876
1448 1875
1451 1874
1454 1873
1456 1872
1459 1871
1462 1870
1465 1869
1468 1868
1470 1867
1473 1866
1476 1865
1479 1864
1481 1863
1484 1862
1487 1861
1490 1860
1493 1859
1496 1858
1498 1857
1501 1856
1504 1855
1507 1854
1509 1853
1512 1852
1515 1851
1518 1850
1521 1849
1524 1848
1526 1847
1529 1846
1532 1845
1535 1844
1538 1843
1540 1842
1543 1841
1546 1840
1549 1839
1552 1838
1555 1837
1557 1836
1560 1835
1564 1834
1567 1833
1569 1832
1572 1831
1575 1830
1578 1829
1581 1828
1584 1827
1587 1826
1590 1825
1592 1824
1595 1823
1599 1822
1602 1821
1604 1820
1607 1819
1611 1818
1614 1817
1617 1816
1620 1815
1623 1814
1626 1813
1629 1812
1633 1811
1635 1810
1638 1809
1642 1808
1645 1807
1648 1806
1651 1805
1654 1804
1657 1803
1661 1802
1664 1801
1666 1800
1670 1799
1673 1798
1676 1797
1679 1796
1682 1795
1686 1794
1689 1793
1692 1792
1695 1791
1698 1790
1702 1789
1705 1788
1707 1787
1711 1786
1714 1785
1718 1784
1721 1783
1723 1782
1727 1781
1730 1780
1734 1779
1736 1778
1740 1777
1743 1776
1746 1775
1750 1774
1752 1773
1756 1772
1759 1771
1763 1770
1766 1769
1769 1768
1772 1767
1775 1766
1779 1765
1782 1764
1786 1763
1789 1762
1792 1761
1795 1760
1799 1759
1802 1758
1805 1757
1809 1756
1812 1755
1815 1754
1819 1753
1822 1752
1825 1751
1829 1750
1832 1749
1836 1748
1839 1747
1842 1746
1845 1745
1849 1744
1852 1743
1856 1742
1859 1741
1862 1740
1866 1739
1869 1738
1872 1737
1876 1736
1879 1735
1883 1734
1887 1733
1889 1732
1893 1731
1896 1730
1900 1729
1903 1728
1907 1727
1910 1726
1913 1725
1917 1724
1920 1723
1923 1722
1927 1721
1930 1720
1935 1719
1938 1718
1940 1717
1945 1716
1947 1715
1952 1714
1956 1713
1959 1712
1962 1711
1966 1710
1969 1709
1973 1708
1976 1707
1980 1706
1983 1705
1988 1704
1991 1703
1995 1702
1998 1701
2002 1700
2005 1699
2009 1698
2012 1697
2016 1696
2019 1695
2024 1694
2027 1693
2031 1692
2034 1691
2038 1690
2041 1689
2045 1688
2049 1687
2052 1686
2057 1685
2060 1684
2064 1683
2067 1682
2071 1681
2074 1680
2078 1679
2082 1678
2085 1677
2090 1676
2093 1675
2097 1674
2100 1673
2105 1672
2107 1671
2111 1670
2115 1669
2119 1668
2123 1667
2126 1666
2131 1665
2133 1664
2138 1663
2141 1662
2145 1661
2149 1660
2153 1659
2157 1658
2159 1657
2164 1656
2167 1655
2171 1654
2175 1653
2179 1652
2183 1651
2186 1650
2191 1649
2193 1648
2197 1647
2201 1646
2205 1645
2209 1644
2212 1643
2217 1642
2220 1641
2224 1640
2228 1639
2231 1638
2236 1637
2239 1636
2244 1635
2246 1634
2250 1633
2254 1632
2258 1631
2262 1630
2266 1629
2270 1628
2273 1627
2278 1626
2281 1625
2284 1624
2289 1623
2292 1622
2297 1621
2300 1620
2305 1619
2307 1618
2311 1617
2315 1616
2319 1615
2323 1614
2327 1613
2331 1612
2335 1611
2339 1610
2342 1609
2345 1608
2350 1607
2353 1606
2358 1605
2361 1604
2366 1603
2369 1602
2374 1601
2376 1600
2380 1599
2384 1598
2388 1597
2392 1596
2396 1595
2400 1594
2404 1593
2408 1592
2411 1591
2414 1590
2419 1589
2423 1588
2427 1587
2431 1586
2435 1585
2438 1584
2443 1583
2446 1582
2449 1581
2453 1580
2458 1579
2462 1578
2465 1577
2470 1576
2473 1575
2477 1574
2481 1573
2484 1572
2488 1571
2493 1570
2497 1569
2500 1568
2504 1567
2509 1566
2512 1565
2516 1564
2520 1563
2523 1562
2527 1561
2532 1560
2536 1559
2539 1558
2544 1557
2547 1556
2551 1555
2555 1554
2558 1553
2562 1552
2567 1551
2571 1550
2574 1549
2578 1548
2583 1547
2586 1546
2590 1545
2594 1544
2597 1543
2602 1542
2606 1541
2610 1540
2613 1539
2618 1538
2622 1537
2625 1536
2630 1535
2633 1534
2638 1533
2641 1532
2646 1531
2649 1530
2654 1529
2657 1528
2661 1527
2666 1526
2669 1525
2674 1524
2677 1523
2682 1522
2685 1521
2690 1520
2693 1519
2698 1518
2702 1517
2705 1516
2710 1515
2713 1514
2718 1513
2721 1512
2726 1511
2731 1510
2734 1509
2738 1508
2742 1507
2746 1506
2749 1505
2754 1504
2759 1503
2762 1502
2767 1501
2770 1500
2775 1499
2778 1498
2783 1497
2787 1496
2790 1495
2795 1494
2800 1493
2803 1492
2806 1491
2811 1490
2816 1489
2819 1488
2824 1487
2828 1486
2832 1485
2836 1484
2841 1483
2844 1482
2847 1481
2853 1480
2857 1479
2861 1478
2866 1477
2870 1476
2874 1475
2877 1474
2882 1473
2885 1472
2889 1471
2895 1470
2899 1469
2902 1468
2907 1467
2912 1466
2915 1465
2919 1464
2923 1463
2927 1462
2932 1461
2937 1460
2940 1459
2944 1458
2949 1457
2953 1456
2957 1455
2961 1454
2965 1453
2970 1452
2974 1451
2978 1450
2982 1449
2987 1448
2991 1447
2995 1446
3000 1445
3003 1444
3008 1443
3012 1442
3016 1441
3020 1440
3025 1439
3029 1438
3033 1437
3038 1436
3042 1435
3046 1434
3050 1433
3055 1432
3058 1431
3063 1430
3068 1429
3071 1428
3076 1427
3080 1426
3084 1425
3088 1424
3093 1423
3098 1422
3101 1421
3106 1420
3110 1419
3114 1418
3118 1417
3123 1416
3126 1415
3131 1414
3136 1413
3140 1412
3144 1411
3148 1410
3153 1409
3157 1408
3161 1407
3166 1406
3169 1405
3174 1404
3178 1403
3182 1402
3186 1401
3191 1400
3196 1399
3200 1398
3204 1397
3209 1396
3213 1395
3217 1394
3221 1393
3225 1392
3229 1391
3234 1390
3238 1389
3242 1388
3247 1387
3252 1386
3256 1385
3261 1384
3266 1383
3269 1382
3273 1381
3277 1380
3281 1379
3285 1378
3291 1377
3294 1376
3299 1375
3304 1374
3308 1373
3313 1372
3317 1371
3322 1370
3326 1369
3329 1368
3334 1367
3337 1366
3343 1365
3348 1364
3351 1363
3356 1362
3361 1361
3365 1360
3369 1359
3373 1358
3378 1357
3382 1356
3387 1355
3392 1354
3395 1353
3401 1352
3406 1351
3409 1350
3413 1349
3417 1348
3421 1347
3425 1346
3431 1345
3435 1344
3439 1343
3444 1342
3449 1341
3453 1340
3458 1339
3462 1338
3467 1337
3471 1336
3475 1335
3479 1334
3483 1333
3489 1332
3493 1331
3497 1330
3502 1329
3507 1328
3511 1327
3516 1326
3520 1325
3525 1324
3529 1323
3534 1322
3537 1321
3543 1320
3547 1319
3551 1318
3555 1317
3561 1316
3565 1315
3569 1314
3574 1313
3579 1312
3583 1311
3588 1310
3592 1309
3597 1308
3601 1307
3606 1306
3609 1305
3615 1304
3619 1303
3623 1302
3628 1301
3633 1300
3637 1299
3642 1298
3646 1297
3652 1296
3655 1295
3660 1294
3665 1293
3669 1292
3673 1291
3679 1290
3683 1289
3687 1288
3692 1287
3698 1286
3701 1285
3706 1284
3710 1283
3715 1282
3719 1281
3724 1280
3729 1279
3733 1278
3738 1277
3743 1276
3747 1275
3752 1274
3756 1273
3762 1272
3765 1271
3770 1270
3775 1269
3779 1268
3784 1267
3789 1266
3793 1265
3798 1264
3803 1263
3808 1262
3812 1261
3817 1260
3821 1259
3826 1258
3831 1257
3835 1256
3840 1255
3845 1254
3849 1253
3854 1252
3859 1251
3864 1250
3868 1249
3873 1248
3878 1247
3882 1246
3887 1245
3892 1244
3897 1243
3901 1242
3906 1241
3911 1240
3916 1239
3920 1238
3925 1237
3931 1236
3935 1235
3939 1234
3945 1233
3951 1232
3954 1231
3960 1230
3965 1229
3970 1228
3974 1227
3979 1226
3984 1225
3989 1224
3993 1223
3999 1222
4004 1221
4008 1220
4014 1219
4019 1218
4024 1217
4029 1216
4033 1215
4039 1214
4044 1213
4048 1212
4054 1211
4059 1210
4064 1209
4068 1208
4074 1207
4079 1206
4083 1205
4089 1204
4094 1203
4098 1202
4104 1201
4108 1200
4114 1199
4119 1198
4123 1197
4129 1196
4134 1195
4138 1194
4144 1193
4149 1192
4154 1191
4158 1190
4164 1189
4169 1188
4173 1187
4179 1186
4184 1185
4189 1184
4194 1183
4198 1182
4204 1181
4209 1180
4213 1179
4219 1178
4224 1177
4229 1176
4234 1175
4239 1174
4244 1173
4249 1172
4254 1171
4259 1170
4264 1169
4270 1168
4274 1167
4279 1166
4285 1165
4289 1164
4294 1163
4300 1162
4304 1161
4310 1160
4315 1159
4320 1158
4325 1157
4330 1156
4335 1155
4340 1154
4345 1153
4351 1152
4355 1151
4360 1150
4366 1149
4370 1148
4376 1147
4381 1146
4385 1145
4391 1144
4396 1143
4401 1142
4406 1141
4411 1140
4416 1139
4421 1138
4426 1137
4432 1136
4436 1135
4442 1134
4447 1133
4451 1132
4457 1131
4462 1130
4467 1129
4472 1128
4477 1127
4482 1126
4487 1125
4492 1124
4498 1123
4503 1122
4508 1121
4513 1120
4518 1119
4523 1118
4528 1117
4534 1116
4539 1115
4544 1114
4549 1113
4554 1112
4559 1111
4565 1110
4570 1109
4575 1108
4580 1107
4585 1106
4590 1105
4596 1104
4601 1103
4606 1102
4611 1101
4616 1100
4621 1099
4627 1098
4632 1097
4637 1096
4642 1095
4647 1094
4652 1093
4658 1092
4663 1091
4668 1090
4673 1089
4678 1088
4684 1087
4689 1086
4694 1085
4699 1084
4704 1083
4709 1082
4715 1081
4720 1080
4725 1079
4730 1078
4735 1077
4741 1076
4746 1075
4751 1074
4756 1073
4761 1072
4767 1071
4772 1070
4777 1069
4782 1068
4788 1067
4793 1066
4798 1065
4803 1064
4808 1063
4814 1062
4819 1061
4824 1060
4830 1059
4835 1058
4840 1057
4845 1056
4851 1055
4856 1054
4861 1053
4866 1052
4871 1051
4877 1050
4882 1049
4887 1048
4892 1047
4898 1046
4903 1045
4908 1044
4914 1043
4919 1042
4924 1041
4929 1040
4934 1039
4940 1038
4945 1037
4950 1036
4955 1035
4961 1034
4966 1033
4971 1032
4977 1031
4982 1030
4987 1029
4992 1028
4998 1027
5003 1026
5008 1025
5013 1024
5018 1023
5024 1022
5029 1021
5034 1020
5040 1019
5045 1018
5050 1017
5056 1016
5061 1015
5066 1014
5071 1013
5076 1012
5082 1011
5087 1010
5092 1009
5098 1008
5103 1007
5108 1006
5114 1005
5119 1004
5124 1003
5130 1002
5135 1001
5140 1000
5146 999
5151 998
5156 997
5161 996
5167 995
5172 994
5177 993
5183 992
5188 991
5193 990
5199 989
5204 988
5209 987
5215 986
5220 985
5225 984
5231 983
5236 982
5241 981
5246 980
5252 979
5257 978
5263 977
5268 976
5273 975
5278 974
5284 973
5289 972
5295 971
5300 970
5305 969
5310 968
5316 967
5321 966
5326 965
5332 964
5337 963
5342 962
5348 961
5353 960
5358 959
5364 958
5369 957
5375 956
5380 955
5385 954
5390 953
5396 952
5401 951
5407 950
5412 949
5417 948
5422 947
5428 946
5433 945
5439 944
5444 943
5450 942
5455 941
5461 940
5467 939
5472 938
5478 937
5483 936
5489 935
5494 934
5500 933
5505 932
5511 931
5516 930
5522 929
5527 928
5533 927
5539 926
5544 925
5550 924
5555 923
5561 922
5567 921
5572 920
5578 919
5583 918
5589 917
5594 916
5600 915
5605 914
5611 913
5617 912
5622 911
5628 910
5633 909
5639 908
5645 907
5650 906
5656 905
5661 904
5667 903
5672 902
5678 901
5684 900
5689 899
5695 898
5700 897
5706 896
5712 895
5717 894
5723 893
5728 892
5734 891
5740 890
5745 889
5751 888
5756 887
5762 886
5768 885
5773 884
5779 883
5784 882
5790 881
5796 880
5801 879
5807 878
5812 877
5818 876
5824 875
5829 874
5835 873
5840 872
5846 871
5852 870
5857 869
5863 868
5868 867
5874 866
5880 865
5885 864
5891 863
5896 862
5902 861
5908 860
5913 859
5919 858
5925 857
5930 856
5936 855
5942 854
5947 853
5953 852
5959 851
5964 850
5970 849
5976 848
5981 847
5987 846
5993 845
5998 844
6004 843
6010 842
6015 841
6021 840
6027 839
6032 838
6038 837
6044 836
6050 835
6055 834
6061 833
6067 832
6073 831
6079 830
6085 829
6090 828
6096 827
6102 826
6107 825
6113 824
6119 823
6125 822
6130 821
6136 820
6142 819
6149 818
6154 817
6160 816
6166 815
6172 814
6178 813
6184 812
6189 811
6195 810
6201 809
6207 808
6213 807
6219 806
6225 805
6231 804
6237 803
6243 802
6249 801
6254 800
6260 799
6266 798
6273 797
6278 796
6284 795
6290 794
6297 793
6302 792
6308 791
6314 790
6321 789
6326 788
6332 787
6338 786
6345 785
6351 784
6357 783
6363 782
6369 781
6375 780
6381 779
6387 778
6393 777
6399 776
6406 775
6411 774
6417 773
6423 772
6430 771
6436 770
6442 769
6448 768
6454 767
6461 766
6466 765
6472 764
6478 763
6485 762
6491 761
6497 760
6503 759
6509 758
6516 757
6522 756
6528 755
6534 754
6541 753
6547 752
6553 751
6559 750
6565 749
6572 748
6578 747
6584 746
6590 745
6597 744
6603 743
6609 742
6615 741
6622 740
6628 739
6634 738
6640 737
6646 736
6653 735
6659 734
6665 733
6671 732
6678 731
6684 730
6690 729
6697 728
6703 727
6709 726
6715 725
6722 724
6728 723
6735 722
6741 721
6747 720
6753 719
6760 718
6766 717
6773 716
6779 715
6786 714
6792 713
6799 712
6805 711
6811 710
6818 709
6824 708
6831 707
6837 706
6844 705
6850 704
6857 703
6863 702
6870 701
6876 700
6883 699
6889 698
6896 697
6902 696
6909 695
6915 694
6922 693
6928 692
6935 691
6941 690
6948 689
6954 688
6961 687
6967 686
6975 685
6981 684
6988 683
6994 682
7001 681
7007 680
7015 679
7022 678
7028 677
7035 676
7041 675
7049 674
7056 673
7062 672
7069 671
7076 670
7084 669
7090 668
7097 667
7104 666
7112 665
7119 664
7125 663
7133 662
7142 661
7148 660
7155 659
7162 658
7170 657
7177 656
7183 655
7191 654
7201 653
7207 652
7215 651
7222 650
7229 649
7237 648
7246 647
7253 646
7261 645
7268 644
7276 643
7285 642
7292 641
7300 640
7308 639
7316 638
7324 637
7331 636
7339 635
7348 634
7355 633
7363 632
7371 631
7379 630
7387 629
7395 628
7403 627
7411 626
7420 625
7427 624
7435 623
7445 622
7452 621
7460 620
7471 619
7478 618
7486 617
7496 616
7503 615
7511 614
7522 613
7529 612
7537 611
7547 610
7554 609
7562 608
7573 607
7581 606
7593 605
7603 604
7611 603
7622 602
7630 601
7642 600
7652 599
7661 598
7671 597
7683 596
7693 595
7702 594
7716 593
7725 592
7739 591
7748 590
7762 589
7771 588
7785 587
7797 586
7808 585
7825 584
7834 583
7851 582
7864 581
7881 580
7897 579
7914 578
7932 577
7950 576
7968 575
7989 574
8008 573
8029 572
8050 571
8074 570
8099 569
8131 568
8163 567
