100
0 1 36 15
0 2 15 44
0 3 4 42
0 4 82 12
0 5 47 27
0 6 37 15
0 7 67 9
0 8 15 57
0 9 26 57
0 10 86 78
0 11 12 23
0 12 4 89
0 13 35 91
0 14 77 84
0 15 54 82
0 16 13 95
0 17 6 61
0 18 97 70
0 19 99 53
0 20 6 79
0 21 95 38
0 22 80 74
0 23 56 28
0 24 51 47
0 25 50 45
0 26 35 73
0 27 31 77
0 28 36 86
0 29 12 71
0 30 45 80
0 31 96 50
0 32 2 90
0 33 78 71
0 34 28 39
0 35 34 76
0 36 43 88
0 37 94 55
0 38 54 18
0 39 39 45
0 40 75 69
0 41 49 51
0 42 73 34
0 43 52 51
0 44 20 42
0 45 57 54
0 46 15 44
0 47 10 89
0 48 46 25
0 49 23 79
0 50 39 53
0 51 1 76
0 52 5 25
0 53 31 52
0 54 35 32
0 55 69 59
0 56 84 19
0 57 15 89
0 58 94 18
0 59 58 76
0 60 18 81
0 61 21 54
0 62 63 41
0 63 46 17
0 64 50 22
0 65 1 64
0 66 35 81
0 67 94 24
0 68 75 21
0 69 31 93
0 70 2 90
0 71 63 23
0 72 65 28
0 73 81 18
0 74 63 53
0 75 32 68
0 76 44 69
0 77 17 29
0 78 59 14
0 79 18 32
0 80 16 35
0 81 94 14
0 82 52 31
0 83 97 68
0 84 60 29
0 85 76 35
0 86 15 43
0 87 60 63
0 88 27 63
0 89 11 44
0 90 70 26
0 91 23 66
0 92 90 70
0 93 36 91
0 94 7 93
0 95 52 45
0 96 74 14
0 97 8 34
0 98 48 48
0 99 70 71
1 2 3 76
1 3 52 55
1 4 79 28
1 5 50 74
1 6 48 32
1 7 36 51
1 8 46 82
1 9 22 49
1 10 83 12
1 11 86 62
1 12 51 11
1 13 94 65
1 14 8 66
1 15 46 56
1 16 7 65
1 17 51 20
1 18 55 50
1 19 33 36
1 20 47 38
1 21 23 90
1 22 73 25
1 23 67 21
1 24 29 31
1 25 49 10
1 26 64 83
1 27 82 51
1 28 54 87
1 29 57 85
1 30 99 69
1 31 28 71
1 32 15 81
1 33 63 17
1 34 26 15
1 35 82 70
1 36 81 26
1 37 74 16
1 38 95 19
1 39 91 12
1 40 85 57
1 41 59 37
1 42 1 24
1 43 62 54
1 44 37 83
1 45 34 18
1 46 0 35
1 47 43 58
1 48 15 45
1 49 69 84
1 50 41 77
1 51 78 68
1 52 4 88
1 53 91 22
1 54 9 37
1 55 87 56
1 56 73 5
1 57 34 37
1 58 51 19
1 59 80 43
1 60 77 49
1 61 42 84
1 62 4 81
1 63 78 8
1 64 26 79
1 65 77 71
1 66 11 27
1 67 11 68
1 68 50 86
1 69 24 43
1 70 25 57
1 71 37 27
1 72 20 65
1 73 75 13
1 74 65 62
1 75 27 18
1 76 95 35
1 77 71 16
1 78 97 7
1 79 90 12
1 80 18 72
1 81 25 75
1 82 88 14
1 83 12 82
1 84 89 8
1 85 29 21
1 86 19 19
1 87 33 57
1 88 6 91
1 89 89 73
1 90 62 87
1 91 4 82
1 92 56 64
1 93 25 16
1 94 87 49
1 95 70 19
1 96 52 53
1 97 43 61
1 98 54 33
1 99 36 36
2 3 14 82
2 4 14 53
2 5 73 27
2 6 12 95
2 7 8 71
2 8 24 55
2 9 90 6
2 10 99 44
2 11 24 70
2 12 63 24
2 13 4 73
2 14 67 38
2 15 77 20
2 16 22 66
2 17 16 88
2 18 49 52
2 19 49 82
2 20 38 51
2 21 49 80
2 22 89 7
2 23 46 55
2 24 82 64
2 25 3 32
2 26 64 9
2 27 91 52
2 28 72 10
2 29 76 29
2 30 58 82
2 31 59 72
2 32 34 13
2 33 20 39
2 34 32 72
2 35 85 29
2 36 51 32
2 37 44 78
2 38 72 63
2 39 59 20
2 40 96 53
2 41 82 61
2 42 43 31
2 43 42 12
2 44 82 55
2 45 31 28
2 46 65 21
2 47 9 80
2 48 78 51
2 49 22 78
2 50 90 19
2 51 22 61
2 52 68 49
2 53 17 47
2 54 15 29
2 55 44 90
2 56 8 25
2 57 72 41
2 58 27 58
2 59 45 23
2 60 4 50
2 61 61 23
2 62 76 27
2 63 84 16
2 64 6 87
2 65 74 41
2 66 73 50
2 67 56 58
2 68 66 40
2 69 75 56
2 70 42 64
2 71 65 23
2 72 26 32
2 73 68 73
2 74 35 91
2 75 7 31
2 76 17 76
2 77 29 52
2 78 54 15
2 79 70 50
2 80 99 57
2 81 32 38
2 82 91 39
2 83 46 74
2 84 14 49
2 85 10 36
2 86 78 69
2 87 28 43
2 88 31 76
2 89 16 31
2 90 28 58
2 91 72 55
2 92 8 31
2 93 14 87
2 94 74 37
2 95 94 12
2 96 48 33
2 97 10 73
2 98 36 89
2 99 93 34
3 4 56 33
3 5 67 84
3 6 92 58
3 7 58 33
3 8 34 35
3 9 53 23
3 10 25 29
3 11 66 10
3 12 5 39
3 13 98 49
3 14 14 46
3 15 53 47
3 16 47 86
3 17 89 6
3 18 25 80
3 19 70 32
3 20 34 32
3 21 97 8
3 22 86 24
3 23 34 54
3 24 57 40
3 25 84 44
3 26 88 10
3 27 77 38
3 28 66 13
3 29 30 56
3 30 63 68
3 31 15 84
3 32 94 5
3 33 39 55
3 34 44 34
3 35 63 36
3 36 66 71
3 37 45 85
3 38 58 62
3 39 41 29
3 40 47 47
3 41 0 36
3 42 69 84
3 43 58 75
3 44 65 85
3 45 6 54
3 46 34 58
3 47 96 2
3 48 83 26
3 49 18 64
3 50 73 20
3 51 82 51
3 52 41 80
3 53 38 27
3 54 6 19
3 55 3 98
3 56 14 82
3 57 29 83
3 58 23 37
3 59 66 69
3 60 86 48
3 61 48 80
3 62 67 47
3 63 38 88
3 64 1 76
3 65 99 40
3 66 97 78
3 67 60 82
3 68 35 77
3 69 79 65
3 70 35 44
3 71 50 78
3 72 24 30
3 73 27 91
3 74 17 67
3 75 60 20
3 76 61 38
3 77 57 51
3 78 43 57
3 79 4 94
3 80 58 28
3 81 79 67
3 82 49 36
3 83 12 76
3 84 4 84
3 85 33 85
3 86 1 96
3 87 25 28
3 88 32 82
3 89 47 25
3 90 36 86
3 91 85 19
3 92 42 74
3 93 76 11
3 94 24 65
3 95 88 30
3 96 67 84
3 97 59 40
3 98 25 88
3 99 98 62
4 5 60 13
4 6 44 88
4 7 3 38
4 8 59 38
4 9 41 11
4 10 67 49
4 11 97 32
4 12 92 19
4 13 9 67
4 14 94 57
4 15 50 13
4 16 35 64
4 17 30 49
4 18 83 70
4 19 7 38
4 20 7 65
4 21 16 79
4 22 35 74
4 23 91 11
4 24 15 17
4 25 54 17
4 26 47 47
4 27 77 59
4 28 88 52
4 29 55 71
4 30 4 81
4 31 23 76
4 32 79 60
4 33 32 68
4 34 9 70
4 35 7 29
4 36 86 63
4 37 93 17
4 38 30 74
4 39 55 28
4 40 12 33
4 41 68 13
4 42 19 72
4 43 59 85
4 44 96 64
4 45 26 86
4 46 99 20
4 47 51 12
4 48 10 46
4 49 62 40
4 50 14 61
4 51 73 34
4 52 55 39
4 53 98 19
4 54 91 77
4 55 50 35
4 56 30 80
4 57 79 81
4 58 73 26
4 59 0 83
4 60 17 89
4 61 28 24
4 62 56 83
4 63 80 21
4 64 33 43
4 65 23 63
4 66 58 53
4 67 25 78
4 68 18 49
4 69 66 32
4 70 25 82
4 71 8 88
4 72 82 58
4 73 69 6
4 74 26 34
4 75 51 28
4 76 70 11
4 77 84 81
4 78 44 18
4 79 60 20
4 80 96 11
4 81 65 48
4 82 40 89
4 83 78 69
4 84 77 70
4 85 27 91
4 86 79 74
4 87 64 82
4 88 62 54
4 89 44 56
4 90 13 43
4 91 85 68
4 92 89 72
4 93 82 20
4 94 45 76
4 95 10 67
4 96 2 80
4 97 79 70
4 98 67 56
4 99 85 61
5 6 98 15
5 7 33 70
5 8 98 14
5 9 74 18
5 10 32 35
5 11 97 60
5 12 20 70
5 13 73 11
5 14 40 12
5 15 66 24
5 16 11 67
5 17 73 77
5 18 16 46
5 19 81 64
5 20 47 40
5 21 92 38
5 22 42 14
5 23 78 67
5 24 64 82
5 25 61 45
5 26 16 47
5 27 41 23
5 28 22 47
5 29 47 34
5 30 99 78
5 31 23 74
5 32 30 45
5 33 22 81
5 34 79 64
5 35 68 44
5 36 74 17
5 37 95 37
5 38 67 21
5 39 86 81
5 40 27 22
5 41 23 33
5 42 70 75
5 43 90 70
5 44 56 61
5 45 8 36
5 46 13 20
5 47 83 13
5 48 91 10
5 49 52 61
5 50 49 18
5 51 29 75
5 52 84 65
5 53 58 81
5 54 28 90
5 55 59 74
5 56 13 63
5 57 6 34
5 58 80 73
5 59 59 18
5 60 88 42
5 61 67 66
5 62 20 28
5 63 77 12
5 64 60 66
5 65 51 41
5 66 18 52
5 67 34 86
5 68 95 22
5 69 70 20
5 70 44 39
5 71 44 41
5 72 93 43
5 73 62 64
5 74 42 56
5 75 88 26
5 76 9 90
5 77 20 66
5 78 3 37
5 79 49 32
5 80 12 64
5 81 41 27
5 82 65 56
5 83 69 20
5 84 13 83
5 85 24 48
5 86 63 82
5 87 43 14
5 88 71 82
5 89 26 80
5 90 69 77
5 91 87 58
5 92 48 87
5 93 71 42
5 94 35 79
5 95 99 34
5 96 16 28
5 97 4 78
5 98 96 29
5 99 89 19
6 7 53 9
6 8 33 86
6 9 71 32
6 10 63 67
6 11 72 78
6 12 38 68
6 13 52 73
6 14 23 65
6 15 71 21
6 16 98 49
6 17 56 26
6 18 55 79
6 19 38 34
6 20 71 79
6 21 22 32
6 22 5 71
6 23 45 41
6 24 6 65
6 25 32 56
6 26 94 5
6 27 18 47
6 28 75 80
6 29 51 61
6 30 95 28
6 31 78 41
6 32 37 43
6 33 69 10
6 34 91 73
6 35 7 74
6 36 15 57
6 37 3 51
6 38 25 18
6 39 14 58
6 40 43 85
6 41 75 80
6 42 83 43
6 43 5 81
6 44 94 48
6 45 73 39
6 46 15 54
6 47 17 62
6 48 35 13
6 49 26 68
6 50 28 79
6 51 13 27
6 52 3 67
6 53 3 74
6 54 60 30
6 55 79 20
6 56 94 76
6 57 99 49
6 58 13 24
6 59 11 35
6 60 44 79
6 61 9 83
6 62 83 59
6 63 4 67
6 64 41 13
6 65 85 60
6 66 44 47
6 67 34 16
6 68 57 45
6 69 39 31
6 70 94 50
6 71 65 50
6 72 30 93
6 73 70 83
6 74 90 61
6 75 86 75
6 76 31 49
6 77 40 66
6 78 30 22
6 79 38 39
6 80 89 54
6 81 12 72
6 82 22 44
6 83 22 46
6 84 16 80
6 85 64 14
6 86 45 70
6 87 55 28
6 88 93 37
6 89 72 42
6 90 5 19
6 91 35 30
6 92 73 27
6 93 1 59
6 94 25 35
6 95 85 76
6 96 67 67
6 97 16 33
6 98 66 7
6 99 75 15
7 8 82 59
7 9 81 36
7 10 37 59
7 11 80 27
7 12 81 75
7 13 31 20
7 14 16 44
7 15 67 32
7 16 26 68
7 17 22 53
7 18 96 9
7 19 35 16
7 20 52 19
7 21 70 70
7 22 11 28
7 23 91 69
7 24 74 59
7 25 6 65
7 26 41 77
7 27 75 9
7 28 78 6
7 29 58 15
7 30 48 52
7 31 23 59
7 32 85 3
7 33 58 54
7 34 29 33
7 35 65 25
7 36 81 76
7 37 46 64
7 38 34 85
7 39 28 28
7 40 10 58
7 41 16 53
7 42 27 64
7 43 25 69
7 44 42 60
7 45 93 46
7 46 47 31
7 47 29 76
7 48 63 64
7 49 44 86
7 50 9 24
7 51 10 57
7 52 17 54
7 53 44 24
7 54 81 20
7 55 3 65
7 56 17 78
7 57 63 63
7 58 19 80
7 59 61 44
7 60 50 77
7 61 33 71
7 62 34 33
7 63 38 84
7 64 5 79
7 65 64 39
7 66 80 57
7 67 35 22
7 68 75 77
7 69 35 39
7 70 44 13
7 71 12 30
7 72 57 26
7 73 6 22
7 74 86 40
7 75 38 61
7 76 57 72
7 77 90 18
7 78 65 15
7 79 48 73
7 80 82 7
7 81 77 66
7 82 44 72
7 83 0 96
7 84 90 28
7 85 95 24
7 86 19 44
7 87 78 23
7 88 37 32
7 89 15 24
7 90 73 68
7 91 62 27
7 92 16 95
7 93 69 25
7 94 60 84
7 95 94 13
7 96 35 50
7 97 64 60
7 98 15 46
7 99 64 74
8 9 46 87
8 10 4 96
8 11 53 65
8 12 49 15
8 13 0 49
8 14 90 18
8 15 60 52
8 16 67 29
8 17 0 64
8 18 26 93
8 19 93 19
8 20 84 72
8 21 77 39
8 22 17 63
8 23 3 93
8 24 28 73
8 25 87 24
8 26 99 43
8 27 43 85
8 28 55 59
8 29 52 43
8 30 6 55
8 31 80 22
8 32 92 21
8 33 10 39
8 34 96 53
8 35 44 83
8 36 90 80
8 37 97 45
8 38 82 65
8 39 8 94
8 40 23 51
8 41 30 57
8 42 83 33
8 43 33 35
8 44 80 80
8 45 13 68
8 46 94 15
8 47 90 58
8 48 2 28
8 49 56 74
8 50 46 27
8 51 57 61
8 52 66 7
8 53 90 11
8 54 34 32
8 55 26 26
8 56 54 80
8 57 17 21
8 58 60 78
8 59 37 23
8 60 0 97
8 61 57 30
8 62 88 10
8 63 86 23
8 64 62 86
8 65 13 80
8 66 83 37
8 67 62 22
8 68 48 45
8 69 23 62
8 70 96 69
8 71 90 74
8 72 35 29
8 73 15 47
8 74 63 37
8 75 60 27
8 76 19 43
8 77 34 64
8 78 97 75
8 79 9 91
8 80 28 86
8 81 99 26
8 82 81 74
8 83 38 54
8 84 62 8
8 85 86 43
8 86 37 15
8 87 69 29
8 88 99 23
8 89 87 16
8 90 70 11
8 91 50 11
8 92 83 60
8 93 59 50
8 94 64 34
8 95 61 40
8 96 64 56
8 97 55 74
8 98 97 39
8 99 39 71
9 10 5 49
9 11 91 81
9 12 88 19
9 13 32 32
9 14 37 48
9 15 69 67
9 16 86 28
9 17 9 22
9 18 73 60
9 19 74 75
9 20 23 21
9 21 47 32
9 22 47 15
9 23 4 95
9 24 55 25
9 25 65 11
9 26 18 23
9 27 55 61
9 28 42 82
9 29 81 17
9 30 58 72
9 31 43 68
9 32 88 49
9 33 77 35
9 34 68 20
9 35 26 85
9 36 14 87
9 37 95 7
9 38 27 28
9 39 6 50
9 40 72 5
9 41 32 64
9 42 76 44
9 43 93 9
9 44 15 51
9 45 80 38
9 46 56 61
9 47 31 55
9 48 15 65
9 49 80 51
9 50 1 29
9 51 1 90
9 52 27 28
9 53 28 67
9 54 8 31
9 55 22 66
9 56 36 53
9 57 69 16
9 58 74 73
9 59 96 10
9 60 16 77
9 61 92 16
9 62 69 27
9 63 35 42
9 64 68 54
9 65 35 90
9 66 62 38
9 67 65 81
9 68 39 77
9 69 11 48
9 70 88 75
9 71 41 34
9 72 3 47
9 73 50 30
9 74 76 74
9 75 95 49
9 76 88 45
9 77 12 32
9 78 97 3
9 79 61 40
9 80 83 67
9 81 65 8
9 82 7 58
9 83 38 69
9 84 86 22
9 85 59 9
9 86 82 42
9 87 90 11
9 88 53 13
9 89 45 45
9 90 64 37
9 91 24 23
9 92 20 69
9 93 21 72
9 94 63 57
9 95 14 59
9 96 10 28
9 97 12 79
9 98 88 55
9 99 76 15
10 11 88 3
10 12 13 23
10 13 92 74
10 14 27 61
10 15 70 61
10 16 96 48
10 17 2 93
10 18 76 29
10 19 30 34
10 20 62 46
10 21 34 61
10 22 30 79
10 23 15 45
10 24 97 34
10 25 14 83
10 26 52 37
10 27 72 43
10 28 56 11
10 29 95 68
10 30 43 42
10 31 46 24
10 32 67 54
10 33 32 80
10 34 61 30
10 35 76 10
10 36 41 62
10 37 71 74
10 38 77 8
10 39 70 62
10 40 40 30
10 41 63 47
10 42 28 23
10 43 48 78
10 44 15 32
10 45 57 22
10 46 44 59
10 47 72 66
10 48 43 66
10 49 34 44
10 50 75 63
10 51 29 61
10 52 29 31
10 53 7 46
10 54 78 68
10 55 38 80
10 56 3 51
10 57 24 72
10 58 75 27
10 59 13 52
10 60 33 43
10 61 79 4
10 62 97 41
10 63 55 70
10 64 84 52
10 65 45 32
10 66 15 50
10 67 36 30
10 68 79 27
10 69 22 79
10 70 35 74
10 71 59 79
10 72 59 60
10 73 62 10
10 74 17 43
10 75 39 47
10 76 86 79
10 77 1 20
10 78 57 16
10 79 97 70
10 80 57 46
10 81 10 63
10 82 88 33
10 83 20 22
10 84 13 44
10 85 45 41
10 86 56 36
10 87 48 80
10 88 46 50
10 89 27 73
10 90 2 70
10 91 7 86
10 92 22 83
10 93 44 64
10 94 28 60
10 95 59 33
10 96 83 60
10 97 15 77
10 98 91 49
10 99 91 8
11 12 38 49
11 13 67 61
11 14 37 76
11 15 8 58
11 16 42 29
11 17 58 70
11 18 94 36
11 19 37 58
11 20 89 69
11 21 9 77
11 22 93 29
11 23 98 32
11 24 36 40
11 25 96 75
11 26 96 12
11 27 50 56
11 28 5 41
11 29 16 21
11 30 32 61
11 31 1 40
11 32 48 55
11 33 78 26
11 34 98 46
11 35 29 91
11 36 16 62
11 37 88 80
11 38 4 86
11 39 48 82
11 40 35 85
11 41 56 85
11 42 4 20
11 43 16 96
11 44 60 63
11 45 75 15
11 46 68 48
11 47 82 78
11 48 77 75
11 49 46 83
11 50 26 61
11 51 8 80
11 52 1 42
11 53 97 36
11 54 96 11
11 55 34 26
11 56 8 27
11 57 14 87
11 58 2 91
11 59 79 57
11 60 60 56
11 61 78 18
11 62 34 47
11 63 77 76
11 64 86 40
11 65 58 45
11 66 25 85
11 67 2 71
11 68 78 20
11 69 58 33
11 70 91 26
11 71 11 37
11 72 77 19
11 73 91 13
11 74 71 14
11 75 78 36
11 76 86 15
11 77 63 60
11 78 93 80
11 79 53 67
11 80 90 62
11 81 28 40
11 82 78 65
11 83 40 71
11 84 11 69
11 85 88 13
11 86 7 73
11 87 75 42
11 88 7 37
11 89 5 82
11 90 50 73
11 91 1 32
11 92 36 74
11 93 89 55
11 94 38 85
11 95 68 50
11 96 39 41
11 97 76 42
11 98 81 74
11 99 34 51
12 13 94 33
12 14 52 75
12 15 19 91
12 16 73 66
12 17 6 47
12 18 89 79
12 19 0 34
12 20 26 50
12 21 31 27
12 22 8 68
12 23 11 72
12 24 30 34
12 25 95 79
12 26 83 29
12 27 35 57
12 28 63 70
12 29 56 65
12 30 20 57
12 31 31 35
12 32 96 31
12 33 21 17
12 34 58 40
12 35 6 83
12 36 3 26
12 37 39 49
12 38 51 57
12 39 8 72
12 40 50 80
12 41 53 29
12 42 99 52
12 43 21 65
12 44 16 76
12 45 35 25
12 46 97 11
12 47 79 39
12 48 85 48
12 49 4 30
12 50 39 31
12 51 15 32
12 52 65 19
12 53 96 2
12 54 21 23
12 55 70 75
12 56 39 80
12 57 10 60
12 58 21 92
12 59 35 17
12 60 7 72
12 61 58 34
12 62 19 42
12 63 87 20
12 64 82 5
12 65 64 20
12 66 38 37
12 67 9 93
12 68 15 65
12 69 8 33
12 70 97 57
12 71 31 68
12 72 66 85
12 73 0 80
12 74 56 60
12 75 50 81
12 76 17 30
12 77 54 23
12 78 41 85
12 79 64 62
12 80 26 55
12 81 67 37
12 82 4 84
12 83 0 96
12 84 53 48
12 85 83 74
12 86 62 10
12 87 29 47
12 88 93 19
12 89 77 43
12 90 16 37
12 91 16 46
12 92 38 24
12 93 1 54
12 94 91 47
12 95 93 14
12 96 71 59
12 97 63 70
12 98 78 35
12 99 34 73
13 14 38 55
13 15 87 29
13 16 13 33
13 17 82 79
13 18 96 69
13 19 10 43
13 20 76 71
13 21 10 67
13 22 68 76
13 23 90 43
13 24 42 70
13 25 50 53
13 26 82 39
13 27 43 55
13 28 31 51
13 29 3 22
13 30 40 71
13 31 5 30
13 32 29 82
13 33 4 61
13 34 8 89
13 35 56 63
13 36 66 51
13 37 76 18
13 38 87 49
13 39 91 9
13 40 82 35
13 41 32 80
13 42 2 94
13 43 73 83
13 44 79 25
13 45 57 68
13 46 95 26
13 47 6 33
13 48 72 55
13 49 90 77
13 50 70 82
13 51 89 42
13 52 57 64
13 53 44 17
13 54 40 37
13 55 87 24
13 56 37 59
13 57 72 17
13 58 37 55
13 59 61 33
13 60 49 30
13 61 41 14
13 62 42 35
13 63 82 19
13 64 66 22
13 65 2 51
13 66 46 21
13 67 64 33
13 68 33 80
13 69 40 15
13 70 75 10
13 71 24 27
13 72 16 61
13 73 56 9
13 74 17 66
13 75 79 29
13 76 98 75
13 77 72 40
13 78 6 28
13 79 73 83
13 80 64 74
13 81 50 16
13 82 19 40
13 83 31 84
13 84 29 86
13 85 53 14
13 86 90 57
13 87 79 66
13 88 93 43
13 89 67 7
13 90 64 72
13 91 33 74
13 92 15 81
13 93 53 39
13 94 29 51
13 95 9 84
13 96 95 51
13 97 34 76
13 98 90 2
13 99 97 44
14 15 93 76
14 16 57 42
14 17 11 83
14 18 72 28
14 19 97 19
14 20 3 54
14 21 70 19
14 22 96 1
14 23 55 58
14 24 52 42
14 25 62 18
14 26 50 75
14 27 66 74
14 28 30 42
14 29 73 38
14 30 25 60
14 31 38 56
14 32 3 74
14 33 1 82
14 34 24 25
14 35 41 85
14 36 14 78
14 37 77 57
14 38 46 83
14 39 74 32
14 40 91 75
14 41 6 55
14 42 15 67
14 43 53 48
14 44 10 69
14 45 84 51
14 46 69 21
14 47 22 27
14 48 53 52
14 49 36 44
14 50 68 23
14 51 52 37
14 52 59 51
14 53 86 7
14 54 88 79
14 55 18 71
14 56 39 91
14 57 2 45
14 58 72 53
14 59 80 12
14 60 0 48
14 61 56 14
14 62 87 20
14 63 96 72
14 64 85 36
14 65 78 30
14 66 17 66
14 67 16 71
14 68 52 48
14 69 73 43
14 70 52 79
14 71 81 4
14 72 66 15
14 73 22 74
14 74 2 61
14 75 17 88
14 76 52 11
14 77 77 49
14 78 14 58
14 79 16 27
14 80 20 38
14 81 94 13
14 82 91 75
14 83 70 7
14 84 18 94
14 85 22 83
14 86 3 33
14 87 98 10
14 88 11 42
14 89 14 27
14 90 86 67
14 91 29 40
14 92 0 31
14 93 85 31
14 94 81 7
14 95 76 72
14 96 46 51
14 97 11 62
14 98 85 28
14 99 23 86
15 16 97 55
15 17 61 10
15 18 95 56
15 19 65 69
15 20 95 76
15 21 86 23
15 22 57 45
15 23 59 74
15 24 72 60
15 25 9 67
15 26 86 80
15 27 25 15
15 28 18 96
15 29 57 83
15 30 13 79
15 31 3 58
15 32 50 12
15 33 58 87
15 34 25 20
15 35 63 86
15 36 87 46
15 37 82 11
15 38 80 24
15 39 80 76
15 40 67 42
15 41 23 45
15 42 25 15
15 43 18 44
15 44 15 71
15 45 1 39
15 46 0 39
15 47 9 89
15 48 90 51
15 49 38 62
15 50 19 72
15 51 29 30
15 52 54 60
15 53 52 26
15 54 83 47
15 55 19 45
15 56 69 34
15 57 21 61
15 58 0 27
15 59 24 66
15 60 50 32
15 61 91 8
15 62 52 67
15 63 81 32
15 64 37 62
15 65 47 40
15 66 73 55
15 67 2 72
15 68 17 69
15 69 99 12
15 70 28 43
15 71 71 51
15 72 53 26
15 73 99 60
15 74 27 65
15 75 52 59
15 76 77 81
15 77 2 91
15 78 35 80
15 79 67 79
15 80 37 70
15 81 64 47
15 82 78 41
15 83 34 14
15 84 84 33
15 85 12 18
15 86 37 70
15 87 30 16
15 88 10 33
15 89 79 54
15 90 61 39
15 91 7 23
15 92 7 55
15 93 16 45
15 94 13 87
15 95 36 82
15 96 34 74
15 97 79 57
15 98 73 64
15 99 34 65
16 17 61 68
16 18 82 28
16 19 70 45
16 20 78 4
16 21 6 26
16 22 81 73
16 23 56 45
16 24 9 86
16 25 41 68
16 26 89 3
16 27 21 59
16 28 73 32
16 29 10 82
16 30 11 60
16 31 10 83
16 32 91 17
16 33 67 10
16 34 75 5
16 35 45 83
16 36 88 3
16 37 84 13
16 38 95 27
16 39 26 28
16 40 87 72
16 41 93 77
16 42 58 12
16 43 18 38
16 44 7 62
16 45 6 65
16 46 86 37
16 47 83 30
16 48 58 39
16 49 93 31
16 50 58 32
16 51 33 78
16 52 25 23
16 53 15 82
16 54 60 56
16 55 70 56
16 56 87 34
16 57 1 98
16 58 32 25
16 59 55 20
16 60 80 20
16 61 19 40
16 62 82 75
16 63 62 62
16 64 25 56
16 65 47 81
16 66 73 30
16 67 93 72
16 68 91 73
16 69 62 77
16 70 32 41
16 71 91 35
16 72 31 65
16 73 10 80
16 74 48 69
16 75 52 52
16 76 28 32
16 77 64 46
16 78 43 18
16 79 23 47
16 80 98 55
16 81 27 84
16 82 43 88
16 83 73 15
16 84 30 21
16 85 77 31
16 86 84 18
16 87 37 19
16 88 39 14
16 89 22 28
16 90 43 81
16 91 80 72
16 92 54 48
16 93 47 33
16 94 21 43
16 95 1 31
16 96 35 69
16 97 95 10
16 98 77 23
16 99 70 67
17 18 38 74
17 19 12 90
17 20 85 21
17 21 87 3
17 22 29 24
17 23 59 59
17 24 30 79
17 25 71 61
17 26 46 28
17 27 99 77
17 28 53 78
17 29 8 44
17 30 90 21
17 31 44 56
17 32 43 12
17 33 17 90
17 34 45 49
17 35 10 49
17 36 50 43
17 37 5 91
17 38 97 6
17 39 71 5
17 40 5 59
17 41 56 12
17 42 70 43
17 43 68 12
17 44 51 13
17 45 56 76
17 46 77 5
17 47 93 32
17 48 73 45
17 49 58 13
17 50 58 74
17 51 59 13
17 52 48 71
17 53 55 63
17 54 39 77
17 55 30 55
17 56 1 22
17 57 97 75
17 58 18 24
17 59 19 72
17 60 7 63
17 61 73 60
17 62 60 34
17 63 14 95
17 64 50 44
17 65 15 22
17 66 18 42
17 67 10 89
17 68 96 2
17 69 75 16
17 70 17 58
17 71 28 92
17 72 66 61
17 73 99 53
17 74 96 68
17 75 9 43
17 76 94 43
17 77 29 82
17 78 7 36
17 79 3 82
17 80 74 72
17 81 78 22
17 82 75 84
17 83 12 34
17 84 47 23
17 85 18 19
17 86 55 35
17 87 60 83
17 88 30 69
17 89 85 17
17 90 43 48
17 91 12 25
17 92 66 54
17 93 64 69
17 94 22 19
17 95 89 55
17 96 81 15
17 97 16 42
17 98 4 63
17 99 42 16
18 19 7 74
18 20 14 84
18 21 94 11
18 22 12 20
18 23 68 69
18 24 58 64
18 25 90 9
18 26 60 79
18 27 97 37
18 28 7 49
18 29 95 73
18 30 35 32
18 31 4 23
18 32 79 80
18 33 71 39
18 34 29 42
18 35 70 35
18 36 50 64
18 37 29 74
18 38 37 48
18 39 61 78
18 40 42 28
18 41 94 53
18 42 83 35
18 43 75 14
18 44 91 4
18 45 20 94
18 46 45 25
18 47 81 32
18 48 34 13
18 49 44 24
18 50 21 28
18 51 78 75
18 52 10 83
18 53 30 62
18 54 7 62
18 55 99 12
18 56 97 71
18 57 61 40
18 58 89 4
18 59 88 29
18 60 55 44
18 61 24 20
18 62 2 42
18 63 65 15
18 64 88 43
18 65 98 59
18 66 67 62
18 67 45 55
18 68 62 39
18 69 55 20
18 70 86 60
18 71 97 2
18 72 82 20
18 73 26 74
18 74 4 39
18 75 6 77
18 76 54 30
18 77 94 42
18 78 7 37
18 79 27 18
18 80 99 72
18 81 43 11
18 82 39 44
18 83 96 42
18 84 45 19
18 85 94 61
18 86 42 87
18 87 88 11
18 88 92 51
18 89 44 39
18 90 33 45
18 91 15 53
18 92 14 24
18 93 33 84
18 94 37 84
18 95 14 21
18 96 65 68
18 97 55 53
18 98 31 23
18 99 56 76
19 20 85 18
19 21 5 97
19 22 14 85
19 23 94 23
19 24 72 20
19 25 53 19
19 26 42 63
19 27 95 70
19 28 6 54
19 29 82 80
19 30 51 46
19 31 12 72
19 32 8 25
19 33 80 19
19 34 24 85
19 35 86 44
19 36 61 47
19 37 91 62
19 38 66 33
19 39 77 73
19 40 69 84
19 41 76 54
19 42 13 29
19 43 95 43
19 44 56 55
19 45 31 86
19 46 36 17
19 47 37 88
19 48 88 3
19 49 21 90
19 50 93 53
19 51 88 8
19 52 13 38
19 53 81 7
19 54 88 65
19 55 5 63
19 56 86 53
19 57 74 58
19 58 63 50
19 59 61 24
19 60 49 18
19 61 79 13
19 62 64 12
19 63 11 20
19 64 2 37
19 65 60 28
19 66 72 77
19 67 99 20
19 68 32 51
19 69 40 18
19 70 98 62
19 71 77 38
19 72 53 85
19 73 39 70
19 74 32 89
19 75 88 58
19 76 37 22
19 77 18 21
19 78 67 71
19 79 72 6
19 80 56 81
19 81 11 38
19 82 27 23
19 83 17 49
19 84 62 71
19 85 52 75
19 86 91 58
19 87 66 40
19 88 53 58
19 89 14 28
19 90 11 50
19 91 94 23
19 92 41 43
19 93 18 40
19 94 35 88
19 95 97 29
19 96 62 49
19 97 3 19
19 98 19 80
19 99 43 90
20 21 15 92
20 22 34 16
20 23 78 53
20 24 99 68
20 25 39 19
20 26 28 72
20 27 57 88
20 28 61 55
20 29 61 85
20 30 23 88
20 31 20 22
20 32 9 88
20 33 1 54
20 34 25 81
20 35 97 62
20 36 79 26
20 37 25 91
20 38 25 37
20 39 45 56
20 40 39 40
20 41 22 79
20 42 5 49
20 43 82 16
20 44 95 37
20 45 61 84
20 46 17 57
20 47 60 76
20 48 52 49
20 49 95 4
20 50 10 55
20 51 40 68
20 52 99 75
20 53 22 68
20 54 89 39
20 55 98 70
20 56 90 51
20 57 92 2
20 58 63 86
20 59 63 64
20 60 55 38
20 61 61 33
20 62 3 78
20 63 90 59
20 64 24 40
20 65 30 18
20 66 5 35
20 67 28 90
20 68 27 83
20 69 24 75
20 70 67 62
20 71 94 13
20 72 29 15
20 73 78 25
20 74 23 90
20 75 59 37
20 76 48 73
20 77 7 26
20 78 97 14
20 79 70 39
20 80 20 48
20 81 60 82
20 82 29 76
20 83 26 61
20 84 74 44
20 85 63 54
20 86 90 26
20 87 48 86
20 88 28 80
20 89 94 13
20 90 9 43
20 91 28 54
20 92 14 94
20 93 69 20
20 94 85 19
20 95 87 38
20 96 4 53
20 97 43 60
20 98 32 65
20 99 98 43
21 22 67 44
21 23 4 33
21 24 5 37
21 25 98 13
21 26 62 24
21 27 20 51
21 28 32 75
21 29 45 32
21 30 68 73
21 31 98 73
21 32 5 61
21 33 11 34
21 34 75 55
21 35 28 29
21 36 96 7
21 37 54 11
21 38 65 49
21 39 20 81
21 40 67 24
21 41 35 35
21 42 17 96
21 43 23 31
21 44 81 54
21 45 7 94
21 46 69 52
21 47 53 74
21 48 47 33
21 49 54 21
21 50 19 31
21 51 73 24
21 52 17 36
21 53 16 33
21 54 77 61
21 55 3 37
21 56 93 16
21 57 10 67
21 58 74 66
21 59 17 16
21 60 86 48
21 61 47 76
21 62 0 46
21 63 49 59
21 64 7 97
21 65 49 80
21 66 2 48
21 67 64 34
21 68 89 74
21 69 41 86
21 70 41 57
21 71 56 43
21 72 21 43
21 73 54 74
21 74 78 14
21 75 75 80
21 76 52 10
21 77 79 38
21 78 9 55
21 79 91 48
21 80 79 39
21 81 93 63
21 82 6 98
21 83 37 89
21 84 1 96
21 85 76 61
21 86 66 8
21 87 64 42
21 88 79 36
21 89 86 69
21 90 3 36
21 91 16 55
21 92 71 74
21 93 70 8
21 94 62 85
21 95 55 77
21 96 97 40
21 97 92 38
21 98 5 69
21 99 25 69
22 23 93 51
22 24 50 52
22 25 54 87
22 26 25 46
22 27 18 76
22 28 13 35
22 29 85 53
22 30 85 67
22 31 94 71
22 32 20 87
22 33 55 15
22 34 79 46
22 35 86 82
22 36 81 68
22 37 3 94
22 38 53 77
22 39 7 77
22 40 33 61
22 41 94 1
22 42 70 45
22 43 48 88
22 44 32 70
22 45 37 69
22 46 35 80
22 47 97 45
22 48 86 14
22 49 55 43
22 50 4 41
22 51 24 27
22 52 22 50
22 53 22 50
22 54 18 19
22 55 60 24
22 56 3 56
22 57 71 21
22 58 83 17
22 59 53 80
22 60 68 35
22 61 12 30
22 62 80 76
22 63 92 23
22 64 5 43
22 65 98 68
22 66 57 63
22 67 65 46
22 68 25 33
22 69 90 18
22 70 70 74
22 71 96 43
22 72 65 73
22 73 47 69
22 74 91 60
22 75 29 57
22 76 99 10
22 77 36 56
22 78 38 41
22 79 91 1
22 80 51 65
22 81 22 18
22 82 29 64
22 83 95 61
22 84 42 17
22 85 90 47
22 86 0 59
22 87 73 23
22 88 81 30
22 89 8 58
22 90 8 73
22 91 48 20
22 92 41 81
22 93 68 36
22 94 20 81
22 95 4 45
22 96 18 57
22 97 19 52
22 98 73 66
22 99 5 22
23 24 6 26
23 25 45 86
23 26 19 67
23 27 95 66
23 28 19 73
23 29 83 38
23 30 17 24
23 31 20 46
23 32 30 35
23 33 84 74
23 34 75 36
23 35 55 52
23 36 45 67
23 37 75 28
23 38 40 76
23 39 83 8
23 40 94 53
23 41 75 7
23 42 98 27
23 43 45 21
23 44 24 64
23 45 45 58
23 46 55 35
23 47 96 23
23 48 37 22
23 49 98 5
23 50 85 50
23 51 15 28
23 52 8 79
23 53 40 43
23 54 14 82
23 55 38 76
23 56 58 50
23 57 92 32
23 58 36 19
23 59 9 48
23 60 97 65
23 61 15 27
23 62 86 76
23 63 39 36
23 64 59 39
23 65 22 36
23 66 83 31
23 67 88 44
23 68 12 66
23 69 94 26
23 70 19 70
23 71 80 63
23 72 54 78
23 73 38 67
23 74 78 38
23 75 99 27
23 76 46 54
23 77 74 14
23 78 81 75
23 79 3 21
23 80 39 50
23 81 75 57
23 82 24 37
23 83 98 79
23 84 35 49
23 85 50 32
23 86 83 67
23 87 91 68
23 88 67 80
23 89 47 90
23 90 40 64
23 91 44 69
23 92 75 39
23 93 20 48
23 94 17 55
23 95 26 88
23 96 69 40
23 97 30 46
23 98 98 38
23 99 84 5
24 25 83 33
24 26 15 45
24 27 60 70
24 28 72 11
24 29 91 22
24 30 93 16
24 31 78 67
24 32 93 59
24 33 12 57
24 34 17 55
24 35 12 39
24 36 36 39
24 37 64 85
24 38 21 23
24 39 7 90
24 40 55 51
24 41 16 58
24 42 73 57
24 43 18 34
24 44 18 30
24 45 21 77
24 46 67 71
24 47 1 71
24 48 98 12
24 49 78 45
24 50 58 59
24 51 66 34
24 52 69 57
24 53 99 54
24 54 53 74
24 55 17 57
24 56 72 76
24 57 34 46
24 58 65 16
24 59 35 70
24 60 38 25
24 61 65 49
24 62 96 32
24 63 24 75
24 64 60 87
24 65 23 26
24 66 25 50
24 67 2 38
24 68 17 93
24 69 94 37
24 70 38 86
24 71 6 69
24 72 13 72
24 73 32 73
24 74 82 48
24 75 82 5
24 76 54 29
24 77 66 61
24 78 18 92
24 79 10 25
24 80 19 52
24 81 4 60
24 82 31 91
24 83 69 49
24 84 19 89
24 85 32 86
24 86 27 57
24 87 75 58
24 88 13 26
24 89 4 65
24 90 84 5
24 91 93 72
24 92 96 70
24 93 90 44
24 94 99 47
24 95 83 37
24 96 66 20
24 97 74 12
24 98 7 65
24 99 85 17
25 26 1 71
25 27 95 1
25 28 73 5
25 29 48 78
25 30 53 72
25 31 72 12
25 32 87 29
25 33 53 72
25 34 36 14
25 35 54 64
25 36 19 82
25 37 48 85
25 38 46 48
25 39 45 45
25 40 15 47
25 41 74 50
25 42 56 77
25 43 87 40
25 44 44 32
25 45 40 80
25 46 78 43
25 47 45 41
25 48 32 44
25 49 38 25
25 50 53 75
25 51 75 30
25 52 90 3
25 53 63 43
25 54 68 69
25 55 15 82
25 56 87 7
25 57 88 18
25 58 12 25
25 59 33 35
25 60 99 49
25 61 64 78
25 62 1 95
25 63 97 4
25 64 6 45
25 65 65 39
25 66 29 21
25 67 16 20
25 68 76 32
25 69 55 53
25 70 98 22
25 71 22 34
25 72 1 80
25 73 91 47
25 74 81 24
25 75 15 19
25 76 33 64
25 77 13 77
25 78 3 93
25 79 34 74
25 80 44 60
25 81 88 65
25 82 41 88
25 83 94 31
25 84 9 83
25 85 56 76
25 86 49 48
25 87 77 23
25 88 27 22
25 89 12 82
25 90 66 29
25 91 89 59
25 92 47 70
25 93 39 70
25 94 65 56
25 95 29 47
25 96 98 57
25 97 1 26
25 98 54 37
25 99 34 55
26 27 96 29
26 28 38 36
26 29 83 5
26 30 32 70
26 31 77 44
26 32 1 54
26 33 18 25
26 34 62 40
26 35 46 16
26 36 74 71
26 37 79 39
26 38 8 38
26 39 48 63
26 40 43 73
26 41 85 60
26 42 85 17
26 43 99 8
26 44 77 83
26 45 95 13
26 46 81 13
26 47 47 19
26 48 59 40
26 49 8 40
26 50 41 51
26 51 97 54
26 52 42 79
26 53 4 48
26 54 83 26
26 55 80 46
26 56 49 67
26 57 25 29
26 58 4 23
26 59 23 80
26 60 67 13
26 61 68 12
26 62 2 29
26 63 73 70
26 64 99 52
26 65 42 14
26 66 48 64
26 67 93 30
26 68 55 80
26 69 44 66
26 70 8 74
26 71 89 57
26 72 75 13
26 73 49 59
26 74 13 78
26 75 44 76
26 76 37 44
26 77 74 46
26 78 2 96
26 79 80 42
26 80 19 22
26 81 58 35
26 82 97 8
26 83 76 42
26 84 1 70
26 85 55 85
26 86 17 58
26 87 38 47
26 88 42 81
26 89 34 86
26 90 38 12
26 91 21 57
26 92 52 83
26 93 33 47
26 94 38 75
26 95 66 27
26 96 58 18
26 97 63 76
26 98 76 14
26 99 52 72
27 28 36 77
27 29 35 61
27 30 40 84
27 31 25 48
27 32 40 31
27 33 99 57
27 34 47 71
27 35 20 95
27 36 94 5
27 37 70 51
27 38 29 84
27 39 89 17
27 40 11 97
27 41 91 69
27 42 6 26
27 43 58 71
27 44 2 22
27 45 54 85
27 46 54 74
27 47 43 14
27 48 57 26
27 49 34 31
27 50 95 3
27 51 94 64
27 52 65 21
27 53 46 23
27 54 3 51
27 55 95 77
27 56 85 66
27 57 49 87
27 58 41 76
27 59 97 33
27 60 52 15
27 61 47 32
27 62 6 63
27 63 70 31
27 64 37 26
27 65 57 30
27 66 48 17
27 67 6 83
27 68 1 20
27 69 62 75
27 70 79 59
27 71 64 47
27 72 8 46
27 73 20 56
27 74 56 80
27 75 20 34
27 76 66 41
27 77 48 41
27 78 10 87
27 79 9 66
27 80 80 53
27 81 18 85
27 82 18 67
27 83 46 29
27 84 49 43
27 85 30 69
27 86 84 45
27 87 98 7
27 88 21 32
27 89 94 79
27 90 16 51
27 91 40 90
27 92 13 22
27 93 42 90
27 94 96 66
27 95 13 78
27 96 51 46
27 97 57 53
27 98 39 41
27 99 97 60
28 29 93 62
28 30 7 89
28 31 3 51
28 32 90 39
28 33 88 59
28 34 54 44
28 35 8 32
28 36 16 50
28 37 28 19
28 38 55 69
28 39 5 73
28 40 59 71
28 41 35 91
28 42 53 19
28 43 60 27
28 44 3 43
28 45 15 88
28 46 79 74
28 47 93 36
28 48 79 62
28 49 32 83
28 50 67 51
28 51 26 34
28 52 22 88
28 53 97 41
28 54 47 20
28 55 86 65
28 56 64 24
28 57 40 85
28 58 53 75
28 59 0 38
28 60 75 44
28 61 87 76
28 62 39 43
28 63 21 48
28 64 23 62
28 65 99 54
28 66 56 36
28 67 13 65
28 68 96 75
28 69 63 11
28 70 17 79
28 71 18 77
28 72 2 30
28 73 22 19
28 74 40 30
28 75 59 46
28 76 94 33
28 77 24 25
28 78 44 17
28 79 32 16
28 80 21 24
28 81 79 24
28 82 33 77
28 83 5 96
28 84 94 61
28 85 47 52
28 86 52 57
28 87 71 63
28 88 46 77
28 89 29 75
28 90 22 77
28 91 0 91
28 92 50 49
28 93 11 76
28 94 6 72
28 95 56 81
28 96 63 56
28 97 81 7
28 98 26 54
28 99 92 58
29 30 45 47
29 31 1 39
29 32 79 55
29 33 81 39
29 34 29 89
29 35 64 52
29 36 46 87
29 37 70 61
29 38 59 34
29 39 60 72
29 40 3 62
29 41 11 80
29 42 62 25
29 43 90 67
29 44 1 92
29 45 90 19
29 46 3 22
29 47 94 44
29 48 34 74
29 49 69 82
29 50 29 24
29 51 37 28
29 52 93 50
29 53 48 22
29 54 12 39
29 55 94 74
29 56 49 22
29 57 40 62
29 58 50 66
29 59 4 52
29 60 96 79
29 61 70 80
29 62 30 69
29 63 54 82
29 64 24 43
29 65 69 72
29 66 53 51
29 67 23 39
29 68 48 46
29 69 90 22
29 70 8 64
29 71 4 68
29 72 92 50
29 73 32 81
29 74 16 69
29 75 45 16
29 76 10 94
29 77 15 71
29 78 55 61
29 79 64 35
29 80 11 47
29 81 28 17
29 82 50 14
29 83 73 29
29 84 44 56
29 85 76 21
29 86 63 24
29 87 54 80
29 88 89 61
29 89 19 52
29 90 49 80
29 91 75 65
29 92 66 53
29 93 54 43
29 94 92 30
29 95 6 93
29 96 65 70
29 97 22 73
29 98 0 25
29 99 47 14
30 31 56 45
30 32 33 74
30 33 84 23
30 34 0 67
30 35 15 70
30 36 43 41
30 37 31 21
30 38 90 76
30 39 34 87
30 40 19 54
30 41 10 86
30 42 18 61
30 43 71 36
30 44 21 21
30 45 40 34
30 46 74 42
30 47 99 25
30 48 78 9
30 49 66 62
30 50 51 64
30 51 54 86
30 52 26 21
30 53 39 29
30 54 63 35
30 55 49 58
30 56 93 62
30 57 99 32
30 58 35 22
30 59 22 29
30 60 60 18
30 61 98 77
30 62 92 28
30 63 75 61
30 64 32 82
30 65 63 29
30 66 83 79
30 67 37 37
30 68 56 23
30 69 31 74
30 70 96 2
30 71 70 82
30 72 64 40
30 73 97 72
30 74 39 54
30 75 12 90
30 76 56 27
30 77 47 41
30 78 84 53
30 79 46 29
30 80 99 23
30 81 94 52
30 82 87 45
30 83 3 84
30 84 83 63
30 85 89 81
30 86 72 58
30 87 25 53
30 88 47 37
30 89 73 8
30 90 27 73
30 91 69 15
30 92 97 67
30 93 5 35
30 94 68 80
30 95 17 67
30 96 16 46
30 97 49 21
30 98 53 50
30 99 84 11
31 32 75 66
31 33 23 65
31 34 99 6
31 35 66 28
31 36 24 19
31 37 10 67
31 38 38 65
31 39 63 73
31 40 34 35
31 41 36 13
31 42 15 89
31 43 70 58
31 44 96 8
31 45 80 29
31 46 25 31
31 47 15 17
31 48 40 29
31 49 72 20
31 50 37 61
31 51 81 17
31 52 80 9
31 53 60 59
31 54 92 12
31 55 73 11
31 56 9 65
31 57 68 71
31 58 67 65
31 59 23 17
31 60 86 12
31 61 8 96
31 62 74 33
31 63 61 34
31 64 91 27
31 65 64 53
31 66 48 41
31 67 66 64
31 68 29 51
31 69 76 60
31 70 70 41
31 71 46 25
31 72 40 13
31 73 69 82
31 74 2 90
31 75 37 67
31 76 53 46
31 77 75 63
31 78 19 35
31 79 25 22
31 80 64 8
31 81 74 37
31 82 37 59
31 83 34 22
31 84 25 43
31 85 2 41
31 86 40 55
31 87 48 66
31 88 94 41
31 89 46 36
31 90 26 72
31 91 21 94
31 92 41 16
31 93 58 27
31 94 36 45
31 95 65 55
31 96 10 27
31 97 19 52
31 98 59 23
31 99 59 62
32 33 96 72
32 34 39 14
32 35 35 33
32 36 24 40
32 37 76 24
32 38 94 14
32 39 15 47
32 40 92 30
32 41 1 48
32 42 61 77
32 43 99 20
32 44 77 26
32 45 71 77
32 46 19 86
32 47 56 51
32 48 6 60
32 49 72 41
32 50 94 56
32 51 23 45
32 52 52 21
32 53 27 48
32 54 76 83
32 55 20 50
32 56 0 37
32 57 75 14
32 58 82 79
32 59 86 34
32 60 97 23
32 61 35 78
32 62 60 28
32 63 31 67
32 64 45 89
32 65 41 40
32 66 55 15
32 67 11 20
32 68 87 45
32 69 77 5
32 70 97 8
32 71 38 17
32 72 3 77
32 73 52 36
32 74 86 4
32 75 82 11
32 76 11 83
32 77 93 50
32 78 86 15
32 79 94 79
32 80 91 50
32 81 71 11
32 82 57 51
32 83 2 84
32 84 34 77
32 85 30 55
32 86 9 18
32 87 73 48
32 88 97 41
32 89 65 77
32 90 61 66
32 91 84 20
32 92 68 74
32 93 76 30
32 94 38 87
32 95 0 69
32 96 3 86
32 97 2 62
32 98 10 44
32 99 13 35
33 34 90 15
33 35 38 71
33 36 96 5
33 37 66 58
33 38 3 56
33 39 91 47
33 40 14 69
33 41 83 52
33 42 92 37
33 43 26 80
33 44 80 12
33 45 46 19
33 46 94 22
33 47 82 79
33 48 12 28
33 49 19 78
33 50 34 36
33 51 65 59
33 52 87 54
33 53 98 23
33 54 62 28
33 55 41 16
33 56 19 67
33 57 65 59
33 58 56 65
33 59 29 37
33 60 85 64
33 61 28 32
33 62 59 66
33 63 89 66
33 64 32 29
33 65 79 45
33 66 68 63
33 67 95 15
33 68 28 15
33 69 69 26
33 70 10 72
33 71 65 82
33 72 19 44
33 73 64 74
33 74 25 27
33 75 85 38
33 76 90 13
33 77 33 14
33 78 96 73
33 79 93 78
33 80 43 14
33 81 80 51
33 82 69 43
33 83 98 72
33 84 66 82
33 85 34 83
33 86 44 63
33 87 15 23
33 88 13 82
33 89 94 36
33 90 88 13
33 91 81 81
33 92 1 43
33 93 7 77
33 94 88 9
33 95 78 43
33 96 54 44
33 97 86 21
33 98 69 83
33 99 31 64
34 35 43 53
34 36 14 81
34 37 10 93
34 38 49 44
34 39 97 38
34 40 79 56
34 41 80 4
34 42 91 7
34 43 45 17
34 44 40 21
34 45 67 22
34 46 72 35
34 47 34 88
34 48 23 79
34 49 36 43
34 50 40 27
34 51 70 23
34 52 69 31
34 53 54 14
34 54 38 25
34 55 15 20
34 56 74 57
34 57 98 7
34 58 87 10
34 59 48 18
34 60 70 24
34 61 32 57
34 62 88 18
34 63 23 33
34 64 9 23
34 65 75 8
34 66 67 72
34 67 99 70
34 68 80 47
34 69 61 78
34 70 40 16
34 71 94 13
34 72 5 50
34 73 64 36
34 74 17 28
34 75 5 70
34 76 95 16
34 77 60 10
34 78 35 58
34 79 43 83
34 80 22 63
34 81 10 20
34 82 80 23
34 83 1 73
34 84 27 43
34 85 96 78
34 86 24 67
34 87 86 69
34 88 80 11
34 89 93 64
34 90 75 14
34 91 96 5
34 92 88 40
34 93 40 86
34 94 75 79
34 95 3 95
34 96 98 4
34 97 30 73
34 98 96 23
34 99 78 77
35 36 38 34
35 37 15 50
35 38 3 31
35 39 9 67
35 40 96 42
35 41 81 76
35 42 71 79
35 43 60 18
35 44 9 75
35 45 52 46
35 46 35 33
35 47 79 77
35 48 95 38
35 49 63 76
35 50 86 37
35 51 90 19
35 52 72 5
35 53 57 19
35 54 31 36
35 55 75 8
35 56 83 11
35 57 30 21
35 58 13 91
35 59 21 56
35 60 93 47
35 61 5 55
35 62 62 18
35 63 61 87
35 64 33 67
35 65 76 54
35 66 67 27
35 67 45 30
35 68 26 74
35 69 13 52
35 70 15 32
35 71 29 93
35 72 37 47
35 73 11 90
35 74 10 24
35 75 46 27
35 76 69 38
35 77 17 60
35 78 67 52
35 79 16 72
35 80 27 78
35 81 87 76
35 82 86 14
35 83 98 32
35 84 79 43
35 85 61 72
35 86 20 20
35 87 39 75
35 88 49 27
35 89 63 74
35 90 3 21
35 91 62 26
35 92 45 31
35 93 17 77
35 94 37 24
35 95 39 38
35 96 1 86
35 97 88 48
35 98 48 63
35 99 5 31
36 37 74 33
36 38 70 14
36 39 23 61
36 40 70 26
36 41 23 80
36 42 93 56
36 43 26 67
36 44 92 15
36 45 7 77
36 46 41 89
36 47 9 75
36 48 39 74
36 49 18 61
36 50 33 18
36 51 83 83
36 52 45 30
36 53 82 42
36 54 14 38
36 55 80 58
36 56 28 41
36 57 23 54
36 58 67 63
36 59 22 52
36 60 36 36
36 61 23 94
36 62 23 36
36 63 73 35
36 64 77 82
36 65 22 83
36 66 58 12
36 67 89 49
36 68 90 75
36 69 33 25
36 70 39 88
36 71 79 81
36 72 77 27
36 73 25 84
36 74 50 58
36 75 44 69
36 76 15 57
36 77 5 26
36 78 22 45
36 79 7 21
36 80 77 5
36 81 68 36
36 82 61 16
36 83 3 60
36 84 77 42
36 85 98 52
36 86 45 55
36 87 47 84
36 88 27 73
36 89 52 67
36 90 45 83
36 91 43 12
36 92 69 82
36 93 46 54
36 94 48 81
36 95 52 12
36 96 81 52
36 97 94 64
36 98 79 37
36 99 27 86
37 38 72 54
37 39 53 35
37 40 51 52
37 41 41 18
37 42 50 64
37 43 29 18
37 44 22 90
37 45 44 38
37 46 2 57
37 47 18 67
37 48 99 79
37 49 22 60
37 50 57 10
37 51 63 36
37 52 46 52
37 53 82 29
37 54 71 64
37 55 58 25
37 56 90 24
37 57 94 18
37 58 22 38
37 59 20 89
37 60 33 22
37 61 28 50
37 62 54 86
37 63 58 51
37 64 94 58
37 65 42 60
37 66 98 37
37 67 40 48
37 68 97 44
37 69 41 65
37 70 25 61
37 71 1 84
37 72 10 36
37 73 4 47
37 74 11 88
37 75 54 81
37 76 77 75
37 77 84 15
37 78 94 9
37 79 4 64
37 80 39 84
37 81 56 18
37 82 18 46
37 83 71 59
37 84 0 44
37 85 76 10
37 86 57 60
37 87 35 47
37 88 2 20
37 89 82 52
37 90 96 69
37 91 76 35
37 92 51 84
37 93 77 23
37 94 12 45
37 95 50 24
37 96 35 23
37 97 64 74
37 98 79 66
37 99 77 64
38 39 0 93
38 40 72 74
38 41 97 8
38 42 83 67
38 43 36 68
38 44 66 8
38 45 29 58
38 46 1 83
38 47 69 41
38 48 25 73
38 49 75 13
38 50 59 14
38 51 32 36
38 52 12 25
38 53 71 56
38 54 11 46
38 55 7 33
38 56 18 80
38 57 77 29
38 58 89 4
38 59 36 71
38 60 13 87
38 61 98 40
38 62 41 55
38 63 21 77
38 64 49 76
38 65 76 47
38 66 38 32
38 67 97 64
38 68 35 13
38 69 28 50
38 70 76 77
38 71 52 83
38 72 53 48
38 73 63 82
38 74 19 21
38 75 85 5
38 76 92 48
38 77 42 60
38 78 2 65
38 79 0 77
38 80 9 92
38 81 91 52
38 82 76 40
38 83 77 50
38 84 65 19
38 85 53 9
38 86 47 23
38 87 66 33
38 88 87 56
38 89 1 32
38 90 44 21
38 91 30 67
38 92 56 30
38 93 66 37
38 94 80 51
38 95 48 50
38 96 47 20
38 97 14 19
38 98 48 45
38 99 84 55
39 40 50 25
39 41 24 88
39 42 57 80
39 43 3 80
39 44 27 16
39 45 47 15
39 46 48 38
39 47 25 39
39 48 18 69
39 49 30 66
39 50 62 18
39 51 24 36
39 52 6 88
39 53 85 14
39 54 39 70
39 55 34 81
39 56 22 72
39 57 52 38
39 58 90 66
39 59 23 23
39 60 55 68
39 61 28 37
39 62 74 82
39 63 50 69
39 64 20 43
39 65 66 22
39 66 37 36
39 67 79 61
39 68 7 84
39 69 69 52
39 70 49 37
39 71 98 68
39 72 40 45
39 73 34 34
39 74 83 50
39 75 14 66
39 76 75 65
39 77 14 69
39 78 57 49
39 79 21 93
39 80 38 70
39 81 70 55
39 82 40 82
39 83 56 80
39 84 2 58
39 85 20 93
39 86 42 59
39 87 93 29
39 88 24 72
39 89 25 66
39 90 20 30
39 91 65 8
39 92 88 15
39 93 64 17
39 94 42 24
39 95 45 79
39 96 37 31
39 97 58 66
39 98 87 81
39 99 31 24
40 41 60 81
40 42 23 81
40 43 18 91
40 44 85 16
40 45 60 66
40 46 27 35
40 47 98 77
40 48 50 37
40 49 97 77
40 50 95 9
40 51 67 11
40 52 51 25
40 53 16 47
40 54 4 78
40 55 71 53
40 56 18 69
40 57 67 80
40 58 60 86
40 59 90 79
40 60 81 33
40 61 60 41
40 62 47 63
40 63 7 32
40 64 30 86
40 65 79 68
40 66 97 13
40 67 30 83
40 68 15 68
40 69 11 24
40 70 5 45
40 71 31 33
40 72 47 43
40 73 79 42
40 74 43 14
40 75 25 76
40 76 87 29
40 77 55 16
40 78 29 89
40 79 58 82
40 80 41 77
40 81 73 43
40 82 23 92
40 83 41 16
40 84 44 56
40 85 37 44
40 86 91 50
40 87 24 77
40 88 4 61
40 89 92 68
40 90 77 31
40 91 42 63
40 92 47 20
40 93 39 91
40 94 27 80
40 95 41 75
40 96 60 63
40 97 83 13
40 98 40 35
40 99 45 76
41 42 12 45
41 43 44 23
41 44 74 31
41 45 49 64
41 46 48 84
41 47 15 86
41 48 74 65
41 49 13 79
41 50 88 17
41 51 29 29
41 52 94 56
41 53 24 31
41 54 94 51
41 55 26 42
41 56 63 21
41 57 50 66
41 58 23 86
41 59 75 5
41 60 29 77
41 61 91 16
41 62 53 16
41 63 91 23
41 64 49 16
41 65 74 16
41 66 5 55
41 67 70 21
41 68 11 92
41 69 88 52
41 70 86 20
41 71 44 56
41 72 8 31
41 73 91 24
41 74 37 47
41 75 21 60
41 76 93 70
41 77 3 93
41 78 64 39
41 79 51 37
41 80 78 15
41 81 33 51
41 82 47 86
41 83 13 84
41 84 56 86
41 85 69 84
41 86 80 43
41 87 52 17
41 88 36 79
41 89 56 67
41 90 87 46
41 91 59 55
41 92 63 32
41 93 53 31
41 94 19 92
41 95 13 34
41 96 8 65
41 97 10 24
41 98 89 37
41 99 57 85
42 43 3 39
42 44 13 40
42 45 32 21
42 46 68 59
42 47 12 73
42 48 2 52
42 49 60 17
42 50 79 79
42 51 62 61
42 52 74 61
42 53 66 33
42 54 15 22
42 55 56 48
42 56 36 24
42 57 69 22
42 58 9 33
42 59 27 25
42 60 4 96
42 61 91 42
42 62 27 82
42 63 67 30
42 64 1 49
42 65 86 59
42 66 87 53
42 67 57 59
42 68 16 67
42 69 77 8
42 70 49 38
42 71 41 38
42 72 43 55
42 73 13 35
42 74 54 54
42 75 80 55
42 76 23 88
42 77 51 47
42 78 78 29
42 79 5 97
42 80 94 64
42 81 23 49
42 82 56 10
42 83 66 65
42 84 19 16
42 85 32 39
42 86 61 72
42 87 43 33
42 88 48 32
42 89 85 52
42 90 80 63
42 91 40 44
42 92 54 61
42 93 51 26
42 94 98 56
42 95 96 39
42 96 32 88
42 97 94 31
42 98 39 67
42 99 83 66
43 44 6 87
43 45 56 43
43 46 75 42
43 47 6 31
43 48 65 66
43 49 5 33
43 50 7 73
43 51 93 63
43 52 16 66
43 53 54 18
43 54 12 61
43 55 85 9
43 56 97 44
43 57 5 95
43 58 73 17
43 59 22 37
43 60 85 63
43 61 22 77
43 62 78 82
43 63 1 50
43 64 77 22
43 65 86 59
43 66 69 43
43 67 79 74
43 68 70 51
43 69 39 30
43 70 83 44
43 71 35 34
43 72 90 40
43 73 86 35
43 74 9 75
43 75 63 68
43 76 6 84
43 77 13 26
43 78 90 68
43 79 3 89
43 80 58 19
43 81 61 11
43 82 6 24
43 83 10 91
43 84 27 30
43 85 70 54
43 86 24 76
43 87 87 16
43 88 65 65
43 89 31 27
43 90 7 30
43 91 78 48
43 92 68 63
43 93 54 73
43 94 38 17
43 95 97 71
43 96 19 85
43 97 72 11
43 98 36 18
43 99 82 79
44 45 49 71
44 46 20 86
44 47 32 50
44 48 74 65
44 49 34 61
44 50 21 79
44 51 99 30
44 52 73 14
44 53 58 9
44 54 44 69
44 55 34 52
44 56 87 57
44 57 64 63
44 58 72 84
44 59 23 92
44 60 43 16
44 61 3 19
44 62 28 88
44 63 6 60
44 64 2 56
44 65 48 25
44 66 50 36
44 67 87 57
44 68 29 61
44 69 27 67
44 70 21 82
44 71 8 59
44 72 8 62
44 73 92 72
44 74 97 5
44 75 6 45
44 76 67 72
44 77 1 35
44 78 40 63
44 79 58 39
44 80 90 64
44 81 58 10
44 82 60 72
44 83 71 31
44 84 48 46
44 85 35 66
44 86 67 49
44 87 32 26
44 88 92 65
44 89 21 24
44 90 43 44
44 91 0 33
44 92 95 32
44 93 57 20
44 94 92 47
44 95 2 86
44 96 36 88
44 97 43 47
44 98 11 85
44 99 70 81
45 46 47 50
45 47 64 19
45 48 29 93
45 49 50 89
45 50 20 36
45 51 36 65
45 52 4 25
45 53 93 13
45 54 2 41
45 55 72 63
45 56 62 82
45 57 63 35
45 58 32 81
45 59 31 27
45 60 30 32
45 61 78 26
45 62 10 28
45 63 95 23
45 64 64 36
45 65 10 90
45 66 55 15
45 67 43 32
45 68 74 28
45 69 42 86
45 70 7 80
45 71 61 70
45 72 6 84
45 73 80 69
45 74 24 27
45 75 52 31
45 76 33 86
45 77 15 22
45 78 63 55
45 79 6 24
45 80 94 73
45 81 49 27
45 82 5 42
45 83 70 36
45 84 35 80
45 85 3 68
45 86 47 36
45 87 29 90
45 88 14 48
45 89 34 90
45 90 19 85
45 91 1 66
45 92 57 74
45 93 99 77
45 94 21 36
45 95 89 20
45 96 13 94
45 97 48 31
45 98 40 77
45 99 61 12
46 47 55 51
46 48 29 24
46 49 45 31
46 50 9 21
46 51 3 31
46 52 50 71
46 53 3 92
46 54 95 24
46 55 41 57
46 56 5 49
46 57 93 62
46 58 0 92
46 59 74 73
46 60 21 78
46 61 13 31
46 62 84 68
46 63 36 23
46 64 18 42
46 65 59 34
46 66 74 83
46 67 98 35
46 68 50 73
46 69 32 33
46 70 1 80
46 71 58 26
46 72 23 59
46 73 86 15
46 74 60 56
46 75 94 48
46 76 28 46
46 77 24 49
46 78 37 48
46 79 96 71
46 80 46 23
46 81 97 11
46 82 53 24
46 83 63 12
46 84 32 41
46 85 55 35
46 86 73 50
46 87 92 5
46 88 6 65
46 89 15 87
46 90 93 57
46 91 62 71
46 92 35 54
46 93 97 53
46 94 83 52
46 95 14 60
46 96 49 42
46 97 63 24
46 98 53 62
46 99 72 43
47 48 50 40
47 49 89 57
47 50 49 53
47 51 52 32
47 52 85 46
47 53 8 70
47 54 15 66
47 55 35 48
47 56 92 40
47 57 25 49
47 58 29 47
47 59 51 16
47 60 90 8
47 61 99 7
47 62 41 77
47 63 49 25
47 64 79 41
47 65 2 66
47 66 12 25
47 67 15 62
47 68 28 14
47 69 44 80
47 70 26 93
47 71 10 87
47 72 92 55
47 73 57 50
47 74 18 21
47 75 25 51
47 76 42 43
47 77 21 32
47 78 36 62
47 79 36 35
47 80 11 36
47 81 9 83
47 82 83 48
47 83 18 50
47 84 21 17
47 85 9 89
47 86 17 85
47 87 37 19
47 88 95 49
47 89 20 58
47 90 63 53
47 91 16 41
47 92 79 64
47 93 93 32
47 94 8 54
47 95 4 69
47 96 82 76
47 97 55 73
47 98 38 21
47 99 60 36
48 49 67 83
48 50 83 69
48 51 21 64
48 52 72 83
48 53 94 77
48 54 4 97
48 55 29 45
48 56 11 24
48 57 72 29
48 58 49 56
48 59 78 66
48 60 70 51
48 61 36 32
48 62 57 16
48 63 52 41
48 64 43 25
48 65 40 87
48 66 60 76
48 67 42 14
48 68 81 14
48 69 97 49
48 70 53 27
48 71 66 49
48 72 16 70
48 73 96 63
48 74 16 89
48 75 80 59
48 76 70 43
48 77 41 70
48 78 33 68
48 79 6 55
48 80 27 73
48 81 81 34
48 82 89 64
48 83 25 38
48 84 81 72
48 85 64 31
48 86 2 87
48 87 9 41
48 88 57 9
48 89 96 59
48 90 4 79
48 91 51 40
48 92 75 48
48 93 32 16
48 94 75 82
48 95 46 80
48 96 86 33
48 97 55 42
48 98 98 23
48 99 94 11
49 50 41 65
49 51 92 11
49 52 14 60
49 53 23 29
49 54 15 58
49 55 7 56
49 56 81 39
49 57 5 48
49 58 21 15
49 59 63 19
49 60 37 69
49 61 71 73
49 62 47 78
49 63 55 46
49 64 20 61
49 65 23 27
49 66 29 49
49 67 40 54
49 68 67 45
49 69 67 9
49 70 37 61
49 71 80 62
49 72 50 15
49 73 21 37
49 74 25 64
49 75 39 55
49 76 9 87
49 77 19 38
49 78 27 68
49 79 30 90
49 80 22 89
49 81 45 70
49 82 92 16
49 83 77 32
49 84 23 47
49 85 47 63
49 86 54 19
49 87 27 77
49 88 71 48
49 89 7 68
49 90 99 72
49 91 84 36
49 92 34 54
49 93 96 36
49 94 26 36
49 95 46 57
49 96 78 44
49 97 52 50
49 98 10 70
49 99 18 93
50 51 44 81
50 52 26 53
50 53 43 41
50 54 47 41
50 55 58 66
50 56 2 64
50 57 20 40
50 58 20 20
50 59 23 60
50 60 55 66
50 61 48 20
50 62 24 19
50 63 28 69
50 64 53 15
50 65 76 67
50 66 21 85
50 67 35 24
50 68 73 53
50 69 62 15
50 70 75 21
50 71 19 23
50 72 94 28
50 73 84 53
50 74 22 81
50 75 7 84
50 76 63 20
50 77 38 87
50 78 9 70
50 79 30 14
50 80 12 49
50 81 71 82
50 82 54 83
50 83 86 46
50 84 11 23
50 85 76 60
50 86 41 45
50 87 7 68
50 88 95 37
50 89 27 32
50 90 26 85
50 91 46 57
50 92 37 72
50 93 23 83
50 94 32 58
50 95 19 31
50 96 59 77
50 97 74 35
50 98 0 93
50 99 9 88
51 52 63 78
51 53 39 73
51 54 55 15
51 55 6 58
51 56 76 56
51 57 87 55
51 58 48 18
51 59 21 68
51 60 45 18
51 61 29 77
51 62 4 83
51 63 83 39
51 64 38 13
51 65 22 58
51 66 22 35
51 67 51 54
51 68 84 56
51 69 63 59
51 70 94 29
51 71 75 58
51 72 32 55
51 73 93 47
51 74 2 27
51 75 99 19
51 76 5 19
51 77 54 62
51 78 65 39
51 79 99 49
51 80 30 24
51 81 59 69
51 82 94 56
51 83 99 43
51 84 13 63
51 85 93 23
51 86 43 90
51 87 41 51
51 88 75 9
51 89 92 25
51 90 15 91
51 91 89 38
51 92 43 25
51 93 83 47
51 94 91 66
51 95 6 54
51 96 51 23
51 97 48 20
51 98 49 69
51 99 39 61
52 53 80 32
52 54 67 9
52 55 76 24
52 56 39 48
52 57 50 82
52 58 11 39
52 59 21 34
52 60 86 41
52 61 60 37
52 62 9 75
52 63 33 22
52 64 61 87
52 65 55 22
52 66 6 65
52 67 15 33
52 68 96 38
52 69 40 50
52 70 93 61
52 71 95 21
52 72 22 89
52 73 65 46
52 74 42 85
52 75 42 70
52 76 8 39
52 77 24 93
52 78 81 20
52 79 86 26
52 80 89 37
52 81 40 68
52 82 88 75
52 83 73 67
52 84 75 8
52 85 61 14
52 86 7 26
52 87 53 12
52 88 49 49
52 89 7 79
52 90 48 88
52 91 60 33
52 92 2 98
52 93 85 32
52 94 42 13
52 95 34 50
52 96 16 45
52 97 96 70
52 98 89 2
52 99 91 36
53 54 43 45
53 55 39 28
53 56 75 9
53 57 72 7
53 58 97 9
53 59 92 33
53 60 0 32
53 61 28 83
53 62 2 69
53 63 2 93
53 64 14 93
53 65 29 78
53 66 87 30
53 67 76 9
53 68 72 80
53 69 49 41
53 70 69 17
53 71 38 44
53 72 10 79
53 73 35 19
53 74 19 34
53 75 11 32
53 76 71 26
53 77 2 56
53 78 90 66
53 79 77 48
53 80 98 64
53 81 70 60
53 82 89 48
53 83 44 90
53 84 26 16
53 85 79 51
53 86 43 64
53 87 92 50
53 88 99 73
53 89 61 85
53 90 72 15
53 91 31 91
53 92 68 55
53 93 85 78
53 94 83 72
53 95 77 16
53 96 97 26
53 97 29 55
53 98 50 24
53 99 33 13
54 55 27 41
54 56 2 74
54 57 96 53
54 58 20 84
54 59 8 44
54 60 82 75
54 61 51 22
54 62 86 23
54 63 90 30
54 64 53 21
54 65 53 16
54 66 86 53
54 67 25 38
54 68 57 64
54 69 28 45
54 70 63 14
54 71 43 35
54 72 10 47
54 73 58 23
54 74 86 30
54 75 54 37
54 76 36 41
54 77 64 56
54 78 6 74
54 79 47 75
54 80 70 74
54 81 53 60
54 82 93 70
54 83 19 59
54 84 80 4
54 85 11 41
54 86 39 80
54 87 66 56
54 88 89 56
54 89 27 84
54 90 91 73
54 91 62 37
54 92 90 75
54 93 64 87
54 94 72 46
54 95 71 21
54 96 12 79
54 97 82 48
54 98 7 90
54 99 43 14
55 56 20 86
55 57 99 34
55 58 25 36
55 59 9 19
55 60 9 46
55 61 11 29
55 62 71 66
55 63 26 54
55 64 39 36
55 65 19 54
55 66 11 33
55 67 87 10
55 68 2 23
55 69 48 24
55 70 44 55
55 71 72 33
55 72 43 75
55 73 96 11
55 74 98 3
55 75 37 75
55 76 41 68
55 77 3 49
55 78 84 56
55 79 74 66
55 80 39 84
55 81 50 41
55 82 79 57
55 83 39 81
55 84 12 36
55 85 6 78
55 86 63 70
55 87 4 36
55 88 29 32
55 89 63 46
55 90 16 94
55 91 98 15
55 92 20 84
55 93 54 79
55 94 27 86
55 95 78 35
55 96 27 56
55 97 85 6
55 98 41 26
55 99 96 37
56 57 99 76
56 58 94 51
56 59 55 32
56 60 26 93
56 61 3 84
56 62 83 57
56 63 5 88
56 64 10 52
56 65 2 25
56 66 63 54
56 67 71 17
56 68 63 54
56 69 90 6
56 70 31 48
56 71 28 79
56 72 91 79
56 73 27 34
56 74 1 97
56 75 15 25
56 76 99 64
56 77 18 72
56 78 88 36
56 79 7 40
56 80 95 41
56 81 8 83
56 82 71 43
56 83 65 69
56 84 15 49
56 85 10 90
56 86 89 39
56 87 49 47
56 88 89 69
56 89 3 51
56 90 48 49
56 91 50 43
56 92 13 50
56 93 19 36
56 94 76 12
56 95 93 52
56 96 74 14
56 97 82 60
56 98 88 80
56 99 56 25
57 58 75 50
57 59 79 75
57 60 93 46
57 61 12 51
57 62 61 60
57 63 42 27
57 64 72 76
57 65 48 33
57 66 90 80
57 67 86 64
57 68 43 76
57 69 57 40
57 70 35 16
57 71 49 17
57 72 65 66
57 73 97 36
57 74 57 30
57 75 34 27
57 76 76 16
57 77 73 58
57 78 28 24
57 79 91 78
57 80 11 59
57 81 3 47
57 82 85 48
57 83 34 35
57 84 44 69
57 85 89 79
57 86 53 63
57 87 23 30
57 88 57 61
57 89 31 28
57 90 23 44
57 91 28 70
57 92 57 40
57 93 72 7
57 94 16 44
57 95 61 86
57 96 56 31
57 97 91 65
57 98 53 52
57 99 86 60
58 59 48 12
58 60 74 64
58 61 15 92
58 62 34 28
58 63 30 21
58 64 60 83
58 65 58 28
58 66 1 45
58 67 61 78
58 68 68 25
58 69 14 77
58 70 9 27
58 71 58 24
58 72 47 56
58 73 9 93
58 74 90 50
58 75 78 49
58 76 28 92
58 77 63 35
58 78 41 30
58 79 93 50
58 80 43 23
58 81 19 44
58 82 78 34
58 83 93 60
58 84 81 30
58 85 3 90
58 86 16 48
58 87 10 46
58 88 40 52
58 89 93 78
58 90 15 93
58 91 84 62
58 92 13 35
58 93 37 79
58 94 86 72
58 95 19 33
58 96 96 68
58 97 18 74
58 98 46 26
58 99 48 79
59 60 40 41
59 61 31 93
59 62 80 64
59 63 34 14
59 64 3 68
59 65 76 23
59 66 32 13
59 67 1 82
59 68 46 72
59 69 7 40
59 70 80 23
59 71 7 75
59 72 7 39
59 73 58 12
59 74 55 41
59 75 78 17
59 76 32 49
59 77 31 83
59 78 88 75
59 79 42 34
59 80 88 58
59 81 40 80
59 82 83 9
59 83 31 65
59 84 21 88
59 85 39 49
59 86 5 85
59 87 16 68
59 88 90 56
59 89 74 65
59 90 16 75
59 91 57 68
59 92 29 78
59 93 13 45
59 94 43 29
59 95 24 78
59 96 32 15
59 97 99 65
59 98 28 46
59 99 64 39
60 61 15 54
60 62 62 34
60 63 13 39
60 64 74 79
60 65 4 79
60 66 59 26
60 67 18 30
60 68 12 21
60 69 75 46
60 70 94 79
60 71 12 58
60 72 17 83
60 73 50 74
60 74 95 13
60 75 82 51
60 76 33 91
60 77 87 43
60 78 51 54
60 79 39 71
60 80 44 70
60 81 40 77
60 82 43 34
60 83 10 71
60 84 71 5
60 85 39 23
60 86 59 48
60 87 54 29
60 88 58 44
60 89 69 64
60 90 17 25
60 91 65 38
60 92 29 21
60 93 71 83
60 94 5 58
60 95 5 22
60 96 75 38
60 97 76 55
60 98 24 90
60 99 34 88
61 62 80 29
61 63 57 57
61 64 77 22
61 65 60 85
61 66 54 51
61 67 57 24
61 68 49 21
61 69 64 32
61 70 89 66
61 71 77 66
61 72 66 19
61 73 3 77
61 74 26 76
61 75 80 56
61 76 75 51
61 77 82 40
61 78 41 80
61 79 12 51
61 80 49 17
61 81 11 25
61 82 67 22
61 83 35 92
61 84 82 37
61 85 35 88
61 86 68 38
61 87 85 39
61 88 92 23
61 89 64 65
61 90 78 30
61 91 58 46
61 92 39 67
61 93 0 29
61 94 98 24
61 95 12 23
61 96 2 57
61 97 22 52
61 98 30 33
61 99 74 42
62 63 19 61
62 64 55 36
62 65 58 54
62 66 97 55
62 67 73 29
62 68 13 25
62 69 98 75
62 70 4 27
62 71 11 83
62 72 62 53
62 73 69 63
62 74 82 30
62 75 13 34
62 76 29 20
62 77 66 51
62 78 6 78
62 79 86 79
62 80 73 23
62 81 53 69
62 82 18 48
62 83 33 50
62 84 77 23
62 85 8 80
62 86 66 69
62 87 51 62
62 88 62 40
62 89 11 59
62 90 2 21
62 91 57 87
62 92 6 83
62 93 25 92
62 94 33 57
62 95 85 26
62 96 42 51
62 97 98 50
62 98 29 77
62 99 48 19
63 64 53 77
63 65 48 44
63 66 46 81
63 67 7 88
63 68 2 39
63 69 13 44
63 70 54 16
63 71 55 82
63 72 81 62
63 73 40 42
63 74 18 55
63 75 87 57
63 76 2 28
63 77 79 25
63 78 54 67
63 79 4 45
63 80 36 27
63 81 19 92
63 82 3 40
63 83 50 70
63 84 73 40
63 85 74 52
63 86 10 29
63 87 89 55
63 88 36 91
63 89 83 72
63 90 16 55
63 91 79 8
63 92 69 23
63 93 16 30
63 94 69 82
63 95 80 46
63 96 99 49
63 97 70 38
63 98 3 86
63 99 99 49
64 65 71 39
64 66 74 34
64 67 63 63
64 68 20 58
64 69 85 25
64 70 77 21
64 71 83 75
64 72 5 21
64 73 23 38
64 74 92 71
64 75 16 47
64 76 31 32
64 77 58 69
64 78 98 66
64 79 4 38
64 80 48 56
64 81 4 91
64 82 84 36
64 83 77 22
64 84 20 18
64 85 94 39
64 86 19 20
64 87 72 30
64 88 24 52
64 89 90 66
64 90 42 89
64 91 58 52
64 92 39 39
64 93 56 79
64 94 11 51
64 95 5 31
64 96 8 36
64 97 96 0
64 98 32 70
64 99 38 88
65 66 99 74
65 67 92 7
65 68 2 31
65 69 34 40
65 70 11 63
65 71 26 18
65 72 95 5
65 73 51 72
65 74 51 30
65 75 94 54
65 76 84 66
65 77 70 28
65 78 56 21
65 79 26 35
65 80 58 63
65 81 72 31
65 82 63 63
65 83 51 32
65 84 7 27
65 85 56 68
65 86 89 50
65 87 47 15
65 88 90 19
65 89 58 25
65 90 5 30
65 91 44 47
65 92 80 26
65 93 21 68
65 94 63 19
65 95 40 53
65 96 90 33
65 97 12 60
65 98 0 81
65 99 55 58
66 67 12 36
66 68 82 22
66 69 91 34
66 70 36 38
66 71 68 70
66 72 38 35
66 73 41 56
66 74 62 35
66 75 71 29
66 76 23 51
66 77 46 17
66 78 98 0
66 79 51 88
66 80 70 53
66 81 5 59
66 82 66 57
66 83 7 41
66 84 19 28
66 85 50 10
66 86 91 9
66 87 0 29
66 88 82 64
66 89 82 34
66 90 80 54
66 91 98 40
66 92 0 64
66 93 26 28
66 94 67 14
66 95 36 79
66 96 34 84
66 97 14 42
66 98 90 4
66 99 43 50
67 68 65 79
67 69 92 15
67 70 92 47
67 71 4 29
67 72 69 25
67 73 50 82
67 74 18 55
67 75 98 49
67 76 35 63
67 77 29 49
67 78 31 84
67 79 11 40
67 80 76 48
67 81 92 41
67 82 66 70
67 83 17 34
67 84 98 6
67 85 0 47
67 86 22 28
67 87 48 32
67 88 60 83
67 89 38 41
67 90 81 21
67 91 90 77
67 92 90 5
67 93 49 32
67 94 4 53
67 95 90 8
67 96 21 91
67 97 87 51
67 98 33 89
67 99 22 82
68 69 49 58
68 70 4 31
68 71 93 74
68 72 83 48
68 73 26 37
68 74 41 22
68 75 25 44
68 76 15 46
68 77 38 17
68 78 28 19
68 79 95 13
68 80 16 72
68 81 85 42
68 82 67 51
68 83 80 32
68 84 23 41
68 85 95 15
68 86 21 24
68 87 47 61
68 88 34 92
68 89 21 47
68 90 89 60
68 91 28 79
68 92 29 27
68 93 41 90
68 94 69 72
68 95 4 84
68 96 67 76
68 97 46 60
68 98 73 46
68 99 72 14
69 70 92 68
69 71 37 34
69 72 1 94
69 73 68 41
69 74 64 70
69 75 31 54
69 76 94 14
69 77 69 14
69 78 94 31
69 79 98 77
69 80 76 24
69 81 44 66
69 82 89 63
69 83 77 40
69 84 90 27
69 85 49 76
69 86 52 23
69 87 18 60
69 88 96 52
69 89 21 47
69 90 15 58
69 91 66 57
69 92 4 39
69 93 57 31
69 94 67 85
69 95 3 93
69 96 70 19
69 97 35 46
69 98 45 75
69 99 75 42
70 71 96 51
70 72 1 22
70 73 27 73
70 74 77 12
70 75 18 57
70 76 16 26
70 77 0 60
70 78 66 29
70 79 82 9
70 80 44 32
70 81 51 40
70 82 79 71
70 83 72 51
70 84 20 64
70 85 1 97
70 86 4 30
70 87 80 51
70 88 81 44
70 89 24 66
70 90 8 71
70 91 54 62
70 92 77 30
70 93 44 24
70 94 60 76
70 95 82 4
70 96 77 28
70 97 49 83
70 98 68 82
70 99 69 13
71 72 99 32
71 73 33 55
71 74 67 75
71 75 3 54
71 76 68 17
71 77 41 39
71 78 39 91
71 79 80 26
71 80 62 76
71 81 53 38
71 82 35 88
71 83 53 51
71 84 58 87
71 85 30 68
71 86 41 36
71 87 12 49
71 88 44 82
71 89 42 16
71 90 86 67
71 91 59 52
71 92 85 65
71 93 73 59
71 94 77 77
71 95 76 31
71 96 13 78
71 97 51 44
71 98 70 40
71 99 48 13
72 73 35 38
72 74 98 52
72 75 8 33
72 76 64 27
72 77 1 23
72 78 84 16
72 79 18 89
72 80 70 49
72 81 83 76
72 82 96 80
72 83 88 42
72 84 23 80
72 85 54 53
72 86 17 68
72 87 65 35
72 88 57 49
72 89 23 18
72 90 4 46
72 91 15 40
72 92 98 80
72 93 96 2
72 94 97 75
72 95 59 12
72 96 69 68
72 97 0 50
72 98 28 84
72 99 31 71
73 74 22 89
73 75 53 53
73 76 94 53
73 77 94 25
73 78 88 13
73 79 76 67
73 80 65 71
73 81 21 67
73 82 44 28
73 83 20 57
73 84 66 23
73 85 52 38
73 86 63 9
73 87 94 17
73 88 33 44
73 89 5 41
73 90 62 33
73 91 23 44
73 92 53 67
73 93 9 97
73 94 15 86
73 95 74 44
73 96 2 69
73 97 98 22
73 98 58 68
73 99 80 57
74 75 24 87
74 76 59 68
74 77 86 68
74 78 33 13
74 79 31 53
74 80 5 80
74 81 7 29
74 82 33 86
74 83 76 55
74 84 26 23
74 85 59 11
74 86 40 62
74 87 90 48
74 88 55 55
74 89 55 62
74 90 55 39
74 91 10 63
74 92 82 45
74 93 65 68
74 94 93 7
74 95 71 30
74 96 62 68
74 97 89 63
74 98 6 24
74 99 23 34
75 76 56 39
75 77 78 44
75 78 93 36
75 79 98 79
75 80 53 43
75 81 37 17
75 82 76 44
75 83 28 51
75 84 81 70
75 85 67 14
75 86 18 77
75 87 40 65
75 88 40 90
75 89 52 59
75 90 51 69
75 91 65 30
75 92 52 10
75 93 53 66
75 94 59 86
75 95 25 83
75 96 6 57
75 97 58 54
75 98 91 33
75 99 88 32
76 77 14 24
76 78 62 78
76 79 4 78
76 80 3 39
76 81 46 62
76 82 42 83
76 83 13 75
76 84 17 78
76 85 32 52
76 86 52 49
76 87 76 24
76 88 57 75
76 89 33 68
76 90 82 19
76 91 31 37
76 92 61 67
76 93 41 26
76 94 88 55
76 95 42 12
76 96 43 31
76 97 44 57
76 98 96 58
76 99 64 78
77 78 1 54
77 79 60 86
77 80 2 50
77 81 51 24
77 82 13 49
77 83 47 54
77 84 44 30
77 85 92 13
77 86 7 40
77 87 51 71
77 88 28 36
77 89 42 24
77 90 39 72
77 91 63 78
77 92 26 91
77 93 47 69
77 94 57 67
77 95 9 95
77 96 79 31
77 97 24 69
77 98 79 26
77 99 24 59
78 79 92 73
78 80 44 51
78 81 23 41
78 82 15 62
78 83 64 62
78 84 12 34
78 85 4 26
78 86 37 76
78 87 74 19
78 88 17 60
78 89 27 15
78 90 7 39
78 91 7 68
78 92 41 31
78 93 56 62
78 94 95 50
78 95 52 87
78 96 35 16
78 97 93 67
78 98 57 75
78 99 68 22
79 80 66 8
79 81 14 34
79 82 40 38
79 83 92 12
79 84 25 65
79 85 50 16
79 86 46 19
79 87 38 71
79 88 5 45
79 89 72 65
79 90 31 25
79 91 27 54
79 92 84 71
79 93 17 95
79 94 91 33
79 95 17 95
79 96 0 62
79 97 79 48
79 98 27 25
79 99 61 49
80 81 10 58
80 82 81 48
80 83 81 69
80 84 52 52
80 85 49 19
80 86 70 84
80 87 66 21
80 88 73 72
80 89 85 11
80 90 59 23
80 91 63 16
80 92 64 54
80 93 75 63
80 94 39 88
80 95 46 40
80 96 23 87
80 97 20 69
80 98 83 16
80 99 52 38
81 82 31 73
81 83 94 73
81 84 71 8
81 85 90 77
81 86 36 38
81 87 26 67
81 88 53 88
81 89 32 40
81 90 65 62
81 91 32 40
81 92 59 81
81 93 7 58
81 94 88 74
81 95 82 58
81 96 70 58
81 97 5 88
81 98 36 37
81 99 33 43
82 83 65 83
82 84 4 53
82 85 35 26
82 86 20 51
82 87 20 67
82 88 1 75
82 89 38 18
82 90 71 23
82 91 45 19
82 92 84 28
82 93 8 81
82 94 0 65
82 95 13 68
82 96 78 23
82 97 91 16
82 98 21 78
82 99 59 56
83 84 43 14
83 85 97 1
83 86 76 29
83 87 12 74
83 88 71 24
83 89 84 82
83 90 13 82
83 91 64 67
83 92 27 70
83 93 83 70
83 94 4 85
83 95 95 45
83 96 93 57
83 97 30 23
83 98 73 39
83 99 26 28
84 85 24 93
84 86 88 35
84 87 39 75
84 88 78 69
84 89 46 53
84 90 12 37
84 91 22 26
84 92 62 49
84 93 38 55
84 94 52 88
84 95 17 95
84 96 13 83
84 97 30 30
84 98 89 56
84 99 51 57
85 86 59 86
85 87 10 30
85 88 82 15
85 89 86 25
85 90 94 59
85 91 91 69
85 92 90 8
85 93 56 34
85 94 15 29
85 95 52 31
85 96 72 59
85 97 69 26
85 98 37 43
85 99 6 44
86 87 50 50
86 88 95 75
86 89 65 13
86 90 48 46
86 91 84 32
86 92 52 88
86 93 98 50
86 94 34 79
86 95 82 7
86 96 5 19
86 97 42 52
86 98 43 12
86 99 29 21
87 88 11 67
87 89 21 23
87 90 49 86
87 91 46 21
87 92 73 35
87 93 39 46
87 94 28 51
87 95 26 75
87 96 28 16
87 97 26 94
87 98 8 36
87 99 32 16
88 89 13 91
88 90 3 88
88 91 76 5
88 92 1 61
88 93 13 64
88 94 21 84
88 95 74 73
88 96 68 85
88 97 68 61
88 98 22 55
88 99 14 52
89 90 98 68
89 91 72 45
89 92 71 74
89 93 76 16
89 94 94 79
89 95 66 25
89 96 38 38
89 97 37 43
89 98 75 62
89 99 76 12
90 91 88 49
90 92 57 62
90 93 58 68
90 94 30 86
90 95 0 73
90 96 97 64
90 97 50 27
90 98 83 34
90 99 6 55
91 92 51 46
91 93 31 50
91 94 50 17
91 95 85 53
91 96 36 71
91 97 17 31
91 98 51 67
91 99 11 31
92 93 68 54
92 94 89 20
92 95 97 66
92 96 6 33
92 97 14 50
92 98 95 28
92 99 21 25
93 94 67 54
93 95 29 28
93 96 73 68
93 97 37 39
93 98 59 41
93 99 13 78
94 95 78 36
94 96 40 37
94 97 57 64
94 98 89 73
94 99 65 32
95 96 86 25
95 97 50 74
95 98 7 38
95 99 41 63
96 97 58 46
96 98 10 23
96 99 29 21
97 98 66 76
97 99 6 94
98 99 84 15
0
2421
92 5192
93 5118
94 5048
95 4995
96 4945
97 4904
98 4863
99 4826
100 4795
101 4761
102 4730
103 4698
104 4667
105 4637
106 4606
107 4580
108 4554
109 4529
110 4504
111 4479
112 4457
113 4432
114 4412
115 4387
116 4368
117 4352
118 4329
119 4310
120 4294
121 4274
122 4255
123 4239
124 4219
125 4200
126 4184
127 4165
128 4149
129 4130
130 4114
131 4095
132 4080
133 4066
134 4049
135 4034
136 4022
137 4007
138 3992
139 3980
140 3969
141 3956
142 3944
143 3931
144 3919
145 3908
146 3898
147 3886
148 3873
149 3861
150 3850
151 3842
152 3830
153 3819
154 3810
155 3800
156 3789
157 3779
158 3769
159 3758
160 3749
161 3739
162 3729
163 3718
164 3710
165 3699
166 3690
167 3679
168 3671
169 3660
170 3651
171 3643
172 3632
173 3624
174 3613
175 3604
176 3596
177 3585
178 3579
179 3568
180 3562
181 3551
182 3545
183 3534
184 3528
185 3518
186 3511
187 3501
188 3494
189 3488
190 3478
191 3472
192 3461
193 3455
194 3448
195 3441
196 3432
197 3426
198 3419
199 3412
200 3406
201 3399
202 3392
203 3386
204 3379
205 3373
206 3366
207 3360
208 3354
209 3348
210 3342
211 3337
212 3331
213 3325
214 3319
215 3313
216 3308
217 3302
218 3296
219 3290
220 3284
221 3279
222 3273
223 3267
224 3261
225 3256
226 3250
227 3244
228 3239
229 3233
230 3227
231 3222
232 3216
233 3210
234 3205
235 3199
236 3194
237 3188
238 3182
239 3177
240 3171
241 3166
242 3161
243 3155
244 3152
245 3146
246 3142
247 3136
248 3133
249 3127
250 3122
251 3117
252 3111
253 3108
254 3102
255 3098
256 3092
257 3089
258 3083
259 3079
260 3073
261 3070
262 3064
263 3061
264 3055
265 3052
266 3046
267 3043
268 3037
269 3034
270 3031
271 3026
272 3022
273 3017
274 3014
275 3011
276 3006
277 3002
278 2999
279 2995
280 2991
281 2988
282 2984
283 2980
284 2977
285 2974
286 2969
287 2966
288 2963
289 2959
290 2956
291 2953
292 2950
293 2947
294 2944
295 2940
296 2937
297 2934
298 2931
299 2928
300 2925
301 2922
302 2919
303 2916
304 2913
305 2910
306 2907
307 2904
308 2901
309 2898
310 2895
311 2892
312 2889
313 2886
314 2883
315 2880
316 2877
317 2874
318 2871
319 2869
320 2866
321 2863
322 2860
323 2858
324 2855
325 2853
326 2851
327 2848
328 2846
329 2843
330 2841
331 2839
332 2836
333 2834
334 2832
335 2830
336 2827
337 2825
338 2823
339 2821
340 2818
341 2816
342 2814
343 2811
344 2809
345 2807
346 2805
347 2802
348 2800
349 2798
350 2796
351 2793
352 2791
353 2790
354 2787
355 2785
356 2783
357 2781
358 2778
359 2776
360 2774
361 2772
362 2769
363 2767
364 2766
365 2763
366 2761
367 2759
368 2757
369 2754
370 2752
371 2750
372 2748
373 2746
374 2744
375 2742
376 2740
377 2737
378 2735
379 2733
380 2731
381 2729
382 2727
383 2725
384 2723
385 2721
386 2718
387 2716
388 2715
389 2713
390 2710
391 2708
392 2706
393 2704
394 2703
395 2700
396 2698
397 2696
398 2695
399 2692
400 2690
401 2688
402 2686
403 2685
404 2683
405 2680
406 2678
407 2677
408 2675
409 2673
410 2671
411 2670
412 2668
413 2667
414 2665
415 2663
416 2661
417 2660
418 2658
419 2656
420 2654
421 2653
422 2651
423 2650
424 2648
425 2646
426 2644
427 2643
428 2641
429 2640
430 2638
431 2637
432 2635
433 2633
434 2632
435 2630
436 2628
437 2627
438 2626
439 2624
440 2622
441 2620
442 2619
443 2617
444 2616
445 2614
446 2612
447 2610
448 2609
449 2607
450 2606
451 2604
452 2603
453 2601
454 2599
455 2598
456 2596
457 2594
458 2593
459 2592
460 2590
461 2589
462 2587
463 2585
464 2583
465 2582
466 2581
467 2579
468 2578
469 2576
470 2575
471 2573
472 2571
473 2570
474 2569
475 2567
476 2566
477 2564
478 2563
479 2561
480 2559
481 2558
482 2557
483 2555
484 2554
485 2552
486 2551
487 2549
488 2548
489 2546
490 2545
491 2544
492 2542
493 2540
494 2539
495 2538
496 2536
497 2535
498 2533
499 2532
500 2530
501 2529
502 2527
503 2526
504 2525
505 2523
506 2522
507 2520
508 2519
509 2517
510 2516
511 2515
512 2513
513 2512
514 2510
515 2509
516 2507
517 2506
518 2505
519 2503
520 2502
521 2500
522 2499
523 2497
524 2496
525 2495
526 2493
527 2492
528 2490
529 2489
530 2487
531 2486
532 2485
533 2483
534 2482
535 2480
536 2479
537 2478
538 2476
539 2475
540 2474
541 2472
542 2471
543 2469
544 2468
545 2467
546 2465
547 2464
548 2462
549 2461
550 2460
551 2458
552 2457
553 2456
554 2454
555 2453
556 2451
557 2450
558 2449
559 2447
560 2446
561 2445
562 2444
563 2443
564 2441
565 2440
566 2439
567 2437
568 2436
569 2435
570 2433
571 2432
572 2431
573 2430
574 2429
575 2427
576 2426
577 2425
578 2424
579 2423
580 2422
581 2420
582 2419
583 2418
584 2417
585 2416
586 2414
587 2413
588 2412
589 2411
590 2410
591 2409
592 2408
593 2407
594 2406
595 2405
596 2403
597 2402
598 2401
599 2400
600 2399
601 2398
602 2397
603 2396
604 2395
605 2394
606 2393
607 2391
608 2390
609 2389
610 2388
611 2387
612 2386
613 2385
614 2384
615 2383
616 2382
617 2381
618 2380
619 2379
620 2378
621 2377
622 2376
623 2374
624 2373
625 2372
626 2371
627 2370
628 2369
629 2368
630 2367
631 2366
632 2365
633 2364
634 2363
635 2362
636 2361
637 2360
638 2359
639 2358
640 2357
641 2356
642 2355
643 2354
644 2353
645 2352
646 2351
647 2350
648 2349
649 2348
650 2347
651 2346
652 2345
653 2344
654 2343
655 2342
656 2341
657 2340
658 2339
660 2338
661 2337
662 2336
663 2335
664 2334
665 2333
666 2332
667 2331
668 2330
669 2329
670 2328
671 2327
672 2326
673 2325
674 2324
675 2323
676 2322
678 2321
679 2320
680 2319
681 2318
682 2317
683 2316
684 2315
685 2314
686 2313
687 2312
688 2311
690 2310
691 2309
692 2308
693 2307
694 2306
695 2305
696 2304
697 2303
698 2302
699 2301
701 2300
702 2299
703 2298
704 2297
705 2296
706 2295
707 2294
709 2293
710 2292
711 2291
712 2290
713 2289
714 2288
715 2287
716 2286
718 2285
719 2284
720 2283
721 2282
722 2281
723 2280
724 2279
726 2278
727 2277
728 2276
729 2275
730 2274
731 2273
732 2272
733 2271
735 2270
736 2269
737 2268
739 2267
740 2266
741 2265
743 2264
744 2263
745 2262
747 2261
748 2260
750 2259
751 2258
753 2257
754 2256
757 2255
758 2254
760 2253
761 2252
763 2251
764 2250
766 2249
767 2248
769 2247
770 2246
771 2245
773 2244
774 2243
776 2242
777 2241
779 2240
780 2239
783 2238
784 2237
786 2236
787 2235
789 2234
790 2233
792 2232
793 2231
795 2230
796 2229
799 2228
800 2227
802 2226
803 2225
805 2224
806 2223
808 2222
810 2221
811 2220
813 2219
815 2218
816 2217
818 2216
819 2215
821 2214
822 2213
825 2212
826 2211
828 2210
829 2209
831 2208
833 2207
834 2206
836 2205
837 2204
839 2203
841 2202
843 2201
844 2200
846 2199
848 2198
850 2197
851 2196
853 2195
854 2194
857 2193
858 2192
860 2191
861 2190
863 2189
865 2188
867 2187
868 2186
870 2185
872 2184
874 2183
875 2182
877 2181
878 2180
881 2179
882 2178
884 2177
886 2176
888 2175
889 2174
891 2173
892 2172
895 2171
896 2170
898 2169
900 2168
902 2167
903 2166
905 2165
906 2164
909 2163
910 2162
912 2161
914 2160
916 2159
917 2158
920 2157
922 2156
923 2155
925 2154
926 2153
929 2152
930 2151
932 2150
934 2149
936 2148
937 2147
940 2146
942 2145
943 2144
945 2143
948 2142
950 2141
951 2140
953 2139
955 2138
957 2137
959 2136
961 2135
962 2134
965 2133
967 2132
968 2131
970 2130
973 2129
975 2128
976 2127
978 2126
981 2125
982 2124
984 2123
986 2122
988 2121
990 2120
992 2119
994 2118
995 2117
998 2116
1000 2115
1001 2114
1003 2113
1006 2112
1008 2111
1009 2110
1011 2109
1014 2108
1016 2107
1017 2106
1019 2105
1022 2104
1023 2103
1025 2102
1028 2101
1030 2100
1031 2099
1033 2098
1036 2097
1038 2096
1039 2095
1041 2094
1044 2093
1045 2092
1047 2091
1050 2090
1052 2089
1053 2088
1055 2087
1058 2086
1060 2085
1061 2084
1063 2083
1066 2082
1068 2081
1069 2080
1072 2079
1074 2078
1076 2077
1078 2076
1080 2075
1082 2074
1084 2073
1086 2072
1088 2071
1090 2070
1092 2069
1094 2068
1097 2067
1098 2066
1101 2065
1103 2064
1105 2063
1107 2062
1109 2061
1111 2060
1113 2059
1115 2058
1117 2057
1120 2056
1121 2055
1123 2054
1126 2053
1128 2052
1130 2051
1132 2050
1134 2049
1136 2048
1138 2047
1140 2046
1143 2045
1144 2044
1146 2043
1149 2042
1151 2041
1153 2040
1155 2039
1157 2038
1160 2037
1161 2036
1163 2035
1166 2034
1168 2033
1170 2032
1172 2031
1174 2030
1176 2029
1178 2028
1180 2027
1183 2026
1184 2025
1186 2024
1189 2023
1191 2022
1193 2021
1195 2020
1197 2019
1200 2018
1202 2017
1204 2016
1206 2015
1208 2014
1210 2013
1212 2012
1214 2011
1217 2010
1219 2009
1221 2008
1223 2007
1225 2006
1228 2005
1230 2004
1232 2003
1234 2002
1236 2001
1238 2000
1240 1999
1243 1998
1245 1997
1247 1996
1249 1995
1251 1994
1254 1993
1256 1992
1258 1991
1260 1990
1262 1989
1265 1988
1267 1987
1269 1986
1271 1985
1274 1984
1276 1983
1278 1982
1280 1981
1283 1980
1285 1979
1287 1978
1289 1977
1291 1976
1294 1975
1296 1974
1298 1973
1300 1972
1303 1971
1305 1970
1307 1969
1309 1968
1312 1967
1314 1966
1316 1965
1319 1964
1321 1963
1323 1962
1325 1961
1328 1960
1330 1959
1332 1958
1334 1957
1337 1956
1339 1955
1341 1954
1344 1953
1347 1952
1348 1951
1351 1950
1354 1949
1355 1948
1358 1947
1360 1946
1363 1945
1365 1944
1367 1943
1369 1942
1372 1941
1374 1940
1376 1939
1379 1938
1381 1937
1383 1936
1386 1935
1389 1934
1390 1933
1393 1932
1395 1931
1398 1930
1400 1929
1402 1928
1405 1927
1408 1926
1409 1925
1412 1924
1415 1923
1416 1922
1419 1921
1422 1920
1425 1919
1426 1918
1429 1917
1432 1916
1435 1915
1438 1914
1439 1913
1442 1912
1445 1911
1447 1910
1450 1909
1452 1908
1454 1907
1457 1906
1460 1905
1462 1904
1464 1903
1467 1902
1470 1901
1473 1900
1475 1899
1477 1898
1480 1897
1483 1896
1486 1895
1488 1894
1490 1893
1493 1892
1496 1891
1498 1890
1500 1889
1503 1888
1506 1887
1509 1886
1511 1885
1513 1884
1516 1883
1519 1882
1522 1881
1524 1880
1527 1879
1529 1878
1532 1877
1534 1876
1537 1875
1540 1874
1543 1873
1546 1872
1547 1871
1550 1870
1554 1869
1557 1868
1559 1867
1562 1866
1564 1865
1567 1864
1569 1863
1572 1862
1575 1861
1578 1860
1580 1859
1582 1858
1585 1857
1589 1856
1592 1855
1595 1854
1598 1853
1601 1852
1603 1851
1605 1850
1608 1849
1612 1848
1615 1847
1618 1846
1621 1845
1624 1844
1626 1843
1628 1842
1631 1841
1635 1840
1638 1839
1641 1838
1644 1837
1647 1836
1649 1835
1652 1834
1655 1833
1659 1832
1662 1831
1665 1830
1668 1829
1671 1828
1673 1827
1676 1826
1680 1825
1683 1824
1686 1823
1689 1822
1692 1821
1695 1820
1698 1819
1701 1818
1704 1817
1707 1816
1710 1815
1713 1814
1717 1813
1720 1812
1723 1811
1726 1810
1729 1809
1732 1808
1735 1807
1738 1806
1741 1805
1744 1804
1748 1803
1751 1802
1754 1801
1757 1800
1760 1799
1763 1798
1766 1797
1769 1796
1772 1795
1776 1794
1779 1793
1782 1792
1785 1791
1789 1790
1791 1789
1794 1788
1798 1787
1801 1786
1804 1785
1807 1784
1810 1783
1814 1782
1817 1781
1820 1780
1823 1779
1827 1778
1829 1777
1832 1776
1836 1775
1839 1774
1842 1773
1845 1772
1849 1771
1852 1770
1855 1769
1858 1768
1861 1767
1865 1766
1868 1765
1871 1764
1874 1763
1878 1762
1881 1761
1884 1760
1887 1759
1890 1758
1894 1757
1897 1756
1900 1755
1903 1754
1907 1753
1910 1752
1913 1751
1916 1750
1920 1749
1923 1748
1926 1747
1929 1746
1932 1745
1936 1744
1939 1743
1942 1742
1945 1741
1949 1740
1952 1739
1955 1738
1958 1737
1962 1736
1965 1735
1968 1734
1971 1733
1975 1732
1978 1731
1981 1730
1984 1729
1988 1728
1991 1727
1994 1726
1997 1725
2001 1724
2004 1723
2007 1722
2010 1721
2014 1720
2017 1719
2020 1718
2024 1717
2027 1716
2030 1715
2033 1714
2037 1713
2040 1712
2043 1711
2046 1710
2050 1709
2053 1708
2056 1707
2060 1706
2063 1705
2066 1704
2070 1703
2073 1702
2076 1701
2079 1700
2083 1699
2086 1698
2089 1697
2093 1696
2096 1695
2100 1694
2103 1693
2106 1692
2109 1691
2113 1690
2116 1689
2119 1688
2124 1687
2126 1686
2130 1685
2134 1684
2137 1683
2140 1682
2144 1681
2147 1680
2151 1679
2155 1678
2158 1677
2161 1676
2165 1675
2168 1674
2172 1673
2175 1672
2179 1671
2183 1670
2186 1669
2189 1668
2193 1667
2196 1666
2200 1665
2204 1664
2207 1663
2211 1662
2214 1661
2217 1660
2221 1659
2225 1658
2228 1657
2232 1656
2235 1655
2239 1654
2242 1653
2246 1652
2250 1651
2253 1650
2257 1649
2260 1648
2264 1647
2267 1646
2271 1645
2275 1644
2278 1643
2282 1642
2285 1641
2289 1640
2292 1639
2296 1638
2300 1637
2303 1636
2307 1635
2310 1634
2314 1633
2317 1632
2321 1631
2325 1630
2328 1629
2332 1628
2335 1627
2339 1626
2342 1625
2346 1624
2350 1623
2353 1622
2357 1621
2360 1620
2365 1619
2368 1618
2371 1617
2375 1616
2379 1615
2382 1614
2386 1613
2390 1612
2393 1611
2397 1610
2400 1609
2405 1608
2408 1607
2411 1606
2416 1605
2419 1604
2423 1603
2427 1602
2430 1601
2434 1600
2437 1599
2441 1598
2446 1597
2448 1596
2452 1595
2456 1594
2460 1593
2464 1592
2467 1591
2471 1590
2475 1589
2478 1588
2483 1587
2487 1586
2489 1585
2494 1584
2497 1583
2501 1582
2505 1581
2508 1580
2512 1579
2516 1578
2520 1577
2524 1576
2527 1575
2531 1574
2535 1573
2538 1572
2543 1571
2547 1570
2549 1569
2554 1568
2557 1567
2561 1566
2565 1565
2568 1564
2573 1563
2577 1562
2580 1561
2584 1560
2588 1559
2592 1558
2596 1557
2600 1556
2604 1555
2607 1554
2612 1553
2615 1552
2619 1551
2623 1550
2627 1549
2631 1548
2634 1547
2639 1546
2643 1545
2646 1544
2650 1543
2654 1542
2658 1541
2662 1540
2666 1539
2670 1538
2673 1537
2678 1536
2682 1535
2685 1534
2689 1533
2693 1532
2697 1531
2701 1530
2705 1529
2709 1528
2712 1527
2717 1526
2721 1525
2724 1524
2728 1523
2732 1522
2736 1521
2740 1520
2744 1519
2748 1518
2751 1517
2756 1516
2760 1515
2763 1514
2767 1513
2771 1512
2775 1511
2779 1510
2783 1509
2787 1508
2790 1507
2795 1506
2799 1505
2802 1504
2806 1503
2810 1502
2815 1501
2818 1500
2822 1499
2826 1498
2831 1497
2834 1496
2838 1495
2842 1494
2846 1493
2850 1492
2854 1491
2858 1490
2862 1489
2865 1488
2870 1487
2874 1486
2877 1485
2881 1484
2885 1483
2890 1482
2893 1481
2897 1480
2901 1479
2906 1478
2909 1477
2913 1476
2917 1475
2921 1474
2925 1473
2929 1472
2933 1471
2937 1470
2941 1469
2945 1468
2949 1467
2953 1466
2957 1465
2961 1464
2965 1463
2969 1462
2973 1461
2977 1460
2981 1459
2985 1458
2989 1457
2993 1456
2997 1455
3001 1454
3005 1453
3009 1452
3013 1451
3017 1450
3021 1449
3025 1448
3029 1447
3033 1446
3037 1445
3041 1444
3045 1443
3049 1442
3053 1441
3057 1440
3061 1439
3065 1438
3069 1437
3073 1436
3077 1435
3081 1434
3085 1433
3090 1432
3093 1431
3097 1430
3101 1429
3106 1428
3109 1427
3113 1426
3117 1425
3122 1424
3125 1423
3129 1422
3134 1421
3138 1420
3142 1419
3146 1418
3150 1417
3154 1416
3158 1415
3162 1414
3166 1413
3170 1412
3174 1411
3179 1410
3182 1409
3186 1408
3191 1407
3195 1406
3199 1405
3203 1404
3207 1403
3211 1402
3215 1401
3220 1400
3223 1399
3227 1398
3232 1397
3236 1396
3240 1395
3244 1394
3248 1393
3253 1392
3257 1391
3261 1390
3265 1389
3269 1388
3273 1387
3277 1386
3282 1385
3285 1384
3289 1383
3294 1382
3298 1381
3302 1380
3307 1379
3311 1378
3315 1377
3319 1376
3323 1375
3327 1374
3332 1373
3335 1372
3339 1371
3344 1370
3348 1369
3352 1368
3357 1367
3361 1366
3365 1365
3369 1364
3373 1363
3377 1362
3382 1361
3386 1360
3390 1359
3395 1358
3399 1357
3403 1356
3407 1355
3412 1354
3416 1353
3420 1352
3425 1351
3429 1350
3433 1349
3437 1348
3442 1347
3446 1346
3450 1345
3454 1344
3459 1343
3463 1342
3467 1341
3472 1340
3476 1339
3480 1338
3485 1337
3489 1336
3493 1335
3498 1334
3502 1333
3506 1332
3510 1331
3515 1330
3519 1329
3523 1328
3528 1327
3532 1326
3536 1325
3541 1324
3545 1323
3549 1322
3554 1321
3558 1320
3562 1319
3567 1318
3571 1317
3575 1316
3580 1315
3584 1314
3588 1313
3592 1312
3597 1311
3601 1310
3605 1309
3610 1308
3614 1307
3618 1306
3623 1305
3627 1304
3631 1303
3636 1302
3640 1301
3644 1300
3649 1299
3653 1298
3657 1297
3662 1296
3666 1295
3670 1294
3675 1293
3679 1292
3683 1291
3688 1290
3692 1289
3696 1288
3701 1287
3705 1286
3709 1285
3714 1284
3718 1283
3722 1282
3727 1281
3731 1280
3735 1279
3740 1278
3744 1277
3748 1276
3753 1275
3757 1274
3761 1273
3766 1272
3770 1271
3774 1270
3779 1269
3783 1268
3788 1267
3792 1266
3796 1265
3801 1264
3805 1263
3809 1262
3814 1261
3818 1260
3822 1259
3827 1258
3831 1257
3835 1256
3840 1255
3844 1254
3848 1253
3853 1252
3857 1251
3862 1250
3866 1249
3870 1248
3875 1247
3879 1246
3883 1245
3888 1244
3892 1243
3896 1242
3901 1241
3905 1240
3909 1239
3914 1238
3918 1237
3922 1236
3927 1235
3931 1234
3936 1233
3940 1232
3944 1231
3949 1230
3953 1229
3957 1228
3962 1227
3966 1226
3971 1225
3975 1224
3979 1223
3984 1222
3988 1221
3992 1220
3997 1219
4001 1218
4006 1217
4010 1216
4014 1215
4019 1214
4023 1213
4028 1212
4032 1211
4036 1210
4041 1209
4045 1208
4050 1207
4054 1206
4058 1205
4063 1204
4067 1203
4072 1202
4076 1201
4081 1200
4085 1199
4090 1198
4094 1197
4098 1196
4103 1195
4107 1194
4112 1193
4116 1192
4121 1191
4125 1190
4130 1189
4135 1188
4139 1187
4144 1186
4148 1185
4153 1184
4157 1183
4162 1182
4166 1181
4171 1180
4175 1179
4179 1178
4184 1177
4188 1176
4193 1175
4197 1174
4202 1173
4206 1172
4211 1171
4216 1170
4220 1169
4225 1168
4229 1167
4234 1166
4238 1165
4243 1164
4248 1163
4252 1162
4257 1161
4261 1160
4265 1159
4270 1158
4274 1157
4279 1156
4283 1155
4288 1154
4292 1153
4297 1152
4302 1151
4306 1150
4311 1149
4315 1148
4320 1147
4324 1146
4329 1145
4334 1144
4338 1143
4343 1142
4347 1141
4352 1140
4356 1139
4361 1138
4366 1137
4370 1136
4375 1135
4379 1134
4384 1133
4389 1132
4393 1131
4398 1130
4402 1129
4407 1128
4412 1127
4416 1126
4421 1125
4426 1124
4431 1123
4435 1122
4440 1121
4444 1120
4449 1119
4455 1118
4458 1117
4463 1116
4469 1115
4473 1114
4478 1113
4482 1112
4487 1111
4492 1110
4496 1109
4501 1108
4506 1107
4511 1106
4515 1105
4520 1104
4524 1103
4529 1102
4535 1101
4538 1100
4543 1099
4549 1098
4553 1097
4558 1096
4563 1095
4568 1094
4572 1093
4577 1092
4582 1091
4587 1090
4591 1089
4596 1088
4601 1087
4605 1086
4610 1085
4616 1084
4620 1083
4625 1082
4630 1081
4635 1080
4639 1079
4644 1078
4649 1077
4654 1076
4659 1075
4664 1074
4668 1073
4673 1072
4678 1071
4683 1070
4688 1069
4693 1068
4698 1067
4702 1066
4707 1065
4712 1064
4717 1063
4722 1062
4727 1061
4732 1060
4737 1059
4741 1058
4746 1057
4751 1056
4756 1055
4761 1054
4766 1053
4771 1052
4776 1051
4781 1050
4785 1049
4790 1048
4796 1047
4800 1046
4805 1045
4810 1044
4815 1043
4820 1042
4825 1041
4830 1040
4835 1039
4840 1038
4845 1037
4850 1036
4854 1035
4859 1034
4865 1033
4869 1032
4874 1031
4879 1030
4884 1029
4889 1028
4894 1027
4899 1026
4904 1025
4909 1024
4914 1023
4919 1022
4924 1021
4929 1020
4934 1019
4938 1018
4943 1017
4949 1016
4954 1015
4959 1014
4963 1013
4968 1012
4973 1011
4978 1010
4983 1009
4988 1008
4993 1007
4998 1006
5003 1005
5008 1004
5013 1003
5018 1002
5023 1001
5029 1000
5033 999
5038 998
5043 997
5048 996
5053 995
5058 994
5063 993
5069 992
5074 991
5078 990
5083 989
5088 988
5094 987
5098 986
5104 985
5109 984
5114 983
5119 982
5123 981
5129 980
5134 979
5139 978
5144 977
5149 976
5154 975
5159 974
5164 973
5169 972
5175 971
5179 970
5185 969
5190 968
5194 967
5200 966
5204 965
5210 964
5215 963
5220 962
5225 961
5230 960
5235 959
5240 958
5245 957
5250 956
5256 955
5261 954
5266 953
5271 952
5275 951
5281 950
5286 949
5291 948
5296 947
5301 946
5306 945
5312 944
5316 943
5322 942
5327 941
5332 940
5337 939
5342 938
5347 937
5353 936
5358 935
5363 934
5368 933
5373 932
5378 931
5384 930
5389 929
5394 928
5399 927
5404 926
5409 925
5415 924
5420 923
5425 922
5430 921
5436 920
5440 919
5447 918
5451 917
5457 916
5461 915
5468 914
5472 913
5478 912
5483 911
5488 910
5493 909
5499 908
5504 907
5509 906
5514 905
5520 904
5524 903
5530 902
5535 901
5541 900
5545 899
5551 898
5556 897
5562 896
5567 895
5572 894
5578 893
5583 892
5588 891
5593 890
5599 889
5604 888
5610 887
5614 886
5621 885
5625 884
5631 883
5635 882
5642 881
5646 880
5652 879
5657 878
5662 877
5668 876
5673 875
5678 874
5683 873
5689 872
5694 871
5700 870
5705 869
5711 868
5716 867
5721 866
5726 865
5732 864
5737 863
5743 862
5748 861
5754 860
5759 859
5764 858
5770 857
5775 856
5780 855
5786 854
5791 853
5797 852
5802 851
5807 850
5813 849
5819 848
5824 847
5829 846
5835 845
5840 844
5845 843
5851 842
5856 841
5862 840
5868 839
5872 838
5878 837
5884 836
5889 835
5895 834
5900 833
5905 832
5911 831
5917 830
5922 829
5927 828
5933 827
5938 826
5944 825
5950 824
5955 823
5960 822
5966 821
5972 820
5977 819
5983 818
5988 817
5993 816
5999 815
6005 814
6011 813
6016 812
6021 811
6027 810
6033 809
6038 808
6044 807
6049 806
6054 805
6060 804
6066 803
6072 802
6077 801
6082 800
6088 799
6094 798
6100 797
6105 796
6110 795
6116 794
6122 793
6127 792
6133 791
6138 790
6143 789
6149 788
6155 787
6161 786
6167 785
6171 784
6177 783
6183 782
6189 781
6194 780
6200 779
6205 778
6211 777
6218 776
6222 775
6228 774
6234 773
6240 772
6246 771
6251 770
6256 769
6262 768
6268 767
6274 766
6279 765
6285 764
6291 763
6297 762
6303 761
6309 760
6314 759
6319 758
6325 757
6331 756
6337 755
6342 754
6348 753
6354 752
6360 751
6366 750
6372 749
6377 748
6382 747
6388 746
6394 745
6400 744
6405 743
6411 742
6417 741
6423 740
6429 739
6435 738
6441 737
6446 736
6451 735
6457 734
6463 733
6469 732
6474 731
6480 730
6486 729
6492 728
6498 727
6504 726
6510 725
6515 724
6521 723
6527 722
6533 721
6538 720
6544 719
6550 718
6556 717
6562 716
6568 715
6575 714
6580 713
6586 712
6592 711
6598 710
6603 709
6609 708
6615 707
6621 706
6627 705
6633 704
6640 703
6646 702
6651 701
6657 700
6663 699
6671 698
6676 697
6682 696
6689 695
6695 694
6701 693
6708 692
6714 691
6720 690
6726 689
6733 688
6739 687
6744 686
6750 685
6756 684
6764 683
6769 682
6775 681
6782 680
6788 679
6794 678
6801 677
6807 676
6813 675
6819 674
6826 673
6832 672
6838 671
6845 670
6851 669
6857 668
6864 667
6870 666
6876 665
6883 664
6889 663
6895 662
6902 661
6908 660
6914 659
6921 658
6927 657
6933 656
6940 655
6946 654
6952 653
6959 652
6965 651
6972 650
6978 649
6984 648
6991 647
6998 646
7004 645
7011 644
7017 643
7023 642
7030 641
7037 640
7043 639
7050 638
7057 637
7063 636
7070 635
7076 634
7082 633
7089 632
7096 631
7102 630
7109 629
7116 628
7123 627
7129 626
7136 625
7143 624
7149 623
7156 622
7163 621
7170 620
7176 619
7183 618
7190 617
7197 616
7203 615
7210 614
7217 613
7223 612
7230 611
7237 610
7244 609
7252 608
7258 607
7264 606
7272 605
7278 604
7285 603
7292 602
7299 601
7306 600
7314 599
7320 598
7326 597
7334 596
7340 595
7348 594
7355 593
7362 592
7368 591
7376 590
7382 589
7389 588
7397 587
7403 586
7411 585
7418 584
7425 583
7431 582
7439 581
7445 580
7453 579
7460 578
7467 577
7475 576
7481 575
7489 574
7496 573
7503 572
7511 571
7518 570
7526 569
7533 568
7541 567
7547 566
7555 565
7562 564
7569 563
7577 562
7584 561
7592 560
7599 559
7607 558
7614 557
7621 556
7629 555
7636 554
7644 553
7651 552
7659 551
7666 550
7674 549
7681 548
7690 547
7697 546
7705 545
7712 544
7721 543
7729 542
7737 541
7746 540
7754 539
7763 538
7772 537
7780 536
7789 535
7798 534
7807 533
7815 532
7824 531
7833 530
7844 529
7852 528
7861 527
7870 526
7883 525
7891 524
7900 523
7909 522
7922 521
7932 520
7941 519
7950 518
7963 517
7973 516
7986 515
7996 514
8009 513
8019 512
8032 511
8043 510
8056 509
8067 508
8080 507
8093 506
8105 505
8118 504
8131 503
8145 502
8159 501
8173 500
8188 499
8202 498
8216 497
8230 496
8246 495
8260 494
8279 493
8295 492
8314 491
8336 490
8355 489
8377 488
8406 487
8428 486
8458 485
