10
0 1 8 89
0 2 14 82
0 3 35 48
0 4 19 87
0 5 52 38
0 6 74 53
0 7 76 47
0 8 76 61
0 9 69 47
1 2 44 60
1 3 54 51
1 4 29 39
1 5 90 16
1 6 25 55
1 7 14 77
1 8 55 47
1 9 17 67
2 3 58 50
2 4 56 41
2 5 86 55
2 6 16 47
2 7 31 77
2 8 14 66
2 9 66 56
3 4 90 14
3 5 29 70
3 6 31 35
3 7 38 48
3 8 58 52
3 9 81 15
4 5 76 18
4 6 53 49
4 7 27 67
4 8 33 75
4 9 92 21
5 6 54 59
5 7 95 6
5 8 91 10
5 9 18 59
6 7 47 36
6 8 21 67
6 9 95 51
7 8 98 49
7 9 22 48
8 9 92 32
0
80
149 644
151 609
156 590
159 580
161 561
166 542
169 532
177 515
180 505
186 498
199 491
201 486
204 474
207 464
220 457
224 454
228 445
237 433
254 423
266 415
271 412
279 408
281 407
283 405
286 404
288 396
295 392
305 386
310 384
312 382
314 377
322 375
327 374
329 371
331 367
339 365
343 359
348 356
356 352
360 349
361 347
365 340
372 336
382 330
389 326
391 324
399 319
406 315
408 314
416 309
420 306
423 305
425 303
433 298
437 295
442 287
454 285
456 283
459 277
471 274
473 273
476 266
485 265
488 264
490 262
493 256
501 254
507 252
515 250
518 244
532 240
544 232
558 230
561 222
575 220
593 217
601 216
605 209
622 199
662 193
