10
0 1 11 74
0 2 97 8
0 3 44 51
0 4 12 76
0 5 38 64
0 6 46 49
0 7 40 63
0 8 40 62
0 9 21 69
1 2 7 82
1 3 7 82
1 4 7 83
1 5 22 73
1 6 63 35
1 7 38 59
1 8 98 11
1 9 44 61
2 3 11 89
2 4 70 31
2 5 26 75
2 6 67 31
2 7 11 80
2 8 40 60
2 9 45 48
3 4 89 19
3 5 91 10
3 6 25 72
3 7 9 83
3 8 2 92
3 9 13 84
4 5 90 22
4 6 42 53
4 7 68 41
4 8 12 80
4 9 86 25
5 6 30 62
5 7 89 20
5 8 5 82
5 9 17 72
6 7 47 58
6 8 4 94
6 9 95 16
7 8 27 69
7 9 24 78
8 9 48 56
0
305
65 756
67 753
69 744
71 741
74 737
76 734
79 732
80 731
81 729
84 725
86 722
88 721
90 718
93 714
95 711
97 709
100 705
102 702
105 700
106 699
107 697
110 693
112 690
114 689
116 686
119 682
121 679
128 677
130 676
131 673
133 670
135 669
137 666
140 665
142 663
143 661
145 658
150 656
152 655
154 652
156 651
157 648
159 645
165 644
166 643
167 641
169 639
171 636
173 635
175 632
178 631
180 629
181 628
182 627
184 625
186 624
188 622
190 621
191 620
192 618
194 617
196 614
201 611
203 610
205 607
208 605
209 604
212 601
215 600
217 598
218 597
219 596
221 594
223 593
225 591
227 589
229 586
233 583
238 580
240 579
241 576
243 573
249 570
251 569
253 567
255 564
257 563
259 560
262 559
264 557
265 556
266 555
268 553
270 552
272 550
274 549
276 546
278 545
280 542
285 539
288 538
289 536
291 535
293 532
296 531
298 529
299 528
301 526
303 524
305 522
307 521
310 519
312 518
314 516
316 514
318 512
320 511
322 508
326 507
328 505
329 504
330 503
332 501
334 500
335 498
338 497
341 495
342 494
343 493
345 491
347 490
348 489
349 487
352 485
354 484
356 481
359 480
361 479
362 477
365 475
367 474
369 471
372 470
374 469
375 468
376 466
379 464
380 463
382 462
383 460
386 458
389 457
390 456
392 454
393 453
395 452
396 450
399 448
402 447
403 446
405 445
406 443
407 442
409 441
410 439
413 437
414 436
417 435
419 434
420 432
422 431
423 430
425 429
426 427
427 426
430 425
433 423
434 421
436 420
437 419
439 418
440 416
441 415
445 414
447 411
449 410
450 409
453 408
454 405
457 404
458 403
460 402
461 400
464 398
466 397
468 394
471 393
473 392
475 391
476 389
477 388
479 387
482 386
483 385
484 384
485 382
487 381
488 380
489 379
491 377
492 376
495 375
498 373
499 372
500 371
501 370
503 368
505 366
507 365
510 364
512 363
513 361
515 359
518 358
519 355
522 354
526 352
527 350
529 349
530 348
532 347
533 345
534 344
538 343
539 342
540 340
543 338
544 337
547 334
550 333
551 332
553 331
554 329
557 327
559 326
561 323
564 322
566 321
569 319
570 317
571 316
573 315
577 313
578 311
580 310
581 309
584 306
585 305
590 304
591 302
592 301
594 299
597 298
598 295
602 294
604 293
606 290
608 288
612 284
617 283
621 282
622 278
625 276
629 274
631 272
636 267
637 266
643 263
647 262
650 256
656 254
657 252
662 251
664 245
669 244
677 241
680 239
681 235
683 233
688 231
692 230
697 229
700 224
705 222
707 220
709 213
719 212
724 210
725 207
731 203
733 201
737 198
750 190
759 181
775 175
