10
0 1 40 32
0 2 33 40
0 3 72 58
0 4 45 75
0 5 8 73
0 6 55 58
0 7 2 87
0 8 79 44
0 9 76 33
1 2 19 45
1 3 85 19
1 4 74 62
1 5 45 48
1 6 25 62
1 7 18 65
1 8 30 71
1 9 74 34
2 3 27 69
2 4 63 57
2 5 77 49
2 6 56 24
2 7 5 57
2 8 4 73
2 9 18 87
3 4 20 86
3 5 20 73
3 6 66 64
3 7 80 28
3 8 13 59
3 9 69 56
4 5 21 84
4 6 9 53
4 7 68 40
4 8 69 56
4 9 58 56
5 6 44 65
5 7 81 25
5 8 72 26
5 9 97 31
6 7 31 40
6 8 95 7
6 9 73 14
7 8 41 50
7 9 44 65
8 9 7 69
0
101
86 622
87 602
88 600
91 598
92 578
97 576
98 556
116 542
123 531
128 529
129 509
136 501
150 496
154 493
161 485
166 484
171 483
173 476
178 475
187 468
193 462
195 454
198 450
202 446
205 442
216 441
219 437
223 434
227 430
230 426
235 425
239 421
242 417
253 413
256 409
259 407
262 403
266 399
269 395
278 394
283 390
286 388
287 387
291 383
293 380
294 379
303 376
307 374
311 372
313 370
317 366
318 364
320 362
328 360
330 355
340 353
343 351
344 347
347 345
350 341
355 339
357 333
366 332
371 328
375 325
381 322
382 317
391 316
396 312
401 308
408 300
417 299
422 295
429 293
438 292
443 288
447 285
453 282
454 277
463 276
468 272
473 268
480 260
489 259
494 255
503 254
523 253
529 248
530 245
541 243
544 240
584 236
585 234
587 233
589 232
591 228
603 227
643 223
644 221
646 220
650 215
