10
0 1 95 42
0 2 36 46
0 3 0 54
0 4 74 61
0 5 44 73
0 6 45 36
0 7 17 55
0 8 49 61
0 9 94 18
1 2 1 77
1 3 32 69
1 4 94 8
1 5 38 69
1 6 19 64
1 7 15 60
1 8 96 22
1 9 58 36
2 3 3 81
2 4 46 29
2 5 80 55
2 6 92 47
2 7 33 58
2 8 9 63
2 9 65 49
3 4 69 21
3 5 95 11
3 6 11 87
3 7 47 43
3 8 81 55
3 9 72 29
4 5 56 40
4 6 31 59
4 7 32 64
4 8 59 60
4 9 87 34
5 6 61 28
5 7 25 80
5 8 99 46
5 9 29 70
6 7 12 48
6 8 49 46
6 9 71 19
7 8 74 24
7 9 95 3
8 9 55 48
0
103
121 619
125 592
127 587
138 581
139 566
140 562
142 557
152 555
153 551
154 536
163 535
167 525
171 522
173 517
175 513
176 510
178 505
183 502
185 496
187 492
190 484
200 475
207 471
211 470
214 462
218 459
219 450
227 445
232 433
247 431
251 424
253 419
256 417
260 414
267 402
281 400
284 398
286 394
291 386
295 383
300 377
314 375
319 367
324 361
328 358
343 353
346 350
349 348
352 342
362 341
365 338
367 337
370 334
374 331
377 329
379 325
389 322
393 319
395 318
398 315
401 314
403 309
407 306
417 303
426 302
429 301
431 290
441 289
444 286
457 281
460 278
463 276
465 273
468 270
472 267
481 265
490 261
496 251
506 250
518 249
521 248
522 242
527 241
530 234
545 233
546 226
555 222
577 220
579 216
582 215
589 205
604 204
605 197
627 195
636 194
638 187
650 179
672 177
685 173
696 169
699 161
721 159
734 155
