10
0 1 24 34
0 2 71 5
0 3 28 46
0 4 7 53
0 5 64 14
0 6 53 52
0 7 78 12
0 8 87 49
0 9 98 3
1 2 11 96
1 3 58 10
1 4 9 40
1 5 9 52
1 6 28 30
1 7 42 42
1 8 25 24
1 9 33 28
2 3 13 85
2 4 31 21
2 5 23 57
2 6 21 33
2 7 16 87
2 8 59 59
2 9 73 79
3 4 32 50
3 5 54 81
3 6 29 40
3 7 92 72
3 8 62 53
3 9 43 78
4 5 49 80
4 6 5 97
4 7 82 53
4 8 10 24
4 9 95 73
5 6 1 62
5 7 82 69
5 8 17 41
5 9 93 24
6 7 9 85
6 8 76 51
6 9 53 17
7 8 50 52
7 9 74 43
8 9 57 35
0
89
98 570
102 525
107 516
108 507
112 462
120 451
122 450
127 423
128 417
135 412
136 406
138 405
144 401
145 398
146 394
149 392
150 386
155 385
157 382
158 376
161 374
165 371
166 365
169 363
171 362
174 360
175 357
178 355
179 351
182 349
183 343
188 342
190 339
191 333
196 331
198 328
199 322
206 319
207 317
208 314
212 313
213 312
215 306
216 303
223 300
224 298
228 292
232 287
237 284
242 282
244 276
245 273
252 270
253 268
258 266
260 265
261 257
268 254
278 252
280 246
281 243
288 240
289 238
294 236
296 235
297 227
304 224
317 216
324 213
329 211
336 209
337 207
343 206
344 198
351 195
364 187
371 184
376 182
388 180
391 171
398 168
411 160
418 157
423 155
450 153
456 146
463 143
485 139
488 130
