10
0 1 63 87
0 2 67 12
0 3 55 72
0 4 10 52
0 5 63 21
0 6 81 38
0 7 74 68
0 8 60 11
0 9 12 48
1 2 91 44
1 3 11 85
1 4 10 90
1 5 95 57
1 6 54 58
1 7 67 54
1 8 32 75
1 9 44 14
2 3 3 71
2 4 93 41
2 5 16 74
2 6 23 75
2 7 93 50
2 8 75 23
2 9 17 93
3 4 40 13
3 5 61 79
3 6 16 41
3 7 8 80
3 8 39 87
3 9 40 47
4 5 83 61
4 6 33 17
4 7 56 60
4 8 9 67
4 9 1 94
5 6 96 72
5 7 75 37
5 8 12 81
5 9 69 8
6 7 56 30
6 8 67 38
6 9 11 21
7 8 0 46
7 9 29 91
8 9 53 10
0
81
64 602
65 597
67 593
69 590
71 576
72 563
73 558
75 554
76 551
79 547
80 544
82 530
83 517
84 512
87 510
88 505
103 499
104 486
105 481
107 477
109 474
111 470
115 469
116 454
117 441
121 434
137 423
138 410
140 406
142 403
144 399
151 395
161 384
162 382
164 378
165 377
166 375
168 371
174 368
182 353
184 349
186 346
188 342
195 337
197 333
204 329
206 325
208 321
210 318
212 314
218 311
219 309
221 305
233 293
235 289
239 280
241 276
248 272
257 265
259 261
263 252
265 248
285 246
289 239
296 235
297 234
299 230
303 221
305 217
312 213
313 211
321 206
323 202
327 193
329 189
353 180
360 176
371 165
377 152
427 149
433 136
