10
0 1 59 33
0 2 9 93
0 3 90 57
0 4 37 76
0 5 82 26
0 6 95 23
0 7 26 31
0 8 73 53
0 9 42 57
1 2 28 57
1 3 95 44
1 4 32 47
1 5 20 56
1 6 57 56
1 7 17 29
1 8 60 61
1 9 4 66
2 3 61 8
2 4 82 16
2 5 96 39
2 6 3 20
2 7 12 57
2 8 26 92
2 9 28 44
3 4 47 35
3 5 14 38
3 6 48 83
3 7 66 83
3 8 64 64
3 9 31 44
4 5 33 14
4 6 30 55
4 7 30 67
4 8 23 47
4 9 48 41
5 6 87 77
5 7 34 30
5 8 17 90
5 9 8 18
6 7 50 53
6 8 72 36
6 9 69 66
7 8 74 43
7 9 6 92
8 9 24 49
0
28
96 521
103 480
107 458
112 445
114 417
122 415
123 382
131 355
139 353
140 320
156 307
164 298
170 284
186 271
197 262
205 261
217 252
219 235
252 232
267 231
268 224
287 213
335 209
336 202
384 198
392 197
397 195
405 194
