10
0 1 81 46
0 2 22 83
0 3 61 32
0 4 53 58
0 5 61 66
0 6 86 7
0 7 64 25
0 8 82 57
0 9 37 57
1 2 16 83
1 3 17 79
1 4 64 53
1 5 45 74
1 6 94 42
1 7 36 40
1 8 26 56
1 9 23 71
2 3 94 27
2 4 88 47
2 5 92 45
2 6 61 31
2 7 13 53
2 8 57 51
2 9 48 40
3 4 7 64
3 5 73 14
3 6 92 36
3 7 26 50
3 8 29 35
3 9 96 9
4 5 65 56
4 6 16 64
4 7 72 40
4 8 95 52
4 9 39 48
5 6 65 21
5 7 61 28
5 8 91 20
5 9 37 79
6 7 37 68
6 8 7 55
6 9 64 19
7 8 74 57
7 9 81 37
8 9 80 21
0
104
158 631
166 626
167 602
168 598
175 597
176 593
177 575
180 573
181 569
187 559
190 546
195 544
196 540
200 530
201 524
204 522
205 517
208 515
209 511
211 508
214 495
218 488
224 479
228 472
229 469
233 462
239 453
243 446
249 439
254 438
255 430
259 423
264 422
266 421
267 416
268 415
270 414
274 410
276 407
279 405
280 401
282 398
284 394
286 391
291 390
292 387
294 384
295 383
301 378
303 376
307 369
311 362
319 355
329 351
333 344
341 337
354 333
363 327
367 326
368 322
371 319
376 315
379 312
395 311
398 307
399 303
408 299
411 296
421 293
427 290
431 287
433 285
434 281
437 278
453 277
457 276
459 274
460 273
465 269
466 265
469 262
482 259
485 256
497 253
500 250
504 249
513 247
514 243
517 240
535 237
540 235
545 231
548 228
568 226
578 223
581 220
596 217
599 214
610 213
629 209
632 206
643 205
665 202
676 201
