20
0 1 40 39
0 2 46 61
0 3 3 86
0 4 78 48
0 5 52 61
0 6 35 88
0 7 5 64
0 8 17 96
0 9 59 71
0 10 82 62
0 11 20 40
0 12 49 36
0 13 76 75
0 14 45 66
0 15 56 49
0 16 86 8
0 17 75 72
0 18 90 30
0 19 90 20
1 2 49 80
1 3 97 57
1 4 36 31
1 5 70 18
1 6 47 26
1 7 86 40
1 8 88 6
1 9 73 14
1 10 41 84
1 11 69 64
1 12 22 18
1 13 99 64
1 14 41 20
1 15 93 12
1 16 61 52
1 17 21 58
1 18 27 89
1 19 16 38
2 3 92 3
2 4 73 58
2 5 19 47
2 6 13 60
2 7 74 56
2 8 52 41
2 9 24 79
2 10 36 87
2 11 42 50
2 12 31 90
2 13 77 53
2 14 72 54
2 15 5 41
2 16 26 80
2 17 33 41
2 18 61 13
2 19 83 41
3 4 44 68
3 5 31 49
3 6 33 91
3 7 24 83
3 8 46 42
3 9 68 10
3 10 12 28
3 11 77 56
3 12 6 73
3 13 93 12
3 14 97 23
3 15 41 29
3 16 53 49
3 17 49 41
3 18 20 62
3 19 41 58
4 5 31 36
4 6 4 59
4 7 33 43
4 8 72 57
4 9 44 20
4 10 87 19
4 11 42 80
4 12 42 55
4 13 65 8
4 14 81 23
4 15 97 46
4 16 40 75
4 17 42 47
4 18 66 67
4 19 95 3
5 6 72 14
5 7 30 48
5 8 1 19
5 9 12 59
5 10 8 36
5 11 57 61
5 12 73 38
5 13 31 67
5 14 41 41
5 15 93 16
5 16 87 75
5 17 64 66
5 18 77 67
5 19 76 32
6 7 82 9
6 8 35 38
6 9 68 58
6 10 86 16
6 11 22 82
6 12 48 24
6 13 10 72
6 14 93 56
6 15 42 67
6 16 99 62
6 17 28 86
6 18 12 32
6 19 49 56
7 8 78 45
7 9 43 38
7 10 11 36
7 11 77 19
7 12 13 71
7 13 50 14
7 14 91 35
7 15 47 61
7 16 26 84
7 17 88 6
7 18 4 95
7 19 8 52
8 9 39 17
8 10 92 13
8 11 54 67
8 12 91 68
8 13 79 77
8 14 95 28
8 15 23 19
8 16 97 0
8 17 86 8
8 18 77 37
8 19 92 17
9 10 79 75
9 11 49 45
9 12 96 78
9 13 62 75
9 14 47 13
9 15 78 60
9 16 69 15
9 17 68 54
9 18 54 21
9 19 71 22
10 11 30 37
10 12 9 89
10 13 21 58
10 14 17 61
10 15 87 49
10 16 79 61
10 17 20 28
10 18 98 71
10 19 18 29
11 12 88 61
11 13 47 47
11 14 88 34
11 15 66 56
11 16 72 83
11 17 86 37
11 18 3 63
11 19 46 20
12 13 14 60
12 14 92 80
12 15 59 70
12 16 6 40
12 17 14 38
12 18 33 80
12 19 58 46
13 14 54 61
13 15 68 61
13 16 78 18
13 17 53 85
13 18 63 33
13 19 60 74
14 15 17 74
14 16 64 41
14 17 10 38
14 18 77 67
14 19 82 64
15 16 13 36
15 17 51 87
15 18 16 35
15 19 6 60
16 17 40 57
16 18 7 45
16 19 53 74
17 18 67 57
17 19 17 76
18 19 75 56
0
264
142 1054
143 1026
144 1001
145 973
146 965
147 951
148 943
151 939
152 931
153 927
154 914
155 906
156 893
160 881
161 877
162 873
163 856
166 855
167 844
169 836
172 835
173 824
176 823
177 821
179 813
181 812
182 811
183 801
185 800
186 795
187 792
188 791
190 783
193 779
195 778
196 772
197 769
200 760
203 759
206 750
209 749
211 748
212 745
215 736
218 735
221 726
224 725
227 718
230 716
233 708
236 707
238 706
239 703
242 694
245 693
248 684
251 683
255 682
256 680
257 674
263 672
265 670
269 662
272 661
275 657
278 648
281 647
284 638
287 637
292 634
293 628
301 624
305 622
308 621
310 620
311 612
314 611
316 610
318 609
319 608
320 602
324 599
327 595
330 594
333 589
336 585
343 584
344 581
347 579
351 573
354 572
357 571
359 567
360 563
363 562
367 556
370 555
375 552
376 546
384 542
391 540
397 534
403 531
404 530
407 528
411 526
413 521
421 519
425 518
428 515
432 514
434 509
441 505
448 501
456 499
462 493
469 489
479 487
486 483
490 481
493 479
495 477
502 473
507 471
514 467
518 465
525 461
535 457
540 455
547 451
551 449
558 445
568 441
573 439
580 435
584 433
591 429
606 423
613 419
617 417
624 413
640 409
644 407
649 406
651 403
656 402
660 401
662 399
666 397
673 393
677 391
684 387
693 385
697 383
700 381
708 377
716 376
720 375
722 373
727 371
733 370
735 367
740 366
743 365
746 363
750 361
753 359
757 357
760 355
768 351
781 350
784 345
792 344
799 341
800 340
806 337
811 335
816 334
824 330
834 325
844 319
858 318
862 317
864 315
871 312
878 311
882 308
888 305
895 302
904 301
910 299
912 297
914 296
921 293
934 292
935 291
939 290
941 289
942 288
948 287
950 286
954 285
955 284
958 282
963 280
965 279
979 277
980 276
981 275
982 274
987 273
989 271
991 270
1005 268
1009 267
1010 266
1012 265
1019 264
1023 262
1025 261
1027 260
1031 259
1033 257
1035 256
1047 255
1049 253
1057 250
1059 248
1072 247
1074 246
1078 245
1080 243
1082 242
1091 241
1096 239
1101 236
1106 234
1129 233
1132 230
1134 228
1138 227
1148 222
1178 220
1182 219
1201 218
1202 217
1208 216
1212 215
1214 213
1218 212
1222 210
1228 207
1258 205
1262 204
1282 202
1298 200
1328 198
1332 197
1352 195
1383 194
1399 193
1403 192
1423 190
1454 189
