20
0 1 84 16
0 2 24 72
0 3 98 1
0 4 13 83
0 5 14 74
0 6 70 35
0 7 34 66
0 8 90 15
0 9 3 86
0 10 63 33
0 11 69 27
0 12 20 74
0 13 36 62
0 14 28 70
0 15 55 40
0 16 33 69
0 17 79 30
0 18 25 75
0 19 25 68
1 2 70 39
1 3 47 49
1 4 29 68
1 5 32 58
1 6 45 48
1 7 76 32
1 8 41 54
1 9 12 78
1 10 83 23
1 11 46 50
1 12 77 33
1 13 72 32
1 14 14 85
1 15 28 72
1 16 13 74
1 17 83 18
1 18 50 45
1 19 86 15
2 3 26 66
2 4 61 34
2 5 93 6
2 6 86 22
2 7 9 82
2 8 83 18
2 9 46 53
2 10 25 73
2 11 75 27
2 12 29 66
2 13 68 40
2 14 17 76
2 15 1 91
2 16 91 8
2 17 33 68
2 18 58 36
2 19 99 6
3 4 1 93
3 5 40 51
3 6 58 39
3 7 68 32
3 8 54 42
3 9 62 45
3 10 70 32
3 11 50 51
3 12 18 79
3 13 2 83
3 14 15 73
3 15 42 59
3 16 32 63
3 17 72 25
3 18 89 12
3 19 44 57
4 5 30 66
4 6 34 62
4 7 65 41
4 8 7 88
4 9 5 81
4 10 86 24
4 11 25 73
4 12 51 53
4 13 34 67
4 14 91 7
4 15 24 71
4 16 24 65
4 17 25 65
4 18 87 14
4 19 8 81
5 6 89 8
5 7 72 25
5 8 13 82
5 9 83 17
5 10 34 65
5 11 30 62
5 12 42 63
5 13 19 75
5 14 80 21
5 15 28 72
5 16 78 20
5 17 72 29
5 18 43 48
5 19 61 38
6 7 17 80
6 8 55 39
6 9 5 91
6 10 3 86
6 11 14 81
6 12 46 53
6 13 3 95
6 14 74 27
6 15 83 15
6 16 82 24
6 17 6 85
6 18 46 54
6 19 27 63
7 8 72 26
7 9 9 84
7 10 23 79
7 11 23 68
7 12 0 85
7 13 26 74
7 14 14 79
7 15 48 46
7 16 62 44
7 17 88 10
7 18 67 35
7 19 19 72
8 9 25 68
8 10 14 78
8 11 65 42
8 12 51 50
8 13 14 76
8 14 17 71
8 15 78 30
8 16 50 44
8 17 41 60
8 18 53 49
8 19 1 94
9 10 31 72
9 11 47 50
9 12 23 78
9 13 43 60
9 14 89 23
9 15 67 41
9 16 25 74
9 17 90 15
9 18 36 56
9 19 70 36
10 11 18 81
10 12 1 88
10 13 23 77
10 14 8 77
10 15 72 26
10 16 62 32
10 17 42 50
10 18 0 85
10 19 3 84
11 12 71 27
11 13 30 71
11 14 95 13
11 15 31 66
11 16 91 17
11 17 88 13
11 18 41 59
11 19 28 65
12 13 99 4
12 14 96 16
12 15 71 37
12 16 27 68
12 17 94 9
12 18 20 81
12 19 29 63
13 14 64 43
13 15 15 74
13 16 48 50
13 17 90 12
13 18 31 59
13 19 8 92
14 15 92 10
14 16 1 96
14 17 36 64
14 18 22 73
14 19 67 39
15 16 43 58
15 17 13 76
15 18 20 81
15 19 63 44
16 17 47 57
16 18 43 48
16 19 80 31
17 18 53 49
17 19 94 18
18 19 95 11
0
1242
86 1632
87 1624
88 1620
90 1616
92 1610
93 1606
96 1604
97 1600
99 1598
100 1597
102 1593
104 1588
106 1587
107 1586
108 1582
110 1580
111 1579
113 1575
115 1574
116 1573
117 1569
118 1568
119 1567
120 1565
121 1564
122 1562
124 1559
126 1557
127 1555
129 1552
130 1551
131 1549
133 1546
134 1545
135 1544
136 1543
137 1542
138 1539
140 1537
141 1536
142 1535
143 1532
144 1531
146 1529
147 1526
149 1524
150 1523
152 1522
153 1520
155 1517
156 1515
159 1513
161 1511
162 1510
163 1509
164 1506
167 1504
168 1502
171 1500
173 1498
174 1497
175 1496
176 1493
179 1492
180 1491
181 1490
183 1487
184 1486
186 1484
188 1482
191 1480
192 1479
193 1477
195 1476
196 1475
197 1474
199 1473
200 1470
203 1468
205 1465
207 1464
208 1463
210 1461
211 1460
212 1459
213 1458
215 1456
216 1455
217 1454
219 1453
220 1452
221 1451
222 1449
224 1448
225 1447
226 1446
227 1445
228 1444
229 1442
232 1440
233 1439
234 1438
235 1437
236 1436
237 1435
239 1433
240 1432
241 1431
243 1430
244 1429
245 1428
246 1426
248 1425
249 1424
250 1423
251 1422
252 1421
253 1420
254 1419
256 1417
257 1416
258 1415
260 1414
261 1412
263 1410
264 1409
266 1408
267 1407
268 1406
269 1405
270 1404
271 1403
272 1402
273 1401
274 1400
275 1399
276 1398
278 1396
280 1395
281 1393
283 1392
284 1391
285 1390
286 1389
287 1388
288 1387
289 1386
290 1385
291 1384
292 1383
293 1382
295 1380
297 1379
298 1378
299 1377
300 1376
301 1375
302 1374
303 1373
304 1372
306 1370
308 1369
309 1368
310 1366
312 1365
313 1363
316 1361
317 1360
319 1359
320 1357
321 1356
322 1355
323 1354
324 1353
325 1352
327 1351
328 1350
329 1349
330 1348
331 1347
332 1346
333 1345
334 1344
336 1342
338 1341
339 1340
340 1339
341 1338
342 1337
343 1336
345 1335
346 1334
347 1333
348 1332
349 1331
350 1330
351 1329
352 1328
353 1327
354 1326
356 1325
357 1324
358 1323
359 1322
360 1321
361 1320
362 1319
363 1318
364 1317
365 1316
367 1315
368 1314
369 1313
370 1312
371 1311
372 1310
374 1309
375 1308
376 1307
377 1306
378 1305
379 1304
380 1303
381 1302
382 1301
383 1300
385 1299
386 1298
387 1297
388 1296
389 1295
390 1294
391 1293
392 1292
393 1291
395 1290
396 1289
397 1288
398 1287
399 1286
400 1285
401 1284
402 1283
404 1281
406 1280
407 1279
408 1278
409 1277
410 1276
411 1275
412 1274
414 1273
415 1272
416 1271
417 1270
418 1269
419 1268
420 1267
421 1266
423 1264
425 1263
426 1262
427 1261
428 1260
429 1259
430 1258
432 1257
433 1256
434 1255
435 1254
436 1253
437 1252
438 1251
439 1250
440 1249
442 1248
443 1247
444 1246
445 1245
446 1244
447 1243
448 1242
450 1241
451 1240
452 1239
453 1238
454 1237
455 1236
456 1235
457 1234
458 1233
460 1232
461 1231
462 1230
463 1229
464 1228
465 1227
466 1226
467 1225
469 1223
471 1222
472 1221
473 1220
474 1219
475 1218
477 1217
478 1216
479 1215
480 1214
481 1213
482 1212
483 1211
484 1210
485 1209
486 1208
488 1207
489 1206
490 1205
491 1204
492 1203
494 1201
496 1200
497 1199
498 1198
499 1197
500 1196
501 1195
502 1194
504 1193
505 1192
506 1191
507 1190
508 1189
509 1188
510 1187
511 1186
513 1185
514 1184
515 1183
516 1182
517 1181
518 1180
519 1179
520 1178
522 1177
523 1176
524 1175
525 1174
526 1173
527 1172
528 1171
529 1170
531 1168
533 1167
534 1166
535 1165
536 1164
537 1163
539 1162
540 1161
541 1160
542 1159
543 1158
544 1157
545 1156
546 1155
547 1154
548 1153
550 1152
551 1151
552 1150
553 1149
554 1148
555 1147
556 1146
558 1145
559 1144
560 1143
561 1142
562 1141
564 1139
566 1138
567 1137
568 1136
569 1135
570 1134
571 1133
572 1132
573 1131
575 1130
576 1129
577 1128
578 1127
580 1125
582 1124
583 1123
584 1122
585 1121
586 1120
588 1118
590 1117
591 1116
592 1115
594 1114
595 1112
597 1110
599 1109
600 1108
602 1107
603 1106
604 1105
605 1104
606 1103
607 1102
608 1101
610 1100
611 1099
612 1098
613 1097
614 1096
615 1095
616 1094
618 1093
619 1092
620 1091
621 1090
622 1089
623 1088
624 1087
626 1086
627 1085
628 1084
629 1083
630 1082
631 1081
632 1080
634 1079
635 1078
636 1077
637 1076
638 1075
639 1074
640 1073
641 1072
643 1071
644 1070
645 1069
646 1068
647 1067
648 1066
650 1065
651 1064
652 1063
653 1062
654 1061
655 1060
656 1059
657 1058
659 1057
660 1056
661 1055
662 1054
664 1052
665 1051
667 1050
668 1049
669 1048
670 1047
672 1045
674 1044
675 1043
676 1042
678 1041
679 1039
681 1037
683 1036
684 1035
686 1034
687 1033
688 1032
689 1031
690 1030
691 1029
692 1028
694 1027
695 1026
696 1025
697 1024
698 1023
699 1022
700 1021
702 1020
703 1019
704 1018
705 1017
706 1016
707 1015
708 1014
710 1013
711 1012
712 1011
713 1010
714 1009
715 1008
716 1007
718 1006
719 1005
720 1004
721 1003
722 1002
723 1001
724 1000
725 999
727 998
728 997
729 996
731 994
732 993
734 992
735 991
736 990
737 989
738 988
739 987
740 986
742 985
743 984
744 983
746 981
748 979
749 978
751 977
752 976
754 975
755 974
756 973
757 972
758 971
759 970
760 969
762 968
763 967
764 966
765 965
766 964
767 963
768 962
770 961
771 960
772 959
773 958
774 957
775 956
777 955
778 954
779 953
780 952
781 951
782 950
783 949
784 948
786 947
787 946
788 945
790 943
791 942
792 941
794 940
795 939
796 938
797 937
799 935
801 934
802 933
803 932
804 931
805 930
807 928
809 927
810 926
811 925
813 924
814 923
815 922
816 920
818 919
819 918
821 917
822 916
823 915
824 914
825 913
826 912
827 911
829 910
830 909
831 908
832 907
834 905
835 904
837 903
838 902
839 901
840 900
842 898
844 897
845 896
846 895
848 894
849 892
851 890
853 889
854 888
856 887
857 886
858 885
859 884
861 882
863 881
864 880
865 879
866 878
867 877
868 876
869 875
870 874
872 873
873 872
875 870
877 869
878 867
880 866
881 865
883 864
884 863
885 862
886 861
887 860
888 859
889 858
891 857
892 856
893 855
894 854
896 852
897 851
899 850
900 849
901 848
902 847
904 845
906 844
907 843
908 842
910 841
911 839
913 837
915 836
916 835
918 834
919 833
920 832
921 831
923 829
925 828
926 827
927 826
928 825
930 823
932 821
934 820
935 819
937 818
938 817
939 816
940 815
941 814
942 813
943 812
945 811
946 810
947 809
949 807
951 805
953 804
955 803
956 802
957 801
958 800
959 799
960 798
961 797
962 796
964 795
965 794
966 793
968 791
970 789
972 788
974 787
975 786
976 785
977 784
978 783
979 782
980 781
981 780
983 779
985 777
987 776
988 775
989 774
990 773
991 772
993 771
994 770
995 769
996 768
997 767
998 766
999 765
1000 764
1002 763
1004 762
1005 761
1006 760
1008 758
1009 757
1010 756
1012 755
1013 754
1014 753
1015 752
1017 751
1018 749
1020 748
1022 747
1023 746
1024 745
1025 744
1027 742
1028 741
1029 740
1031 739
1032 738
1033 737
1035 736
1036 735
1038 734
1039 732
1041 731
1042 730
1043 729
1044 728
1046 727
1047 725
1048 724
1050 723
1052 722
1053 721
1054 720
1056 719
1057 718
1058 716
1060 715
1061 714
1062 713
1063 712
1065 711
1067 710
1068 709
1069 708
1070 707
1071 706
1072 705
1073 704
1075 703
1076 702
1077 700
1079 699
1080 698
1082 697
1084 696
1085 695
1086 694
1087 693
1088 692
1089 691
1090 690
1092 688
1094 687
1095 686
1096 685
1098 684
1099 683
1100 682
1101 681
1103 680
1104 679
1105 678
1106 677
1107 676
1108 675
1109 674
1111 673
1113 672
1114 671
1115 670
1116 669
1117 668
1118 667
1119 666
1121 665
1122 664
1123 663
1124 662
1125 661
1126 660
1128 659
1129 658
1130 657
1132 656
1133 655
1134 654
1136 652
1138 651
1139 650
1140 649
1141 648
1143 647
1144 646
1145 645
1146 644
1147 643
1148 642
1150 641
1151 640
1153 639
1154 638
1155 636
1157 635
1158 634
1160 633
1161 632
1162 631
1163 630
1165 629
1166 628
1167 627
1168 626
1170 624
1172 623
1173 622
1175 621
1176 619
1178 618
1179 617
1180 616
1182 615
1183 614
1184 613
1185 612
1187 610
1189 609
1191 607
1193 606
1194 605
1195 604
1196 603
1197 602
1199 601
1200 600
1201 599
1202 598
1204 597
1205 596
1206 595
1207 594
1208 593
1210 592
1211 591
1212 590
1214 588
1216 587
1217 586
1219 585
1220 584
1221 583
1222 582
1223 581
1224 580
1225 579
1226 578
1228 577
1229 576
1231 575
1232 574
1233 573
1235 571
1237 570
1238 569
1239 568
1240 567
1241 566
1243 565
1244 564
1246 562
1248 561
1249 560
1250 559
1252 558
1253 557
1254 555
1256 554
1257 553
1258 552
1260 551
1261 550
1263 549
1264 548
1265 547
1266 546
1267 545
1269 543
1271 542
1272 541
1273 540
1275 539
1276 538
1277 537
1278 536
1279 535
1281 534
1282 533
1283 532
1284 531
1285 530
1286 529
1288 528
1290 527
1291 526
1292 525
1293 524
1294 523
1296 522
1297 521
1298 520
1299 519
1300 518
1301 517
1303 516
1305 515
1306 513
1307 512
1309 511
1310 510
1311 509
1313 507
1315 506
1316 505
1317 504
1319 503
1320 502
1321 501
1322 500
1324 499
1325 498
1326 497
1328 495
1330 494
1331 493
1332 492
1334 491
1335 490
1336 489
1337 488
1338 487
1339 486
1341 485
1343 484
1344 483
1345 481
1347 480
1349 479
1350 478
1351 477
1352 476
1353 475
1354 474
1356 473
1357 472
1358 471
1359 470
1360 469
1362 468
1363 467
1365 465
1366 464
1368 463
1369 462
1370 461
1372 460
1373 459
1374 458
1376 457
1377 456
1378 455
1379 454
1380 453
1381 452
1383 451
1384 450
1385 449
1387 448
1388 447
1389 446
1390 445
1391 444
1393 443
1394 442
1396 441
1397 439
1398 438
1400 437
1402 436
1403 435
1404 434
1405 433
1406 432
1408 431
1410 429
1411 428
1412 427
1413 426
1415 425
1417 424
1418 422
1420 421
1421 420
1422 419
1424 418
1425 417
1426 416
1428 415
1429 414
1430 413
1431 412
1433 410
1435 409
1436 408
1437 407
1438 406
1440 405
1441 404
1443 403
1444 402
1445 401
1446 400
1448 399
1449 398
1450 396
1452 395
1453 394
1455 393
1456 392
1457 391
1458 390
1460 389
1461 388
1463 387
1464 386
1465 384
1467 383
1469 382
1470 381
1471 380
1472 379
1473 378
1475 377
1476 376
1477 375
1479 374
1481 372
1482 371
1484 370
1485 369
1487 368
1488 367
1489 366
1490 364
1492 363
1494 362
1496 360
1498 359
1499 358
1500 357
1502 356
1503 355
1504 354
1505 352
1507 351
1509 349
1512 348
1513 346
1515 345
1516 344
1518 343
1519 342
1521 340
1522 339
1524 337
1526 336
1528 334
1530 333
1531 332
1533 331
1534 330
1535 329
1536 328
1538 327
1539 326
1540 325
1541 324
1543 323
1544 322
1545 321
1547 320
1548 319
1550 317
1552 316
1553 315
1554 314
1555 313
1557 312
1558 311
1559 310
1561 309
1562 308
1564 307
1565 306
1566 305
1567 304
1569 303
1570 302
1571 301
1572 300
1574 299
1575 298
1576 297
1578 296
1579 295
1581 293
1583 292
1584 291
1585 290
1586 289
1588 288
1589 287
1590 286
1592 285
1593 284
1595 283
1597 281
1598 280
1600 279
1601 278
1602 277
1603 276
1605 275
1606 274
1607 273
1609 272
1611 271
1612 270
1613 269
1614 268
1616 267
1617 266
1618 265
1619 264
1621 263
1622 262
1623 261
1625 260
1626 259
1628 258
1629 257
1630 256
1632 255
1633 254
1634 253
1636 252
1637 251
1638 250
1641 248
1643 247
1645 245
1647 244
1648 243
1649 242
1651 241
1652 240
1654 239
1656 238
1657 237
1658 236
1660 235
1661 234
1662 233
1664 232
1665 231
1667 230
1670 229
1671 228
1672 227
1674 226
1675 225
1676 224
1678 223
1681 222
1682 221
1684 220
1685 219
1686 218
1688 217
1692 216
1693 215
1695 214
1698 213
1700 212
1702 211
1705 210
1707 209
1710 208
1713 207
1715 206
1719 205
1722 204
1726 203
1730 202
1733 201
1737 200
