20
0 1 57 47
0 2 97 8
0 3 47 52
0 4 24 69
0 5 91 7
0 6 95 15
0 7 73 26
0 8 1 84
0 9 96 16
0 10 97 15
0 11 48 55
0 12 5 81
0 13 22 66
0 14 27 73
0 15 57 46
0 16 46 50
0 17 3 82
0 18 52 47
0 19 40 56
1 2 21 73
1 3 97 14
1 4 59 43
1 5 41 58
1 6 36 58
1 7 94 7
1 8 40 62
1 9 72 27
1 10 57 40
1 11 60 42
1 12 79 18
1 13 93 11
1 14 61 43
1 15 80 23
1 16 97 16
1 17 35 60
1 18 88 18
1 19 50 50
2 3 95 14
2 4 25 69
2 5 35 64
2 6 24 74
2 7 40 50
2 8 89 23
2 9 93 15
2 10 79 30
2 11 5 91
2 12 17 84
2 13 20 82
2 14 66 31
2 15 95 10
2 16 28 64
2 17 63 42
2 18 58 40
2 19 56 44
3 4 93 13
3 5 65 35
3 6 11 87
3 7 5 88
3 8 4 95
3 9 67 28
3 10 75 26
3 11 21 67
3 12 66 32
3 13 90 14
3 14 92 17
3 15 6 80
3 16 21 77
3 17 86 17
3 18 98 14
3 19 80 23
4 5 69 38
4 6 90 16
4 7 83 29
4 8 37 57
4 9 46 46
4 10 91 7
4 11 75 29
4 12 17 80
4 13 38 55
4 14 4 93
4 15 11 85
4 16 86 17
4 17 94 18
4 18 92 15
4 19 38 53
5 6 25 68
5 7 19 68
5 8 31 61
5 9 67 34
5 10 32 62
5 11 92 10
5 12 23 75
5 13 47 51
5 14 29 64
5 15 61 32
5 16 36 58
5 17 58 48
5 18 50 51
5 19 98 9
6 7 1 84
6 8 38 52
6 9 79 31
6 10 16 83
6 11 31 62
6 12 62 43
6 13 55 38
6 14 2 86
6 15 79 28
6 16 2 90
6 17 10 90
6 18 9 90
6 19 8 78
7 8 95 8
7 9 63 40
7 10 7 91
7 11 64 41
7 12 61 33
7 13 17 83
7 14 64 31
7 15 70 27
7 16 67 27
7 17 48 51
7 18 35 64
7 19 76 20
8 9 2 90
8 10 74 35
8 11 28 64
8 12 22 74
8 13 8 90
8 14 84 23
8 15 51 47
8 16 47 51
8 17 52 54
8 18 83 19
8 19 70 39
9 10 76 27
9 11 56 38
9 12 13 74
9 13 27 72
9 14 98 14
9 15 39 64
9 16 59 39
9 17 66 36
9 18 56 50
9 19 91 11
10 11 80 18
10 12 87 14
10 13 74 31
10 14 57 45
10 15 3 88
10 16 82 25
10 17 61 41
10 18 90 11
10 19 2 84
11 12 76 32
11 13 13 79
11 14 87 14
11 15 27 75
11 16 55 48
11 17 81 15
11 18 88 24
11 19 29 62
12 13 52 41
12 14 9 79
12 15 83 24
12 16 44 47
12 17 69 30
12 18 15 83
12 19 94 10
13 14 33 63
13 15 32 59
13 16 31 58
13 17 89 15
13 18 74 28
13 19 40 57
14 15 81 22
14 16 76 27
14 17 14 78
14 18 68 34
14 19 97 14
15 16 3 88
15 17 71 25
15 18 61 40
15 19 64 41
16 17 82 26
16 18 92 11
16 19 7 81
17 18 14 78
17 19 41 61
18 19 43 52
0
1131
112 1624
113 1616
116 1614
117 1608
118 1600
121 1598
122 1593
123 1588
126 1586
127 1581
128 1578
129 1576
133 1569
136 1565
137 1564
139 1562
140 1558
141 1555
142 1553
143 1552
146 1546
147 1545
150 1542
151 1540
152 1539
153 1537
154 1536
155 1533
157 1530
158 1529
161 1526
162 1524
164 1522
165 1521
166 1517
169 1516
172 1515
173 1509
176 1508
177 1506
178 1505
179 1504
180 1503
181 1502
182 1500
184 1499
185 1497
186 1493
189 1490
192 1489
193 1487
195 1485
196 1482
199 1481
200 1477
201 1476
204 1475
205 1473
206 1471
208 1468
209 1466
212 1465
213 1464
214 1463
215 1462
216 1461
217 1459
218 1458
219 1457
220 1455
221 1452
223 1450
226 1449
227 1448
229 1447
230 1444
231 1443
232 1442
233 1441
234 1440
235 1436
238 1435
241 1434
242 1433
243 1429
244 1428
245 1427
247 1426
249 1423
250 1421
253 1420
254 1419
256 1418
257 1415
258 1414
259 1413
260 1412
261 1410
264 1407
267 1406
268 1405
269 1403
270 1402
272 1400
273 1399
274 1398
275 1397
276 1395
278 1394
279 1392
282 1391
283 1389
284 1388
285 1387
286 1386
287 1385
288 1384
290 1382
293 1379
296 1377
297 1376
298 1374
300 1372
301 1371
303 1369
305 1367
307 1366
308 1364
311 1362
312 1361
313 1360
315 1358
316 1357
318 1356
319 1355
320 1354
321 1353
322 1352
323 1351
324 1350
326 1349
327 1348
328 1347
329 1345
330 1344
332 1342
334 1341
335 1340
336 1338
337 1337
339 1335
341 1334
343 1332
344 1331
345 1330
346 1329
347 1328
348 1327
350 1326
351 1324
353 1323
354 1322
355 1321
356 1320
358 1318
359 1317
361 1315
363 1314
364 1313
365 1312
366 1311
367 1310
368 1308
371 1307
372 1305
373 1304
375 1302
376 1301
378 1300
379 1298
380 1297
382 1295
385 1294
386 1293
387 1291
388 1290
390 1288
392 1287
393 1286
395 1284
396 1283
397 1282
399 1281
400 1280
401 1279
402 1278
403 1277
404 1275
406 1274
408 1272
409 1271
411 1268
414 1267
416 1265
417 1264
419 1261
422 1260
424 1257
426 1256
428 1254
430 1253
431 1251
432 1250
433 1249
435 1248
436 1247
438 1246
439 1244
440 1242
443 1241
444 1240
446 1238
447 1237
448 1235
450 1234
452 1233
453 1231
455 1230
456 1229
457 1228
458 1227
460 1225
461 1224
462 1223
464 1222
465 1221
466 1220
468 1218
469 1217
470 1216
472 1215
473 1214
474 1213
476 1211
477 1210
479 1208
481 1207
482 1206
483 1205
484 1204
485 1203
487 1201
489 1200
490 1199
491 1198
493 1196
495 1194
497 1193
499 1191
500 1190
502 1189
503 1187
505 1186
506 1185
507 1184
508 1183
509 1182
511 1181
512 1180
513 1179
514 1178
515 1177
516 1176
517 1175
519 1174
520 1173
521 1172
522 1171
523 1170
524 1169
525 1168
526 1167
528 1166
529 1165
530 1164
531 1163
532 1162
534 1160
536 1159
537 1158
538 1157
539 1156
540 1155
542 1153
544 1152
545 1151
546 1150
547 1149
548 1148
550 1146
552 1145
553 1144
554 1143
555 1142
557 1141
558 1140
559 1139
560 1138
561 1137
562 1136
563 1135
564 1134
566 1133
567 1132
568 1131
569 1130
570 1129
571 1128
572 1127
574 1126
575 1125
576 1124
577 1123
578 1122
579 1121
581 1119
583 1118
584 1117
585 1116
586 1115
587 1114
589 1112
591 1111
592 1110
593 1109
594 1108
595 1107
597 1106
598 1105
599 1104
600 1103
601 1102
602 1101
604 1100
605 1099
606 1098
607 1097
608 1096
609 1095
610 1094
612 1093
613 1092
614 1091
615 1090
616 1089
617 1088
618 1087
620 1086
621 1085
622 1084
623 1083
624 1082
625 1081
626 1080
628 1079
629 1078
630 1077
631 1076
632 1075
634 1073
636 1072
637 1071
638 1070
639 1069
640 1068
641 1067
643 1066
644 1065
645 1064
646 1063
647 1062
649 1060
651 1059
652 1058
653 1057
654 1056
655 1055
656 1054
658 1053
659 1052
660 1051
661 1050
662 1049
663 1048
664 1047
666 1046
667 1045
668 1044
669 1043
670 1042
672 1041
673 1040
674 1039
675 1038
676 1037
677 1036
678 1035
679 1034
681 1033
682 1032
683 1031
684 1030
685 1029
686 1028
688 1027
689 1026
690 1025
691 1024
692 1023
693 1022
694 1021
696 1020
697 1019
698 1018
699 1017
700 1016
701 1015
703 1014
704 1013
705 1012
706 1011
707 1010
709 1008
711 1007
712 1006
713 1005
714 1004
715 1003
717 1002
718 1001
719 1000
720 999
721 998
722 997
723 996
725 995
726 994
727 993
728 992
730 990
732 989
733 988
734 987
735 986
736 985
738 983
739 982
741 981
742 980
743 979
744 978
745 977
747 976
748 975
749 974
750 973
751 972
753 970
754 969
756 968
757 967
758 966
759 965
760 964
762 963
763 962
764 961
765 960
766 959
767 958
769 957
770 956
771 955
772 954
774 952
775 951
777 950
778 949
779 948
780 947
781 946
782 945
783 944
785 943
786 942
787 941
789 939
790 938
792 937
793 936
794 935
795 934
796 933
798 931
800 930
801 929
802 928
803 927
804 926
806 925
807 924
808 923
810 922
811 920
813 919
814 918
815 917
817 916
818 915
819 913
821 912
822 911
823 910
825 909
826 908
827 907
828 906
829 905
831 904
832 903
833 902
834 901
835 900
836 899
837 898
839 897
840 896
841 895
842 894
843 893
844 892
846 891
847 890
848 889
849 888
850 887
851 886
852 885
854 884
855 883
856 882
857 881
858 880
860 879
861 878
862 877
863 876
864 875
865 874
866 873
868 872
869 871
870 870
871 869
872 868
873 867
875 866
876 865
877 864
878 863
879 862
880 861
882 860
883 859
885 858
886 856
887 855
888 854
890 853
891 852
893 851
894 849
896 848
897 847
898 846
900 845
901 844
902 843
903 842
904 841
905 840
906 839
908 838
909 837
910 836
911 835
912 834
913 833
915 832
916 831
917 830
918 829
919 828
920 827
922 826
923 825
924 824
925 823
926 822
927 821
929 820
930 819
931 818
932 817
933 816
934 815
936 814
937 813
938 812
939 811
940 810
941 809
942 808
944 807
945 806
946 805
947 804
948 803
950 802
951 801
952 800
954 798
955 797
956 796
958 795
959 794
961 793
962 792
963 790
965 789
966 788
967 787
969 786
970 785
971 784
972 783
973 782
974 781
976 780
977 779
978 778
979 777
980 776
981 775
983 774
984 773
985 772
986 771
987 770
988 769
990 768
991 767
992 766
993 765
994 764
995 763
996 762
998 761
999 760
1000 759
1001 758
1002 757
1004 756
1005 755
1006 754
1008 752
1009 751
1010 750
1012 749
1013 748
1015 747
1016 746
1017 744
1019 743
1020 742
1022 741
1023 740
1024 739
1025 738
1026 737
1027 736
1029 735
1030 734
1031 733
1032 732
1033 731
1034 730
1035 729
1037 728
1038 727
1039 726
1040 725
1041 724
1043 723
1044 722
1045 721
1046 720
1047 719
1048 718
1049 717
1051 716
1052 715
1053 714
1055 712
1056 711
1058 710
1059 709
1061 708
1062 707
1063 706
1064 704
1066 703
1067 702
1069 701
1070 700
1072 698
1073 697
1074 696
1076 695
1077 694
1078 693
1080 692
1081 690
1083 689
1084 688
1085 687
1087 686
1088 685
1089 684
1090 683
1091 682
1093 681
1094 680
1095 679
1097 678
1098 676
1099 675
1101 674
1102 673
1103 672
1105 671
1106 670
1107 669
1108 668
1109 667
1111 666
1112 665
1113 664
1114 663
1115 662
1116 661
1117 660
1119 659
1120 658
1121 657
1123 655
1124 654
1126 653
1127 652
1129 651
1130 650
1131 649
1132 647
1134 646
1135 645
1137 644
1138 643
1140 641
1141 640
1143 639
1144 638
1145 637
1147 636
1148 635
1149 633
1151 632
1152 631
1153 630
1155 629
1156 628
1157 627
1158 626
1159 625
1161 624
1162 623
1164 622
1165 621
1166 619
1167 618
1169 617
1170 616
1172 615
1173 614
1174 613
1175 612
1176 611
1178 610
1179 609
1180 608
1182 606
1183 605
1184 604
1186 603
1187 602
1188 601
1190 600
1191 598
1194 596
1196 595
1197 594
1199 592
1201 590
1203 589
1204 588
1205 587
1207 586
1208 584
1210 583
1211 582
1212 581
1215 579
1217 578
1218 576
1220 575
1221 574
1222 573
1224 572
1225 571
1227 569
1229 567
1231 566
1232 565
1234 564
1235 563
1237 561
1239 559
1241 558
1242 557
1244 556
1246 555
1247 554
1248 552
1250 551
1251 550
1252 549
1254 548
1255 547
1256 546
1258 544
1259 543
1262 541
1263 540
1265 539
1267 538
1268 537
1269 535
1272 533
1273 532
1275 531
1276 530
1278 529
1280 526
1283 525
1284 524
1286 522
1288 521
1289 520
1290 518
1292 517
1294 516
1295 515
1297 513
1300 512
1301 510
1302 509
1304 508
1305 507
1307 505
1309 504
1311 502
1313 500
1316 499
1318 498
1319 496
1321 495
1322 494
1323 492
1325 491
1328 490
1329 489
1330 487
1333 485
1334 484
1336 483
1337 482
1339 481
1340 479
1342 478
1344 476
1346 475
1347 474
1349 473
1350 472
1352 471
1353 470
1354 469
1356 467
1358 465
1361 464
1362 463
1363 462
1364 461
1366 459
1368 458
1370 456
1373 454
1375 452
1377 451
1379 450
1380 448
1382 447
1383 446
1385 445
1387 443
1389 442
1391 440
1393 439
1394 438
1396 437
1397 435
1399 434
1401 432
1403 431
1405 430
1406 429
1408 428
1409 427
1410 426
1411 425
1413 424
1414 423
1415 421
1418 419
1420 418
1422 417
1423 416
1424 415
1427 413
1429 412
1431 410
1432 408
1436 406
1437 405
1438 404
1441 402
1444 400
1446 399
1448 398
1449 397
1450 396
1452 395
1453 393
1455 391
1458 389
1460 388
1462 387
1463 386
1464 385
1467 383
1469 382
1470 381
1472 379
1473 378
1475 377
1476 376
1478 375
1479 374
1481 372
1484 371
1485 370
1486 369
1487 368
1489 366
1492 365
1493 364
1494 363
1495 362
1496 361
1498 360
1499 359
1501 358
1502 357
1504 356
1505 355
1507 354
1508 353
1510 351
1512 349
1515 348
1516 347
1517 346
1519 345
1520 344
1522 342
1525 341
1526 340
1527 339
1528 338
1530 336
1533 334
1535 333
1536 332
1538 331
1540 330
1541 329
1543 327
1546 326
1547 325
1548 324
1549 323
1550 322
1551 321
1553 319
1556 318
1557 317
1558 316
1561 314
1564 313
1565 312
1566 311
1567 310
1569 309
1570 308
1571 307
1572 306
1574 304
1577 303
1579 301
1581 300
1582 299
1584 297
1587 296
1589 294
1593 293
1595 292
1596 291
1597 290
1599 288
1602 287
1603 286
1605 285
1606 284
1607 283
1608 282
1609 281
1612 280
1613 279
1616 278
1617 277
1619 275
1622 274
1624 272
1627 271
1628 270
1630 269
1631 268
1632 267
1633 266
1636 265
1638 264
1640 263
1641 262
1642 261
1643 260
1644 259
1647 258
1648 257
1651 256
1652 255
1655 254
1656 252
1659 251
1661 250
1662 249
1663 248
1665 247
1666 246
1667 245
1668 244
1671 243
1674 242
1677 241
1678 240
1679 239
1681 238
1682 237
1683 236
1685 235
1686 234
1687 233
1691 230
1694 229
1698 228
1700 227
1702 225
1705 223
1706 222
1709 220
1712 219
1716 218
1717 217
1720 215
1723 214
1724 213
1727 211
1730 210
1735 209
1737 208
1740 207
1741 206
1746 205
