20
0 1 86 7
0 2 83 51
0 3 25 51
0 4 57 34
0 5 11 91
0 6 4 71
0 7 35 48
0 8 91 13
0 9 51 26
0 10 59 48
0 11 27 78
0 12 22 76
0 13 96 13
0 14 39 59
0 15 88 19
0 16 79 46
0 17 83 16
0 18 18 76
0 19 81 37
1 2 71 16
1 3 85 17
1 4 52 47
1 5 3 53
1 6 58 48
1 7 74 24
1 8 18 66
1 9 61 65
1 10 28 45
1 11 71 17
1 12 86 13
1 13 79 57
1 14 37 50
1 15 43 67
1 16 23 56
1 17 35 79
1 18 90 22
1 19 93 15
2 3 81 57
2 4 43 49
2 5 32 56
2 6 7 48
2 7 95 21
2 8 20 79
2 9 76 49
2 10 5 67
2 11 94 26
2 12 22 76
2 13 74 44
2 14 67 22
2 15 83 31
2 16 93 22
2 17 83 51
2 18 5 55
2 19 63 22
3 4 13 59
3 5 31 39
3 6 35 60
3 7 87 39
3 8 15 90
3 9 91 7
3 10 0 96
3 11 22 42
3 12 94 26
3 13 60 20
3 14 42 29
3 15 77 58
3 16 55 45
3 17 70 63
3 18 2 60
3 19 96 50
4 5 83 26
4 6 72 50
4 7 58 63
4 8 61 29
4 9 58 31
4 10 55 24
4 11 44 67
4 12 50 53
4 13 46 30
4 14 99 37
4 15 93 25
4 16 20 64
4 17 66 62
4 18 35 62
4 19 92 27
5 6 49 66
5 7 39 76
5 8 98 8
5 9 12 53
5 10 98 36
5 11 48 47
5 12 61 30
5 13 61 29
5 14 43 58
5 15 65 32
5 16 71 35
5 17 39 64
5 18 22 65
5 19 93 35
6 7 52 37
6 8 97 12
6 9 11 91
6 10 67 62
6 11 23 67
6 12 42 42
6 13 82 28
6 14 98 34
6 15 35 69
6 16 44 33
6 17 71 39
6 18 16 48
6 19 72 36
7 8 59 44
7 9 45 63
7 10 64 30
7 11 9 76
7 12 30 49
7 13 67 61
7 14 16 63
7 15 92 4
7 16 92 9
7 17 65 24
7 18 73 30
7 19 77 39
8 9 20 75
8 10 68 28
8 11 93 13
8 12 33 58
8 13 12 46
8 14 22 75
8 15 18 60
8 16 94 44
8 17 64 23
8 18 94 35
8 19 8 82
9 10 49 68
9 11 0 82
9 12 58 60
9 13 59 45
9 14 48 42
9 15 95 43
9 16 17 52
9 17 86 26
9 18 62 60
9 19 91 37
10 11 38 39
10 12 12 45
10 13 44 65
10 14 2 67
10 15 3 68
10 16 38 48
10 17 1 83
10 18 57 43
10 19 80 15
11 12 48 63
11 13 80 54
11 14 45 51
11 15 37 78
11 16 88 23
11 17 11 75
11 18 29 62
11 19 59 48
12 13 98 27
12 14 8 56
12 15 85 32
12 16 37 35
12 17 14 47
12 18 17 70
12 19 5 87
13 14 36 55
13 15 59 67
13 16 69 59
13 17 83 37
13 18 88 20
13 19 45 48
14 15 47 34
14 16 31 43
14 17 9 70
14 18 26 67
14 19 86 46
15 16 92 34
15 17 82 22
15 18 57 28
15 19 76 36
16 17 18 69
16 18 33 75
16 19 1 64
17 18 66 48
17 19 67 45
18 19 92 17
0
494
105 1319
106 1281
110 1270
111 1252
115 1241
116 1240
117 1229
121 1218
123 1217
124 1216
126 1208
127 1206
128 1205
129 1204
130 1193
134 1182
136 1181
137 1180
138 1173
139 1172
140 1170
141 1169
143 1166
144 1160
145 1158
147 1148
151 1137
154 1135
157 1126
158 1124
161 1115
164 1113
167 1104
168 1102
174 1091
182 1088
185 1084
188 1077
192 1072
195 1067
196 1065
198 1061
199 1059
202 1054
205 1048
211 1044
216 1040
219 1034
224 1033
225 1030
226 1028
228 1026
230 1024
233 1018
237 1016
239 1014
242 1010
247 1004
251 1002
253 1000
254 998
256 996
259 994
262 992
263 990
265 986
268 984
270 980
276 976
279 972
284 966
289 965
290 962
291 960
294 959
297 956
300 952
303 951
304 949
305 946
310 945
311 942
312 941
316 939
317 935
323 931
325 929
326 927
331 921
336 920
337 917
342 914
345 911
348 910
351 904
356 903
358 902
359 900
362 897
364 896
365 894
368 892
372 890
373 886
378 882
383 881
384 878
387 876
389 875
392 873
393 869
398 865
403 864
404 862
407 859
409 858
413 857
416 855
417 852
422 848
427 846
428 844
431 842
433 840
436 839
437 835
442 831
447 829
448 828
451 825
453 824
457 823
458 822
460 820
461 819
462 818
466 817
468 816
469 814
471 813
472 810
477 806
482 804
483 803
486 800
488 799
493 797
495 796
496 794
497 793
499 790
504 786
509 784
510 783
513 780
515 779
520 777
522 776
523 774
524 773
529 772
531 770
533 769
534 767
538 766
539 764
540 763
544 762
545 761
546 759
548 758
549 757
551 754
555 753
557 752
559 751
560 750
561 748
562 747
566 744
571 742
572 741
575 738
577 737
582 735
584 734
585 732
586 731
591 730
593 727
596 725
600 724
602 721
604 720
607 719
608 717
611 715
613 712
617 711
619 710
621 709
622 708
623 706
624 705
628 704
631 702
634 699
638 698
641 697
642 695
644 694
646 693
649 692
651 691
652 690
653 689
654 688
655 685
660 684
663 683
664 682
665 679
666 678
671 677
673 675
676 672
680 671
682 668
687 666
690 665
691 664
692 662
693 661
697 660
698 659
700 658
703 655
708 653
711 651
716 649
718 648
720 647
722 646
724 645
726 644
727 643
728 642
729 639
736 638
737 637
738 636
739 633
740 632
745 631
747 629
750 626
754 625
756 622
763 620
764 619
765 618
766 616
767 615
773 614
774 612
777 609
783 608
784 607
785 605
790 603
794 602
796 600
798 599
801 597
805 596
806 594
807 593
812 590
817 587
823 586
824 585
825 583
832 581
834 580
835 579
837 577
841 575
845 573
850 571
852 568
859 566
861 565
865 563
869 561
872 558
878 557
879 556
880 554
886 552
889 551
892 549
893 548
897 547
900 544
906 543
907 542
910 540
913 538
917 537
919 536
920 535
921 533
928 531
930 530
933 529
935 528
938 526
941 524
947 522
949 519
955 518
956 517
960 516
961 515
962 513
966 512
969 511
971 509
977 508
978 507
979 506
983 504
988 502
990 499
996 498
997 497
999 495
1005 494
1006 493
1007 492
1011 491
1012 489
1016 488
1019 487
1023 486
1024 484
1029 482
1033 480
1038 478
1040 475
1046 474
1047 473
1052 472
1055 471
1057 468
1064 466
1066 464
1072 463
1073 462
1074 460
1080 458
1083 457
1087 456
1090 455
1091 453
1096 452
1097 451
1100 449
1105 447
1107 444
1114 442
1121 441
1122 440
1124 437
1131 435
1135 433
1139 432
1141 429
1147 427
1152 426
1154 425
1159 424
1160 422
1164 420
1169 418
1173 417
1175 416
1177 415
1178 414
1181 412
1186 411
1188 410
1192 409
1194 407
1198 405
1203 404
1205 403
1209 401
1212 399
1215 397
1220 396
1222 395
1226 394
1231 392
1234 390
1239 389
1240 388
1243 386
1248 385
1249 384
1251 383
1252 382
1257 381
1259 380
1260 379
1265 378
1267 377
1268 375
1275 373
1277 372
1280 371
1284 370
1286 367
1293 365
1294 364
1300 363
1301 362
1305 360
1312 359
1313 357
1314 356
1320 355
1322 353
1323 352
1331 349
1337 348
1341 346
1346 345
1349 344
1350 342
1351 341
1358 339
1359 338
1366 337
1367 336
1370 335
1374 334
1376 331
1383 329
1384 328
1391 326
1395 325
1399 324
1403 321
1404 320
1410 319
1412 317
1420 316
1426 314
1428 313
1431 310
1439 309
1445 308
1447 306
1454 305
1456 303
1462 302
1465 301
1466 299
1476 297
1482 295
1489 294
1491 292
1500 290
1507 289
1511 286
1521 285
1525 283
1532 282
1534 281
1536 279
1548 278
1553 277
1555 276
1558 275
1559 274
1566 272
1578 271
1581 270
1588 268
1589 267
1605 266
1611 263
1636 260
