20
0 1 96 77
0 2 19 95
0 3 71 57
0 4 17 83
0 5 10 88
0 6 51 39
0 7 84 32
0 8 60 67
0 9 99 34
0 10 90 48
0 11 70 57
0 12 62 24
0 13 61 26
0 14 90 80
0 15 57 81
0 16 33 81
0 17 59 73
0 18 86 35
0 19 36 76
1 2 50 46
1 3 66 67
1 4 93 35
1 5 52 69
1 6 6 60
1 7 1 86
1 8 84 10
1 9 56 81
1 10 18 72
1 11 37 52
1 12 96 20
1 13 3 30
1 14 55 27
1 15 71 84
1 16 21 42
1 17 25 64
1 18 92 61
1 19 73 58
2 3 54 46
2 4 95 46
2 5 95 11
2 6 46 89
2 7 17 50
2 8 70 80
2 9 68 71
2 10 0 43
2 11 23 53
2 12 72 55
2 13 7 33
2 14 13 42
2 15 27 50
2 16 99 74
2 17 96 33
2 18 11 48
2 19 97 59
3 4 59 9
3 5 1 44
3 6 5 36
3 7 29 43
3 8 92 78
3 9 30 32
3 10 40 26
3 11 27 90
3 12 46 16
3 13 68 25
3 14 15 49
3 15 12 60
3 16 51 77
3 17 7 42
3 18 33 43
3 19 25 41
4 5 79 26
4 6 42 31
4 7 31 26
4 8 18 23
4 9 69 23
4 10 87 29
4 11 94 35
4 12 64 36
4 13 5 70
4 14 28 29
4 15 62 32
4 16 6 74
4 17 55 84
4 18 22 52
4 19 5 42
5 6 62 12
5 7 95 75
5 8 10 94
5 9 36 64
5 10 65 9
5 11 28 69
5 12 65 56
5 13 5 42
5 14 94 10
5 15 1 93
5 16 41 20
5 17 29 28
5 18 14 50
5 19 5 88
6 7 35 77
6 8 28 57
6 9 65 72
6 10 88 71
6 11 30 50
6 12 7 76
6 13 91 23
6 14 67 29
6 15 32 34
6 16 49 86
6 17 23 94
6 18 83 56
6 19 92 55
7 8 56 31
7 9 30 35
7 10 38 71
7 11 84 5
7 12 30 26
7 13 72 68
7 14 20 77
7 15 10 91
7 16 7 75
7 17 41 78
7 18 76 76
7 19 19 65
8 9 64 16
8 10 13 49
8 11 7 46
8 12 76 73
8 13 34 27
8 14 86 74
8 15 70 13
8 16 12 86
8 17 79 35
8 18 59 49
8 19 83 35
9 10 58 39
9 11 77 22
9 12 6 83
9 13 78 9
9 14 42 60
9 15 23 28
9 16 3 38
9 17 76 39
9 18 99 2
9 19 1 76
10 11 21 56
10 12 44 78
10 13 99 45
10 14 60 84
10 15 46 73
10 16 69 82
10 17 35 68
10 18 86 16
10 19 99 60
11 12 94 33
11 13 35 33
11 14 37 31
11 15 6 84
11 16 19 77
11 17 10 24
11 18 66 30
11 19 58 8
12 13 96 54
12 14 62 75
12 15 13 55
12 16 33 78
12 17 80 17
12 18 33 80
12 19 96 27
13 14 49 33
13 15 33 61
13 16 73 59
13 17 72 59
13 18 7 73
13 19 77 31
14 15 83 68
14 16 47 38
14 17 13 59
14 18 82 83
14 19 14 58
15 16 56 78
15 17 77 45
15 18 12 46
15 19 47 56
16 17 84 50
16 18 15 77
16 19 77 18
17 18 8 52
17 19 13 33
18 19 12 36
0
322
93 1091
94 1070
95 1063
97 1031
98 1010
99 1003
102 994
103 987
105 976
106 969
107 966
109 963
110 956
111 950
112 948
113 945
114 940
116 929
117 922
118 919
120 918
121 910
122 903
123 901
124 898
126 897
127 893
128 882
133 872
134 871
138 867
139 859
143 857
144 846
149 836
150 834
155 823
157 822
160 818
161 811
165 809
166 798
171 788
176 787
177 775
179 774
183 769
184 764
188 759
190 751
194 746
197 745
201 741
202 735
207 731
208 722
215 717
223 709
226 708
230 704
231 702
235 697
237 696
240 695
241 689
242 687
243 686
245 684
246 682
249 673
254 671
258 669
259 660
260 658
268 656
269 654
274 647
275 645
278 644
283 643
284 641
288 634
289 632
293 631
300 630
303 621
304 619
311 618
315 617
317 616
318 611
319 609
325 607
326 605
331 604
332 603
337 602
340 597
341 595
343 593
352 592
355 588
356 586
364 584
366 581
367 579
370 578
371 576
379 574
380 572
384 570
388 568
394 564
395 562
399 560
404 559
409 557
411 556
412 554
415 553
416 551
423 549
424 547
427 546
428 545
431 543
436 542
439 539
440 537
444 535
449 534
454 531
455 529
459 527
464 526
468 524
469 522
472 521
473 520
476 518
481 517
484 516
485 514
488 512
492 511
497 510
499 506
500 504
504 502
509 501
514 500
515 499
516 497
521 496
526 495
528 494
529 492
530 490
532 489
533 487
537 486
542 485
545 484
546 482
550 481
556 480
560 474
561 472
566 471
571 470
579 468
580 466
583 465
588 464
590 463
594 458
595 456
610 455
611 453
615 451
616 449
621 448
628 447
630 446
632 445
635 443
638 440
639 438
648 437
649 435
650 433
661 431
665 430
668 429
670 427
674 425
681 424
682 422
691 420
692 419
693 417
694 415
706 413
709 412
711 411
715 410
717 408
718 407
723 406
725 404
735 402
736 401
737 399
746 397
749 396
753 395
755 393
759 392
761 390
770 389
774 388
775 387
778 386
779 385
780 383
781 381
790 379
798 377
802 376
804 374
805 373
810 372
812 370
822 369
827 368
828 366
835 364
836 362
840 361
842 359
846 358
848 356
859 355
862 353
866 351
871 350
872 348
883 346
886 345
889 344
897 343
906 342
907 340
909 338
913 336
924 334
931 333
932 332
933 330
938 329
944 328
949 327
952 326
955 325
963 324
972 323
973 321
975 319
978 318
979 317
990 315
997 314
998 312
999 311
1010 309
1021 308
1026 307
1032 306
1036 305
1040 304
1043 303
1044 302
1045 300
1056 299
1059 298
1060 297
1064 296
1065 294
1078 293
1085 292
1086 290
1087 289
1098 287
1112 286
1115 285
1124 283
1125 282
1126 280
1135 279
1144 277
1147 276
1148 275
1159 273
1173 272
1176 271
1185 270
1191 269
1194 268
1195 267
1196 265
1205 263
1241 261
1245 258
1246 256
1252 255
1255 254
1291 252
1313 251
1314 249
1322 248
1399 247
1400 245
