20
0 1 67 27
0 2 82 56
0 3 43 63
0 4 34 45
0 5 89 11
0 6 43 72
0 7 72 16
0 8 20 58
0 9 44 51
0 10 78 16
0 11 41 36
0 12 94 37
0 13 87 8
0 14 27 82
0 15 75 28
0 16 50 64
0 17 28 40
0 18 18 59
0 19 41 56
1 2 46 58
1 3 23 65
1 4 94 8
1 5 33 79
1 6 26 69
1 7 11 53
1 8 44 42
1 9 1 96
1 10 81 19
1 11 7 89
1 12 18 82
1 13 44 53
1 14 53 39
1 15 29 72
1 16 14 43
1 17 43 49
1 18 6 93
1 19 46 72
2 3 36 57
2 4 95 42
2 5 70 23
2 6 38 32
2 7 41 49
2 8 74 18
2 9 25 47
2 10 20 78
2 11 35 33
2 12 21 54
2 13 6 56
2 14 8 47
2 15 68 30
2 16 34 66
2 17 29 81
2 18 48 65
2 19 25 48
3 4 84 10
3 5 39 63
3 6 35 63
3 7 72 26
3 8 33 40
3 9 26 77
3 10 68 17
3 11 4 89
3 12 88 34
3 13 49 71
3 14 3 54
3 15 93 29
3 16 26 75
3 17 49 47
3 18 98 6
3 19 70 37
4 5 34 38
4 6 28 79
4 7 94 22
4 8 6 94
4 9 91 41
4 10 67 29
4 11 72 57
4 12 28 81
4 13 39 50
4 14 15 46
4 15 24 58
4 16 0 61
4 17 74 18
4 18 94 14
4 19 86 39
5 6 34 56
5 7 79 34
5 8 56 58
5 9 36 33
5 10 55 49
5 11 38 40
5 12 55 37
5 13 8 67
5 14 87 8
5 15 41 39
5 16 72 38
5 17 75 33
5 18 76 23
5 19 24 54
6 7 17 72
6 8 27 72
6 9 86 47
6 10 24 48
6 11 35 68
6 12 26 56
6 13 87 38
6 14 88 36
6 15 0 91
6 16 52 61
6 17 84 10
6 18 10 85
6 19 55 71
7 8 20 74
7 9 78 18
7 10 25 53
7 11 46 71
7 12 78 11
7 13 99 48
7 14 66 45
7 15 16 79
7 16 4 76
7 17 69 24
7 18 66 31
7 19 5 59
8 9 72 16
8 10 10 72
8 11 89 24
8 12 88 21
8 13 81 33
8 14 94 14
8 15 44 55
8 16 59 53
8 17 23 80
8 18 63 22
8 19 13 61
9 10 0 77
9 11 11 49
9 12 34 68
9 13 71 57
9 14 73 33
9 15 25 80
9 16 39 32
9 17 69 60
9 18 37 38
9 19 20 55
10 11 45 55
10 12 57 26
10 13 35 48
10 14 78 53
10 15 51 49
10 16 72 19
10 17 44 50
10 18 37 73
10 19 16 89
11 12 89 37
11 13 27 45
11 14 41 56
11 15 21 87
11 16 55 35
11 17 25 43
11 18 25 55
11 19 1 78
12 13 12 89
12 14 80 54
12 15 71 63
12 16 97 10
12 17 59 23
12 18 69 50
12 19 62 63
13 14 8 53
13 15 82 40
13 16 9 62
13 17 28 79
13 18 9 61
13 19 87 10
14 15 86 46
14 16 48 32
14 17 33 61
14 18 76 38
14 19 54 41
15 16 21 81
15 17 48 53
15 18 81 52
15 19 56 49
16 17 90 34
16 18 72 45
16 19 30 82
17 18 4 65
17 19 17 59
18 19 22 54
0
529
103 1425
105 1397
106 1393
107 1385
109 1375
110 1353
112 1350
113 1347
114 1331
115 1326
117 1320
119 1304
121 1301
122 1293
124 1288
125 1283
127 1277
128 1269
129 1261
131 1258
132 1250
134 1247
135 1240
137 1237
138 1226
140 1223
141 1215
143 1212
144 1205
146 1202
147 1199
148 1193
150 1189
151 1182
153 1179
154 1177
156 1174
157 1166
159 1163
161 1162
162 1156
164 1152
165 1145
167 1142
168 1140
170 1137
171 1129
173 1126
175 1125
177 1123
178 1121
180 1118
181 1110
183 1107
190 1104
192 1101
195 1094
197 1091
199 1089
200 1087
202 1084
204 1083
205 1075
207 1072
214 1069
215 1065
217 1062
219 1059
221 1056
224 1054
226 1051
228 1050
229 1042
231 1039
235 1038
238 1036
239 1032
241 1029
243 1026
245 1023
248 1020
251 1018
253 1016
255 1013
257 1008
259 1005
262 1004
265 1002
267 997
269 994
271 992
273 989
276 986
279 984
281 982
283 979
284 978
285 977
286 975
288 973
290 970
293 968
295 963
297 960
302 958
304 957
305 953
307 950
310 949
312 944
314 941
317 939
321 935
322 934
323 932
324 931
327 929
328 928
330 927
332 923
334 920
338 916
340 913
343 911
344 910
345 909
348 907
350 906
352 904
355 902
356 900
358 895
360 892
363 891
365 888
369 887
373 886
376 884
378 881
381 880
382 879
383 878
385 877
386 876
388 875
389 873
391 868
393 865
396 864
398 861
401 860
403 857
407 856
411 855
413 854
414 853
415 852
416 850
417 849
420 848
422 845
426 843
427 840
429 837
431 834
435 833
437 832
440 831
442 828
447 826
448 825
450 822
454 821
455 820
457 818
459 817
461 816
462 815
464 812
466 811
468 808
470 805
475 803
479 802
481 801
483 800
486 797
487 796
489 793
494 791
496 789
500 787
501 786
503 783
509 781
510 780
512 777
514 774
522 771
527 770
528 769
529 767
531 765
533 762
538 761
540 758
544 756
548 755
551 753
553 750
557 749
559 746
563 744
567 742
570 741
572 738
575 737
579 734
581 732
587 731
590 730
591 729
592 727
593 726
594 725
597 724
598 722
601 721
605 719
606 718
607 716
611 714
614 713
618 711
620 708
624 707
627 705
631 703
632 702
633 701
638 700
639 699
640 697
644 695
646 692
652 691
653 690
654 689
657 688
659 685
663 683
666 681
672 680
673 679
675 677
676 676
678 675
679 674
680 673
683 672
686 671
687 670
688 669
689 667
693 665
696 664
699 663
700 662
702 659
706 658
708 657
712 656
713 655
714 653
715 652
720 651
721 650
722 648
725 647
726 646
728 643
734 642
737 641
738 640
739 639
741 636
746 635
748 634
751 632
754 631
755 630
757 629
759 628
760 626
764 624
768 622
772 619
777 617
781 614
784 613
787 610
790 608
794 607
798 606
800 603
803 601
807 598
813 597
816 596
817 595
819 594
820 591
825 590
827 589
830 587
831 586
834 584
839 581
843 580
846 578
849 577
851 574
856 573
859 571
860 570
863 569
864 568
866 565
871 564
874 563
876 562
879 558
883 557
888 554
894 553
896 550
900 549
901 547
905 546
907 545
908 544
910 541
915 540
920 537
924 536
927 533
932 530
935 529
940 527
941 526
942 524
947 521
954 520
955 517
959 516
960 514
964 513
969 512
970 510
974 509
976 508
977 506
979 505
983 503
986 500
991 497
996 496
1001 495
1002 494
1003 493
1005 492
1008 489
1011 488
1014 486
1017 485
1021 483
1023 480
1030 479
1032 478
1033 477
1036 473
1040 472
1047 471
1048 470
1049 469
1052 467
1054 466
1055 464
1061 462
1065 459
1067 456
1077 455
1078 453
1081 452
1084 451
1085 450
1086 448
1093 446
1095 445
1097 444
1099 443
1102 440
1109 436
1115 435
1119 433
1121 432
1124 429
1126 428
1130 426
1137 425
1139 424
1142 423
1143 422
1144 420
1146 418
1150 416
1159 413
1161 412
1165 410
1169 409
1172 408
1175 407
1176 406
1179 405
1180 404
1181 402
1188 401
1190 400
1192 399
1194 398
1195 397
1199 395
1204 394
1205 392
1210 391
1211 390
1212 389
1216 387
1220 385
1225 384
1227 382
1230 381
1231 380
1238 379
1239 378
1240 377
1242 376
1245 375
1246 374
1247 373
1251 371
1260 369
1262 366
1269 365
1271 363
1275 361
1279 360
1282 359
1285 358
1286 356
1291 355
1296 352
1300 350
1304 349
1307 348
1309 347
1311 345
1319 344
1320 342
1322 341
1326 339
1332 338
1333 337
1336 336
1339 335
1341 334
1344 332
1347 331
1349 330
1353 328
1358 327
1359 326
1362 325
1364 324
1368 323
1372 322
1374 321
1377 320
1379 319
1380 318
1382 317
1385 316
1386 315
1389 314
1393 313
1395 312
1397 311
1401 310
1404 309
1407 308
1410 307
1411 306
1416 305
1418 303
1422 301
1431 300
1433 299
1435 298
1437 296
1441 295
1443 294
1447 292
1456 290
1462 287
1468 286
1470 285
1474 283
1481 281
1489 278
1496 276
1504 274
1511 272
1520 270
1527 268
1550 267
1558 265
1565 263
1574 261
1581 259
