20
0 1 39 57
0 2 97 7
0 3 66 36
0 4 51 42
0 5 70 37
0 6 35 56
0 7 61 39
0 8 32 61
0 9 41 53
0 10 18 73
0 11 66 37
0 12 79 23
0 13 16 72
0 14 17 79
0 15 98 2
0 16 71 28
0 17 52 51
0 18 57 36
0 19 4 94
1 2 52 48
1 3 91 20
1 4 8 88
1 5 29 60
1 6 14 86
1 7 43 58
1 8 31 68
1 9 79 17
1 10 33 70
1 11 23 73
1 12 96 15
1 13 3 95
1 14 85 14
1 15 38 52
1 16 30 65
1 17 10 79
1 18 51 45
1 19 88 24
2 3 82 22
2 4 65 35
2 5 79 30
2 6 43 58
2 7 22 72
2 8 97 16
2 9 83 20
2 10 98 3
2 11 41 53
2 12 82 21
2 13 75 29
2 14 76 24
2 15 91 19
2 16 70 37
2 17 8 79
2 18 11 84
2 19 10 83
3 4 20 82
3 5 84 22
3 6 34 58
3 7 49 55
3 8 63 41
3 9 98 15
3 10 52 54
3 11 28 69
3 12 10 80
3 13 39 61
3 14 43 57
3 15 35 56
3 16 65 29
3 17 23 79
3 18 90 21
3 19 31 62
4 5 27 63
4 6 19 73
4 7 33 58
4 8 64 34
4 9 96 7
4 10 30 67
4 11 5 86
4 12 4 82
4 13 3 97
4 14 77 25
4 15 19 69
4 16 99 1
4 17 25 71
4 18 8 81
4 19 60 45
5 6 0 98
5 7 13 75
5 8 34 55
5 9 12 81
5 10 11 78
5 11 30 68
5 12 20 75
5 13 12 79
5 14 15 78
5 15 70 25
5 16 19 75
5 17 99 5
5 18 75 31
5 19 71 25
6 7 77 20
6 8 25 71
6 9 41 55
6 10 46 47
6 11 73 27
6 12 86 22
6 13 82 17
6 14 92 7
6 15 19 79
6 16 70 30
6 17 46 54
6 18 25 67
6 19 28 62
7 8 52 44
7 9 24 71
7 10 51 51
7 11 94 11
7 12 54 41
7 13 43 48
7 14 97 9
7 15 29 73
7 16 50 42
7 17 92 17
7 18 74 32
7 19 9 84
8 9 13 86
8 10 56 44
8 11 58 40
8 12 19 82
8 13 14 80
8 14 14 74
8 15 98 3
8 16 90 9
8 17 32 69
8 18 70 28
8 19 77 25
9 10 42 60
9 11 45 49
9 12 80 24
9 13 65 33
9 14 71 30
9 15 45 56
9 16 11 78
9 17 99 10
9 18 61 42
9 19 21 77
10 11 33 64
10 12 90 12
10 13 47 57
10 14 48 53
10 15 90 15
10 16 3 83
10 17 37 57
10 18 86 21
10 19 22 80
11 12 55 43
11 13 97 10
11 14 6 90
11 15 40 62
11 16 17 79
11 17 53 41
11 18 60 46
11 19 38 53
12 13 78 20
12 14 10 80
12 15 5 89
12 16 41 53
12 17 61 36
12 18 9 83
12 19 67 36
13 14 99 6
13 15 77 24
13 16 47 47
13 17 21 67
13 18 97 6
13 19 38 57
14 15 64 35
14 16 10 80
14 17 65 43
14 18 79 20
14 19 99 13
15 16 18 73
15 17 37 55
15 18 95 16
15 19 79 19
16 17 10 89
16 18 44 58
16 19 77 22
17 18 18 82
17 19 6 81
18 19 60 45
0
1151
129 1620
130 1608
132 1605
133 1603
134 1598
136 1595
137 1593
138 1589
140 1586
142 1584
143 1580
144 1576
147 1571
149 1570
150 1567
151 1566
152 1564
153 1560
155 1558
156 1554
157 1553
159 1549
160 1548
163 1546
164 1542
165 1538
170 1534
171 1532
173 1529
174 1526
177 1521
179 1518
183 1515
184 1513
185 1512
187 1510
188 1506
190 1505
191 1501
196 1496
197 1495
198 1493
202 1490
204 1487
205 1485
207 1481
209 1480
210 1476
213 1475
215 1474
216 1470
218 1469
219 1465
222 1464
224 1463
225 1459
227 1457
231 1455
232 1453
233 1451
235 1450
236 1446
240 1445
241 1444
242 1442
243 1440
244 1439
245 1438
247 1437
248 1436
249 1434
251 1432
252 1431
253 1429
256 1427
257 1426
259 1423
260 1421
263 1420
264 1418
266 1417
267 1415
268 1414
269 1413
271 1412
273 1410
274 1409
275 1408
276 1406
277 1404
281 1403
282 1401
283 1399
284 1398
285 1397
286 1396
287 1395
288 1393
291 1392
292 1390
293 1388
295 1387
297 1385
299 1384
300 1382
301 1381
302 1380
304 1379
305 1378
306 1377
307 1376
308 1375
309 1373
310 1371
313 1369
315 1368
316 1366
317 1365
318 1364
319 1363
320 1362
321 1360
324 1359
325 1358
326 1357
327 1356
328 1354
331 1353
332 1352
333 1351
334 1349
335 1347
338 1346
339 1345
340 1344
341 1342
342 1341
343 1340
344 1339
345 1338
346 1336
349 1335
350 1334
351 1333
352 1332
353 1330
354 1329
357 1328
358 1327
359 1326
360 1324
361 1323
363 1322
364 1321
365 1320
366 1319
367 1318
368 1316
370 1315
372 1314
373 1312
374 1311
375 1310
376 1309
377 1308
378 1307
379 1305
382 1304
383 1303
384 1302
385 1300
386 1299
389 1298
390 1297
391 1296
392 1294
393 1293
395 1291
397 1290
398 1289
399 1288
400 1287
402 1285
403 1284
405 1283
406 1282
407 1280
409 1278
412 1276
413 1275
414 1274
415 1273
416 1272
417 1271
418 1269
421 1268
422 1267
423 1266
424 1265
425 1263
427 1262
428 1260
431 1259
432 1257
433 1256
434 1255
435 1254
437 1253
438 1252
439 1251
440 1250
441 1249
442 1248
444 1247
445 1246
446 1245
447 1244
448 1242
451 1241
452 1240
453 1239
454 1238
455 1236
456 1235
458 1233
461 1231
462 1230
463 1229
464 1228
465 1227
466 1226
467 1224
470 1223
471 1222
472 1221
473 1220
474 1218
477 1217
478 1216
479 1215
480 1214
481 1213
482 1211
485 1209
486 1208
487 1207
489 1205
491 1204
492 1203
493 1202
494 1201
495 1200
496 1199
497 1197
500 1196
501 1195
502 1194
503 1193
504 1191
507 1190
508 1189
509 1188
510 1187
511 1186
512 1185
514 1184
515 1182
516 1181
517 1180
519 1178
521 1177
523 1175
524 1174
526 1172
528 1171
529 1170
530 1169
531 1168
532 1167
533 1166
534 1165
535 1163
538 1162
539 1161
540 1160
541 1159
542 1157
545 1156
546 1155
547 1154
548 1153
549 1152
550 1150
553 1148
554 1147
555 1146
557 1144
559 1143
560 1142
561 1141
562 1140
563 1139
564 1138
565 1136
568 1135
569 1134
570 1133
571 1132
572 1130
575 1129
576 1128
577 1127
578 1126
579 1125
580 1124
582 1123
583 1121
584 1120
585 1119
587 1117
589 1116
591 1115
592 1113
594 1111
596 1110
597 1109
599 1108
600 1106
602 1105
603 1103
605 1102
606 1101
607 1100
609 1099
610 1097
612 1096
613 1095
614 1094
616 1092
618 1091
619 1090
620 1089
621 1088
622 1087
623 1086
625 1085
626 1084
627 1083
628 1082
629 1081
630 1080
632 1078
634 1077
635 1076
636 1075
637 1074
639 1073
640 1072
641 1071
642 1070
643 1069
644 1068
646 1067
647 1066
648 1065
649 1064
650 1063
651 1062
652 1061
654 1060
655 1059
656 1058
657 1057
658 1056
659 1055
661 1054
662 1053
663 1052
664 1051
665 1050
667 1048
668 1047
670 1046
671 1045
672 1044
673 1043
674 1042
675 1041
677 1040
678 1039
679 1038
680 1037
681 1036
683 1035
684 1034
685 1033
686 1032
687 1031
688 1030
689 1029
691 1028
692 1027
693 1026
694 1025
696 1024
697 1023
698 1022
699 1021
700 1020
701 1019
703 1018
704 1017
705 1016
706 1015
707 1014
708 1013
709 1012
710 1011
712 1010
713 1009
714 1008
715 1007
716 1006
717 1005
719 1004
720 1003
721 1002
722 1001
723 1000
725 999
726 998
727 997
728 996
729 995
730 994
732 992
734 991
735 990
736 989
737 988
739 987
740 986
741 985
742 984
743 983
745 982
746 980
748 979
749 978
750 977
751 976
752 975
753 974
755 973
756 972
757 971
758 970
760 969
761 968
762 967
763 966
764 965
765 964
767 963
768 962
769 961
770 960
771 959
772 958
773 957
775 956
776 955
777 954
778 953
779 952
780 951
782 950
783 949
784 948
785 947
787 945
789 944
790 943
791 942
792 941
793 940
794 939
795 938
797 937
798 936
799 935
800 934
801 933
803 932
804 931
805 930
806 929
807 928
809 927
810 926
811 925
812 924
813 923
814 922
815 921
817 920
818 919
819 918
820 917
821 916
823 915
824 914
825 913
826 912
827 911
829 909
831 908
832 907
833 906
834 905
835 904
836 903
838 902
839 901
840 900
841 899
842 898
843 897
845 896
846 895
847 894
848 893
850 892
851 891
852 890
853 889
854 888
855 887
856 886
858 885
859 884
860 883
861 882
862 881
864 880
865 879
866 878
867 877
868 876
869 875
870 874
872 873
873 872
874 871
875 870
876 869
877 868
878 867
880 866
881 865
882 864
883 863
884 862
886 861
887 860
888 859
890 858
891 857
892 856
893 855
894 854
895 853
897 852
898 851
899 850
900 849
901 848
902 847
903 846
905 845
906 844
907 843
908 842
910 840
912 839
913 838
914 837
915 836
916 835
917 834
919 832
921 831
922 830
923 829
924 828
925 827
927 826
928 825
930 824
931 823
932 822
933 821
934 820
935 819
937 818
938 817
939 816
940 815
941 814
943 813
944 812
945 811
946 810
947 809
948 808
949 807
951 806
952 805
953 804
954 803
955 802
956 801
957 800
959 799
960 798
961 797
962 796
963 795
965 794
966 792
968 791
970 790
971 789
972 788
973 787
974 786
975 785
977 784
978 783
979 782
980 781
981 780
982 779
984 778
985 777
986 776
988 774
989 773
990 772
992 771
993 770
994 769
995 768
996 767
998 765
1000 764
1002 763
1003 762
1004 761
1005 760
1006 759
1007 758
1009 756
1011 755
1012 754
1013 753
1014 752
1015 751
1017 750
1018 749
1019 748
1020 747
1022 746
1023 745
1024 744
1025 743
1027 742
1028 740
1030 739
1031 738
1032 737
1033 736
1035 735
1036 734
1037 732
1039 731
1040 730
1041 729
1043 728
1044 727
1045 726
1046 725
1047 724
1049 723
1050 722
1051 721
1052 720
1053 719
1055 718
1056 716
1058 715
1060 714
1061 712
1063 711
1064 710
1065 709
1067 708
1068 707
1069 706
1070 705
1071 704
1072 703
1074 702
1075 701
1076 700
1077 699
1078 698
1079 697
1080 696
1082 695
1083 694
1084 693
1085 692
1086 691
1088 689
1090 688
1091 687
1093 685
1095 684
1096 683
1098 682
1099 680
1101 679
1102 678
1103 677
1105 676
1106 675
1107 674
1108 673
1109 672
1111 670
1113 669
1114 668
1115 667
1117 666
1118 664
1120 663
1121 662
1122 661
1123 660
1125 659
1126 658
1127 656
1129 655
1130 654
1131 653
1132 652
1135 650
1137 649
1138 648
1139 647
1140 646
1142 644
1144 643
1145 642
1146 641
1147 640
1149 639
1150 638
1151 637
1152 636
1153 635
1154 634
1156 633
1157 632
1158 631
1159 630
1160 629
1161 628
1162 627
1164 626
1165 625
1167 623
1169 622
1170 620
1173 618
1175 617
1176 616
1177 615
1178 614
1180 613
1181 612
1182 611
1183 610
1185 608
1187 607
1188 606
1189 605
1191 604
1192 602
1194 601
1195 600
1196 599
1197 598
1199 597
1200 596
1201 594
1203 593
1205 591
1206 590
1209 588
1211 587
1212 586
1213 585
1214 584
1216 582
1218 581
1220 579
1221 578
1223 577
1224 576
1225 575
1226 574
1228 573
1229 572
1230 571
1231 570
1233 568
1235 566
1237 565
1238 564
1239 563
1241 562
1243 560
1244 558
1247 557
1248 556
1249 555
1250 554
1252 552
1254 551
1256 550
1257 549
1258 548
1259 546
1261 545
1263 544
1264 543
1265 542
1267 540
1269 539
1270 538
1271 537
1272 536
1274 535
1275 534
1276 532
1279 530
1281 529
1283 527
1284 526
1286 525
1287 524
1288 523
1290 522
1291 520
1293 519
1294 518
1295 517
1297 516
1298 515
1299 514
1301 513
1302 512
1303 511
1304 510
1306 508
1308 506
1310 505
1311 504
1313 503
1314 502
1315 501
1316 500
1318 499
1319 498
1320 497
1322 496
1323 494
1326 493
1327 491
1330 489
1331 488
1333 487
1334 486
1335 485
1337 484
1338 483
1339 482
1340 480
1343 478
1345 477
1347 475
1348 474
1350 473
1351 472
1352 471
1354 470
1355 468
1358 466
1360 465
1362 463
1363 462
1365 461
1366 460
1367 459
1369 458
1370 456
1373 455
1374 454
1375 452
1378 450
1379 449
1382 447
1383 446
1384 445
1386 444
1387 442
1390 441
1391 440
1392 439
1394 437
1395 436
1397 435
1399 433
1401 432
1402 431
1404 430
1405 429
1406 428
1407 427
1409 425
1412 424
1413 423
1414 421
1416 420
1417 419
1419 417
1421 416
1422 415
1423 414
1425 413
1426 411
1429 410
1430 409
1431 407
1433 406
1434 405
1436 404
1438 402
1439 401
1441 400
1443 399
1444 398
1445 397
1446 396
1448 394
1451 393
1452 392
1453 390
1455 389
1456 388
1458 386
1460 385
1461 384
1463 383
1464 382
1465 381
1466 380
1468 379
1469 378
1470 376
1472 375
1475 373
1477 371
1478 370
1480 369
1482 368
1483 367
1484 366
1485 365
1487 363
1490 362
1491 361
1492 359
1495 357
1497 356
1499 354
1500 353
1502 352
1504 350
1506 349
1507 348
1509 347
1510 346
1511 345
1512 344
1514 343
1516 340
1519 338
1521 337
1523 335
1524 334
1526 333
1527 332
1529 331
1531 328
1534 327
1536 326
1537 325
1538 323
1539 322
1542 321
1544 320
1545 318
1546 317
1549 316
1550 315
1551 314
1552 313
1553 312
1554 311
1556 310
1558 309
1559 308
1560 306
1562 305
1563 304
1566 303
1567 301
1568 300
1570 299
1571 298
1574 297
1575 295
1577 293
1578 292
1582 290
1583 289
1584 288
1585 287
1586 286
1589 285
1590 284
1592 282
1593 281
1596 280
1597 279
1598 278
1599 277
1600 276
1602 275
1604 274
1605 273
1606 272
1607 271
1609 270
1610 269
1612 268
1613 267
1614 266
1616 265
1617 263
1619 262
1621 261
1622 260
1624 258
1625 257
1627 256
1629 255
1631 254
1632 252
1634 251
1636 250
1637 249
1640 247
1641 246
1644 244
1645 243
1647 242
1648 241
1651 240
1652 238
1655 236
1658 233
1661 232
1662 231
1663 230
1665 228
1666 227
1669 226
1670 225
1673 222
1676 221
1677 220
1680 219
1681 217
1683 216
1685 214
1688 213
1690 211
1693 210
1694 209
1697 208
1700 206
1702 203
1705 202
1710 200
1713 199
1714 198
1717 197
1719 196
1720 195
1722 192
1725 191
1731 188
1734 187
1739 185
1742 184
1743 183
1746 182
1748 181
1749 180
1751 177
1754 176
1763 175
1764 174
1766 173
1768 170
1771 169
1777 168
1780 167
1782 166
1784 163
1787 162
1800 161
1803 160
1804 157
1807 156
1821 155
1824 154
