20
0 1 59 45
0 2 67 61
0 3 7 67
0 4 21 62
0 5 16 39
0 6 79 35
0 7 56 13
0 8 20 82
0 9 35 14
0 10 79 28
0 11 49 63
0 12 55 60
0 13 92 72
0 14 13 69
0 15 30 76
0 16 73 82
0 17 95 27
0 18 83 74
0 19 49 87
1 2 44 24
1 3 83 4
1 4 17 18
1 5 47 49
1 6 23 67
1 7 54 19
1 8 11 18
1 9 4 27
1 10 37 21
1 11 16 62
1 12 10 45
1 13 77 6
1 14 74 51
1 15 70 57
1 16 73 68
1 17 3 65
1 18 77 63
1 19 74 15
2 3 52 16
2 4 31 36
2 5 45 69
2 6 75 57
2 7 71 31
2 8 88 76
2 9 18 80
2 10 75 80
2 11 90 53
2 12 36 82
2 13 9 81
2 14 92 18
2 15 35 26
2 16 80 22
2 17 12 63
2 18 48 31
2 19 33 32
3 4 94 16
3 5 83 62
3 6 13 60
3 7 88 50
3 8 45 76
3 9 2 37
3 10 69 54
3 11 23 78
3 12 38 86
3 13 86 54
3 14 39 32
3 15 0 36
3 16 47 48
3 17 55 25
3 18 75 48
3 19 41 14
4 5 96 63
4 6 17 42
4 7 75 68
4 8 60 55
4 9 89 13
4 10 37 56
4 11 95 17
4 12 99 79
4 13 58 15
4 14 66 19
4 15 59 39
4 16 15 56
4 17 50 57
4 18 9 67
4 19 28 81
5 6 0 54
5 7 9 56
5 8 68 67
5 9 65 16
5 10 47 67
5 11 14 55
5 12 37 84
5 13 39 38
5 14 58 67
5 15 82 64
5 16 49 12
5 17 62 59
5 18 67 72
5 19 20 31
6 7 97 32
6 8 39 68
6 9 42 20
6 10 23 30
6 11 58 25
6 12 7 25
6 13 60 45
6 14 54 33
6 15 85 59
6 16 50 46
6 17 10 66
6 18 31 74
6 19 72 52
7 8 49 40
7 9 11 22
7 10 70 59
7 11 51 62
7 12 57 84
7 13 96 47
7 14 36 27
7 15 44 54
7 16 66 9
7 17 17 64
7 18 36 81
7 19 59 80
8 9 47 90
8 10 82 74
8 11 13 53
8 12 3 48
8 13 20 94
8 14 84 73
8 15 93 6
8 16 87 14
8 17 9 58
8 18 81 25
8 19 63 71
9 10 62 36
9 11 39 72
9 12 48 78
9 13 76 33
9 14 71 57
9 15 46 11
9 16 32 86
9 17 1 61
9 18 2 25
9 19 48 56
10 11 8 47
10 12 35 31
10 13 85 9
10 14 56 35
10 15 84 70
10 16 13 95
10 17 9 63
10 18 92 26
10 19 96 22
11 12 82 49
11 13 97 59
11 14 24 47
11 15 77 59
11 16 60 34
11 17 92 40
11 18 60 55
11 19 56 22
12 13 68 40
12 14 6 84
12 15 51 75
12 16 66 75
12 17 13 51
12 18 31 70
12 19 69 35
13 14 4 21
13 15 6 27
13 16 24 27
13 17 89 20
13 18 3 45
13 19 68 7
14 15 31 30
14 16 3 77
14 17 16 53
14 18 58 60
14 19 85 23
15 16 80 33
15 17 58 71
15 18 27 30
15 19 81 16
16 17 16 67
16 18 14 78
16 19 73 82
17 18 18 82
17 19 26 56
18 19 58 67
0
176
105 990
106 952
108 918
110 913
111 886
112 879
113 852
116 834
119 816
121 803
124 785
127 767
131 757
136 739
140 729
147 724
148 717
150 706
157 689
161 679
168 674
171 656
178 653
180 652
182 648
183 646
184 642
190 629
192 625
194 619
201 616
204 615
206 609
209 604
211 600
213 594
220 591
223 590
225 584
229 579
234 577
236 576
238 575
241 569
246 567
248 566
250 562
251 560
254 554
261 551
263 550
266 544
273 541
279 539
280 535
283 534
286 533
287 532
288 527
293 526
295 525
296 524
298 523
300 517
305 516
308 515
313 512
317 507
322 506
325 502
329 498
334 497
338 496
342 491
346 488
351 487
357 486
359 481
364 480
365 478
367 476
371 472
376 471
380 470
384 466
386 465
388 462
393 461
399 460
403 455
407 452
411 450
415 446
420 445
424 444
428 440
432 436
437 435
443 434
447 430
451 426
459 425
463 421
468 420
472 419
474 418
476 415
480 411
485 410
491 409
493 408
495 405
499 401
519 396
522 393
527 392
533 391
540 390
541 383
548 382
553 381
559 380
561 378
563 376
567 372
582 369
590 364
595 363
601 362
605 361
609 354
624 351
640 349
646 347
651 344
657 342
667 341
672 339
680 333
686 331
695 330
714 328
720 326
722 323
728 321
734 319
743 318
762 316
767 314
769 312
770 311
775 310
784 309
803 307
804 306
809 305
811 302
817 300
823 298
832 297
851 295
856 293
859 290
868 289
877 288
893 285
902 284
904 281
932 280
938 276
977 271
1018 268
1049 266
1096 263
1158 261
1184 260
