20
0 1 8 67
0 2 22 76
0 3 32 56
0 4 92 16
0 5 43 66
0 6 25 70
0 7 84 18
0 8 74 30
0 9 55 71
0 10 25 66
0 11 23 44
0 12 34 36
0 13 87 26
0 14 95 38
0 15 43 52
0 16 96 34
0 17 27 62
0 18 85 44
0 19 17 85
1 2 13 93
1 3 29 67
1 4 5 93
1 5 90 46
1 6 10 58
1 7 54 30
1 8 56 42
1 9 89 18
1 10 92 42
1 11 43 57
1 12 20 65
1 13 20 61
1 14 49 64
1 15 32 35
1 16 1 69
1 17 48 27
1 18 17 82
1 19 33 73
2 3 81 44
2 4 35 46
2 5 51 35
2 6 53 72
2 7 67 52
2 8 26 41
2 9 19 72
2 10 40 47
2 11 35 35
2 12 99 34
2 13 59 26
2 14 1 58
2 15 43 69
2 16 97 3
2 17 93 44
2 18 36 38
2 19 17 86
3 4 44 62
3 5 74 40
3 6 63 38
3 7 99 27
3 8 76 44
3 9 37 58
3 10 3 82
3 11 93 19
3 12 58 31
3 13 31 34
3 14 13 89
3 15 51 48
3 16 63 38
3 17 82 9
3 18 90 10
3 19 22 88
4 5 31 64
4 6 68 49
4 7 2 95
4 8 59 58
4 9 58 61
4 10 41 40
4 11 43 52
4 12 63 29
4 13 59 65
4 14 35 45
4 15 34 61
4 16 53 67
4 17 87 55
4 18 72 51
4 19 25 66
5 6 91 38
5 7 44 48
5 8 49 31
5 9 4 80
5 10 87 29
5 11 34 60
5 12 50 71
5 13 28 76
5 14 27 61
5 15 79 60
5 16 96 35
5 17 31 54
5 18 46 67
5 19 24 79
6 7 54 49
6 8 61 24
6 9 74 40
6 10 62 50
6 11 28 57
6 12 31 52
6 13 29 68
6 14 66 62
6 15 83 53
6 16 45 72
6 17 12 87
6 18 18 90
6 19 99 43
7 8 9 90
7 9 34 60
7 10 48 56
7 11 75 29
7 12 8 88
7 13 90 44
7 14 70 22
7 15 53 39
7 16 27 76
7 17 25 47
7 18 99 19
7 19 77 39
8 9 88 40
8 10 10 46
8 11 41 51
8 12 12 72
8 13 68 56
8 14 36 62
8 15 68 39
8 16 27 82
8 17 86 13
8 18 10 93
8 19 24 79
9 10 62 46
9 11 53 30
9 12 63 46
9 13 77 28
9 14 39 80
9 15 62 19
9 16 66 46
9 17 49 60
9 18 20 74
9 19 15 74
10 11 82 40
10 12 95 10
10 13 64 38
10 14 78 25
10 15 8 46
10 16 8 76
10 17 5 53
10 18 24 58
10 19 65 59
11 12 5 82
11 13 33 78
11 14 60 26
11 15 27 54
11 16 46 66
11 17 86 39
11 18 84 15
11 19 8 53
12 13 85 27
12 14 2 51
12 15 69 21
12 16 11 57
12 17 91 31
12 18 63 33
12 19 91 17
13 14 51 33
13 15 84 53
13 16 51 45
13 17 20 81
13 18 38 34
13 19 28 62
14 15 4 89
14 16 49 70
14 17 59 52
14 18 98 20
14 19 44 77
15 16 5 88
15 17 89 21
15 18 2 96
15 19 67 54
16 17 51 28
16 18 59 51
16 19 25 76
17 18 9 84
17 19 38 44
18 19 58 23
0
464
117 1385
118 1341
121 1329
124 1310
125 1309
127 1305
128 1297
131 1292
134 1290
135 1283
136 1282
138 1278
139 1270
142 1265
144 1264
145 1263
146 1258
148 1251
151 1249
152 1247
153 1245
154 1244
155 1237
156 1236
157 1232
159 1224
162 1222
163 1220
166 1212
169 1210
170 1208
173 1199
174 1198
175 1197
177 1186
180 1184
181 1182
184 1174
187 1172
188 1170
191 1166
194 1164
195 1151
198 1149
199 1148
201 1145
202 1139
205 1137
208 1133
211 1128
213 1124
216 1122
217 1113
220 1111
223 1107
226 1105
228 1101
229 1093
231 1089
234 1087
237 1083
240 1081
241 1080
243 1076
245 1073
246 1072
247 1069
248 1068
250 1063
254 1060
256 1057
260 1054
262 1043
264 1039
268 1037
270 1033
274 1030
276 1026
278 1023
279 1022
280 1019
281 1018
284 1017
285 1015
286 1013
287 1012
289 1011
290 1008
291 1007
293 1005
295 1002
296 1000
297 995
301 993
303 989
306 988
307 987
308 986
309 982
313 975
318 973
319 969
323 964
324 963
327 962
328 961
329 958
330 957
331 952
335 951
336 950
337 946
339 944
340 943
343 941
344 940
345 938
346 937
350 934
351 933
352 930
355 929
357 921
358 920
362 918
363 915
364 914
368 913
369 910
370 909
371 908
375 906
376 903
377 902
378 899
379 898
383 897
384 894
385 893
388 887
389 886
393 885
394 882
395 881
399 880
400 878
401 875
402 874
406 871
407 870
408 869
411 868
412 865
413 864
415 860
416 859
420 857
421 854
422 853
426 852
427 849
428 848
433 844
434 843
436 838
437 837
438 836
442 833
443 832
444 831
446 826
447 825
452 821
453 820
458 817
464 812
468 811
469 810
474 806
475 805
480 802
486 797
487 796
492 792
493 791
498 788
503 787
504 783
508 782
509 781
514 777
515 776
520 773
525 772
526 768
533 766
536 765
537 763
538 762
542 759
543 758
544 757
548 754
554 753
555 749
559 748
560 747
564 746
565 743
566 742
571 739
577 734
584 732
587 731
589 729
590 728
593 725
598 723
599 720
605 719
606 717
609 716
614 713
615 712
617 711
620 708
623 706
627 705
628 703
633 702
636 699
639 698
642 694
648 693
649 691
651 690
652 689
655 688
659 687
660 685
664 683
665 682
666 680
670 679
671 677
673 676
680 673
683 672
684 671
686 669
689 668
692 667
693 666
694 664
695 663
698 662
702 659
708 658
709 657
710 655
714 654
715 652
716 650
723 647
727 645
731 644
734 643
737 641
738 639
739 638
743 637
745 633
753 632
755 630
759 629
761 625
767 622
773 620
777 619
778 618
781 617
782 615
783 614
785 613
787 612
791 608
798 607
801 605
804 604
807 600
813 597
816 595
823 594
824 593
826 592
828 590
829 589
832 587
837 585
838 584
844 582
850 579
853 577
854 576
859 574
862 572
866 571
869 569
875 566
878 564
883 563
884 561
890 560
891 558
898 557
899 556
900 553
906 552
908 551
910 550
913 548
918 547
920 545
925 544
926 542
929 540
935 539
936 537
942 536
943 534
949 533
951 532
952 529
958 528
960 527
962 526
965 524
971 523
972 521
976 520
978 518
981 516
987 515
989 514
991 513
994 512
997 511
1001 509
1004 508
1005 507
1007 505
1010 504
1014 503
1018 502
1019 501
1023 499
1027 498
1028 496
1033 495
1035 494
1036 493
1039 491
1047 489
1048 488
1053 487
1054 485
1057 483
1063 482
1065 480
1070 479
1072 478
1077 476
1080 475
1082 474
1083 472
1086 471
1090 470
1093 469
1096 468
1098 467
1099 466
1103 465
1106 463
1109 462
1112 460
1115 458
1123 456
1125 455
1129 454
1132 452
1135 451
1139 450
1141 447
1148 445
1155 443
1158 442
1161 440
1164 438
1172 436
1173 435
1174 434
1180 433
1184 431
1186 430
1190 427
1196 426
1198 425
1202 422
1210 420
1214 419
1216 418
1219 417
1222 415
1226 414
1229 413
1234 412
1235 409
1243 408
1245 406
1249 405
1251 402
1259 400
1265 398
1272 397
1273 396
1275 394
1283 392
1285 391
1293 390
1295 388
1301 384
1309 382
1322 379
1329 376
1340 375
1342 374
1344 373
1350 371
1354 370
1358 367
1360 366
1366 365
1368 364
1380 363
1382 362
1386 359
1388 358
1401 357
1408 355
1419 353
1425 352
1427 351
1429 349
1447 348
1457 347
1458 346
1467 343
1468 342
1496 340
1527 338
1561 337
1563 336
1599 335
1601 334
