20
0 1 80 25
0 2 87 10
0 3 55 50
0 4 60 47
0 5 24 67
0 6 68 28
0 7 24 66
0 8 86 18
0 9 3 92
0 10 67 41
0 11 99 6
0 12 21 68
0 13 19 71
0 14 89 19
0 15 69 33
0 16 22 79
0 17 6 92
0 18 80 29
0 19 87 21
1 2 27 62
1 3 8 84
1 4 31 64
1 5 1 85
1 6 64 36
1 7 5 92
1 8 15 73
1 9 92 15
1 10 74 33
1 11 44 47
1 12 89 9
1 13 76 34
1 14 86 17
1 15 6 82
1 16 92 20
1 17 4 82
1 18 67 36
1 19 49 53
2 3 75 32
2 4 31 62
2 5 21 80
2 6 12 82
2 7 3 84
2 8 17 80
2 9 72 36
2 10 58 42
2 11 45 49
2 12 55 45
2 13 95 10
2 14 45 60
2 15 94 15
2 16 68 39
2 17 75 34
2 18 47 52
2 19 85 18
3 4 54 49
3 5 59 44
3 6 16 73
3 7 18 71
3 8 38 58
3 9 22 80
3 10 59 46
3 11 25 73
3 12 8 88
3 13 14 79
3 14 36 58
3 15 77 25
3 16 6 83
3 17 71 26
3 18 49 53
3 19 69 40
4 5 54 43
4 6 16 75
4 7 57 36
4 8 96 12
4 9 5 90
4 10 42 62
4 11 53 50
4 12 94 15
4 13 58 48
4 14 93 14
4 15 91 12
4 16 21 78
4 17 59 41
4 18 52 42
4 19 87 13
5 6 16 76
5 7 0 91
5 8 55 49
5 9 0 96
5 10 72 28
5 11 94 7
5 12 25 78
5 13 90 8
5 14 99 14
5 15 66 42
5 16 27 71
5 17 60 39
5 18 72 32
5 19 34 57
6 7 97 9
6 8 29 64
6 9 84 27
6 10 80 22
6 11 74 35
6 12 62 36
6 13 51 48
6 14 82 28
6 15 10 84
6 16 28 64
6 17 96 7
6 18 6 83
6 19 50 44
7 8 50 44
7 9 65 42
7 10 49 55
7 11 88 12
7 12 99 10
7 13 82 27
7 14 93 15
7 15 34 64
7 16 75 27
7 17 13 74
7 18 72 35
7 19 43 62
8 9 25 63
8 10 86 15
8 11 51 42
8 12 82 20
8 13 49 49
8 14 90 21
8 15 0 96
8 16 9 90
8 17 2 85
8 18 59 42
8 19 55 45
9 10 52 40
9 11 3 84
9 12 89 18
9 13 21 80
9 14 28 74
9 15 6 90
9 16 62 36
9 17 48 45
9 18 12 75
9 19 22 72
10 11 27 68
10 12 14 85
10 13 84 19
10 14 18 75
10 15 10 90
10 16 95 17
10 17 47 57
10 18 81 17
10 19 70 34
11 12 55 48
11 13 63 38
11 14 80 19
11 15 58 44
11 16 79 25
11 17 92 14
11 18 89 18
11 19 70 33
12 13 44 52
12 14 14 75
12 15 39 60
12 16 76 28
12 17 76 26
12 18 43 55
12 19 68 34
13 14 71 29
13 15 82 19
13 16 8 92
13 17 11 85
13 18 39 55
13 19 5 88
14 15 31 68
14 16 45 50
14 17 61 41
14 18 64 42
14 19 71 38
15 16 94 13
15 17 28 70
15 18 21 69
15 19 53 48
16 17 97 8
16 18 6 94
16 19 43 58
17 18 90 18
17 19 4 96
18 19 64 35
0
1110
88 1666
92 1656
94 1647
98 1642
100 1633
102 1632
104 1628
106 1627
107 1622
108 1618
110 1616
112 1614
113 1613
114 1611
115 1607
118 1601
121 1598
123 1593
126 1590
128 1587
129 1586
131 1581
133 1580
134 1578
136 1573
139 1570
141 1568
142 1566
144 1562
146 1560
147 1558
149 1556
150 1555
152 1550
155 1547
157 1545
158 1543
160 1541
161 1540
162 1537
163 1535
165 1533
168 1530
169 1529
170 1528
171 1526
172 1525
173 1522
175 1520
176 1518
179 1517
180 1514
181 1513
182 1512
183 1511
184 1509
185 1508
186 1505
189 1503
191 1501
192 1500
193 1497
194 1496
195 1495
196 1494
197 1492
200 1490
201 1488
202 1487
203 1486
204 1484
206 1482
207 1479
210 1477
212 1475
214 1471
216 1469
219 1468
220 1467
222 1465
223 1464
224 1462
226 1459
229 1457
231 1455
233 1453
235 1451
236 1448
239 1446
241 1444
243 1440
245 1438
248 1436
250 1434
252 1433
254 1431
255 1428
258 1426
260 1424
263 1422
264 1421
265 1420
266 1419
267 1418
268 1416
270 1413
273 1411
275 1409
277 1405
279 1403
282 1402
283 1401
285 1399
287 1398
288 1396
289 1393
292 1391
294 1390
296 1389
298 1387
299 1386
300 1384
301 1383
302 1381
304 1380
306 1379
307 1378
308 1377
311 1374
312 1373
313 1371
315 1370
316 1369
317 1368
318 1366
320 1364
323 1363
324 1362
325 1360
326 1359
328 1358
329 1357
330 1354
333 1352
335 1351
337 1350
338 1348
340 1347
341 1345
342 1344
343 1342
345 1341
347 1340
348 1339
349 1338
352 1335
353 1334
354 1332
357 1330
358 1329
360 1328
361 1327
362 1326
364 1325
365 1323
366 1322
367 1320
369 1319
371 1317
372 1316
374 1315
376 1313
378 1312
379 1311
380 1310
381 1309
382 1307
384 1305
386 1304
387 1303
389 1301
391 1300
393 1298
394 1297
395 1295
396 1294
398 1293
399 1292
401 1291
402 1290
403 1289
404 1288
406 1286
407 1285
408 1283
410 1282
411 1281
413 1280
414 1279
415 1278
417 1276
418 1275
420 1274
421 1273
422 1272
423 1270
425 1269
427 1268
428 1267
429 1266
430 1264
432 1263
433 1262
434 1261
435 1260
437 1259
438 1257
440 1256
441 1255
442 1254
443 1253
444 1252
445 1251
447 1249
449 1248
450 1247
452 1245
453 1244
455 1242
457 1241
458 1239
459 1238
461 1237
462 1236
464 1235
465 1234
466 1232
467 1231
469 1230
470 1229
471 1227
473 1226
474 1225
476 1224
477 1223
478 1222
479 1220
481 1219
482 1218
484 1217
485 1216
486 1214
488 1213
489 1212
491 1211
492 1210
493 1208
494 1207
496 1206
498 1205
499 1204
500 1203
501 1201
503 1200
504 1199
505 1198
506 1197
507 1196
508 1195
510 1194
511 1193
512 1192
513 1191
515 1189
516 1188
518 1186
520 1185
521 1184
522 1183
523 1182
525 1181
526 1180
527 1179
528 1178
529 1176
530 1175
532 1174
533 1173
535 1172
536 1171
537 1170
538 1169
539 1168
540 1167
541 1166
542 1164
544 1163
545 1162
547 1161
548 1160
549 1159
551 1157
552 1156
554 1155
555 1154
556 1153
557 1151
559 1150
561 1149
562 1148
563 1147
564 1145
566 1144
567 1143
569 1142
570 1141
571 1140
573 1138
574 1137
575 1136
576 1135
578 1133
579 1132
581 1131
582 1130
584 1129
585 1128
586 1127
588 1126
589 1124
590 1123
591 1122
592 1121
593 1120
594 1119
596 1118
597 1117
598 1116
600 1114
602 1113
603 1112
604 1111
606 1110
607 1108
609 1106
610 1105
612 1104
613 1103
614 1102
615 1101
616 1100
618 1099
619 1098
620 1097
622 1096
623 1095
624 1094
625 1092
627 1091
628 1090
629 1089
630 1088
631 1087
632 1086
634 1085
635 1084
637 1083
638 1082
639 1081
640 1080
641 1079
642 1078
643 1077
644 1076
645 1075
646 1074
647 1073
649 1072
650 1071
652 1069
654 1068
655 1067
656 1066
657 1065
658 1064
659 1063
660 1062
661 1061
662 1060
664 1059
665 1058
666 1057
667 1056
668 1055
670 1054
671 1053
672 1052
674 1051
675 1049
677 1047
679 1046
680 1045
681 1044
682 1043
683 1042
684 1041
686 1040
687 1039
689 1038
690 1037
691 1036
692 1035
693 1034
695 1032
696 1031
697 1030
698 1029
699 1028
701 1027
702 1026
704 1025
705 1024
706 1023
707 1022
708 1021
710 1019
711 1018
713 1016
715 1015
716 1014
717 1013
718 1012
720 1010
723 1009
724 1008
725 1007
726 1006
727 1005
728 1004
729 1003
730 1002
732 1000
733 999
735 997
737 996
739 995
740 994
741 993
742 992
743 991
745 990
746 989
747 988
748 987
749 986
750 985
751 984
752 983
754 982
755 981
757 979
759 978
760 977
761 976
762 975
763 974
764 973
765 972
766 971
768 970
769 969
770 968
772 967
773 965
775 964
776 963
777 962
779 960
781 959
782 958
783 957
784 956
785 955
786 954
788 952
790 951
792 950
793 949
794 948
795 947
796 946
798 944
799 943
801 941
803 940
804 939
805 938
807 937
808 936
809 935
810 934
812 933
813 932
814 931
815 930
816 929
817 928
818 927
820 926
821 925
822 924
823 923
825 922
826 921
827 920
828 919
829 918
830 917
832 915
834 914
835 913
836 912
837 911
839 909
841 908
842 907
843 906
845 904
847 903
848 902
849 901
850 900
851 899
853 898
854 896
856 895
857 894
859 893
860 892
861 891
862 890
864 889
865 888
866 887
867 886
868 885
870 883
871 882
873 881
874 880
876 878
878 877
879 876
880 875
881 874
883 872
885 871
886 870
887 869
888 868
890 867
891 866
892 865
893 864
894 863
896 862
897 861
898 859
900 858
901 857
902 856
903 855
905 854
906 853
907 852
908 851
910 850
911 849
912 848
914 846
915 845
917 844
918 843
919 842
920 841
922 840
923 838
925 837
927 836
928 835
929 834
930 833
931 832
932 831
934 830
935 829
936 828
937 827
938 826
939 825
940 824
942 823
943 822
944 821
945 820
947 818
949 817
950 816
951 815
952 814
954 813
955 812
956 811
957 810
959 809
960 808
961 807
962 806
963 805
964 804
966 803
967 801
969 800
971 798
972 797
974 796
976 794
978 793
979 792
980 791
981 790
983 788
984 787
986 786
987 785
988 784
989 783
991 781
993 780
994 779
995 778
997 777
998 776
1000 774
1001 773
1003 772
1004 771
1005 770
1006 769
1007 768
1008 767
1009 766
1011 765
1012 764
1013 763
1015 762
1016 760
1018 759
1020 757
1022 756
1023 755
1024 754
1025 753
1026 752
1028 751
1029 750
1030 749
1031 748
1032 747
1033 746
1035 745
1036 744
1037 743
1038 742
1040 741
1041 740
1042 739
1043 738
1044 737
1045 736
1047 735
1048 734
1049 733
1050 732
1052 731
1053 729
1055 728
1056 727
1057 726
1059 725
1060 723
1062 722
1064 720
1066 719
1068 718
1069 716
1070 715
1072 714
1073 713
1074 712
1076 710
1077 709
1079 708
1080 707
1081 706
1083 705
1084 704
1085 703
1086 702
1087 701
1089 700
1090 699
1091 698
1092 697
1093 696
1094 695
1096 694
1097 693
1098 692
1099 691
1100 690
1102 689
1103 688
1105 687
1106 686
1107 685
1108 684
1109 683
1110 682
1112 681
1113 679
1115 678
1116 677
1117 676
1119 675
1120 674
1121 673
1123 672
1124 671
1125 670
1126 669
1127 668
1128 667
1130 665
1132 664
1133 663
1134 662
1135 661
1137 660
1138 659
1140 658
1141 657
1142 656
1144 654
1145 653
1147 651
1149 650
1150 649
1151 648
1152 647
1153 646
1155 645
1157 644
1158 643
1159 642
1160 641
1161 640
1162 639
1164 638
1166 636
1167 635
1168 634
1169 633
1170 632
1172 631
1173 630
1174 629
1176 628
1177 627
1178 626
1180 625
1181 624
1182 623
1183 622
1184 621
1185 620
1186 619
1187 618
1188 617
1190 616
1191 615
1193 614
1194 613
1195 612
1196 611
1198 610
1199 609
1200 608
1202 607
1203 606
1204 605
1205 603
1207 602
1208 601
1210 600
1211 599
1212 598
1213 597
1214 596
1216 595
1217 594
1219 593
1220 592
1221 591
1222 589
1225 588
1227 586
1228 585
1229 584
1230 583
1231 582
1234 581
1235 580
1236 579
1237 578
1238 577
1239 576
1240 575
1242 574
1243 573
1245 571
1246 570
1247 569
1248 568
1249 567
1252 566
1253 565
1254 564
1255 563
1256 562
1257 561
1258 560
1260 559
1262 558
1263 557
1264 556
1265 555
1266 553
1269 552
1270 551
1271 550
1272 549
1274 548
1275 546
1277 545
1279 544
1280 543
1281 542
1282 541
1283 539
1286 538
1288 537
1289 535
1291 534
1292 532
1295 531
1296 530
1297 529
1298 528
1300 527
1301 526
1302 525
1304 524
1305 523
1306 521
1309 520
1310 518
1312 517
1314 515
1315 514
1317 513
1318 511
1321 510
1323 508
1325 507
1326 506
1327 504
1330 503
1331 501
1333 500
1335 498
1337 497
1339 496
1340 494
1341 493
1344 491
1345 490
1348 489
1349 488
1350 486
1352 484
1354 483
1357 482
1358 480
1360 479
1361 477
1363 476
1365 475
1366 473
1368 472
1370 471
1371 470
1372 469
1374 468
1375 466
1377 465
1379 463
1381 462
1383 461
1384 460
1386 458
1387 456
1389 455
1392 453
1393 452
1395 451
1396 449
1398 448
1401 446
1402 445
1405 443
1407 442
1409 441
1410 440
1411 438
1412 437
1413 436
1414 435
1416 434
1419 433
1420 432
1421 430
1422 429
1423 428
1425 427
1427 425
1430 424
1431 423
1433 421
1435 420
1436 418
1438 417
1440 416
1442 415
1443 414
1444 413
1445 412
1447 410
1448 408
1450 407
1454 405
1456 403
1457 401
1459 400
1461 399
1464 397
1465 396
1468 395
1469 394
1470 392
1473 390
1474 389
1477 388
1478 387
1479 386
1480 385
1482 384
1484 383
1485 381
1488 379
1489 378
1491 377
1492 376
1494 374
1495 373
1496 372
1498 371
1499 369
1503 368
1504 366
1505 365
1507 364
1508 362
1514 360
1516 359
1517 358
1519 356
1520 355
1523 354
1524 353
1525 352
1526 351
1528 349
1529 348
1530 347
1532 346
1533 345
1535 344
1537 342
1539 340
1541 339
1543 338
1545 337
1546 335
1549 334
1550 332
1554 331
1556 330
1557 329
1558 328
1560 327
1561 326
1562 325
1564 323
1566 322
1567 321
1570 319
1571 318
1572 317
1574 316
1575 315
1577 314
1579 312
1581 310
1583 309
1585 308
1589 307
1591 305
1592 304
1594 303
1595 302
1596 301
1599 300
1600 298
1602 297
1604 295
1606 293
1608 292
1610 291
1612 290
1614 289
1616 288
1618 287
1619 286
1620 285
1623 284
1624 283
1625 282
1628 281
1629 279
1631 278
1633 276
1635 274
1637 273
1639 272
1642 271
1644 270
1645 269
1646 268
1648 267
1649 266
1652 265
1654 264
1656 263
1658 262
1659 261
1660 260
1662 259
1664 258
1665 257
1668 256
1669 254
1671 253
1672 252
1673 251
1675 249
1677 248
1679 247
1682 246
1685 244
1687 243
1688 242
1689 241
1692 240
1695 239
1697 238
1699 237
1700 236
1701 235
1702 234
1705 233
1708 232
1711 231
1713 229
1714 228
1719 227
1720 226
1726 225
1727 223
1733 222
