30
0 1 80 19
0 2 24 76
0 3 50 49
0 4 74 35
0 5 66 31
0 6 19 75
0 7 16 72
0 8 50 55
0 9 26 71
0 10 50 50
0 11 8 81
0 12 66 36
0 13 33 67
0 14 38 66
0 15 19 71
0 16 76 32
0 17 82 20
0 18 58 41
0 19 35 68
0 20 53 48
0 21 63 34
0 22 11 75
0 23 15 86
0 24 66 41
0 25 57 42
0 26 12 76
0 27 76 23
0 28 94 6
0 29 10 81
1 2 93 10
1 3 19 72
1 4 68 32
1 5 65 39
1 6 62 33
1 7 31 69
1 8 41 57
1 9 11 79
1 10 57 45
1 11 31 69
1 12 58 40
1 13 90 20
1 14 36 63
1 15 61 33
1 16 99 6
1 17 88 18
1 18 48 52
1 19 56 51
1 20 94 6
1 21 20 79
1 22 69 30
1 23 96 13
1 24 64 38
1 25 84 23
1 26 72 33
1 27 94 16
1 28 7 83
1 29 24 71
2 3 21 77
2 4 94 13
2 5 53 50
2 6 92 8
2 7 30 65
2 8 35 59
2 9 73 34
2 10 6 83
2 11 65 36
2 12 94 11
2 13 2 91
2 14 49 46
2 15 66 38
2 16 11 80
2 17 76 34
2 18 95 9
2 19 31 68
2 20 83 18
2 21 38 63
2 22 46 45
2 23 64 33
2 24 85 20
2 25 31 67
2 26 70 33
2 27 1 87
2 28 86 17
2 29 11 86
3 4 47 44
3 5 89 15
3 6 45 52
3 7 38 61
3 8 90 9
3 9 97 10
3 10 11 79
3 11 26 65
3 12 73 25
3 13 85 19
3 14 38 62
3 15 36 54
3 16 45 53
3 17 59 35
3 18 82 19
3 19 64 39
3 20 70 39
3 21 14 84
3 22 70 33
3 23 35 67
3 24 40 52
3 25 69 27
3 26 62 41
3 27 64 38
3 28 40 64
3 29 76 23
4 5 3 86
4 6 93 16
4 7 46 54
4 8 49 43
4 9 15 71
4 10 91 18
4 11 66 33
4 12 87 23
4 13 91 15
4 14 69 33
4 15 18 81
4 16 50 45
4 17 91 14
4 18 15 85
4 19 7 85
4 20 6 86
4 21 48 55
4 22 79 18
4 23 57 47
4 24 66 29
4 25 70 34
4 26 40 52
4 27 90 19
4 28 90 21
4 29 76 24
5 6 88 12
5 7 95 5
5 8 61 45
5 9 49 54
5 10 99 6
5 11 89 10
5 12 21 75
5 13 90 17
5 14 41 52
5 15 25 78
5 16 57 46
5 17 29 64
5 18 7 85
5 19 79 28
5 20 37 57
5 21 51 49
5 22 39 57
5 23 51 49
5 24 79 25
5 25 39 53
5 26 37 62
5 27 81 29
5 28 19 68
5 29 31 69
6 7 74 27
6 8 15 74
6 9 23 75
6 10 40 57
6 11 57 44
6 12 63 41
6 13 36 59
6 14 65 33
6 15 45 49
6 16 37 55
6 17 91 15
6 18 7 85
6 19 73 32
6 20 12 80
6 21 14 74
6 22 19 69
6 23 55 47
6 24 79 28
6 25 19 82
6 26 84 15
6 27 53 47
6 28 64 31
6 29 69 38
7 8 5 94
7 9 26 64
7 10 10 85
7 11 97 9
7 12 24 67
7 13 73 34
7 14 63 31
7 15 27 68
7 16 38 63
7 17 13 77
7 18 74 34
7 19 64 37
7 20 38 64
7 21 60 45
7 22 68 38
7 23 27 74
7 24 81 18
7 25 69 33
7 26 82 21
7 27 28 75
7 28 81 29
7 29 53 54
8 9 58 41
8 10 18 79
8 11 87 12
8 12 44 54
8 13 9 78
8 14 66 42
8 15 71 35
8 16 86 18
8 17 82 19
8 18 64 40
8 19 59 47
8 20 77 32
8 21 15 75
8 22 98 5
8 23 0 93
8 24 83 16
8 25 77 19
8 26 19 79
8 27 23 79
8 28 62 45
8 29 3 92
9 10 82 22
9 11 60 45
9 12 7 90
9 13 49 55
9 14 68 37
9 15 33 57
9 16 27 70
9 17 79 28
9 18 69 31
9 19 51 43
9 20 83 27
9 21 85 18
9 22 42 52
9 23 0 85
9 24 68 34
9 25 12 74
9 26 4 87
9 27 30 63
9 28 72 34
9 29 96 14
10 11 61 37
10 12 44 48
10 13 62 41
10 14 13 83
10 15 97 8
10 16 99 9
10 17 94 8
10 18 4 84
10 19 51 51
10 20 98 13
10 21 49 44
10 22 85 13
10 23 66 38
10 24 0 86
10 25 37 67
10 26 43 56
10 27 54 50
10 28 96 9
10 29 49 46
11 12 83 15
11 13 50 43
11 14 34 64
11 15 19 76
11 16 49 52
11 17 24 74
11 18 14 76
11 19 31 61
11 20 79 29
11 21 90 17
11 22 36 54
11 23 13 80
11 24 84 20
11 25 93 17
11 26 3 87
11 27 28 66
11 28 66 30
11 29 16 84
12 13 72 25
12 14 40 57
12 15 70 35
12 16 63 40
12 17 67 37
12 18 67 40
12 19 30 70
12 20 56 39
12 21 84 15
12 22 56 46
12 23 27 73
12 24 94 6
12 25 5 84
12 26 46 51
12 27 66 40
12 28 1 89
12 29 68 39
13 14 18 72
13 15 75 28
13 16 52 53
13 17 82 21
13 18 43 62
13 19 26 67
13 20 67 31
13 21 80 26
13 22 50 55
13 23 71 36
13 24 45 46
13 25 3 89
13 26 11 88
13 27 84 14
13 28 95 5
13 29 84 14
14 15 23 70
14 16 73 33
14 17 3 94
14 18 80 20
14 19 33 59
14 20 20 72
14 21 26 75
14 22 5 81
14 23 87 15
14 24 66 34
14 25 47 46
14 26 78 25
14 27 24 65
14 28 88 20
14 29 37 62
15 16 92 11
15 17 25 74
15 18 91 18
15 19 70 35
15 20 7 84
15 21 27 71
15 22 97 2
15 23 98 14
15 24 81 20
15 25 17 75
15 26 52 51
15 27 89 22
15 28 39 56
15 29 88 13
16 17 30 62
16 18 51 48
16 19 72 32
16 20 69 39
16 21 44 53
16 22 78 32
16 23 4 84
16 24 43 51
16 25 21 77
16 26 45 47
16 27 1 95
16 28 57 40
16 29 59 39
17 18 87 19
17 19 65 30
17 20 81 18
17 21 72 30
17 22 32 67
17 23 85 19
17 24 22 77
17 25 15 82
17 26 71 38
17 27 16 85
17 28 48 56
17 29 66 42
18 19 53 40
18 20 25 70
18 21 35 66
18 22 71 29
18 23 75 25
18 24 33 67
18 25 77 28
18 26 57 38
18 27 47 45
18 28 16 83
18 29 9 81
19 20 3 95
19 21 3 93
19 22 53 48
19 23 72 23
19 24 8 79
19 25 60 45
19 26 86 15
19 27 46 47
19 28 29 73
19 29 98 6
20 21 36 60
20 22 15 77
20 23 67 35
20 24 77 31
20 25 69 29
20 26 57 45
20 27 15 84
20 28 56 40
20 29 31 62
21 22 6 89
21 23 35 58
21 24 42 52
21 25 63 36
21 26 70 27
21 27 39 59
21 28 2 89
21 29 37 60
22 23 2 87
22 24 44 54
22 25 80 29
22 26 20 69
22 27 67 42
22 28 25 64
22 29 48 47
23 24 8 91
23 25 13 86
23 26 23 67
23 27 25 73
23 28 66 38
23 29 74 31
24 25 49 55
24 26 27 65
24 27 24 78
24 28 6 79
24 29 52 52
25 26 29 67
25 27 97 17
25 28 69 40
25 29 4 91
26 27 32 61
26 28 61 33
26 29 26 77
27 28 69 35
27 29 54 46
28 29 53 47
0
2059
109 2529
110 2528
111 2527
112 2523
113 2519
114 2515
115 2514
116 2513
117 2509
118 2505
119 2504
120 2503
121 2499
122 2497
123 2496
124 2493
125 2491
126 2488
127 2487
128 2486
129 2482
130 2480
131 2479
132 2476
133 2474
134 2471
135 2470
136 2469
137 2465
138 2463
139 2462
140 2459
141 2457
142 2456
143 2454
144 2452
145 2451
146 2448
147 2446
148 2445
149 2443
150 2441
151 2440
152 2438
153 2437
154 2434
155 2432
156 2431
157 2429
158 2427
159 2426
160 2424
161 2423
162 2421
163 2420
164 2417
165 2416
166 2415
167 2412
168 2410
169 2409
170 2408
171 2406
172 2404
173 2403
174 2401
175 2399
176 2398
177 2395
179 2393
180 2391
181 2389
183 2387
184 2384
186 2382
187 2380
188 2378
190 2376
191 2374
192 2373
194 2371
195 2369
197 2367
199 2365
200 2363
202 2362
203 2359
205 2358
206 2357
207 2354
209 2353
210 2352
211 2350
212 2348
214 2347
215 2346
216 2344
217 2343
218 2342
219 2341
220 2339
221 2338
223 2336
224 2334
225 2333
226 2332
228 2330
229 2328
230 2327
232 2326
233 2324
234 2323
235 2322
236 2321
237 2319
238 2318
239 2317
240 2316
241 2315
242 2313
243 2312
245 2310
246 2309
247 2307
249 2306
250 2305
251 2303
253 2301
254 2300
255 2298
256 2297
258 2295
259 2294
260 2292
262 2291
263 2290
264 2288
266 2287
267 2286
268 2285
269 2284
270 2283
271 2282
272 2281
273 2280
274 2278
276 2277
277 2275
278 2274
280 2273
281 2271
282 2270
283 2269
285 2267
286 2266
287 2265
289 2263
291 2262
292 2260
294 2259
295 2257
296 2256
297 2255
298 2254
299 2253
300 2252
301 2251
302 2250
303 2249
304 2248
305 2247
306 2246
307 2245
308 2244
310 2242
311 2241
312 2240
314 2238
315 2237
317 2235
318 2234
319 2233
320 2232
321 2231
322 2230
324 2228
325 2227
326 2226
328 2225
329 2223
330 2222
332 2221
333 2220
334 2219
335 2218
336 2217
337 2216
338 2215
339 2213
340 2212
342 2211
343 2209
344 2208
346 2207
347 2206
348 2205
349 2204
350 2203
351 2202
352 2201
353 2200
354 2199
355 2198
356 2197
357 2196
358 2195
360 2193
362 2192
363 2190
364 2189
366 2188
367 2186
368 2185
370 2184
371 2182
372 2181
374 2180
375 2179
376 2178
377 2177
378 2176
379 2175
380 2174
381 2173
382 2172
383 2171
384 2170
385 2169
386 2168
388 2166
390 2165
391 2163
392 2162
394 2161
395 2159
397 2158
398 2157
399 2156
400 2155
401 2154
402 2153
403 2152
404 2151
405 2150
406 2149
408 2147
409 2146
411 2145
412 2144
413 2143
414 2142
415 2141
416 2140
417 2139
418 2138
419 2137
421 2135
422 2134
424 2133
425 2131
427 2130
428 2129
429 2128
430 2127
431 2126
432 2125
433 2124
434 2123
435 2122
436 2121
437 2120
438 2119
439 2118
440 2117
442 2116
443 2115
444 2114
445 2113
446 2112
447 2111
448 2110
449 2109
450 2108
451 2107
452 2106
453 2105
454 2104
456 2103
457 2102
458 2101
459 2100
460 2099
461 2098
462 2097
463 2096
464 2095
466 2093
467 2092
469 2091
470 2089
472 2088
473 2087
474 2086
475 2085
476 2084
477 2083
478 2082
479 2081
480 2080
481 2079
483 2077
484 2076
486 2075
487 2074
488 2073
489 2072
490 2071
491 2070
492 2069
493 2068
494 2067
496 2066
497 2064
499 2063
500 2062
501 2061
502 2060
503 2059
504 2058
505 2057
506 2056
507 2055
508 2054
509 2053
511 2052
512 2051
513 2050
514 2049
515 2048
516 2047
517 2046
518 2045
519 2044
520 2043
522 2041
523 2040
525 2039
526 2038
527 2037
528 2036
529 2035
530 2034
531 2033
532 2032
533 2031
534 2030
536 2028
538 2027
539 2026
540 2025
541 2024
542 2023
543 2022
544 2021
545 2020
546 2019
547 2018
549 2017
550 2016
551 2015
552 2014
553 2013
554 2012
555 2011
556 2010
557 2009
558 2008
559 2007
561 2006
562 2005
563 2004
564 2003
565 2002
566 2001
567 2000
568 1999
569 1998
570 1997
572 1995
573 1994
575 1993
576 1992
577 1991
578 1990
579 1989
580 1988
581 1987
582 1986
583 1985
585 1984
586 1982
588 1981
589 1980
590 1979
591 1978
592 1977
593 1976
594 1975
595 1974
596 1973
597 1972
599 1971
600 1970
601 1969
602 1968
603 1967
604 1966
605 1965
606 1964
608 1962
609 1961
611 1960
612 1959
613 1958
614 1957
615 1956
616 1955
617 1954
618 1953
619 1952
620 1951
622 1949
624 1948
625 1947
626 1946
627 1945
628 1944
629 1943
630 1942
631 1941
632 1940
634 1939
635 1938
636 1937
637 1936
638 1935
639 1934
640 1933
641 1932
642 1931
643 1930
645 1928
647 1927
648 1926
649 1925
650 1924
651 1923
652 1922
653 1921
654 1920
655 1919
657 1918
658 1917
659 1916
660 1915
661 1914
662 1913
663 1912
665 1910
666 1909
668 1907
670 1906
671 1905
672 1904
673 1903
674 1902
675 1901
676 1900
677 1899
679 1898
680 1897
681 1896
682 1895
683 1894
684 1893
685 1892
686 1891
687 1890
688 1889
690 1888
691 1886
693 1885
694 1884
695 1883
696 1882
697 1881
698 1880
699 1879
701 1878
702 1877
703 1876
704 1875
705 1874
706 1873
707 1872
708 1871
709 1870
711 1868
713 1867
714 1866
715 1865
716 1864
717 1863
718 1862
719 1861
720 1860
722 1859
723 1858
724 1857
725 1856
726 1855
727 1854
728 1853
729 1852
730 1851
731 1850
732 1849
734 1847
736 1846
737 1845
738 1844
739 1843
740 1842
742 1840
744 1839
745 1838
746 1837
747 1836
748 1835
749 1834
750 1833
752 1831
754 1830
755 1829
756 1828
757 1827
758 1826
760 1824
761 1823
763 1822
764 1821
765 1820
766 1819
767 1818
769 1816
771 1815
772 1813
774 1812
775 1810
778 1808
780 1806
781 1805
783 1803
785 1802
786 1801
787 1800
789 1798
791 1797
792 1796
793 1795
794 1794
795 1793
797 1791
798 1790
800 1789
801 1788
802 1787
803 1786
804 1785
805 1784
806 1783
807 1782
809 1780
811 1779
812 1778
813 1777
814 1776
815 1775
817 1773
819 1772
820 1771
821 1770
822 1769
823 1768
824 1767
825 1766
827 1764
829 1763
830 1762
831 1761
832 1760
833 1759
835 1757
836 1756
838 1755
839 1754
840 1753
841 1752
842 1751
844 1749
846 1748
847 1746
849 1745
850 1743
853 1741
855 1739
856 1738
858 1736
860 1735
861 1734
862 1733
864 1731
866 1730
867 1729
868 1728
870 1726
872 1725
873 1723
875 1722
876 1721
877 1720
878 1719
879 1718
881 1716
883 1715
884 1714
885 1713
886 1712
887 1711
888 1710
890 1709
891 1708
892 1707
893 1706
894 1705
895 1704
896 1703
897 1702
899 1700
901 1699
902 1698
903 1697
905 1695
907 1694
908 1693
909 1692
910 1691
911 1690
913 1688
914 1687
916 1686
917 1685
918 1684
919 1683
920 1682
921 1681
922 1680
924 1679
925 1678
926 1677
927 1676
928 1675
930 1674
931 1673
932 1672
933 1671
934 1670
935 1669
937 1667
939 1666
940 1665
941 1664
942 1663
943 1662
944 1661
946 1659
948 1658
949 1657
950 1656
951 1655
952 1654
954 1653
955 1652
956 1651
957 1650
958 1649
959 1648
960 1647
961 1646
962 1645
963 1644
965 1643
966 1642
967 1641
968 1640
969 1639
971 1638
972 1637
973 1636
974 1635
975 1634
977 1633
978 1632
979 1631
980 1630
981 1629
982 1628
984 1626
986 1625
987 1624
988 1623
989 1622
990 1621
991 1620
992 1619
994 1618
995 1617
996 1616
997 1615
998 1614
999 1613
1000 1612
1001 1611
1003 1610
1004 1609
1005 1608
1006 1607
1007 1606
1009 1604
1010 1603
1012 1602
1013 1601
1014 1600
1015 1599
1016 1598
1018 1597
1019 1596
1020 1595
1021 1594
1022 1593
1024 1592
1025 1591
1026 1590
1027 1589
1028 1588
1029 1587
1030 1586
1032 1585
1033 1584
1034 1583
1035 1582
1036 1581
1037 1580
1038 1579
1039 1578
1041 1577
1042 1576
1043 1575
1044 1574
1045 1573
1047 1571
1048 1570
1050 1569
1051 1568
1052 1567
1053 1566
1054 1565
1056 1564
1057 1563
1058 1562
1059 1561
1060 1560
1062 1559
1063 1558
1064 1557
1065 1556
1066 1555
1067 1554
1069 1553
1070 1552
1071 1551
1072 1550
1073 1549
1074 1548
1075 1547
1076 1546
1077 1545
1079 1544
1080 1543
1081 1542
1082 1541
1083 1540
1085 1539
1086 1538
1087 1537
1088 1536
1089 1535
1091 1534
1092 1532
1094 1531
1095 1530
1096 1529
1097 1528
1098 1527
1100 1526
1101 1525
1102 1524
1103 1523
1104 1522
1105 1521
1107 1520
1108 1519
1109 1518
1110 1517
1111 1516
1112 1515
1114 1514
1115 1513
1116 1512
1117 1511
1118 1510
1119 1509
1120 1508
1122 1507
1123 1506
1124 1505
1125 1504
1126 1503
1127 1502
1129 1501
1130 1500
1131 1499
1132 1498
1133 1497
1134 1496
1136 1494
1138 1493
1139 1492
1140 1491
1141 1490
1142 1489
1144 1488
1145 1487
1146 1486
1147 1485
1148 1484
1149 1483
1151 1482
1152 1481
1153 1480
1154 1479
1155 1478
1157 1477
1158 1476
1159 1475
1160 1474
1161 1473
1162 1472
1164 1470
1165 1469
1167 1468
1168 1467
1169 1466
1170 1465
1171 1464
1173 1463
1174 1462
1175 1461
1176 1460
1177 1459
1179 1458
1180 1457
1181 1456
1182 1455
1183 1454
1184 1453
1185 1452
1187 1451
1188 1450
1189 1449
1190 1448
1191 1447
1193 1445
1195 1444
1196 1443
1197 1442
1198 1441
1199 1440
1200 1439
1202 1438
1203 1437
1204 1436
1205 1435
1206 1434
1208 1433
1209 1432
1210 1431
1211 1430
1212 1429
1213 1428
1214 1427
1216 1426
1217 1425
1218 1424
1219 1423
1220 1422
1221 1421
1223 1420
1224 1419
1225 1418
1226 1417
1227 1416
1228 1415
1230 1414
1231 1413
1232 1412
1233 1411
1234 1410
1236 1409
1237 1408
1238 1407
1239 1406
1240 1405
1241 1404
1242 1403
1244 1402
1245 1401
1246 1400
1247 1399
1248 1398
1249 1397
1250 1396
1252 1395
1253 1394
1254 1393
1255 1392
1256 1391
1258 1390
1259 1389
1260 1388
1261 1387
1262 1386
1264 1385
1265 1384
1266 1383
1267 1382
1268 1381
1269 1380
1271 1379
1272 1378
1273 1377
1274 1376
1275 1375
1276 1374
1278 1372
1280 1371
1281 1370
1282 1369
1283 1368
1284 1367
1285 1366
1287 1365
1288 1364
1289 1363
1290 1362
1291 1361
1293 1360
1294 1359
1295 1358
1296 1357
1297 1356
1299 1355
1300 1354
1301 1353
1302 1352
1303 1351
1304 1350
1306 1349
1307 1348
1308 1347
1309 1346
1310 1345
1311 1344
1313 1342
1315 1341
1316 1340
1317 1339
1319 1337
1321 1336
1322 1335
1323 1334
1324 1333
1325 1332
1326 1331
1328 1330
1329 1329
1330 1328
1331 1327
1332 1326
1334 1325
1335 1324
1336 1323
1337 1322
1338 1321
1340 1320
1341 1319
1342 1318
1343 1317
1344 1316
1345 1315
1347 1314
1348 1313
1349 1312
1350 1311
1351 1310
1352 1309
1354 1307
1356 1306
1357 1305
1358 1304
1360 1302
1362 1301
1363 1300
1364 1299
1365 1298
1367 1297
1368 1296
1369 1295
1370 1294
1371 1293
1372 1292
1373 1291
1375 1290
1376 1289
1377 1288
1378 1287
1379 1286
1381 1285
1382 1284
1383 1283
1384 1282
1385 1281
1387 1280
1388 1279
1389 1278
1390 1277
1391 1276
1393 1274
1395 1273
1396 1272
1397 1271
1399 1269
1401 1268
1402 1267
1403 1266
1404 1265
1405 1264
1407 1263
1408 1262
1409 1261
1410 1260
1411 1259
1412 1258
1414 1257
1415 1256
1416 1255
1417 1254
1418 1253
1419 1252
1421 1251
1422 1250
1423 1249
1424 1248
1426 1247
1427 1246
1428 1245
1429 1244
1430 1243
1432 1242
1433 1241
1434 1240
1435 1239
1436 1238
1437 1237
1438 1236
1440 1235
1441 1234
1442 1233
1443 1232
1444 1231
1446 1230
1447 1229
1448 1228
1449 1227
1450 1226
1452 1225
1453 1224
1454 1223
1455 1222
1456 1221
1457 1220
1458 1219
1460 1218
1461 1217
1462 1216
1463 1215
1464 1214
1466 1213
1467 1212
1468 1211
1469 1210
1471 1209
1472 1208
1473 1207
1474 1206
1475 1205
1476 1204
1477 1203
1479 1202
1480 1201
1481 1200
1482 1199
1483 1198
1485 1197
1486 1196
1487 1195
1488 1194
1489 1193
1491 1192
1492 1191
1493 1190
1494 1189
1495 1188
1496 1187
1498 1186
1499 1185
1500 1184
1501 1183
1502 1182
1503 1181
1505 1180
1506 1179
1507 1178
1508 1177
1509 1176
1511 1175
1512 1174
1513 1173
1514 1172
1516 1171
1517 1170
1518 1169
1519 1168
1520 1167
1521 1166
1522 1165
1524 1164
1525 1163
1526 1162
1527 1161
1528 1160
1530 1159
1531 1158
1532 1157
1533 1156
1534 1155
1536 1154
1537 1153
1538 1152
1539 1151
1540 1150
1541 1149
1543 1148
1544 1147
1545 1146
1546 1145
1547 1144
1548 1143
1550 1142
1551 1141
1552 1140
1553 1139
1554 1138
1556 1137
1557 1136
1558 1135
1559 1134
1561 1133
1562 1132
1563 1131
1564 1130
1565 1129
1566 1128
1567 1127
1569 1126
1570 1125
1571 1124
1572 1123
1573 1122
1575 1121
1576 1120
1577 1119
1578 1118
1579 1117
1581 1116
1582 1115
1583 1114
1584 1113
1585 1112
1587 1111
1588 1110
1589 1109
1590 1108
1591 1107
1593 1105
1595 1104
1596 1103
1597 1102
1599 1101
1600 1100
1601 1099
1602 1098
1603 1097
1604 1096
1606 1095
1607 1094
1608 1093
1609 1092
1610 1091
1611 1090
1612 1089
1614 1088
1615 1087
1616 1086
1618 1084
1620 1083
1621 1082
1622 1081
1623 1080
1624 1079
1626 1078
1627 1077
1628 1076
1629 1075
1630 1074
1632 1073
1633 1072
1634 1071
1635 1070
1636 1069
1638 1068
1639 1067
1640 1066
1641 1065
1643 1064
1644 1063
1645 1062
1646 1061
1647 1060
1648 1059
1649 1058
1651 1057
1652 1056
1653 1055
1654 1054
1655 1053
1657 1052
1658 1051
1659 1050
1660 1049
1661 1048
1663 1047
1664 1046
1665 1045
1666 1044
1667 1043
1669 1042
1670 1041
1671 1040
1672 1039
1673 1038
1675 1037
1676 1036
1677 1035
1678 1034
1680 1033
1681 1032
1682 1031
1683 1030
1684 1029
1686 1028
1687 1027
1688 1026
1689 1025
1690 1024
1691 1023
1692 1022
1694 1021
1695 1020
1696 1019
1698 1017
1700 1016
1701 1015
1702 1014
1703 1013
1704 1012
1706 1011
1707 1010
1708 1009
1709 1008
1710 1007
1712 1006
1713 1005
1714 1004
1715 1003
1717 1002
1718 1001
1719 1000
1720 999
1721 998
1723 997
1724 996
1725 995
1726 994
1727 993
1729 992
1730 991
1731 990
1732 989
1733 988
1735 987
1736 986
1737 985
1738 984
1739 983
1741 982
1742 981
1743 980
1744 979
1745 978
1747 977
1748 976
1749 975
1750 974
1751 973
1753 972
1754 971
1755 970
1756 969
1757 968
1759 967
1760 966
1761 965
1762 964
1763 963
1765 962
1766 961
1767 960
1768 959
1770 958
1771 957
1772 956
1773 955
1774 954
1775 953
1777 952
1778 951
1779 950
1780 949
1781 948
1783 947
1784 946
1785 945
1786 944
1787 943
1789 942
1790 941
1791 940
1792 939
1793 938
1795 937
1796 936
1797 935
1798 934
1799 933
1801 932
1802 931
1803 930
1804 929
1806 928
1807 927
1808 926
1809 925
1810 924
1812 923
1813 922
1814 921
1815 920
1816 919
1818 918
1819 917
1820 916
1821 915
1822 914
1824 913
1825 912
1826 911
1827 910
1828 909
1830 908
1831 907
1832 906
1833 905
1834 904
1836 903
1837 902
1838 901
1839 900
1840 899
1842 898
1843 897
1844 896
1845 895
1846 894
1848 893
1849 892
1850 891
1851 890
1852 889
1854 888
1855 887
1856 886
1857 885
1858 884
1860 883
1861 882
1862 881
1863 880
1864 879
1866 878
1867 877
1868 876
1869 875
1870 874
1872 873
1873 872
1874 871
1875 870
1876 869
1878 868
1879 867
1880 866
1881 865
1882 864
1884 863
1885 862
1886 861
1887 860
1889 859
1890 858
1891 857
1892 856
1893 855
1895 854
1896 853
1897 852
1898 851
1899 850
1901 849
1902 848
1903 847
1904 846
1905 845
1907 844
1908 843
1909 842
1910 841
1911 840
1913 839
1914 838
1915 837
1916 836
1917 835
1919 834
1920 833
1921 832
1922 831
1923 830
1925 829
1926 828
1927 827
1928 826
1929 825
1931 824
1932 823
1933 822
1934 821
1935 820
1937 819
1938 818
1939 817
1940 816
1942 815
1943 814
1944 813
1945 812
1946 811
1948 810
1949 809
1950 808
1951 807
1952 806
1954 805
1955 804
1956 803
1957 802
1958 801
1960 800
1961 799
1962 798
1963 797
1964 796
1966 795
1967 794
1968 793
1969 792
1970 791
1972 790
1973 789
1974 788
1975 787
1976 786
1978 785
1979 784
1980 783
1981 782
1983 781
1984 780
1985 779
1986 778
1987 777
1989 776
1990 775
1991 774
1992 773
1993 772
1995 771
1996 770
1997 769
1998 768
1999 767
2001 766
2002 765
2003 764
2004 763
2005 762
2007 761
2008 760
2009 759
2010 758
2011 757
2013 756
2014 755
2015 754
2016 753
2018 752
2019 751
2020 750
2021 749
2022 748
2024 747
2025 746
2026 745
2027 744
2028 743
2030 742
2031 741
2032 740
2033 739
2035 738
2036 737
2037 736
2038 735
2039 734
2041 733
2042 732
2043 731
2044 730
2045 729
2047 728
2048 727
2049 726
2050 725
2051 724
2053 723
2054 722
2055 721
2056 720
2058 719
2059 718
2060 717
2061 716
2063 715
2064 714
2065 713
2066 712
2067 711
2068 710
2070 709
2071 708
2072 707
2073 706
2074 705
2076 704
2077 703
2078 702
2079 701
2080 700
2082 699
2083 698
2084 697
2086 695
2088 694
2089 693
2090 692
2092 691
2093 690
2094 689
2095 688
2096 687
2098 686
2099 685
2100 684
2101 683
2102 682
2104 681
2105 680
2106 679
2107 678
2108 677
2110 676
2111 675
2112 674
2114 672
2116 671
2117 670
2118 669
2120 668
2121 667
2123 665
2125 664
2126 663
2127 662
2129 660
2131 659
2132 658
2133 657
2135 655
2137 654
2139 653
2140 652
2141 651
2142 650
2144 649
2145 648
2146 647
2147 646
2148 645
2150 644
2151 643
2152 642
2153 641
2154 640
2156 639
2157 638
2158 637
2160 636
2161 635
2162 634
2164 633
2165 632
2166 631
2167 630
2168 629
2170 628
2171 627
2172 626
2173 625
2174 624
2176 623
2177 622
2179 621
2180 620
2181 619
2183 618
2184 617
2185 616
2186 615
2187 614
2189 613
2190 612
2191 611
2192 610
2193 609
2195 608
2196 607
2198 606
2199 605
2200 604
2202 603
2203 602
2204 601
2205 600
2207 599
2208 598
2209 597
2210 596
2211 595
2213 594
2214 593
2215 592
2216 591
2218 590
2219 589
2221 588
2222 587
2223 586
2225 585
2226 584
2227 583
2228 582
2229 581
2231 580
2232 579
2233 578
2234 577
2235 576
2237 575
2238 574
2240 573
2241 572
2243 571
2244 570
2245 569
2246 568
2247 567
2249 566
2250 565
2251 564
2252 563
2253 562
2255 561
2256 560
2257 559
2259 558
2260 557
2262 556
2263 555
2264 554
2265 553
2267 552
2268 551
2269 550
2270 549
2271 548
2273 547
2274 546
2275 545
2277 544
2278 543
2280 542
2281 541
2282 540
2284 539
2285 538
2286 537
2287 536
2288 535
2290 534
2291 533
2293 531
2296 529
2298 528
2299 527
2300 526
2302 525
2303 524
2304 523
2306 521
2308 520
2309 519
2311 518
2312 517
2314 516
2315 515
2316 514
2317 513
2318 512
2320 511
2321 510
2322 509
2324 508
2325 507
2326 506
2328 505
2329 504
2331 503
2332 502
2333 501
2334 500
2335 499
2337 498
2338 497
2340 495
2342 494
2343 493
2345 492
2346 491
2347 490
2349 489
2350 488
2351 487
2353 485
2355 484
2356 483
2358 482
2359 481
2360 480
2362 479
2363 478
2364 477
2366 476
2367 475
2369 474
2370 473
2371 472
2372 471
2373 470
2375 469
2376 468
2378 467
2379 466
2380 465
2382 464
2383 463
2384 462
2385 461
2387 460
2388 459
2390 458
2391 457
2392 456
2394 455
2395 454
2396 453
2398 452
2399 451
2400 450
2402 449
2403 448
2404 447
2405 446
2407 445
2408 444
2410 443
2411 442
2412 441
2414 440
2415 439
2416 438
2418 437
2419 436
2421 435
2422 434
2423 433
2424 432
2426 431
2427 430
2429 429
2430 428
2431 427
2432 426
2434 425
2435 424
2437 423
2438 422
2439 421
2441 420
2442 419
2443 418
2445 417
2446 416
2447 415
2449 414
2450 413
2451 412
2453 411
2454 410
2456 409
2457 408
2458 407
2459 406
2461 405
2463 404
2464 403
2465 402
2466 401
2468 400
2469 399
2471 398
2472 397
2473 396
2474 395
2476 394
2477 393
2479 392
2480 391
2481 390
2483 389
2484 388
2485 387
2487 386
2488 385
2490 384
2491 383
2492 382
2493 381
2495 380
2497 379
2498 378
2499 377
2500 376
2502 375
2503 374
2505 373
2506 372
2507 371
2508 370
2510 369
2512 368
2513 367
2514 366
2515 365
2517 364
2518 363
2520 362
2521 361
2523 360
2524 359
2525 358
2526 357
2528 356
2529 355
2531 354
2532 353
2533 352
2535 351
2536 350
2538 349
2539 348
2540 347
2541 346
2544 345
2545 344
2546 343
2547 342
2548 341
2551 340
2552 339
2553 338
2556 337
2557 336
2558 335
2559 334
2560 333
2563 332
2564 331
2565 330
2568 329
2569 328
2570 327
2571 326
2572 325
2575 324
2576 323
2577 322
2580 321
2581 320
2582 319
2583 318
2584 317
2587 316
2588 315
2589 314
2592 313
2593 312
2594 311
2595 310
2596 309
2600 308
2603 306
2604 305
2607 304
2608 303
2610 302
2614 301
2615 300
2616 299
2618 298
2622 297
2624 296
2626 295
2628 294
2632 293
2634 292
2636 291
2639 290
2640 289
2642 288
2646 287
2650 286
2651 285
2652 284
2656 283
2660 282
2662 281
2663 280
2667 279
2671 278
2674 277
2675 276
2678 275
2682 274
2686 273
2689 272
2693 271
2701 270
2709 269
2717 268
