30
0 1 25 30
0 2 88 46
0 3 20 29
0 4 94 63
0 5 95 50
0 6 16 22
0 7 61 9
0 8 61 60
0 9 7 59
0 10 41 54
0 11 84 50
0 12 46 47
0 13 55 53
0 14 21 93
0 15 76 10
0 16 99 54
0 17 86 69
0 18 81 79
0 19 12 30
0 20 15 56
0 21 21 79
0 22 39 54
0 23 47 21
0 24 58 34
0 25 52 86
0 26 38 26
0 27 74 84
0 28 40 14
0 29 29 93
1 2 97 57
1 3 98 11
1 4 58 67
1 5 64 15
1 6 38 39
1 7 73 21
1 8 64 11
1 9 28 56
1 10 26 53
1 11 21 60
1 12 19 40
1 13 63 81
1 14 35 24
1 15 83 45
1 16 62 86
1 17 92 24
1 18 53 39
1 19 42 18
1 20 48 18
1 21 50 47
1 22 63 35
1 23 2 80
1 24 87 28
1 25 59 15
1 26 65 20
1 27 63 56
1 28 5 76
1 29 30 91
2 3 12 86
2 4 92 13
2 5 98 75
2 6 28 27
2 7 82 76
2 8 16 23
2 9 97 22
2 10 63 7
2 11 86 45
2 12 31 77
2 13 26 31
2 14 98 43
2 15 67 54
2 16 53 34
2 17 20 39
2 18 4 57
2 19 87 29
2 20 32 44
2 21 31 61
2 22 39 71
2 23 98 75
2 24 55 57
2 25 62 26
2 26 83 38
2 27 21 34
2 28 62 51
2 29 66 73
3 4 98 74
3 5 22 19
3 6 42 41
3 7 90 6
3 8 78 64
3 9 99 8
3 10 51 73
3 11 62 22
3 12 14 85
3 13 25 28
3 14 91 4
3 15 75 65
3 16 65 66
3 17 90 60
3 18 79 4
3 19 29 49
3 20 6 63
3 21 66 34
3 22 30 59
3 23 0 35
3 24 66 49
3 25 58 78
3 26 9 92
3 27 59 83
3 28 5 31
3 29 3 39
4 5 16 24
4 6 27 83
4 7 58 15
4 8 72 39
4 9 33 37
4 10 41 35
4 11 17 53
4 12 4 84
4 13 93 41
4 14 62 21
4 15 10 42
4 16 90 11
4 17 63 65
4 18 45 44
4 19 61 26
4 20 2 39
4 21 43 29
4 22 51 58
4 23 15 20
4 24 15 30
4 25 80 21
4 26 18 85
4 27 95 61
4 28 42 51
4 29 59 81
5 6 12 55
5 7 62 28
5 8 17 19
5 9 38 39
5 10 29 67
5 11 95 22
5 12 51 69
5 13 25 61
5 14 77 56
5 15 77 46
5 16 60 14
5 17 66 48
5 18 12 87
5 19 5 84
5 20 38 26
5 21 72 65
5 22 19 76
5 23 69 65
5 24 87 7
5 25 18 21
5 26 24 15
5 27 6 87
5 28 10 83
5 29 86 4
6 7 49 72
6 8 15 52
6 9 63 54
6 10 14 36
6 11 63 72
6 12 51 29
6 13 37 91
6 14 36 57
6 15 8 73
6 16 73 17
6 17 67 62
6 18 23 88
6 19 34 34
6 20 52 18
6 21 4 19
6 22 65 32
6 23 15 96
6 24 12 84
6 25 23 36
6 26 61 42
6 27 31 65
6 28 72 69
6 29 56 70
7 8 2 33
7 9 80 28
7 10 78 19
7 11 15 66
7 12 14 48
7 13 82 32
7 14 29 57
7 15 43 73
7 16 73 34
7 17 34 65
7 18 89 6
7 19 54 28
7 20 91 73
7 21 52 40
7 22 75 13
7 23 96 17
7 24 24 15
7 25 32 82
7 26 87 35
7 27 13 49
7 28 45 41
7 29 34 57
8 9 85 72
8 10 64 25
8 11 86 23
8 12 64 57
8 13 21 43
8 14 20 88
8 15 91 43
8 16 8 33
8 17 28 50
8 18 52 44
8 19 62 49
8 20 37 31
8 21 92 71
8 22 41 89
8 23 66 62
8 24 97 46
8 25 78 76
8 26 82 20
8 27 45 82
8 28 55 63
8 29 68 14
9 10 74 80
9 11 28 87
9 12 4 42
9 13 99 48
9 14 39 42
9 15 54 42
9 16 33 45
9 17 90 61
9 18 70 33
9 19 7 89
9 20 87 66
9 21 75 59
9 22 58 70
9 23 99 55
9 24 21 47
9 25 45 19
9 26 61 56
9 27 79 40
9 28 27 33
9 29 58 22
10 11 35 32
10 12 95 67
10 13 32 87
10 14 86 44
10 15 25 30
10 16 44 80
10 17 23 46
10 18 44 74
10 19 53 22
10 20 5 91
10 21 68 80
10 22 19 30
10 23 85 43
10 24 69 31
10 25 73 83
10 26 35 92
10 27 9 32
10 28 30 57
10 29 88 74
11 12 54 44
11 13 36 21
11 14 21 72
11 15 85 57
11 16 85 34
11 17 23 66
11 18 18 24
11 19 17 34
11 20 81 74
11 21 88 62
11 22 68 34
11 23 80 74
11 24 59 65
11 25 0 98
11 26 38 44
11 27 57 42
11 28 84 24
11 29 63 12
12 13 19 78
12 14 94 47
12 15 44 39
12 16 72 77
12 17 49 29
12 18 93 37
12 19 89 62
12 20 8 51
12 21 23 56
12 22 68 43
12 23 54 85
12 24 10 83
12 25 26 52
12 26 56 37
12 27 36 49
12 28 88 78
12 29 97 35
13 14 49 14
13 15 67 67
13 16 71 14
13 17 78 35
13 18 68 20
13 19 31 34
13 20 36 50
13 21 64 52
13 22 72 50
13 23 63 46
13 24 75 45
13 25 64 55
13 26 15 61
13 27 93 19
13 28 16 52
13 29 80 7
14 15 29 65
14 16 35 51
14 17 48 76
14 18 62 57
14 19 65 32
14 20 65 52
14 21 87 67
14 22 98 4
14 23 54 14
14 24 64 53
14 25 56 16
14 26 85 39
14 27 89 37
14 28 55 18
14 29 81 51
15 16 16 47
15 17 30 71
15 18 93 64
15 19 83 7
15 20 70 6
15 21 85 27
15 22 65 53
15 23 74 61
15 24 85 32
15 25 63 78
15 26 81 5
15 27 4 59
15 28 48 48
15 29 6 33
16 17 94 6
16 18 93 67
16 19 33 65
16 20 49 83
16 21 88 79
16 22 15 90
16 23 93 77
16 24 88 53
16 25 89 19
16 26 93 69
16 27 56 26
16 28 42 61
16 29 7 82
17 18 37 79
17 19 21 30
17 20 15 65
17 21 98 64
17 22 88 44
17 23 16 17
17 24 74 6
17 25 45 86
17 26 1 29
17 27 26 93
17 28 86 16
17 29 55 38
18 19 18 16
18 20 40 78
18 21 1 50
18 22 6 31
18 23 4 56
18 24 1 59
18 25 90 26
18 26 67 12
18 27 64 20
18 28 30 83
18 29 56 86
19 20 55 43
19 21 21 47
19 22 43 33
19 23 10 40
19 24 15 22
19 25 15 69
19 26 54 50
19 27 38 26
19 28 6 90
19 29 79 48
20 21 73 11
20 22 86 67
20 23 6 41
20 24 51 37
20 25 94 33
20 26 80 4
20 27 12 75
20 28 17 78
20 29 81 4
21 22 59 10
21 23 71 26
21 24 56 39
21 25 17 72
21 26 60 20
21 27 91 36
21 28 10 28
21 29 9 93
22 23 54 32
22 24 10 58
22 25 7 74
22 26 2 38
22 27 49 70
22 28 71 22
22 29 12 63
23 24 81 16
23 25 95 1
23 26 68 63
23 27 56 50
23 28 98 59
23 29 98 60
24 25 38 61
24 26 91 20
24 27 43 51
24 28 1 56
24 29 16 59
25 26 83 50
25 27 82 58
25 28 26 50
25 29 31 91
26 27 79 78
26 28 30 85
26 29 53 58
27 28 6 43
27 29 6 84
28 29 15 27
0
572
137 1637
138 1612
139 1596
140 1587
141 1578
142 1553
143 1537
144 1528
145 1521
146 1506
147 1490
148 1481
149 1474
150 1465
151 1457
152 1448
153 1441
154 1432
155 1431
156 1422
157 1419
158 1411
159 1403
160 1398
161 1389
162 1382
163 1373
164 1369
165 1363
166 1359
167 1352
168 1344
169 1340
171 1338
172 1329
173 1322
174 1313
175 1308
176 1303
177 1298
178 1292
179 1284
180 1279
182 1277
183 1274
184 1266
185 1260
186 1255
187 1250
188 1245
189 1239
190 1231
191 1226
194 1221
195 1213
196 1208
198 1205
199 1200
200 1195
202 1192
203 1186
204 1181
205 1176
206 1171
207 1165
208 1157
209 1152
212 1147
213 1139
214 1134
216 1133
217 1126
218 1121
221 1116
222 1108
223 1103
225 1102
226 1097
227 1091
228 1086
230 1085
231 1078
232 1073
235 1068
236 1060
237 1055
239 1054
240 1049
241 1047
242 1046
243 1044
244 1040
245 1036
246 1031
248 1030
249 1022
252 1016
253 1014
254 1013
255 1010
256 1008
257 1006
258 998
261 992
262 990
264 987
265 984
266 982
267 977
269 976
270 971
271 969
273 964
274 963
275 958
277 957
278 952
279 950
281 947
282 943
283 942
284 937
286 936
287 931
288 929
290 924
291 923
292 918
294 917
296 910
298 907
299 903
301 897
303 896
305 889
307 885
311 877
313 875
314 870
316 864
320 856
322 854
326 846
330 845
332 841
334 837
337 835
338 834
339 833
342 830
344 829
345 826
346 825
347 824
348 823
350 822
351 821
353 819
354 818
356 814
358 813
359 812
360 811
361 810
364 807
366 806
367 803
368 802
369 801
371 800
372 799
373 798
375 796
376 795
378 794
379 791
380 790
381 789
384 787
387 784
388 783
390 782
392 778
395 777
398 775
400 771
405 770
406 768
409 766
411 764
413 763
414 761
417 759
418 757
422 755
425 754
427 753
428 752
429 750
431 749
432 747
435 745
439 743
440 741
443 740
446 738
449 735
451 734
453 733
454 731
457 729
460 728
464 725
465 724
468 722
471 719
475 718
481 715
482 712
489 711
492 709
497 707
500 705
505 704
508 702
509 701
512 698
515 696
519 695
525 692
526 689
533 688
536 686
541 684
544 682
549 681
550 679
555 678
556 675
563 674
566 672
571 670
572 668
579 667
580 665
583 663
587 662
590 661
593 659
594 656
601 655
602 654
604 653
609 651
612 649
617 648
620 647
622 646
623 645
624 642
631 641
634 639
639 637
642 635
649 634
651 633
652 632
657 630
664 628
666 627
669 626
671 625
676 623
677 621
680 620
681 619
683 618
691 617
692 616
695 614
698 613
699 612
701 611
708 610
710 609
713 608
714 607
716 606
721 605
723 604
725 603
729 602
731 601
733 599
736 597
743 596
746 595
748 594
751 592
754 590
757 589
764 588
766 587
769 585
772 584
773 583
775 582
784 580
787 579
788 578
790 577
795 576
796 575
801 574
803 573
805 572
806 571
807 570
810 568
819 567
821 566
822 565
825 563
828 561
838 560
840 558
843 556
849 555
850 554
856 553
859 551
862 549
869 548
873 547
874 546
876 545
877 544
879 543
880 542
884 541
891 540
892 539
894 538
895 537
897 536
902 534
909 533
911 532
912 531
917 529
924 527
928 526
931 524
936 522
943 521
945 520
946 519
949 517
954 515
961 514
963 513
964 512
968 511
969 510
976 508
983 506
986 505
990 504
991 503
997 501
1002 499
1011 498
1012 496
1015 494
1020 492
1030 489
1035 487
1042 485
1052 482
1057 480
1065 479
1068 478
1072 477
1075 476
1078 475
1080 474
1083 473
1087 472
1093 469
1102 467
1109 466
1113 465
1114 464
1115 462
1126 461
1128 460
1130 459
1136 457
1138 456
1141 455
1149 454
1152 452
1159 451
1160 449
1171 448
1173 447
1175 446
1181 444
1186 442
1194 441
1197 439
1205 437
1213 436
1218 434
1226 432
1231 430
1237 429
1240 428
1242 427
1252 425
1258 424
1263 422
1266 421
1273 420
1274 419
1277 418
1282 417
1285 416
1294 415
1297 414
1300 413
1304 412
1308 410
1311 409
1319 407
1322 406
1333 405
1337 404
1340 403
1342 402
1345 401
1350 400
1353 399
1356 398
1366 397
1371 396
1374 395
1377 394
1382 393
1384 392
1387 391
1397 390
1400 389
1404 388
1408 387
1411 386
1416 385
1423 384
1427 383
1432 382
1435 381
1438 380
1442 379
1452 378
1456 377
1458 376
1464 375
1466 374
1469 373
1478 372
1482 371
1487 370
1490 369
1493 368
1498 367
1505 366
1509 365
1513 364
1520 363
1521 362
1524 361
1534 360
1538 359
1540 358
1547 357
1551 356
1559 355
1560 354
1564 353
1569 352
1575 351
1578 350
1585 349
1591 348
1593 347
1595 346
1605 345
1613 344
1614 343
1618 342
1622 341
1630 340
1636 339
1639 338
1645 337
1647 336
1649 335
1656 334
1667 333
1674 331
1676 330
1684 329
1694 328
1697 327
1703 326
1708 324
1710 323
1721 322
1736 320
1738 319
1746 318
1756 317
1759 316
1765 315
1770 313
1772 312
1783 311
1803 310
1810 309
1813 308
1815 307
1826 306
1835 304
1841 303
1848 302
1859 301
1877 300
1878 299
1884 298
1891 297
1902 296
1910 295
1911 294
1917 293
1928 292
1949 291
1953 290
1954 289
1960 288
1971 287
1986 285
1992 284
2003 283
2022 282
2028 281
2034 280
2043 279
2054 278
2067 277
2073 276
2084 275
2095 274
2106 273
2122 272
2125 271
2136 270
2160 269
2163 268
2174 267
2203 266
2243 265
2272 264
