30
0 1 68 28
0 2 16 82
0 3 64 34
0 4 28 63
0 5 5 89
0 6 50 53
0 7 89 18
0 8 33 62
0 9 99 5
0 10 69 35
0 11 80 23
0 12 63 33
0 13 11 79
0 14 49 52
0 15 19 73
0 16 38 64
0 17 80 19
0 18 4 84
0 19 33 57
0 20 69 29
0 21 0 98
0 22 8 88
0 23 79 29
0 24 21 74
0 25 49 54
0 26 90 20
0 27 53 51
0 28 11 89
0 29 73 30
1 2 54 46
1 3 4 82
1 4 94 11
1 5 38 55
1 6 1 86
1 7 11 76
1 8 74 26
1 9 40 64
1 10 98 10
1 11 81 30
1 12 89 13
1 13 91 8
1 14 68 31
1 15 83 26
1 16 47 50
1 17 10 85
1 18 91 16
1 19 28 73
1 20 3 91
1 21 20 70
1 22 11 86
1 23 48 48
1 24 29 69
1 25 64 33
1 26 32 71
1 27 54 45
1 28 80 21
1 29 1 85
2 3 71 29
2 4 1 95
2 5 63 44
2 6 13 73
2 7 55 39
2 8 84 18
2 9 37 64
2 10 16 73
2 11 32 70
2 12 60 39
2 13 40 63
2 14 68 31
2 15 28 69
2 16 7 89
2 17 98 15
2 18 70 34
2 19 5 93
2 20 51 42
2 21 20 80
2 22 2 94
2 23 27 68
2 24 99 13
2 25 36 54
2 26 52 50
2 27 94 14
2 28 91 15
2 29 9 82
3 4 79 29
3 5 56 42
3 6 19 72
3 7 71 30
3 8 83 25
3 9 56 45
3 10 54 52
3 11 91 18
3 12 23 79
3 13 33 61
3 14 59 39
3 15 18 80
3 16 41 62
3 17 91 13
3 18 7 81
3 19 57 40
3 20 71 38
3 21 55 44
3 22 9 86
3 23 3 94
3 24 42 62
3 25 77 23
3 26 29 69
3 27 0 85
3 28 18 74
3 29 83 23
4 5 30 60
4 6 12 83
4 7 24 78
4 8 56 50
4 9 20 71
4 10 94 10
4 11 35 65
4 12 63 34
4 13 49 56
4 14 76 31
4 15 0 91
4 16 77 26
4 17 98 7
4 18 86 16
4 19 74 35
4 20 23 71
4 21 49 56
4 22 96 6
4 23 54 43
4 24 31 66
4 25 84 20
4 26 85 18
4 27 87 21
4 28 2 93
4 29 33 59
5 6 21 78
5 7 45 53
5 8 34 64
5 9 88 22
5 10 26 62
5 11 33 66
5 12 38 62
5 13 54 42
5 14 6 83
5 15 50 50
5 16 5 86
5 17 68 30
5 18 73 23
5 19 83 15
5 20 49 49
5 21 46 54
5 22 75 27
5 23 14 73
5 24 61 46
5 25 4 88
5 26 17 74
5 27 23 70
5 28 71 35
5 29 59 46
6 7 41 64
6 8 48 55
6 9 67 41
6 10 80 20
6 11 78 25
6 12 62 40
6 13 66 32
6 14 12 85
6 15 44 55
6 16 97 5
6 17 60 37
6 18 58 42
6 19 25 72
6 20 0 88
6 21 36 65
6 22 41 61
6 23 64 32
6 24 11 81
6 25 51 51
6 26 57 43
6 27 13 79
6 28 68 28
6 29 69 32
7 8 90 13
7 9 46 51
7 10 98 3
7 11 53 54
7 12 26 71
7 13 42 56
7 14 72 25
7 15 76 26
7 16 95 10
7 17 79 23
7 18 94 15
7 19 21 66
7 20 39 66
7 21 10 79
7 22 2 92
7 23 26 65
7 24 27 71
7 25 3 87
7 26 14 72
7 27 19 74
7 28 43 52
7 29 85 20
8 9 84 14
8 10 79 24
8 11 36 57
8 12 65 39
8 13 18 76
8 14 53 44
8 15 81 28
8 16 73 36
8 17 96 17
8 18 42 58
8 19 56 37
8 20 38 54
8 21 40 62
8 22 90 20
8 23 29 66
8 24 31 69
8 25 71 38
8 26 46 58
8 27 35 68
8 28 33 56
8 29 60 47
9 10 56 48
9 11 31 69
9 12 89 14
9 13 55 46
9 14 58 38
9 15 2 84
9 16 1 96
9 17 76 33
9 18 68 35
9 19 64 38
9 20 48 48
9 21 0 90
9 22 57 49
9 23 84 25
9 24 0 85
9 25 58 49
9 26 40 60
9 27 20 74
9 28 94 14
9 29 5 80
10 11 10 81
10 12 47 58
10 13 58 45
10 14 32 68
10 15 0 92
10 16 93 18
10 17 83 25
10 18 17 70
10 19 30 66
10 20 56 37
10 21 56 43
10 22 86 16
10 23 76 28
10 24 17 84
10 25 64 32
10 26 76 34
10 27 56 40
10 28 4 92
10 29 98 6
11 12 6 85
11 13 91 12
11 14 3 95
11 15 42 62
11 16 67 33
11 17 61 35
11 18 24 64
11 19 16 79
11 20 78 22
11 21 29 66
11 22 64 35
11 23 90 14
11 24 16 84
11 25 91 16
11 26 72 36
11 27 93 12
11 28 55 45
11 29 50 54
12 13 62 37
12 14 8 78
12 15 19 71
12 16 52 47
12 17 63 44
12 18 39 53
12 19 56 47
12 20 34 57
12 21 35 64
12 22 39 60
12 23 99 12
12 24 22 77
12 25 5 80
12 26 56 47
12 27 65 43
12 28 35 59
12 29 11 79
13 14 59 46
13 15 40 60
13 16 79 28
13 17 93 14
13 18 60 41
13 19 10 81
13 20 7 92
13 21 41 57
13 22 29 62
13 23 62 33
13 24 12 85
13 25 73 32
13 26 1 95
13 27 46 59
13 28 70 29
13 29 83 28
14 15 4 88
14 16 85 26
14 17 89 8
14 18 57 42
14 19 44 54
14 20 84 18
14 21 14 77
14 22 73 27
14 23 59 34
14 24 97 4
14 25 91 11
14 26 99 3
14 27 84 21
14 28 83 22
14 29 7 88
15 16 16 75
15 17 50 47
15 18 88 11
15 19 25 77
15 20 20 68
15 21 86 12
15 22 28 74
15 23 88 13
15 24 97 3
15 25 15 83
15 26 56 42
15 27 92 20
15 28 25 66
15 29 2 86
16 17 91 19
16 18 78 30
16 19 66 40
16 20 40 55
16 21 89 16
16 22 72 36
16 23 32 70
16 24 54 47
16 25 52 51
16 26 99 15
16 27 55 39
16 28 18 74
16 29 79 22
17 18 38 59
17 19 80 29
17 20 88 11
17 21 70 34
17 22 43 50
17 23 56 41
17 24 0 91
17 25 99 12
17 26 73 29
17 27 10 84
17 28 36 57
17 29 42 63
18 19 23 72
18 20 97 12
18 21 20 71
18 22 85 13
18 23 17 74
18 24 19 72
18 25 82 17
18 26 86 23
18 27 97 9
18 28 54 48
18 29 47 49
19 20 50 50
19 21 95 14
19 22 35 60
19 23 25 70
19 24 63 32
19 25 4 91
19 26 67 34
19 27 32 65
19 28 36 58
19 29 61 40
20 21 97 15
20 22 12 76
20 23 52 45
20 24 72 29
20 25 74 30
20 26 56 43
20 27 92 20
20 28 93 8
20 29 94 5
21 22 38 65
21 23 48 44
21 24 23 74
21 25 82 16
21 26 12 77
21 27 30 66
21 28 54 42
21 29 67 28
22 23 58 40
22 24 22 74
22 25 15 84
22 26 85 21
22 27 81 17
22 28 99 1
22 29 75 33
23 24 35 64
23 25 41 60
23 26 99 3
23 27 77 22
23 28 6 91
23 29 23 66
24 25 89 10
24 26 4 82
24 27 78 31
24 28 65 42
24 29 37 60
25 26 70 26
25 27 19 72
25 28 77 22
25 29 38 66
26 27 95 14
26 28 87 12
26 29 61 32
27 28 42 54
27 29 13 81
28 29 85 17
0
2040
71 2573
72 2571
73 2568
74 2563
75 2561
76 2558
77 2555
78 2552
79 2550
80 2547
81 2545
82 2542
83 2540
84 2537
85 2535
86 2532
87 2530
88 2528
89 2525
90 2523
91 2520
92 2519
93 2515
94 2514
95 2513
96 2509
97 2508
99 2505
100 2503
101 2502
102 2499
103 2497
104 2494
105 2493
106 2492
107 2488
108 2487
110 2484
111 2482
112 2481
113 2478
114 2476
115 2475
116 2472
117 2471
119 2466
121 2465
122 2462
123 2460
124 2459
125 2456
126 2454
128 2452
129 2450
130 2449
131 2447
132 2444
134 2443
135 2440
136 2438
138 2436
139 2434
140 2433
141 2431
142 2428
144 2427
145 2424
146 2422
148 2420
149 2418
150 2417
151 2415
152 2412
154 2411
155 2408
157 2407
159 2404
160 2403
161 2402
162 2399
163 2397
165 2395
166 2393
167 2392
169 2390
170 2388
172 2386
174 2384
175 2383
176 2382
177 2379
178 2377
180 2375
181 2373
183 2371
184 2370
185 2369
187 2366
189 2365
190 2364
191 2362
192 2361
193 2360
194 2357
195 2355
197 2353
198 2351
200 2350
201 2349
202 2347
204 2346
205 2344
206 2343
207 2342
208 2340
210 2338
211 2336
213 2334
214 2332
216 2330
218 2328
220 2326
221 2324
223 2323
224 2321
225 2320
226 2319
228 2317
229 2315
231 2313
232 2311
235 2309
236 2307
238 2305
239 2303
241 2302
242 2300
244 2298
246 2296
247 2295
248 2294
249 2292
251 2290
253 2289
254 2288
255 2286
257 2284
259 2282
260 2281
261 2280
262 2278
264 2277
265 2275
267 2273
269 2271
271 2269
272 2267
274 2265
276 2264
277 2263
278 2262
279 2261
280 2260
281 2259
282 2258
283 2256
285 2254
287 2253
288 2252
289 2251
290 2250
291 2249
292 2247
294 2245
295 2244
297 2242
299 2240
300 2239
301 2238
302 2236
304 2234
306 2233
307 2232
308 2231
309 2230
310 2229
311 2228
312 2227
313 2225
315 2223
317 2222
318 2221
319 2220
320 2219
321 2218
322 2216
324 2214
326 2213
327 2212
328 2211
329 2210
330 2209
331 2208
332 2207
333 2205
335 2203
337 2202
338 2201
340 2199
342 2197
343 2196
344 2195
345 2194
346 2193
348 2191
349 2190
351 2188
352 2187
353 2186
354 2185
356 2184
357 2183
358 2182
359 2181
360 2180
361 2179
362 2178
363 2176
365 2174
367 2173
368 2172
369 2171
370 2170
371 2169
372 2168
373 2167
374 2166
375 2165
376 2164
378 2162
379 2161
381 2159
383 2157
385 2156
386 2155
387 2154
388 2153
389 2152
390 2151
391 2150
392 2149
393 2148
394 2147
395 2146
396 2145
397 2144
399 2142
401 2140
403 2139
404 2138
405 2137
406 2135
408 2133
410 2132
411 2131
412 2130
413 2129
414 2128
415 2127
416 2126
417 2125
418 2124
419 2123
421 2121
422 2120
424 2118
426 2116
428 2115
429 2114
430 2113
431 2112
432 2111
433 2110
434 2109
435 2108
436 2107
437 2106
439 2104
440 2103
442 2101
444 2100
445 2099
446 2098
447 2097
448 2096
449 2095
450 2094
451 2093
452 2092
453 2091
455 2089
457 2087
459 2086
460 2085
461 2084
462 2083
463 2082
464 2081
465 2080
466 2079
467 2078
468 2077
469 2076
471 2074
473 2072
475 2071
476 2070
477 2069
478 2068
479 2067
480 2066
481 2065
482 2064
483 2063
484 2062
486 2060
488 2059
489 2058
490 2057
491 2056
492 2055
493 2054
494 2053
495 2052
496 2051
498 2050
499 2049
500 2047
502 2045
504 2044
505 2043
506 2042
507 2041
508 2040
509 2039
510 2038
512 2036
514 2035
515 2034
516 2033
517 2032
518 2031
519 2030
520 2029
521 2028
522 2027
523 2026
525 2024
527 2023
528 2022
529 2021
530 2020
531 2019
532 2018
533 2017
534 2016
535 2015
537 2014
538 2012
539 2011
541 2009
543 2008
544 2007
545 2006
546 2005
548 2003
549 2002
551 2000
553 1999
554 1998
555 1997
556 1996
558 1994
559 1993
561 1991
563 1990
564 1989
565 1988
566 1987
567 1986
568 1985
569 1984
570 1983
571 1982
573 1981
574 1980
575 1979
576 1978
577 1976
579 1975
580 1974
581 1973
583 1972
584 1970
585 1969
587 1967
589 1966
590 1965
591 1964
592 1963
594 1961
595 1960
597 1958
599 1957
600 1956
601 1955
602 1954
604 1952
605 1951
607 1949
609 1948
610 1947
611 1946
612 1945
613 1944
614 1943
615 1942
616 1941
617 1940
619 1939
620 1938
621 1937
622 1936
623 1934
626 1932
628 1931
629 1930
630 1928
632 1927
633 1925
635 1924
637 1923
638 1921
640 1920
641 1919
642 1918
643 1917
645 1915
646 1914
648 1912
650 1911
651 1910
652 1909
653 1908
655 1906
656 1905
658 1904
659 1902
661 1901
662 1900
663 1899
665 1897
666 1896
668 1895
669 1893
671 1892
672 1891
673 1890
675 1888
677 1887
678 1886
679 1885
680 1884
681 1882
683 1881
685 1880
686 1879
687 1878
688 1876
690 1875
691 1873
694 1872
695 1871
696 1870
698 1868
699 1867
700 1866
702 1864
704 1863
705 1862
706 1861
707 1860
708 1859
709 1858
710 1857
712 1856
713 1855
714 1853
716 1852
717 1851
719 1849
721 1847
723 1846
724 1844
726 1843
727 1842
729 1841
730 1840
731 1839
732 1838
733 1837
735 1835
737 1834
738 1832
740 1831
741 1830
742 1829
743 1828
745 1826
747 1824
748 1823
750 1822
752 1820
753 1819
754 1818
756 1817
757 1815
759 1814
760 1813
762 1812
763 1811
764 1810
765 1809
766 1808
767 1807
768 1806
770 1805
771 1803
773 1802
774 1801
775 1800
776 1799
778 1797
780 1796
781 1794
783 1793
784 1792
785 1791
786 1790
788 1789
789 1788
790 1787
792 1785
794 1784
795 1783
796 1782
797 1781
798 1780
799 1779
800 1778
802 1776
804 1774
806 1773
807 1772
808 1771
809 1770
810 1769
812 1768
813 1767
814 1765
817 1763
818 1762
820 1761
821 1760
822 1759
823 1758
825 1756
827 1755
828 1754
829 1753
830 1752
831 1751
833 1749
835 1747
837 1746
838 1745
839 1744
841 1743
842 1742
843 1740
845 1739
846 1738
847 1737
849 1736
850 1735
851 1734
852 1733
854 1731
856 1730
857 1729
858 1728
859 1727
860 1726
861 1725
862 1724
864 1722
866 1721
867 1720
868 1719
869 1718
871 1717
872 1716
873 1715
874 1714
875 1713
877 1711
879 1709
881 1708
882 1707
883 1706
885 1705
886 1704
887 1702
889 1701
890 1700
891 1699
893 1698
894 1697
895 1696
896 1695
897 1694
898 1693
900 1692
901 1690
903 1689
904 1688
905 1687
906 1686
908 1684
910 1683
911 1682
912 1681
914 1680
915 1679
916 1677
919 1675
920 1674
922 1672
924 1671
925 1670
926 1669
927 1668
929 1667
930 1665
932 1664
933 1663
934 1662
935 1661
937 1659
939 1658
940 1657
941 1656
942 1655
944 1654
945 1653
946 1652
947 1651
948 1650
949 1649
951 1647
952 1646
954 1645
955 1644
956 1643
958 1642
959 1641
960 1640
961 1639
963 1637
965 1636
966 1634
968 1633
969 1632
970 1631
971 1630
973 1629
974 1628
975 1627
976 1626
977 1625
979 1623
981 1621
983 1620
984 1619
985 1618
987 1617
988 1616
989 1615
990 1614
992 1613
993 1611
995 1609
997 1608
998 1607
999 1606
1001 1605
1002 1604
1003 1603
1004 1602
1006 1601
1007 1600
1008 1598
1010 1597
1011 1596
1012 1595
1013 1594
1015 1593
1016 1592
1017 1591
1018 1590
1019 1589
1021 1588
1022 1586
1024 1585
1025 1584
1026 1583
1027 1582
1029 1581
1030 1580
1031 1579
1032 1578
1033 1577
1035 1576
1036 1575
1037 1574
1038 1573
1040 1572
1041 1570
1043 1569
1044 1568
1045 1567
1046 1566
1047 1565
1049 1564
1050 1563
1051 1562
1052 1561
1053 1560
1055 1559
1056 1558
1057 1557
1058 1556
1059 1555
1060 1554
1061 1553
1063 1552
1064 1551
1065 1550
1066 1549
1067 1548
1069 1547
1070 1546
1071 1545
1072 1544
1073 1543
1074 1542
1075 1541
1077 1540
1078 1539
1079 1538
1080 1537
1082 1536
1083 1535
1084 1534
1085 1533
1087 1532
1088 1530
1090 1529
1091 1528
1092 1527
1093 1526
1094 1525
1096 1524
1097 1523
1098 1522
1099 1521
1101 1520
1102 1519
1103 1518
1104 1517
1105 1516
1107 1514
1109 1513
1110 1512
1111 1511
1112 1510
1114 1509
1115 1508
1116 1507
1117 1506
1118 1505
1119 1504
1121 1503
1122 1502
1123 1501
1124 1500
1125 1499
1126 1498
1127 1497
1129 1496
1130 1495
1131 1494
1132 1493
1134 1492
1135 1491
1136 1490
1137 1489
1138 1488
1139 1487
1141 1485
1143 1484
1144 1483
1145 1482
1147 1481
1148 1480
1149 1479
1150 1478
1151 1477
1152 1476
1154 1475
1155 1474
1156 1473
1157 1472
1158 1471
1160 1470
1161 1469
1162 1468
1163 1467
1164 1466
1165 1465
1167 1464
1168 1463
1169 1462
1170 1461
1171 1460
1172 1459
1174 1458
1175 1457
1176 1456
1177 1455
1178 1454
1180 1453
1181 1452
1182 1451
1183 1450
1184 1449
1185 1448
1187 1447
1188 1446
1189 1445
1190 1444
1191 1443
1192 1442
1194 1441
1195 1440
1196 1439
1197 1438
1198 1437
1200 1436
1201 1435
1202 1434
1203 1433
1204 1432
1206 1431
1207 1430
1208 1429
1209 1428
1211 1426
1213 1425
1214 1424
1215 1423
1216 1422
1218 1420
1220 1419
1221 1418
1222 1417
1223 1416
1224 1415
1226 1414
1227 1413
1228 1412
1229 1411
1230 1410
1232 1409
1233 1408
1234 1407
1235 1406
1236 1405
1238 1403
1240 1402
1241 1401
1242 1400
1244 1399
1245 1398
1246 1397
1247 1396
1248 1395
1249 1394
1251 1393
1252 1392
1253 1391
1254 1390
1255 1389
1257 1388
1258 1387
1259 1386
1260 1385
1261 1384
1262 1383
1264 1382
1265 1381
1266 1380
1267 1379
1268 1378
1269 1377
1271 1376
1272 1375
1273 1374
1274 1373
1275 1372
1277 1371
1278 1370
1279 1369
1280 1368
1281 1367
1283 1366
1284 1365
1285 1364
1286 1363
1287 1362
1289 1360
1291 1359
1292 1358
1293 1357
1294 1356
1295 1355
1297 1354
1298 1353
1299 1352
1300 1351
1301 1350
1303 1349
1304 1348
1305 1347
1306 1346
1307 1345
1308 1344
1310 1343
1311 1342
1312 1341
1313 1340
1315 1338
1317 1337
1318 1336
1319 1335
1321 1334
1322 1333
1323 1332
1324 1331
1325 1330
1327 1329
1328 1328
1329 1327
1330 1326
1331 1325
1332 1324
1334 1323
1335 1322
1336 1321
1337 1320
1338 1319
1340 1318
1341 1317
1342 1316
1343 1315
1344 1314
1345 1313
1347 1312
1348 1311
1349 1310
1350 1309
1351 1308
1352 1307
1354 1306
1355 1305
1356 1304
1357 1303
1358 1302
1360 1301
1361 1300
1362 1299
1363 1298
1364 1297
1366 1295
1368 1294
1369 1293
1370 1292
1371 1291
1372 1290
1374 1289
1375 1288
1376 1287
1377 1286
1379 1285
1380 1284
1381 1283
1382 1282
1383 1281
1385 1280
1386 1279
1387 1278
1388 1277
1389 1276
1391 1275
1392 1274
1393 1273
1394 1272
1395 1271
1396 1270
1398 1269
1399 1268
1400 1267
1401 1266
1403 1265
1404 1264
1405 1263
1406 1262
1407 1261
1408 1260
1409 1259
1411 1258
1412 1257
1413 1256
1414 1255
1415 1254
1417 1253
1418 1252
1419 1251
1420 1250
1422 1248
1424 1247
1425 1246
1426 1245
1428 1243
1430 1242
1431 1241
1432 1240
1433 1239
1434 1238
1436 1237
1437 1236
1438 1235
1439 1234
1440 1233
1442 1232
1443 1231
1444 1230
1445 1229
1446 1228
1447 1227
1449 1226
1450 1225
1451 1224
1452 1223
1453 1222
1455 1221
1456 1220
1457 1219
1459 1218
1460 1217
1461 1216
1462 1215
1463 1214
1464 1213
1465 1212
1467 1211
1468 1210
1469 1209
1470 1208
1471 1207
1473 1206
1474 1205
1475 1204
1476 1203
1477 1202
1479 1201
1480 1200
1481 1199
1482 1198
1483 1197
1484 1196
1486 1195
1487 1194
1488 1193
1489 1192
1490 1191
1492 1190
1493 1189
1494 1188
1495 1187
1496 1186
1498 1185
1499 1184
1500 1183
1501 1182
1502 1181
1503 1180
1505 1179
1506 1178
1507 1177
1508 1176
1509 1175
1511 1174
1512 1173
1513 1172
1514 1171
1515 1170
1517 1169
1518 1168
1519 1167
1521 1165
1523 1164
1524 1163
1525 1162
1526 1161
1528 1160
1529 1159
1530 1158
1531 1157
1532 1156
1534 1155
1535 1154
1536 1153
1537 1152
1538 1151
1540 1150
1541 1149
1542 1148
1543 1147
1544 1146
1546 1145
1547 1144
1548 1143
1549 1142
1550 1141
1552 1140
1553 1139
1554 1138
1555 1137
1556 1136
1558 1135
1559 1134
1560 1133
1561 1132
1562 1131
1563 1130
1565 1129
1566 1128
1567 1127
1568 1126
1569 1125
1571 1124
1572 1123
1573 1122
1574 1121
1575 1120
1577 1119
1578 1118
1579 1117
1580 1116
1581 1115
1582 1114
1584 1113
1585 1112
1586 1111
1587 1110
1588 1109
1590 1108
1591 1107
1592 1106
1593 1105
1594 1104
1596 1103
1597 1102
1598 1101
1600 1099
1602 1098
1603 1097
1604 1096
1606 1095
1607 1094
1608 1093
1609 1092
1610 1091
1611 1090
1613 1089
1614 1088
1615 1087
1617 1085
1619 1084
1620 1083
1621 1082
1622 1081
1624 1080
1625 1079
1626 1078
1627 1077
1628 1076
1629 1075
1631 1074
1632 1073
1633 1072
1634 1071
1636 1070
1637 1069
1638 1068
1639 1067
1640 1066
1641 1065
1643 1064
1644 1063
1645 1062
1646 1061
1647 1060
1649 1059
1650 1058
1651 1057
1652 1056
1653 1055
1655 1054
1656 1053
1657 1052
1659 1050
1661 1049
1662 1048
1663 1047
1665 1046
1666 1045
1667 1044
1668 1043
1669 1042
1671 1041
1672 1040
1673 1039
1674 1038
1676 1036
1678 1035
1679 1034
1680 1033
1681 1032
1683 1031
1684 1030
1685 1029
1686 1028
1687 1027
1688 1026
1690 1025
1691 1024
1692 1023
1693 1022
1695 1021
1696 1020
1697 1019
1698 1018
1699 1017
1701 1016
1702 1015
1703 1014
1705 1013
1706 1012
1707 1011
1708 1010
1709 1009
1711 1008
1712 1007
1713 1006
1714 1005
1715 1004
1716 1003
1718 1002
1719 1001
1720 1000
1721 999
1723 998
1724 997
1725 996
1726 995
1728 993
1730 992
1731 991
1732 990
1734 989
1735 988
1736 987
1737 986
1738 985
1740 984
1741 983
1742 982
1743 981
1745 980
1746 979
1747 978
1748 977
1749 976
1750 975
1752 974
1753 973
1754 972
1755 971
1757 970
1758 969
1759 968
1760 967
1761 966
1763 965
1764 964
1765 963
1766 962
1768 961
1769 960
1770 959
1771 958
1773 957
1774 956
1775 955
1776 954
1777 953
1778 952
1780 951
1781 950
1782 949
1783 948
1785 947
1786 946
1787 945
1788 944
1789 943
1790 942
1792 941
1793 940
1794 939
1796 938
1797 937
1798 936
1799 935
1800 934
1802 933
1803 932
1804 931
1805 930
1807 929
1808 928
1809 927
1810 926
1811 925
1813 924
1814 923
1815 922
1816 921
1817 920
1819 919
1820 918
1821 917
1822 916
1824 915
1825 914
1826 913
1827 912
1829 911
1830 910
1831 909
1832 908
1833 907
1835 906
1836 905
1837 904
1838 903
1839 902
1840 901
1842 900
1843 899
1844 898
1845 897
1847 896
1848 895
1849 894
1850 893
1852 892
1853 891
1854 890
1855 889
1856 888
1858 887
1859 886
1860 885
1862 884
1863 883
1864 882
1865 881
1866 880
1867 879
1869 878
1870 877
1871 876
1872 875
1874 874
1875 873
1876 872
1877 871
1879 870
1880 869
1881 868
1882 867
1883 866
1885 865
1886 864
1887 863
1888 862
1890 861
1891 860
1892 859
1893 858
1894 857
1895 856
1897 855
1898 854
1899 853
1901 852
1902 851
1903 850
1904 849
1905 848
1906 847
1908 846
1909 845
1910 844
1911 843
1913 842
1914 841
1915 840
1916 839
1917 838
1919 837
1920 836
1921 835
1922 834
1924 833
1925 832
1926 831
1928 830
1929 829
1930 828
1931 827
1932 826
1933 825
1935 824
1936 823
1937 822
1938 821
1940 820
1941 819
1942 818
1943 817
1945 816
1946 815
1947 814
1948 813
1949 812
1951 811
1952 810
1953 809
1954 808
1956 807
1957 806
1958 805
1959 804
1960 803
1961 802
1963 801
1964 800
1965 799
1967 798
1968 797
1969 796
1970 795
1971 794
1972 793
1974 792
1975 791
1976 790
1978 789
1979 788
1980 787
1981 786
1982 785
1983 784
1985 783
1986 782
1987 781
1988 780
1990 779
1991 778
1992 777
1994 776
1995 775
1996 774
1997 773
1998 772
2000 771
2001 770
2002 769
2003 768
2005 767
2006 766
2007 765
2008 764
2009 763
2011 762
2012 761
2013 760
2014 759
2015 758
2017 757
2018 756
2019 755
2021 754
2022 753
2023 752
2024 751
2025 750
2027 749
2028 748
2029 747
2030 746
2031 745
2033 744
2034 743
2035 742
2037 740
2038 739
2040 738
2041 737
2042 736
2044 735
2045 734
2046 733
2047 732
2049 731
2050 730
2051 729
2052 728
2053 727
2055 726
2056 725
2057 724
2058 723
2060 722
2061 721
2062 720
2064 719
2065 718
2066 717
2067 716
2068 715
2070 714
2071 713
2072 712
2073 711
2075 710
2076 709
2077 708
2079 706
2080 705
2082 704
2083 703
2084 702
2086 701
2087 700
2088 699
2089 698
2091 697
2092 696
2093 695
2094 694
2095 693
2096 692
2098 691
2099 690
2100 689
2102 688
2103 687
2104 686
2105 685
2107 684
2108 683
2109 682
2110 681
2111 680
2113 679
2114 678
2115 677
2116 676
2118 675
2119 674
2120 673
2122 672
2123 671
2124 670
2125 669
2126 668
2128 667
2129 666
2130 665
2131 664
2133 663
2134 662
2135 661
2137 659
2138 658
2140 657
2141 656
2142 655
2144 654
2145 653
2146 652
2147 651
2149 650
2150 649
2151 648
2152 647
2153 646
2155 645
2156 644
2157 643
2158 642
2160 641
2161 640
2162 639
2164 638
2165 637
2166 636
2167 635
2168 634
2170 633
2171 632
2172 631
2173 630
2175 629
2176 628
2177 627
2179 626
2180 625
2181 624
2182 623
2183 622
2185 621
2186 620
2187 619
2188 618
2190 617
2191 616
2192 615
2193 614
2195 613
2196 612
2197 611
2199 610
2200 609
2201 608
2202 607
2203 606
2205 605
2206 604
2207 603
2208 602
2210 601
2211 600
2212 599
2214 597
2215 596
2217 595
2218 594
2220 593
2221 592
2222 591
2223 590
2224 589
2226 588
2227 587
2228 586
2229 585
2230 584
2232 583
2233 582
2234 581
2235 580
2237 579
2238 578
2239 577
2241 576
2242 575
2243 574
2244 573
2245 572
2247 571
2248 570
2250 568
2252 567
2253 566
2254 565
2256 564
2257 563
2259 561
2260 560
2262 559
2263 558
2264 557
2266 556
2267 555
2268 554
2270 553
2271 552
2272 551
2274 550
2275 549
2276 548
2277 547
2278 546
2280 545
2281 544
2282 543
2284 542
2285 541
2286 540
2287 539
2289 538
2290 537
2291 536
2293 535
2294 534
2296 532
2297 531
2299 530
2300 529
2301 528
2303 527
2304 526
2305 525
2307 524
2308 523
2309 522
2311 521
2312 520
2313 519
2314 518
2315 517
2317 516
2318 515
2319 514
2321 513
2322 512
2323 511
2325 510
2326 509
2327 508
2329 507
2330 506
2331 505
2332 504
2334 503
2335 502
2336 501
2337 500
2339 499
2340 498
2341 497
2343 496
2344 495
2345 494
2347 493
2348 492
2349 491
2351 490
2352 489
2353 488
2354 487
2355 486
2357 485
2358 484
2359 483
2361 482
2362 481
2363 480
2365 479
2366 478
2367 477
2369 476
2370 475
2371 474
2372 473
2374 472
2375 471
2376 470
2378 469
2379 468
2380 467
2381 466
2383 465
2384 464
2385 463
2387 462
2388 461
2389 460
2391 459
2392 458
2393 457
2395 456
2396 455
2397 454
2398 453
2400 452
2401 451
2402 450
2404 449
2405 448
2406 447
2407 446
2409 445
2410 444
2411 443
2413 442
2414 441
2415 440
2417 439
2418 438
2419 437
2421 436
2422 435
2423 434
2424 433
2426 432
2427 431
2428 430
2430 429
2431 428
2433 427
2434 426
2435 425
2436 424
2437 423
2439 422
2440 421
2441 420
2443 419
2444 418
2446 417
2447 416
2448 415
2449 414
2451 413
2452 412
2453 411
2455 410
2456 409
2457 408
2459 407
2460 406
2462 405
2463 404
2464 403
2465 402
2467 401
2468 400
2469 399
2471 398
2472 397
2474 396
2475 395
2476 394
2478 393
2479 392
2480 391
2482 390
2483 389
2484 388
2486 387
2487 386
2488 385
2490 384
2491 383
2492 382
2494 381
2495 380
2496 379
2498 378
2499 377
2500 376
2502 375
2504 374
2505 373
2506 372
2507 371
2508 370
2510 369
2511 368
2512 367
2514 366
2516 365
2517 364
2519 363
2520 362
2521 361
2522 360
2524 359
2525 358
2526 357
2528 356
2529 355
2531 354
2532 353
2533 352
2534 351
2536 350
2537 349
2538 348
2540 347
2541 346
2543 345
2545 344
2546 343
2547 342
2548 341
2550 340
2551 339
2552 338
2554 337
2555 336
2557 335
2559 334
2560 333
2561 332
2563 331
2564 330
2566 328
2567 327
2569 326
2571 325
2572 324
2574 323
2575 322
2577 321
2578 320
2579 319
2580 318
2581 317
2583 316
2585 315
2586 314
2588 313
2589 312
2591 311
2592 310
2593 309
2595 308
2597 307
2598 306
2600 305
2601 304
2602 303
2604 302
2606 301
2607 300
2608 299
2610 298
2612 297
2613 296
2614 295
2616 294
2618 293
2619 292
2621 291
2622 290
2624 289
2626 288
2627 287
2628 286
2629 285
2631 284
2633 283
2634 282
2636 281
2637 280
2639 279
2641 278
2642 277
2644 276
2646 275
2647 274
2649 273
2651 272
2652 271
2656 270
2658 269
2659 268
2662 267
2663 266
2665 265
2667 264
2668 263
2672 262
2674 261
2675 260
2678 259
2682 258
2684 257
2685 256
2688 255
2690 254
2694 253
2696 252
2697 251
2700 250
2704 249
2706 248
2707 247
2710 246
2714 245
2719 244
2729 243
