30
0 1 80 9
0 2 40 18
0 3 48 23
0 4 72 68
0 5 81 60
0 6 56 26
0 7 77 30
0 8 80 59
0 9 76 73
0 10 22 90
0 11 80 40
0 12 65 60
0 13 47 50
0 14 15 19
0 15 72 49
0 16 15 35
0 17 69 12
0 18 5 93
0 19 43 70
0 20 14 45
0 21 2 23
0 22 11 94
0 23 45 68
0 24 46 77
0 25 39 80
0 26 48 63
0 27 2 88
0 28 87 79
0 29 74 10
1 2 22 57
1 3 51 47
1 4 42 23
1 5 35 20
1 6 78 48
1 7 45 47
1 8 16 66
1 9 49 54
1 10 21 56
1 11 12 71
1 12 0 93
1 13 5 72
1 14 10 19
1 15 79 46
1 16 61 71
1 17 71 67
1 18 80 4
1 19 6 76
1 20 16 26
1 21 17 23
1 22 52 54
1 23 35 15
1 24 69 53
1 25 66 77
1 26 72 39
1 27 32 14
1 28 88 81
1 29 86 61
2 3 29 47
2 4 5 58
2 5 88 8
2 6 0 89
2 7 95 11
2 8 13 78
2 9 90 4
2 10 5 60
2 11 3 98
2 12 0 98
2 13 47 55
2 14 64 29
2 15 65 58
2 16 49 30
2 17 23 71
2 18 97 2
2 19 49 40
2 20 42 85
2 21 46 64
2 22 43 22
2 23 39 37
2 24 50 52
2 25 94 14
2 26 24 44
2 27 74 12
2 28 13 36
2 29 9 53
3 4 34 22
3 5 20 73
3 6 55 54
3 7 26 42
3 8 63 51
3 9 70 68
3 10 37 73
3 11 64 18
3 12 46 15
3 13 96 62
3 14 7 83
3 15 82 36
3 16 27 61
3 17 40 30
3 18 71 62
3 19 82 53
3 20 39 64
3 21 92 46
3 22 64 50
3 23 52 44
3 24 6 38
3 25 68 41
3 26 86 32
3 27 2 86
3 28 56 19
3 29 98 59
4 5 23 80
4 6 56 64
4 7 69 20
4 8 77 10
4 9 90 36
4 10 41 61
4 11 52 74
4 12 78 27
4 13 46 14
4 14 19 65
4 15 68 85
4 16 30 79
4 17 71 82
4 18 35 23
4 19 20 30
4 20 33 45
4 21 57 74
4 22 19 60
4 23 60 42
4 24 51 55
4 25 76 28
4 26 73 36
4 27 36 81
4 28 28 53
4 29 3 66
5 6 66 78
5 7 87 5
5 8 51 82
5 9 61 56
5 10 74 13
5 11 88 40
5 12 28 78
5 13 50 84
5 14 22 75
5 15 23 42
5 16 42 71
5 17 21 65
5 18 12 49
5 19 95 71
5 20 16 23
5 21 94 67
5 22 98 31
5 23 58 54
5 24 45 35
5 25 95 65
5 26 28 32
5 27 79 30
5 28 4 85
5 29 24 78
6 7 0 69
6 8 83 75
6 9 48 24
6 10 71 45
6 11 86 66
6 12 23 38
6 13 86 16
6 14 41 55
6 15 76 72
6 16 41 42
6 17 99 77
6 18 23 78
6 19 3 50
6 20 68 63
6 21 69 41
6 22 28 84
6 23 68 73
6 24 33 37
6 25 44 44
6 26 12 50
6 27 34 46
6 28 27 54
6 29 84 56
7 8 6 43
7 9 50 61
7 10 62 29
7 11 37 33
7 12 5 22
7 13 44 54
7 14 60 76
7 15 76 32
7 16 94 35
7 17 95 39
7 18 29 78
7 19 68 80
7 20 98 23
7 21 43 76
7 22 90 33
7 23 80 35
7 24 89 56
7 25 60 14
7 26 91 18
7 27 6 66
7 28 9 92
7 29 69 44
8 9 55 15
8 10 96 1
8 11 60 39
8 12 81 79
8 13 3 52
8 14 38 60
8 15 22 47
8 16 81 38
8 17 0 75
8 18 85 30
8 19 88 33
8 20 70 22
8 21 70 12
8 22 91 77
8 23 80 77
8 24 96 56
8 25 17 90
8 26 37 37
8 27 51 49
8 28 88 28
8 29 19 47
9 10 41 54
9 11 98 19
9 12 81 12
9 13 70 48
9 14 53 78
9 15 92 66
9 16 78 30
9 17 16 58
9 18 17 80
9 19 50 52
9 20 72 36
9 21 78 48
9 22 28 89
9 23 5 39
9 24 11 59
9 25 84 73
9 26 46 85
9 27 80 64
9 28 84 43
9 29 46 21
10 11 53 83
10 12 76 6
10 13 87 78
10 14 76 24
10 15 23 82
10 16 26 23
10 17 3 33
10 18 92 69
10 19 42 15
10 20 44 76
10 21 16 59
10 22 1 47
10 23 97 73
10 24 85 27
10 25 37 49
10 26 6 82
10 27 84 66
10 28 49 34
10 29 18 57
11 12 9 63
11 13 73 13
11 14 81 51
11 15 11 76
11 16 94 20
11 17 33 20
11 18 41 37
11 19 1 21
11 20 60 29
11 21 98 56
11 22 2 28
11 23 16 43
11 24 95 76
11 25 15 39
11 26 63 80
11 27 15 80
11 28 96 58
11 29 32 58
12 13 26 43
12 14 72 19
12 15 11 53
12 16 89 29
12 17 22 67
12 18 11 74
12 19 54 29
12 20 37 88
12 21 97 12
12 22 40 73
12 23 52 10
12 24 81 27
12 25 46 84
12 26 57 66
12 27 88 43
12 28 18 26
12 29 60 51
13 14 9 82
13 15 99 43
13 16 70 81
13 17 24 92
13 18 22 26
13 19 61 22
13 20 45 33
13 21 91 60
13 22 93 16
13 23 67 34
13 24 77 29
13 25 38 68
13 26 46 84
13 27 34 86
13 28 29 29
13 29 2 94
14 15 65 18
14 16 9 74
14 17 56 36
14 18 17 89
14 19 47 67
14 20 84 42
14 21 24 68
14 22 10 22
14 23 93 67
14 24 55 47
14 25 42 86
14 26 13 31
14 27 54 35
14 28 86 71
14 29 68 11
15 16 10 74
15 17 13 73
15 18 46 19
15 19 35 69
15 20 0 63
15 21 4 42
15 22 93 74
15 23 58 81
15 24 92 80
15 25 64 22
15 26 51 53
15 27 92 74
15 28 33 79
15 29 10 75
16 17 51 18
16 18 59 26
16 19 0 42
16 20 84 8
16 21 66 53
16 22 65 40
16 23 28 64
16 24 38 71
16 25 21 63
16 26 88 51
16 27 32 65
16 28 10 42
16 29 64 29
17 18 7 60
17 19 95 16
17 20 13 24
17 21 29 32
17 22 55 56
17 23 4 66
17 24 23 66
17 25 46 15
17 26 75 48
17 27 14 68
17 28 58 62
17 29 64 50
18 19 26 36
18 20 8 53
18 21 63 54
18 22 82 60
18 23 1 83
18 24 28 51
18 25 16 82
18 26 24 89
18 27 54 42
18 28 89 58
18 29 96 9
19 20 42 32
19 21 55 21
19 22 72 84
19 23 15 75
19 24 74 63
19 25 79 50
19 26 43 53
19 27 29 33
19 28 45 26
19 29 86 3
20 21 65 64
20 22 11 36
20 23 81 26
20 24 78 29
20 25 26 31
20 26 70 84
20 27 88 65
20 28 93 71
20 29 44 18
21 22 6 25
21 23 4 71
21 24 48 37
21 25 0 57
21 26 44 13
21 27 81 20
21 28 39 51
21 29 34 18
22 23 92 42
22 24 67 20
22 25 49 55
22 26 33 42
22 27 63 68
22 28 95 64
22 29 99 22
23 24 94 19
23 25 51 63
23 26 52 51
23 27 39 79
23 28 43 81
23 29 9 93
24 25 23 52
24 26 50 19
24 27 2 76
24 28 60 25
24 29 2 39
25 26 56 15
25 27 91 20
25 28 96 35
25 29 64 63
26 27 40 43
26 28 29 41
26 29 37 49
27 28 12 26
27 29 55 67
28 29 10 53
0
559
68 1861
69 1811
71 1788
72 1747
73 1742
74 1724
75 1711
76 1678
77 1671
78 1662
79 1648
80 1630
81 1602
83 1586
84 1572
85 1554
87 1538
88 1524
90 1508
92 1503
93 1495
94 1487
95 1473
97 1457
98 1453
100 1437
102 1428
103 1424
104 1416
105 1402
107 1386
109 1385
110 1373
111 1370
112 1357
113 1354
115 1350
116 1341
117 1339
118 1325
119 1324
120 1321
121 1318
122 1311
123 1307
124 1295
125 1292
126 1289
127 1288
128 1279
129 1277
130 1263
132 1261
133 1257
134 1250
135 1245
136 1240
137 1233
138 1229
140 1228
141 1222
142 1215
144 1206
145 1199
148 1193
150 1192
151 1186
152 1182
153 1175
156 1172
157 1167
158 1160
161 1154
163 1153
164 1147
165 1143
166 1136
170 1131
171 1130
172 1123
174 1120
176 1117
178 1113
179 1111
180 1107
182 1104
183 1100
184 1093
188 1088
189 1087
190 1080
194 1076
196 1070
198 1066
199 1065
201 1064
202 1057
204 1053
205 1052
209 1048
210 1043
211 1042
213 1038
216 1030
217 1029
219 1025
223 1024
224 1022
225 1015
229 1013
230 1012
231 1002
236 999
240 994
241 991
244 987
246 981
250 974
255 971
256 967
259 966
260 963
265 953
270 950
271 946
275 939
280 935
284 933
285 928
287 925
290 918
295 915
297 911
300 910
302 907
305 900
310 897
312 890
317 887
321 884
322 882
327 872
332 869
336 866
338 864
343 861
347 858
350 856
353 849
358 846
359 843
364 840
368 837
370 834
375 831
379 828
381 826
384 825
385 824
386 823
389 822
390 819
394 818
395 816
396 815
399 813
401 810
405 809
406 807
410 804
415 802
416 800
420 799
421 797
424 796
425 794
427 791
432 788
436 785
441 783
443 782
446 780
447 779
450 777
452 776
454 773
459 770
463 767
468 765
472 764
473 762
474 761
477 759
479 758
482 757
483 755
487 754
488 753
490 752
491 751
493 750
494 749
497 747
502 745
503 744
505 743
507 742
508 741
510 740
511 739
514 737
517 736
519 735
522 733
523 732
526 731
528 729
532 727
534 726
536 725
537 724
539 723
542 721
545 720
546 719
548 718
550 717
552 716
553 715
554 714
557 713
559 712
560 711
562 710
563 709
566 708
567 707
568 706
571 705
572 704
575 703
577 701
579 700
582 699
583 698
585 697
586 696
588 695
591 693
593 692
596 691
597 690
599 689
602 687
603 686
607 685
608 684
610 683
611 682
613 681
616 679
617 678
621 677
624 675
627 674
628 672
632 671
633 670
635 669
638 667
641 666
642 664
645 663
649 662
650 661
653 659
655 658
658 656
659 655
663 654
666 652
670 649
674 648
675 647
679 646
680 644
684 641
688 640
693 639
696 638
698 637
700 636
701 635
704 633
708 632
709 631
710 630
714 628
718 625
722 624
723 623
727 622
732 621
735 619
739 618
740 617
743 615
744 614
748 613
751 612
753 610
757 607
761 606
764 605
768 604
771 603
774 601
778 600
781 599
783 598
784 597
785 596
789 595
792 594
794 592
798 589
802 588
805 587
811 586
812 585
815 583
819 582
822 580
826 579
829 578
832 577
833 576
837 575
839 574
842 572
844 571
846 569
852 568
856 567
859 566
861 565
863 563
868 562
870 560
877 558
882 557
883 556
886 555
887 554
890 552
892 551
896 549
904 547
907 546
909 545
913 543
916 542
921 541
923 540
928 538
932 537
933 536
936 534
942 531
948 530
953 528
954 527
959 525
965 524
970 523
971 521
977 520
982 519
988 518
989 516
994 514
1002 513
1005 512
1006 510
1014 509
1017 508
1021 507
1023 506
1028 505
1032 504
1033 503
1038 502
1040 501
1043 500
1045 499
1049 498
1055 496
1058 495
1063 494
1068 492
1073 491
1078 489
1080 488
1088 487
1090 485
1097 484
1101 483
1105 482
1109 481
1112 480
1115 479
1120 477
1123 476
1130 475
1132 473
1137 472
1143 471
1144 470
1147 469
1154 468
1158 467
1163 466
1166 465
1167 464
1172 463
1174 462
1175 461
1180 460
1186 458
1189 457
1197 456
1200 455
1201 454
1208 453
1212 452
1215 451
1221 449
1224 448
1229 446
1232 445
1243 442
1251 441
1255 440
1259 439
1263 438
1268 437
1273 436
1277 435
1278 433
1286 430
1298 429
1301 427
1306 426
1311 425
1317 424
1321 423
1324 422
1329 421
1333 420
1336 418
1344 415
1356 414
1361 412
1364 411
1372 410
1379 409
1382 407
1387 406
1391 405
1397 404
1400 403
1410 402
1415 401
1419 400
1422 399
1425 398
1429 397
1435 396
1438 395
1451 394
1453 393
1457 392
1464 391
1466 390
1479 389
1482 388
1489 387
1492 386
1498 385
1506 384
1510 383
1518 382
1521 381
1530 380
1534 379
1540 378
1547 377
1549 376
1560 375
1565 374
1572 373
1575 372
1581 371
1589 370
1593 369
1603 368
1607 367
1613 366
1617 365
1625 364
1633 363
1640 362
1643 361
1649 360
1657 359
1661 358
1672 357
1676 356
1682 355
1687 354
1693 353
1702 352
1708 351
1714 350
1720 349
1726 348
1737 347
1743 346
1746 345
1752 344
1758 343
1772 342
1778 341
1784 340
1798 339
1802 338
1807 337
1816 335
1830 334
1849 333
1856 332
1870 331
1874 330
1879 329
1888 327
1902 326
1921 325
1934 324
1948 323
1967 322
1971 321
1985 320
2004 319
2017 318
2031 317
2050 316
2072 315
2092 314
2114 313
