30
0 1 52 60
0 2 54 54
0 3 70 46
0 4 39 77
0 5 61 54
0 6 98 24
0 7 65 29
0 8 91 44
0 9 21 67
0 10 61 31
0 11 53 49
0 12 98 9
0 13 24 85
0 14 52 39
0 15 42 69
0 16 83 10
0 17 90 31
0 18 39 43
0 19 1 75
0 20 14 66
0 21 64 56
0 22 68 25
0 23 33 48
0 24 24 49
0 25 59 52
0 26 21 66
0 27 13 80
0 28 19 44
0 29 68 32
1 2 73 51
1 3 77 41
1 4 32 80
1 5 94 47
1 6 32 53
1 7 86 29
1 8 17 46
1 9 24 52
1 10 73 48
1 11 54 57
1 12 90 43
1 13 41 44
1 14 61 65
1 15 49 67
1 16 28 79
1 17 51 39
1 18 62 50
1 19 42 46
1 20 83 20
1 21 23 53
1 22 64 42
1 23 20 53
1 24 57 42
1 25 41 74
1 26 8 50
1 27 81 17
1 28 21 81
1 29 48 74
2 3 78 59
2 4 29 73
2 5 69 15
2 6 72 60
2 7 14 58
2 8 29 50
2 9 11 85
2 10 93 39
2 11 59 24
2 12 28 78
2 13 24 53
2 14 20 71
2 15 73 58
2 16 71 25
2 17 59 67
2 18 96 41
2 19 33 68
2 20 98 27
2 21 42 30
2 22 27 54
2 23 96 17
2 24 32 78
2 25 58 23
2 26 38 37
2 27 93 45
2 28 80 58
2 29 42 44
3 4 85 49
3 5 92 43
3 6 84 52
3 7 10 63
3 8 49 28
3 9 28 67
3 10 18 74
3 11 91 28
3 12 61 26
3 13 58 28
3 14 94 10
3 15 62 41
3 16 22 82
3 17 2 63
3 18 25 71
3 19 13 44
3 20 39 33
3 21 75 56
3 22 79 46
3 23 49 36
3 24 18 52
3 25 86 42
3 26 95 31
3 27 72 39
3 28 13 59
3 29 51 73
4 5 45 32
4 6 33 45
4 7 9 91
4 8 54 66
4 9 10 85
4 10 63 46
4 11 5 92
4 12 21 50
4 13 22 77
4 14 57 29
4 15 55 52
4 16 34 69
4 17 86 17
4 18 71 36
4 19 48 28
4 20 11 81
4 21 22 65
4 22 4 81
4 23 59 25
4 24 14 49
4 25 82 36
4 26 3 52
4 27 52 32
4 28 8 71
4 29 20 77
5 6 7 86
5 7 56 27
5 8 62 40
5 9 97 44
5 10 74 60
5 11 45 67
5 12 56 64
5 13 39 39
5 14 5 64
5 15 7 59
5 16 57 28
5 17 17 71
5 18 93 10
5 19 6 50
5 20 78 38
5 21 68 46
5 22 30 68
5 23 0 99
5 24 65 24
5 25 96 43
5 26 42 70
5 27 14 73
5 28 33 68
5 29 6 57
6 7 90 41
6 8 2 95
6 9 23 82
6 10 57 43
6 11 56 34
6 12 29 83
6 13 94 4
6 14 61 41
6 15 84 39
6 16 27 50
6 17 86 42
6 18 35 54
6 19 21 65
6 20 99 24
6 21 9 53
6 22 57 52
6 23 49 57
6 24 43 64
6 25 56 22
6 26 82 46
6 27 28 60
6 28 71 52
6 29 80 28
7 8 85 46
7 9 89 19
7 10 55 31
7 11 82 52
7 12 11 81
7 13 57 44
7 14 53 24
7 15 7 55
7 16 8 88
7 17 59 20
7 18 84 39
7 19 40 70
7 20 85 16
7 21 48 52
7 22 23 86
7 23 72 48
7 24 79 52
7 25 72 32
7 26 36 70
7 27 7 86
7 28 6 57
7 29 34 47
8 9 99 45
8 10 59 45
8 11 65 50
8 12 60 51
8 13 0 92
8 14 68 35
8 15 94 7
8 16 48 75
8 17 10 69
8 18 66 30
8 19 6 52
8 20 85 45
8 21 86 17
8 22 20 57
8 23 44 31
8 24 13 71
8 25 33 77
8 26 13 80
8 27 12 62
8 28 13 58
8 29 58 58
9 10 33 52
9 11 86 46
9 12 42 39
9 13 72 52
9 14 58 40
9 15 70 60
9 16 46 74
9 17 93 25
9 18 19 89
9 19 57 68
9 20 7 53
9 21 29 69
9 22 88 36
9 23 45 39
9 24 99 49
9 25 19 84
9 26 1 57
9 27 92 11
9 28 2 51
9 29 0 58
10 11 90 11
10 12 60 26
10 13 96 24
10 14 18 71
10 15 72 62
10 16 70 48
10 17 46 57
10 18 13 68
10 19 85 31
10 20 73 53
10 21 38 62
10 22 12 74
10 23 83 30
10 24 94 37
10 25 16 49
10 26 9 66
10 27 43 70
10 28 63 45
10 29 65 55
11 12 68 65
11 13 29 51
11 14 57 54
11 15 81 28
11 16 89 38
11 17 28 56
11 18 96 8
11 19 12 86
11 20 78 14
11 21 87 10
11 22 40 68
11 23 39 38
11 24 74 60
11 25 5 47
11 26 29 35
11 27 64 47
11 28 82 45
11 29 54 43
12 13 26 48
12 14 11 56
12 15 95 32
12 16 51 53
12 17 19 83
12 18 9 72
12 19 7 61
12 20 7 48
12 21 25 51
12 22 71 37
12 23 88 18
12 24 40 74
12 25 93 15
12 26 14 83
12 27 33 69
12 28 7 80
12 29 18 51
13 14 55 36
13 15 47 48
13 16 91 36
13 17 98 45
13 18 48 59
13 19 28 83
13 20 79 11
13 21 41 59
13 22 88 16
13 23 26 37
13 24 83 45
13 25 25 68
13 26 34 40
13 27 64 42
13 28 41 34
13 29 77 47
14 15 67 33
14 16 63 54
14 17 83 15
14 18 38 58
14 19 37 58
14 20 85 46
14 21 8 47
14 22 77 29
14 23 81 37
14 24 59 51
14 25 6 68
14 26 35 45
14 27 80 17
14 28 48 46
14 29 60 56
15 16 70 41
15 17 26 37
15 18 19 52
15 19 48 63
15 20 60 39
15 21 83 16
15 22 98 43
15 23 45 67
15 24 14 89
15 25 31 72
15 26 79 36
15 27 84 16
15 28 81 59
15 29 33 62
16 17 82 57
16 18 6 90
16 19 72 62
16 20 43 30
16 21 4 82
16 22 92 16
16 23 46 57
16 24 51 56
16 25 13 54
16 26 12 74
16 27 28 46
16 28 21 81
16 29 97 47
17 18 91 40
17 19 84 28
17 20 23 69
17 21 69 41
17 22 94 46
17 23 23 70
17 24 75 34
17 25 99 6
17 26 54 35
17 27 25 85
17 28 10 89
17 29 54 29
18 19 73 52
18 20 96 48
18 21 3 55
18 22 80 51
18 23 7 90
18 24 18 61
18 25 94 46
18 26 43 61
18 27 36 35
18 28 17 61
18 29 89 48
19 20 46 52
19 21 35 51
19 22 6 54
19 23 74 15
19 24 52 47
19 25 69 60
19 26 45 32
19 27 79 57
19 28 64 29
19 29 81 57
20 21 56 53
20 22 58 29
20 23 81 13
20 24 48 53
20 25 36 42
20 26 42 77
20 27 21 83
20 28 1 49
20 29 90 38
21 22 44 36
21 23 36 65
21 24 63 54
21 25 28 75
21 26 13 56
21 27 23 40
21 28 79 34
21 29 75 22
22 23 54 23
22 24 52 24
22 25 89 10
22 26 52 44
22 27 88 35
22 28 32 34
22 29 91 23
23 24 39 33
23 25 30 83
23 26 32 64
23 27 92 15
23 28 88 48
23 29 85 41
24 25 65 32
24 26 85 31
24 27 2 50
24 28 98 26
24 29 22 72
25 26 10 80
25 27 4 79
25 28 27 44
25 29 79 20
26 27 51 59
26 28 86 12
26 29 23 87
27 28 25 49
27 29 20 89
28 29 22 84
0
953
127 1911
128 1868
129 1844
131 1820
132 1817
134 1793
137 1774
141 1751
144 1732
149 1731
150 1723
151 1715
152 1713
153 1704
154 1702
158 1701
159 1696
160 1687
161 1685
163 1674
168 1668
169 1666
170 1657
173 1655
176 1649
177 1648
179 1642
180 1640
181 1639
183 1628
186 1625
187 1623
188 1622
189 1612
190 1611
193 1609
194 1606
195 1604
196 1595
199 1593
202 1587
205 1585
207 1581
208 1580
209 1573
214 1564
216 1556
219 1554
222 1548
225 1546
227 1542
231 1539
232 1536
233 1534
234 1525
237 1523
240 1517
243 1515
245 1514
246 1512
249 1508
251 1506
252 1501
255 1499
257 1492
262 1491
263 1484
266 1483
268 1481
269 1479
272 1475
274 1473
275 1468
281 1463
286 1457
289 1455
292 1452
294 1448
298 1447
299 1442
303 1440
305 1437
309 1435
310 1431
313 1429
314 1428
316 1426
318 1422
322 1420
324 1418
325 1417
327 1414
329 1411
333 1409
337 1407
338 1403
341 1401
342 1400
344 1398
346 1394
351 1392
352 1390
353 1389
357 1383
362 1381
367 1378
368 1377
372 1371
376 1370
377 1369
381 1367
382 1366
383 1363
387 1359
392 1357
397 1354
398 1353
402 1347
407 1345
411 1343
413 1339
417 1337
418 1336
423 1334
426 1333
428 1329
433 1326
439 1324
440 1322
442 1321
444 1320
446 1319
448 1318
449 1314
453 1313
454 1312
456 1311
458 1310
460 1306
464 1304
465 1303
469 1302
470 1301
473 1300
475 1296
480 1293
485 1291
487 1289
489 1288
491 1287
493 1286
495 1285
496 1283
498 1281
500 1280
501 1279
503 1278
505 1277
507 1275
511 1273
512 1271
516 1269
517 1268
522 1265
526 1263
527 1261
532 1258
536 1257
538 1256
539 1254
541 1253
543 1252
545 1250
547 1249
548 1248
550 1246
552 1245
554 1244
555 1243
557 1242
559 1240
563 1238
564 1237
565 1236
569 1234
570 1233
573 1232
574 1230
578 1228
579 1227
583 1226
585 1225
586 1223
588 1222
590 1221
592 1220
594 1219
596 1217
597 1215
599 1214
601 1213
602 1212
604 1211
607 1210
609 1209
610 1207
612 1205
617 1202
620 1201
624 1200
625 1197
629 1196
630 1195
632 1194
634 1192
635 1191
637 1190
640 1189
642 1188
643 1187
645 1185
647 1184
650 1181
655 1179
658 1177
662 1176
664 1174
665 1173
667 1172
668 1171
670 1170
673 1169
675 1168
676 1167
677 1166
680 1163
683 1161
688 1159
691 1158
692 1157
695 1156
696 1155
697 1154
698 1153
700 1152
702 1151
705 1150
707 1149
708 1148
710 1146
711 1145
713 1143
718 1142
719 1141
721 1140
722 1139
724 1138
725 1137
729 1135
731 1134
733 1133
735 1132
738 1131
739 1130
740 1129
741 1128
744 1125
749 1124
751 1122
753 1121
754 1120
755 1119
760 1118
762 1117
763 1116
765 1114
769 1113
771 1112
772 1111
774 1110
776 1109
777 1108
779 1107
782 1104
787 1101
791 1100
792 1099
796 1097
797 1096
801 1095
803 1094
805 1093
806 1092
808 1091
809 1090
812 1089
815 1087
818 1086
819 1085
820 1084
824 1083
825 1082
826 1081
828 1080
830 1079
831 1078
833 1077
836 1075
839 1074
841 1072
845 1071
846 1070
850 1068
851 1067
855 1066
856 1065
859 1064
860 1063
861 1062
864 1061
866 1060
869 1058
872 1057
873 1056
874 1055
877 1054
878 1053
880 1052
882 1051
884 1050
885 1049
887 1048
890 1047
891 1046
893 1045
895 1044
896 1043
900 1041
903 1040
905 1038
909 1037
910 1036
913 1035
914 1034
915 1033
918 1032
920 1031
922 1030
924 1029
926 1028
927 1027
929 1026
931 1025
932 1024
935 1023
937 1022
938 1021
940 1020
942 1019
944 1018
946 1017
948 1016
949 1015
951 1014
954 1013
955 1012
957 1011
959 1010
960 1009
964 1008
965 1007
968 1006
969 1005
971 1004
973 1003
975 1002
976 1001
979 1000
981 999
982 998
984 997
986 996
988 995
990 994
991 993
993 992
995 991
996 990
999 989
1001 988
1004 986
1008 985
1009 984
1012 983
1013 982
1016 981
1017 980
1019 979
1021 978
1023 977
1024 976
1027 975
1028 974
1029 973
1032 972
1034 971
1035 970
1037 969
1040 967
1044 966
1046 965
1049 963
1053 962
1054 961
1056 960
1058 959
1059 958
1062 957
1063 956
1064 955
1067 954
1068 953
1070 952
1072 951
1073 950
1077 949
1078 948
1081 947
1082 946
1086 945
1087 944
1089 943
1091 942
1093 941
1095 940
1097 939
1098 938
1102 936
1103 935
1107 934
1108 932
1112 931
1115 930
1117 928
1120 927
1123 926
1124 925
1126 924
1128 923
1131 922
1133 920
1137 919
1138 917
1142 916
1143 915
1147 913
1150 912
1152 911
1154 910
1155 909
1158 908
1161 906
1163 905
1167 904
1168 903
1170 902
1172 901
1173 900
1177 899
1179 898
1180 897
1182 896
1185 894
1189 893
1190 892
1191 891
1194 890
1196 889
1198 888
1200 887
1203 886
1205 885
1207 884
1210 883
1211 882
1214 881
1215 880
1216 879
1219 878
1220 877
1224 876
1225 875
1226 874
1229 873
1232 872
1235 870
1239 869
1241 867
1245 866
1246 865
1247 864
1250 863
1251 862
1255 861
1256 860
1260 858
1264 857
1265 856
1267 855
1270 854
1271 853
1272 852
1276 851
1279 850
1280 849
1281 848
1285 847
1286 846
1289 845
1292 843
1295 842
1296 841
1300 840
1301 839
1305 837
1308 836
1310 835
1312 834
1315 833
1317 831
1321 830
1324 829
1325 828
1326 827
1330 826
1332 825
1333 824
1336 823
1337 822
1341 821
1342 820
1345 819
1346 818
1350 817
1352 816
1353 815
1355 814
1358 812
1362 811
1365 810
1366 809
1367 808
1371 807
1374 806
1375 805
1377 804
1381 803
1382 802
1384 801
1386 800
1387 799
1390 798
1393 797
1396 795
1399 794
1402 793
1403 792
1406 791
1408 790
1410 789
1412 788
1415 787
1417 786
1418 785
1422 784
1424 783
1426 782
1427 781
1431 779
1435 778
1437 777
1439 776
1440 775
1444 774
1446 773
1447 772
1449 771
1453 770
1455 769
1456 768
1459 767
1460 766
1463 765
1466 764
1468 763
1469 762
1472 761
1475 760
1476 759
1479 758
1481 757
1483 756
1485 755
1488 754
1490 753
1491 752
1495 751
1497 750
1499 749
1500 748
1504 746
1508 745
1509 744
1512 743
1513 742
1517 741
1519 740
1520 739
1523 738
1526 737
1528 736
1529 735
1532 734
1533 733
1536 732
1539 731
1541 730
1543 729
1545 728
1548 727
1549 726
1552 725
1554 724
1558 723
1559 722
1561 721
1563 720
1564 719
1568 718
1570 717
1572 716
1573 715
1577 714
1579 713
1581 712
1583 711
1586 710
1588 709
1590 708
1593 706
1598 705
1599 704
1602 703
1603 702
1606 701
1609 699
1613 698
1614 697
1618 696
1619 695
1622 694
1623 693
1626 692
1628 691
1631 690
1633 689
1635 688
1638 687
1639 686
1642 685
1643 684
1647 683
1648 682
1650 681
1653 680
1654 679
1658 678
1659 677
1662 676
1663 675
1667 674
1669 673
1672 672
1673 671
1676 670
1678 669
1679 668
1683 666
1688 665
1689 664
1692 663
1694 662
1695 661
1698 660
1699 659
1704 657
1708 656
1709 655
1712 654
1713 653
1717 652
1718 651
1721 650
1724 649
1725 648
1728 647
1730 646
1733 644
1737 643
1738 642
1740 641
1744 640
1746 639
1748 638
1749 637
1753 636
1754 635
1758 634
1759 633
1762 632
1764 631
1766 630
1768 629
1769 628
1774 627
1775 626
1779 625
1780 624
1782 623
1785 621
1788 620
1792 619
1794 618
1795 617
1798 616
1801 615
1803 614
1804 613
1808 612
1811 611
1812 610
1814 609
1817 608
1819 607
1821 606
1824 604
1829 603
1830 602
1832 601
1837 599
1840 597
1845 596
1848 594
1853 592
1857 591
1859 590
1860 589
1865 588
1866 587
1869 586
1871 585
1873 584
1876 582
1879 581
1883 580
1885 579
1886 578
1889 577
1892 576
1893 575
1895 574
1899 573
1901 572
1903 571
1905 570
1908 569
1910 568
1912 567
1915 565
1920 564
1921 563
1923 562
1928 560
1931 558
1936 557
1939 555
1944 553
1949 552
1952 550
1956 549
1959 548
1960 547
1964 546
1966 545
1968 544
1969 543
1972 542
1975 541
1976 540
1980 539
1982 538
1984 537
1985 536
1988 535
1992 534
1993 533
1996 532
1998 531
2001 530
2006 528
2009 527
2012 526
2014 525
2017 524
2020 523
2022 522
2025 521
2026 520
2029 519
2030 518
2033 517
2037 516
2038 515
2041 514
2042 513
2045 512
2049 511
2050 510
2053 509
2056 508
2060 507
2061 506
2064 505
2066 504
2069 503
2071 502
2074 501
2077 500
2079 499
2082 498
2084 497
2087 495
2090 494
2094 493
2095 492
2098 491
2102 490
2105 489
2107 488
2110 486
2113 485
2117 484
2118 483
2121 482
2125 481
2129 480
2130 479
2133 478
2135 477
2138 476
2142 475
2143 474
2145 473
2148 472
2152 471
2153 470
2156 469
2160 468
2164 467
2166 466
2168 465
2170 464
2173 463
2177 462
2178 461
2180 460
2183 459
2187 458
2190 457
2194 456
2198 455
2199 454
2201 453
2203 452
2205 451
2208 450
2212 449
2214 448
2217 447
2221 446
2225 445
2228 444
2232 443
2233 442
2235 441
2237 440
2239 439
2242 438
2246 437
2250 436
2253 435
2257 434
2263 433
2265 432
2267 431
2269 430
2272 429
2276 428
2280 427
2283 426
2287 425
2289 424
2292 423
2296 422
2300 421
2303 420
2307 419
2310 418
2314 417
2317 416
2319 415
2322 414
2326 413
2330 412
2333 411
2337 410
2345 409
2350 408
2351 407
2353 406
2355 405
2357 404
2360 403
2364 402
2372 401
2377 400
2384 399
2385 398
2388 397
2393 396
2401 395
2406 394
2414 393
2420 392
2425 391
2433 390
2443 389
2446 388
2454 387
2462 386
2480 385
2488 384
2496 383
