30
0 1 91 6
0 2 50 34
0 3 46 47
0 4 91 51
0 5 60 62
0 6 25 77
0 7 9 63
0 8 12 89
0 9 83 43
0 10 39 40
0 11 53 29
0 12 46 38
0 13 8 87
0 14 24 39
0 15 12 66
0 16 84 36
0 17 44 45
0 18 72 26
0 19 54 31
0 20 97 6
0 21 54 68
0 22 30 69
0 23 82 44
0 24 48 41
0 25 43 30
0 26 50 32
0 27 66 27
0 28 94 42
0 29 45 41
1 2 11 52
1 3 90 18
1 4 74 54
1 5 14 68
1 6 55 61
1 7 91 36
1 8 80 14
1 9 48 70
1 10 4 85
1 11 62 24
1 12 5 47
1 13 72 20
1 14 17 87
1 15 86 13
1 16 87 28
1 17 44 28
1 18 71 45
1 19 52 55
1 20 32 53
1 21 83 18
1 22 59 42
1 23 57 59
1 24 33 41
1 25 15 42
1 26 88 9
1 27 0 89
1 28 94 32
1 29 22 70
2 3 48 41
2 4 69 42
2 5 29 38
2 6 40 45
2 7 92 27
2 8 59 30
2 9 57 45
2 10 40 76
2 11 1 85
2 12 19 51
2 13 43 53
2 14 78 28
2 15 86 28
2 16 73 52
2 17 11 60
2 18 17 73
2 19 77 39
2 20 78 59
2 21 65 24
2 22 11 87
2 23 67 46
2 24 68 50
2 25 95 48
2 26 9 87
2 27 68 53
2 28 4 95
2 29 34 35
3 4 47 45
3 5 42 37
3 6 14 61
3 7 86 25
3 8 6 69
3 9 44 34
3 10 28 56
3 11 0 92
3 12 50 39
3 13 41 76
3 14 28 57
3 15 53 49
3 16 17 63
3 17 40 74
3 18 66 46
3 19 72 25
3 20 47 75
3 21 63 45
3 22 33 51
3 23 73 18
3 24 62 63
3 25 77 41
3 26 83 14
3 27 93 23
3 28 72 55
3 29 91 44
4 5 44 31
4 6 40 52
4 7 50 69
4 8 77 59
4 9 57 56
4 10 35 48
4 11 55 59
4 12 31 58
4 13 49 56
4 14 17 71
4 15 79 50
4 16 64 59
4 17 71 38
4 18 51 53
4 19 46 74
4 20 84 43
4 21 20 44
4 22 69 42
4 23 74 34
4 24 1 75
4 25 21 74
4 26 83 28
4 27 51 37
4 28 56 33
4 29 74 41
5 6 67 37
5 7 12 51
5 8 93 14
5 9 2 96
5 10 13 79
5 11 17 46
5 12 57 65
5 13 76 25
5 14 23 79
5 15 76 29
5 16 92 8
5 17 7 84
5 18 77 60
5 19 32 61
5 20 23 56
5 21 67 57
5 22 45 29
5 23 21 80
5 24 65 65
5 25 29 60
5 26 59 26
5 27 41 69
5 28 95 17
5 29 90 35
6 7 1 70
6 8 29 67
6 9 95 2
6 10 84 43
6 11 48 47
6 12 42 39
6 13 42 77
6 14 16 56
6 15 76 21
6 16 15 71
6 17 36 32
6 18 52 38
6 19 80 26
6 20 78 47
6 21 21 57
6 22 34 49
6 23 93 28
6 24 89 27
6 25 30 55
6 26 94 25
6 27 12 66
6 28 8 79
6 29 50 63
7 8 83 48
7 9 29 64
7 10 54 51
7 11 87 17
7 12 88 28
7 13 99 35
7 14 15 89
7 15 26 78
7 16 35 58
7 17 69 44
7 18 25 59
7 19 88 24
7 20 5 53
7 21 19 69
7 22 73 25
7 23 81 37
7 24 21 81
7 25 8 61
7 26 76 32
7 27 80 24
7 28 99 38
7 29 10 46
8 9 36 78
8 10 12 86
8 11 31 48
8 12 81 30
8 13 93 27
8 14 62 39
8 15 99 41
8 16 14 47
8 17 55 53
8 18 7 85
8 19 0 50
8 20 89 43
8 21 62 64
8 22 6 47
8 23 23 70
8 24 25 43
8 25 42 76
8 26 6 48
8 27 88 7
8 28 14 67
8 29 72 51
9 10 67 43
9 11 19 90
9 12 2 56
9 13 97 16
9 14 27 77
9 15 0 51
9 16 92 19
9 17 84 41
9 18 76 47
9 19 78 23
9 20 26 50
9 21 34 56
9 22 33 40
9 23 4 87
9 24 42 72
9 25 8 78
9 26 3 48
9 27 42 66
9 28 78 31
9 29 21 50
10 11 71 54
10 12 18 88
10 13 23 59
10 14 95 37
10 15 56 23
10 16 31 47
10 17 64 19
10 18 60 51
10 19 9 62
10 20 25 57
10 21 81 41
10 22 44 34
10 23 32 72
10 24 48 40
10 25 90 13
10 26 85 57
10 27 33 67
10 28 28 56
10 29 53 28
11 12 85 47
11 13 2 76
11 14 31 79
11 15 6 90
11 16 61 27
11 17 0 77
11 18 65 19
11 19 65 49
11 20 4 64
11 21 23 73
11 22 2 93
11 23 61 19
11 24 73 23
11 25 54 61
11 26 30 35
11 27 96 34
11 28 7 83
11 29 96 27
12 13 26 82
12 14 57 41
12 15 0 65
12 16 80 20
12 17 77 38
12 18 38 38
12 19 92 5
12 20 91 25
12 21 22 64
12 22 73 24
12 23 75 33
12 24 59 21
12 25 76 56
12 26 12 74
12 27 70 28
12 28 81 38
12 29 53 53
13 14 46 57
13 15 61 51
13 16 64 34
13 17 21 48
13 18 36 43
13 19 33 48
13 20 14 65
13 21 39 69
13 22 83 43
13 23 0 79
13 24 21 86
13 25 41 73
13 26 70 50
13 27 4 51
13 28 67 20
13 29 19 80
14 15 59 32
14 16 69 43
14 17 25 48
14 18 66 29
14 19 85 55
14 20 72 15
14 21 51 64
14 22 95 39
14 23 79 54
14 24 64 51
14 25 25 59
14 26 75 42
14 27 87 36
14 28 40 50
14 29 89 21
15 16 80 58
15 17 73 44
15 18 35 42
15 19 85 48
15 20 61 22
15 21 97 43
15 22 7 76
15 23 29 35
15 24 49 40
15 25 66 58
15 26 1 91
15 27 96 32
15 28 23 45
15 29 84 57
16 17 49 73
16 18 35 59
16 19 3 71
16 20 23 41
16 21 20 66
16 22 60 40
16 23 28 63
16 24 98 6
16 25 21 45
16 26 92 44
16 27 92 31
16 28 85 18
16 29 95 28
17 18 0 52
17 19 87 36
17 20 94 32
17 21 13 72
17 22 23 66
17 23 98 33
17 24 74 28
17 25 35 80
17 26 44 32
17 27 99 6
17 28 5 95
17 29 93 20
18 19 14 75
18 20 32 72
18 21 49 30
18 22 63 49
18 23 97 42
18 24 36 80
18 25 28 63
18 26 10 75
18 27 86 22
18 28 78 44
18 29 9 78
19 20 37 46
19 21 91 10
19 22 71 37
19 23 97 29
19 24 62 57
19 25 57 55
19 26 69 33
19 27 93 23
19 28 31 59
19 29 68 40
20 21 1 66
20 22 42 56
20 23 16 81
20 24 21 39
20 25 32 39
20 26 85 53
20 27 24 63
20 28 49 52
20 29 66 18
21 22 67 62
21 23 67 37
21 24 99 34
21 25 11 61
21 26 69 35
21 27 68 58
21 28 47 71
21 29 33 73
22 23 38 64
22 24 47 61
22 25 39 51
22 26 23 40
22 27 37 58
22 28 73 27
22 29 2 98
23 24 21 42
23 25 92 43
23 26 74 52
23 27 36 54
23 28 72 43
23 29 13 68
24 25 28 73
24 26 18 90
24 27 27 76
24 28 69 62
24 29 68 19
25 26 55 55
25 27 16 69
25 28 74 44
25 29 81 57
26 27 1 49
26 28 3 79
26 29 54 71
27 28 53 40
27 29 12 87
28 29 0 84
0
1026
87 2145
88 2112
89 2084
90 2060
91 2041
92 2017
93 1998
95 1989
96 1971
97 1953
99 1944
100 1926
101 1921
102 1911
104 1902
105 1884
106 1879
107 1875
108 1870
110 1861
111 1856
112 1851
113 1846
114 1842
115 1837
116 1834
117 1828
118 1823
119 1819
120 1814
121 1811
122 1806
123 1801
124 1797
125 1792
126 1791
127 1783
128 1778
129 1774
130 1769
133 1760
134 1755
135 1751
136 1746
138 1745
139 1741
140 1736
142 1732
143 1727
144 1722
145 1718
146 1713
149 1708
151 1703
152 1699
153 1694
156 1689
157 1688
158 1684
159 1679
161 1677
162 1674
164 1670
166 1667
167 1662
169 1660
170 1655
172 1653
173 1650
175 1648
176 1647
177 1643
178 1638
181 1633
184 1632
185 1631
186 1628
188 1625
189 1621
191 1618
192 1616
194 1613
196 1611
197 1607
198 1606
199 1601
201 1599
202 1596
205 1595
206 1594
207 1591
208 1590
209 1589
210 1584
212 1582
213 1579
215 1578
216 1577
217 1576
218 1570
220 1568
221 1565
222 1562
225 1561
226 1560
227 1557
229 1553
231 1551
232 1548
233 1545
235 1544
237 1542
238 1540
240 1538
241 1531
244 1530
246 1526
248 1524
249 1523
252 1514
254 1513
256 1511
257 1509
259 1507
260 1506
262 1502
265 1496
267 1494
269 1493
272 1489
273 1488
274 1487
275 1484
277 1482
280 1476
284 1475
285 1474
286 1470
287 1469
288 1468
290 1464
293 1463
294 1462
295 1461
296 1458
297 1457
298 1456
301 1455
303 1451
304 1450
305 1448
309 1447
310 1446
311 1442
312 1441
313 1440
315 1438
318 1435
319 1434
320 1433
321 1432
322 1431
323 1430
325 1426
328 1425
329 1424
330 1423
331 1420
332 1419
333 1418
336 1417
338 1413
339 1412
340 1411
343 1410
344 1409
345 1408
346 1405
348 1404
349 1403
351 1402
352 1401
353 1400
355 1397
357 1396
358 1395
359 1393
362 1392
363 1391
364 1389
365 1387
367 1385
370 1384
372 1382
373 1379
375 1378
377 1377
378 1376
380 1374
382 1372
383 1371
385 1369
386 1368
388 1367
390 1365
391 1363
393 1362
395 1361
396 1359
397 1358
400 1357
401 1355
403 1352
405 1351
408 1349
409 1348
410 1347
412 1345
414 1343
415 1342
416 1341
418 1340
419 1339
420 1338
421 1336
423 1335
426 1332
428 1331
430 1330
432 1329
433 1327
435 1325
437 1324
438 1322
439 1321
441 1320
442 1319
444 1316
446 1315
450 1313
452 1312
453 1310
456 1308
457 1307
459 1306
460 1305
461 1304
462 1302
464 1301
466 1300
467 1299
468 1297
470 1296
473 1293
475 1292
477 1291
478 1290
479 1288
481 1287
482 1286
484 1285
485 1283
486 1282
487 1281
489 1280
491 1277
493 1276
496 1275
497 1274
499 1273
500 1271
503 1269
504 1268
505 1267
507 1266
509 1263
511 1262
513 1261
514 1260
516 1258
518 1257
520 1256
522 1253
524 1252
525 1251
527 1250
528 1248
529 1247
531 1246
532 1245
534 1242
536 1241
540 1239
542 1238
543 1236
546 1234
547 1233
549 1232
550 1231
552 1228
554 1227
557 1225
559 1224
561 1222
565 1221
566 1219
569 1217
571 1216
574 1215
576 1214
577 1213
578 1211
581 1210
583 1209
585 1208
586 1207
588 1206
589 1205
590 1204
594 1202
597 1200
600 1199
602 1198
604 1197
605 1196
607 1195
608 1194
609 1193
611 1192
613 1191
614 1190
616 1189
618 1187
622 1186
623 1184
626 1182
628 1181
631 1180
633 1179
634 1178
635 1176
638 1175
640 1174
642 1173
643 1172
646 1170
647 1169
651 1167
654 1166
655 1165
659 1163
662 1162
664 1160
666 1158
668 1157
671 1156
673 1155
674 1154
675 1152
679 1151
680 1150
683 1148
687 1147
688 1146
690 1145
691 1144
695 1142
696 1141
699 1140
701 1139
703 1138
704 1136
707 1135
709 1134
710 1133
712 1132
715 1131
717 1130
718 1129
719 1127
724 1125
727 1123
731 1122
732 1121
735 1120
736 1119
739 1117
740 1116
744 1115
745 1114
747 1113
748 1111
751 1110
753 1109
755 1108
756 1107
759 1106
761 1105
762 1104
764 1103
768 1102
769 1100
772 1099
774 1098
776 1097
777 1096
779 1095
780 1094
783 1093
784 1092
785 1091
788 1090
790 1089
791 1088
793 1087
797 1086
798 1085
799 1084
801 1083
804 1082
805 1081
808 1080
809 1079
811 1078
812 1077
814 1076
816 1075
819 1074
820 1073
821 1072
822 1071
825 1070
828 1068
830 1067
833 1066
835 1065
837 1064
838 1063
841 1062
843 1060
846 1059
849 1058
850 1057
851 1056
853 1055
854 1054
857 1053
859 1051
862 1050
866 1049
867 1047
871 1046
872 1045
874 1044
876 1043
879 1042
880 1041
882 1040
883 1039
885 1038
888 1036
890 1035
893 1034
896 1032
898 1031
902 1030
903 1029
904 1028
907 1027
910 1026
911 1025
912 1024
914 1023
915 1022
918 1021
919 1020
920 1019
923 1018
927 1016
928 1015
932 1014
933 1013
936 1012
937 1011
940 1010
941 1009
944 1007
948 1006
949 1004
952 1003
955 1002
957 1000
961 999
963 998
966 996
968 995
971 994
973 993
974 992
976 991
978 990
980 989
983 988
984 987
985 986
988 985
992 983
993 982
997 981
998 980
1001 979
1002 978
1005 977
1006 976
1009 974
1013 973
1014 971
1017 970
1021 969
1022 967
1026 966
1028 965
1030 964
1031 963
1033 962
1035 961
1038 960
1039 959
1041 958
1043 957
1046 956
1048 955
1050 954
1051 953
1054 952
1057 951
1058 950
1060 949
1062 948
1064 947
1066 946
1067 945
1070 944
1071 943
1074 942
1075 941
1078 940
1079 939
1081 938
1084 937
1087 936
1088 935
1089 934
1091 933
1095 931
1096 930
1099 929
1100 928
1103 927
1104 926
1108 924
1113 923
1114 922
1115 921
1118 920
1119 919
1122 918
1123 917
1125 916
1127 915
1129 914
1132 913
1133 912
1136 911
1137 910
1140 909
1143 908
1144 907
1147 906
1148 905
1151 904
1152 903
1155 902
1156 901
1158 900
1160 899
1162 898
1163 897
1166 896
1167 895
1170 894
1171 893
1175 891
1179 890
1181 889
1183 888
1185 887
1187 886
1188 885
1191 884
1192 883
1195 882
1196 881
1199 880
1200 879
1204 877
1207 876
1210 875
1211 874
1214 873
1215 872
1217 871
1219 870
1222 869
1224 868
1225 867
1227 866
1230 865
1232 864
1234 863
1236 862
1238 861
1240 860
1242 859
1244 858
1246 857
1248 856
1250 855
1252 854
1254 853
1255 852
1258 851
1260 850
1262 849
1263 848
1267 847
1269 846
1272 845
1273 844
1276 843
1278 842
1279 841
1281 840
1283 839
1284 838
1287 837
1289 836
1291 835
1292 834
1296 833
1298 832
1301 831
1302 830
1305 829
1307 828
1309 827
1311 826
1312 825
1315 824
1316 823
1318 822
1321 821
1323 820
1324 819
1326 818
1329 817
1331 816
1332 815
1334 814
1338 813
1340 812
1342 811
1344 810
1345 809
1348 808
1350 807
1352 806
1353 805
1356 804
1358 803
1360 802
1361 801
1366 800
1367 799
1370 798
1371 797
1375 796
1376 795
1378 794
1380 793
1381 792
1384 791
1385 790
1387 789
1390 788
1392 787
1394 786
1395 785
1398 784
1400 783
1402 782
1403 781
1408 780
1409 779
1412 778
1413 777
1414 776
1418 775
1420 774
1422 773
1423 772
1426 771
1428 770
1429 769
1433 768
1435 767
1438 766
1439 765
1442 764
1445 763
1446 762
1448 761
1450 760
1451 759
1455 757
1456 756
1461 755
1462 754
1465 753
1466 752
1470 751
1471 750
1473 749
1475 748
1478 747
1480 746
1482 745
1484 744
1487 743
1488 742
1491 741
1494 740
1496 739
1497 738
1500 737
1503 736
1505 735
1507 734
1509 733
1511 732
1512 731
1514 730
1518 729
1519 728
1522 727
1523 726
1524 725
1529 724
1530 723
1533 722
1534 721
1538 720
1540 719
1541 718
1543 717
1546 716
1548 715
1551 714
1552 713
1555 712
1556 711
1560 710
1562 709
1564 708
1566 707
1568 706
1570 705
1573 704
1575 703
1577 702
1579 701
1580 700
1582 699
1586 698
1588 697
1590 696
1592 695
1596 694
1597 693
1599 692
1601 691
1603 690
1606 689
1608 688
1610 687
1612 686
1615 685
1616 684
1620 683
1621 682
1624 681
1626 680
1629 679
1631 678
1633 677
1635 676
1637 675
1638 674
1643 673
1644 672
1647 671
1648 670
1652 669
1653 668
1655 667
1658 666
1659 665
1661 664
1665 663
1666 662
1669 661
1671 660
1672 659
1674 658
1677 657
1679 656
1682 655
1684 654
1687 653
1689 652
1691 651
1693 650
1695 649
1698 648
1700 647
1702 646
1704 645
1707 644
1708 643
1712 642
1713 641
1716 640
1717 639
1721 638
1723 637
1725 636
1727 635
1729 634
1730 633
1734 632
1735 631
1739 630
1740 629
1744 628
1745 627
1748 626
1750 625
1751 624
1753 623
1757 622
1758 621
1761 620
1763 619
1765 618
1766 617
1770 616
1771 615
1775 614
1776 613
1779 612
1781 611
1783 610
1787 608
1791 607
1793 606
1794 605
1797 604
1799 603
1802 602
1804 601
1806 600
1809 598
1813 597
1815 596
1818 595
1819 594
1823 593
1825 592
1828 590
1831 589
1834 588
1837 586
1840 585
1844 584
1845 582
1850 581
1853 580
1855 578
1859 577
1862 576
1864 574
1868 573
1872 572
1873 570
1878 569
1881 568
1883 566
1887 565
1890 564
1892 562
1897 561
1900 560
1902 558
1906 557
1909 556
1911 554
1915 553
1919 552
1920 550
1925 549
1928 548
1930 546
1934 545
1937 544
1939 542
1944 541
1947 540
1949 538
1954 537
1956 536
1961 535
1965 533
1966 532
1970 531
1974 529
1975 528
1980 527
1985 524
1990 523
1993 521
1998 520
2001 519
2005 518
2006 517
2010 515
2015 514
2016 513
2021 512
2022 511
2024 510
2026 509
2029 507
2034 506
2040 504
2043 503
2047 502
2051 500
2052 499
2057 498
2059 497
2060 496
2062 495
2067 494
2070 492
2075 491
2076 490
2081 489
2083 488
2087 486
2092 485
2093 484
2098 483
2099 482
2101 481
2106 478
2111 477
2117 475
2122 474
2126 473
2128 472
2130 471
2134 469
2136 468
2137 467
2142 466
2147 465
2148 464
2153 461
2158 460
2165 458
2167 457
2173 456
2175 455
2178 454
2181 453
2183 451
2184 450
2189 449
2197 448
2202 447
2203 446
2206 444
2214 440
2224 439
2227 438
2237 437
2239 435
2245 434
2246 433
2254 429
2267 427
2275 424
2288 422
2298 421
2300 419
2313 417
2323 416
2328 414
2341 412
2351 411
2365 409
2375 408
2400 407
2404 406
2414 405
2439 404
