30
0 1 19 23
0 2 86 15
0 3 74 23
0 4 74 67
0 5 79 14
0 6 32 30
0 7 70 71
0 8 51 46
0 9 87 62
0 10 50 12
0 11 79 56
0 12 62 39
0 13 29 84
0 14 84 22
0 15 41 53
0 16 14 67
0 17 72 48
0 18 34 37
0 19 43 28
0 20 94 42
0 21 88 69
0 22 20 48
0 23 40 34
0 24 15 73
0 25 68 37
0 26 71 32
0 27 98 33
0 28 5 38
0 29 44 80
1 2 1 41
1 3 3 20
1 4 70 41
1 5 88 20
1 6 31 86
1 7 74 24
1 8 95 26
1 9 29 91
1 10 46 84
1 11 98 32
1 12 71 26
1 13 16 82
1 14 13 56
1 15 24 87
1 16 78 13
1 17 61 32
1 18 13 86
1 19 50 52
1 20 43 69
1 21 27 42
1 22 46 45
1 23 93 42
1 24 58 23
1 25 61 42
1 26 43 88
1 27 19 74
1 28 58 9
1 29 31 23
2 3 37 51
2 4 83 54
2 5 12 67
2 6 25 69
2 7 28 29
2 8 91 46
2 9 3 42
2 10 95 28
2 11 41 37
2 12 38 15
2 13 15 21
2 14 18 62
2 15 46 16
2 16 70 25
2 17 7 88
2 18 70 21
2 19 82 79
2 20 24 71
2 21 56 67
2 22 93 75
2 23 84 18
2 24 73 54
2 25 87 80
2 26 74 8
2 27 25 47
2 28 1 74
2 29 62 24
3 4 53 20
3 5 94 28
3 6 42 62
3 7 28 69
3 8 91 69
3 9 13 76
3 10 7 96
3 11 99 60
3 12 17 25
3 13 52 15
3 14 9 50
3 15 82 47
3 16 13 94
3 17 40 27
3 18 80 44
3 19 49 62
3 20 97 26
3 21 92 66
3 22 43 14
3 23 20 89
3 24 5 71
3 25 24 26
3 26 34 31
3 27 27 27
3 28 88 70
3 29 90 76
4 5 22 51
4 6 56 62
4 7 19 25
4 8 11 28
4 9 96 10
4 10 27 28
4 11 99 65
4 12 54 51
4 13 21 45
4 14 90 81
4 15 76 71
4 16 88 53
4 17 23 67
4 18 1 37
4 19 73 11
4 20 49 66
4 21 13 69
4 22 77 63
4 23 82 22
4 24 9 38
4 25 8 85
4 26 74 27
4 27 1 43
4 28 33 71
4 29 88 62
5 6 73 77
5 7 14 52
5 8 43 90
5 9 90 43
5 10 43 52
5 11 93 10
5 12 62 31
5 13 7 68
5 14 46 45
5 15 92 11
5 16 42 17
5 17 23 58
5 18 35 48
5 19 33 15
5 20 38 16
5 21 41 88
5 22 18 84
5 23 57 67
5 24 83 19
5 25 96 65
5 26 70 60
5 27 54 38
5 28 63 23
5 29 74 78
6 7 69 66
6 8 58 43
6 9 50 35
6 10 19 28
6 11 68 64
6 12 29 60
6 13 91 53
6 14 28 28
6 15 54 63
6 16 14 40
6 17 98 5
6 18 49 78
6 19 62 77
6 20 98 54
6 21 66 14
6 22 12 65
6 23 28 42
6 24 57 10
6 25 22 65
6 26 59 36
6 27 1 59
6 28 87 55
6 29 59 42
7 8 33 59
7 9 69 11
7 10 49 16
7 11 69 76
7 12 0 97
7 13 96 67
7 14 21 33
7 15 50 33
7 16 51 18
7 17 83 73
7 18 97 10
7 19 12 42
7 20 98 45
7 21 82 50
7 22 57 80
7 23 51 24
7 24 18 53
7 25 74 25
7 26 16 89
7 27 94 11
7 28 71 6
7 29 45 87
8 9 83 29
8 10 96 60
8 11 14 81
8 12 94 12
8 13 57 49
8 14 63 80
8 15 13 63
8 16 95 53
8 17 68 28
8 18 65 18
8 19 57 86
8 20 93 40
8 21 42 25
8 22 3 91
8 23 74 51
8 24 76 34
8 25 59 68
8 26 74 16
8 27 5 83
8 28 50 89
8 29 20 47
9 10 14 72
9 11 15 29
9 12 80 82
9 13 61 79
9 14 77 55
9 15 1 95
9 16 51 67
9 17 22 27
9 18 84 66
9 19 84 40
9 20 4 40
9 21 41 39
9 22 11 50
9 23 7 26
9 24 87 35
9 25 15 62
9 26 3 94
9 27 48 76
9 28 17 94
9 29 77 27
10 11 83 40
10 12 31 87
10 13 62 30
10 14 79 18
10 15 58 72
10 16 75 21
10 17 90 46
10 18 78 77
10 19 44 67
10 20 39 19
10 21 82 54
10 22 88 48
10 23 73 50
10 24 15 64
10 25 79 39
10 26 39 43
10 27 99 53
10 28 9 96
10 29 92 71
11 12 32 65
11 13 14 85
11 14 41 34
11 15 56 79
11 16 69 82
11 17 88 67
11 18 1 55
11 19 22 75
11 20 57 74
11 21 53 38
11 22 28 64
11 23 59 51
11 24 31 21
11 25 74 35
11 26 52 15
11 27 43 41
11 28 6 57
11 29 17 24
12 13 66 74
12 14 31 73
12 15 57 73
12 16 83 7
12 17 92 17
12 18 72 80
12 19 96 7
12 20 80 17
12 21 4 38
12 22 7 82
12 23 88 52
12 24 57 31
12 25 6 22
12 26 68 85
12 27 59 33
12 28 19 75
12 29 5 64
13 14 87 33
13 15 53 34
13 16 4 86
13 17 63 74
13 18 88 81
13 19 32 19
13 20 23 78
13 21 21 64
13 22 57 25
13 23 7 94
13 24 21 54
13 25 44 42
13 26 82 25
13 27 52 73
13 28 20 68
13 29 17 59
14 15 3 37
14 16 60 72
14 17 81 77
14 18 39 58
14 19 29 68
14 20 32 50
14 21 52 83
14 22 99 29
14 23 59 70
14 24 90 48
14 25 98 39
14 26 53 52
14 27 14 85
14 28 0 42
14 29 17 42
15 16 52 78
15 17 61 11
15 18 46 25
15 19 72 67
15 20 27 28
15 21 44 82
15 22 45 30
15 23 53 51
15 24 25 55
15 25 68 56
15 26 3 92
15 27 75 8
15 28 66 86
15 29 29 80
16 17 84 52
16 18 48 82
16 19 25 19
16 20 76 39
16 21 82 27
16 22 84 10
16 23 10 88
16 24 91 28
16 25 82 57
16 26 81 40
16 27 47 46
16 28 70 68
16 29 50 30
17 18 39 14
17 19 54 74
17 20 93 42
17 21 74 62
17 22 50 25
17 23 83 61
17 24 18 32
17 25 27 31
17 26 38 50
17 27 94 71
17 28 42 41
17 29 35 75
18 19 98 11
18 20 0 98
18 21 44 45
18 22 6 53
18 23 52 87
18 24 11 47
18 25 69 55
18 26 74 74
18 27 50 75
18 28 74 41
18 29 29 72
19 20 0 36
19 21 97 32
19 22 10 31
19 23 24 42
19 24 20 64
19 25 44 71
19 26 69 76
19 27 43 34
19 28 8 40
19 29 17 74
20 21 63 28
20 22 21 92
20 23 42 33
20 24 8 38
20 25 39 25
20 26 60 26
20 27 11 63
20 28 86 31
20 29 28 49
21 22 72 57
21 23 16 74
21 24 62 71
21 25 54 82
21 26 0 46
21 27 50 51
21 28 17 64
21 29 71 47
22 23 87 55
22 24 13 84
22 25 26 63
22 26 55 33
22 27 1 90
22 28 61 24
22 29 45 69
23 24 80 74
23 25 84 16
23 26 4 32
23 27 8 80
23 28 40 23
23 29 8 82
24 25 30 80
24 26 67 59
24 27 44 73
24 28 1 27
24 29 48 71
25 26 24 73
25 27 89 38
25 28 56 72
25 29 11 67
26 27 82 49
26 28 42 26
26 29 7 54
27 28 41 44
27 29 97 10
28 29 77 40
0
522
81 1746
83 1693
85 1680
87 1627
89 1617
91 1609
92 1590
93 1586
94 1573
95 1554
97 1544
99 1536
100 1517
101 1513
102 1507
103 1491
105 1481
106 1476
107 1473
108 1454
109 1450
110 1444
111 1440
112 1431
113 1424
114 1413
116 1403
117 1394
118 1387
119 1384
120 1377
121 1372
123 1362
124 1358
125 1351
126 1345
127 1341
128 1335
129 1326
130 1319
131 1316
132 1309
133 1304
135 1294
136 1290
137 1283
138 1280
139 1273
140 1268
141 1263
142 1258
143 1253
144 1248
146 1238
147 1234
148 1227
149 1224
150 1217
151 1212
153 1202
155 1198
156 1192
157 1188
158 1181
159 1178
160 1171
161 1166
162 1162
163 1156
165 1147
168 1137
169 1133
170 1126
171 1123
172 1116
173 1111
175 1101
179 1096
180 1094
181 1092
182 1084
185 1071
189 1066
191 1062
192 1054
196 1049
198 1045
199 1038
203 1033
205 1029
206 1028
209 1024
210 1017
213 1012
216 1008
217 1007
218 1001
222 996
224 991
228 986
229 980
232 975
235 971
236 970
239 966
240 965
242 961
243 954
247 949
252 947
253 946
254 939
256 935
258 934
260 930
264 928
267 920
270 918
271 915
273 914
274 913
276 911
277 909
280 907
281 903
284 899
285 898
288 894
292 892
293 890
297 887
298 886
301 882
305 880
306 878
310 877
313 873
316 872
317 871
318 869
322 867
323 865
326 864
327 863
328 862
329 861
330 859
331 858
335 856
336 854
340 853
341 852
342 850
343 849
346 848
347 846
348 845
353 843
354 842
356 840
358 839
359 837
360 835
365 833
367 832
368 831
370 830
371 828
372 826
377 824
379 823
382 821
383 819
386 818
387 816
390 815
393 814
394 813
395 812
396 811
397 809
399 807
402 806
405 805
406 804
408 802
409 800
413 799
414 798
417 797
419 795
420 793
423 792
424 790
429 789
431 788
432 786
434 785
435 783
436 781
441 780
443 779
445 778
446 776
447 774
452 773
454 772
457 771
458 769
461 767
462 765
467 764
469 763
471 762
472 760
473 758
478 757
480 756
482 755
484 753
488 750
493 748
498 747
499 743
504 742
506 741
508 739
510 738
514 736
518 734
519 732
524 731
525 730
526 729
530 727
532 726
534 724
537 723
541 722
544 721
545 717
550 716
552 715
556 712
560 711
561 710
564 709
567 707
570 706
571 704
572 703
577 702
578 700
582 699
583 697
588 696
590 695
593 694
594 692
598 691
599 690
604 687
605 686
609 684
610 683
615 682
616 680
620 679
621 678
628 676
631 674
632 673
636 672
639 671
642 667
643 666
648 665
650 664
654 662
658 661
659 660
664 659
667 658
668 657
669 656
670 655
674 654
677 653
680 652
681 648
690 646
691 645
696 643
702 641
706 639
708 637
712 636
713 635
718 634
720 632
724 631
727 630
729 627
737 625
740 624
744 622
750 621
751 617
761 616
763 615
766 612
768 611
775 609
776 608
781 607
785 606
788 603
790 601
797 599
799 598
805 597
810 596
812 595
813 593
815 592
822 590
824 589
827 587
835 586
836 584
838 582
845 580
850 579
852 577
859 575
861 574
863 573
870 571
875 568
883 567
884 566
886 565
889 563
897 561
898 560
900 558
907 556
913 555
914 554
920 553
922 552
923 551
925 549
932 547
937 544
947 543
948 541
954 540
955 539
959 537
962 535
970 534
973 532
979 531
980 530
984 528
994 527
995 525
1002 523
1005 522
1014 521
1015 520
1016 519
1019 518
1023 517
1024 516
1027 514
1037 513
1040 512
1045 510
1049 507
1059 506
1062 504
1069 503
1070 501
1079 500
1084 497
1092 495
1100 494
1103 493
1105 491
1114 490
1121 489
1122 488
1124 487
1133 486
1135 484
1138 483
1146 481
1154 480
1156 479
1159 477
1168 476
1175 475
1176 474
1179 473
1186 472
1189 470
1197 469
1205 467
1210 465
1219 464
1225 463
1227 462
1230 461
1235 460
1240 458
1253 457
1256 455
1262 454
1270 452
1276 451
1282 450
1286 448
1292 447
1302 446
1306 445
1307 443
1316 442
1322 441
1324 440
1327 439
1337 436
1351 435
1354 434
1358 433
1367 432
1369 431
1375 430
1378 429
1387 428
1388 426
1400 424
1410 423
1417 422
1420 420
1432 419
1437 418
1441 417
1442 416
1451 414
1461 413
1468 412
1471 410
1483 409
1488 408
1500 406
1503 405
1513 404
1520 403
1522 402
1531 400
1540 399
1542 398
1551 396
1563 395
1568 394
1574 393
1583 391
1593 390
1600 389
1602 388
1611 387
1619 386
1620 385
1622 384
1634 383
1639 382
1651 381
1654 379
1671 377
1681 376
1691 373
1712 372
1721 371
1724 370
1731 369
1732 368
1742 367
1758 366
1765 365
1768 363
1783 362
1798 361
1809 358
1819 357
1839 356
1849 355
1855 353
1860 352
1883 351
1890 350
1900 349
1902 348
1912 347
1930 346
1935 345
1946 344
1948 343
1953 342
1978 341
1983 340
2006 339
2012 338
2036 337
2042 336
2067 335
2090 334
2097 333
2120 332
2145 331
2175 329
