30
0 1 16 85
0 2 78 16
0 3 9 72
0 4 3 57
0 5 99 41
0 6 98 4
0 7 74 50
0 8 15 73
0 9 20 93
0 10 39 71
0 11 67 56
0 12 38 54
0 13 8 74
0 14 44 49
0 15 48 73
0 16 51 44
0 17 41 14
0 18 55 55
0 19 96 25
0 20 90 53
0 21 37 66
0 22 61 55
0 23 67 41
0 24 7 54
0 25 11 60
0 26 68 47
0 27 83 14
0 28 75 21
0 29 92 15
1 2 30 49
1 3 57 38
1 4 92 72
1 5 10 73
1 6 23 72
1 7 34 14
1 8 40 50
1 9 43 31
1 10 16 76
1 11 75 25
1 12 40 66
1 13 51 24
1 14 76 65
1 15 53 46
1 16 92 69
1 17 35 34
1 18 33 17
1 19 35 45
1 20 84 51
1 21 34 59
1 22 82 27
1 23 19 65
1 24 82 4
1 25 34 86
1 26 41 89
1 27 11 42
1 28 57 39
1 29 47 70
2 3 64 8
2 4 84 49
2 5 99 9
2 6 39 16
2 7 61 16
2 8 59 40
2 9 43 29
2 10 36 42
2 11 74 57
2 12 97 68
2 13 48 13
2 14 44 30
2 15 60 84
2 16 36 73
2 17 25 93
2 18 2 30
2 19 22 18
2 20 77 53
2 21 3 55
2 22 33 71
2 23 2 77
2 24 95 53
2 25 45 56
2 26 36 68
2 27 88 52
2 28 83 71
2 29 56 72
3 4 48 84
3 5 70 80
3 6 80 77
3 7 26 67
3 8 71 36
3 9 2 30
3 10 17 32
3 11 56 78
3 12 81 80
3 13 52 36
3 14 12 76
3 15 99 68
3 16 85 52
3 17 70 13
3 18 1 73
3 19 23 68
3 20 96 67
3 21 57 12
3 22 32 15
3 23 24 78
3 24 55 20
3 25 4 37
3 26 73 52
3 27 98 37
3 28 79 71
3 29 13 43
4 5 45 56
4 6 11 36
4 7 0 88
4 8 96 22
4 9 54 37
4 10 25 60
4 11 79 10
4 12 96 51
4 13 4 86
4 14 73 58
4 15 7 96
4 16 21 61
4 17 73 71
4 18 45 34
4 19 90 71
4 20 20 59
4 21 34 60
4 22 20 66
4 23 46 45
4 24 14 51
4 25 48 74
4 26 43 43
4 27 58 17
4 28 23 42
4 29 65 64
5 6 38 83
5 7 46 88
5 8 64 49
5 9 89 33
5 10 2 55
5 11 16 53
5 12 77 33
5 13 96 32
5 14 73 22
5 15 6 93
5 16 49 36
5 17 28 47
5 18 21 64
5 19 26 83
5 20 47 64
5 21 58 67
5 22 66 44
5 23 93 33
5 24 13 34
5 25 71 70
5 26 57 49
5 27 92 4
5 28 10 75
5 29 31 88
6 7 2 46
6 8 37 90
6 9 85 57
6 10 89 70
6 11 9 90
6 12 66 7
6 13 28 28
6 14 31 77
6 15 23 85
6 16 68 39
6 17 55 52
6 18 88 65
6 19 84 72
6 20 19 22
6 21 91 44
6 22 72 44
6 23 69 24
6 24 33 14
6 25 92 62
6 26 67 30
6 27 86 54
6 28 95 18
6 29 53 76
7 8 27 82
7 9 11 90
7 10 18 80
7 11 20 29
7 12 73 43
7 13 71 19
7 14 24 16
7 15 64 15
7 16 92 63
7 17 47 45
7 18 15 20
7 19 86 67
7 20 67 45
7 21 27 48
7 22 93 16
7 23 97 0
7 24 63 45
7 25 58 87
7 26 39 18
7 27 93 51
7 28 6 96
7 29 98 10
8 9 59 18
8 10 62 85
8 11 77 9
8 12 38 73
8 13 37 70
8 14 42 12
8 15 39 34
8 16 24 39
8 17 50 29
8 18 45 69
8 19 20 51
8 20 95 42
8 21 89 77
8 22 77 73
8 23 30 62
8 24 74 55
8 25 72 17
8 26 17 52
8 27 57 26
8 28 7 97
8 29 55 88
9 10 67 21
9 11 71 43
9 12 60 13
9 13 34 54
9 14 54 23
9 15 80 68
9 16 51 84
9 17 60 23
9 18 14 89
9 19 11 66
9 20 10 81
9 21 73 12
9 22 78 9
9 23 64 54
9 24 67 57
9 25 30 56
9 26 93 38
9 27 80 68
9 28 41 41
9 29 22 73
10 11 44 38
10 12 2 94
10 13 85 40
10 14 71 68
10 15 90 16
10 16 17 76
10 17 25 90
10 18 31 89
10 19 92 42
10 20 18 67
10 21 62 72
10 22 93 69
10 23 80 20
10 24 85 38
10 25 43 63
10 26 6 26
10 27 57 38
10 28 46 31
10 29 35 58
11 12 37 52
11 13 65 33
11 14 28 26
11 15 99 75
11 16 58 16
11 17 69 21
11 18 99 64
11 19 80 10
11 20 4 43
11 21 52 84
11 22 65 68
11 23 67 13
11 24 0 58
11 25 69 48
11 26 57 10
11 27 37 41
11 28 99 66
11 29 59 23
12 13 44 52
12 14 83 75
12 15 71 7
12 16 25 85
12 17 8 93
12 18 12 18
12 19 19 82
12 20 14 55
12 21 41 35
12 22 5 35
12 23 66 14
12 24 68 68
12 25 49 88
12 26 45 52
12 27 22 60
12 28 10 21
12 29 6 48
13 14 72 5
13 15 75 73
13 16 16 58
13 17 75 77
13 18 57 65
13 19 13 27
13 20 9 45
13 21 14 17
13 22 26 23
13 23 17 86
13 24 43 16
13 25 42 68
13 26 14 56
13 27 18 67
13 28 99 48
13 29 41 25
14 15 16 79
14 16 48 23
14 17 46 86
14 18 23 47
14 19 97 48
14 20 85 3
14 21 27 17
14 22 28 79
14 23 55 12
14 24 78 56
14 25 44 83
14 26 0 77
14 27 67 32
14 28 57 65
14 29 77 82
15 16 97 75
15 17 96 2
15 18 88 50
15 19 51 30
15 20 40 45
15 21 71 5
15 22 51 36
15 23 95 45
15 24 30 48
15 25 74 49
15 26 68 7
15 27 55 45
15 28 50 29
15 29 71 27
16 17 19 47
16 18 34 69
16 19 34 28
16 20 66 27
16 21 77 82
16 22 89 35
16 23 1 44
16 24 98 61
16 25 7 34
16 26 57 41
16 27 4 64
16 28 26 87
16 29 67 47
17 18 28 61
17 19 76 70
17 20 70 79
17 21 86 72
17 22 24 62
17 23 78 38
17 24 38 20
17 25 54 22
17 26 68 81
17 27 50 33
17 28 52 74
17 29 70 70
18 19 34 33
18 20 19 41
18 21 93 31
18 22 11 65
18 23 25 24
18 24 5 45
18 25 72 38
18 26 58 20
18 27 0 79
18 28 62 50
18 29 23 68
19 20 71 26
19 21 9 24
19 22 34 53
19 23 55 27
19 24 29 28
19 25 63 63
19 26 81 17
19 27 51 31
19 28 1 98
19 29 7 90
20 21 40 18
20 22 87 10
20 23 72 10
20 24 72 54
20 25 27 79
20 26 90 11
20 27 30 35
20 28 96 33
20 29 42 30
21 22 38 48
21 23 18 71
21 24 1 28
21 25 80 23
21 26 68 77
21 27 91 27
21 28 53 26
21 29 28 30
22 23 74 50
22 24 92 68
22 25 44 62
22 26 53 62
22 27 92 32
22 28 69 11
22 29 19 47
23 24 97 73
23 25 33 38
23 26 90 34
23 27 50 10
23 28 62 56
23 29 30 87
24 25 59 23
24 26 92 58
24 27 15 58
24 28 1 46
24 29 22 76
25 26 6 47
25 27 43 63
25 28 62 50
25 29 61 78
26 27 83 79
26 28 66 69
26 29 28 47
27 28 70 64
27 29 74 83
28 29 7 75
0
625
95 1809
96 1767
97 1736
99 1723
101 1710
102 1693
104 1682
105 1662
107 1649
109 1636
110 1619
112 1608
113 1589
115 1576
117 1566
118 1546
120 1535
122 1525
123 1505
125 1495
127 1487
128 1477
130 1467
132 1462
133 1458
134 1452
135 1450
136 1443
137 1440
138 1432
139 1425
140 1422
141 1415
143 1409
144 1406
145 1399
146 1398
147 1391
148 1388
149 1380
150 1379
151 1370
152 1369
153 1364
154 1361
155 1354
156 1353
157 1346
158 1343
159 1336
160 1334
161 1331
162 1324
163 1321
164 1318
165 1315
166 1308
168 1300
169 1297
170 1290
172 1285
173 1281
174 1275
176 1272
177 1263
180 1254
181 1248
184 1246
185 1242
186 1236
188 1233
189 1224
192 1219
193 1209
196 1208
197 1206
200 1196
203 1195
204 1191
205 1187
208 1185
209 1181
210 1175
212 1172
213 1163
216 1158
217 1148
220 1147
221 1145
224 1135
227 1134
228 1132
231 1130
232 1127
233 1122
234 1121
235 1120
236 1112
239 1111
240 1109
241 1103
243 1099
246 1098
247 1096
248 1090
250 1089
252 1087
253 1085
254 1084
256 1082
257 1076
259 1075
260 1067
263 1066
264 1064
266 1062
267 1054
269 1053
271 1051
273 1049
276 1040
278 1039
280 1037
282 1034
285 1027
287 1025
289 1020
290 1017
293 1016
294 1013
296 1007
297 1004
299 1003
301 1001
303 1000
304 999
305 993
306 990
308 989
310 987
312 984
314 980
315 977
317 975
318 974
319 971
321 970
323 966
324 963
326 962
327 960
328 957
330 956
332 954
333 953
334 950
335 948
336 947
337 944
339 942
341 941
342 939
343 936
345 933
346 930
348 929
350 927
351 926
353 924
354 921
356 918
357 915
360 913
361 912
362 911
364 908
365 907
366 905
367 902
369 899
371 898
373 896
375 893
376 890
378 887
380 884
383 883
384 881
386 878
387 875
389 874
390 871
392 870
394 868
396 865
397 862
399 861
400 859
401 856
405 853
407 850
408 847
412 844
415 842
419 839
422 838
423 836
424 833
426 830
430 827
432 824
435 822
436 819
438 818
439 815
442 813
443 810
448 809
449 808
450 805
454 802
455 801
458 799
459 796
461 793
465 792
466 790
467 787
471 786
472 783
473 781
474 778
479 777
480 776
481 773
486 772
488 769
489 767
490 764
495 763
496 760
497 759
498 758
502 754
503 751
506 749
510 746
513 744
518 740
519 737
522 735
525 733
526 732
527 731
529 730
530 729
534 726
537 724
540 722
541 719
543 717
546 715
549 713
550 712
552 711
553 710
557 708
558 705
561 703
564 701
565 699
568 697
573 694
576 692
579 690
580 687
582 685
585 683
588 681
589 680
591 679
592 678
597 677
600 675
601 674
602 673
603 670
604 667
607 665
612 664
615 662
620 660
624 658
625 655
626 653
629 651
634 650
637 648
642 646
644 645
646 644
647 641
650 639
654 638
658 636
662 635
663 634
665 633
666 632
668 631
672 628
675 626
680 625
683 623
684 622
687 620
691 619
693 618
697 617
700 615
704 614
705 613
708 612
709 609
712 607
722 604
725 602
734 601
738 600
739 597
741 596
742 595
747 594
750 592
754 591
755 590
759 588
763 587
766 586
769 585
771 584
772 583
777 582
779 581
780 580
784 579
786 578
788 577
789 576
793 575
796 574
797 573
801 572
802 571
807 570
809 569
810 568
813 567
817 566
818 565
822 564
824 563
826 562
827 561
831 560
834 559
837 558
839 557
840 556
843 555
847 554
851 552
855 551
856 550
861 549
863 548
864 547
868 546
869 545
872 544
876 543
878 542
880 541
881 540
885 539
889 538
891 537
893 536
894 535
901 534
902 533
905 532
906 531
910 529
915 528
918 527
919 526
922 525
923 524
930 522
934 521
935 520
940 519
942 518
943 517
948 515
951 514
955 513
957 512
959 511
960 510
964 509
969 508
970 507
972 506
973 505
980 504
981 503
985 502
989 499
994 498
999 497
1002 494
1010 492
1016 491
1020 490
1023 487
1032 486
1037 485
1038 484
1040 482
1047 481
1048 480
1053 479
1054 478
1059 477
1060 476
1061 475
1067 473
1075 471
1081 469
1088 466
1097 465
1098 464
1103 463
1106 462
1109 461
1112 460
1117 459
1118 458
1119 457
1125 455
1130 454
1133 453
1139 452
1143 451
1146 448
1154 447
1158 446
1161 445
1164 444
1167 443
1172 442
1175 441
1176 440
1183 438
1185 437
1188 436
1196 435
1199 434
1203 433
1204 431
1212 429
1218 428
1222 427
1225 426
1227 425
1233 424
1234 423
1241 422
1242 421
1243 420
1246 419
1251 418
1254 417
1261 416
1264 415
1269 414
1270 412
1276 411
1282 410
1284 409
1285 408
1291 407
1293 406
1299 405
1300 404
1308 403
1309 401
1312 400
1321 399
1324 398
1327 397
1330 396
1335 395
1338 394
1342 392
1350 391
1351 389
1357 388
1365 387
1366 386
1369 385
1374 384
1377 383
1383 382
1387 380
1395 379
1396 377
1404 376
1407 375
1408 374
1414 373
1416 372
1422 371
1426 370
1431 369
1434 368
1440 367
1443 365
1452 363
1453 362
1461 360
1469 359
1471 358
1473 357
1479 356
1487 355
1489 354
1491 353
1497 352
1500 350
1509 348
1516 347
1518 345
1527 344
1534 342
1536 341
1545 340
1552 338
1556 337
1564 336
1565 335
1567 334
1574 332
1583 331
1585 329
1592 328
1601 327
1603 325
1612 324
1622 322
1631 321
1632 320
1640 318
1649 317
1650 316
1659 315
1669 314
1677 313
1679 312
1688 311
1689 310
1697 308
1706 307
1707 306
1716 305
1726 304
1736 303
1738 302
1747 301
1748 300
1756 298
1765 297
1766 296
1775 295
1785 294
1796 293
1804 292
1807 291
1814 290
1823 289
1824 288
1833 287
1843 286
1854 285
1862 284
1865 283
1874 282
1882 281
1887 280
1896 279
1908 278
1917 277
1925 276
1934 275
1946 274
1949 273
1958 272
1966 271
1971 270
1980 269
1992 268
2001 267
2009 266
2018 265
2035 264
2046 263
2056 262
2064 261
2073 260
2094 259
2115 257
2136 256
2184 255
