30
0 1 37 36
0 2 91 25
0 3 81 45
0 4 19 86
0 5 78 48
0 6 39 65
0 7 61 63
0 8 74 41
0 9 14 88
0 10 25 63
0 11 87 35
0 12 68 49
0 13 81 14
0 14 27 84
0 15 13 82
0 16 63 55
0 17 4 58
0 18 81 28
0 19 94 18
0 20 78 24
0 21 86 53
0 22 2 67
0 23 37 65
0 24 14 48
0 25 7 93
0 26 62 54
0 27 10 84
0 28 67 28
0 29 89 44
1 2 24 84
1 3 67 42
1 4 54 24
1 5 77 51
1 6 16 81
1 7 92 11
1 8 82 43
1 9 27 65
1 10 88 11
1 11 39 47
1 12 96 10
1 13 83 53
1 14 89 31
1 15 82 17
1 16 43 43
1 17 1 68
1 18 68 23
1 19 9 64
1 20 27 73
1 21 4 58
1 22 35 33
1 23 98 26
1 24 81 18
1 25 85 57
1 26 50 36
1 27 89 30
1 28 10 62
1 29 77 14
2 3 1 82
2 4 47 46
2 5 7 96
2 6 4 56
2 7 6 76
2 8 69 54
2 9 69 49
2 10 22 59
2 11 23 79
2 12 53 41
2 13 40 51
2 14 72 38
2 15 89 37
2 16 87 17
2 17 51 34
2 18 69 27
2 19 24 85
2 20 59 39
2 21 75 53
2 22 42 75
2 23 68 42
2 24 80 15
2 25 84 20
2 26 13 60
2 27 66 37
2 28 25 43
2 29 76 36
3 4 68 53
3 5 91 23
3 6 56 35
3 7 41 51
3 8 47 63
3 9 22 82
3 10 73 15
3 11 4 86
3 12 22 86
3 13 97 39
3 14 98 43
3 15 47 34
3 16 68 39
3 17 15 65
3 18 27 84
3 19 76 20
3 20 53 36
3 21 43 77
3 22 99 6
3 23 91 35
3 24 43 64
3 25 14 81
3 26 81 41
3 27 84 42
3 28 92 5
3 29 86 50
4 5 50 56
4 6 97 5
4 7 95 43
4 8 68 30
4 9 93 24
4 10 39 64
4 11 97 18
4 12 23 72
4 13 59 27
4 14 53 68
4 15 27 73
4 16 53 62
4 17 37 72
4 18 0 90
4 19 40 56
4 20 55 63
4 21 94 29
4 22 24 70
4 23 61 55
4 24 32 70
4 25 15 67
4 26 63 56
4 27 18 41
4 28 82 30
4 29 46 46
5 6 53 31
5 7 19 68
5 8 24 82
5 9 53 46
5 10 98 47
5 11 45 76
5 12 46 66
5 13 97 11
5 14 94 12
5 15 5 72
5 16 25 86
5 17 92 6
5 18 3 73
5 19 82 13
5 20 89 8
5 21 78 33
5 22 75 62
5 23 35 58
5 24 95 3
5 25 56 53
5 26 57 50
5 27 55 41
5 28 43 67
5 29 46 40
6 7 25 54
6 8 13 52
6 9 25 71
6 10 24 66
6 11 29 81
6 12 22 49
6 13 50 64
6 14 67 28
6 15 92 16
6 16 50 56
6 17 95 3
6 18 25 51
6 19 87 48
6 20 25 55
6 21 39 35
6 22 21 41
6 23 78 21
6 24 36 36
6 25 87 19
6 26 34 72
6 27 61 68
6 28 58 58
6 29 1 66
7 8 68 32
7 9 92 44
7 10 71 44
7 11 60 38
7 12 17 90
7 13 97 10
7 14 44 71
7 15 3 51
7 16 2 67
7 17 55 58
7 18 85 55
7 19 19 44
7 20 84 9
7 21 4 52
7 22 28 59
7 23 25 57
7 24 86 48
7 25 62 62
7 26 48 60
7 27 71 36
7 28 16 78
7 29 11 50
8 9 93 8
8 10 86 21
8 11 66 36
8 12 72 14
8 13 90 34
8 14 55 58
8 15 29 41
8 16 70 25
8 17 80 28
8 18 26 65
8 19 3 95
8 20 81 17
8 21 21 82
8 22 42 52
8 23 39 49
8 24 58 46
8 25 3 64
8 26 76 27
8 27 33 72
8 28 59 24
8 29 74 39
9 10 62 39
9 11 28 37
9 12 1 85
9 13 6 50
9 14 30 39
9 15 36 58
9 16 71 38
9 17 8 51
9 18 63 22
9 19 48 72
9 20 56 66
9 21 73 60
9 22 67 31
9 23 10 77
9 24 93 7
9 25 72 48
9 26 76 54
9 27 77 45
9 28 55 32
9 29 36 42
10 11 24 57
10 12 1 76
10 13 88 55
10 14 28 84
10 15 60 38
10 16 44 30
10 17 82 39
10 18 53 65
10 19 88 11
10 20 49 58
10 21 7 82
10 22 27 69
10 23 35 35
10 24 34 69
10 25 31 60
10 26 55 56
10 27 43 63
10 28 68 34
10 29 37 40
11 12 14 77
11 13 48 60
11 14 93 18
11 15 25 69
11 16 10 81
11 17 58 39
11 18 64 31
11 19 99 12
11 20 40 57
11 21 65 56
11 22 29 73
11 23 69 54
11 24 8 48
11 25 49 63
11 26 78 21
11 27 25 40
11 28 50 69
11 29 97 24
12 13 48 48
12 14 58 57
12 15 15 92
12 16 67 41
12 17 23 86
12 18 10 73
12 19 64 31
12 20 20 56
12 21 9 48
12 22 85 22
12 23 94 19
12 24 3 95
12 25 50 29
12 26 50 59
12 27 51 47
12 28 46 57
12 29 60 48
13 14 5 63
13 15 39 56
13 16 26 80
13 17 65 64
13 18 97 41
13 19 89 43
13 20 69 37
13 21 7 93
13 22 13 88
13 23 34 47
13 24 51 45
13 25 86 30
13 26 93 47
13 27 66 52
13 28 55 50
13 29 18 73
14 15 71 40
14 16 82 41
14 17 72 13
14 18 55 39
14 19 95 10
14 20 11 79
14 21 14 56
14 22 90 32
14 23 31 78
14 24 44 45
14 25 78 49
14 26 84 11
14 27 13 60
14 28 13 65
14 29 43 42
15 16 10 85
15 17 52 66
15 18 96 13
15 19 8 49
15 20 84 23
15 21 15 52
15 22 70 56
15 23 57 57
15 24 89 10
15 25 1 76
15 26 45 64
15 27 8 72
15 28 81 47
15 29 32 66
16 17 17 53
16 18 53 61
16 19 13 77
16 20 79 26
16 21 23 74
16 22 2 73
16 23 11 52
16 24 61 23
16 25 67 16
16 26 18 59
16 27 48 58
16 28 0 88
16 29 52 60
17 18 89 5
17 19 23 53
17 20 69 19
17 21 70 22
17 22 37 39
17 23 21 75
17 24 21 78
17 25 43 73
17 26 74 21
17 27 28 45
17 28 76 44
17 29 75 44
18 19 15 60
18 20 96 36
18 21 66 37
18 22 33 71
18 23 78 39
18 24 33 63
18 25 16 59
18 26 81 11
18 27 40 65
18 28 72 34
18 29 2 89
19 20 31 77
19 21 73 31
19 22 87 31
19 23 42 78
19 24 55 38
19 25 77 23
19 26 7 48
19 27 99 22
19 28 40 52
19 29 57 50
20 21 17 60
20 22 93 52
20 23 21 65
20 24 23 41
20 25 19 63
20 26 56 57
20 27 5 57
20 28 97 21
20 29 9 58
21 22 15 86
21 23 32 48
21 24 55 27
21 25 52 49
21 26 56 64
21 27 45 75
21 28 53 71
21 29 97 1
22 23 57 44
22 24 74 24
22 25 22 49
22 26 1 54
22 27 44 28
22 28 24 70
22 29 29 83
23 24 0 92
23 25 92 26
23 26 85 20
23 27 85 10
23 28 91 38
23 29 45 52
24 25 3 48
24 26 83 45
24 27 79 49
24 28 12 64
24 29 4 66
25 26 75 15
25 27 82 22
25 28 30 43
25 29 18 52
26 27 55 63
26 28 56 66
26 29 55 37
27 28 6 77
27 29 63 52
28 29 82 46
0
1138
75 2064
77 2049
78 2045
79 2017
81 2002
82 1998
83 1979
84 1973
85 1964
86 1958
87 1954
88 1935
89 1932
90 1920
91 1916
92 1913
93 1901
94 1898
95 1896
96 1884
97 1881
99 1879
100 1875
101 1864
102 1862
103 1861
104 1847
107 1844
108 1838
110 1829
111 1828
112 1824
113 1822
114 1821
115 1807
118 1806
119 1798
121 1789
122 1788
125 1781
127 1778
128 1773
129 1772
131 1763
132 1762
133 1758
135 1755
137 1749
138 1747
139 1740
140 1739
141 1737
142 1736
143 1732
145 1729
146 1724
147 1723
149 1714
150 1713
152 1712
153 1706
155 1703
156 1698
157 1697
159 1688
160 1687
162 1686
163 1685
166 1683
167 1679
168 1674
169 1670
170 1669
172 1668
177 1667
178 1662
179 1658
180 1657
181 1654
183 1653
184 1651
185 1650
187 1649
189 1645
190 1644
191 1642
192 1641
194 1639
195 1637
196 1635
198 1634
199 1633
200 1632
201 1629
203 1628
204 1626
205 1625
206 1623
207 1622
209 1620
210 1618
211 1617
212 1616
214 1614
215 1612
216 1610
218 1609
219 1608
220 1606
221 1605
223 1604
224 1601
225 1600
226 1598
227 1597
229 1595
230 1593
232 1592
233 1591
234 1589
235 1588
236 1587
237 1586
238 1585
239 1583
240 1581
241 1580
243 1579
244 1576
246 1575
247 1574
248 1573
249 1571
250 1569
252 1568
253 1567
254 1564
255 1563
257 1562
258 1560
259 1559
260 1557
261 1556
263 1554
264 1552
266 1551
267 1550
268 1548
269 1547
270 1546
271 1545
272 1544
273 1542
274 1540
275 1539
277 1538
278 1535
280 1534
281 1533
283 1532
284 1529
285 1528
286 1527
287 1526
288 1523
289 1522
291 1521
293 1520
294 1517
295 1516
297 1515
298 1514
300 1513
302 1512
303 1509
304 1508
306 1507
308 1506
309 1503
310 1502
312 1501
313 1499
314 1498
316 1497
318 1496
319 1493
320 1492
321 1491
323 1490
325 1489
326 1486
327 1485
329 1484
330 1483
332 1482
334 1479
335 1478
336 1477
338 1476
340 1475
341 1472
342 1471
344 1470
345 1468
346 1467
348 1466
350 1465
351 1462
352 1461
354 1460
355 1459
357 1458
359 1457
360 1454
361 1453
363 1452
365 1451
366 1448
367 1447
369 1446
370 1445
372 1444
374 1443
375 1441
376 1439
378 1438
380 1437
381 1436
383 1435
384 1433
385 1432
386 1431
387 1430
389 1429
390 1427
391 1426
393 1425
394 1424
396 1422
398 1421
400 1418
402 1417
404 1416
405 1415
407 1414
409 1412
410 1410
411 1409
413 1408
414 1407
416 1406
417 1405
418 1404
420 1401
422 1400
424 1399
425 1397
426 1396
428 1395
430 1394
431 1392
433 1391
435 1388
437 1387
439 1386
440 1385
441 1384
443 1383
444 1382
445 1380
446 1379
448 1378
450 1376
452 1375
454 1374
455 1371
457 1370
460 1368
461 1367
463 1366
464 1365
466 1363
468 1362
470 1359
472 1358
475 1355
476 1354
478 1353
480 1352
481 1350
485 1346
487 1345
490 1343
492 1342
494 1341
495 1338
496 1337
501 1334
503 1333
505 1329
509 1328
511 1327
512 1325
514 1324
516 1321
518 1320
521 1318
523 1317
525 1316
526 1313
527 1312
531 1310
534 1309
535 1308
536 1304
542 1302
543 1300
545 1299
549 1298
550 1296
552 1293
554 1292
556 1291
559 1289
561 1288
562 1285
566 1283
569 1281
571 1280
574 1275
578 1274
580 1273
582 1272
583 1270
586 1267
590 1264
593 1263
594 1262
598 1261
599 1259
600 1256
604 1255
606 1254
607 1253
609 1251
612 1248
616 1245
619 1244
620 1243
623 1242
624 1238
628 1237
630 1236
632 1235
633 1233
636 1232
639 1231
640 1227
644 1226
646 1225
648 1224
649 1222
650 1219
656 1218
657 1216
659 1214
663 1213
666 1208
673 1205
675 1203
676 1202
679 1201
682 1199
683 1197
686 1196
689 1194
692 1191
695 1190
698 1189
699 1186
702 1185
705 1183
708 1180
712 1179
714 1178
715 1177
717 1175
718 1174
721 1173
722 1172
725 1169
728 1168
731 1166
734 1163
738 1161
741 1158
745 1157
748 1155
750 1154
751 1152
754 1151
756 1150
759 1147
761 1146
764 1144
767 1141
773 1140
774 1139
776 1137
777 1136
780 1135
781 1134
783 1132
784 1131
789 1130
790 1129
793 1126
796 1125
797 1124
799 1123
801 1121
802 1120
804 1119
806 1118
807 1117
809 1115
810 1114
816 1113
818 1112
819 1110
821 1109
823 1108
826 1105
829 1104
831 1103
833 1102
836 1101
837 1100
838 1099
839 1098
841 1097
843 1096
844 1094
846 1093
849 1091
852 1088
859 1087
860 1086
862 1084
863 1083
865 1082
868 1081
871 1078
874 1076
878 1075
880 1074
881 1073
883 1072
885 1071
886 1069
892 1068
893 1066
896 1065
897 1064
898 1063
899 1062
901 1061
904 1059
907 1056
913 1055
914 1054
916 1053
917 1052
918 1051
919 1050
923 1049
925 1048
926 1046
929 1044
932 1043
934 1042
937 1040
938 1039
940 1037
947 1036
948 1034
950 1033
951 1032
954 1031
956 1030
957 1029
959 1028
960 1027
962 1025
967 1024
969 1023
971 1022
972 1020
977 1019
978 1018
979 1017
980 1016
983 1015
984 1014
985 1013
987 1012
990 1010
993 1007
999 1006
1000 1005
1002 1004
1003 1003
1004 1002
1005 1001
1009 1000
1011 999
1012 997
1015 995
1018 994
1020 993
1023 991
1026 988
1033 986
1034 985
1036 984
1037 983
1040 982
1042 981
1045 979
1048 976
1054 975
1055 974
1057 973
1058 972
1059 971
1063 970
1064 969
1066 967
1071 964
1075 963
1076 962
1078 961
1080 959
1084 958
1085 957
1087 956
1089 955
1091 954
1092 953
1095 952
1096 951
1098 950
1099 948
1103 947
1105 946
1106 945
1109 943
1113 940
1118 939
1120 938
1122 936
1124 935
1128 933
1131 931
1136 928
1141 927
1142 926
1145 925
1146 924
1147 923
1149 922
1151 921
1154 919
1157 918
1158 917
1160 916
1162 915
1163 914
1167 913
1168 912
1170 911
1171 910
1172 909
1174 908
1179 906
1181 905
1182 903
1186 902
1187 901
1189 900
1192 899
1193 897
1196 895
1201 894
1203 893
1204 892
1205 891
1207 890
1210 889
1212 888
1215 886
1216 885
1219 883
1224 882
1226 881
1227 880
1229 879
1230 878
1234 877
1235 876
1237 875
1238 874
1242 872
1245 871
1246 870
1248 869
1250 868
1251 867
1252 866
1254 865
1259 864
1260 863
1262 862
1263 861
1265 860
1266 859
1269 857
1273 856
1274 855
1275 854
1277 853
1280 852
1283 851
1285 850
1286 849
1288 848
1289 847
1292 845
1296 844
1297 843
1300 842
1302 841
1303 840
1306 839
1307 838
1309 837
1311 836
1314 835
1315 834
1318 833
1319 832
1321 831
1323 830
1324 829
1325 828
1327 827
1330 826
1332 825
1335 824
1336 823
1338 822
1341 821
1342 819
1346 818
1347 817
1348 816
1350 815
1355 814
1356 813
1358 812
1359 811
1361 810
1364 809
1365 807
1369 806
1370 805
1374 804
1375 803
1377 802
1379 801
1380 800
1382 799
1384 798
1387 797
1389 796
1391 795
1392 794
1394 793
1397 791
1400 790
1402 789
1403 788
1405 787
1408 786
1409 785
1413 784
1414 783
1415 782
1417 781
1420 779
1424 778
1425 777
1428 776
1430 775
1431 774
1432 773
1436 772
1437 771
1439 770
1442 769
1444 768
1446 767
1447 766
1449 765
1451 764
1453 763
1455 762
1457 761
1459 760
1461 759
1463 758
1464 757
1467 756
1469 755
1470 754
1472 753
1475 752
1476 751
1480 749
1482 748
1485 747
1486 746
1487 745
1491 744
1492 743
1495 742
1497 741
1498 740
1501 739
1503 738
1504 737
1506 736
1509 735
1511 734
1513 733
1514 732
1516 731
1519 730
1520 729
1522 728
1524 727
1526 726
1528 725
1530 724
1531 723
1535 722
1536 721
1537 720
1541 719
1542 718
1545 717
1546 716
1548 715
1550 714
1553 712
1556 711
1558 710
1561 709
1563 708
1564 707
1566 706
1569 705
1570 704
1572 703
1575 702
1577 701
1579 700
1580 699
1581 698
1585 697
1586 696
1589 695
1590 694
1592 693
1594 692
1597 690
1600 689
1602 688
1603 687
1607 686
1608 685
1611 684
1613 683
1614 682
1616 681
1619 680
1620 679
1622 678
1625 677
1627 676
1629 675
1630 674
1633 673
1635 672
1638 670
1641 669
1643 668
1646 667
1647 665
1651 664
1652 663
1655 662
1657 661
1660 660
1661 659
1664 657
1666 656
1669 655
1671 654
1674 653
1677 652
1678 651
1680 650
1682 649
1683 648
1687 647
1688 646
1691 645
1693 644
1695 643
1697 641
1700 640
1702 639
1705 638
1707 637
1710 636
1711 635
1714 633
1716 632
1719 631
1721 630
1723 629
1726 628
1728 627
1730 626
1731 625
1732 624
1736 623
1737 622
1740 621
1742 620
1745 619
1746 618
1748 617
1750 616
1751 615
1755 614
1756 613
1759 612
1762 611
1763 610
1765 609
1767 608
1768 607
1771 606
1773 605
1776 604
1778 603
1781 602
1782 600
1786 599
1787 598
1790 597
1792 596
1795 595
1796 594
1799 593
1800 592
1801 591
1805 590
1806 589
1808 588
1812 587
1813 586
1815 585
1816 584
1818 583
1821 582
1823 581
1826 580
1827 579
1830 578
1832 577
1834 576
1835 575
1837 574
1840 573
1843 572
1844 571
1847 570
1849 569
1851 568
1852 567
1854 566
1857 565
1858 564
1862 563
1863 562
1866 561
1868 559
1872 558
1874 557
1876 556
1877 555
1881 554
1882 553
1885 552
1887 550
1891 549
1892 548
1894 547
1897 546
1899 545
1901 544
1902 543
1904 542
1908 541
1910 540
1911 539
1913 538
1916 537
1918 536
1921 534
1925 533
1927 532
1928 531
1930 530
1933 529
1935 528
1938 526
1942 525
1943 524
1944 523
1948 522
1950 521
1952 520
1954 519
1957 518
1959 517
1961 516
1962 515
1963 514
1967 513
1969 512
1971 511
1974 510
1975 509
1977 508
1978 507
1980 506
1984 505
1986 504
1988 503
1991 502
1993 501
1994 500
1996 499
1997 498
2002 497
2003 496
2005 495
2008 494
2009 493
2011 492
2013 491
2014 490
2019 488
2023 487
2025 486
2027 485
2028 484
2032 483
2034 482
2035 481
2038 479
2042 478
2044 477
2045 476
2049 475
2050 474
2052 473
2053 472
2055 471
2059 470
2061 469
2063 468
2066 467
2068 466
2069 465
2072 463
2077 462
2078 461
2080 460
2083 459
2084 458
2086 457
2089 455
2094 454
2095 453
2099 452
2100 451
2103 449
2108 448
2109 447
2110 446
2114 445
2116 444
2117 443
2120 441
2125 439
2127 438
2131 437
2133 436
2135 435
2139 434
2140 433
2141 432
2144 430
2149 429
2150 428
2152 427
2156 425
2158 424
2161 422
2166 421
2167 420
2171 419
2174 418
2175 416
2180 415
2181 414
2183 413
2188 411
2190 410
2192 408
2197 407
2198 406
2202 405
2205 403
2207 402
2211 401
2213 400
2214 399
2216 398
2219 397
2222 396
2225 395
2229 393
2230 392
2235 390
2236 389
2241 388
2242 387
2247 384
2252 382
2256 381
2258 380
2262 379
2264 378
2267 376
2269 375
2273 374
2275 373
2278 372
2279 371
2284 370
2285 369
2290 366
2296 363
2300 362
2302 361
2306 360
2307 358
2313 356
2316 355
2322 353
2326 352
2328 351
2330 350
2331 349
2337 347
2341 345
2346 344
2350 342
2356 340
2357 339
2360 336
2366 334
2373 333
2378 332
2380 331
2385 330
2388 329
2391 326
2394 323
2402 322
2404 321
2407 320
2415 319
2416 318
2421 317
2427 315
2431 311
2437 309
2444 307
2451 306
2454 305
2457 304
2464 303
2465 298
2473 297
2475 296
2478 295
2486 294
2490 293
2498 292
2499 291
2506 290
2509 289
2512 288
2519 287
2524 286
2531 285
2536 284
2543 283
2548 282
2555 281
2564 280
