30
0 1 33 50
0 2 9 62
0 3 63 51
0 4 87 70
0 5 67 12
0 6 33 17
0 7 79 13
0 8 25 40
0 9 35 64
0 10 27 18
0 11 42 11
0 12 50 46
0 13 61 76
0 14 72 38
0 15 43 69
0 16 27 72
0 17 17 21
0 18 93 42
0 19 29 67
0 20 59 40
0 21 48 34
0 22 48 77
0 23 55 72
0 24 26 70
0 25 44 16
0 26 89 15
0 27 34 42
0 28 21 50
0 29 24 42
1 2 58 16
1 3 77 16
1 4 16 61
1 5 83 48
1 6 42 87
1 7 82 40
1 8 68 68
1 9 35 60
1 10 61 77
1 11 73 20
1 12 6 55
1 13 86 42
1 14 57 65
1 15 69 29
1 16 83 70
1 17 72 60
1 18 80 82
1 19 35 16
1 20 54 52
1 21 29 34
1 22 91 60
1 23 98 50
1 24 99 47
1 25 42 88
1 26 84 37
1 27 51 55
1 28 89 8
1 29 86 6
2 3 78 21
2 4 86 81
2 5 35 34
2 6 83 74
2 7 8 86
2 8 25 67
2 9 19 86
2 10 32 90
2 11 47 14
2 12 31 44
2 13 20 60
2 14 77 56
2 15 75 29
2 16 20 73
2 17 98 60
2 18 69 85
2 19 0 73
2 20 75 52
2 21 68 83
2 22 58 70
2 23 82 5
2 24 94 50
2 25 23 21
2 26 60 35
2 27 5 93
2 28 55 75
2 29 55 75
3 4 87 3
3 5 5 89
3 6 98 75
3 7 53 41
3 8 48 61
3 9 70 51
3 10 55 55
3 11 87 33
3 12 73 82
3 13 40 78
3 14 6 52
3 15 4 45
3 16 81 47
3 17 70 18
3 18 89 33
3 19 18 17
3 20 32 39
3 21 50 18
3 22 71 14
3 23 65 34
3 24 32 24
3 25 48 41
3 26 81 70
3 27 90 14
3 28 58 41
3 29 79 58
4 5 77 48
4 6 13 86
4 7 92 45
4 8 69 81
4 9 1 88
4 10 74 69
4 11 95 28
4 12 63 18
4 13 30 53
4 14 46 30
4 15 82 30
4 16 92 67
4 17 66 19
4 18 77 29
4 19 65 63
4 20 37 89
4 21 97 29
4 22 28 33
4 23 0 46
4 24 1 98
4 25 52 33
4 26 85 5
4 27 50 33
4 28 19 78
4 29 57 78
5 6 99 66
5 7 92 19
5 8 19 53
5 9 71 80
5 10 6 64
5 11 4 48
5 12 43 39
5 13 37 91
5 14 77 62
5 15 34 75
5 16 8 60
5 17 75 65
5 18 29 42
5 19 34 54
5 20 21 87
5 21 36 48
5 22 62 57
5 23 90 78
5 24 88 72
5 25 33 59
5 26 89 18
5 27 94 3
5 28 47 69
5 29 75 15
6 7 78 42
6 8 59 31
6 9 70 37
6 10 95 26
6 11 85 55
6 12 60 24
6 13 76 83
6 14 34 56
6 15 27 34
6 16 74 55
6 17 47 41
6 18 52 26
6 19 93 19
6 20 13 40
6 21 50 56
6 22 81 54
6 23 40 41
6 24 36 60
6 25 44 27
6 26 93 10
6 27 18 27
6 28 41 62
6 29 98 19
7 8 52 78
7 9 93 72
7 10 10 75
7 11 37 87
7 12 62 21
7 13 80 72
7 14 40 31
7 15 16 88
7 16 87 19
7 17 13 45
7 18 64 40
7 19 35 73
7 20 13 85
7 21 58 59
7 22 46 40
7 23 12 31
7 24 83 3
7 25 34 73
7 26 12 39
7 27 70 31
7 28 0 27
7 29 16 63
8 9 68 72
8 10 38 32
8 11 67 7
8 12 92 31
8 13 56 86
8 14 55 17
8 15 7 38
8 16 51 63
8 17 88 75
8 18 68 19
8 19 86 69
8 20 51 40
8 21 2 48
8 22 0 43
8 23 26 38
8 24 20 85
8 25 98 47
8 26 48 64
8 27 82 23
8 28 65 80
8 29 33 19
9 10 0 50
9 11 24 67
9 12 50 61
9 13 92 75
9 14 32 14
9 15 5 51
9 16 24 90
9 17 58 67
9 18 9 27
9 19 92 5
9 20 76 67
9 21 0 69
9 22 32 90
9 23 62 82
9 24 48 48
9 25 46 57
9 26 63 78
9 27 51 58
9 28 99 53
9 29 75 75
10 11 65 55
10 12 21 19
10 13 46 47
10 14 40 60
10 15 28 27
10 16 32 60
10 17 49 87
10 18 27 43
10 19 50 78
10 20 83 46
10 21 60 39
10 22 80 58
10 23 70 13
10 24 79 8
10 25 0 41
10 26 67 66
10 27 85 36
10 28 78 58
10 29 7 37
11 12 78 25
11 13 87 39
11 14 8 93
11 15 44 44
11 16 25 88
11 17 15 24
11 18 62 43
11 19 12 92
11 20 29 91
11 21 65 26
11 22 18 19
11 23 66 83
11 24 72 74
11 25 60 57
11 26 76 22
11 27 60 13
11 28 41 17
11 29 51 76
12 13 39 39
12 14 32 53
12 15 83 62
12 16 74 78
12 17 66 58
12 18 38 45
12 19 63 34
12 20 18 31
12 21 4 37
12 22 88 18
12 23 56 86
12 24 87 4
12 25 88 48
12 26 37 12
12 27 21 32
12 28 50 80
12 29 68 17
13 14 99 51
13 15 61 58
13 16 15 86
13 17 75 70
13 18 71 79
13 19 66 82
13 20 81 16
13 21 80 49
13 22 38 91
13 23 14 38
13 24 86 47
13 25 14 23
13 26 40 68
13 27 14 33
13 28 77 68
13 29 62 26
14 15 51 81
14 16 20 43
14 17 34 40
14 18 33 52
14 19 80 15
14 20 93 41
14 21 76 63
14 22 18 28
14 23 75 20
14 24 36 44
14 25 88 67
14 26 69 12
14 27 0 77
14 28 33 46
14 29 34 84
15 16 6 36
15 17 7 29
15 18 54 49
15 19 24 50
15 20 86 9
15 21 7 60
15 22 70 26
15 23 53 59
15 24 97 25
15 25 15 45
15 26 95 35
15 27 50 19
15 28 22 77
15 29 24 50
16 17 36 54
16 18 18 89
16 19 23 41
16 20 71 11
16 21 97 12
16 22 35 17
16 23 64 53
16 24 79 63
16 25 55 34
16 26 10 38
16 27 22 74
16 28 25 34
16 29 9 69
17 18 43 74
17 19 29 19
17 20 99 51
17 21 89 15
17 22 4 81
17 23 52 22
17 24 87 43
17 25 35 82
17 26 81 69
17 27 34 21
17 28 62 73
17 29 21 36
18 19 7 85
18 20 36 32
18 21 3 54
18 22 59 35
18 23 26 31
18 24 29 57
18 25 3 93
18 26 67 18
18 27 46 89
18 28 10 80
18 29 58 53
19 20 26 30
19 21 76 40
19 22 89 36
19 23 19 53
19 24 78 57
19 25 88 26
19 26 73 11
19 27 43 87
19 28 41 45
19 29 96 61
20 21 10 48
20 22 70 6
20 23 81 57
20 24 95 2
20 25 1 94
20 26 33 86
20 27 73 27
20 28 57 69
20 29 46 22
21 22 62 28
21 23 14 36
21 24 38 65
21 25 37 53
21 26 72 82
21 27 68 71
21 28 56 56
21 29 37 32
22 23 81 53
22 24 33 68
22 25 4 38
22 26 53 78
22 27 5 32
22 28 38 36
22 29 41 55
23 24 35 20
23 25 97 74
23 26 17 82
23 27 67 6
23 28 91 74
23 29 30 63
24 25 80 77
24 26 53 17
24 27 18 61
24 28 58 56
24 29 68 8
25 26 49 39
25 27 34 15
25 28 98 57
25 29 98 51
26 27 78 37
26 28 3 82
26 29 86 40
27 28 66 82
27 29 80 51
28 29 0 92
0
607
102 1711
103 1686
105 1659
106 1634
108 1621
110 1603
112 1590
114 1582
115 1577
116 1576
117 1559
119 1546
121 1538
122 1531
123 1527
124 1518
125 1514
126 1513
127 1505
128 1500
129 1487
130 1483
131 1474
132 1470
134 1464
135 1460
136 1456
137 1447
138 1441
139 1437
140 1428
141 1424
142 1417
143 1413
144 1409
145 1407
146 1401
147 1396
148 1390
149 1383
150 1380
151 1371
152 1367
153 1363
154 1361
155 1356
156 1353
157 1344
158 1339
159 1335
160 1326
161 1322
163 1316
164 1312
165 1308
166 1299
167 1295
169 1286
170 1282
172 1273
173 1270
174 1268
175 1259
176 1255
178 1246
180 1242
181 1233
182 1230
184 1221
185 1219
186 1217
187 1206
189 1203
190 1201
191 1194
192 1193
193 1181
195 1178
196 1176
198 1168
200 1165
201 1160
203 1157
204 1155
206 1151
208 1148
209 1146
210 1144
211 1143
212 1141
213 1136
215 1131
216 1129
217 1128
218 1123
220 1120
221 1116
223 1113
224 1107
226 1104
227 1102
229 1094
231 1091
232 1086
234 1083
235 1081
237 1077
239 1074
240 1072
241 1070
242 1069
243 1067
244 1062
246 1059
247 1055
249 1052
250 1050
252 1042
254 1039
255 1034
257 1031
258 1029
260 1025
262 1022
263 1020
264 1018
265 1017
266 1015
267 1010
269 1007
270 1005
272 1001
274 998
275 996
277 993
278 991
280 988
281 987
283 982
285 979
286 978
288 975
291 972
293 969
294 967
296 964
297 962
299 959
300 958
302 953
304 950
305 949
307 946
311 945
312 943
314 940
315 939
317 936
319 935
320 933
321 932
322 930
323 928
325 925
326 923
328 920
329 919
331 914
333 911
334 910
336 907
340 906
341 905
343 902
345 900
347 897
348 896
350 893
354 892
355 891
356 888
358 885
359 884
361 881
363 878
365 875
366 874
368 871
372 870
373 869
375 866
380 865
381 864
382 862
383 861
385 858
386 857
388 852
390 849
391 848
393 845
397 844
398 843
400 840
405 839
406 838
408 835
411 832
413 829
414 828
415 826
416 825
417 823
418 822
420 819
424 818
425 817
427 814
432 813
433 812
435 809
438 806
440 803
441 802
443 799
447 796
450 794
454 791
458 789
461 787
462 786
465 784
468 782
469 781
470 780
472 779
473 778
474 777
475 776
476 775
477 773
480 772
482 771
484 768
489 767
490 766
491 765
492 763
495 761
498 760
499 758
502 756
503 755
504 754
507 753
508 752
510 749
516 748
517 746
518 745
519 744
521 743
523 742
525 739
528 737
530 736
533 735
534 734
536 733
537 730
543 727
545 726
548 725
549 724
552 720
557 718
559 717
563 715
565 714
566 711
572 708
574 707
578 705
581 701
589 700
593 698
594 696
599 695
600 694
605 692
606 691
607 690
608 688
612 687
615 684
620 682
622 681
626 679
628 678
629 675
635 672
637 671
641 669
644 665
652 664
656 662
657 660
662 659
664 658
668 656
669 655
670 654
671 652
679 651
681 650
683 649
684 647
689 645
693 644
695 642
696 640
699 639
704 635
712 634
716 632
717 630
722 629
723 627
728 626
729 624
731 622
739 621
741 620
742 619
744 617
749 616
751 614
755 613
756 610
758 609
766 608
767 607
769 605
771 604
776 602
780 601
781 599
783 597
788 596
789 594
791 592
799 591
802 589
804 587
808 586
810 584
815 583
816 581
818 579
826 578
828 577
829 576
831 574
836 573
838 572
840 571
841 569
843 567
852 566
854 564
856 562
860 561
863 560
865 559
867 558
868 556
870 554
880 553
881 551
883 549
889 548
890 547
894 545
896 543
898 542
905 541
907 540
909 538
911 537
912 536
916 535
921 534
922 533
923 531
925 529
932 528
935 527
936 526
938 524
944 523
949 522
952 520
954 518
958 517
962 515
964 513
967 511
971 510
978 509
981 508
982 507
984 505
991 504
994 502
997 501
1000 499
1004 498
1008 496
1010 494
1013 492
1026 491
1027 490
1029 489
1032 488
1033 487
1034 486
1037 485
1040 483
1043 482
1046 480
1055 478
1058 477
1061 475
1070 473
1073 471
1082 469
1085 468
1088 466
1096 464
1103 463
1106 462
1109 461
1110 460
1112 459
1115 457
1123 455
1132 454
1133 453
1135 452
1139 450
1147 448
1152 446
1159 445
1160 444
1162 443
1166 441
1174 439
1183 438
1185 437
1186 436
1189 434
1197 432
1206 431
1208 430
1210 429
1216 428
1218 427
1220 426
1225 425
1228 424
1233 423
1240 421
1243 419
1248 418
1251 417
1256 416
1264 414
1272 412
1279 410
1284 409
1287 408
1292 407
1299 405
1302 403
1310 401
1320 400
1322 399
1327 398
1330 397
1335 396
1340 395
1343 393
1351 391
1358 389
1366 387
1376 386
1378 385
1381 383
1389 381
1399 379
1407 377
1414 376
1419 375
1422 373
1430 371
1437 369
1445 367
1455 366
1457 365
1463 364
1467 363
1473 362
1475 361
1478 359
1486 357
1496 356
1498 355
1505 353
1511 352
1517 351
1523 350
1529 349
1534 348
1537 347
1543 345
1546 343
1552 342
1558 341
1564 340
1576 339
1582 337
1588 336
1594 334
1597 333
1603 332
1609 331
1615 330
1625 329
1630 328
1633 327
1639 326
1645 324
1651 323
1655 322
1663 321
1667 320
1676 319
1681 318
1687 317
1691 316
1699 315
1703 313
1712 312
1715 311
1724 310
1735 309
1739 307
1748 306
1751 305
1760 304
1770 303
1773 302
1782 301
1793 300
1797 298
1806 297
1809 296
1818 295
1829 294
1838 293
1844 292
1853 291
1856 290
1865 289
1876 288
1884 287
1896 286
1904 285
1908 284
1916 283
1925 282
1931 281
1944 280
1951 279
1963 278
1968 277
1980 276
1986 275
1998 274
2006 273
2018 272
2023 271
2035 270
2043 269
2053 268
2066 267
2073 266
2086 265
2090 264
2103 263
2110 262
2140 261
2147 260
2163 259
2170 258
2200 257
2207 256
