50
0 1 48 48
0 2 65 20
0 3 54 28
0 4 55 69
0 5 54 25
0 6 37 34
0 7 82 45
0 8 52 24
0 9 19 56
0 10 28 44
0 11 99 1
0 12 27 64
0 13 45 66
0 14 64 56
0 15 19 86
0 16 12 47
0 17 37 35
0 18 13 92
0 19 62 20
0 20 11 72
0 21 94 36
0 22 52 35
0 23 7 52
0 24 5 68
0 25 49 57
0 26 67 22
0 27 10 76
0 28 37 37
0 29 4 56
0 30 71 32
0 31 41 75
0 32 78 56
0 33 89 27
0 34 33 43
0 35 90 6
0 36 14 56
0 37 74 19
0 38 81 43
0 39 31 79
0 40 14 63
0 41 47 30
0 42 5 90
0 43 3 90
0 44 62 45
0 45 93 48
0 46 28 60
0 47 59 43
0 48 57 60
0 49 15 86
1 2 74 55
1 3 15 76
1 4 8 53
1 5 60 39
1 6 97 26
1 7 41 40
1 8 91 50
1 9 28 39
1 10 11 70
1 11 28 79
1 12 16 71
1 13 42 54
1 14 71 36
1 15 28 76
1 16 88 19
1 17 100 32
1 18 98 42
1 19 56 37
1 20 22 75
1 21 54 28
1 22 34 42
1 23 35 53
1 24 56 27
1 25 53 45
1 26 30 83
1 27 92 12
1 28 97 8
1 29 14 44
1 30 24 40
1 31 34 64
1 32 19 55
1 33 78 37
1 34 63 51
1 35 86 40
1 36 4 77
1 37 43 48
1 38 6 67
1 39 95 22
1 40 10 70
1 41 50 46
1 42 3 86
1 43 65 45
1 44 16 74
1 45 89 31
1 46 79 44
1 47 64 64
1 48 61 21
1 49 46 62
2 3 69 35
2 4 51 39
2 5 79 37
2 6 16 78
2 7 32 51
2 8 75 13
2 9 25 74
2 10 57 22
2 11 47 46
2 12 52 63
2 13 31 80
2 14 91 47
2 15 0 97
2 16 17 88
2 17 91 30
2 18 38 56
2 19 22 79
2 20 28 57
2 21 56 59
2 22 38 66
2 23 82 53
2 24 38 46
2 25 44 60
2 26 91 46
2 27 70 50
2 28 88 25
2 29 84 51
2 30 15 90
2 31 40 56
2 32 74 36
2 33 30 54
2 34 72 55
2 35 24 71
2 36 75 21
2 37 14 61
2 38 77 23
2 39 71 26
2 40 61 66
2 41 8 81
2 42 71 32
2 43 85 34
2 44 77 51
2 45 43 56
2 46 76 49
2 47 11 75
2 48 40 41
2 49 83 28
3 4 51 56
3 5 71 18
3 6 73 50
3 7 95 17
3 8 76 41
3 9 71 62
3 10 55 47
3 11 45 44
3 12 82 32
3 13 7 90
3 14 66 61
3 15 82 49
3 16 49 55
3 17 33 52
3 18 99 31
3 19 47 60
3 20 84 53
3 21 53 33
3 22 69 22
3 23 2 88
3 24 72 27
3 25 23 68
3 26 51 62
3 27 51 69
3 28 66 21
3 29 17 46
3 30 86 16
3 31 46 48
3 32 86 40
3 33 20 73
3 34 91 51
3 35 56 40
3 36 41 64
3 37 38 73
3 38 37 80
3 39 60 44
3 40 28 51
3 41 47 33
3 42 7 68
3 43 14 88
3 44 78 41
3 45 71 34
3 46 5 83
3 47 3 94
3 48 57 47
3 49 31 49
4 5 59 36
4 6 2 49
4 7 30 52
4 8 10 64
4 9 78 27
4 10 2 93
4 11 50 34
4 12 45 28
4 13 24 47
4 14 75 39
4 15 26 60
4 16 72 52
4 17 77 33
4 18 54 34
4 19 15 92
4 20 1 79
4 21 4 69
4 22 54 40
4 23 15 84
4 24 85 20
4 25 57 32
4 26 32 46
4 27 86 11
4 28 17 90
4 29 46 32
4 30 85 35
4 31 16 90
4 32 99 9
4 33 40 34
4 34 40 53
4 35 37 35
4 36 64 27
4 37 39 49
4 38 93 27
4 39 24 51
4 40 21 71
4 41 85 50
4 42 59 36
4 43 28 82
4 44 46 42
4 45 73 26
4 46 39 43
4 47 87 10
4 48 81 52
4 49 21 44
5 6 49 73
5 7 75 28
5 8 38 51
5 9 57 22
5 10 36 73
5 11 35 60
5 12 68 63
5 13 80 24
5 14 9 94
5 15 23 83
5 16 33 44
5 17 42 72
5 18 99 19
5 19 84 51
5 20 11 64
5 21 25 86
5 22 63 67
5 23 52 35
5 24 72 48
5 25 26 42
5 26 66 26
5 27 22 63
5 28 92 18
5 29 69 34
5 30 79 21
5 31 4 53
5 32 92 17
5 33 75 31
5 34 35 59
5 35 11 79
5 36 71 37
5 37 20 47
5 38 37 48
5 39 11 45
5 40 16 61
5 41 78 13
5 42 37 71
5 43 53 62
5 44 64 30
5 45 23 39
5 46 28 65
5 47 88 56
5 48 78 28
5 49 95 21
6 7 20 45
6 8 60 39
6 9 49 48
6 10 71 24
6 11 46 67
6 12 14 86
6 13 17 50
6 14 60 62
6 15 5 67
6 16 10 53
6 17 56 47
6 18 34 81
6 19 76 21
6 20 98 44
6 21 43 68
6 22 86 31
6 23 67 21
6 24 97 8
6 25 73 39
6 26 86 51
6 27 54 64
6 28 31 69
6 29 88 41
6 30 9 70
6 31 80 39
6 32 20 57
6 33 62 52
6 34 67 46
6 35 93 4
6 36 15 56
6 37 12 90
6 38 5 86
6 39 2 70
6 40 36 52
6 41 81 56
6 42 77 39
6 43 69 33
6 44 93 14
6 45 62 51
6 46 56 26
6 47 1 78
6 48 47 65
6 49 5 60
7 8 32 38
7 9 47 76
7 10 2 85
7 11 13 88
7 12 45 73
7 13 54 66
7 14 67 23
7 15 9 50
7 16 96 12
7 17 9 82
7 18 69 61
7 19 75 61
7 20 76 54
7 21 54 41
7 22 26 60
7 23 83 34
7 24 92 33
7 25 78 45
7 26 13 86
7 27 0 88
7 28 26 40
7 29 90 28
7 30 45 52
7 31 78 22
7 32 99 10
7 33 49 37
7 34 48 55
7 35 46 74
7 36 99 32
7 37 4 61
7 38 10 57
7 39 90 6
7 40 54 32
7 41 85 51
7 42 78 41
7 43 90 41
7 44 80 35
7 45 41 53
7 46 40 45
7 47 49 60
7 48 27 61
7 49 62 28
8 9 22 50
8 10 43 48
8 11 24 38
8 12 85 27
8 13 9 63
8 14 2 65
8 15 62 28
8 16 32 63
8 17 82 48
8 18 56 30
8 19 26 66
8 20 69 28
8 21 6 88
8 22 56 28
8 23 56 26
8 24 10 62
8 25 28 71
8 26 99 11
8 27 39 67
8 28 71 24
8 29 83 21
8 30 97 14
8 31 17 55
8 32 51 74
8 33 64 43
8 34 27 57
8 35 30 83
8 36 24 62
8 37 35 56
8 38 27 57
8 39 62 50
8 40 28 40
8 41 96 39
8 42 34 64
8 43 27 81
8 44 0 52
8 45 61 46
8 46 50 28
8 47 38 33
8 48 55 60
8 49 70 50
9 10 75 16
9 11 22 56
9 12 20 65
9 13 8 52
9 14 91 25
9 15 41 56
9 16 40 79
9 17 32 55
9 18 96 20
9 19 78 41
9 20 86 27
9 21 66 32
9 22 5 71
9 23 2 67
9 24 68 48
9 25 74 20
9 26 92 4
9 27 5 84
9 28 94 35
9 29 86 8
9 30 68 32
9 31 36 65
9 32 43 42
9 33 26 63
9 34 54 56
9 35 34 39
9 36 63 21
9 37 37 35
9 38 72 54
9 39 26 37
9 40 12 55
9 41 24 75
9 42 39 52
9 43 89 39
9 44 64 54
9 45 65 55
9 46 41 75
9 47 6 47
9 48 98 2
9 49 80 57
10 11 1 63
10 12 56 28
10 13 31 75
10 14 34 67
10 15 72 44
10 16 80 35
10 17 64 59
10 18 0 86
10 19 88 11
10 20 49 48
10 21 61 52
10 22 41 72
10 23 65 43
10 24 65 53
10 25 1 78
10 26 11 76
10 27 28 62
10 28 33 36
10 29 53 39
10 30 6 55
10 31 17 56
10 32 88 31
10 33 51 72
10 34 33 56
10 35 57 30
10 36 78 52
10 37 8 56
10 38 51 49
10 39 23 39
10 40 37 59
10 41 28 57
10 42 44 47
10 43 63 48
10 44 23 59
10 45 41 76
10 46 52 28
10 47 41 79
10 48 10 63
10 49 34 57
11 12 60 60
11 13 65 45
11 14 10 71
11 15 30 83
11 16 72 16
11 17 59 53
11 18 65 61
11 19 53 66
11 20 84 41
11 21 63 64
11 22 73 55
11 23 18 64
11 24 1 91
11 25 79 35
11 26 8 74
11 27 7 51
11 28 43 75
11 29 74 45
11 30 5 79
11 31 22 55
11 32 49 68
11 33 54 46
11 34 83 10
11 35 49 56
11 36 46 75
11 37 12 73
11 38 68 28
11 39 52 33
11 40 6 74
11 41 53 54
11 42 65 54
11 43 92 16
11 44 72 20
11 45 52 35
11 46 79 26
11 47 6 60
11 48 99 34
11 49 54 52
12 13 64 32
12 14 87 23
12 15 31 35
12 16 64 45
12 17 80 56
12 18 2 59
12 19 3 89
12 20 68 47
12 21 44 31
12 22 18 63
12 23 60 50
12 24 28 37
12 25 23 56
12 26 20 52
12 27 99 2
12 28 84 47
12 29 81 19
12 30 18 54
12 31 31 64
12 32 14 59
12 33 22 42
12 34 99 31
12 35 70 27
12 36 33 79
12 37 66 45
12 38 17 68
12 39 25 76
12 40 2 67
12 41 40 77
12 42 75 41
12 43 93 23
12 44 20 62
12 45 84 14
12 46 27 43
12 47 72 64
12 48 53 35
12 49 51 59
13 14 68 21
13 15 71 15
13 16 37 36
13 17 41 65
13 18 64 35
13 19 68 64
13 20 62 53
13 21 35 57
13 22 28 51
13 23 83 33
13 24 73 27
13 25 62 21
13 26 31 70
13 27 17 90
13 28 27 74
13 29 22 43
13 30 1 85
13 31 5 85
13 32 26 79
13 33 32 37
13 34 89 22
13 35 64 67
13 36 80 50
13 37 85 54
13 38 52 73
13 39 99 41
13 40 90 24
13 41 30 75
13 42 17 90
13 43 54 32
13 44 39 71
13 45 69 39
13 46 49 56
13 47 26 74
13 48 74 21
13 49 50 53
14 15 22 54
14 16 68 56
14 17 77 49
14 18 28 76
14 19 62 28
14 20 24 71
14 21 47 59
14 22 28 48
14 23 16 66
14 24 8 92
14 25 98 2
14 26 56 56
14 27 53 41
14 28 72 40
14 29 50 28
14 30 10 75
14 31 5 89
14 32 97 34
14 33 51 32
14 34 10 80
14 35 19 79
14 36 49 57
14 37 87 16
14 38 8 56
14 39 22 63
14 40 87 39
14 41 71 51
14 42 70 52
14 43 3 66
14 44 88 28
14 45 31 43
14 46 21 44
14 47 20 73
14 48 74 15
14 49 85 52
15 16 53 36
15 17 41 78
15 18 61 59
15 19 13 86
15 20 46 37
15 21 77 32
15 22 86 41
15 23 17 68
15 24 90 50
15 25 39 49
15 26 20 79
15 27 44 63
15 28 24 57
15 29 47 40
15 30 91 46
15 31 97 51
15 32 82 12
15 33 81 10
15 34 44 34
15 35 28 59
15 36 16 56
15 37 12 81
15 38 56 48
15 39 53 35
15 40 43 30
15 41 96 30
15 42 5 82
15 43 48 61
15 44 22 43
15 45 86 22
15 46 80 23
15 47 54 41
15 48 73 53
15 49 78 53
16 17 88 47
16 18 84 49
16 19 21 40
16 20 72 54
16 21 11 49
16 22 33 74
16 23 7 94
16 24 61 64
16 25 17 51
16 26 65 51
16 27 28 68
16 28 69 53
16 29 84 24
16 30 96 9
16 31 38 61
16 32 54 46
16 33 56 42
16 34 42 47
16 35 98 28
16 36 39 67
16 37 14 54
16 38 30 70
16 39 19 71
16 40 22 81
16 41 94 16
16 42 93 16
16 43 88 14
16 44 39 54
16 45 40 51
16 46 42 65
16 47 56 30
16 48 13 48
16 49 8 56
17 18 66 23
17 19 42 63
17 20 61 25
17 21 25 48
17 22 68 32
17 23 70 33
17 24 86 40
17 25 41 46
17 26 28 82
17 27 77 56
17 28 22 57
17 29 74 16
17 30 84 33
17 31 48 71
17 32 36 74
17 33 80 43
17 34 18 71
17 35 32 49
17 36 37 56
17 37 28 77
17 38 79 28
17 39 23 82
17 40 7 74
17 41 70 37
17 42 73 25
17 43 74 47
17 44 64 21
17 45 79 42
17 46 52 28
17 47 36 51
17 48 69 28
17 49 13 52
18 19 47 76
18 20 50 56
18 21 11 64
18 22 6 75
18 23 63 53
18 24 13 82
18 25 10 67
18 26 11 91
18 27 12 83
18 28 57 42
18 29 56 68
18 30 18 49
18 31 91 18
18 32 37 76
18 33 42 76
18 34 95 25
18 35 77 19
18 36 40 51
18 37 20 76
18 38 99 47
18 39 20 78
18 40 38 76
18 41 66 36
18 42 31 59
18 43 68 26
18 44 36 66
18 45 55 71
18 46 14 80
18 47 90 13
18 48 57 68
18 49 60 37
19 20 69 33
19 21 93 33
19 22 74 15
19 23 79 42
19 24 40 77
19 25 97 43
19 26 50 66
19 27 15 54
19 28 41 67
19 29 5 49
19 30 41 62
19 31 9 84
19 32 6 80
19 33 53 40
19 34 59 28
19 35 56 23
19 36 46 41
19 37 28 84
19 38 17 85
19 39 35 56
19 40 4 56
19 41 39 32
19 42 4 91
19 43 98 40
19 44 35 37
19 45 63 47
19 46 90 7
19 47 53 66
19 48 69 28
19 49 65 43
20 21 31 36
20 22 59 27
20 23 12 73
20 24 22 65
20 25 89 10
20 26 49 45
20 27 82 31
20 28 100 35
20 29 28 74
20 30 98 11
20 31 68 28
20 32 79 55
20 33 79 13
20 34 71 45
20 35 94 35
20 36 4 97
20 37 44 42
20 38 41 34
20 39 26 75
20 40 1 61
20 41 55 35
20 42 4 75
20 43 57 22
20 44 91 6
20 45 15 54
20 46 45 28
20 47 57 35
20 48 22 73
20 49 2 85
21 22 81 24
21 23 31 81
21 24 14 90
21 25 45 30
21 26 44 53
21 27 23 57
21 28 82 18
21 29 15 74
21 30 35 39
21 31 2 86
21 32 83 34
21 33 53 31
21 34 88 52
21 35 46 63
21 36 94 5
21 37 1 73
21 38 5 78
21 39 93 35
21 40 2 56
21 41 4 96
21 42 39 76
21 43 62 51
21 44 27 54
21 45 81 45
21 46 30 69
21 47 73 25
21 48 26 56
21 49 51 28
22 23 9 50
22 24 85 55
22 25 2 92
22 26 45 66
22 27 25 64
22 28 10 68
22 29 46 43
22 30 65 59
22 31 47 35
22 32 50 40
22 33 7 78
22 34 24 69
22 35 36 72
22 36 53 47
22 37 69 38
22 38 51 68
22 39 74 40
22 40 98 12
22 41 41 54
22 42 100 13
22 43 74 60
22 44 77 39
22 45 91 18
22 46 31 36
22 47 99 38
22 48 34 42
22 49 69 62
23 24 37 34
23 25 27 78
23 26 38 40
23 27 10 75
23 28 2 92
23 29 41 67
23 30 79 43
23 31 13 72
23 32 59 71
23 33 23 50
23 34 10 85
23 35 69 18
23 36 10 60
23 37 60 21
23 38 97 47
23 39 40 47
23 40 83 54
23 41 39 40
23 42 59 66
23 43 97 41
23 44 49 68
23 45 47 40
23 46 99 37
23 47 31 55
23 48 62 27
23 49 57 36
24 25 95 17
24 26 61 50
24 27 39 35
24 28 31 35
24 29 18 42
24 30 30 82
24 31 25 57
24 32 73 14
24 33 44 51
24 34 49 27
24 35 87 28
24 36 92 11
24 37 55 43
24 38 45 69
24 39 70 20
24 40 60 41
24 41 2 64
24 42 68 22
24 43 87 26
24 44 100 1
24 45 66 45
24 46 64 51
24 47 73 14
24 48 75 24
24 49 83 32
25 26 28 71
25 27 71 45
25 28 8 85
25 29 32 43
25 30 8 96
25 31 27 41
25 32 2 49
25 33 93 12
25 34 63 23
25 35 25 50
25 36 67 38
25 37 82 28
25 38 3 83
25 39 47 51
25 40 40 62
25 41 23 50
25 42 54 48
25 43 32 65
25 44 87 9
25 45 51 65
25 46 28 73
25 47 99 48
25 48 97 41
25 49 10 54
26 27 41 47
26 28 54 36
26 29 16 85
26 30 98 40
26 31 41 71
26 32 81 23
26 33 53 39
26 34 98 24
26 35 20 63
26 36 6 69
26 37 62 19
26 38 95 20
26 39 46 74
26 40 27 87
26 41 2 63
26 42 12 51
26 43 28 48
26 44 20 65
26 45 32 37
26 46 99 37
26 47 4 85
26 48 49 70
26 49 98 48
27 28 33 40
27 29 12 92
27 30 2 59
27 31 20 44
27 32 15 74
27 33 96 13
27 34 27 44
27 35 71 28
27 36 63 55
27 37 67 30
27 38 71 56
27 39 49 46
27 40 85 15
27 41 62 31
27 42 45 30
27 43 83 9
27 44 21 51
27 45 17 53
27 46 18 87
27 47 50 59
27 48 44 49
27 49 36 39
28 29 92 8
28 30 84 46
28 31 27 46
28 32 61 44
28 33 97 51
28 34 7 91
28 35 77 23
28 36 0 80
28 37 55 62
28 38 14 77
28 39 46 50
28 40 37 72
28 41 28 77
28 42 42 71
28 43 88 19
28 44 6 71
28 45 21 47
28 46 30 80
28 47 18 68
28 48 57 38
28 49 82 10
29 30 19 86
29 31 33 82
29 32 12 89
29 33 19 55
29 34 11 91
29 35 74 51
29 36 56 59
29 37 11 62
29 38 71 62
29 39 77 18
29 40 1 52
29 41 36 46
29 42 86 34
29 43 15 43
29 44 81 31
29 45 50 74
29 46 96 16
29 47 8 63
29 48 55 37
29 49 18 89
30 31 10 68
30 32 37 47
30 33 19 60
30 34 86 48
30 35 13 78
30 36 17 80
30 37 28 71
30 38 20 72
30 39 61 26
30 40 5 90
30 41 93 25
30 42 28 80
30 43 9 54
30 44 41 55
30 45 44 28
30 46 16 74
30 47 97 42
30 48 25 71
30 49 44 37
31 32 86 12
31 33 31 79
31 34 80 19
31 35 40 63
31 36 10 64
31 37 38 32
31 38 46 46
31 39 16 59
31 40 90 35
31 41 1 60
31 42 64 39
31 43 39 36
31 44 17 56
31 45 94 11
31 46 57 61
31 47 42 32
31 48 22 71
31 49 37 63
32 33 36 75
32 34 60 68
32 35 27 68
32 36 37 66
32 37 80 38
32 38 20 61
32 39 0 81
32 40 79 18
32 41 56 62
32 42 6 56
32 43 35 69
32 44 80 30
32 45 56 68
32 46 67 33
32 47 22 66
32 48 50 66
32 49 32 75
33 34 12 52
33 35 25 78
33 36 10 52
33 37 96 50
33 38 14 56
33 39 100 41
33 40 91 47
33 41 81 15
33 42 1 56
33 43 4 52
33 44 100 15
33 45 85 40
33 46 78 26
33 47 77 53
33 48 12 61
33 49 70 40
34 35 60 33
34 36 5 96
34 37 99 28
34 38 0 76
34 39 84 23
34 40 9 92
34 41 85 31
34 42 82 56
34 43 74 28
34 44 0 97
34 45 52 26
34 46 1 59
34 47 99 11
34 48 87 49
34 49 6 48
35 36 74 54
35 37 55 36
35 38 94 17
35 39 79 56
35 40 54 68
35 41 5 56
35 42 98 19
35 43 56 51
35 44 95 52
35 45 4 82
35 46 20 56
35 47 37 35
35 48 75 23
35 49 49 41
36 37 44 52
36 38 69 23
36 39 71 15
36 40 8 82
36 41 64 24
36 42 94 10
36 43 56 26
36 44 49 47
36 45 69 22
36 46 20 71
36 47 39 69
36 48 2 49
36 49 23 79
37 38 52 72
37 39 33 63
37 40 77 14
37 41 20 68
37 42 48 74
37 43 42 60
37 44 50 72
37 45 30 54
37 46 100 33
37 47 94 20
37 48 62 55
37 49 91 12
38 39 83 22
38 40 31 68
38 41 99 20
38 42 7 63
38 43 63 34
38 44 18 78
38 45 48 70
38 46 2 67
38 47 69 34
38 48 25 50
38 49 71 40
39 40 43 72
39 41 87 36
39 42 98 32
39 43 53 63
39 44 10 85
39 45 32 79
39 46 81 15
39 47 71 42
39 48 87 39
39 49 50 74
40 41 75 18
40 42 77 26
40 43 28 56
40 44 91 40
40 45 91 9
40 46 37 51
40 47 55 59
40 48 45 56
40 49 35 78
41 42 26 53
41 43 14 75
41 44 40 71
41 45 84 21
41 46 21 73
41 47 63 49
41 48 78 33
41 49 89 35
42 43 18 71
42 44 15 59
42 45 37 81
42 46 26 40
42 47 22 42
42 48 20 89
42 49 44 37
43 44 5 87
43 45 89 46
43 46 45 36
43 47 46 63
43 48 18 86
43 49 11 85
44 45 17 67
44 46 27 74
44 47 56 39
44 48 59 60
44 49 67 24
45 46 7 70
45 47 61 28
45 48 80 11
45 49 68 39
46 47 32 57
46 48 42 70
46 49 32 55
47 48 49 60
47 49 32 42
48 49 52 69
0
2314
98 3567
99 3529
100 3495
101 3462
102 3445
103 3436
104 3415
105 3406
106 3391
107 3380
108 3371
109 3356
110 3347
111 3338
112 3331
113 3322
114 3313
115 3306
116 3299
117 3292
118 3285
119 3278
120 3272
121 3265
122 3258
123 3251
124 3244
125 3237
126 3231
127 3226
128 3219
129 3212
130 3205
131 3198
132 3193
133 3189
134 3182
135 3175
136 3172
137 3165
138 3160
139 3154
140 3149
141 3142
142 3138
143 3133
144 3128
145 3121
146 3117
147 3112
148 3108
149 3104
150 3100
151 3094
152 3088
153 3084
154 3079
155 3075
156 3071
157 3067
158 3061
159 3057
160 3052
161 3048
162 3044
163 3040
164 3035
165 3031
166 3027
167 3023
168 3019
169 3015
170 3010
171 3006
172 3003
173 2998
174 2994
175 2990
176 2986
177 2983
178 2978
179 2974
180 2971
181 2967
182 2963
183 2960
184 2955
185 2951
186 2949
187 2945
188 2941
189 2937
190 2933
191 2929
192 2927
193 2923
194 2920
195 2915
196 2911
197 2908
198 2906
199 2902
200 2899
201 2897
202 2895
203 2890
204 2886
205 2884
206 2881
207 2877
208 2875
209 2873
210 2870
211 2866
212 2862
213 2861
214 2857
215 2855
216 2853
217 2851
218 2849
219 2845
220 2844
221 2840
222 2838
223 2836
224 2834
225 2830
226 2826
227 2825
228 2821
229 2819
230 2817
231 2815
232 2813
233 2809
234 2808
235 2804
236 2802
237 2800
238 2798
239 2796
240 2795
241 2792
242 2790
243 2787
244 2786
245 2782
246 2780
247 2778
248 2776
249 2774
250 2773
251 2770
252 2768
253 2766
254 2764
255 2762
256 2760
257 2758
258 2756
259 2754
260 2752
261 2750
262 2748
263 2746
264 2745
265 2742
266 2740
267 2739
268 2737
269 2735
270 2733
271 2731
272 2729
273 2727
274 2725
275 2723
276 2721
277 2720
278 2718
279 2716
280 2714
281 2712
282 2710
283 2708
284 2706
285 2704
286 2703
287 2701
288 2699
289 2697
290 2695
291 2694
292 2691
293 2689
294 2688
295 2687
296 2684
297 2682
298 2681
299 2680
300 2678
301 2676
302 2674
303 2673
304 2672
305 2670
306 2669
307 2667
308 2665
309 2664
310 2663
311 2661
312 2660
313 2658
314 2656
315 2655
316 2654
317 2651
318 2649
319 2648
320 2647
321 2645
322 2643
323 2641
324 2640
325 2639
326 2637
327 2636
328 2634
329 2632
330 2631
331 2630
332 2628
333 2627
334 2625
335 2624
336 2623
337 2621
338 2620
339 2619
340 2617
341 2616
342 2615
343 2614
344 2612
345 2611
346 2610
347 2608
348 2607
349 2606
350 2604
351 2603
352 2602
353 2601
354 2599
355 2598
356 2596
357 2595
358 2594
359 2592
361 2590
362 2588
364 2586
365 2585
366 2583
367 2582
368 2581
369 2579
371 2577
372 2575
374 2573
376 2571
377 2570
378 2569
379 2567
381 2565
382 2563
384 2561
385 2560
386 2558
387 2557
388 2556
389 2554
391 2552
392 2550
394 2548
396 2546
397 2545
399 2543
400 2542
401 2541
402 2540
403 2538
405 2536
406 2535
407 2534
408 2532
409 2531
410 2530
411 2529
412 2527
413 2526
414 2525
415 2524
416 2523
417 2522
418 2521
419 2520
420 2519
421 2518
422 2517
423 2515
425 2513
426 2512
427 2511
428 2510
429 2508
430 2507
431 2506
432 2505
433 2503
435 2501
437 2499
438 2498
440 2496
441 2495
442 2494
443 2493
444 2492
445 2491
446 2490
447 2489
448 2487
449 2486
450 2485
451 2484
452 2482
454 2480
456 2478
457 2477
459 2475
461 2473
463 2471
464 2470
466 2468
468 2466
470 2464
472 2462
473 2461
474 2460
475 2459
477 2457
479 2455
480 2454
481 2453
482 2452
484 2450
486 2448
488 2447
489 2446
490 2445
491 2444
492 2443
493 2442
494 2441
495 2440
496 2439
497 2438
499 2436
501 2434
503 2433
504 2432
505 2431
506 2430
507 2429
508 2428
509 2427
510 2426
511 2425
513 2424
514 2423
515 2422
516 2421
517 2420
518 2419
519 2418
520 2417
522 2416
523 2415
524 2414
525 2413
526 2412
527 2411
529 2409
531 2408
532 2407
533 2406
534 2405
535 2404
536 2403
537 2402
538 2401
539 2400
540 2399
542 2397
544 2395
546 2394
547 2393
548 2392
549 2391
550 2390
551 2389
552 2388
553 2387
554 2386
556 2385
557 2384
558 2383
559 2382
560 2381
561 2380
562 2379
563 2378
565 2377
566 2376
567 2375
568 2374
569 2373
570 2372
572 2370
574 2369
575 2368
576 2367
577 2366
578 2365
580 2364
581 2363
582 2362
583 2361
585 2360
586 2359
587 2358
588 2357
590 2355
592 2354
593 2353
594 2352
595 2351
596 2350
598 2349
599 2348
600 2347
601 2346
602 2345
604 2344
605 2343
606 2342
607 2341
608 2340
610 2339
611 2338
612 2337
613 2336
615 2335
616 2334
617 2333
618 2332
620 2330
622 2329
623 2328
624 2327
625 2326
626 2325
628 2324
629 2323
630 2322
631 2321
633 2320
634 2319
635 2318
636 2317
638 2316
639 2315
640 2314
641 2313
642 2312
644 2311
645 2310
646 2309
647 2308
649 2307
650 2306
651 2305
652 2304
654 2303
655 2302
656 2301
658 2300
659 2299
660 2298
661 2297
663 2296
664 2295
665 2294
666 2293
668 2292
669 2291
670 2290
671 2289
672 2288
674 2287
675 2286
676 2285
677 2284
679 2283
680 2282
681 2281
682 2280
684 2279
685 2278
686 2277
688 2276
690 2275
691 2273
693 2272
695 2271
696 2270
697 2269
699 2268
700 2267
702 2265
704 2264
705 2263
706 2262
708 2261
710 2260
711 2258
713 2257
715 2256
717 2255
718 2254
719 2253
720 2252
722 2251
723 2250
724 2249
726 2248
727 2247
729 2245
731 2244
732 2243
734 2242
735 2241
737 2240
738 2239
740 2237
742 2236
743 2235
744 2234
746 2233
748 2232
749 2230
751 2229
753 2228
755 2227
756 2226
758 2225
759 2224
760 2223
761 2222
763 2221
764 2220
765 2219
767 2218
768 2217
769 2216
770 2215
772 2214
773 2213
775 2212
777 2211
779 2210
780 2209
781 2208
782 2207
784 2206
785 2205
787 2204
788 2203
789 2202
790 2201
792 2200
793 2199
794 2198
796 2197
799 2196
800 2195
801 2194
802 2193
804 2192
805 2191
806 2190
808 2189
809 2188
811 2187
813 2185
814 2184
816 2183
819 2182
820 2181
821 2180
823 2179
825 2177
826 2176
828 2175
830 2174
831 2173
833 2172
835 2171
836 2170
838 2169
839 2168
840 2167
842 2166
843 2165
845 2164
846 2163
847 2162
849 2161
850 2160
851 2159
853 2158
856 2157
857 2156
858 2155
859 2154
861 2153
863 2152
864 2151
865 2150
867 2149
869 2148
870 2147
872 2146
873 2145
875 2144
876 2143
878 2142
879 2141
881 2140
882 2139
883 2138
884 2137
886 2136
889 2135
890 2134
891 2133
893 2132
894 2131
896 2130
897 2129
898 2128
900 2127
902 2126
903 2125
905 2124
906 2123
908 2122
909 2121
911 2120
913 2119
914 2118
915 2117
916 2116
918 2115
920 2114
922 2113
923 2112
925 2111
926 2110
927 2109
929 2108
930 2107
932 2106
934 2105
935 2104
937 2103
938 2102
940 2101
941 2100
943 2099
945 2098
946 2097
948 2096
949 2095
951 2094
952 2093
954 2092
955 2091
957 2090
958 2089
959 2088
961 2087
963 2086
965 2085
967 2084
968 2083
970 2082
971 2081
972 2080
973 2079
975 2078
977 2077
978 2076
980 2075
982 2074
983 2073
985 2072
987 2071
988 2070
989 2069
991 2068
992 2067
994 2066
996 2065
997 2064
999 2063
1001 2062
1002 2061
1004 2060
1005 2059
1007 2058
1008 2057
1010 2056
1011 2055
1013 2054
1015 2053
1016 2052
1018 2051
1020 2050
1021 2049
1023 2048
1024 2047
1026 2046
1027 2045
1029 2044
1030 2043
1032 2042
1034 2041
1036 2040
1037 2039
1039 2038
1040 2037
1042 2036
1043 2035
1045 2034
1046 2033
1048 2032
1050 2031
1052 2030
1053 2029
1055 2028
1056 2027
1058 2026
1059 2025
1061 2024
1062 2023
1064 2022
1066 2021
1068 2020
1069 2019
1071 2018
1072 2017
1074 2016
1076 2015
1077 2014
1078 2013
1080 2012
1082 2011
1084 2010
1086 2009
1087 2008
1088 2007
1090 2006
1092 2005
1093 2004
1095 2003
1096 2002
1099 2001
1100 2000
1102 1999
1103 1998
1105 1997
1106 1996
1108 1995
1110 1994
1111 1993
1113 1992
1115 1991
1116 1990
1118 1989
1120 1988
1121 1987
1123 1986
1124 1985
1126 1984
1128 1983
1130 1982
1131 1981
1133 1980
1134 1979
1136 1978
1138 1977
1139 1976
1141 1975
1143 1974
1145 1973
1146 1972
1148 1971
1149 1970
1151 1969
1153 1968
1154 1967
1156 1966
1158 1965
1160 1964
1161 1963
1163 1962
1164 1961
1166 1960
1168 1959
1169 1958
1171 1957
1174 1956
1175 1955
1177 1954
1178 1953
1179 1952
1181 1951
1184 1950
1185 1949
1186 1948
1189 1947
1190 1946
1192 1945
1194 1944
1195 1943
1196 1942
1199 1941
1200 1940
1202 1939
1204 1938
1206 1937
1207 1936
1209 1935
1210 1934
1212 1933
1214 1932
1216 1931
1217 1930
1220 1929
1221 1928
1223 1927
1224 1926
1226 1925
1227 1924
1230 1923
1231 1922
1233 1921
1235 1920
1237 1919
1238 1918
1240 1917
1242 1916
1243 1915
1245 1914
1247 1913
1249 1912
1251 1911
1252 1910
1254 1909
1255 1908
1258 1907
1259 1906
1261 1905
1263 1904
1265 1903
1266 1902
1268 1901
1270 1900
1271 1899
1273 1898
1275 1897
1277 1896
1278 1895
1280 1894
1282 1893
1283 1892
1285 1891
1287 1890
1289 1889
1291 1888
1293 1887
1294 1886
1296 1885
1298 1884
1299 1883
1301 1882
1303 1881
1305 1880
1306 1879
1308 1878
1310 1877
1311 1876
1313 1875
1315 1874
1317 1873
1319 1872
1321 1871
1322 1870
1324 1869
1326 1868
1328 1867
1329 1866
1331 1865
1333 1864
1334 1863
1336 1862
1338 1861
1339 1860
1341 1859
1343 1858
1345 1857
1347 1856
1349 1855
1350 1854
1352 1853
1354 1852
1356 1851
1357 1850
1359 1849
1361 1848
1363 1847
1364 1846
1366 1845
1368 1844
1369 1843
1372 1842
1373 1841
1375 1840
1377 1839
1378 1838
1380 1837
1382 1836
1384 1835
1386 1834
1387 1833
1390 1832
1391 1831
1392 1830
1395 1829
1396 1828
1397 1827
1400 1826
1401 1825
1403 1824
1405 1823
1407 1822
1408 1821
1410 1820
1412 1819
1414 1818
1415 1817
1418 1816
1419 1815
1421 1814
1423 1813
1425 1812
1426 1811
1428 1810
1430 1809
1431 1808
1434 1807
1435 1806
1436 1805
1439 1804
1440 1803
1443 1802
1444 1801
1446 1800
1448 1799
1449 1798
1452 1797
1453 1796
1454 1795
1457 1794
1458 1793
1460 1792
1462 1791
1464 1790
1465 1789
1467 1788
1469 1787
1471 1786
1473 1785
1474 1784
1477 1783
1478 1782
1480 1781
1482 1780
1483 1779
1486 1778
1487 1777
1489 1776
1491 1775
1492 1774
1495 1773
1496 1772
1498 1771
1500 1770
1502 1769
1503 1768
1506 1767
1507 1766
1509 1765
1511 1764
1512 1763
1515 1762
1516 1761
1518 1760
1520 1759
1521 1758
1524 1757
1525 1756
1527 1755
1529 1754
1530 1753
1533 1752
1534 1751
1536 1750
1538 1749
1540 1748
1541 1747
1544 1746
1545 1745
1547 1744
1549 1743
1551 1742
1553 1741
1554 1740
1556 1739
1558 1738
1559 1737
1562 1736
1563 1735
1565 1734
1567 1733
1569 1732
1571 1731
1573 1730
1575 1729
1576 1728
1578 1727
1580 1726
1582 1725
1583 1724
1585 1723
1587 1722
1589 1721
1591 1720
1593 1719
1595 1718
1596 1717
1599 1716
1600 1715
1602 1714
1604 1713
1606 1712
1607 1711
1609 1710
1611 1709
1613 1708
1614 1707
1617 1706
1618 1705
1620 1704
1622 1703
1624 1702
1626 1701
1628 1700
1630 1699
1631 1698
1633 1697
1635 1696
1637 1695
1638 1694
1640 1693
1642 1692
1644 1691
1646 1690
1648 1689
1650 1688
1652 1687
1654 1686
1655 1685
1657 1684
1659 1683
1661 1682
1662 1681
1664 1680
1666 1679
1668 1678
1670 1677
1672 1676
1673 1675
1676 1674
1677 1673
1680 1672
1681 1671
1683 1670
1685 1669
1686 1668
1688 1667
1690 1666
1692 1665
1694 1664
1696 1663
1697 1662
1699 1661
1701 1660
1703 1659
1705 1658
1707 1657
1709 1656
1710 1655
1712 1654
1714 1653
1716 1652
1718 1651
1720 1650
1721 1649
1723 1648
1725 1647
1727 1646
1729 1645
1731 1644
1733 1643
1735 1642
1736 1641
1739 1640
1740 1639
1742 1638
1744 1637
1745 1636
1747 1635
1749 1634
1751 1633
1753 1632
1755 1631
1757 1630
1759 1629
1760 1628
1763 1627
1764 1626
1767 1625
1768 1624
1769 1623
1771 1622
1773 1621
1775 1620
1777 1619
1780 1618
1781 1617
1783 1616
1784 1615
1787 1614
1788 1613
1791 1612
1792 1611
1794 1610
1795 1609
1798 1608
1799 1607
1802 1606
1804 1605
1806 1604
1807 1603
1808 1602
1811 1601
1812 1600
1815 1599
1817 1598
1818 1597
1819 1596
1822 1595
1823 1594
1826 1593
1828 1592
1830 1591
1831 1590
1832 1589
1835 1588
1836 1587
1839 1586
1841 1585
1842 1584
1844 1583
1846 1582
1848 1581
1850 1580
1852 1579
1854 1578
1855 1577
1857 1576
1859 1575
1861 1574
1863 1573
1865 1572
1867 1571
1868 1570
1870 1569
1872 1568
1874 1567
1876 1566
1878 1565
1880 1564
1881 1563
1883 1562
1885 1561
1887 1560
1890 1559
1891 1558
1893 1557
1895 1556
1896 1555
1899 1554
1900 1553
1903 1552
1904 1551
1906 1550
1908 1549
1910 1548
1912 1547
1914 1546
1916 1545
1918 1544
1919 1543
1921 1542
1923 1541
1925 1540
1927 1539
1929 1538
1931 1537
1932 1536
1934 1535
1936 1534
1938 1533
1941 1532
1942 1531
1944 1530
1945 1529
1948 1528
1949 1527
1952 1526
1954 1525
1955 1524
1957 1523
1959 1522
1961 1521
1963 1520
1965 1519
1967 1518
1968 1517
1971 1516
1972 1515
1974 1514
1976 1513
1978 1512
1980 1511
1982 1510
1984 1509
1986 1508
1987 1507
1990 1506
1991 1505
1994 1504
1995 1503
1997 1502
1999 1501
2001 1500
2003 1499
2005 1498
2007 1497
2009 1496
2010 1495
2013 1494
2014 1493
2017 1492
2018 1491
2020 1490
2022 1489
2024 1488
2026 1487
2028 1486
2030 1485
2032 1484
2034 1483
2036 1482
2037 1481
2040 1480
2041 1479
2043 1478
2045 1477
2047 1476
2049 1475
2051 1474
2053 1473
2055 1472
2057 1471
2059 1470
2061 1469
2063 1468
2064 1467
2067 1466
2068 1465
2070 1464
2072 1463
2074 1462
2077 1461
2078 1460
2080 1459
2082 1458
2084 1457
2086 1456
2088 1455
2090 1454
2091 1453
2094 1452
2096 1451
2097 1450
2100 1449
2101 1448
2104 1447
2105 1446
2107 1445
2109 1444
2111 1443
2113 1442
2115 1441
2117 1440
2119 1439
2121 1438
2123 1437
2124 1436
2127 1435
2128 1434
2131 1433
2133 1432
2134 1431
2137 1430
2138 1429
2141 1428
2142 1427
2145 1426
2147 1425
2148 1424
2150 1423
2152 1422
2154 1421
2156 1420
2158 1419
2160 1418
2161 1417
2164 1416
2166 1415
2168 1414
2170 1413
2171 1412
2174 1411
2176 1410
2178 1409
2179 1408
2181 1407
2184 1406
2185 1405
2188 1404
2189 1403
2191 1402
2193 1401
2195 1400
2197 1399
2199 1398
2201 1397
2203 1396
2205 1395
2207 1394
2209 1393
2211 1392
2212 1391
2215 1390
2217 1389
2218 1388
2221 1387
2222 1386
2224 1385
2227 1384
2228 1383
2231 1382
2233 1381
2234 1380
2237 1379
2238 1378
2241 1377
2242 1376
2245 1375
2246 1374
2248 1373
2250 1372
2252 1371
2254 1370
2256 1369
2258 1368
2260 1367
2261 1366
2264 1365
2266 1364
2268 1363
2270 1362
2271 1361
2274 1360
2276 1359
2278 1358
2279 1357
2281 1356
2284 1355
2285 1354
2288 1353
2289 1352
2291 1351
2293 1350
2295 1349
2298 1348
2299 1347
2301 1346
2303 1345
2305 1344
2307 1343
2309 1342
2311 1341
2312 1340
2315 1339
2317 1338
2318 1337
2321 1336
2322 1335
2325 1334
2327 1333
2328 1332
2331 1331
2333 1330
2335 1329
2337 1328
2339 1327
2341 1326
2343 1325
2345 1324
2346 1323
2349 1322
2351 1321
2353 1320
2355 1319
2356 1318
2358 1317
2361 1316
2363 1315
2364 1314
2367 1313
2368 1312
2371 1311
2373 1310
2374 1309
2377 1308
2379 1307
2380 1306
2383 1305
2384 1304
2386 1303
2389 1302
2390 1301
2392 1300
2395 1299
2396 1298
2399 1297
2401 1296
2402 1295
2405 1294
2407 1293
2409 1292
2411 1291
2413 1290
2414 1289
2417 1288
2419 1287
2420 1286
2423 1285
2424 1284
2426 1283
2429 1282
2430 1281
2432 1280
2435 1279
2436 1278
2439 1277
2441 1276
2442 1275
2445 1274
2447 1273
2448 1272
2451 1271
2452 1270
2455 1269
2457 1268
2458 1267
2460 1266
2463 1265
2465 1264
2467 1263
2469 1262
2470 1261
2473 1260
2475 1259
2477 1258
2479 1257
2481 1256
2483 1255
2485 1254
2487 1253
2488 1252
2491 1251
2493 1250
2494 1249
2497 1248
2498 1247
2501 1246
2503 1245
2504 1244
2507 1243
2509 1242
2511 1241
2513 1240
2515 1239
2517 1238
2519 1237
2521 1236
2523 1235
2525 1234
2527 1233
2529 1232
2531 1231
2533 1230
2535 1229
2537 1228
2540 1227
2541 1226
2543 1225
2545 1224
2547 1223
2550 1222
2551 1221
2554 1220
2555 1219
2557 1218
2560 1217
2561 1216
2563 1215
2565 1214
2567 1213
2569 1212
2571 1211
2573 1210
2575 1209
2578 1208
2579 1207
2581 1206
2584 1205
2586 1204
2588 1203
2590 1202
2592 1201
2594 1200
2596 1199
2598 1198
2600 1197
2602 1196
2604 1195
2606 1194
2608 1193
2610 1192
2612 1191
2614 1190
2616 1189
2618 1188
2620 1187
2622 1186
2624 1185
2626 1184
2628 1183
2630 1182
2632 1181
2634 1180
2636 1179
2638 1178
2640 1177
2642 1176
2644 1175
2646 1174
2649 1173
2650 1172
2653 1171
2655 1170
2656 1169
2659 1168
2661 1167
2663 1166
2665 1165
2667 1164
2669 1163
2671 1162
2673 1161
2675 1160
2677 1159
2679 1158
2681 1157
2683 1156
2685 1155
2687 1154
2689 1153
2691 1152
2693 1151
2695 1150
2697 1149
2699 1148
2701 1147
2703 1146
2706 1145
2707 1144
2709 1143
2712 1142
2713 1141
2716 1140
2718 1139
2719 1138
2722 1137
2724 1136
2726 1135
2728 1134
2730 1133
2732 1132
2734 1131
2736 1130
2738 1129
2740 1128
2742 1127
2744 1126
2746 1125
2748 1124
2750 1123
2752 1122
2754 1121
2756 1120
2758 1119
2760 1118
2762 1117
2765 1116
2766 1115
2769 1114
2770 1113
2773 1112
2775 1111
2776 1110
2779 1109
2781 1108
2783 1107
2785 1106
2787 1105
2789 1104
2791 1103
2793 1102
2795 1101
2797 1100
2799 1099
2801 1098
2803 1097
2805 1096
2807 1095
2809 1094
2812 1093
2813 1092
2815 1091
2817 1090
2819 1089
2822 1088
2823 1087
2826 1086
2828 1085
2830 1084
2832 1083
2834 1082
2836 1081
2838 1080
2840 1079
2842 1078
2844 1077
2846 1076
2848 1075
2850 1074
2852 1073
2854 1072
2856 1071
2858 1070
2860 1069
2862 1068
2865 1067
2866 1066
2869 1065
2871 1064
2872 1063
2875 1062
2877 1061
2879 1060
2881 1059
2883 1058
2885 1057
2887 1056
2889 1055
2891 1054
2893 1053
2895 1052
2897 1051
2899 1050
2901 1049
2903 1048
2905 1047
2907 1046
2909 1045
2911 1044
2913 1043
2915 1042
2918 1041
2919 1040
2922 1039
2924 1038
2926 1037
2928 1036
2930 1035
2932 1034
2934 1033
2936 1032
2938 1031
2940 1030
2942 1029
2944 1028
2946 1027
2948 1026
2950 1025
2952 1024
2954 1023
2956 1022
2958 1021
2961 1020
2962 1019
2965 1018
2967 1017
2969 1016
2971 1015
2973 1014
2975 1013
2977 1012
2979 1011
2981 1010
2983 1009
2985 1008
2987 1007
2989 1006
2991 1005
2993 1004
2995 1003
2997 1002
2999 1001
3001 1000
3003 999
3006 998
3008 997
3010 996
3012 995
3014 994
3016 993
3018 992
3020 991
3022 990
3024 989
3026 988
3028 987
3030 986
3032 985
3034 984
3036 983
3038 982
3040 981
3042 980
3045 979
3046 978
3049 977
3051 976
3053 975
3055 974
3057 973
3059 972
3061 971
3063 970
3065 969
3067 968
3069 967
3071 966
3074 965
3075 964
3077 963
3079 962
3082 961
3084 960
3085 959
3088 958
3090 957
3092 956
3094 955
3096 954
3098 953
3100 952
3103 951
3104 950
3106 949
3108 948
3110 947
3113 946
3114 945
3117 944
3119 943
3121 942
3123 941
3125 940
3127 939
3129 938
3131 937
3134 936
3135 935
3137 934
3140 933
3142 932
3143 931
3146 930
3147 929
3150 928
3152 927
3153 926
3156 925
3158 924
3160 923
3162 922
3164 921
3167 920
3168 919
3170 918
3173 917
3174 916
3177 915
3180 914
3181 913
3183 912
3186 911
3187 910
3190 909
3192 908
3194 907
3196 906
3198 905
3200 904
3202 903
3204 902
3207 901
3208 900
3211 899
3213 898
3215 897
3217 896
3219 895
3221 894
3224 893
3225 892
3228 891
3230 890
3231 889
3234 888
3235 887
3238 886
3240 885
3241 884
3244 883
3246 882
3248 881
3250 880
3252 879
3255 878
3258 876
3262 875
3264 874
3265 873
3268 872
3269 871
3272 870
3274 869
3275 868
3278 867
3280 866
3282 865
3284 864
3286 863
3289 862
3291 861
3292 860
3295 859
3297 858
3299 857
3301 856
3303 855
3306 854
3307 853
3309 852
3312 851
3313 850
3316 849
3318 848
3320 847
3322 846
3324 845
3326 844
3329 843
3330 842
3333 841
3335 840
3337 839
3340 838
3341 837
3343 836
3346 835
3347 834
3350 833
3352 832
3354 831
3356 830
3358 829
3360 828
3363 827
3364 826
3367 825
3369 824
3371 823
3373 822
3375 821
3377 820
3380 819
3381 818
3384 817
3386 816
3388 815
3391 814
3392 813
3394 812
3397 811
3398 810
3401 809
3403 808
3405 807
3407 806
3409 805
3411 804
3414 803
3415 802
3418 801
3420 800
3422 799
3425 798
3427 797
3428 796
3431 795
3434 794
3435 793
3438 792
3439 791
3442 790
3444 789
3445 788
3448 787
3451 786
3453 785
3454 784
3457 783
3459 782
3461 781
3463 780
3466 779
3468 778
3469 777
3473 775
3476 774
3479 772
3483 771
3485 770
3487 769
3490 768
3491 767
3493 766
3496 765
3499 764
3500 763
3502 762
3504 761
3507 760
3509 759
3510 758
3514 757
3516 756
3517 755
3520 754
3521 753
3524 752
3527 750
3530 749
3534 748
3536 747
3538 746
3540 745
3544 744
3545 743
3547 742
3551 740
3554 739
3557 738
3558 737
3561 736
3563 735
3564 734
3567 733
3569 732
3571 731
3575 730
3577 729
3578 728
3581 727
3582 726
3585 725
3588 723
3591 722
3595 721
3597 720
3599 719
3602 718
3605 717
3606 716
3608 715
3612 713
3615 712
3618 711
3619 710
3622 709
3624 708
3625 707
3628 706
3630 705
3633 704
3636 703
3639 702
3641 701
3643 700
3646 699
3648 698
3649 697
3652 696
3654 695
3657 694
3660 693
3661 692
3664 691
3666 690
3667 689
3670 688
3673 687
3676 686
3678 685
3681 684
3684 683
3685 682
3688 681
3690 680
3691 679
3694 678
3697 677
3700 676
3702 675
3705 674
3708 673
3709 672
3712 671
3714 670
3715 669
3718 668
3721 667
3724 666
3726 665
3729 664
3732 663
3733 662
3736 661
3738 660
3739 659
3742 658
3745 657
3748 656
3750 655
3753 654
3756 653
3757 652
3760 651
3762 650
3763 649
3766 648
3769 647
3772 646
3775 645
3777 644
3780 643
3782 642
3785 641
3787 640
3788 639
3791 638
3794 637
3797 636
3799 635
3802 634
3805 633
3806 632
3809 631
3811 630
3812 629
3815 628
3818 627
3821 626
3825 625
3826 624
3829 623
3832 622
3834 621
3837 620
3839 619
3840 618
3843 617
3846 616
3849 615
3853 614
3854 613
3857 612
3860 611
3863 610
3866 609
3868 608
3869 607
3872 606
3875 605
3878 604
3882 603
3883 602
3886 601
3889 600
3892 599
3895 598
3897 597
3900 596
3903 595
3905 594
3908 593
3911 592
3914 591
3917 590
3919 589
3921 588
3924 587
3927 586
3930 585
3933 584
3935 583
3938 582
3941 581
3944 580
3947 579
3949 578
3952 577
3955 576
3957 575
3960 574
3963 573
3966 572
3969 571
3971 570
3974 569
3977 568
3980 567
3983 566
3985 565
3988 564
3991 563
3993 562
3996 561
3999 560
4002 559
4005 558
4007 557
4010 556
4013 555
4016 554
4019 553
4021 552
4024 551
4028 550
4030 549
4033 548
4035 547
4038 546
4042 545
4044 544
4047 543
4050 542
4053 541
4056 540
4059 539
4062 538
4064 537
4067 536
4071 535
4073 534
4076 533
4079 532
4082 531
4086 530
4088 529
4091 528
4095 527
4099 526
4101 525
4104 524
4109 523
4112 522
4115 521
4119 520
4123 519
4125 518
4128 517
4133 516
4136 515
4142 514
4146 513
4150 512
4153 511
4157 510
4161 509
4167 507
4170 506
4176 505
4182 504
4186 503
4190 502
4192 501
4195 500
4201 499
4207 498
4212 497
4215 496
4221 495
4227 494
4233 493
4238 492
4241 491
4247 490
4253 489
4259 488
4264 487
4267 486
4273 485
4279 484
4286 483
4290 482
4295 481
4301 480
4307 479
4315 478
4318 477
4324 476
4332 475
4338 474
4347 473
4353 472
4367 471
4373 470
