50
0 1 20 85
0 2 76 53
0 3 25 24
0 4 89 79
0 5 54 18
0 6 22 76
0 7 45 86
0 8 83 19
0 9 10 70
0 10 36 50
0 11 14 26
0 12 60 49
0 13 80 80
0 14 93 19
0 15 44 70
0 16 62 69
0 17 45 12
0 18 28 46
0 19 22 72
0 20 86 16
0 21 25 35
0 22 92 78
0 23 59 19
0 24 60 40
0 25 61 23
0 26 21 48
0 27 56 62
0 28 46 61
0 29 89 26
0 30 53 24
0 31 53 73
0 32 45 16
0 33 44 24
0 34 71 66
0 35 50 46
0 36 12 85
0 37 96 36
0 38 79 40
0 39 6 69
0 40 28 77
0 41 83 67
0 42 27 60
0 43 85 47
0 44 12 28
0 45 57 62
0 46 64 40
0 47 98 25
0 48 44 81
0 49 66 63
1 2 67 24
1 3 87 27
1 4 69 38
1 5 84 25
1 6 97 15
1 7 86 57
1 8 35 15
1 9 62 54
1 10 16 55
1 11 67 57
1 12 56 62
1 13 0 75
1 14 89 39
1 15 4 72
1 16 82 52
1 17 36 38
1 18 69 84
1 19 48 81
1 20 27 25
1 21 30 15
1 22 92 6
1 23 89 75
1 24 13 28
1 25 77 52
1 26 65 54
1 27 37 36
1 28 86 59
1 29 10 40
1 30 89 37
1 31 50 62
1 32 18 43
1 33 14 34
1 34 38 69
1 35 89 14
1 36 85 68
1 37 7 28
1 38 94 17
1 39 99 45
1 40 8 23
1 41 2 91
1 42 6 25
1 43 46 54
1 44 6 26
1 45 76 14
1 46 96 63
1 47 78 54
1 48 46 67
1 49 73 73
2 3 68 17
2 4 11 64
2 5 10 60
2 6 19 23
2 7 3 99
2 8 82 26
2 9 72 83
2 10 62 42
2 11 91 60
2 12 21 41
2 13 94 51
2 14 59 37
2 15 1 45
2 16 15 77
2 17 80 57
2 18 24 92
2 19 41 42
2 20 14 57
2 21 8 62
2 22 90 31
2 23 6 44
2 24 10 88
2 25 2 44
2 26 47 56
2 27 87 43
2 28 40 84
2 29 30 65
2 30 38 57
2 31 33 83
2 32 53 42
2 33 62 28
2 34 54 15
2 35 82 81
2 36 20 21
2 37 51 50
2 38 83 32
2 39 95 39
2 40 12 88
2 41 4 65
2 42 14 63
2 43 73 28
2 44 8 67
2 45 55 16
2 46 65 67
2 47 86 66
2 48 30 87
2 49 50 61
3 4 45 51
3 5 96 45
3 6 8 22
3 7 45 52
3 8 40 61
3 9 69 7
3 10 56 39
3 11 49 81
3 12 24 65
3 13 40 21
3 14 47 80
3 15 97 31
3 16 35 15
3 17 54 69
3 18 56 45
3 19 38 19
3 20 50 76
3 21 38 23
3 22 70 26
3 23 51 26
3 24 22 42
3 25 21 57
3 26 12 37
3 27 92 40
3 28 32 28
3 29 57 32
3 30 26 28
3 31 48 12
3 32 75 62
3 33 0 65
3 34 71 61
3 35 50 13
3 36 14 77
3 37 13 57
3 38 19 36
3 39 49 67
3 40 83 46
3 41 95 26
3 42 69 59
3 43 76 83
3 44 74 50
3 45 43 63
3 46 73 61
3 47 52 89
3 48 47 82
3 49 13 71
4 5 83 21
4 6 97 53
4 7 87 12
4 8 98 18
4 9 20 18
4 10 7 31
4 11 41 86
4 12 84 64
4 13 40 85
4 14 15 17
4 15 67 11
4 16 36 37
4 17 72 26
4 18 52 25
4 19 31 28
4 20 56 55
4 21 71 64
4 22 63 39
4 23 16 85
4 24 76 75
4 25 86 14
4 26 54 68
4 27 28 75
4 28 81 70
4 29 52 65
4 30 72 69
4 31 11 48
4 32 84 46
4 33 9 72
4 34 21 95
4 35 84 76
4 36 39 23
4 37 70 18
4 38 1 96
4 39 63 76
4 40 75 17
4 41 4 25
4 42 21 57
4 43 48 59
4 44 98 73
4 45 21 85
4 46 49 61
4 47 18 18
4 48 26 75
4 49 17 52
5 6 60 85
5 7 57 38
5 8 48 18
5 9 34 93
5 10 87 65
5 11 27 46
5 12 44 66
5 13 66 27
5 14 72 51
5 15 47 13
5 16 56 69
5 17 65 35
5 18 64 31
5 19 16 39
5 20 57 55
5 21 24 24
5 22 64 26
5 23 78 25
5 24 65 80
5 25 90 68
5 26 60 80
5 27 57 66
5 28 56 46
5 29 74 70
5 30 22 59
5 31 88 44
5 32 91 2
5 33 13 52
5 34 79 40
5 35 71 18
5 36 60 9
5 37 22 86
5 38 26 19
5 39 12 62
5 40 8 60
5 41 9 94
5 42 26 64
5 43 3 81
5 44 94 25
5 45 46 15
5 46 39 18
5 47 84 74
5 48 44 73
5 49 46 61
6 7 10 28
6 8 5 35
6 9 4 28
6 10 22 77
6 11 34 47
6 12 26 56
6 13 75 74
6 14 32 25
6 15 99 6
6 16 28 39
6 17 83 26
6 18 21 53
6 19 66 19
6 20 91 49
6 21 41 92
6 22 91 7
6 23 70 56
6 24 41 74
6 25 47 19
6 26 4 95
6 27 20 36
6 28 87 41
6 29 20 74
6 30 91 79
6 31 28 68
6 32 26 33
6 33 34 41
6 34 88 21
6 35 99 11
6 36 99 32
6 37 86 57
6 38 71 24
6 39 5 59
6 40 65 87
6 41 89 43
6 42 6 23
6 43 95 20
6 44 40 76
6 45 42 63
6 46 3 66
6 47 97 23
6 48 54 88
6 49 94 68
7 8 69 78
7 9 9 38
7 10 7 94
7 11 10 73
7 12 9 44
7 13 65 35
7 14 59 31
7 15 32 76
7 16 21 67
7 17 26 49
7 18 97 72
7 19 30 81
7 20 47 45
7 21 22 26
7 22 30 41
7 23 47 81
7 24 97 69
7 25 50 60
7 26 96 56
7 27 17 26
7 28 72 30
7 29 1 77
7 30 32 62
7 31 23 64
7 32 68 73
7 33 34 47
7 34 23 28
7 35 23 56
7 36 9 62
7 37 23 60
7 38 88 5
7 39 59 86
7 40 98 24
7 41 52 13
7 42 45 20
7 43 24 82
7 44 27 87
7 45 23 85
7 46 54 56
7 47 26 17
7 48 80 28
7 49 96 22
8 9 71 26
8 10 63 18
8 11 12 21
8 12 82 10
8 13 38 76
8 14 92 8
8 15 8 89
8 16 7 40
8 17 62 51
8 18 92 8
8 19 33 84
8 20 90 15
8 21 24 89
8 22 81 18
8 23 13 40
8 24 19 30
8 25 33 83
8 26 35 27
8 27 40 41
8 28 1 80
8 29 64 57
8 30 0 63
8 31 26 18
8 32 37 19
8 33 4 74
8 34 2 79
8 35 60 66
8 36 40 57
8 37 56 52
8 38 31 87
8 39 79 37
8 40 79 13
8 41 7 96
8 42 94 5
8 43 35 36
8 44 77 66
8 45 100 30
8 46 32 85
8 47 83 17
8 48 68 56
8 49 5 87
9 10 67 76
9 11 56 37
9 12 89 2
9 13 96 12
9 14 47 25
9 15 32 65
9 16 11 82
9 17 71 11
9 18 62 46
9 19 68 24
9 20 39 66
9 21 87 64
9 22 15 90
9 23 100 51
9 24 40 77
9 25 49 65
9 26 61 13
9 27 78 28
9 28 74 28
9 29 55 79
9 30 76 36
9 31 97 22
9 32 59 69
9 33 59 27
9 34 67 55
9 35 19 74
9 36 99 62
9 37 87 5
9 38 64 70
9 39 27 88
9 40 95 10
9 41 52 26
9 42 94 33
9 43 30 79
9 44 76 5
9 45 68 81
9 46 51 49
9 47 77 40
9 48 16 67
9 49 26 72
10 11 18 44
10 12 33 51
10 13 64 66
10 14 27 78
10 15 75 56
10 16 36 28
10 17 50 38
10 18 59 54
10 19 80 27
10 20 33 15
10 21 28 24
10 22 23 22
10 23 76 12
10 24 55 41
10 25 93 3
10 26 97 33
10 27 71 19
10 28 11 83
10 29 50 55
10 30 5 62
10 31 70 83
10 32 50 88
10 33 51 28
10 34 21 82
10 35 96 13
10 36 48 47
10 37 77 61
10 38 98 64
10 39 98 27
10 40 53 55
10 41 50 69
10 42 72 18
10 43 6 80
10 44 60 77
10 45 46 53
10 46 85 14
10 47 24 66
10 48 16 46
10 49 28 25
11 12 4 48
11 13 82 6
11 14 81 70
11 15 16 95
11 16 67 74
11 17 41 40
11 18 100 20
11 19 35 35
11 20 4 77
11 21 73 43
11 22 67 70
11 23 28 36
11 24 54 67
11 25 25 42
11 26 40 75
11 27 18 91
11 28 22 95
11 29 65 32
11 30 38 67
11 31 55 20
11 32 8 52
11 33 89 28
11 34 95 69
11 35 59 9
11 36 44 38
11 37 26 54
11 38 3 76
11 39 32 86
11 40 45 40
11 41 98 26
11 42 40 67
11 43 99 50
11 44 99 66
11 45 85 70
11 46 47 64
11 47 92 25
11 48 37 25
11 49 23 73
12 13 68 16
12 14 11 84
12 15 65 26
12 16 37 54
12 17 25 19
12 18 94 8
12 19 59 42
12 20 2 26
12 21 97 36
12 22 16 18
12 23 93 67
12 24 94 75
12 25 61 67
12 26 33 20
12 27 35 87
12 28 67 37
12 29 33 42
12 30 20 75
12 31 17 34
12 32 90 16
12 33 45 56
12 34 94 20
12 35 4 53
12 36 46 12
12 37 38 63
12 38 88 76
12 39 61 86
12 40 59 80
12 41 9 20
12 42 38 67
12 43 31 46
12 44 14 95
12 45 71 8
12 46 1 57
12 47 87 59
12 48 22 79
12 49 59 56
13 14 45 54
13 15 69 34
13 16 83 24
13 17 90 68
13 18 53 84
13 19 54 47
13 20 59 68
13 21 71 78
13 22 46 56
13 23 70 57
13 24 64 69
13 25 91 27
13 26 76 56
13 27 70 31
13 28 90 8
13 29 40 54
13 30 64 25
13 31 100 66
13 32 96 70
13 33 91 19
13 34 42 56
13 35 63 7
13 36 79 66
13 37 77 84
13 38 72 64
13 39 87 10
13 40 95 60
13 41 13 19
13 42 91 8
13 43 90 76
13 44 4 51
13 45 90 49
13 46 97 11
13 47 86 59
13 48 26 62
13 49 72 18
14 15 74 19
14 16 70 82
14 17 35 57
14 18 39 59
14 19 44 34
14 20 83 74
14 21 3 81
14 22 55 51
14 23 14 35
14 24 40 32
14 25 38 81
14 26 62 65
14 27 62 38
14 28 75 17
14 29 19 59
14 30 99 25
14 31 94 4
14 32 41 22
14 33 48 13
14 34 84 18
14 35 18 81
14 36 3 70
14 37 95 25
14 38 97 23
14 39 76 26
14 40 15 71
14 41 9 46
14 42 38 54
14 43 64 87
14 44 5 41
14 45 81 44
14 46 38 72
14 47 50 19
14 48 65 14
14 49 51 72
15 16 45 67
15 17 49 61
15 18 14 75
15 19 81 56
15 20 76 37
15 21 8 25
15 22 47 75
15 23 47 72
15 24 12 91
15 25 97 23
15 26 86 42
15 27 54 80
15 28 57 49
15 29 86 72
15 30 48 56
15 31 76 24
15 32 85 74
15 33 67 75
15 34 46 12
15 35 30 18
15 36 97 57
15 37 75 85
15 38 36 64
15 39 45 26
15 40 38 90
15 41 55 68
15 42 25 48
15 43 78 18
15 44 34 25
15 45 27 71
15 46 0 94
15 47 6 54
15 48 13 76
15 49 82 66
16 17 26 92
16 18 75 41
16 19 56 73
16 20 71 45
16 21 80 52
16 22 5 84
16 23 43 88
16 24 46 35
16 25 21 49
16 26 73 50
16 27 81 32
16 28 1 95
16 29 6 77
16 30 72 28
16 31 55 64
16 32 63 44
16 33 99 38
16 34 85 23
16 35 91 63
16 36 69 76
16 37 83 68
16 38 64 44
16 39 1 30
16 40 67 66
16 41 15 21
16 42 62 37
16 43 93 38
16 44 53 25
16 45 13 48
16 46 61 77
16 47 42 70
16 48 22 93
16 49 47 73
17 18 6 50
17 19 52 39
17 20 71 24
17 21 11 87
17 22 9 81
17 23 54 76
17 24 18 74
17 25 70 28
17 26 77 36
17 27 60 64
17 28 75 57
17 29 23 77
17 30 80 62
17 31 16 75
17 32 90 4
17 33 40 18
17 34 66 34
17 35 9 63
17 36 61 25
17 37 55 54
17 38 83 30
17 39 15 80
17 40 76 42
17 41 65 75
17 42 73 11
17 43 11 92
17 44 9 66
17 45 80 21
17 46 49 28
17 47 22 79
17 48 97 46
17 49 98 48
18 19 14 80
18 20 57 24
18 21 11 84
18 22 2 98
18 23 22 24
18 24 68 18
18 25 21 70
18 26 30 83
18 27 92 35
18 28 13 23
18 29 69 23
18 30 8 73
18 31 52 47
18 32 86 81
18 33 36 19
18 34 64 47
18 35 15 71
18 36 74 13
18 37 28 22
18 38 82 27
18 39 30 67
18 40 70 55
18 41 56 61
18 42 47 42
18 43 57 42
18 44 78 34
18 45 27 31
18 46 36 69
18 47 22 59
18 48 98 5
18 49 33 17
19 20 88 74
19 21 35 26
19 22 75 35
19 23 62 66
19 24 81 45
19 25 78 21
19 26 9 72
19 27 28 92
19 28 52 55
19 29 66 46
19 30 50 44
19 31 83 66
19 32 55 47
19 33 30 47
19 34 65 84
19 35 39 45
19 36 12 84
19 37 13 45
19 38 79 36
19 39 4 20
19 40 72 66
19 41 92 25
19 42 56 68
19 43 86 48
19 44 78 50
19 45 22 18
19 46 51 37
19 47 68 13
19 48 8 90
19 49 72 78
20 21 57 64
20 22 46 17
20 23 81 28
20 24 49 51
20 25 42 67
20 26 43 41
20 27 82 28
20 28 14 56
20 29 95 63
20 30 92 51
20 31 52 11
20 32 91 60
20 33 49 85
20 34 75 55
20 35 37 50
20 36 81 62
20 37 47 60
20 38 96 33
20 39 97 38
20 40 79 44
20 41 63 80
20 42 48 28
20 43 18 70
20 44 15 40
20 45 68 50
20 46 74 35
20 47 67 48
20 48 80 57
20 49 92 25
21 22 14 53
21 23 14 54
21 24 12 30
21 25 85 71
21 26 34 22
21 27 11 51
21 28 2 87
21 29 38 33
21 30 76 17
21 31 100 61
21 32 91 4
21 33 61 69
21 34 85 49
21 35 75 20
21 36 64 18
21 37 86 79
21 38 60 81
21 39 89 27
21 40 67 68
21 41 9 83
21 42 87 12
21 43 32 63
21 44 33 39
21 45 80 8
21 46 11 28
21 47 79 21
21 48 25 24
21 49 62 51
22 23 75 33
22 24 53 70
22 25 88 22
22 26 2 80
22 27 24 57
22 28 28 44
22 29 24 93
22 30 90 39
22 31 24 85
22 32 8 67
22 33 88 69
22 34 49 73
22 35 7 64
22 36 76 64
22 37 65 37
22 38 16 80
22 39 95 44
22 40 66 86
22 41 28 76
22 42 9 45
22 43 60 28
22 44 65 38
22 45 11 86
22 46 76 46
22 47 20 44
22 48 26 22
22 49 35 56
23 24 0 43
23 25 67 41
23 26 87 77
23 27 37 14
23 28 91 7
23 29 17 55
23 30 45 72
23 31 13 31
23 32 38 60
23 33 25 34
23 34 79 54
23 35 4 91
23 36 84 65
23 37 20 90
23 38 52 10
23 39 48 89
23 40 69 59
23 41 55 9
23 42 69 36
23 43 28 86
23 44 90 26
23 45 3 24
23 46 41 73
23 47 63 26
23 48 19 94
23 49 6 91
24 25 94 70
24 26 33 26
24 27 50 73
24 28 90 13
24 29 99 56
24 30 15 54
24 31 54 65
24 32 65 79
24 33 27 50
24 34 55 46
24 35 91 63
24 36 91 64
24 37 38 84
24 38 64 28
24 39 74 76
24 40 7 77
24 41 40 64
24 42 19 68
24 43 65 42
24 44 33 61
24 45 99 12
24 46 60 75
24 47 46 45
24 48 8 46
24 49 22 82
25 26 19 24
25 27 12 41
25 28 45 27
25 29 96 2
25 30 4 71
25 31 36 59
25 32 7 45
25 33 28 36
25 34 16 76
25 35 61 43
25 36 43 19
25 37 40 19
25 38 72 33
25 39 72 65
25 40 80 53
25 41 36 45
25 42 17 76
25 43 61 86
25 44 64 59
25 45 10 54
25 46 15 72
25 47 51 65
25 48 32 21
25 49 65 36
26 27 63 83
26 28 36 18
26 29 18 50
26 30 18 18
26 31 80 4
26 32 51 81
26 33 45 14
26 34 18 86
26 35 5 38
26 36 34 72
26 37 74 85
26 38 44 56
26 39 5 20
26 40 27 41
26 41 9 40
26 42 78 53
26 43 83 7
26 44 89 78
26 45 92 28
26 46 25 31
26 47 73 57
26 48 39 72
26 49 53 61
27 28 51 50
27 29 98 16
27 30 35 28
27 31 59 26
27 32 100 65
27 33 66 22
27 34 27 64
27 35 67 34
27 36 93 22
27 37 9 57
27 38 34 38
27 39 45 17
27 40 17 92
27 41 35 50
27 42 3 90
27 43 64 59
27 44 8 32
27 45 7 68
27 46 61 26
27 47 62 24
27 48 59 26
27 49 4 48
28 29 24 37
28 30 65 61
28 31 66 51
28 32 76 61
28 33 87 37
28 34 24 52
28 35 74 15
28 36 31 21
28 37 28 68
28 38 31 27
28 39 79 32
28 40 55 14
28 41 65 28
28 42 47 11
28 43 19 17
28 44 25 84
28 45 28 76
28 46 93 81
28 47 63 42
28 48 54 79
28 49 11 62
29 30 53 72
29 31 86 77
29 32 39 21
29 33 53 32
29 34 9 33
29 35 6 48
29 36 96 66
29 37 61 46
29 38 94 12
29 39 21 72
29 40 83 78
29 41 98 28
29 42 23 42
29 43 27 64
29 44 55 45
29 45 65 62
29 46 5 62
29 47 96 54
29 48 60 50
29 49 9 73
30 31 19 62
30 32 53 13
30 33 6 26
30 34 18 71
30 35 21 78
30 36 33 65
30 37 0 34
30 38 86 52
30 39 78 37
30 40 22 19
30 41 79 24
30 42 99 64
30 43 48 84
30 44 85 51
30 45 57 12
30 46 7 50
30 47 63 50
30 48 42 19
30 49 79 51
31 32 77 72
31 33 44 64
31 34 5 81
31 35 89 33
31 36 44 34
31 37 62 75
31 38 13 89
31 39 60 52
31 40 69 10
31 41 44 84
31 42 26 44
31 43 36 45
31 44 6 63
31 45 28 56
31 46 23 92
31 47 70 75
31 48 16 31
31 49 2 48
32 33 72 23
32 34 68 41
32 35 66 12
32 36 97 74
32 37 63 45
32 38 82 67
32 39 12 93
32 40 50 44
32 41 90 45
32 42 0 92
32 43 75 64
32 44 33 80
32 45 31 80
32 46 81 71
32 47 23 80
32 48 66 62
32 49 93 42
33 34 44 37
33 35 19 69
33 36 84 19
33 37 61 10
33 38 78 77
33 39 65 13
33 40 10 25
33 41 1 90
33 42 92 8
33 43 56 27
33 44 87 62
33 45 19 24
33 46 22 43
33 47 35 19
33 48 82 45
33 49 77 22
34 35 36 35
34 36 5 22
34 37 28 56
34 38 52 86
34 39 32 72
34 40 75 61
34 41 27 40
34 42 53 82
34 43 8 71
34 44 24 59
34 45 80 44
34 46 28 20
34 47 79 25
34 48 1 53
34 49 9 48
35 36 41 32
35 37 88 65
35 38 31 49
35 39 93 37
35 40 26 41
35 41 31 57
35 42 66 26
35 43 80 80
35 44 48 32
35 45 41 90
35 46 87 30
35 47 30 87
35 48 54 85
35 49 60 64
36 37 81 54
36 38 38 46
36 39 47 89
36 40 93 64
36 41 51 55
36 42 65 38
36 43 53 89
36 44 73 44
36 45 16 42
36 46 25 26
36 47 99 3
36 48 92 30
36 49 20 21
37 38 66 75
37 39 35 91
37 40 41 68
37 41 91 34
37 42 11 88
37 43 64 41
37 44 33 33
37 45 94 45
37 46 98 36
37 47 65 66
37 48 68 76
37 49 83 44
38 39 45 85
38 40 35 49
38 41 43 36
38 42 25 83
38 43 19 49
38 44 56 88
38 45 11 81
38 46 76 19
38 47 1 86
38 48 54 27
38 49 57 34
39 40 99 42
39 41 84 51
39 42 32 38
39 43 32 51
39 44 17 56
39 45 26 38
39 46 65 52
39 47 68 47
39 48 25 28
39 49 56 53
40 41 76 81
40 42 66 49
40 43 94 2
40 44 59 30
40 45 8 37
40 46 30 28
40 47 59 70
40 48 98 41
40 49 74 33
41 42 11 74
41 43 34 40
41 44 3 33
41 45 5 62
41 46 83 4
41 47 91 15
41 48 33 57
41 49 12 24
42 43 93 49
42 44 86 81
42 45 37 23
42 46 41 14
42 47 91 35
42 48 82 20
42 49 87 79
43 44 87 76
43 45 28 26
43 46 96 28
43 47 75 7
43 48 17 84
43 49 45 45
44 45 47 53
44 46 42 79
44 47 70 64
44 48 7 83
44 49 41 30
45 46 42 41
45 47 21 25
45 48 56 16
45 49 100 38
46 47 35 63
46 48 97 16
46 49 63 36
47 48 60 41
47 49 41 19
48 49 59 73
0
1143
124 3246
125 3171
126 3113
127 3059
128 3023
129 2994
130 2964
131 2935
132 2917
133 2895
134 2877
135 2858
136 2840
137 2823
138 2805
139 2789
140 2774
141 2758
142 2743
143 2729
144 2714
145 2700
146 2687
147 2672
148 2658
149 2647
150 2633
151 2623
152 2608
153 2594
154 2583
155 2569
156 2560
157 2549
158 2536
159 2525
160 2511
161 2502
162 2491
163 2482
164 2471
165 2462
166 2449
167 2440
168 2429
169 2420
170 2409
171 2400
172 2398
173 2387
174 2378
175 2371
176 2363
177 2354
178 2349
179 2341
180 2332
181 2325
182 2321
183 2312
184 2303
185 2297
186 2291
187 2283
188 2275
189 2271
190 2262
191 2256
192 2250
193 2242
194 2234
195 2228
196 2222
197 2215
198 2208
199 2200
200 2196
201 2187
202 2181
203 2175
204 2167
205 2159
206 2153
207 2149
208 2140
209 2134
210 2129
211 2121
212 2112
213 2110
214 2102
215 2097
216 2088
217 2087
218 2075
219 2073
220 2065
221 2062
222 2051
224 2041
225 2038
226 2031
227 2026
228 2021
229 2016
230 2008
231 2002
232 1998
233 1992
234 1988
235 1983
236 1978
237 1973
238 1967
239 1959
240 1957
241 1949
242 1946
243 1942
244 1936
245 1932
246 1924
247 1922
248 1914
249 1911
250 1907
251 1901
252 1899
253 1889
255 1879
256 1876
258 1866
260 1862
261 1857
262 1852
263 1849
264 1846
265 1839
266 1836
267 1833
268 1830
269 1823
271 1815
272 1812
273 1809
274 1802
276 1796
277 1793
278 1788
279 1785
280 1783
281 1775
283 1770
284 1766
285 1764
286 1759
287 1756
288 1753
289 1748
290 1743
292 1739
293 1734
294 1732
295 1727
296 1726
297 1724
298 1716
300 1713
301 1707
303 1700
305 1698
306 1692
307 1691
308 1687
309 1683
310 1680
311 1676
313 1671
315 1664
316 1663
317 1662
318 1656
319 1655
320 1651
321 1647
323 1640
325 1638
326 1635
327 1632
328 1627
329 1626
330 1625
331 1619
333 1616
334 1613
335 1611
336 1606
338 1603
339 1600
340 1598
341 1595
342 1591
344 1584
346 1582
347 1579
348 1576
349 1571
350 1570
351 1569
352 1563
354 1560
355 1557
356 1555
357 1550
359 1547
360 1544
361 1542
362 1539
363 1536
365 1531
366 1530
367 1526
368 1523
370 1520
371 1517
372 1514
373 1510
375 1506
376 1504
377 1502
378 1499
379 1496
380 1493
381 1491
382 1490
383 1486
384 1485
385 1482
386 1479
387 1477
388 1474
389 1472
390 1469
391 1467
392 1466
393 1463
394 1460
395 1459
396 1455
397 1453
398 1450
400 1447
401 1445
402 1442
403 1441
404 1436
406 1434
407 1431
408 1428
409 1427
410 1426
411 1423
412 1421
413 1419
415 1416
416 1413
417 1412
418 1409
419 1408
420 1407
421 1404
423 1400
424 1399
425 1398
426 1394
428 1392
429 1389
431 1385
433 1383
434 1380
436 1378
437 1377
439 1375
440 1372
442 1368
444 1366
445 1363
447 1361
448 1360
449 1358
450 1354
452 1352
453 1351
455 1349
456 1346
458 1344
459 1343
460 1341
461 1337
463 1335
464 1334
465 1332
467 1330
468 1329
469 1328
470 1327
471 1324
473 1322
474 1321
476 1315
478 1313
479 1312
481 1310
482 1309
483 1308
484 1306
485 1305
486 1304
487 1303
488 1302
489 1301
490 1300
491 1299
492 1298
493 1295
494 1293
495 1291
497 1289
498 1288
500 1286
501 1285
503 1283
504 1281
506 1279
507 1278
509 1276
510 1275
511 1273
512 1271
514 1269
515 1268
517 1266
518 1265
519 1264
520 1263
521 1261
523 1259
524 1258
526 1256
527 1255
529 1253
530 1252
532 1251
533 1248
534 1246
536 1244
537 1243
539 1241
540 1240
542 1238
543 1237
545 1236
546 1234
547 1233
549 1231
550 1230
551 1229
552 1228
553 1227
554 1226
555 1225
556 1224
558 1222
559 1221
561 1219
562 1218
564 1216
565 1215
567 1213
569 1212
570 1211
571 1209
573 1208
574 1206
577 1204
579 1203
580 1202
581 1200
583 1199
584 1197
588 1196
589 1194
590 1193
591 1191
594 1190
595 1189
596 1188
597 1187
599 1185
601 1183
602 1182
604 1180
607 1178
609 1176
611 1174
613 1173
614 1171
618 1170
619 1168
620 1167
621 1165
624 1164
625 1163
626 1162
628 1161
629 1159
631 1158
632 1156
636 1154
637 1153
638 1152
639 1150
642 1149
644 1147
646 1145
648 1144
649 1143
651 1142
653 1141
654 1139
656 1138
657 1136
661 1135
662 1133
663 1132
664 1130
667 1129
669 1127
672 1126
673 1124
674 1123
678 1121
680 1119
683 1117
685 1116
688 1115
689 1113
690 1112
694 1110
696 1109
698 1108
699 1106
701 1105
705 1103
707 1102
708 1101
710 1099
714 1098
715 1097
716 1096
719 1094
722 1093
724 1092
725 1090
727 1089
730 1087
733 1086
734 1085
736 1083
739 1082
742 1080
745 1078
748 1077
750 1076
751 1075
753 1074
754 1073
756 1071
759 1070
762 1068
765 1066
768 1065
772 1064
773 1063
774 1062
777 1060
779 1058
783 1057
785 1055
788 1053
793 1052
795 1051
796 1050
797 1049
800 1047
804 1046
805 1045
807 1044
811 1042
813 1041
816 1039
820 1038
823 1036
825 1035
828 1033
832 1032
833 1031
836 1030
839 1029
840 1028
842 1027
845 1025
849 1024
853 1022
855 1021
858 1019
862 1018
864 1017
866 1016
869 1015
871 1014
872 1013
876 1011
880 1010
884 1008
886 1007
889 1005
893 1004
897 1002
900 1001
903 999
907 998
911 996
915 995
918 994
919 993
920 992
924 991
927 990
928 989
932 988
933 987
934 986
938 985
941 984
942 983
946 982
949 981
950 980
954 979
958 977
962 976
964 974
968 973
972 971
976 970
980 968
984 967
989 966
990 965
993 964
997 963
998 962
1001 961
1005 960
1006 959
1010 958
1013 957
1014 956
1018 955
1022 954
1025 953
1027 952
1031 951
1034 950
1036 949
1039 948
1043 947
1044 946
1047 945
1051 944
1052 943
1056 942
1060 941
1063 940
1065 939
1068 938
1071 937
1075 936
1077 935
1081 934
1084 933
1085 932
1089 931
1093 930
1096 929
1098 928
1101 927
1104 926
1106 925
1109 924
1113 923
1117 922
1119 921
1122 920
1125 919
1129 918
1131 917
1134 916
1138 915
1139 914
1142 913
1146 912
1150 911
1152 910
1155 909
1158 908
1162 907
1163 906
1167 905
1171 904
1174 903
1176 902
1180 901
1183 900
1187 899
1188 898
1191 897
1195 896
1196 895
1200 894
1204 893
1207 892
1209 891
1212 890
1216 889
1220 888
1224 887
1225 886
1229 885
1232 884
1235 883
1237 882
1241 881
1245 879
1249 878
1254 877
1257 876
1258 875
1262 874
1265 873
1269 872
1274 871
1276 870
1279 869
1283 868
1284 867
1287 866
1292 865
1295 864
1297 863
1300 862
1304 861
1307 860
1312 859
1315 858
1318 857
1321 856
1325 855
1328 854
1331 853
1334 852
1337 851
1341 850
1345 849
1347 848
1350 847
1354 846
1357 845
1362 844
1365 843
1367 842
1370 841
1374 840
1377 839
1381 838
1384 837
1388 836
1391 835
1395 834
1398 833
1401 832
1404 831
1407 830
1411 829
1415 828
1417 827
1420 826
1424 825
1427 824
1433 823
1436 822
1438 821
1441 820
1445 819
1448 818
1451 817
1454 816
1458 815
1461 814
1465 813
1470 812
1473 811
1476 810
1479 809
1483 808
1486 807
1489 806
1492 805
1496 804
1499 803
1505 802
1508 801
1511 800
1514 799
1518 798
1521 797
1525 796
1528 795
1532 794
1535 793
1539 792
1543 791
1547 790
1550 789
1553 788
1557 787
1560 786
1563 785
1566 784
1570 783
1573 782
1579 781
1582 780
1585 779
1588 778
1592 777
1595 776
1599 775
1603 774
1606 773
1610 772
1613 771
1617 770
1621 769
1624 768
1628 767
1631 766
1635 765
1638 764
1643 763
1646 762
1650 761
1653 760
1657 759
1660 758
1664 757
1668 756
1671 755
1675 754
1678 753
1682 752
1686 751
1689 750
1694 749
1697 748
1701 747
1704 746
1708 745
1711 744
1715 743
1719 742
1722 741
1727 740
1731 739
1735 738
1739 737
1742 736
1747 735
1752 734
1755 733
1759 732
1762 731
1766 730
1769 729
1773 728
1776 727
1781 726
1785 725
1788 724
1792 723
1796 722
1799 721
1805 720
1808 719
1812 718
1816 717
1819 716
1825 715
1829 714
1833 713
1837 712
1840 711
1845 710
1848 709
1852 708
1855 707
1859 706
1862 705
1868 704
1873 703
1876 702
1882 701
1885 700
1889 699
1893 698
1896 697
1901 696
1904 695
1910 694
1914 693
1917 692
1922 691
1925 690
1929 689
1932 688
1936 687
1939 686
1945 685
1950 684
1953 683
1959 682
1964 681
1968 680
1973 679
1976 678
1981 677
1985 676
1989 675
1992 674
1997 673
2001 672
2004 671
2008 670
2011 669
2017 668
2022 667
2025 666
2031 665
2036 664
2040 663
2045 662
2048 661
2053 660
2057 659
2061 658
2064 657
2069 656
2073 655
2076 654
2080 653
2083 652
2090 651
2094 650
2097 649
2105 648
2109 647
2113 646
2117 645
2122 644
2125 643
2129 642
2135 641
2138 640
2141 639
2145 638
2148 637
2155 636
2159 635
2162 634
2171 633
2174 632
2179 631
2182 630
2187 629
2190 628
2196 627
2201 626
2204 625
2211 624
2216 623
2220 622
2224 621
2227 620
2235 619
2238 618
2243 617
2250 616
2253 615
2258 614
2261 613
2266 612
2269 611
2276 610
2282 609
2287 608
2292 607
2295 606
2300 605
2303 604
2308 603
2315 602
2318 601
2324 600
2329 599
2335 598
2340 597
2342 596
2349 595
2352 594
2357 593
2363 592
2370 591
2373 590
2378 589
2384 588
2389 587
2391 586
2399 585
2404 584
2410 583
2412 582
2419 581
2423 580
2429 579
2434 578
2440 577
2446 576
2450 575
2453 574
2459 573
2465 572
2468 571
2474 570
2481 569
2485 568
2489 567
2496 566
2500 565
2508 564
2512 563
2517 562
2523 561
2527 560
2530 559
2536 558
2542 557
2547 556
2551 555
2558 554
2562 553
2570 552
2574 551
2579 550
2585 549
2590 548
2596 547
2602 546
2604 545
2609 544
2618 543
2621 542
2626 541
2634 540
2636 539
2641 538
2650 537
2655 536
2660 535
2668 534
2670 533
2675 532
2681 531
2685 530
2692 529
2698 528
2702 527
2708 526
2713 525
2717 524
2724 523
2732 522
2736 521
2742 520
2747 519
2751 518
2757 517
2764 516
2768 515
2774 514
2781 513
2785 512
2789 511
2796 510
2800 509
2808 508
2815 507
2819 506
2823 505
2830 504
2834 503
2840 502
2848 501
2855 500
2857 499
2865 498
2871 497
2872 496
2880 495
2889 494
2891 493
2899 492
2906 490
2914 489
2923 488
2928 487
2931 486
2939 485
2943 484
2950 483
2958 482
2965 480
2973 479
2981 478
2987 477
2995 476
3000 475
3002 474
3010 473
3018 472
3025 471
3033 470
3037 469
3041 468
3049 467
3057 466
3063 465
3071 464
3076 463
3078 462
3086 461
3094 460
3101 459
3109 458
3113 457
3117 456
3125 455
3133 454
3140 453
3148 452
3152 451
3160 450
3167 449
3175 448
3183 447
3190 446
3198 445
3202 444
3210 443
3218 442
3225 441
3233 440
3241 439
3249 438
3254 437
3263 436
3270 435
3277 434
3286 433
3293 432
3302 431
3310 430
3317 429
3325 428
3333 427
3342 426
3348 425
3357 424
3365 423
3374 422
3382 421
3390 420
3399 419
3407 418
3415 417
3424 416
3430 415
3439 414
3447 413
3456 412
3464 411
3472 410
3481 409
3489 408
3498 407
3506 406
3515 405
3523 404
3532 403
3541 402
3550 401
3558 400
3567 399
3575 398
3584 397
3593 396
3602 395
3614 394
3622 393
3631 392
3639 391
3648 390
3670 389
3679 388
3691 387
3713 386
3722 385
3735 384
3757 383
3766 382
3800 381
3818 380
3852 379
