50
0 1 93 69
0 2 65 42
0 3 25 42
0 4 55 72
0 5 73 73
0 6 88 80
0 7 37 51
0 8 20 74
0 9 61 72
0 10 32 82
0 11 32 81
0 12 2 90
0 13 13 35
0 14 43 66
0 15 3 25
0 16 73 49
0 17 69 29
0 18 70 44
0 19 18 24
0 20 81 79
0 21 54 12
0 22 24 30
0 23 3 36
0 24 56 46
0 25 93 53
0 26 77 27
0 27 88 6
0 28 30 29
0 29 34 16
0 30 13 79
0 31 1 80
0 32 94 21
0 33 55 23
0 34 11 65
0 35 18 24
0 36 48 55
0 37 90 36
0 38 81 8
0 39 41 20
0 40 33 32
0 41 88 10
0 42 40 39
0 43 90 7
0 44 53 88
0 45 72 47
0 46 51 14
0 47 63 23
0 48 77 69
0 49 64 7
1 2 43 71
1 3 94 40
1 4 73 26
1 5 4 78
1 6 91 67
1 7 90 3
1 8 96 9
1 9 84 23
1 10 44 51
1 11 7 20
1 12 6 49
1 13 55 32
1 14 57 88
1 15 4 40
1 16 54 29
1 17 18 46
1 18 14 76
1 19 91 26
1 20 39 49
1 21 40 36
1 22 36 58
1 23 60 81
1 24 2 48
1 25 1 29
1 26 48 44
1 27 97 22
1 28 20 84
1 29 70 12
1 30 9 74
1 31 15 55
1 32 54 20
1 33 67 7
1 34 51 82
1 35 78 16
1 36 53 54
1 37 67 17
1 38 13 37
1 39 85 49
1 40 68 55
1 41 8 86
1 42 11 35
1 43 83 83
1 44 82 62
1 45 63 9
1 46 33 89
1 47 45 85
1 48 18 96
1 49 67 12
2 3 83 12
2 4 5 23
2 5 76 65
2 6 30 20
2 7 30 27
2 8 76 33
2 9 71 28
2 10 63 57
2 11 48 58
2 12 47 50
2 13 32 73
2 14 10 60
2 15 98 70
2 16 49 39
2 17 32 28
2 18 99 64
2 19 26 18
2 20 69 19
2 21 93 66
2 22 13 47
2 23 13 85
2 24 62 56
2 25 69 26
2 26 44 54
2 27 71 7
2 28 33 78
2 29 92 81
2 30 83 83
2 31 50 30
2 32 12 39
2 33 37 22
2 34 7 53
2 35 28 74
2 36 78 59
2 37 85 65
2 38 81 13
2 39 43 42
2 40 42 66
2 41 42 69
2 42 90 68
2 43 35 53
2 44 9 98
2 45 22 82
2 46 73 76
2 47 10 33
2 48 68 77
2 49 44 16
3 4 66 77
3 5 2 51
3 6 47 19
3 7 14 29
3 8 15 85
3 9 15 57
3 10 82 40
3 11 60 47
3 12 21 86
3 13 98 1
3 14 84 66
3 15 62 72
3 16 83 66
3 17 60 82
3 18 30 64
3 19 1 94
3 20 2 67
3 21 11 84
3 22 13 25
3 23 91 26
3 24 88 17
3 25 47 15
3 26 10 82
3 27 67 66
3 28 54 70
3 29 79 73
3 30 66 76
3 31 87 57
3 32 53 40
3 33 32 52
3 34 70 73
3 35 31 14
3 36 18 52
3 37 80 76
3 38 29 20
3 39 83 7
3 40 56 10
3 41 30 48
3 42 68 64
3 43 89 69
3 44 92 73
3 45 62 63
3 46 60 51
3 47 69 27
3 48 51 35
3 49 35 49
4 5 24 37
4 6 20 83
4 7 34 72
4 8 80 67
4 9 49 34
4 10 29 74
4 11 68 79
4 12 76 7
4 13 21 42
4 14 58 71
4 15 65 32
4 16 10 39
4 17 80 33
4 18 28 91
4 19 86 21
4 20 26 84
4 21 78 67
4 22 61 43
4 23 54 54
4 24 88 63
4 25 46 44
4 26 82 43
4 27 29 46
4 28 55 56
4 29 48 76
4 30 1 42
4 31 77 80
4 32 34 48
4 33 44 28
4 34 58 25
4 35 11 67
4 36 27 53
4 37 28 29
4 38 47 31
4 39 65 55
4 40 31 44
4 41 75 45
4 42 64 30
4 43 76 59
4 44 32 44
4 45 89 63
4 46 13 30
4 47 16 52
4 48 78 47
4 49 26 32
5 6 47 48
5 7 70 58
5 8 71 8
5 9 13 17
5 10 51 24
5 11 74 59
5 12 27 38
5 13 93 13
5 14 3 40
5 15 12 93
5 16 68 72
5 17 73 51
5 18 5 46
5 19 97 49
5 20 96 22
5 21 58 71
5 22 94 7
5 23 33 41
5 24 3 39
5 25 50 89
5 26 40 89
5 27 5 83
5 28 21 16
5 29 51 69
5 30 73 66
5 31 18 68
5 32 76 30
5 33 61 61
5 34 90 57
5 35 40 72
5 36 39 37
5 37 34 15
5 38 94 63
5 39 93 47
5 40 43 21
5 41 97 75
5 42 28 93
5 43 64 63
5 44 99 75
5 45 37 86
5 46 90 32
5 47 26 27
5 48 20 42
5 49 76 64
6 7 93 57
6 8 66 66
6 9 54 62
6 10 52 82
6 11 93 48
6 12 81 82
6 13 66 52
6 14 90 68
6 15 59 42
6 16 92 63
6 17 43 66
6 18 84 35
6 19 33 41
6 20 67 47
6 21 48 80
6 22 67 11
6 23 64 82
6 24 79 37
6 25 46 25
6 26 60 83
6 27 15 59
6 28 54 85
6 29 74 33
6 30 3 67
6 31 6 56
6 32 83 15
6 33 70 47
6 34 57 58
6 35 73 41
6 36 37 85
6 37 26 53
6 38 32 51
6 39 23 39
6 40 52 31
6 41 72 84
6 42 77 51
6 43 47 51
6 44 49 76
6 45 75 75
6 46 83 61
6 47 67 59
6 48 69 75
6 49 74 79
7 8 14 55
7 9 59 36
7 10 55 33
7 11 72 51
7 12 74 24
7 13 39 27
7 14 15 60
7 15 61 81
7 16 93 77
7 17 65 54
7 18 52 49
7 19 57 70
7 20 87 77
7 21 25 28
7 22 41 13
7 23 94 1
7 24 56 83
7 25 66 63
7 26 50 77
7 27 39 24
7 28 58 81
7 29 58 70
7 30 13 23
7 31 99 4
7 32 65 72
7 33 60 15
7 34 58 43
7 35 46 52
7 36 89 78
7 37 58 31
7 38 26 36
7 39 8 61
7 40 64 23
7 41 50 63
7 42 38 32
7 43 2 84
7 44 82 31
7 45 94 14
7 46 98 60
7 47 88 72
7 48 30 30
7 49 77 44
8 9 86 64
8 10 44 54
8 11 78 55
8 12 29 50
8 13 91 60
8 14 22 68
8 15 88 45
8 16 39 36
8 17 15 96
8 18 74 18
8 19 74 84
8 20 28 21
8 21 37 54
8 22 66 35
8 23 74 58
8 24 21 69
8 25 54 63
8 26 61 56
8 27 0 76
8 28 99 25
8 29 66 54
8 30 65 64
8 31 48 70
8 32 52 83
8 33 79 48
8 34 14 32
8 35 49 88
8 36 84 13
8 37 6 84
8 38 47 38
8 39 83 14
8 40 2 75
8 41 47 31
8 42 98 31
8 43 84 15
8 44 96 25
8 45 56 24
8 46 53 31
8 47 26 67
8 48 91 48
8 49 22 28
9 10 93 7
9 11 34 73
9 12 82 71
9 13 3 31
9 14 72 13
9 15 10 75
9 16 72 9
9 17 17 73
9 18 48 32
9 19 65 35
9 20 32 60
9 21 18 35
9 22 70 11
9 23 40 50
9 24 8 51
9 25 89 77
9 26 31 48
9 27 21 29
9 28 64 50
9 29 8 29
9 30 37 65
9 31 54 59
9 32 5 59
9 33 91 74
9 34 95 27
9 35 13 96
9 36 3 45
9 37 16 91
9 38 81 79
9 39 89 18
9 40 62 71
9 41 93 72
9 42 18 29
9 43 19 17
9 44 0 46
9 45 35 77
9 46 33 61
9 47 68 6
9 48 56 66
9 49 47 11
10 11 5 23
10 12 64 60
10 13 42 17
10 14 10 46
10 15 6 32
10 16 41 58
10 17 2 30
10 18 21 73
10 19 21 94
10 20 65 31
10 21 63 29
10 22 52 66
10 23 86 19
10 24 71 83
10 25 98 53
10 26 64 45
10 27 81 39
10 28 53 15
10 29 96 47
10 30 93 79
10 31 32 22
10 32 77 34
10 33 19 49
10 34 78 51
10 35 73 56
10 36 6 28
10 37 10 46
10 38 21 56
10 39 7 20
10 40 23 77
10 41 17 88
10 42 95 63
10 43 21 62
10 44 38 72
10 45 57 15
10 46 84 11
10 47 61 70
10 48 89 77
10 49 91 35
11 12 86 57
11 13 42 87
11 14 21 63
11 15 76 72
11 16 94 1
11 17 45 51
11 18 28 58
11 19 8 46
11 20 65 75
11 21 53 41
11 22 68 83
11 23 4 91
11 24 94 67
11 25 14 28
11 26 84 36
11 27 83 50
11 28 84 44
11 29 95 61
11 30 25 90
11 31 97 47
11 32 18 42
11 33 10 21
11 34 91 70
11 35 57 60
11 36 28 22
11 37 44 81
11 38 61 46
11 39 65 32
11 40 17 69
11 41 7 24
11 42 25 52
11 43 59 60
11 44 52 69
11 45 24 21
11 46 52 48
11 47 32 55
11 48 9 21
11 49 10 87
12 13 45 18
12 14 78 79
12 15 63 42
12 16 68 27
12 17 98 11
12 18 48 27
12 19 32 25
12 20 35 63
12 21 39 70
12 22 30 66
12 23 4 45
12 24 86 25
12 25 74 76
12 26 86 12
12 27 33 44
12 28 6 96
12 29 62 39
12 30 32 83
12 31 58 31
12 32 4 50
12 33 34 35
12 34 68 27
12 35 11 53
12 36 90 23
12 37 65 15
12 38 87 19
12 39 81 72
12 40 99 48
12 41 75 40
12 42 18 44
12 43 39 73
12 44 83 69
12 45 29 74
12 46 40 42
12 47 86 53
12 48 63 62
12 49 22 50
13 14 94 33
13 15 16 90
13 16 26 76
13 17 56 24
13 18 10 70
13 19 76 37
13 20 26 91
13 21 48 63
13 22 75 20
13 23 14 84
13 24 27 85
13 25 47 25
13 26 33 26
13 27 88 38
13 28 48 36
13 29 80 7
13 30 98 75
13 31 91 69
13 32 24 61
13 33 85 76
13 34 54 68
13 35 33 64
13 36 96 26
13 37 63 86
13 38 72 74
13 39 7 67
13 40 98 0
13 41 85 52
13 42 54 38
13 43 70 29
13 44 54 14
13 45 2 28
13 46 30 54
13 47 65 52
13 48 63 77
13 49 35 45
14 15 57 72
14 16 56 85
14 17 81 24
14 18 6 94
14 19 48 16
14 20 33 59
14 21 10 75
14 22 12 70
14 23 27 93
14 24 4 86
14 25 22 40
14 26 82 6
14 27 74 43
14 28 22 22
14 29 11 50
14 30 97 17
14 31 13 46
14 32 56 73
14 33 89 18
14 34 86 5
14 35 53 83
14 36 91 54
14 37 84 18
14 38 87 3
14 39 71 13
14 40 90 81
14 41 48 61
14 42 75 18
14 43 37 66
14 44 97 37
14 45 90 42
14 46 75 76
14 47 8 71
14 48 70 43
14 49 68 9
15 16 50 79
15 17 49 78
15 18 76 54
15 19 43 25
15 20 78 6
15 21 86 73
15 22 88 22
15 23 68 42
15 24 99 61
15 25 5 87
15 26 96 72
15 27 71 31
15 28 41 78
15 29 65 60
15 30 31 93
15 31 25 76
15 32 1 94
15 33 51 39
15 34 60 33
15 35 15 62
15 36 87 25
15 37 67 38
15 38 2 88
15 39 68 74
15 40 2 40
15 41 1 63
15 42 56 24
15 43 42 83
15 44 67 6
15 45 3 50
15 46 17 74
15 47 59 33
15 48 78 73
15 49 52 20
16 17 23 56
16 18 71 69
16 19 81 50
16 20 42 61
16 21 22 17
16 22 21 23
16 23 44 71
16 24 89 78
16 25 26 67
16 26 98 22
16 27 70 23
16 28 73 16
16 29 32 35
16 30 49 26
16 31 74 61
16 32 69 34
16 33 49 62
16 34 1 22
16 35 92 55
16 36 24 43
16 37 68 27
16 38 25 69
16 39 98 43
16 40 43 59
16 41 2 36
16 42 45 45
16 43 73 38
16 44 5 61
16 45 98 30
16 46 34 37
16 47 63 57
16 48 10 24
16 49 47 80
17 18 55 42
17 19 76 57
17 20 34 60
17 21 49 72
17 22 65 83
17 23 72 53
17 24 96 70
17 25 35 13
17 26 60 65
17 27 44 87
17 28 20 88
17 29 37 81
17 30 71 41
17 31 90 50
17 32 45 35
17 33 37 30
17 34 58 46
17 35 33 46
17 36 30 69
17 37 76 40
17 38 67 61
17 39 48 34
17 40 21 24
17 41 33 28
17 42 55 43
17 43 94 56
17 44 48 26
17 45 51 43
17 46 68 33
17 47 8 96
17 48 19 24
17 49 56 8
18 19 96 3
18 20 73 15
18 21 36 54
18 22 51 77
18 23 90 79
18 24 49 29
18 25 65 63
18 26 99 37
18 27 94 56
18 28 73 53
18 29 73 36
18 30 65 70
18 31 39 72
18 32 43 36
18 33 12 85
18 34 7 36
18 35 59 44
18 36 1 31
18 37 8 79
18 38 47 86
18 39 68 36
18 40 91 29
18 41 50 19
18 42 1 88
18 43 38 29
18 44 8 21
18 45 64 10
18 46 73 8
18 47 44 85
18 48 96 18
18 49 86 80
19 20 9 58
19 21 41 32
19 22 17 42
19 23 88 57
19 24 45 31
19 25 37 45
19 26 29 19
19 27 21 82
19 28 8 95
19 29 63 12
19 30 58 19
19 31 59 44
19 32 6 39
19 33 42 41
19 34 81 39
19 35 29 30
19 36 46 17
19 37 33 32
19 38 0 53
19 39 92 15
19 40 79 54
19 41 51 38
19 42 61 29
19 43 8 80
19 44 33 56
19 45 42 12
19 46 2 66
19 47 86 66
19 48 37 48
19 49 53 39
20 21 19 17
20 22 45 39
20 23 73 71
20 24 20 36
20 25 74 49
20 26 82 44
20 27 80 27
20 28 98 34
20 29 58 82
20 30 68 66
20 31 91 3
20 32 87 78
20 33 14 37
20 34 80 38
20 35 28 59
20 36 39 73
20 37 42 91
20 38 83 31
20 39 96 79
20 40 82 35
20 41 32 29
20 42 26 73
20 43 17 59
20 44 64 12
20 45 78 28
20 46 90 11
20 47 44 88
20 48 43 55
20 49 73 79
21 22 71 56
21 23 91 16
21 24 52 16
21 25 99 32
21 26 5 73
21 27 91 8
21 28 31 26
21 29 8 96
21 30 3 62
21 31 13 63
21 32 99 38
21 33 26 43
21 34 89 11
21 35 73 28
21 36 93 70
21 37 30 86
21 38 13 90
21 39 81 32
21 40 76 38
21 41 83 12
21 42 98 43
21 43 2 46
21 44 29 57
21 45 5 25
21 46 47 76
21 47 19 71
21 48 2 42
21 49 84 21
22 23 11 85
22 24 26 94
22 25 3 48
22 26 12 24
22 27 44 61
22 28 53 67
22 29 37 74
22 30 2 98
22 31 40 72
22 32 81 9
22 33 35 91
22 34 5 21
22 35 4 94
22 36 31 20
22 37 14 53
22 38 41 68
22 39 86 50
22 40 41 44
22 41 38 59
22 42 89 40
22 43 74 84
22 44 72 54
22 45 66 65
22 46 53 15
22 47 37 79
22 48 48 48
22 49 90 10
23 24 10 79
23 25 28 82
23 26 47 22
23 27 50 51
23 28 50 32
23 29 72 80
23 30 19 80
23 31 5 79
23 32 72 12
23 33 76 5
23 34 54 26
23 35 8 36
23 36 78 60
23 37 47 51
23 38 51 64
23 39 93 25
23 40 80 81
23 41 42 85
23 42 93 51
23 43 75 67
23 44 74 84
23 45 31 80
23 46 86 8
23 47 28 75
23 48 31 25
23 49 68 71
24 25 7 29
24 26 0 95
24 27 85 73
24 28 12 74
24 29 69 21
24 30 68 10
24 31 36 90
24 32 21 35
24 33 75 23
24 34 46 29
24 35 9 45
24 36 82 65
24 37 70 73
24 38 48 26
24 39 90 51
24 40 52 41
24 41 41 52
24 42 37 46
24 43 86 65
24 44 40 24
24 45 94 75
24 46 26 56
24 47 81 40
24 48 50 39
24 49 10 53
25 26 34 78
25 27 54 70
25 28 57 74
25 29 71 24
25 30 28 88
25 31 95 52
25 32 82 22
25 33 86 22
25 34 95 3
25 35 20 44
25 36 31 47
25 37 95 59
25 38 49 44
25 39 15 30
25 40 67 70
25 41 53 29
25 42 81 17
25 43 35 77
25 44 84 39
25 45 77 70
25 46 6 35
25 47 22 54
25 48 68 43
25 49 81 76
26 27 47 16
26 28 8 24
26 29 58 22
26 30 23 42
26 31 84 4
26 32 93 74
26 33 58 8
26 34 16 60
26 35 19 27
26 36 26 73
26 37 8 94
26 38 93 76
26 39 77 18
26 40 42 83
26 41 76 75
26 42 73 23
26 43 56 63
26 44 54 65
26 45 63 41
26 46 34 80
26 47 80 15
26 48 70 13
26 49 57 28
27 28 23 71
27 29 2 52
27 30 80 8
27 31 34 59
27 32 70 70
27 33 10 68
27 34 24 48
27 35 92 34
27 36 62 42
27 37 43 17
27 38 93 1
27 39 35 88
27 40 53 27
27 41 40 21
27 42 56 28
27 43 17 20
27 44 42 25
27 45 59 55
27 46 77 62
27 47 89 31
27 48 72 31
27 49 70 28
28 29 60 34
28 30 14 79
28 31 90 61
28 32 41 73
28 33 32 19
28 34 97 37
28 35 16 20
28 36 61 55
28 37 89 59
28 38 23 55
28 39 66 42
28 40 99 65
28 41 55 21
28 42 5 96
28 43 60 72
28 44 44 86
28 45 51 12
28 46 42 86
28 47 63 68
28 48 5 95
28 49 5 93
29 30 16 96
29 31 79 44
29 32 48 31
29 33 43 60
29 34 4 97
29 35 93 6
29 36 87 27
29 37 75 13
29 38 28 71
29 39 19 26
29 40 7 57
29 41 7 93
29 42 9 26
29 43 55 37
29 44 77 34
29 45 73 74
29 46 59 72
29 47 97 46
29 48 75 74
29 49 18 71
30 31 91 33
30 32 93 8
30 33 81 79
30 34 59 65
30 35 88 42
30 36 13 36
30 37 85 6
30 38 46 52
30 39 61 66
30 40 35 56
30 41 74 77
30 42 94 18
30 43 75 27
30 44 65 80
30 45 7 59
30 46 7 96
30 47 59 67
30 48 49 11
30 49 54 57
31 32 2 85
31 33 12 18
31 34 92 51
31 35 49 36
31 36 93 40
31 37 78 20
31 38 81 54
31 39 77 11
31 40 24 21
31 41 21 37
31 42 43 33
31 43 7 51
31 44 6 93
31 45 32 42
31 46 67 61
31 47 69 25
31 48 28 84
31 49 56 72
32 33 38 89
32 34 21 23
32 35 68 18
32 36 13 86
32 37 31 81
32 38 16 62
32 39 45 29
32 40 81 71
32 41 33 80
32 42 9 40
32 43 69 64
32 44 62 74
32 45 42 38
32 46 13 54
32 47 86 8
32 48 55 87
32 49 69 76
33 34 23 45
33 35 93 41
33 36 61 34
33 37 6 56
33 38 51 49
33 39 19 81
33 40 53 33
33 41 59 66
33 42 45 23
33 43 42 36
33 44 17 21
33 45 41 80
33 46 41 78
33 47 75 56
33 48 82 65
33 49 82 33
34 35 45 53
34 36 84 13
34 37 30 93
34 38 99 77
34 39 37 48
34 40 26 46
34 41 99 77
34 42 65 18
34 43 95 40
34 44 51 69
34 45 75 23
34 46 81 49
34 47 55 57
34 48 54 20
34 49 46 34
35 36 56 29
35 37 76 84
35 38 68 56
35 39 39 39
35 40 39 61
35 41 89 18
35 42 41 84
35 43 56 35
35 44 78 77
35 45 51 78
35 46 91 76
35 47 39 52
35 48 38 85
35 49 63 23
36 37 96 75
36 38 19 91
36 39 79 14
36 40 60 53
36 41 92 45
36 42 75 24
36 43 48 69
36 44 36 61
36 45 38 25
36 46 20 75
36 47 79 72
36 48 65 79
36 49 54 62
37 38 28 71
37 39 42 63
37 40 51 77
37 41 1 99
37 42 49 22
37 43 71 76
37 44 37 32
37 45 86 50
37 46 57 45
37 47 39 22
37 48 73 44
37 49 16 65
38 39 47 57
38 40 16 32
38 41 16 39
38 42 85 67
38 43 63 47
38 44 14 64
38 45 33 54
38 46 40 68
38 47 15 59
38 48 17 50
38 49 39 21
39 40 56 34
39 41 18 38
39 42 59 37
39 43 20 74
39 44 20 34
39 45 40 45
39 46 43 59
39 47 84 4
39 48 91 77
39 49 7 45
40 41 83 79
40 42 19 29
40 43 65 57
40 44 92 61
40 45 39 87
40 46 92 65
40 47 9 28
40 48 29 54
40 49 26 36
41 42 16 44
41 43 49 78
41 44 40 39
41 45 6 38
41 46 32 17
41 47 83 63
41 48 72 65
41 49 32 15
42 43 5 67
42 44 6 41
42 45 53 77
42 46 83 76
42 47 55 54
42 48 86 47
42 49 35 53
43 44 24 67
43 45 74 24
43 46 24 21
43 47 18 39
43 48 40 63
43 49 83 56
44 45 54 15
44 46 38 83
44 47 52 80
44 48 63 50
44 49 64 56
45 46 94 45
45 47 46 37
45 48 29 31
45 49 73 81
46 47 2 29
46 48 34 35
46 49 19 83
47 48 97 8
47 49 74 34
48 49 83 82
0
1150
114 2880
115 2820
116 2811
117 2757
118 2747
119 2707
120 2684
121 2659
122 2634
123 2613
124 2586
125 2565
126 2541
127 2517
128 2498
129 2472
130 2453
131 2444
132 2428
133 2409
134 2395
135 2386
136 2370
137 2351
138 2343
139 2335
140 2327
141 2311
142 2292
143 2284
144 2276
145 2269
146 2257
147 2245
148 2237
149 2229
150 2222
151 2210
152 2202
153 2194
154 2187
155 2179
156 2167
157 2159
158 2151
159 2144
160 2136
161 2129
162 2121
163 2113
164 2105
165 2098
166 2090
167 2083
168 2078
169 2068
170 2063
171 2056
172 2051
173 2041
174 2038
175 2033
176 2026
177 2017
178 2014
179 2009
180 2002
181 1997
182 1992
183 1985
184 1979
185 1970
186 1967
187 1962
188 1955
189 1946
190 1943
191 1938
192 1931
193 1930
194 1922
195 1917
196 1908
197 1905
198 1900
199 1893
200 1884
201 1881
202 1876
203 1869
205 1860
206 1856
207 1847
208 1844
209 1839
210 1832
211 1823
212 1820
213 1815
214 1808
216 1799
217 1796
218 1791
219 1784
221 1776
222 1773
223 1770
224 1765
225 1762
226 1755
227 1754
228 1747
229 1744
230 1743
231 1736
233 1728
234 1725
236 1717
238 1715
239 1710
240 1707
241 1704
242 1703
243 1696
245 1692
246 1689
247 1684
248 1681
250 1673
252 1671
253 1666
254 1663
255 1660
256 1659
257 1652
259 1648
260 1645
261 1642
262 1641
263 1638
264 1634
265 1631
267 1623
269 1621
270 1616
271 1613
272 1610
273 1609
274 1602
276 1598
277 1595
278 1592
279 1591
280 1588
281 1585
283 1581
284 1580
285 1576
286 1575
287 1572
288 1569
289 1566
290 1565
291 1562
292 1559
294 1555
295 1554
296 1552
297 1549
298 1547
299 1544
300 1543
301 1540
302 1537
304 1533
305 1530
307 1527
309 1523
310 1520
312 1517
313 1514
314 1512
315 1511
316 1508
317 1505
318 1504
319 1501
320 1498
322 1495
324 1491
325 1488
327 1485
328 1482
330 1479
332 1475
333 1472
336 1469
337 1467
338 1466
339 1463
341 1459
342 1456
345 1453
346 1451
347 1450
349 1446
350 1443
353 1440
354 1438
355 1437
356 1434
358 1430
359 1427
362 1424
363 1422
366 1418
367 1415
370 1412
371 1410
374 1407
375 1406
377 1404
378 1402
379 1401
380 1398
382 1394
383 1391
386 1388
387 1386
390 1382
391 1379
394 1376
395 1374
398 1371
399 1370
401 1368
402 1367
403 1365
404 1363
406 1361
407 1358
409 1356
410 1355
411 1353
413 1351
414 1350
415 1348
417 1347
418 1345
419 1343
421 1342
422 1340
423 1339
425 1335
427 1334
428 1332
429 1330
431 1327
433 1325
434 1324
435 1322
437 1320
438 1319
439 1318
440 1317
441 1316
443 1315
444 1313
445 1311
446 1309
448 1308
449 1304
452 1301
453 1299
456 1296
457 1295
459 1294
460 1292
462 1290
463 1289
464 1287
466 1286
467 1284
468 1282
470 1281
471 1279
472 1278
474 1274
477 1271
478 1269
481 1266
482 1265
485 1264
486 1263
487 1261
489 1258
491 1256
492 1255
493 1253
496 1250
497 1249
500 1248
501 1247
502 1245
504 1244
505 1242
506 1240
509 1237
512 1235
514 1234
515 1232
516 1231
518 1230
519 1228
521 1227
522 1225
524 1224
525 1222
528 1219
531 1218
533 1216
534 1215
535 1213
537 1212
538 1210
541 1207
545 1205
546 1204
548 1202
549 1201
550 1200
552 1199
554 1195
558 1193
561 1190
564 1188
566 1187
568 1184
571 1183
572 1181
575 1179
578 1177
580 1176
582 1174
583 1173
585 1172
586 1170
590 1169
591 1167
593 1166
594 1165
596 1163
598 1162
600 1161
602 1159
605 1156
608 1155
610 1154
611 1153
613 1152
614 1150
616 1149
617 1148
619 1147
621 1146
622 1145
624 1143
626 1142
628 1141
630 1139
633 1136
636 1135
640 1133
641 1132
642 1131
644 1129
645 1128
649 1126
651 1125
653 1124
656 1121
660 1120
661 1118
663 1117
667 1115
669 1114
671 1113
672 1112
674 1110
678 1109
679 1107
682 1106
683 1105
687 1103
688 1102
690 1101
692 1100
694 1099
696 1098
698 1097
700 1096
701 1094
706 1091
709 1090
712 1089
714 1087
717 1086
719 1084
722 1083
725 1082
727 1080
730 1079
732 1078
734 1077
735 1076
738 1075
739 1074
742 1073
743 1072
745 1071
747 1070
750 1069
751 1068
752 1067
755 1066
758 1065
759 1064
760 1063
763 1062
765 1061
767 1060
768 1059
771 1058
773 1057
775 1056
776 1055
778 1054
781 1053
783 1052
784 1051
786 1050
789 1049
791 1048
792 1047
795 1046
797 1045
799 1044
800 1043
802 1042
805 1041
807 1040
810 1038
815 1036
817 1035
820 1034
825 1031
832 1030
833 1029
837 1028
838 1027
842 1026
843 1025
845 1024
848 1023
852 1022
853 1020
859 1019
860 1018
864 1017
865 1016
868 1015
870 1014
872 1013
873 1012
875 1011
878 1010
880 1009
883 1007
888 1005
890 1004
893 1003
898 1000
905 999
906 998
910 997
913 996
915 995
918 994
921 993
923 992
925 991
928 990
929 989
933 987
938 986
941 985
943 984
944 983
947 982
952 981
953 979
960 978
961 977
964 976
968 975
970 974
973 973
975 972
978 971
979 970
982 969
984 968
988 966
994 965
996 964
999 962
1002 961
1007 960
1010 959
1013 958
1016 957
1019 955
1024 954
1026 953
1029 952
1030 951
1033 950
1034 949
1037 948
1042 947
1045 946
1048 945
1051 944
1054 943
1057 942
1059 941
1062 940
1065 938
1068 937
1073 936
1076 935
1079 934
1084 933
1085 932
1089 931
1090 930
1093 929
1096 928
1097 927
1100 926
1103 925
1107 924
1111 923
1114 922
1117 921
1121 920
1122 919
1125 918
1128 917
1131 915
1134 914
1139 913
1142 912
1145 911
1150 910
1153 909
1155 908
1156 907
1159 906
1163 904
1166 903
1170 902
1173 901
1177 900
1181 899
1184 898
1188 896
1191 895
1195 894
1198 893
1199 892
1202 891
1205 890
1210 889
1213 888
1216 887
1220 886
1223 885
1224 884
1227 883
1230 882
1235 881
1238 880
1241 879
1245 878
1248 877
1249 876
1252 875
1255 874
1260 873
1263 872
1266 871
1270 870
1273 869
1274 868
1277 867
1280 866
1285 865
1288 864
1291 863
1295 862
1298 861
1302 860
1306 859
1309 858
1310 857
1313 856
1316 855
1320 854
1323 853
1327 852
1331 851
1334 850
1335 849
1338 848
1341 847
1348 846
1351 845
1353 844
1356 843
1359 842
1363 841
1367 840
1370 839
1373 838
1376 837
1378 836
1381 835
1384 834
1388 833
1393 832
1395 831
1398 830
1402 829
1405 828
1411 827
1413 826
1416 825
1419 824
1422 823
1426 822
1428 821
1431 820
1436 819
1438 818
1441 817
1445 816
1448 815
1452 814
1456 813
1459 812
1462 811
1466 810
1469 809
1474 808
1477 807
1479 806
1483 805
1486 804
1489 803
1492 802
1495 801
1499 800
1502 799
1505 798
1509 797
1513 796
1517 795
1521 794
1524 793
1527 792
1531 791
1533 790
1537 789
1541 788
1543 787
1547 786
1551 785
1555 784
1557 783
1560 782
1565 781
1567 780
1570 779
1574 778
1579 777
1582 776
1585 775
1588 774
1591 773
1595 772
1598 771
1601 770
1605 769
1608 768
1612 767
1616 766
1620 765
1623 764
1627 763
1629 762
1633 761
1637 760
1639 759
1643 758
1647 757
1651 756
1653 755
1656 754
1661 753
1663 752
1666 751
1670 750
1675 749
1679 748
1682 747
1685 746
1689 745
1693 744
1694 743
1699 742
1702 741
1704 740
1708 739
1712 738
1716 737
1720 736
1724 735
1728 734
1732 733
1736 732
1741 731
1743 730
1747 729
1750 728
1753 727
1757 726
1763 725
1764 724
1769 723
1772 722
1777 721
1781 720
1783 719
1789 718
1792 717
1793 716
1797 715
1803 714
1805 713
1809 712
1813 711
1817 710
1823 709
1827 708
1830 707
1833 706
1837 705
1839 704
1844 703
1849 702
1853 700
1859 699
1864 698
1868 697
1871 696
1873 695
1880 694
1884 693
1886 692
1890 691
1894 690
1898 689
1904 688
1907 687
1910 686
1914 685
1919 684
1923 683
1928 682
1930 681
1934 680
1940 679
1943 678
1947 677
1951 676
1955 675
1959 674
1964 673
1967 672
1971 671
1976 670
1980 669
1984 668
1988 667
1991 666
1996 665
2001 664
2004 663
2008 662
2012 661
2016 660
2022 659
2025 658
2028 657
2034 656
2037 655
2041 654
2046 653
2049 652
2053 651
2058 650
2062 649
2067 648
2070 647
2074 646
2080 645
2083 644
2086 643
2092 642
2095 641
2101 640
2104 639
2107 638
2113 637
2118 636
2122 635
2125 634
2130 633
2132 632
2139 631
2141 630
2146 629
2150 628
2155 627
2159 626
2164 625
2167 624
2172 623
2178 622
2182 621
2185 620
2190 619
2192 618
2197 617
2201 616
2206 615
2210 614
2215 613
2219 612
2224 611
2228 610
2233 609
2238 608
2242 607
2245 606
2250 605
2254 604
2259 603
2265 602
2269 601
2274 600
2279 599
2281 598
2285 597
2290 596
2294 595
2299 594
2305 593
2309 592
2314 591
2319 590
2322 589
2326 588
2331 587
2335 586
2340 585
2346 584
2350 583
2354 582
2359 581
2364 580
2368 579
2373 578
2377 577
2382 576
2387 575
2391 574
2395 573
2400 572
2406 571
2410 570
2415 569
2419 568
2424 567
2429 566
2433 565
2437 564
2442 563
2448 562
2452 561
2457 560
2463 559
2468 558
2473 557
2477 556
2481 555
2486 554
2492 553
2496 552
2501 551
2506 550
2511 549
2516 548
2521 547
2525 546
2530 545
2536 544
2540 543
2545 542
2550 541
2555 540
2560 539
2565 538
2569 537
2574 536
2580 535
2584 534
2589 533
2594 532
2599 531
2604 530
2609 529
2614 528
2619 527
2624 526
2629 525
2633 524
2638 523
2643 522
2648 521
2653 520
2658 519
2663 518
2668 517
2673 516
2678 515
2684 514
2688 513
2693 512
2698 511
2702 510
2707 509
2713 508
2717 507
2722 506
2728 505
2732 504
2737 503
2744 502
2748 501
2753 500
2759 499
2763 498
2768 497
2774 496
2778 495
2783 494
2789 493
2793 492
2798 491
2804 490
2808 489
2813 488
2820 487
2824 486
2829 485
2835 484
2839 483
2844 482
2850 481
2854 480
2859 479
2865 478
2870 477
2875 476
2880 475
2885 474
2890 473
2896 472
2901 471
2907 470
2911 469
2916 468
2922 467
2926 466
2931 465
2939 464
2942 463
2947 462
2954 461
2957 460
2962 459
2970 458
2975 457
2980 456
2985 455
2991 454
2996 453
3003 452
3006 451
3011 450
3019 449
3025 448
3029 447
3034 446
3046 445
3052 444
3056 443
3061 442
3069 441
3075 440
3079 439
3084 438
3096 437
3102 436
3107 435
3114 434
3119 433
3125 432
3130 431
3140 430
3147 429
3155 428
3160 427
3165 426
3170 425
3181 424
3186 423
3193 422
3200 421
3205 420
3211 419
3216 418
3226 417
3235 416
3241 415
3246 414
3251 413
3261 412
3267 411
3272 410
3281 409
3287 408
3297 407
3302 406
3307 405
3317 404
3322 403
3332 402
3337 401
3343 400
3352 399
3360 398
3367 397
3373 396
3378 395
3388 394
3396 393
3403 392
3408 391
3416 390
3424 389
3431 388
3438 387
3448 386
3454 385
3459 384
3468 383
3476 382
3484 381
3489 380
3497 379
3507 378
3512 377
3521 376
3529 375
3537 374
3542 373
3550 372
3559 371
3569 370
3574 369
3583 368
3591 367
3599 366
3604 365
3612 364
3623 363
3632 362
3641 361
3649 360
3655 359
3664 358
3676 357
3680 356
3685 355
3697 354
3707 353
3717 352
3722 351
3734 350
3744 349
3755 348
3760 347
3772 346
3782 345
3794 344
3800 343
3812 342
3822 341
3834 340
3841 339
3853 338
3863 337
3875 336
3885 335
3897 334
3909 333
3919 332
3931 331
3941 330
3953 329
3969 328
3987 327
3999 326
4015 325
4035 324
4047 323
4063 322
