50
0 1 70 62
0 2 2 93
0 3 66 29
0 4 62 19
0 5 61 28
0 6 46 73
0 7 4 79
0 8 75 55
0 9 97 28
0 10 80 34
0 11 56 45
0 12 48 71
0 13 26 43
0 14 78 45
0 15 76 41
0 16 39 45
0 17 25 65
0 18 53 32
0 19 25 38
0 20 35 57
0 21 38 36
0 22 43 39
0 23 28 36
0 24 1 72
0 25 38 73
0 26 57 67
0 27 97 27
0 28 8 94
0 29 70 17
0 30 67 56
0 31 70 18
0 32 47 35
0 33 2 90
0 34 1 62
0 35 6 72
0 36 79 35
0 37 65 48
0 38 69 65
0 39 67 41
0 40 55 56
0 41 15 64
0 42 3 80
0 43 67 21
0 44 34 51
0 45 82 37
0 46 87 17
0 47 89 55
0 48 13 80
0 49 13 86
1 2 14 83
1 3 51 54
1 4 62 50
1 5 93 19
1 6 70 51
1 7 96 10
1 8 8 54
1 9 66 48
1 10 65 56
1 11 15 52
1 12 87 34
1 13 48 72
1 14 68 55
1 15 95 26
1 16 31 78
1 17 79 44
1 18 45 72
1 19 9 74
1 20 36 40
1 21 94 34
1 22 53 47
1 23 67 49
1 24 52 43
1 25 11 67
1 26 13 52
1 27 91 32
1 28 28 42
1 29 10 94
1 30 27 38
1 31 93 3
1 32 21 87
1 33 25 53
1 34 57 34
1 35 79 21
1 36 85 54
1 37 46 49
1 38 58 27
1 39 30 70
1 40 29 73
1 41 19 79
1 42 17 62
1 43 10 60
1 44 46 55
1 45 93 27
1 46 46 52
1 47 37 31
1 48 46 56
1 49 18 78
2 3 63 45
2 4 17 50
2 5 74 28
2 6 89 20
2 7 27 84
2 8 42 45
2 9 45 38
2 10 50 55
2 11 48 37
2 12 68 37
2 13 20 89
2 14 32 57
2 15 96 19
2 16 34 41
2 17 72 50
2 18 67 46
2 19 0 85
2 20 55 47
2 21 79 36
2 22 31 67
2 23 42 59
2 24 40 48
2 25 44 50
2 26 74 18
2 27 38 37
2 28 84 36
2 29 4 72
2 30 46 60
2 31 48 56
2 32 55 66
2 33 87 44
2 34 8 56
2 35 34 73
2 36 42 78
2 37 18 68
2 38 92 50
2 39 7 87
2 40 7 47
2 41 44 55
2 42 66 55
2 43 43 43
2 44 95 10
2 45 54 38
2 46 16 87
2 47 16 50
2 48 26 53
2 49 12 66
3 4 77 29
3 5 73 62
3 6 83 38
3 7 36 48
3 8 75 23
3 9 42 51
3 10 79 36
3 11 62 38
3 12 29 67
3 13 64 31
3 14 72 55
3 15 0 65
3 16 97 9
3 17 18 77
3 18 50 53
3 19 3 62
3 20 11 90
3 21 16 55
3 22 37 64
3 23 66 48
3 24 12 67
3 25 80 21
3 26 15 88
3 27 84 46
3 28 29 60
3 29 47 29
3 30 90 16
3 31 77 16
3 32 22 53
3 33 54 63
3 34 84 47
3 35 89 43
3 36 44 64
3 37 30 73
3 38 86 26
3 39 86 53
3 40 73 22
3 41 26 75
3 42 8 92
3 43 48 72
3 44 10 93
3 45 67 62
3 46 20 87
3 47 66 20
3 48 23 64
3 49 43 71
4 5 28 69
4 6 90 12
4 7 46 58
4 8 33 68
4 9 18 56
4 10 14 73
4 11 0 60
4 12 94 32
4 13 78 19
4 14 84 57
4 15 58 47
4 16 90 19
4 17 58 66
4 18 85 13
4 19 25 43
4 20 63 53
4 21 87 39
4 22 42 31
4 23 59 28
4 24 24 40
4 25 24 52
4 26 31 38
4 27 72 55
4 28 56 69
4 29 29 53
4 30 3 52
4 31 46 42
4 32 78 56
4 33 66 39
4 34 33 52
4 35 24 85
4 36 65 29
4 37 47 33
4 38 16 86
4 39 5 70
4 40 33 57
4 41 14 88
4 42 49 52
4 43 32 35
4 44 43 53
4 45 65 50
4 46 58 70
4 47 10 60
4 48 82 26
4 49 58 32
5 6 66 62
5 7 68 26
5 8 52 50
5 9 61 51
5 10 54 27
5 11 56 32
5 12 90 4
5 13 90 7
5 14 27 37
5 15 57 44
5 16 11 56
5 17 92 26
5 18 48 54
5 19 56 32
5 20 83 23
5 21 63 65
5 22 21 40
5 23 20 68
5 24 9 74
5 25 4 91
5 26 9 69
5 27 58 21
5 28 66 31
5 29 81 47
5 30 36 53
5 31 76 29
5 32 65 52
5 33 63 33
5 34 79 52
5 35 96 39
5 36 72 50
5 37 74 28
5 38 70 58
5 39 12 85
5 40 63 31
5 41 76 58
5 42 8 82
5 43 49 42
5 44 89 23
5 45 56 41
5 46 8 78
5 47 56 23
5 48 92 21
5 49 66 31
6 7 34 34
6 8 79 39
6 9 65 39
6 10 14 51
6 11 45 27
6 12 70 47
6 13 91 37
6 14 21 66
6 15 16 52
6 16 44 56
6 17 85 22
6 18 76 26
6 19 94 15
6 20 3 71
6 21 67 54
6 22 66 56
6 23 95 8
6 24 27 72
6 25 36 55
6 26 91 38
6 27 6 96
6 28 45 62
6 29 84 45
6 30 32 77
6 31 38 44
6 32 93 48
6 33 53 51
6 34 27 45
6 35 71 31
6 36 77 24
6 37 12 79
6 38 11 64
6 39 53 26
6 40 5 87
6 41 79 34
6 42 22 61
6 43 4 75
6 44 17 76
6 45 82 35
6 46 16 50
6 47 61 36
6 48 5 82
6 49 24 71
7 8 12 84
7 9 73 31
7 10 74 58
7 11 83 57
7 12 94 36
7 13 36 68
7 14 44 61
7 15 10 78
7 16 41 66
7 17 82 37
7 18 17 88
7 19 78 25
7 20 4 75
7 21 89 53
7 22 85 54
7 23 20 47
7 24 66 57
7 25 0 69
7 26 36 77
7 27 84 49
7 28 99 42
7 29 87 41
7 30 25 39
7 31 38 60
7 32 29 48
7 33 17 64
7 34 83 29
7 35 45 59
7 36 64 20
7 37 45 59
7 38 14 89
7 39 83 39
7 40 25 45
7 41 14 42
7 42 34 53
7 43 80 21
7 44 88 16
7 45 1 90
7 46 31 60
7 47 20 72
7 48 49 35
7 49 38 38
8 9 63 40
8 10 31 81
8 11 30 83
8 12 45 56
8 13 99 18
8 14 57 25
8 15 20 89
8 16 25 46
8 17 56 57
8 18 13 66
8 19 83 9
8 20 93 52
8 21 79 43
8 22 73 50
8 23 92 14
8 24 19 81
8 25 0 73
8 26 0 90
8 27 65 60
8 28 8 66
8 29 14 75
8 30 7 53
8 31 3 62
8 32 36 41
8 33 86 51
8 34 43 40
8 35 6 83
8 36 9 52
8 37 71 27
8 38 42 43
8 39 60 40
8 40 90 50
8 41 61 35
8 42 5 58
8 43 66 59
8 44 44 51
8 45 98 16
8 46 46 69
8 47 16 48
8 48 64 63
8 49 4 74
9 10 19 55
9 11 3 54
9 12 36 68
9 13 90 30
9 14 59 46
9 15 62 46
9 16 0 82
9 17 73 33
9 18 46 64
9 19 29 70
9 20 36 51
9 21 74 54
9 22 47 55
9 23 91 37
9 24 95 4
9 25 99 37
9 26 12 82
9 27 42 34
9 28 61 60
9 29 11 83
9 30 52 32
9 31 76 56
9 32 43 60
9 33 60 62
9 34 93 46
9 35 86 40
9 36 37 31
9 37 93 19
9 38 71 43
9 39 36 48
9 40 92 49
9 41 58 46
9 42 38 74
9 43 69 49
9 44 40 31
9 45 13 55
9 46 49 54
9 47 49 58
9 48 85 33
9 49 4 95
10 11 35 63
10 12 16 57
10 13 19 41
10 14 92 32
10 15 27 54
10 16 19 71
10 17 69 24
10 18 87 54
10 19 18 42
10 20 22 56
10 21 11 84
10 22 37 43
10 23 76 55
10 24 74 19
10 25 89 32
10 26 17 51
10 27 43 67
10 28 5 70
10 29 97 36
10 30 90 9
10 31 22 50
10 32 83 22
10 33 34 45
10 34 10 82
10 35 83 12
10 36 93 35
10 37 52 60
10 38 11 55
10 39 19 83
10 40 61 49
10 41 41 34
10 42 94 9
10 43 37 66
10 44 88 52
10 45 41 48
10 46 22 45
10 47 51 67
10 48 98 44
10 49 50 68
11 12 26 45
11 13 48 31
11 14 26 80
11 15 97 27
11 16 40 43
11 17 28 42
11 18 50 72
11 19 25 77
11 20 97 15
11 21 71 51
11 22 45 49
11 23 10 65
11 24 87 26
11 25 62 57
11 26 67 61
11 27 14 80
11 28 86 21
11 29 77 56
11 30 39 49
11 31 84 29
11 32 31 67
11 33 44 77
11 34 62 21
11 35 80 14
11 36 36 59
11 37 19 48
11 38 70 20
11 39 10 72
11 40 93 17
11 41 16 78
11 42 30 36
11 43 62 30
11 44 60 19
11 45 50 47
11 46 30 38
11 47 40 36
11 48 9 57
11 49 87 29
12 13 99 49
12 14 43 33
12 15 90 51
12 16 86 42
12 17 40 69
12 18 39 41
12 19 48 72
12 20 32 68
12 21 6 55
12 22 57 70
12 23 62 49
12 24 61 27
12 25 38 66
12 26 25 43
12 27 65 23
12 28 22 58
12 29 76 12
12 30 63 39
12 31 4 62
12 32 67 27
12 33 65 24
12 34 89 22
12 35 58 26
12 36 0 78
12 37 77 58
12 38 50 48
12 39 70 57
12 40 65 58
12 41 79 52
12 42 19 57
12 43 74 51
12 44 44 62
12 45 73 23
12 46 51 46
12 47 66 47
12 48 56 61
12 49 62 25
13 14 32 46
13 15 99 17
13 16 69 60
13 17 99 48
13 18 52 24
13 19 90 44
13 20 51 54
13 21 61 28
13 22 84 46
13 23 44 56
13 24 17 55
13 25 68 29
13 26 99 6
13 27 80 53
13 28 74 42
13 29 72 47
13 30 31 60
13 31 53 58
13 32 16 75
13 33 68 18
13 34 82 52
13 35 23 46
13 36 71 44
13 37 43 33
13 38 16 87
13 39 34 78
13 40 70 48
13 41 76 48
13 42 19 53
13 43 54 26
13 44 44 41
13 45 22 81
13 46 86 7
13 47 7 70
13 48 83 11
13 49 68 50
14 15 53 54
14 16 89 14
14 17 37 60
14 18 83 44
14 19 69 27
14 20 14 47
14 21 85 11
14 22 84 25
14 23 89 53
14 24 75 59
14 25 15 81
14 26 39 80
14 27 3 89
14 28 22 43
14 29 65 30
14 30 15 75
14 31 95 26
14 32 78 56
14 33 6 83
14 34 97 45
14 35 84 17
14 36 40 45
14 37 40 67
14 38 4 61
14 39 86 29
14 40 32 36
14 41 63 30
14 42 65 41
14 43 47 60
14 44 92 41
14 45 69 60
14 46 31 71
14 47 67 35
14 48 16 71
14 49 60 25
15 16 68 53
15 17 56 52
15 18 8 88
15 19 9 77
15 20 48 70
15 21 0 78
15 22 82 10
15 23 31 62
15 24 53 39
15 25 70 50
15 26 46 72
15 27 98 48
15 28 21 49
15 29 92 47
15 30 20 43
15 31 0 58
15 32 18 46
15 33 13 54
15 34 26 48
15 35 62 42
15 36 5 79
15 37 90 32
15 38 79 35
15 39 38 80
15 40 14 79
15 41 1 50
15 42 68 47
15 43 45 30
15 44 2 72
15 45 53 25
15 46 60 50
15 47 90 42
15 48 1 75
15 49 1 86
16 17 0 71
16 18 47 31
16 19 42 69
16 20 67 25
16 21 55 68
16 22 58 27
16 23 47 35
16 24 68 52
16 25 20 62
16 26 24 60
16 27 73 32
16 28 87 41
16 29 66 47
16 30 30 45
16 31 91 51
16 32 77 55
16 33 48 44
16 34 12 53
16 35 59 20
16 36 68 50
16 37 77 15
16 38 2 91
16 39 43 78
16 40 68 64
16 41 24 75
16 42 13 52
16 43 89 35
16 44 12 57
16 45 72 14
16 46 72 55
16 47 12 65
16 48 93 16
16 49 62 32
17 18 62 62
17 19 60 69
17 20 10 45
17 21 72 49
17 22 92 27
17 23 40 61
17 24 35 61
17 25 2 94
17 26 15 54
17 27 60 60
17 28 6 83
17 29 81 47
17 30 78 53
17 31 75 57
17 32 19 64
17 33 24 37
17 34 50 65
17 35 64 53
17 36 46 55
17 37 96 39
17 38 59 57
17 39 5 74
17 40 56 65
17 41 28 56
17 42 10 56
17 43 14 61
17 44 13 77
17 45 77 47
17 46 21 45
17 47 36 41
17 48 87 17
17 49 35 49
18 19 41 75
18 20 17 62
18 21 34 74
18 22 85 22
18 23 10 85
18 24 45 65
18 25 91 51
18 26 65 37
18 27 27 64
18 28 83 30
18 29 15 51
18 30 1 86
18 31 16 56
18 32 81 21
18 33 20 82
18 34 83 51
18 35 36 79
18 36 24 50
18 37 44 28
18 38 57 65
18 39 67 16
18 40 31 68
18 41 79 38
18 42 19 46
18 43 69 29
18 44 40 69
18 45 11 85
18 46 3 83
18 47 53 58
18 48 49 56
18 49 25 55
19 20 24 68
19 21 64 32
19 22 78 46
19 23 51 64
19 24 95 42
19 25 54 72
19 26 22 48
19 27 62 26
19 28 3 81
19 29 29 77
19 30 54 56
19 31 79 54
19 32 21 53
19 33 62 24
19 34 22 51
19 35 84 24
19 36 83 26
19 37 45 69
19 38 15 51
19 39 50 69
19 40 18 71
19 41 51 57
19 42 28 56
19 43 69 54
19 44 43 30
19 45 92 9
19 46 27 82
19 47 52 63
19 48 20 55
19 49 81 23
20 21 62 43
20 22 85 42
20 23 17 65
20 24 35 50
20 25 91 47
20 26 80 33
20 27 57 41
20 28 44 32
20 29 4 58
20 30 40 34
20 31 82 40
20 32 84 27
20 33 26 73
20 34 29 70
20 35 56 66
20 36 30 61
20 37 35 73
20 38 54 66
20 39 33 59
20 40 89 25
20 41 71 16
20 42 98 12
20 43 20 57
20 44 67 52
20 45 7 84
20 46 84 41
20 47 92 8
20 48 57 28
20 49 31 75
21 22 37 81
21 23 55 51
21 24 47 46
21 25 0 86
21 26 31 58
21 27 76 32
21 28 26 77
21 29 63 32
21 30 45 33
21 31 16 77
21 32 81 34
21 33 81 41
21 34 98 11
21 35 17 67
21 36 64 47
21 37 69 50
21 38 87 42
21 39 50 60
21 40 93 3
21 41 70 18
21 42 14 65
21 43 16 89
21 44 46 47
21 45 3 61
21 46 6 73
21 47 24 51
21 48 64 41
21 49 9 78
22 23 53 47
22 24 52 25
22 25 37 71
22 26 48 54
22 27 38 39
22 28 56 55
22 29 2 57
22 30 9 53
22 31 51 63
22 32 57 21
22 33 90 37
22 34 94 36
22 35 88 17
22 36 51 26
22 37 66 59
22 38 32 45
22 39 65 30
22 40 31 74
22 41 99 36
22 42 56 55
22 43 53 67
22 44 84 50
22 45 20 63
22 46 74 15
22 47 64 40
22 48 35 78
22 49 90 13
23 24 36 70
23 25 99 48
23 26 42 77
23 27 75 57
23 28 52 64
23 29 25 71
23 30 32 43
23 31 21 52
23 32 30 42
23 33 16 81
23 34 81 53
23 35 35 81
23 36 29 42
23 37 22 88
23 38 3 75
23 39 68 29
23 40 4 59
23 41 63 37
23 42 12 76
23 43 83 25
23 44 42 37
23 45 19 89
23 46 15 85
23 47 85 38
23 48 83 25
23 49 94 11
24 25 37 49
24 26 89 33
24 27 13 61
24 28 44 67
24 29 74 19
24 30 38 50
24 31 36 80
24 32 11 93
24 33 39 55
24 34 71 20
24 35 35 44
24 36 62 66
24 37 74 25
24 38 2 52
24 39 62 60
24 40 34 74
24 41 54 68
24 42 51 70
24 43 49 67
24 44 50 61
24 45 24 46
24 46 75 55
24 47 68 63
24 48 16 81
24 49 1 98
25 26 67 60
25 27 33 81
25 28 15 62
25 29 98 4
25 30 67 46
25 31 15 90
25 32 81 41
25 33 53 57
25 34 46 38
25 35 5 78
25 36 4 81
25 37 80 59
25 38 71 35
25 39 89 49
25 40 73 15
25 41 94 19
25 42 88 19
25 43 17 59
25 44 56 39
25 45 7 63
25 46 34 33
25 47 70 39
25 48 69 35
25 49 83 25
26 27 61 40
26 28 53 51
26 29 84 9
26 30 30 66
26 31 59 46
26 32 87 53
26 33 17 86
26 34 15 54
26 35 15 44
26 36 32 64
26 37 64 50
26 38 80 27
26 39 93 33
26 40 85 25
26 41 11 47
26 42 16 52
26 43 6 56
26 44 87 22
26 45 37 35
26 46 30 57
26 47 54 47
26 48 84 21
26 49 15 85
27 28 34 65
27 29 59 57
27 30 46 38
27 31 3 91
27 32 65 38
27 33 2 57
27 34 84 19
27 35 94 27
27 36 94 35
27 37 38 69
27 38 10 52
27 39 41 76
27 40 89 23
27 41 43 70
27 42 18 65
27 43 31 41
27 44 98 42
27 45 50 55
27 46 52 63
27 47 85 28
27 48 43 53
27 49 10 57
28 29 99 36
28 30 25 73
28 31 95 29
28 32 96 7
28 33 65 49
28 34 33 77
28 35 54 43
28 36 14 43
28 37 27 83
28 38 29 65
28 39 79 46
28 40 24 60
28 41 68 16
28 42 77 33
28 43 53 41
28 44 82 10
28 45 57 48
28 46 75 40
28 47 72 23
28 48 62 47
28 49 84 14
29 30 29 46
29 31 41 62
29 32 37 55
29 33 50 39
29 34 77 32
29 35 69 50
29 36 78 56
29 37 91 42
29 38 49 62
29 39 65 35
29 40 38 49
29 41 92 52
29 42 22 53
29 43 26 51
29 44 68 46
29 45 82 49
29 46 22 82
29 47 4 56
29 48 55 43
29 49 3 60
30 31 28 64
30 32 54 42
30 33 49 34
30 34 91 43
30 35 32 52
30 36 54 64
30 37 17 44
30 38 94 51
30 39 59 31
30 40 74 17
30 41 24 74
30 42 38 55
30 43 57 66
30 44 21 85
30 45 77 50
30 46 5 68
30 47 72 15
30 48 59 64
30 49 55 50
31 32 11 83
31 33 93 21
31 34 39 42
31 35 41 61
31 36 21 87
31 37 6 94
31 38 64 53
31 39 78 31
31 40 71 59
31 41 47 49
31 42 61 42
31 43 18 58
31 44 44 29
31 45 96 29
31 46 23 75
31 47 16 49
31 48 7 47
31 49 52 71
32 33 67 29
32 34 48 36
32 35 53 68
32 36 59 20
32 37 88 16
32 38 78 22
32 39 89 48
32 40 40 54
32 41 10 92
32 42 4 57
32 43 95 27
32 44 42 76
32 45 0 64
32 46 82 31
32 47 82 28
32 48 38 63
32 49 92 12
33 34 66 38
33 35 66 59
33 36 57 66
33 37 18 80
33 38 20 86
33 39 10 53
33 40 50 51
33 41 57 54
33 42 78 45
33 43 8 61
33 44 71 56
33 45 85 36
33 46 56 63
33 47 37 59
33 48 97 27
33 49 83 10
34 35 49 66
34 36 55 52
34 37 88 27
34 38 28 36
34 39 63 30
34 40 34 40
34 41 51 37
34 42 20 75
34 43 34 43
34 44 37 77
34 45 29 44
34 46 94 3
34 47 12 70
34 48 24 70
34 49 21 58
35 36 71 39
35 37 40 63
35 38 87 29
35 39 29 79
35 40 88 22
35 41 74 29
35 42 36 79
35 43 32 68
35 44 41 51
35 45 71 26
35 46 95 33
35 47 97 14
35 48 33 81
35 49 42 35
36 37 22 85
36 38 54 39
36 39 88 12
36 40 81 40
36 41 19 64
36 42 31 59
36 43 82 51
36 44 5 52
36 45 52 67
36 46 44 53
36 47 15 72
36 48 2 76
36 49 35 66
37 38 8 47
37 39 33 34
37 40 36 73
37 41 36 47
37 42 6 96
37 43 86 56
37 44 62 34
37 45 65 41
37 46 85 27
37 47 94 33
37 48 30 62
37 49 25 57
38 39 21 78
38 40 89 49
38 41 24 63
38 42 23 82
38 43 20 64
38 44 57 36
38 45 58 64
38 46 76 23
38 47 0 83
38 48 10 56
38 49 27 62
39 40 82 9
39 41 57 23
39 42 58 27
39 43 36 52
39 44 36 64
39 45 73 44
39 46 50 45
39 47 3 83
39 48 39 76
39 49 92 15
40 41 98 29
40 42 93 51
40 43 85 7
40 44 60 38
40 45 79 33
40 46 9 57
40 47 36 73
40 48 53 69
40 49 92 32
41 42 78 54
41 43 33 61
41 44 45 55
41 45 40 71
41 46 40 70
41 47 64 64
41 48 72 61
41 49 22 52
42 43 90 30
42 44 77 60
42 45 93 49
42 46 66 23
42 47 80 21
42 48 92 33
42 49 60 33
43 44 21 76
43 45 10 53
43 46 2 69
43 47 48 55
43 48 50 45
43 49 48 74
44 45 34 58
44 46 6 57
44 47 58 32
44 48 75 59
44 49 18 43
45 46 67 25
45 47 31 44
45 48 46 62
45 49 66 39
46 47 84 48
46 48 78 57
46 49 81 12
47 48 38 34
47 49 91 18
48 49 80 39
0
2257
99 3620
100 3589
101 3561
102 3538
103 3514
104 3491
105 3483
106 3462
107 3449
108 3441
109 3420
110 3412
111 3404
112 3393
113 3385
114 3379
115 3369
116 3361
117 3355
118 3345
119 3337
120 3331
121 3322
122 3316
123 3307
124 3301
125 3294
126 3288
127 3279
128 3273
129 3266
130 3260
131 3255
132 3249
133 3245
134 3239
135 3233
136 3227
137 3222
138 3216
139 3212
140 3206
141 3203
142 3198
143 3192
144 3187
145 3181
146 3177
147 3171
148 3168
149 3163
150 3158
151 3152
152 3148
153 3142
154 3139
155 3133
156 3130
157 3124
158 3120
159 3114
160 3111
161 3105
162 3102
163 3098
164 3094
165 3090
166 3084
167 3081
168 3075
169 3074
170 3068
171 3064
172 3061
173 3055
174 3052
175 3048
176 3045
177 3042
178 3038
179 3035
180 3031
181 3026
182 3023
183 3019
184 3017
185 3013
186 3009
187 3006
188 3002
189 3000
190 2996
191 2993
192 2988
193 2985
194 2981
195 2979
196 2975
197 2971
198 2968
199 2964
200 2962
201 2958
202 2956
203 2952
204 2950
205 2946
206 2942
207 2939
208 2935
209 2933
210 2929
211 2928
212 2924
213 2922
214 2918
215 2914
216 2911
217 2907
218 2905
219 2901
220 2900
221 2896
222 2894
223 2890
224 2888
225 2885
226 2881
227 2879
228 2875
229 2874
230 2870
231 2868
232 2865
233 2862
234 2859
235 2855
236 2854
237 2850
238 2849
239 2847
240 2844
241 2840
242 2839
243 2835
244 2833
245 2832
246 2830
247 2826
248 2824
249 2820
250 2818
251 2815
252 2814
253 2811
254 2809
255 2805
256 2804
257 2800
258 2798
259 2797
260 2795
261 2791
262 2789
263 2786
264 2783
265 2782
266 2780
267 2776
268 2775
269 2771
270 2769
271 2768
272 2766
273 2765
274 2761
275 2758
276 2754
277 2753
278 2752
279 2750
280 2748
281 2744
283 2740
284 2738
285 2737
286 2735
287 2734
288 2730
289 2727
290 2723
291 2722
293 2719
294 2717
295 2713
297 2710
298 2709
299 2707
300 2706
301 2703
302 2700
303 2698
305 2697
306 2693
308 2690
309 2689
310 2685
312 2684
313 2680
314 2678
316 2677
317 2674
318 2673
319 2672
320 2669
321 2665
323 2664
324 2661
325 2660
327 2658
328 2656
330 2653
331 2649
333 2647
334 2645
335 2644
337 2642
338 2640
340 2638
341 2636
342 2634
343 2631
344 2630
346 2628
347 2626
348 2625
350 2622
351 2621
353 2619
354 2617
355 2616
356 2614
357 2613
358 2612
360 2609
361 2608
363 2605
364 2604
366 2603
367 2600
368 2599
370 2598
371 2595
373 2594
374 2593
375 2592
376 2590
377 2589
378 2588
379 2586
380 2585
382 2583
383 2581
384 2580
386 2578
388 2576
389 2575
390 2574
391 2573
392 2571
393 2570
394 2569
395 2568
397 2566
398 2564
399 2563
401 2562
402 2561
403 2560
404 2559
405 2557
406 2556
407 2555
408 2554
409 2553
410 2552
411 2551
412 2549
413 2548
414 2547
416 2546
417 2545
418 2543
419 2542
421 2541
422 2539
423 2538
424 2537
425 2536
426 2535
427 2534
428 2533
429 2532
430 2531
431 2530
432 2528
433 2527
434 2526
436 2525
437 2523
438 2522
439 2521
440 2520
441 2519
442 2518
443 2517
444 2516
445 2515
446 2513
447 2512
448 2511
450 2510
451 2509
452 2507
453 2506
455 2505
456 2503
457 2502
458 2501
459 2500
460 2499
461 2498
462 2497
463 2496
464 2495
465 2494
466 2492
467 2491
468 2490
470 2489
471 2487
472 2486
473 2485
474 2484
475 2483
476 2482
477 2481
478 2480
479 2479
480 2478
481 2477
482 2476
483 2475
484 2474
485 2473
486 2472
487 2471
488 2470
489 2469
490 2468
491 2466
492 2465
493 2464
494 2463
495 2462
496 2461
497 2460
498 2459
500 2457
501 2456
503 2455
504 2454
505 2453
506 2452
507 2451
508 2450
509 2449
510 2448
511 2446
512 2445
513 2444
514 2443
515 2442
516 2441
517 2440
518 2439
520 2437
521 2436
523 2435
524 2434
525 2433
526 2432
527 2431
528 2430
529 2429
530 2428
531 2427
533 2425
534 2424
536 2423
537 2422
538 2421
539 2420
540 2419
541 2418
543 2417
544 2416
545 2415
546 2414
547 2413
548 2412
549 2411
550 2410
551 2409
552 2408
554 2407
555 2406
556 2405
557 2404
558 2403
559 2402
561 2401
562 2400
563 2399
564 2398
566 2397
567 2396
568 2395
569 2394
570 2393
571 2392
572 2391
574 2390
575 2389
576 2388
577 2387
578 2386
579 2385
581 2384
582 2383
583 2382
584 2381
585 2380
587 2379
588 2378
589 2377
590 2376
591 2375
593 2374
594 2373
595 2372
596 2371
597 2370
598 2369
600 2368
601 2367
602 2366
603 2365
604 2364
606 2363
607 2362
608 2361
609 2360
610 2359
612 2358
613 2357
614 2356
615 2355
616 2354
618 2353
619 2352
620 2351
621 2350
622 2349
624 2348
625 2347
626 2346
627 2345
629 2344
630 2343
631 2342
632 2341
633 2340
634 2339
636 2338
637 2337
638 2336
639 2335
641 2334
642 2333
643 2332
644 2331
645 2330
647 2329
648 2328
649 2327
650 2326
652 2325
653 2324
654 2323
655 2322
656 2321
657 2320
659 2319
660 2318
661 2317
662 2316
664 2315
665 2314
666 2313
667 2312
669 2311
670 2310
671 2309
672 2308
674 2307
675 2306
676 2305
677 2304
678 2303
679 2302
681 2301
682 2300
683 2299
684 2298
686 2297
687 2296
688 2295
689 2294
691 2293
692 2292
693 2291
694 2290
696 2289
697 2288
698 2287
699 2286
701 2285
702 2284
703 2283
704 2282
705 2281
707 2280
708 2279
709 2278
710 2277
712 2276
713 2275
714 2274
715 2273
717 2272
718 2271
719 2270
720 2269
722 2268
723 2267
724 2266
725 2265
727 2264
728 2263
729 2262
730 2261
732 2260
733 2259
734 2258
735 2257
737 2256
738 2255
739 2254
741 2253
742 2252
743 2251
744 2250
746 2249
747 2248
748 2247
749 2246
751 2245
752 2244
753 2243
755 2242
756 2241
757 2240
758 2239
760 2238
761 2237
762 2236
764 2235
765 2234
766 2233
767 2232
769 2231
770 2230
771 2229
772 2228
774 2227
775 2226
776 2225
778 2224
779 2223
780 2222
781 2221
783 2220
784 2219
785 2218
786 2217
788 2216
789 2215
790 2214
792 2213
793 2212
794 2211
795 2210
797 2209
798 2208
799 2207
801 2206
802 2205
803 2204
805 2203
806 2202
807 2201
808 2200
810 2199
811 2198
812 2197
813 2196
815 2195
816 2194
817 2193
819 2192
820 2191
821 2190
822 2189
824 2188
825 2187
827 2186
828 2185
829 2184
830 2183
832 2182
833 2181
835 2180
836 2179
838 2178
839 2177
840 2176
842 2175
843 2174
845 2173
846 2172
847 2171
848 2170
850 2169
851 2168
852 2167
854 2166
855 2165
856 2164
857 2163
859 2162
860 2161
861 2160
863 2159
864 2158
865 2157
866 2156
868 2155
869 2154
871 2153
872 2152
873 2151
874 2150
876 2149
877 2148
879 2147
880 2146
882 2145
883 2144
884 2143
886 2142
887 2141
889 2140
890 2139
891 2138
892 2137
894 2136
895 2135
897 2134
898 2133
899 2132
901 2131
902 2130
904 2129
905 2128
907 2127
908 2126
909 2125
911 2124
912 2123
913 2122
915 2121
916 2120
917 2119
919 2118
920 2117
922 2116
924 2115
925 2114
926 2113
928 2112
929 2111
931 2110
932 2109
933 2108
935 2107
937 2105
938 2104
940 2103
942 2102
944 2101
945 2100
946 2099
947 2098
949 2097
951 2096
952 2095
953 2094
955 2093
956 2092
958 2091
959 2090
961 2089
962 2088
963 2087
965 2086
966 2085
968 2084
969 2083
971 2082
972 2081
973 2080
974 2079
976 2078
978 2077
979 2076
981 2075
982 2074
983 2073
984 2072
986 2071
988 2070
990 2069
991 2068
992 2067
993 2066
995 2065
997 2064
999 2062
1001 2061
1002 2060
1004 2059
1006 2058
1007 2057
1008 2056
1010 2055
1011 2054
1013 2053
1015 2051
1017 2050
1019 2049
1020 2047
1022 2046
1024 2045
1026 2044
1027 2043
1028 2042
1029 2041
1031 2040
1033 2039
1035 2038
1036 2037
1037 2036
1039 2035
1041 2034
1042 2033
1044 2032
1046 2031
1047 2029
1049 2028
1051 2027
1053 2026
1054 2025
1055 2024
1056 2023
1058 2022
1060 2021
1062 2020
1063 2019
1064 2018
1066 2017
1068 2016
1070 2015
1071 2014
1072 2013
1073 2012
1075 2011
1077 2010
1079 2009
1080 2008
1081 2007
1083 2006
1085 2005
1086 2004
1088 2003
1090 2002
1091 2000
1093 1999
1095 1998
1097 1997
1098 1996
1099 1995
1100 1994
1102 1993
1104 1992
1106 1991
1107 1990
1108 1989
1110 1988
1112 1987
1114 1986
1115 1985
1116 1984
1118 1983
1120 1982
1122 1981
1123 1980
1124 1979
1126 1978
1128 1977
1129 1976
1130 1975
1132 1974
1134 1973
1135 1972
1137 1971
1138 1970
1139 1969
1141 1968
1143 1967
1145 1966
1146 1965
1147 1964
1149 1963
1151 1962
1153 1961
1154 1960
1155 1959
1156 1958
1158 1957
1160 1956
1162 1955
1163 1954
1165 1953
1167 1952
1168 1951
1170 1950
1172 1948
1174 1947
1176 1946
1178 1945
1179 1944
1181 1943
1182 1942
1184 1941
1186 1939
1188 1938
1190 1937
1191 1936
1193 1935
1195 1933
1197 1932
1199 1931
1201 1930
1202 1929
1204 1928
1206 1927
1207 1926
1209 1925
1211 1923
1213 1922
1215 1921
1217 1920
1218 1919
1220 1918
1222 1917
1223 1916
1225 1915
1227 1914
1229 1913
1230 1912
1231 1911
1232 1910
1234 1909
1236 1908
1238 1907
1239 1906
1241 1905
1243 1904
1245 1903
1246 1902
1248 1900
1250 1899
1252 1898
1254 1897
1255 1896
1257 1895
1259 1894
1261 1893
1262 1892
1264 1891
1266 1890
1267 1889
1268 1888
1270 1887
1272 1886
1274 1885
1275 1884
1277 1883
1279 1882
1280 1881
1282 1880
1283 1879
1285 1878
1287 1877
1288 1876
1289 1875
1291 1874
1293 1873
1295 1872
1296 1871
1298 1870
1299 1869
1301 1868
1303 1867
1305 1865
1307 1864
1309 1863
1312 1861
1314 1860
1316 1859
1318 1858
1319 1857
1321 1856
1322 1855
1324 1854
1326 1853
1328 1852
1329 1851
1331 1850
1333 1849
1334 1848
1336 1847
1337 1846
1339 1845
1340 1844
1342 1843
1344 1842
1346 1841
1347 1840
1349 1839
1351 1838
1353 1837
1354 1836
1356 1834
1358 1833
1360 1832
1362 1831
1363 1830
1365 1829
1367 1828
1369 1827
1370 1826
1372 1825
1374 1824
1375 1823
1377 1822
1379 1820
1381 1819
1384 1818
1386 1816
1388 1815
1390 1814
1391 1813
1393 1812
1395 1811
1397 1810
1398 1809
1400 1808
1402 1807
1404 1806
1405 1805
1407 1804
1409 1803
1410 1802
1411 1801
1413 1800
1414 1799
1416 1798
1418 1797
1420 1796
1421 1795
1423 1794
1425 1793
1427 1792
1428 1791
1430 1790
1432 1789
1433 1788
1435 1787
1437 1786
1439 1785
1440 1784
1442 1783
1443 1782
1444 1781
1446 1780
1448 1779
1450 1778
1451 1777
1453 1776
1455 1775
1457 1774
1459 1773
1460 1772
1462 1771
1463 1770
1465 1769
1466 1768
1468 1767
1470 1766
1472 1765
1473 1764
1475 1763
1476 1762
1478 1761
1479 1760
1481 1759
1483 1758
1485 1757
1486 1756
1488 1755
1491 1754
1492 1753
1494 1752
1495 1751
1497 1750
1498 1749
1500 1748
1501 1747
1503 1746
1505 1745
1507 1744
1508 1743
1510 1742
1511 1741
1513 1740
1515 1739
1517 1738
1518 1737
1520 1736
1522 1735
1524 1734
1526 1733
1527 1732
1529 1731
1530 1730
1531 1729
1533 1728
1536 1727
1537 1726
1538 1725
1540 1724
1543 1723
1545 1722
1546 1721
1547 1720
1549 1719
1550 1718
1552 1717
1554 1716
1556 1715
1557 1714
1559 1713
1561 1712
1563 1711
1564 1710
1566 1708
1568 1707
1571 1706
1573 1704
1575 1703
1578 1702
1580 1701
1582 1699
1585 1697
1587 1696
1589 1695
1592 1693
1594 1692
1596 1691
1599 1690
1601 1688
1604 1687
1606 1685
1608 1684
1611 1683
1613 1682
1614 1681
1615 1680
1618 1679
1620 1678
1622 1677
1623 1676
1625 1675
1626 1674
1628 1673
1630 1672
1632 1671
1633 1670
1635 1669
1637 1668
1639 1667
1640 1666
1642 1664
1646 1663
1647 1662
1649 1660
1652 1659
1654 1658
1656 1657
1658 1656
1659 1655
1661 1653
1663 1652
1667 1651
1668 1649
1671 1648
1673 1647
1675 1646
1677 1645
1678 1644
1680 1643
1682 1641
1686 1640
1687 1639
1689 1638
1691 1637
1692 1636
1694 1635
1696 1634
1698 1633
1700 1632
1701 1631
1704 1630
1705 1629
1706 1628
1708 1627
1710 1626
1713 1625
1714 1624
1716 1623
1717 1622
1719 1621
1720 1620
1723 1619
1724 1618
1727 1617
1728 1616
1731 1615
1732 1614
1734 1613
1735 1612
1738 1610
1742 1608
1745 1607
1746 1606
1748 1605
1750 1604
1752 1603
1754 1602
1755 1601
1757 1600
1759 1599
1761 1598
1762 1597
1764 1596
1766 1595
1768 1594
1770 1593
1772 1592
1773 1591
1776 1589
1779 1588
1781 1587
1783 1586
1784 1585
1787 1584
1788 1583
1790 1582
1791 1581
1794 1580
1795 1579
1798 1577
1801 1576
1802 1575
1804 1574
1806 1573
1808 1572
1810 1571
1811 1570
1814 1569
1815 1568
1817 1567
1819 1566
1821 1565
1823 1564
1824 1563
1826 1562
1829 1560
1832 1559
1833 1558
1836 1557
1837 1556
1839 1555
1841 1554
1843 1553
1844 1552
1847 1551
1848 1550
1851 1548
1854 1547
1855 1546
1857 1545
1859 1544
1861 1543
1863 1542
1864 1541
1866 1540
1868 1539
1871 1538
1872 1537
1874 1536
1876 1535
1877 1534
1879 1533
1881 1532
1883 1531
1885 1530
1886 1529
1889 1528
1890 1527
1892 1526
1894 1525
1896 1524
1898 1523
1900 1522
1901 1521
1904 1520
1905 1519
1907 1518
1908 1517
1911 1516
1912 1515
1914 1514
1916 1513
1918 1512
1920 1511
1921 1510
1923 1509
1926 1508
1928 1507
1929 1506
1931 1505
1933 1504
1934 1503
1936 1502
1939 1501
1940 1500
1942 1499
1943 1498
1946 1497
1948 1496
1949 1495
1951 1494
1954 1493
1955 1492
1957 1491
1959 1490
1961 1489
1962 1488
1964 1487
1966 1486
1968 1485
1970 1484
1971 1483
1974 1482
1976 1481
1977 1480
1979 1479
1982 1478
1983 1477
1985 1476
1987 1475
1989 1474
1990 1473
1992 1472
1994 1471
1996 1470
1998 1469
2000 1468
2002 1467
2004 1466
2005 1465
2008 1464
2009 1463
2011 1462
2013 1461
2015 1460
2017 1459
2019 1458
2020 1457
2023 1456
2024 1455
2026 1454
2028 1453
2030 1452
2032 1451
2034 1450
2036 1449
2037 1448
2039 1447
2042 1446
2043 1445
2045 1444
2047 1443
2049 1442
2051 1441
2053 1440
2054 1439
2056 1438
2058 1437
2060 1436
2062 1435
2064 1434
2066 1433
2068 1432
2070 1431
2071 1430
2073 1429
2076 1428
2077 1427
2079 1426
2081 1425
2083 1424
2085 1423
2087 1422
2089 1421
2090 1420
2092 1419
2095 1418
2096 1417
2098 1416
2100 1415
2102 1414
2104 1413
2106 1412
2108 1411
2110 1410
2112 1409
2113 1408
2115 1407
2118 1406
2119 1405
2121 1404
2123 1403
2125 1402
2127 1401
2129 1400
2131 1399
2132 1398
2134 1397
2137 1396
2138 1395
2140 1394
2142 1393
2144 1392
2146 1391
2148 1390
2150 1389
2152 1388
2154 1387
2156 1386
2158 1385
2160 1384
2162 1383
2163 1382
2165 1381
2168 1380
2169 1379
2171 1378
2173 1377
2175 1376
2177 1375
2179 1374
2181 1373
2182 1372
2184 1371
2187 1370
2188 1369
2190 1368
2192 1367
2194 1366
2196 1365
2198 1364
2200 1363
2202 1362
2204 1361
2206 1360
2208 1359
2210 1358
2212 1357
2213 1356
2215 1355
2218 1354
2219 1353
2221 1352
2223 1351
2225 1350
2227 1349
2229 1348
2231 1347
2233 1346
2235 1345
2237 1344
2239 1343
2241 1342
2243 1341
2245 1340
2247 1339
2249 1338
2251 1337
2253 1336
2255 1335
2257 1334
2259 1333
2260 1332
2263 1331
2265 1330
2266 1329
2268 1328
2270 1327
2272 1326
2274 1325
2276 1324
2278 1323
2280 1322
2282 1321
2284 1320
2286 1319
2288 1318
2290 1317
2292 1316
2294 1315
2296 1314
2298 1313
2299 1312
2301 1311
2304 1310
2305 1309
2307 1308
2310 1307
2311 1306
2313 1305
2315 1304
2317 1303
2319 1302
2321 1301
2323 1300
2325 1299
2327 1298
2329 1297
2331 1296
2333 1295
2335 1294
2337 1293
2339 1292
2341 1291
2343 1290
2345 1289
2346 1288
2349 1287
2351 1286
2352 1285
2355 1284
2357 1283
2358 1282
2360 1281
2363 1280
2364 1279
2366 1278
2368 1277
2370 1276
2372 1275
2374 1274
2376 1273
2378 1272
2380 1271
2382 1270
2384 1269
2386 1268
2388 1267
2390 1266
2392 1265
2394 1264
2396 1263
2398 1262
2400 1261
2402 1260
2404 1259
2406 1258
2408 1257
2410 1256
2411 1255
2414 1254
2416 1253
2417 1252
2420 1251
2422 1250
2423 1249
2425 1248
2428 1247
2429 1246
2431 1245
2433 1244
2436 1243
2437 1242
2439 1241
2442 1240
2443 1239
2445 1238
2447 1237
2449 1236
2451 1235
2454 1234
2455 1233
2457 1232
2459 1231
2461 1230
2463 1229
2466 1228
2467 1227
2469 1226
2471 1225
2473 1224
2475 1223
2477 1222
2480 1221
2481 1220
2483 1219
2485 1218
2487 1217
2489 1216
2492 1215
2494 1214
2495 1213
2497 1212
2499 1211
2502 1210
2504 1209
2506 1208
2508 1207
2509 1206
2511 1205
2514 1204
2516 1203
2518 1202
2520 1201
2522 1200
2523 1199
2525 1198
2528 1197
2530 1196
2532 1195
2534 1194
2536 1193
2537 1192
2540 1191
2542 1190
2544 1189
2546 1188
2548 1187
2550 1186
2552 1185
2554 1184
2556 1183
2558 1182
2560 1181
2562 1180
2564 1179
2566 1178
2568 1177
2570 1176
2573 1175
2575 1174
2576 1173
2578 1172
2580 1171
2583 1170
2585 1169
2587 1168
2589 1167
2590 1166
2592 1165
2595 1164
2597 1163
2599 1162
2601 1161
2603 1160
2604 1159
2606 1158
2609 1157
2611 1156
2613 1155
2615 1154
2617 1153
2618 1152
2621 1151
2623 1150
2625 1149
2627 1148
2629 1147
2631 1146
2633 1145
2635 1144
2637 1143
2639 1142
2641 1141
2644 1140
2646 1139
2647 1138
2649 1137
2651 1136
2654 1135
2656 1134
2658 1133
2660 1132
2661 1131
2664 1130
2666 1129
2668 1128
2670 1127
2672 1126
2674 1125
2677 1124
2678 1123
2680 1122
2682 1121
2684 1120
2687 1119
2689 1118
2691 1117
2693 1116
2694 1115
2697 1114
2699 1113
2701 1112
2703 1111
2705 1110
2708 1109
2710 1108
2712 1107
2713 1106
2716 1105
2717 1104
2720 1103
2722 1102
2724 1101
2727 1100
2728 1099
2730 1098
2732 1097
2735 1096
2736 1095
2739 1094
2741 1093
2743 1092
2746 1091
2747 1090
2749 1089
2751 1088
2754 1087
2755 1086
2758 1085
2760 1084
2762 1083
2765 1082
2766 1081
2768 1080
2770 1079
2773 1078
2774 1077
2777 1076
2779 1075
2781 1074
2784 1073
2785 1072
2787 1071
2789 1070
2792 1069
2793 1068
2796 1067
2798 1066
2800 1065
2803 1064
2804 1063
2806 1062
2808 1061
2811 1060
2812 1059
2815 1058
2817 1057
2819 1056
2822 1055
2823 1054
2825 1053
2827 1052
2830 1051
2831 1050
2834 1049
2836 1048
2838 1047
2841 1046
2842 1045
2844 1044
2847 1043
2849 1042
2850 1041
2853 1040
2855 1039
2857 1038
2860 1037
2861 1036
2863 1035
2866 1034
2868 1033
2870 1032
2872 1031
2874 1030
2876 1029
2879 1028
2880 1027
2883 1026
2885 1025
2887 1024
2889 1023
2891 1022
2894 1021
2896 1020
2898 1019
2900 1018
2902 1017
2904 1016
2906 1015
2908 1014
2910 1013
2913 1012
2915 1011
2918 1010
2919 1009
2921 1008
2923 1007
2926 1006
2928 1005
2930 1004
2932 1003
2934 1002
2937 1001
2938 1000
2941 999
2943 998
2945 997
2947 996
2949 995
2951 994
2954 993
2956 992
2958 991
2960 990
2962 989
2964 988
2967 987
2968 986
2971 985
2973 984
2975 983
2977 982
2980 981
2981 980
2984 979
2986 978
2988 977
2990 976
2993 975
2994 974
2997 973
2999 972
3001 971
3003 970
3006 969
3007 968
3010 967
3012 966
3014 965
3016 964
3019 963
3020 962
3023 961
3025 960
3027 959
3031 958
3032 957
3033 956
3037 955
3038 954
3040 953
3043 952
3045 951
3048 950
3050 949
3051 948
3054 947
3056 946
3058 945
3061 944
3063 943
3065 942
3067 941
3070 940
3071 939
3074 938
3076 937
3078 936
3080 935
3083 934
3084 933
3087 932
3089 931
3091 930
3094 929
3096 928
3097 927
3101 926
3102 925
3104 924
3107 923
3109 922
3111 921
3114 920
3115 919
3119 918
3120 917
3122 916
3125 915
3127 914
3129 913
3132 912
3134 911
3136 910
3138 909
3140 908
3142 907
3145 906
3147 905
3149 904
3152 903
3154 902
3155 901
3159 900
3160 899
3162 898
3165 897
3167 896
3169 895
3172 894
3173 893
3177 892
3178 891
3180 890
3184 889
3185 888
3187 887
3190 886
3192 885
3194 884
3197 883
3198 882
3201 881
3203 880
3205 879
3208 878
3210 877
3212 876
3215 875
3217 874
3219 873
3222 872
3223 871
3226 870
3228 869
3230 868
3233 867
3235 866
3237 865
3240 864
3242 863
3245 862
3247 861
3248 860
3251 859
3253 858
3255 857
3258 856
3260 855
3263 854
3265 853
3267 852
3269 851
3272 850
3274 849
3276 848
3279 847
3281 846
3283 845
3285 844
3288 843
3290 842
3293 841
3295 840
3297 839
3300 838
3302 837
3304 836
3306 835
3309 834
3311 833
3314 832
3315 831
3318 830
3320 829
3322 828
3325 827
3327 826
3330 825
3332 824
3334 823
3336 822
3339 821
3341 820
3343 819
3346 818
3348 817
3350 816
3352 815
3355 814
3357 813
3360 812
3362 811
3364 810
3367 809
3369 808
3371 807
3373 806
3376 805
3378 804
3381 803
3384 802
3385 801
3387 800
3390 799
3392 798
3395 797
3397 796
3399 795
3401 794
3405 793
3406 792
3408 791
3411 790
3414 789
3416 788
3419 787
3420 786
3422 785
3426 784
3427 783
3430 782
3433 781
3435 780
3436 779
3440 778
3442 777
3444 776
3447 775
3449 774
3451 773
3454 772
3456 771
3457 770
3461 769
3463 768
3465 767
3468 766
3470 765
3472 764
3475 763
3478 762
3480 761
3483 760
3484 759
3486 758
3489 757
3491 756
3494 755
3497 754
3499 753
3500 752
3503 751
3506 750
3508 749
3511 748
3514 747
3515 746
3518 745
3521 743
3524 742
3527 741
3530 740
3532 739
3535 738
3536 737
3539 736
3542 735
3545 734
3547 733
3550 732
3551 731
3553 730
3557 729
3558 728
3561 727
3564 726
3566 725
3567 724
3571 723
3573 722
3575 721
3578 720
3581 719
3582 718
3585 717
3588 715
3592 714
3594 713
3597 712
3599 711
3602 710
3603 709
3607 708
3609 707
3613 706
3614 705
3617 704
3620 703
3621 702
3624 701
3627 700
3628 699
3632 698
3635 697
3636 696
3639 695
3642 694
3643 693
3647 692
3649 691
3653 690
3654 689
3657 688
3660 687
3661 686
3664 685
3668 684
3669 683
3672 682
3675 681
3676 680
3680 679
3682 678
3685 677
3687 676
3690 675
3693 674
3694 673
3697 672
3701 671
3703 670
3705 669
3708 668
3709 667
3714 666
3715 665
3718 664
3720 663
3724 662
3726 661
3729 660
3730 659
3735 658
3736 657
3739 656
3741 655
3746 654
3747 653
3750 652
3751 651
3757 649
3761 648
3762 647
3767 646
3768 645
3772 643
3779 641
3782 640
3783 639
3788 638
3792 637
3795 636
3798 635
3800 634
3803 632
3809 631
3810 630
3815 629
3817 628
3821 627
3824 626
3827 625
3828 624
3832 623
3835 622
3840 621
3842 620
3845 619
3848 617
3852 616
3855 615
3859 614
3863 613
3866 612
3870 611
3873 610
3874 609
3878 608
3880 607
3884 606
3887 605
3891 604
3895 603
3898 602
3902 601
3905 600
3908 599
3911 597
3915 596
3918 595
3922 594
3926 593
3930 592
3933 591
3937 589
3941 588
3943 587
3947 586
3950 585
3954 584
3958 583
3962 582
3965 581
3968 580
3972 579
3974 578
3978 577
3981 576
3985 575
3989 574
3993 573
3996 572
4000 571
4003 570
4007 569
4011 568
4015 567
4018 566
4022 565
4026 564
4030 563
4034 562
4038 561
4041 560
4045 559
4049 558
4053 557
4058 556
4061 555
4065 554
4069 553
4073 552
4078 551
4082 550
4086 549
4090 548
4094 547
4098 546
4102 545
4106 544
4111 543
4117 542
4122 541
4128 540
4132 539
4136 538
4141 537
4150 536
4153 535
4159 534
4166 533
4175 532
4181 531
4184 530
4197 529
4200 528
4210 527
4223 526
4226 525
4249 524
4252 523
