50
0 1 36 79
0 2 59 42
0 3 66 41
0 4 87 42
0 5 47 50
0 6 58 28
0 7 23 19
0 8 70 48
0 9 0 20
0 10 79 53
0 11 97 12
0 12 65 75
0 13 78 11
0 14 92 33
0 15 92 77
0 16 93 70
0 17 42 12
0 18 30 71
0 19 36 31
0 20 34 19
0 21 58 26
0 22 27 87
0 23 98 71
0 24 80 68
0 25 1 95
0 26 91 72
0 27 65 11
0 28 62 75
0 29 6 79
0 30 57 53
0 31 42 22
0 32 97 2
0 33 80 83
0 34 59 86
0 35 20 89
0 36 10 83
0 37 88 6
0 38 77 26
0 39 47 64
0 40 99 15
0 41 12 75
0 42 83 66
0 43 79 71
0 44 78 19
0 45 73 23
0 46 57 64
0 47 22 19
0 48 11 56
0 49 55 58
1 2 90 41
1 3 50 41
1 4 96 25
1 5 54 34
1 6 23 17
1 7 84 13
1 8 38 77
1 9 78 27
1 10 68 86
1 11 71 44
1 12 94 38
1 13 94 49
1 14 15 65
1 15 53 48
1 16 91 18
1 17 86 6
1 18 61 16
1 19 25 18
1 20 67 51
1 21 67 10
1 22 70 22
1 23 76 13
1 24 99 2
1 25 20 30
1 26 21 33
1 27 79 30
1 28 70 26
1 29 49 32
1 30 40 54
1 31 53 64
1 32 45 23
1 33 4 95
1 34 82 32
1 35 75 53
1 36 38 53
1 37 93 70
1 38 26 56
1 39 75 19
1 40 19 90
1 41 24 86
1 42 64 63
1 43 31 85
1 44 21 48
1 45 50 19
1 46 71 68
1 47 75 37
1 48 49 69
1 49 55 60
2 3 17 76
2 4 4 49
2 5 83 25
2 6 23 27
2 7 3 89
2 8 21 32
2 9 97 8
2 10 55 11
2 11 73 31
2 12 21 77
2 13 50 86
2 14 0 38
2 15 24 86
2 16 68 31
2 17 36 58
2 18 11 75
2 19 69 64
2 20 48 59
2 21 42 70
2 22 78 56
2 23 32 41
2 24 23 68
2 25 76 52
2 26 54 36
2 27 90 23
2 28 6 91
2 29 51 44
2 30 97 41
2 31 19 81
2 32 68 27
2 33 98 73
2 34 27 61
2 35 59 77
2 36 79 43
2 37 10 83
2 38 55 33
2 39 35 86
2 40 50 80
2 41 52 54
2 42 17 68
2 43 65 16
2 44 47 31
2 45 63 9
2 46 38 13
2 47 39 88
2 48 3 95
2 49 43 35
3 4 26 89
3 5 4 81
3 6 17 19
3 7 46 40
3 8 23 89
3 9 71 42
3 10 67 43
3 11 65 40
3 12 56 15
3 13 46 17
3 14 86 56
3 15 74 29
3 16 30 29
3 17 21 36
3 18 46 17
3 19 32 86
3 20 39 59
3 21 45 12
3 22 62 77
3 23 45 90
3 24 28 34
3 25 63 45
3 26 3 89
3 27 64 84
3 28 13 71
3 29 97 20
3 30 79 56
3 31 98 9
3 32 94 73
3 33 70 34
3 34 69 71
3 35 18 85
3 36 22 60
3 37 98 10
3 38 92 74
3 39 29 45
3 40 79 43
3 41 11 47
3 42 89 47
3 43 69 27
3 44 97 43
3 45 61 61
3 46 35 77
3 47 49 72
3 48 24 80
3 49 7 31
4 5 29 32
4 6 31 39
4 7 57 53
4 8 71 21
4 9 18 87
4 10 26 60
4 11 60 77
4 12 22 67
4 13 78 76
4 14 42 27
4 15 10 65
4 16 63 11
4 17 0 80
4 18 13 25
4 19 74 42
4 20 53 87
4 21 67 54
4 22 40 13
4 23 70 8
4 24 50 49
4 25 10 43
4 26 29 55
4 27 20 43
4 28 70 56
4 29 49 32
4 30 56 82
4 31 53 14
4 32 74 50
4 33 69 39
4 34 64 71
4 35 65 53
4 36 2 44
4 37 7 35
4 38 37 89
4 39 65 46
4 40 8 83
4 41 93 78
4 42 80 19
4 43 92 42
4 44 8 95
4 45 69 8
4 46 86 32
4 47 23 85
4 48 81 82
4 49 73 17
5 6 73 6
5 7 36 83
5 8 28 67
5 9 89 18
5 10 91 22
5 11 83 42
5 12 77 20
5 13 2 49
5 14 78 33
5 15 75 7
5 16 43 79
5 17 40 67
5 18 18 91
5 19 51 37
5 20 9 90
5 21 57 88
5 22 59 45
5 23 19 42
5 24 43 32
5 25 70 58
5 26 64 11
5 27 34 86
5 28 73 47
5 29 60 41
5 30 90 33
5 31 71 48
5 32 70 17
5 33 76 29
5 34 11 91
5 35 57 46
5 36 87 13
5 37 76 14
5 38 59 48
5 39 63 16
5 40 80 19
5 41 0 58
5 42 7 60
5 43 79 33
5 44 19 19
5 45 4 48
5 46 10 68
5 47 81 19
5 48 58 75
5 49 59 33
6 7 35 91
6 8 97 29
6 9 1 71
6 10 7 60
6 11 34 90
6 12 26 38
6 13 53 19
6 14 80 77
6 15 42 30
6 16 11 91
6 17 48 10
6 18 45 45
6 19 72 31
6 20 0 74
6 21 6 35
6 22 1 93
6 23 41 60
6 24 15 41
6 25 98 46
6 26 51 70
6 27 36 62
6 28 35 90
6 29 49 23
6 30 84 24
6 31 21 32
6 32 80 83
6 33 65 9
6 34 86 70
6 35 25 20
6 36 42 45
6 37 95 4
6 38 20 60
6 39 15 54
6 40 82 43
6 41 27 55
6 42 87 44
6 43 86 22
6 44 80 47
6 45 48 22
6 46 34 21
6 47 48 40
6 48 39 49
6 49 51 64
7 8 58 26
7 9 59 84
7 10 62 43
7 11 68 83
7 12 18 31
7 13 28 31
7 14 96 2
7 15 74 56
7 16 99 73
7 17 6 37
7 18 44 53
7 19 98 75
7 20 89 20
7 21 98 36
7 22 91 24
7 23 54 60
7 24 12 75
7 25 8 53
7 26 38 60
7 27 22 24
7 28 76 6
7 29 82 15
7 30 70 42
7 31 25 60
7 32 34 68
7 33 79 7
7 34 6 74
7 35 52 23
7 36 65 12
7 37 85 49
7 38 63 82
7 39 58 24
7 40 28 46
7 41 37 84
7 42 51 37
7 43 90 27
7 44 81 21
7 45 22 88
7 46 86 24
7 47 73 31
7 48 88 81
7 49 77 61
8 9 36 76
8 10 57 47
8 11 36 21
8 12 67 60
8 13 4 97
8 14 58 43
8 15 40 88
8 16 87 19
8 17 21 20
8 18 18 86
8 19 61 84
8 20 21 73
8 21 23 75
8 22 2 78
8 23 36 43
8 24 32 43
8 25 44 46
8 26 36 80
8 27 94 48
8 28 82 61
8 29 57 51
8 30 48 39
8 31 93 74
8 32 43 54
8 33 90 27
8 34 14 47
8 35 38 73
8 36 49 22
8 37 19 57
8 38 38 28
8 39 83 73
8 40 90 47
8 41 17 26
8 42 1 75
8 43 9 41
8 44 46 21
8 45 70 25
8 46 23 28
8 47 91 11
8 48 96 14
8 49 55 43
9 10 30 58
9 11 44 51
9 12 21 69
9 13 61 71
9 14 2 98
9 15 76 15
9 16 28 54
9 17 94 59
9 18 69 58
9 19 36 92
9 20 50 27
9 21 61 60
9 22 62 50
9 23 96 77
9 24 55 39
9 25 53 38
9 26 27 33
9 27 27 82
9 28 73 78
9 29 4 80
9 30 2 38
9 31 58 9
9 32 89 67
9 33 96 76
9 34 88 50
9 35 12 67
9 36 39 76
9 37 91 6
9 38 62 12
9 39 46 42
9 40 99 37
9 41 52 28
9 42 50 25
9 43 13 83
9 44 3 48
9 45 23 71
9 46 49 83
9 47 9 79
9 48 97 78
9 49 84 25
10 11 6 21
10 12 12 58
10 13 65 7
10 14 26 92
10 15 92 72
10 16 19 84
10 17 60 50
10 18 44 38
10 19 96 48
10 20 91 19
10 21 35 88
10 22 28 24
10 23 29 48
10 24 29 28
10 25 22 48
10 26 98 2
10 27 70 36
10 28 75 20
10 29 7 20
10 30 28 49
10 31 83 58
10 32 72 76
10 33 48 18
10 34 60 51
10 35 24 43
10 36 41 23
10 37 37 81
10 38 60 40
10 39 20 79
10 40 14 94
10 41 27 79
10 42 65 22
10 43 41 16
10 44 21 73
10 45 29 45
10 46 59 87
10 47 30 35
10 48 2 31
10 49 20 55
11 12 80 68
11 13 73 44
11 14 36 59
11 15 97 72
11 16 84 41
11 17 27 34
11 18 49 33
11 19 49 76
11 20 95 62
11 21 65 22
11 22 66 79
11 23 26 42
11 24 28 72
11 25 45 51
11 26 25 86
11 27 28 20
11 28 79 65
11 29 19 36
11 30 86 62
11 31 40 24
11 32 1 32
11 33 83 26
11 34 13 36
11 35 58 72
11 36 58 69
11 37 36 23
11 38 22 38
11 39 74 69
11 40 24 24
11 41 73 22
11 42 41 52
11 43 10 27
11 44 52 18
11 45 5 69
11 46 66 6
11 47 18 56
11 48 91 8
11 49 33 20
12 13 95 69
12 14 71 84
12 15 27 65
12 16 30 69
12 17 6 84
12 18 85 23
12 19 11 20
12 20 10 28
12 21 11 87
12 22 93 20
12 23 76 23
12 24 46 60
12 25 44 34
12 26 71 18
12 27 11 38
12 28 77 31
12 29 26 87
12 30 19 77
12 31 92 47
12 32 66 50
12 33 18 16
12 34 70 70
12 35 95 61
12 36 37 24
12 37 5 97
12 38 52 52
12 39 83 55
12 40 66 72
12 41 19 59
12 42 33 72
12 43 42 25
12 44 42 40
12 45 3 45
12 46 54 53
12 47 24 56
12 48 21 27
12 49 29 79
13 14 60 16
13 15 24 88
13 16 34 30
13 17 82 24
13 18 46 47
13 19 73 71
13 20 6 82
13 21 18 79
13 22 21 51
13 23 91 59
13 24 55 29
13 25 34 25
13 26 18 65
13 27 75 37
13 28 22 31
13 29 30 53
13 30 95 1
13 31 54 40
13 32 12 83
13 33 22 70
13 34 67 75
13 35 15 68
13 36 83 34
13 37 6 19
13 38 26 46
13 39 85 36
13 40 86 34
13 41 85 59
13 42 6 92
13 43 71 52
13 44 9 55
13 45 80 56
13 46 10 88
13 47 32 90
13 48 31 39
13 49 51 52
14 15 68 16
14 16 87 80
14 17 28 42
14 18 11 22
14 19 29 49
14 20 37 73
14 21 69 15
14 22 44 53
14 23 38 77
14 24 72 47
14 25 79 57
14 26 53 68
14 27 49 22
14 28 79 68
14 29 66 22
14 30 78 26
14 31 30 39
14 32 5 34
14 33 11 63
14 34 73 35
14 35 78 4
14 36 11 32
14 37 58 25
14 38 27 30
14 39 87 80
14 40 49 76
14 41 92 39
14 42 27 18
14 43 87 48
14 44 2 63
14 45 25 20
14 46 25 61
14 47 88 79
14 48 44 30
14 49 5 89
15 16 99 8
15 17 64 51
15 18 70 66
15 19 61 47
15 20 75 35
15 21 87 32
15 22 74 29
15 23 90 37
15 24 84 38
15 25 36 13
15 26 12 70
15 27 91 17
15 28 2 52
15 29 53 25
15 30 53 51
15 31 77 75
15 32 3 29
15 33 42 75
15 34 53 85
15 35 64 36
15 36 61 23
15 37 94 16
15 38 55 61
15 39 72 70
15 40 32 26
15 41 38 77
15 42 15 44
15 43 90 76
15 44 50 38
15 45 40 54
15 46 67 7
15 47 28 22
15 48 89 67
15 49 19 56
16 17 81 80
16 18 49 25
16 19 11 70
16 20 41 32
16 21 28 48
16 22 58 30
16 23 66 31
16 24 64 57
16 25 44 24
16 26 8 25
16 27 10 70
16 28 3 66
16 29 64 55
16 30 97 34
16 31 44 73
16 32 59 64
16 33 4 96
16 34 43 80
16 35 68 29
16 36 36 64
16 37 19 55
16 38 51 41
16 39 69 67
16 40 90 52
16 41 3 70
16 42 61 12
16 43 2 65
16 44 95 42
16 45 67 62
16 46 8 25
16 47 39 38
16 48 40 15
16 49 61 52
17 18 14 69
17 19 41 89
17 20 69 52
17 21 57 66
17 22 71 39
17 23 76 66
17 24 15 68
17 25 97 50
17 26 32 81
17 27 24 20
17 28 36 89
17 29 66 46
17 30 60 19
17 31 77 26
17 32 21 50
17 33 36 71
17 34 89 5
17 35 18 86
17 36 42 91
17 37 13 23
17 38 99 74
17 39 90 30
17 40 91 57
17 41 62 44
17 42 7 77
17 43 19 81
17 44 67 9
17 45 59 57
17 46 34 86
17 47 33 81
17 48 18 19
17 49 4 91
18 19 31 40
18 20 70 69
18 21 77 48
18 22 23 17
18 23 86 14
18 24 79 69
18 25 2 59
18 26 87 22
18 27 57 9
18 28 50 34
18 29 32 80
18 30 65 22
18 31 24 30
18 32 33 20
18 33 28 27
18 34 98 45
18 35 61 9
18 36 61 44
18 37 11 41
18 38 9 89
18 39 47 31
18 40 15 21
18 41 76 42
18 42 37 33
18 43 18 85
18 44 87 10
18 45 1 23
18 46 95 5
18 47 4 42
18 48 45 31
18 49 24 20
19 20 72 9
19 21 60 55
19 22 65 79
19 23 12 28
19 24 86 67
19 25 66 41
19 26 57 38
19 27 45 30
19 28 87 76
19 29 35 79
19 30 22 81
19 31 13 42
19 32 32 73
19 33 13 25
19 34 86 81
19 35 48 44
19 36 61 35
19 37 87 61
19 38 38 57
19 39 23 55
19 40 90 17
19 41 55 16
19 42 92 13
19 43 41 23
19 44 21 77
19 45 17 53
19 46 33 46
19 47 62 18
19 48 10 64
19 49 22 17
20 21 22 94
20 22 83 48
20 23 65 70
20 24 35 61
20 25 4 86
20 26 59 22
20 27 66 55
20 28 84 70
20 29 57 28
20 30 73 68
20 31 68 24
20 32 64 44
20 33 76 65
20 34 36 67
20 35 57 30
20 36 26 25
20 37 91 54
20 38 13 78
20 39 81 9
20 40 31 69
20 41 88 48
20 42 42 21
20 43 48 50
20 44 99 15
20 45 37 62
20 46 84 62
20 47 56 64
20 48 87 36
20 49 41 70
21 22 26 33
21 23 66 36
21 24 82 17
21 25 58 80
21 26 58 60
21 27 19 39
21 28 44 20
21 29 93 40
21 30 33 36
21 31 47 76
21 32 94 48
21 33 47 74
21 34 73 27
21 35 38 82
21 36 18 52
21 37 50 81
21 38 90 55
21 39 65 29
21 40 67 29
21 41 10 25
21 42 75 64
21 43 93 9
21 44 53 11
21 45 97 13
21 46 74 5
21 47 83 63
21 48 62 66
21 49 96 25
22 23 40 27
22 24 83 30
22 25 65 86
22 26 13 52
22 27 93 1
22 28 88 52
22 29 56 76
22 30 55 22
22 31 7 79
22 32 54 50
22 33 92 50
22 34 53 70
22 35 85 19
22 36 84 20
22 37 95 37
22 38 95 64
22 39 20 23
22 40 90 5
22 41 56 72
22 42 7 69
22 43 10 71
22 44 32 63
22 45 83 74
22 46 41 70
22 47 97 44
22 48 5 34
22 49 63 73
23 24 45 62
23 25 35 91
23 26 95 32
23 27 22 40
23 28 56 45
23 29 80 17
23 30 59 45
23 31 7 41
23 32 17 26
23 33 77 33
23 34 43 22
23 35 71 74
23 36 68 77
23 37 90 3
23 38 29 72
23 39 38 83
23 40 4 80
23 41 11 47
23 42 55 47
23 43 30 72
23 44 58 61
23 45 30 76
23 46 1 89
23 47 80 37
23 48 76 49
23 49 22 19
24 25 1 48
24 26 55 77
24 27 81 30
24 28 85 71
24 29 31 32
24 30 64 49
24 31 20 44
24 32 95 24
24 33 11 25
24 34 24 30
24 35 14 38
24 36 41 68
24 37 12 20
24 38 45 80
24 39 16 50
24 40 69 11
24 41 74 68
24 42 2 64
24 43 42 34
24 44 23 17
24 45 84 24
24 46 30 31
24 47 71 63
24 48 64 39
24 49 38 41
25 26 54 10
25 27 41 17
25 28 1 30
25 29 14 85
25 30 56 85
25 31 50 38
25 32 98 37
25 33 53 88
25 34 98 26
25 35 18 21
25 36 44 47
25 37 40 49
25 38 27 52
25 39 99 21
25 40 69 50
25 41 60 23
25 42 88 58
25 43 94 3
25 44 91 37
25 45 25 29
25 46 11 87
25 47 19 66
25 48 25 24
25 49 29 36
26 27 75 18
26 28 86 26
26 29 47 45
26 30 89 57
26 31 82 68
26 32 91 40
26 33 55 12
26 34 29 60
26 35 54 20
26 36 31 43
26 37 75 25
26 38 41 64
26 39 82 41
26 40 94 11
26 41 32 66
26 42 94 33
26 43 98 34
26 44 88 29
26 45 5 29
26 46 76 27
26 47 1 23
26 48 49 40
26 49 81 41
27 28 87 12
27 29 60 36
27 30 93 12
27 31 12 86
27 32 26 55
27 33 57 82
27 34 30 54
27 35 74 8
27 36 64 56
27 37 88 57
27 38 93 60
27 39 69 82
27 40 98 29
27 41 71 21
27 42 43 18
27 43 44 55
27 44 29 47
27 45 30 45
27 46 21 25
27 47 45 45
27 48 84 58
27 49 32 63
28 29 22 56
28 30 48 88
28 31 8 53
28 32 91 76
28 33 3 97
28 34 18 86
28 35 39 43
28 36 16 78
28 37 30 87
28 38 69 13
28 39 93 10
28 40 96 23
28 41 90 20
28 42 3 55
28 43 91 4
28 44 86 39
28 45 62 65
28 46 83 53
28 47 38 88
28 48 21 90
28 49 2 62
29 30 79 14
29 31 23 75
29 32 77 36
29 33 86 5
29 34 80 10
29 35 88 47
29 36 32 77
29 37 57 33
29 38 47 16
29 39 34 63
29 40 41 26
29 41 16 93
29 42 67 55
29 43 87 24
29 44 80 22
29 45 62 57
29 46 75 77
29 47 35 22
29 48 73 8
29 49 59 44
30 31 85 46
30 32 48 61
30 33 39 40
30 34 61 42
30 35 6 27
30 36 60 61
30 37 86 50
30 38 67 21
30 39 42 30
30 40 34 84
30 41 44 33
30 42 52 60
30 43 81 12
30 44 9 52
30 45 22 68
30 46 1 54
30 47 34 81
30 48 54 24
30 49 17 67
31 32 71 24
31 33 49 76
31 34 95 50
31 35 22 46
31 36 0 26
31 37 15 77
31 38 48 19
31 39 62 83
31 40 33 82
31 41 95 78
31 42 24 34
31 43 78 22
31 44 43 48
31 45 68 29
31 46 91 76
31 47 75 23
31 48 25 46
31 49 3 69
32 33 95 73
32 34 66 23
32 35 62 48
32 36 14 17
32 37 68 10
32 38 75 43
32 39 18 49
32 40 5 77
32 41 58 38
32 42 79 70
32 43 4 42
32 44 85 38
32 45 42 53
32 46 45 19
32 47 44 89
32 48 34 85
32 49 38 75
33 34 55 44
33 35 1 95
33 36 26 82
33 37 92 22
33 38 33 89
33 39 44 12
33 40 50 43
33 41 29 52
33 42 26 27
33 43 8 37
33 44 66 62
33 45 77 9
33 46 66 41
33 47 36 69
33 48 83 66
33 49 73 52
34 35 69 54
34 36 85 71
34 37 90 63
34 38 59 17
34 39 11 36
34 40 51 62
34 41 37 67
34 42 50 35
34 43 92 14
34 44 50 32
34 45 68 73
34 46 89 51
34 47 60 46
34 48 15 19
34 49 92 61
35 36 45 17
35 37 77 77
35 38 15 49
35 39 51 34
35 40 18 43
35 41 61 10
35 42 29 70
35 43 52 17
35 44 56 18
35 45 49 15
35 46 99 22
35 47 82 60
35 48 66 82
35 49 85 54
36 37 24 46
36 38 55 16
36 39 49 61
36 40 90 56
36 41 70 20
36 42 47 82
36 43 32 36
36 44 77 11
36 45 20 71
36 46 10 76
36 47 40 80
36 48 61 24
36 49 41 22
37 38 69 62
37 39 7 32
37 40 70 61
37 41 50 54
37 42 93 13
37 43 75 8
37 44 14 17
37 45 59 35
37 46 30 62
37 47 87 18
37 48 60 12
37 49 1 94
38 39 67 32
38 40 6 53
38 41 18 84
38 42 87 23
38 43 78 59
38 44 77 18
38 45 9 35
38 46 30 19
38 47 89 77
38 48 77 83
38 49 65 16
39 40 99 42
39 41 14 69
39 42 85 31
39 43 33 36
39 44 70 40
39 45 35 59
39 46 91 38
39 47 77 20
39 48 66 42
39 49 62 34
40 41 39 28
40 42 45 49
40 43 75 59
40 44 3 78
40 45 45 64
40 46 58 61
40 47 75 69
40 48 82 11
40 49 41 81
41 42 53 34
41 43 85 82
41 44 44 21
41 45 48 63
41 46 85 31
41 47 32 91
41 48 67 8
41 49 99 5
42 43 61 24
42 44 40 89
42 45 15 19
42 46 52 36
42 47 50 56
42 48 24 85
42 49 58 63
43 44 87 61
43 45 81 38
43 46 76 22
43 47 64 80
43 48 21 75
43 49 15 84
44 45 8 28
44 46 40 41
44 47 55 38
44 48 31 49
44 49 69 35
45 46 16 60
45 47 29 16
45 48 86 58
45 49 68 56
46 47 18 67
46 48 87 75
46 49 62 82
47 48 88 35
47 49 13 55
48 49 22 23
0
1092
122 3015
123 2965
124 2921
125 2889
126 2860
127 2828
128 2804
129 2782
130 2758
131 2734
132 2712
133 2692
134 2674
135 2652
136 2632
137 2615
138 2600
139 2580
140 2563
141 2550
142 2534
143 2519
144 2504
145 2488
146 2475
147 2461
148 2444
149 2429
150 2416
151 2403
152 2386
153 2371
154 2358
155 2345
156 2334
157 2314
158 2301
159 2292
161 2283
162 2274
163 2263
164 2253
165 2243
166 2234
168 2225
169 2215
170 2205
171 2195
172 2186
174 2177
175 2168
176 2157
177 2148
178 2143
179 2139
180 2130
181 2127
182 2114
183 2105
184 2103
185 2099
186 2090
187 2087
188 2074
189 2065
191 2060
192 2051
193 2048
194 2036
195 2027
197 2022
198 2013
199 2010
200 2003
201 2001
202 1996
203 1990
204 1981
206 1976
207 1967
208 1964
209 1957
210 1955
211 1950
212 1945
213 1940
214 1935
215 1933
216 1928
217 1921
218 1918
219 1911
220 1909
221 1904
222 1899
223 1894
224 1891
225 1887
226 1882
227 1877
228 1874
229 1870
230 1864
231 1860
232 1854
233 1852
234 1847
235 1842
236 1837
237 1834
238 1830
239 1825
240 1820
241 1817
242 1813
243 1808
244 1803
245 1800
246 1798
247 1791
248 1788
249 1783
250 1781
251 1776
252 1771
253 1769
254 1764
255 1759
256 1755
257 1752
258 1747
259 1742
260 1738
261 1735
262 1730
263 1725
264 1722
265 1718
266 1713
267 1710
268 1705
269 1703
270 1698
271 1693
272 1691
273 1686
274 1683
275 1678
276 1676
277 1672
278 1666
279 1664
280 1660
281 1658
282 1654
283 1650
284 1646
285 1644
286 1638
287 1634
288 1632
289 1628
290 1626
291 1623
292 1618
293 1617
294 1612
295 1606
297 1600
299 1596
300 1593
301 1591
302 1587
303 1585
304 1582
305 1581
306 1576
307 1570
309 1564
310 1563
311 1560
312 1557
313 1555
314 1551
315 1549
316 1546
317 1544
318 1541
319 1535
321 1529
322 1527
324 1521
325 1520
326 1516
327 1514
328 1511
329 1508
330 1506
331 1503
332 1501
333 1498
334 1492
336 1486
338 1485
339 1479
340 1477
341 1473
342 1471
343 1468
345 1464
346 1461
347 1458
348 1455
349 1453
351 1452
352 1446
354 1440
356 1439
357 1437
358 1435
359 1431
361 1430
362 1425
364 1420
366 1419
367 1416
369 1411
371 1408
372 1405
374 1402
375 1401
376 1399
377 1396
379 1393
380 1392
381 1388
382 1387
383 1386
384 1384
386 1379
387 1378
388 1377
389 1375
390 1374
391 1370
392 1369
393 1367
394 1364
396 1361
397 1360
398 1358
399 1355
401 1352
402 1351
403 1349
404 1346
405 1345
406 1343
407 1342
408 1340
409 1337
410 1336
411 1334
412 1333
413 1331
414 1328
416 1325
417 1324
418 1322
419 1319
420 1318
421 1316
422 1315
423 1313
424 1312
425 1309
426 1307
427 1306
428 1304
429 1303
430 1301
431 1298
434 1294
435 1292
436 1289
437 1288
440 1283
441 1282
442 1279
446 1273
449 1271
450 1270
451 1269
452 1266
453 1265
454 1264
455 1261
456 1260
457 1259
459 1255
461 1254
462 1253
463 1250
467 1244
470 1242
471 1241
472 1240
473 1237
474 1236
475 1235
476 1232
477 1231
478 1230
480 1226
485 1222
487 1221
488 1220
489 1217
490 1216
491 1215
493 1211
497 1208
500 1207
501 1206
502 1204
503 1202
506 1199
507 1198
508 1197
510 1193
515 1191
516 1190
517 1189
518 1188
520 1184
524 1182
525 1181
526 1180
528 1176
531 1175
533 1174
534 1173
535 1172
536 1171
538 1167
543 1166
544 1165
546 1163
547 1162
549 1158
554 1157
556 1154
559 1151
561 1149
567 1145
570 1142
572 1140
577 1138
579 1136
582 1133
585 1131
588 1129
590 1127
593 1124
600 1120
603 1118
604 1117
606 1115
611 1111
617 1108
621 1107
622 1104
624 1102
631 1099
635 1095
640 1094
641 1093
642 1092
644 1090
648 1089
649 1086
655 1083
659 1082
660 1079
662 1077
670 1075
671 1074
673 1070
678 1069
683 1068
684 1066
686 1064
689 1062
695 1061
696 1059
697 1057
701 1056
706 1055
707 1054
710 1052
712 1051
713 1049
717 1048
720 1046
721 1045
725 1043
730 1042
731 1041
734 1040
736 1038
737 1037
741 1035
745 1034
748 1032
749 1031
754 1030
755 1029
759 1027
761 1026
764 1024
765 1023
772 1021
773 1020
776 1019
779 1018
782 1016
783 1015
788 1013
789 1012
792 1011
796 1010
799 1009
800 1008
805 1007
806 1005
807 1004
810 1003
815 1001
816 1000
820 999
823 998
826 997
829 996
831 995
833 993
834 992
840 991
842 989
846 988
847 987
852 986
853 985
857 984
858 983
860 981
866 980
869 979
870 978
871 977
873 976
879 974
883 973
884 972
889 971
891 970
894 969
895 968
897 966
903 965
907 964
908 963
911 962
915 961
917 960
919 959
921 957
926 956
928 955
932 954
934 953
935 952
941 951
945 950
946 949
948 948
950 947
952 946
957 945
958 944
959 943
964 942
966 941
970 940
974 939
976 937
981 936
983 935
987 934
988 933
990 932
995 931
999 930
1001 929
1003 928
1005 927
1007 926
1012 925
1013 924
1014 923
1019 922
1021 921
1025 920
1030 919
1032 918
1034 917
1036 916
1040 915
1042 914
1043 913
1045 912
1050 911
1054 910
1056 909
1061 908
1063 907
1067 906
1069 905
1072 904
1073 903
1074 902
1078 901
1083 900
1085 899
1089 898
1094 897
1096 896
1100 895
1102 894
1105 893
1106 892
1107 891
1114 890
1117 889
1118 888
1123 887
1126 886
1130 885
1131 884
1135 883
1138 882
1139 881
1146 880
1147 879
1149 878
1153 877
1158 876
1159 875
1163 874
1164 873
1170 872
1173 871
1175 870
1179 869
1181 868
1182 867
1189 866
1191 865
1193 864
1196 863
1201 862
1204 861
1206 860
1210 859
1213 858
1214 857
1221 856
1222 855
1225 854
1230 853
1233 852
1234 851
1238 850
1239 849
1245 848
1248 847
1250 846
1254 845
1259 844
1263 843
1265 842
1266 841
1271 839
1277 838
1279 837
1282 836
1287 835
1290 834
1293 833
1296 832
1300 831
1304 830
1307 829
1311 827
1317 826
1320 825
1322 824
1325 823
1328 822
1332 821
1336 820
1339 819
1343 818
1347 817
1350 816
1354 815
1357 814
1360 813
1362 812
1368 810
1373 809
1376 808
1379 807
1382 806
1387 805
1389 804
1393 803
1398 802
1400 801
1405 800
1409 799
1411 798
1414 797
1417 796
1421 795
1425 794
1428 793
1432 792
1436 791
1439 790
1442 789
1446 788
1449 787
1451 786
1457 784
1462 783
1465 782
1468 781
1471 780
1476 779
1478 778
1482 777
1487 776
1489 775
1494 774
1498 773
1500 772
1505 771
1508 770
1511 769
1514 768
1517 767
1521 766
1525 765
1528 764
1531 763
1536 762
1538 761
1542 760
1547 759
1549 758
1554 757
1558 756
1562 755
1565 754
1569 753
1573 752
1576 751
1580 750
1583 749
1587 748
1592 747
1594 746
1599 745
1603 744
1609 743
1610 742
1615 741
1619 740
1621 739
1626 738
1630 737
1632 736
1637 735
1642 734
1644 733
1648 732
1655 731
1659 730
1661 729
1665 728
1670 727
1671 726
1676 725
1681 724
1682 723
1690 722
1694 721
1697 720
1701 719
1705 718
1710 717
1714 716
1716 715
1721 714
1724 713
1729 712
1732 711
1735 710
1741 709
1745 708
1750 707
1755 706
1758 705
1762 704
1767 703
1768 702
1773 701
1778 700
1779 699
1786 698
1789 697
1794 696
1798 695
1802 694
1807 693
1811 692
1813 691
1818 690
1821 689
1826 688
1829 687
1832 686
1840 685
1844 684
1847 683
1852 682
1856 681
1860 680
1864 679
1867 678
1872 677
1875 676
1880 675
1883 674
1886 673
1894 672
1897 671
1900 670
1905 669
1911 668
1915 667
1918 666
1922 665
1926 664
1931 663
1934 662
1940 661
1943 660
1948 659
1951 658
1954 657
1959 656
1966 655
1970 654
1973 653
1979 652
1983 651
1986 650
1990 649
1994 648
1999 647
2004 646
2007 645
2013 644
2016 643
2021 642
2024 641
2027 640
2035 639
2039 638
2043 637
2047 636
2052 635
2056 634
2059 633
2063 632
2067 631
2074 630
2077 629
2083 628
2086 627
2089 626
2094 625
2097 624
2103 623
2109 622
2114 621
2117 620
2121 619
2125 618
2129 617
2134 616
2137 615
2144 614
2148 613
2153 612
2156 611
2159 610
2165 609
2169 608
2176 607
2179 606
2184 605
2188 604
2191 603
2196 602
2199 601
2205 600
2211 599
2216 598
2219 597
2224 596
2227 595
2231 594
2237 593
2242 592
2246 591
2251 590
2256 589
2259 588
2264 587
2267 586
2274 585
2278 584
2284 583
2288 582
2291 581
2296 580
2299 579
2306 578
2310 577
2314 576
2320 575
2325 574
2331 573
2334 572
2338 571
2342 570
2346 569
2353 568
2357 567
2363 566
2366 565
2371 564
2374 563
2381 562
2385 561
2389 560
2395 559
2400 558
2404 557
2410 556
2413 555
2417 554
2421 553
2428 552
2432 551
2438 550
2442 549
2447 548
2453 547
2456 546
2461 545
2464 544
2471 543
2475 542
2479 541
2485 540
2490 539
2495 538
2499 537
2503 536
2509 535
2514 534
2519 533
2522 532
2529 531
2533 530
2539 529
2543 528
2546 527
2553 526
2558 525
2563 524
2567 523
2574 522
2578 521
2584 520
2588 519
2591 518
2598 517
2603 516
2609 515
2612 514
2619 513
2624 512
2631 511
2634 510
2640 509
2643 508
2650 507
2654 506
2661 505
2664 504
2670 503
2676 502
2682 501
2686 500
2692 499
2698 498
2704 497
2708 496
2714 495
2717 494
2722 493
2728 492
2734 491
2738 490
2744 489
2750 488
2756 487
2760 486
2766 485
2772 484
2778 483
2783 482
2788 481
2793 480
2796 479
2803 478
2808 477
2815 476
2818 475
2824 474
2830 473
2836 472
2841 471
2847 470
2853 469
2859 468
2865 467
2870 466
2877 465
2881 464
2887 463
2893 462
2899 461
2904 460
2910 459
2916 458
2922 457
2928 456
2933 455
2940 454
2945 453
2951 452
2957 451
2963 450
2968 449
2974 448
2980 447
2986 446
2992 445
2997 444
3004 443
3009 442
3016 441
3021 440
3028 439
3033 438
3039 437
3045 436
3051 435
3056 434
3062 433
3068 432
3074 431
3080 430
3085 429
3093 428
3097 427
3105 426
3110 425
3117 424
3122 423
3129 422
3136 421
3142 420
3149 419
3154 418
3161 417
3168 416
3175 415
3181 414
3188 413
3193 412
3200 411
3207 410
3213 409
3220 408
3227 407
3233 406
3239 405
3245 404
3252 403
3259 402
3266 401
3272 400
3279 399
3284 398
3291 397
3298 396
3305 395
3312 394
3318 393
3326 392
3330 391
3340 390
3344 389
3355 388
3358 387
3369 386
3373 385
3383 384
3387 383
3397 382
3403 381
3414 380
3417 379
3428 378
3432 377
3442 376
3446 375
3456 374
3462 373
3473 372
3476 371
3487 370
3492 369
3502 368
3508 367
3516 366
3522 365
3532 364
3544 363
3546 362
3558 361
3562 360
3572 359
3578 358
3591 357
3592 356
3605 355
3623 354
3628 353
3641 352
3643 351
3655 350
3668 349
3679 348
3691 347
3704 346
3722 345
3744 344
3757 343
3775 342
3806 341
3824 340
3858 339
3891 338
3925 337
3963 336
