50
0 1 18 79
0 2 82 19
0 3 37 65
0 4 73 34
0 5 56 41
0 6 69 33
0 7 45 57
0 8 14 74
0 9 5 83
0 10 87 18
0 11 46 50
0 12 83 23
0 13 21 71
0 14 95 9
0 15 59 48
0 16 89 19
0 17 97 4
0 18 44 57
0 19 19 78
0 20 82 27
0 21 91 12
0 22 26 75
0 23 49 53
0 24 92 6
0 25 13 80
0 26 9 78
0 27 41 56
0 28 11 85
0 29 40 64
0 30 78 26
0 31 54 39
0 32 85 15
0 33 56 47
0 34 3 90
0 35 1 86
0 36 7 80
0 37 90 15
0 38 95 5
0 39 39 63
0 40 26 72
0 41 44 61
0 42 40 51
0 43 97 7
0 44 37 56
0 45 54 38
0 46 8 80
0 47 90 12
0 48 95 7
0 49 69 34
1 2 30 68
1 3 63 39
1 4 58 48
1 5 41 57
1 6 64 35
1 7 17 81
1 8 15 71
1 9 67 33
1 10 14 76
1 11 69 32
1 12 73 37
1 13 3 87
1 14 16 71
1 15 96 5
1 16 99 13
1 17 30 63
1 18 90 14
1 19 86 24
1 20 9 82
1 21 54 50
1 22 60 40
1 23 54 48
1 24 80 22
1 25 79 22
1 26 49 49
1 27 26 68
1 28 66 33
1 29 78 27
1 30 51 47
1 31 81 16
1 32 37 63
1 33 50 55
1 34 83 25
1 35 94 12
1 36 25 75
1 37 41 61
1 38 59 44
1 39 94 12
1 40 14 74
1 41 35 62
1 42 25 63
1 43 59 38
1 44 40 52
1 45 85 14
1 46 89 18
1 47 52 48
1 48 6 91
1 49 39 65
2 3 40 53
2 4 17 79
2 5 23 70
2 6 20 79
2 7 63 31
2 8 31 64
2 9 5 93
2 10 34 68
2 11 45 55
2 12 5 92
2 13 91 16
2 14 55 43
2 15 79 22
2 16 99 6
2 17 66 32
2 18 63 34
2 19 85 16
2 20 57 36
2 21 21 78
2 22 37 57
2 23 98 2
2 24 20 72
2 25 37 59
2 26 76 27
2 27 97 4
2 28 40 53
2 29 90 11
2 30 37 54
2 31 32 69
2 32 84 24
2 33 30 65
2 34 12 85
2 35 46 48
2 36 57 38
2 37 65 39
2 38 33 69
2 39 92 6
2 40 48 45
2 41 35 68
2 42 98 9
2 43 43 51
2 44 62 40
2 45 9 84
2 46 64 31
2 47 27 72
2 48 64 33
2 49 39 54
3 4 36 68
3 5 13 75
3 6 92 12
3 7 9 84
3 8 63 38
3 9 75 31
3 10 82 25
3 11 61 38
3 12 10 84
3 13 69 32
3 14 27 72
3 15 23 74
3 16 88 24
3 17 7 87
3 18 12 74
3 19 13 74
3 20 59 39
3 21 6 88
3 22 21 69
3 23 36 57
3 24 43 61
3 25 92 13
3 26 16 82
3 27 15 73
3 28 32 71
3 29 30 61
3 30 18 75
3 31 60 37
3 32 84 14
3 33 55 39
3 34 12 82
3 35 92 9
3 36 8 85
3 37 53 51
3 38 36 62
3 39 21 80
3 40 84 22
3 41 6 82
3 42 50 47
3 43 27 70
3 44 7 91
3 45 16 70
3 46 79 21
3 47 83 22
3 48 37 59
3 49 52 50
4 5 42 49
4 6 66 28
4 7 31 72
4 8 58 40
4 9 82 15
4 10 48 54
4 11 48 50
4 12 98 6
4 13 13 75
4 14 26 73
4 15 67 35
4 16 54 40
4 17 49 56
4 18 37 62
4 19 73 35
4 20 69 36
4 21 19 82
4 22 29 68
4 23 54 51
4 24 30 73
4 25 78 29
4 26 83 14
4 27 51 51
4 28 34 59
4 29 57 38
4 30 30 67
4 31 69 33
4 32 52 47
4 33 64 38
4 34 41 60
4 35 37 64
4 36 93 12
4 37 77 27
4 38 20 79
4 39 80 29
4 40 41 52
4 41 49 55
4 42 55 44
4 43 57 36
4 44 68 33
4 45 14 81
4 46 64 45
4 47 70 34
4 48 84 20
4 49 42 54
5 6 17 71
5 7 79 24
5 8 47 45
5 9 51 46
5 10 45 52
5 11 59 38
5 12 73 34
5 13 70 36
5 14 2 85
5 15 3 93
5 16 31 72
5 17 17 71
5 18 29 65
5 19 20 76
5 20 55 38
5 21 76 32
5 22 19 77
5 23 77 28
5 24 29 64
5 25 95 5
5 26 55 47
5 27 51 53
5 28 33 68
5 29 56 37
5 30 77 32
5 31 64 39
5 32 33 61
5 33 46 50
5 34 76 28
5 35 5 86
5 36 78 23
5 37 10 89
5 38 81 26
5 39 39 56
5 40 34 69
5 41 13 81
5 42 35 58
5 43 73 24
5 44 98 6
5 45 14 86
5 46 22 67
5 47 56 46
5 48 32 63
5 49 79 20
6 7 18 83
6 8 5 92
6 9 17 84
6 10 72 34
6 11 49 42
6 12 78 29
6 13 53 41
6 14 31 64
6 15 64 39
6 16 86 25
6 17 51 54
6 18 38 65
6 19 10 82
6 20 2 93
6 21 59 39
6 22 57 37
6 23 4 87
6 24 77 29
6 25 85 24
6 26 11 76
6 27 93 14
6 28 66 31
6 29 44 53
6 30 62 43
6 31 93 9
6 32 37 52
6 33 8 86
6 34 29 63
6 35 55 50
6 36 21 79
6 37 4 89
6 38 24 71
6 39 86 26
6 40 8 92
6 41 63 33
6 42 1 85
6 43 0 99
6 44 13 74
6 45 72 36
6 46 41 51
6 47 8 81
6 48 22 72
6 49 23 71
7 8 22 78
7 9 20 73
7 10 76 26
7 11 48 52
7 12 41 61
7 13 31 62
7 14 5 84
7 15 74 33
7 16 30 73
7 17 41 58
7 18 50 45
7 19 21 70
7 20 47 49
7 21 66 39
7 22 86 14
7 23 38 62
7 24 76 32
7 25 22 66
7 26 80 20
7 27 74 26
7 28 92 16
7 29 42 60
7 30 87 13
7 31 30 66
7 32 71 37
7 33 24 71
7 34 60 44
7 35 20 77
7 36 14 84
7 37 64 34
7 38 94 17
7 39 26 69
7 40 80 16
7 41 33 59
7 42 34 56
7 43 22 67
7 44 31 69
7 45 66 37
7 46 1 97
7 47 68 36
7 48 7 89
7 49 69 34
8 9 75 33
8 10 73 24
8 11 29 65
8 12 29 66
8 13 11 77
8 14 52 45
8 15 74 29
8 16 57 39
8 17 75 35
8 18 23 68
8 19 41 58
8 20 17 70
8 21 84 20
8 22 12 84
8 23 27 68
8 24 88 21
8 25 15 72
8 26 25 78
8 27 80 24
8 28 76 21
8 29 39 62
8 30 49 45
8 31 40 55
8 32 47 50
8 33 92 12
8 34 5 93
8 35 54 46
8 36 39 65
8 37 29 71
8 38 31 68
8 39 15 84
8 40 55 46
8 41 26 73
8 42 57 49
8 43 78 29
8 44 1 90
8 45 79 31
8 46 86 12
8 47 80 19
8 48 36 62
8 49 78 26
9 10 47 47
9 11 60 37
9 12 3 84
9 13 87 25
9 14 41 54
9 15 53 46
9 16 38 57
9 17 21 81
9 18 83 27
9 19 1 85
9 20 13 78
9 21 70 34
9 22 11 86
9 23 86 24
9 24 85 12
9 25 15 86
9 26 29 73
9 27 67 31
9 28 59 37
9 29 37 57
9 30 16 83
9 31 51 53
9 32 68 38
9 33 25 73
9 34 1 87
9 35 97 12
9 36 93 9
9 37 75 21
9 38 25 69
9 39 79 22
9 40 16 83
9 41 83 26
9 42 41 63
9 43 94 19
9 44 30 73
9 45 89 23
9 46 26 67
9 47 79 26
9 48 70 39
9 49 81 29
10 11 15 79
10 12 84 26
10 13 58 41
10 14 50 54
10 15 47 49
10 16 33 57
10 17 24 75
10 18 50 55
10 19 79 22
10 20 69 28
10 21 59 40
10 22 65 40
10 23 39 61
10 24 49 50
10 25 20 74
10 26 55 52
10 27 49 49
10 28 96 9
10 29 72 25
10 30 3 91
10 31 68 26
10 32 86 22
10 33 38 56
10 34 67 34
10 35 68 32
10 36 71 27
10 37 65 38
10 38 77 29
10 39 88 14
10 40 67 28
10 41 96 12
10 42 90 14
10 43 34 60
10 44 87 17
10 45 98 9
10 46 16 83
10 47 74 34
10 48 97 15
10 49 35 59
11 12 67 33
11 13 63 33
11 14 83 27
11 15 93 8
11 16 31 58
11 17 47 59
11 18 62 34
11 19 30 67
11 20 1 88
11 21 72 28
11 22 14 81
11 23 31 59
11 24 91 10
11 25 82 25
11 26 41 59
11 27 36 61
11 28 34 62
11 29 8 79
11 30 23 68
11 31 57 39
11 32 97 11
11 33 12 77
11 34 97 16
11 35 43 62
11 36 86 22
11 37 11 85
11 38 19 83
11 39 24 77
11 40 4 84
11 41 53 48
11 42 8 85
11 43 36 61
11 44 1 90
11 45 86 24
11 46 86 19
11 47 31 61
11 48 69 29
11 49 62 43
12 13 41 62
12 14 8 80
12 15 36 59
12 16 37 63
12 17 43 56
12 18 46 49
12 19 29 62
12 20 33 57
12 21 93 16
12 22 46 54
12 23 99 15
12 24 77 29
12 25 36 56
12 26 73 33
12 27 2 92
12 28 19 82
12 29 68 37
12 30 35 64
12 31 31 71
12 32 77 19
12 33 96 14
12 34 93 14
12 35 21 75
12 36 90 20
12 37 35 59
12 38 60 36
12 39 50 51
12 40 93 12
12 41 19 68
12 42 96 12
12 43 89 21
12 44 38 54
12 45 52 48
12 46 67 32
12 47 21 69
12 48 57 50
12 49 22 73
13 14 45 56
13 15 60 42
13 16 60 35
13 17 91 13
13 18 53 51
13 19 23 70
13 20 37 54
13 21 68 28
13 22 20 73
13 23 12 83
13 24 12 80
13 25 56 46
13 26 76 24
13 27 48 47
13 28 70 38
13 29 34 57
13 30 63 36
13 31 46 53
13 32 19 72
13 33 42 55
13 34 66 34
13 35 85 13
13 36 17 78
13 37 59 44
13 38 1 90
13 39 82 22
13 40 53 44
13 41 83 24
13 42 94 7
13 43 43 62
13 44 54 42
13 45 72 26
13 46 58 45
13 47 72 35
13 48 6 91
13 49 13 88
14 15 17 70
14 16 54 42
14 17 95 12
14 18 58 41
14 19 57 50
14 20 4 84
14 21 57 46
14 22 90 20
14 23 54 46
14 24 18 78
14 25 17 84
14 26 16 74
14 27 60 40
14 28 69 33
14 29 85 24
14 30 76 21
14 31 26 64
14 32 54 47
14 33 19 70
14 34 22 69
14 35 47 55
14 36 46 45
14 37 4 85
14 38 15 76
14 39 23 65
14 40 82 27
14 41 64 31
14 42 29 60
14 43 49 46
14 44 31 63
14 45 87 14
14 46 36 57
14 47 32 67
14 48 70 38
14 49 10 82
15 16 7 83
15 17 68 29
15 18 48 55
15 19 40 53
15 20 97 2
15 21 37 66
15 22 79 24
15 23 40 55
15 24 78 31
15 25 65 33
15 26 84 19
15 27 13 78
15 28 79 30
15 29 35 67
15 30 2 97
15 31 0 92
15 32 79 20
15 33 85 23
15 34 22 73
15 35 6 91
15 36 61 42
15 37 69 39
15 38 94 6
15 39 66 43
15 40 35 64
15 41 30 59
15 42 41 54
15 43 3 87
15 44 50 43
15 45 51 48
15 46 16 79
15 47 54 49
15 48 33 67
15 49 1 84
16 17 98 11
16 18 22 67
16 19 10 83
16 20 42 55
16 21 59 38
16 22 38 53
16 23 46 59
16 24 66 31
16 25 13 82
16 26 65 40
16 27 60 42
16 28 98 10
16 29 80 28
16 30 87 18
16 31 3 82
16 32 51 51
16 33 38 60
16 34 25 69
16 35 83 26
16 36 5 86
16 37 60 46
16 38 81 20
16 39 0 90
16 40 58 39
16 41 59 39
16 42 54 49
16 43 94 10
16 44 95 15
16 45 12 81
16 46 78 24
16 47 96 17
16 48 62 44
16 49 1 92
17 18 22 68
17 19 68 35
17 20 97 9
17 21 50 46
17 22 72 38
17 23 28 70
17 24 34 69
17 25 54 53
17 26 48 44
17 27 15 73
17 28 36 59
17 29 98 11
17 30 4 95
17 31 7 81
17 32 44 54
17 33 40 52
17 34 79 23
17 35 67 39
17 36 64 42
17 37 51 53
17 38 28 74
17 39 55 39
17 40 89 22
17 41 88 15
17 42 44 51
17 43 54 40
17 44 29 71
17 45 49 43
17 46 9 90
17 47 71 25
17 48 38 60
17 49 32 68
18 19 20 68
18 20 1 89
18 21 25 71
18 22 64 40
18 23 48 47
18 24 10 85
18 25 5 81
18 26 82 27
18 27 56 51
18 28 64 32
18 29 5 90
18 30 84 13
18 31 9 77
18 32 22 69
18 33 66 38
18 34 20 70
18 35 51 47
18 36 25 72
18 37 93 18
18 38 85 24
18 39 55 40
18 40 93 19
18 41 86 17
18 42 81 22
18 43 30 62
18 44 64 39
18 45 32 58
18 46 43 57
18 47 68 31
18 48 48 44
18 49 13 75
19 20 85 21
19 21 66 43
19 22 80 17
19 23 93 16
19 24 53 48
19 25 71 28
19 26 53 54
19 27 81 20
19 28 11 76
19 29 9 89
19 30 79 28
19 31 7 87
19 32 2 84
19 33 87 21
19 34 28 61
19 35 46 48
19 36 91 21
19 37 90 9
19 38 37 61
19 39 16 83
19 40 84 28
19 41 33 56
19 42 50 55
19 43 17 73
19 44 64 44
19 45 55 38
19 46 23 69
19 47 11 77
19 48 87 19
19 49 99 13
20 21 62 40
20 22 60 37
20 23 59 34
20 24 40 55
20 25 97 16
20 26 81 30
20 27 65 29
20 28 2 96
20 29 73 31
20 30 88 12
20 31 59 35
20 32 64 34
20 33 11 78
20 34 4 82
20 35 29 73
20 36 17 75
20 37 12 81
20 38 8 92
20 39 93 8
20 40 6 89
20 41 63 43
20 42 49 55
20 43 96 9
20 44 56 45
20 45 45 61
20 46 28 73
20 47 61 40
20 48 67 31
20 49 57 48
21 22 19 70
21 23 51 50
21 24 17 73
21 25 76 20
21 26 88 14
21 27 94 13
21 28 91 14
21 29 61 40
21 30 69 32
21 31 19 77
21 32 84 23
21 33 52 47
21 34 83 19
21 35 41 61
21 36 37 58
21 37 77 23
21 38 89 16
21 39 90 14
21 40 95 18
21 41 11 80
21 42 31 71
21 43 63 45
21 44 70 30
21 45 0 93
21 46 52 49
21 47 79 25
21 48 29 61
21 49 29 65
22 23 42 54
22 24 34 67
22 25 65 31
22 26 53 49
22 27 51 42
22 28 75 22
22 29 3 82
22 30 22 72
22 31 28 75
22 32 12 76
22 33 34 58
22 34 66 32
22 35 25 65
22 36 97 14
22 37 33 62
22 38 17 82
22 39 90 8
22 40 90 20
22 41 94 19
22 42 90 18
22 43 70 30
22 44 29 71
22 45 78 21
22 46 51 55
22 47 9 77
22 48 25 66
22 49 97 11
23 24 80 21
23 25 52 43
23 26 42 48
23 27 81 28
23 28 11 83
23 29 66 30
23 30 12 78
23 31 3 92
23 32 90 19
23 33 49 45
23 34 84 24
23 35 17 81
23 36 77 24
23 37 76 33
23 38 50 54
23 39 63 39
23 40 42 58
23 41 85 23
23 42 25 78
23 43 79 27
23 44 40 53
23 45 98 11
23 46 46 57
23 47 75 23
23 48 55 50
23 49 15 75
24 25 35 59
24 26 64 40
24 27 14 81
24 28 9 88
24 29 48 56
24 30 10 83
24 31 48 52
24 32 5 87
24 33 62 35
24 34 31 70
24 35 78 24
24 36 17 81
24 37 49 50
24 38 65 33
24 39 16 76
24 40 86 26
24 41 93 14
24 42 15 77
24 43 29 61
24 44 84 16
24 45 44 58
24 46 53 49
24 47 96 12
24 48 97 10
24 49 37 56
25 26 58 42
25 27 56 45
25 28 79 23
25 29 3 83
25 30 82 28
25 31 34 68
25 32 94 7
25 33 25 70
25 34 41 54
25 35 54 50
25 36 9 89
25 37 19 82
25 38 30 66
25 39 50 54
25 40 39 51
25 41 30 73
25 42 1 92
25 43 69 29
25 44 84 13
25 45 12 86
25 46 67 29
25 47 38 64
25 48 17 75
25 49 22 66
26 27 81 20
26 28 78 27
26 29 60 41
26 30 79 25
26 31 32 61
26 32 15 75
26 33 68 29
26 34 48 44
26 35 11 85
26 36 38 55
26 37 31 65
26 38 73 24
26 39 99 3
26 40 3 90
26 41 10 80
26 42 63 32
26 43 14 80
26 44 74 32
26 45 63 37
26 46 9 83
26 47 65 30
26 48 68 37
26 49 49 54
27 28 9 87
27 29 18 81
27 30 61 39
27 31 50 48
27 32 53 52
27 33 7 88
27 34 30 63
27 35 45 48
27 36 32 58
27 37 70 32
27 38 20 76
27 39 61 37
27 40 25 72
27 41 28 70
27 42 39 58
27 43 5 91
27 44 40 65
27 45 81 22
27 46 59 48
27 47 49 52
27 48 49 55
27 49 64 35
28 29 2 93
28 30 29 69
28 31 57 47
28 32 63 32
28 33 9 87
28 34 4 92
28 35 15 86
28 36 9 83
28 37 36 59
28 38 4 86
28 39 32 61
28 40 82 15
28 41 4 82
28 42 52 42
28 43 33 56
28 44 78 26
28 45 30 60
28 46 23 64
28 47 27 74
28 48 62 39
28 49 88 13
29 30 32 64
29 31 21 71
29 32 95 9
29 33 60 43
29 34 54 47
29 35 61 37
29 36 38 54
29 37 37 58
29 38 6 86
29 39 11 82
29 40 54 52
29 41 64 43
29 42 0 91
29 43 23 79
29 44 44 51
29 45 68 36
29 46 10 80
29 47 80 29
29 48 15 74
29 49 18 72
30 31 21 79
30 32 9 83
30 33 84 24
30 34 1 87
30 35 93 13
30 36 38 61
30 37 66 31
30 38 3 93
30 39 75 25
30 40 44 58
30 41 0 93
30 42 75 24
30 43 91 9
30 44 43 53
30 45 92 12
30 46 92 7
30 47 4 92
30 48 68 33
30 49 20 69
31 32 67 40
31 33 21 80
31 34 37 67
31 35 80 24
31 36 50 49
31 37 70 32
31 38 85 16
31 39 64 33
31 40 18 81
31 41 26 72
31 42 5 92
31 43 72 37
31 44 49 43
31 45 46 59
31 46 47 50
31 47 54 42
31 48 60 35
31 49 3 88
32 33 50 49
32 34 4 86
32 35 40 57
32 36 3 88
32 37 94 16
32 38 87 23
32 39 75 31
32 40 1 84
32 41 57 42
32 42 36 60
32 43 43 53
32 44 46 48
32 45 66 35
32 46 69 32
32 47 76 21
32 48 26 76
32 49 98 4
33 34 43 50
33 35 31 62
33 36 48 52
33 37 58 45
33 38 80 29
33 39 40 61
33 40 42 57
33 41 60 47
33 42 42 52
33 43 35 55
33 44 86 19
33 45 50 49
33 46 86 21
33 47 99 7
33 48 38 61
33 49 9 85
34 35 53 41
34 36 74 29
34 37 65 40
34 38 15 78
34 39 98 9
34 40 16 75
34 41 25 72
34 42 63 43
34 43 73 36
34 44 3 86
34 45 17 81
34 46 86 19
34 47 87 19
34 48 46 58
34 49 61 33
35 36 76 32
35 37 24 69
35 38 52 48
35 39 19 76
35 40 6 85
35 41 53 53
35 42 3 87
35 43 17 75
35 44 36 65
35 45 98 2
35 46 89 15
35 47 59 35
35 48 95 12
35 49 96 9
36 37 0 90
36 38 18 79
36 39 3 93
36 40 30 63
36 41 65 43
36 42 23 65
36 43 3 95
36 44 22 79
36 45 5 85
36 46 16 79
36 47 29 60
36 48 47 49
36 49 87 12
37 38 37 63
37 39 84 22
37 40 73 28
37 41 67 34
37 42 42 53
37 43 21 80
37 44 57 42
37 45 70 35
37 46 66 42
37 47 0 96
37 48 74 32
37 49 6 79
38 39 33 59
38 40 52 51
38 41 53 43
38 42 96 13
38 43 75 22
38 44 88 16
38 45 33 64
38 46 31 57
38 47 85 21
38 48 25 73
38 49 15 78
39 40 80 28
39 41 23 69
39 42 65 32
39 43 12 80
39 44 79 19
39 45 97 15
39 46 11 76
39 47 10 88
39 48 31 62
39 49 58 48
40 41 65 40
40 42 20 80
40 43 65 29
40 44 21 66
40 45 47 45
40 46 12 81
40 47 83 16
40 48 62 39
40 49 23 77
41 42 72 27
41 43 43 56
41 44 88 24
41 45 61 37
41 46 58 43
41 47 56 48
41 48 43 48
41 49 52 44
42 43 15 79
42 44 18 69
42 45 86 22
42 46 35 67
42 47 46 53
42 48 41 58
42 49 86 21
43 44 94 12
43 45 44 61
43 46 34 67
43 47 76 20
43 48 80 27
43 49 77 21
44 45 26 72
44 46 92 6
44 47 95 10
44 48 1 84
44 49 32 67
45 46 35 62
45 47 23 69
45 48 79 31
45 49 66 32
46 47 7 85
46 48 76 33
46 49 15 80
47 48 12 74
47 49 29 71
48 49 24 72
0
3758
111 4359
112 4349
113 4340
114 4333
115 4328
116 4322
117 4317
118 4312
119 4307
120 4303
121 4298
122 4293
123 4289
124 4284
125 4280
126 4277
127 4272
128 4268
129 4265
130 4263
131 4259
132 4257
133 4252
134 4248
135 4245
136 4243
137 4241
138 4238
139 4235
140 4234
141 4231
142 4228
143 4226
144 4224
145 4221
146 4218
147 4217
148 4214
149 4213
150 4210
151 4209
152 4206
153 4205
154 4202
155 4199
156 4198
157 4195
158 4194
159 4191
160 4190
161 4187
162 4186
163 4183
164 4182
165 4179
166 4178
167 4175
168 4174
169 4171
170 4170
171 4168
172 4166
173 4165
174 4163
175 4162
176 4160
177 4159
178 4156
179 4155
180 4153
181 4151
182 4150
183 4149
184 4147
185 4146
186 4144
187 4143
188 4141
189 4139
190 4137
191 4136
192 4134
193 4132
194 4131
195 4130
196 4128
197 4127
198 4126
199 4124
200 4122
201 4121
202 4120
203 4118
204 4117
205 4115
206 4113
207 4112
208 4111
209 4109
210 4108
211 4107
212 4105
213 4103
214 4102
215 4101
216 4099
217 4098
218 4097
219 4095
220 4094
221 4093
222 4091
223 4090
224 4088
225 4087
226 4086
227 4084
228 4083
229 4082
230 4080
231 4079
232 4078
233 4076
234 4075
235 4073
236 4072
237 4071
238 4069
239 4068
240 4067
241 4065
242 4064
243 4063
244 4061
245 4060
246 4058
247 4057
248 4056
249 4054
250 4053
251 4052
252 4050
253 4049
254 4048
255 4046
256 4045
257 4043
258 4042
259 4041
260 4039
261 4038
262 4037
263 4035
264 4034
265 4033
266 4031
267 4030
268 4029
269 4027
270 4026
271 4025
272 4023
273 4022
274 4021
275 4019
276 4018
277 4017
278 4016
279 4014
280 4013
281 4012
282 4011
283 4009
284 4008
285 4007
286 4005
287 4004
288 4003
289 4001
290 4000
291 3999
292 3998
293 3996
294 3995
295 3994
296 3993
297 3991
298 3990
299 3989
300 3988
301 3986
302 3985
303 3984
304 3983
305 3981
306 3980
307 3979
308 3978
309 3976
310 3975
311 3974
312 3973
313 3972
314 3970
315 3969
316 3968
317 3967
318 3966
319 3965
320 3963
321 3962
322 3961
323 3960
324 3958
325 3957
326 3956
327 3955
328 3953
329 3952
330 3951
331 3950
332 3949
333 3947
334 3946
335 3945
336 3944
337 3943
338 3942
339 3941
340 3939
341 3938
342 3937
343 3936
344 3935
345 3933
346 3932
347 3931
348 3930
349 3929
350 3928
351 3927
352 3926
353 3924
354 3923
355 3922
356 3921
357 3920
358 3918
359 3917
360 3916
361 3915
362 3914
363 3913
364 3912
365 3911
366 3909
367 3908
368 3907
369 3906
370 3905
371 3904
372 3903
373 3902
374 3900
375 3899
376 3898
377 3897
378 3896
379 3895
380 3894
381 3893
382 3892
383 3890
384 3889
385 3888
386 3887
387 3886
388 3885
389 3884
390 3883
391 3882
392 3881
393 3880
394 3878
395 3877
396 3876
397 3875
398 3874
399 3873
400 3872
401 3871
402 3870
403 3869
404 3868
405 3867
406 3865
407 3864
408 3863
409 3862
410 3861
411 3860
412 3859
413 3858
414 3857
415 3856
416 3855
417 3854
418 3853
419 3852
420 3851
421 3849
422 3848
423 3847
424 3846
425 3845
426 3844
427 3843
428 3842
429 3841
430 3840
431 3839
432 3838
433 3836
434 3835
435 3834
436 3833
437 3832
438 3831
439 3830
440 3829
441 3828
442 3827
443 3826
444 3825
445 3824
446 3823
447 3822
448 3820
449 3819
450 3818
451 3817
452 3816
453 3815
454 3814
455 3813
456 3812
457 3811
458 3810
459 3809
460 3808
461 3807
462 3806
463 3805
464 3803
465 3802
466 3801
467 3800
468 3799
469 3798
470 3797
471 3796
472 3795
473 3794
474 3793
475 3792
476 3791
477 3790
478 3789
479 3788
480 3787
481 3785
482 3784
483 3783
484 3782
485 3781
486 3780
487 3779
488 3778
489 3777
490 3776
491 3775
492 3774
493 3773
494 3772
495 3771
496 3770
497 3769
498 3767
499 3766
500 3765
501 3764
502 3763
503 3762
504 3761
505 3760
506 3759
507 3758
508 3757
509 3756
510 3755
511 3754
512 3753
513 3752
514 3751
515 3750
516 3749
517 3747
518 3746
520 3744
521 3743
522 3742
523 3741
525 3739
526 3738
527 3737
528 3736
529 3735
530 3734
531 3733
532 3732
533 3731
534 3730
535 3729
536 3728
537 3727
538 3726
539 3725
540 3724
541 3723
542 3722
543 3721
544 3720
545 3719
546 3718
547 3717
548 3716
549 3715
550 3714
551 3713
552 3712
553 3711
554 3710
555 3709
556 3708
557 3707
558 3706
559 3705
560 3704
561 3703
562 3702
563 3701
564 3700
565 3699
566 3698
567 3697
568 3696
569 3695
570 3694
571 3693
572 3692
573 3691
574 3690
575 3689
576 3688
577 3687
578 3686
579 3685
580 3684
581 3683
582 3682
583 3681
584 3680
585 3679
586 3678
587 3677
588 3676
589 3675
590 3674
591 3673
592 3672
593 3671
594 3670
595 3669
596 3668
597 3667
598 3666
599 3665
600 3664
601 3663
602 3662
603 3661
604 3660
605 3659
606 3658
607 3657
608 3656
609 3655
610 3654
611 3653
612 3652
613 3651
614 3650
615 3649
616 3648
617 3647
618 3646
619 3645
620 3644
621 3643
622 3642
623 3641
624 3640
625 3639
626 3638
627 3637
628 3636
629 3635
631 3633
633 3632
634 3630
636 3628
638 3627
639 3626
640 3625
641 3624
642 3623
643 3622
644 3621
645 3620
646 3619
647 3618
648 3617
649 3616
650 3615
651 3614
652 3613
653 3612
655 3610
657 3609
658 3608
659 3607
660 3606
661 3605
662 3604
663 3603
664 3602
665 3601
666 3600
667 3599
668 3598
669 3597
670 3596
671 3595
673 3594
674 3593
675 3592
676 3591
677 3590
678 3589
679 3588
680 3587
681 3586
682 3585
683 3584
684 3583
685 3582
686 3581
687 3580
689 3579
690 3578
691 3577
692 3576
693 3575
694 3574
695 3573
696 3572
697 3571
698 3570
699 3569
700 3568
702 3566
704 3565
705 3564
706 3563
707 3562
708 3561
709 3560
710 3559
711 3558
712 3557
713 3556
714 3555
716 3554
717 3553
718 3552
719 3551
720 3550
721 3549
722 3548
723 3547
724 3546
725 3545
726 3544
728 3543
729 3542
730 3541
731 3540
732 3539
733 3538
734 3537
735 3536
736 3535
737 3534
738 3533
740 3532
741 3531
742 3530
743 3529
744 3528
745 3527
746 3526
747 3525
748 3524
749 3523
750 3522
752 3521
753 3520
754 3519
755 3518
756 3517
757 3516
758 3515
759 3514
760 3513
761 3512
763 3511
764 3510
765 3509
766 3508
767 3507
768 3506
769 3505
770 3504
771 3503
772 3502
773 3501
775 3500
776 3499
777 3498
778 3497
779 3496
780 3495
781 3494
782 3493
783 3492
784 3491
786 3490
787 3489
788 3488
789 3487
790 3486
791 3485
792 3484
793 3483
794 3482
795 3481
797 3480
798 3479
799 3478
800 3477
801 3476
802 3475
803 3474
804 3473
805 3472
806 3471
808 3470
809 3469
810 3468
811 3467
812 3466
813 3465
814 3464
815 3463
816 3462
817 3461
819 3460
820 3459
821 3458
822 3457
823 3456
824 3455
825 3454
826 3453
827 3452
828 3451
830 3450
831 3449
832 3448
833 3447
834 3446
835 3445
836 3444
837 3443
838 3442
840 3441
841 3440
842 3439
843 3438
844 3437
845 3436
846 3435
847 3434
848 3433
850 3432
851 3431
852 3430
853 3429
854 3428
855 3427
856 3426
857 3425
858 3424
859 3423
861 3422
862 3421
863 3420
864 3419
865 3418
866 3417
867 3416
868 3415
869 3414
871 3413
872 3412
873 3411
874 3410
875 3409
876 3408
877 3407
878 3406
879 3405
881 3404
882 3403
883 3402
884 3401
885 3400
886 3399
887 3398
889 3396
891 3395
892 3394
893 3393
894 3392
895 3391
896 3390
897 3389
899 3388
900 3387
901 3386
902 3385
903 3384
904 3383
905 3382
906 3381
907 3380
909 3379
910 3378
911 3377
912 3376
913 3375
914 3374
916 3373
917 3372
918 3371
919 3370
920 3369
921 3368
922 3367
923 3366
924 3365
926 3364
927 3363
928 3362
929 3361
930 3360
931 3359
932 3358
933 3357
934 3356
936 3355
937 3354
938 3353
939 3352
940 3351
941 3350
942 3349
944 3348
945 3347
946 3346
947 3345
948 3344
949 3343
950 3342
951 3341
952 3340
954 3339
955 3338
956 3337
957 3336
958 3335
959 3334
961 3333
962 3332
963 3331
964 3330
965 3329
966 3328
967 3327
968 3326
969 3325
971 3324
972 3323
973 3322
974 3321
975 3320
976 3319
977 3318
978 3317
980 3316
981 3315
982 3314
983 3313
984 3312
985 3311
986 3310
987 3309
989 3308
990 3307
991 3306
992 3305
993 3304
994 3303
995 3302
997 3301
998 3300
999 3299
1000 3298
1001 3297
1002 3296
1003 3295
1004 3294
1006 3293
1007 3292
1008 3291
1009 3290
1010 3289
1011 3288
1012 3287
1013 3286
1015 3285
1016 3284
1017 3283
1018 3282
1019 3281
1020 3280
1021 3279
1023 3278
1024 3277
1025 3276
1026 3275
1027 3274
1028 3273
1029 3272
1030 3271
1032 3270
1033 3269
1034 3268
1035 3267
1036 3266
1037 3265
1038 3264
1040 3263
1041 3262
1042 3261
1043 3260
1044 3259
1045 3258
1046 3257
1047 3256
1049 3255
1050 3254
1051 3253
1052 3252
1053 3251
1054 3250
1056 3249
1057 3248
1058 3247
1059 3246
1060 3245
1061 3244
1062 3243
1063 3242
1064 3241
1066 3240
1067 3239
1068 3238
1069 3237
1070 3236
1071 3235
1073 3234
1074 3233
1075 3232
1076 3231
1077 3230
1078 3229
1079 3228
1080 3227
1082 3226
1083 3225
1084 3224
1085 3223
1086 3222
1087 3221
1088 3220
1090 3219
1091 3218
1092 3217
1093 3216
1094 3215
1095 3214
1096 3213
1097 3212
1099 3211
1100 3210
1101 3209
1102 3208
1103 3207
1104 3206
1105 3205
1107 3204
1108 3203
1109 3202
1110 3201
1111 3200
1112 3199
1113 3198
1115 3197
1116 3196
1117 3195
1118 3194
1119 3193
1120 3192
1121 3191
1122 3190
1124 3189
1125 3188
1126 3187
1127 3186
1128 3185
1129 3184
1131 3183
1132 3182
1133 3181
1134 3180
1135 3179
1136 3178
1137 3177
1138 3176
1140 3175
1141 3174
1142 3173
1143 3172
1144 3171
1145 3170
1146 3169
1148 3168
1149 3167
1150 3166
1151 3165
1152 3164
1153 3163
1154 3162
1155 3161
1157 3160
1158 3159
1159 3158
1160 3157
1161 3156
1162 3155
1164 3154
1165 3153
1166 3152
1167 3151
1168 3150
1169 3149
1170 3148
1171 3147
1173 3146
1174 3145
1175 3144
1176 3143
1177 3142
1178 3141
1179 3140
1181 3139
1182 3138
1183 3137
1184 3136
1185 3135
1186 3134
1187 3133
1189 3132
1190 3131
1191 3130
1192 3129
1193 3128
1194 3127
1195 3126
1197 3125
1198 3124
1199 3123
1200 3122
1201 3121
1202 3120
1203 3119
1204 3118
1206 3117
1207 3116
1208 3115
1209 3114
1210 3113
1211 3112
1213 3111
1214 3110
1215 3109
1216 3108
1217 3107
1218 3106
1219 3105
1221 3104
1222 3103
1223 3102
1224 3101
1225 3100
1226 3099
1227 3098
1228 3097
1230 3096
1231 3095
1232 3094
1233 3093
1234 3092
1235 3091
1236 3090
1238 3089
1239 3088
1240 3087
1241 3086
1242 3085
1243 3084
1245 3083
1246 3082
1247 3081
1248 3080
1249 3079
1250 3078
1251 3077
1252 3076
1254 3075
1255 3074
1256 3073
1257 3072
1258 3071
1259 3070
1260 3069
1262 3068
1263 3067
1264 3066
1265 3065
1266 3064
1267 3063
1269 3062
1270 3061
1271 3060
1272 3059
1273 3058
1274 3057
1275 3056
1276 3055
1278 3054
1279 3053
1280 3052
1281 3051
1282 3050
1283 3049
1284 3048
1286 3047
1287 3046
1288 3045
1289 3044
1290 3043
1291 3042
1292 3041
1294 3040
1295 3039
1296 3038
1297 3037
1298 3036
1299 3035
1300 3034
1302 3033
1303 3032
1304 3031
1305 3030
1306 3029
1307 3028
1308 3027
1310 3026
1311 3025
1312 3024
1313 3023
1314 3022
1315 3021
1316 3020
1318 3019
1319 3018
1320 3017
1321 3016
1322 3015
1323 3014
1324 3013
1326 3012
1327 3011
1328 3010
1329 3009
1330 3008
1331 3007
1332 3006
1334 3005
1335 3004
1336 3003
1337 3002
1338 3001
1339 3000
1340 2999
1342 2998
1343 2997
1344 2996
1345 2995
1346 2994
1347 2993
1349 2992
1350 2991
1351 2990
1352 2989
1353 2988
1354 2987
1355 2986
1356 2985
1358 2984
1359 2983
1360 2982
1361 2981
1362 2980
1363 2979
1364 2978
1366 2977
1367 2976
1368 2975
1369 2974
1370 2973
1371 2972
1373 2971
1374 2970
1375 2969
1376 2968
1377 2967
1378 2966
1379 2965
1380 2964
1382 2963
1383 2962
1384 2961
1385 2960
1386 2959
1387 2958
1388 2957
1390 2956
1391 2955
1392 2954
1393 2953
1394 2952
1395 2951
1397 2950
1398 2949
1399 2948
1400 2947
1401 2946
1402 2945
1403 2944
1405 2943
1406 2942
1407 2941
1408 2940
1409 2939
1410 2938
1411 2937
1412 2936
1414 2935
1415 2934
1416 2933
1417 2932
1418 2931
1419 2930
1421 2929
1422 2928
1423 2927
1424 2926
1425 2925
1426 2924
1427 2923
1429 2922
1430 2921
1431 2920
1432 2919
1433 2918
1434 2917
1435 2916
1437 2915
1438 2914
1439 2913
1440 2912
1441 2911
1442 2910
1444 2909
1445 2908
1446 2907
1447 2906
1448 2905
1449 2904
1450 2903
1452 2902
1453 2901
1454 2900
1455 2899
1456 2898
1457 2897
1458 2896
1459 2895
1461 2894
1462 2893
1463 2892
1464 2891
1465 2890
1466 2889
1468 2888
1469 2887
1470 2886
1471 2885
1472 2884
1473 2883
1474 2882
1476 2881
1477 2880
1478 2879
1479 2878
1480 2877
1481 2876
1482 2875
1484 2874
1485 2873
1486 2872
1487 2871
1488 2870
1489 2869
1491 2868
1492 2867
1493 2866
1494 2865
1495 2864
1496 2863
1497 2862
1499 2861
1500 2860
1501 2859
1502 2858
1503 2857
1504 2856
1505 2855
1506 2854
1508 2853
1509 2852
1510 2851
1511 2850
1512 2849
1513 2848
1515 2847
1516 2846
1517 2845
1518 2844
1519 2843
1520 2842
1522 2841
1523 2840
1524 2839
1525 2838
1526 2837
1527 2836
1528 2835
1529 2834
1531 2833
1532 2832
1533 2831
1534 2830
1535 2829
1536 2828
1538 2827
1539 2826
1540 2825
1541 2824
1542 2823
1543 2822
1545 2821
1546 2820
1547 2819
1548 2818
1549 2817
1550 2816
1552 2815
1553 2814
1554 2813
1555 2812
1556 2811
1557 2810
1558 2809
1559 2808
1561 2807
1562 2806
1563 2805
1564 2804
1565 2803
1566 2802
1567 2801
1569 2800
1570 2799
1571 2798
1572 2797
1573 2796
1574 2795
1576 2794
1577 2793
1578 2792
1579 2791
1580 2790
1581 2789
1582 2788
1584 2787
1585 2786
1586 2785
1587 2784
1588 2783
1589 2782
1590 2781
1592 2780
1593 2779
1594 2778
1595 2777
1596 2776
1597 2775
1599 2774
1600 2773
1601 2772
1602 2771
1603 2770
1604 2769
1606 2768
1607 2767
1608 2766
1609 2765
1610 2764
1611 2763
1613 2762
1614 2761
1615 2760
1616 2759
1617 2758
1618 2757
1619 2756
1620 2755
1622 2754
1623 2753
1624 2752
1625 2751
1626 2750
1627 2749
1629 2748
1630 2747
1631 2746
1632 2745
1633 2744
1634 2743
1636 2742
1637 2741
1638 2740
1639 2739
1640 2738
1641 2737
1643 2736
1644 2735
1645 2734
1646 2733
1647 2732
1648 2731
1649 2730
1650 2729
1652 2728
1653 2727
1654 2726
1655 2725
1656 2724
1657 2723
1658 2722
1660 2721
1661 2720
1662 2719
1663 2718
1664 2717
1666 2716
1667 2715
1668 2714
1669 2713
1670 2712
1671 2711
1672 2710
1673 2709
1675 2708
1676 2707
1677 2706
1678 2705
1679 2704
1680 2703
1681 2702
1683 2701
1684 2700
1685 2699
1686 2698
1687 2697
1688 2696
1690 2695
1691 2694
1692 2693
1693 2692
1694 2691
1695 2690
1697 2689
1698 2688
1699 2687
1700 2686
1701 2685
1702 2684
1704 2683
1705 2682
1706 2681
1707 2680
1708 2679
1709 2678
1711 2677
1712 2676
1713 2675
1714 2674
1715 2673
1716 2672
1718 2671
1719 2670
1720 2669
1721 2668
1722 2667
1723 2666
1725 2665
1726 2664
1727 2663
1728 2662
1729 2661
1730 2660
1731 2659
1733 2658
1734 2657
1735 2656
1736 2655
1737 2654
1738 2653
1739 2652
1741 2651
1742 2650
1743 2649
1744 2648
1745 2647
1746 2646
1748 2645
1749 2644
1750 2643
1751 2642
1752 2641
1753 2640
1755 2639
1756 2638
1757 2637
1758 2636
1759 2635
1760 2634
1762 2633
1763 2632
1764 2631
1765 2630
1766 2629
1767 2628
1769 2627
1770 2626
1771 2625
1772 2624
1773 2623
1774 2622
1776 2621
1777 2620
1778 2619
1779 2618
1780 2617
1781 2616
1783 2615
1784 2614
1785 2613
1786 2612
1787 2611
1788 2610
1790 2609
1791 2608
1792 2607
1793 2606
1794 2605
1795 2604
1797 2603
1798 2602
1799 2601
1800 2600
1801 2599
1802 2598
1804 2597
1805 2596
1806 2595
1807 2594
1808 2593
1809 2592
1811 2591
1812 2590
1813 2589
1814 2588
1815 2587
1816 2586
1818 2585
1819 2584
1820 2583
1821 2582
1822 2581
1823 2580
1825 2579
1826 2578
1827 2577
1828 2576
1829 2575
1830 2574
1832 2573
1833 2572
1834 2571
1835 2570
1836 2569
1837 2568
1839 2567
1840 2566
1841 2565
1842 2564
1843 2563
1844 2562
1846 2561
1847 2560
1848 2559
1849 2558
1850 2557
1851 2556
1853 2555
1854 2554
1855 2553
1856 2552
1857 2551
1858 2550
1860 2549
1861 2548
1862 2547
1863 2546
1864 2545
1865 2544
1867 2543
1868 2542
1869 2541
1870 2540
1871 2539
1872 2538
1874 2537
1875 2536
1876 2535
1877 2534
1878 2533
1879 2532
1881 2531
1882 2530
1883 2529
1884 2528
1885 2527
1886 2526
1888 2525
1889 2524
1890 2523
1891 2522
1892 2521
1893 2520
1895 2519
1896 2518
1897 2517
1898 2516
1899 2515
1900 2514
1902 2513
1903 2512
1904 2511
1905 2510
1906 2509
1907 2508
1909 2507
1910 2506
1911 2505
1912 2504
1913 2503
1914 2502
1916 2501
1917 2500
1918 2499
1919 2498
1920 2497
1922 2496
1923 2495
1924 2494
1925 2493
1926 2492
1927 2491
1929 2490
1930 2489
1931 2488
1932 2487
1933 2486
1934 2485
1936 2484
1937 2483
1938 2482
1939 2481
1940 2480
1941 2479
1943 2478
1944 2477
1945 2476
1946 2475
1947 2474
1948 2473
1950 2472
1951 2471
1952 2470
1953 2469
1954 2468
1955 2467
1957 2466
1958 2465
1959 2464
1960 2463
1961 2462
1962 2461
1964 2460
1965 2459
1966 2458
1967 2457
1968 2456
1970 2455
1971 2454
1972 2453
1973 2452
1974 2451
1975 2450
1977 2449
1978 2448
1979 2447
1980 2446
1981 2445
1982 2444
1984 2443
1985 2442
1986 2441
1987 2440
1988 2439
1989 2438
1991 2437
1992 2436
1993 2435
1994 2434
1995 2433
1996 2432
1998 2431
1999 2430
2000 2429
2001 2428
2002 2427
2004 2426
2005 2425
2006 2424
2007 2423
2008 2422
2009 2421
2011 2420
2012 2419
2013 2418
2014 2417
2015 2416
2016 2415
2018 2414
2019 2413
2020 2412
2021 2411
2022 2410
2023 2409
2025 2408
2026 2407
2027 2406
2028 2405
2029 2404
2031 2403
2032 2402
2033 2401
2034 2400
2035 2399
2036 2398
2038 2397
2039 2396
2040 2395
2041 2394
2042 2393
2043 2392
2045 2391
2046 2390
2047 2389
2048 2388
2049 2387
2050 2386
2052 2385
2053 2384
2054 2383
2055 2382
2056 2381
2058 2380
2059 2379
2060 2378
2061 2377
2062 2376
2063 2375
2065 2374
2066 2373
2067 2372
2068 2371
2069 2370
2070 2369
2072 2368
2073 2367
2074 2366
2075 2365
2076 2364
2077 2363
2079 2362
2080 2361
2081 2360
2082 2359
2083 2358
2085 2357
2086 2356
2087 2355
2088 2354
2089 2353
2090 2352
2092 2351
2093 2350
2094 2349
2095 2348
2096 2347
2097 2346
2099 2345
2100 2344
2101 2343
2102 2342
2103 2341
2104 2340
2106 2339
2107 2338
2108 2337
2109 2336
2110 2335
2112 2334
2113 2333
2114 2332
2115 2331
2116 2330
2117 2329
2119 2328
2120 2327
2121 2326
2122 2325
2123 2324
2124 2323
2126 2322
2127 2321
2128 2320
2129 2319
2130 2318
2131 2317
2133 2316
2134 2315
2135 2314
2136 2313
2137 2312
2139 2311
2140 2310
2141 2309
2142 2308
2143 2307
2144 2306
2146 2305
2147 2304
2148 2303
2149 2302
2150 2301
2151 2300
2153 2299
2154 2298
2155 2297
2156 2296
2157 2295
2158 2294
2160 2293
2161 2292
2162 2291
2163 2290
2164 2289
2166 2288
2167 2287
2168 2286
2169 2285
2170 2284
2171 2283
2173 2282
2174 2281
2175 2280
2176 2279
2177 2278
2178 2277
2180 2276
2181 2275
2182 2274
2183 2273
2184 2272
2186 2271
2187 2270
2188 2269
2189 2268
2190 2267
2191 2266
2193 2265
2194 2264
2195 2263
2196 2262
2197 2261
2198 2260
2200 2259
2201 2258
2202 2257
2203 2256
2204 2255
2206 2254
2207 2253
2208 2252
2209 2251
2210 2250
2211 2249
2213 2248
2214 2247
2215 2246
2216 2245
2217 2244
2218 2243
2220 2242
2221 2241
2222 2240
2223 2239
2224 2238
2225 2237
2227 2236
2228 2235
2229 2234
2230 2233
2231 2232
2233 2231
2234 2230
2235 2229
2236 2228
2237 2227
2238 2226
2240 2225
2241 2224
2242 2223
2243 2222
2244 2221
2245 2220
2247 2219
2248 2218
2249 2217
2250 2216
2251 2215
2253 2214
2254 2213
2255 2212
2256 2211
2257 2210
2258 2209
2260 2208
2261 2207
2262 2206
2263 2205
2264 2204
2266 2203
2267 2202
2268 2201
2269 2200
2270 2199
2271 2198
2273 2197
2274 2196
2275 2195
2276 2194
2277 2193
2278 2192
2280 2191
2281 2190
2282 2189
2283 2188
2284 2187
2286 2186
2287 2185
2288 2184
2289 2183
2290 2182
2291 2181
2293 2180
2294 2179
2295 2178
2296 2177
2297 2176
2298 2175
2300 2174
2301 2173
2302 2172
2303 2171
2304 2170
2306 2169
2307 2168
2308 2167
2309 2166
2310 2165
2311 2164
2313 2163
2314 2162
2315 2161
2316 2160
2317 2159
2318 2158
2320 2157
2321 2156
2322 2155
2323 2154
2324 2153
2326 2152
2327 2151
2328 2150
2329 2149
2330 2148
2331 2147
2333 2146
2334 2145
2335 2144
2336 2143
2337 2142
2339 2141
2340 2140
2341 2139
2342 2138
2343 2137
2344 2136
2346 2135
2347 2134
2348 2133
2349 2132
2350 2131
2351 2130
2353 2129
2354 2128
2355 2127
2356 2126
2357 2125
2359 2124
2360 2123
2361 2122
2362 2121
2363 2120
2364 2119
2366 2118
2367 2117
2368 2116
2369 2115
2370 2114
2371 2113
2373 2112
2374 2111
2375 2110
2376 2109
2377 2108
2379 2107
2380 2106
2381 2105
2382 2104
2383 2103
2384 2102
2386 2101
2387 2100
2388 2099
2389 2098
2390 2097
2392 2096
2393 2095
2394 2094
2395 2093
2396 2092
2397 2091
2399 2090
2400 2089
2401 2088
2402 2087
2403 2086
2404 2085
2406 2084
2407 2083
2408 2082
2409 2081
2410 2080
2412 2079
2413 2078
2414 2077
2415 2076
2416 2075
2417 2074
2419 2073
2420 2072
2421 2071
2422 2070
2423 2069
2425 2068
2426 2067
2427 2066
2428 2065
2429 2064
2430 2063
2432 2062
2433 2061
2434 2060
2435 2059
2436 2058
2437 2057
2439 2056
2440 2055
2441 2054
2442 2053
2443 2052
2445 2051
2446 2050
2447 2049
2448 2048
2449 2047
2450 2046
2452 2045
2453 2044
2454 2043
2455 2042
2456 2041
2458 2040
2459 2039
2460 2038
2461 2037
2462 2036
2463 2035
2465 2034
2466 2033
2467 2032
2468 2031
2469 2030
2470 2029
2472 2028
2473 2027
2474 2026
2475 2025
2476 2024
2478 2023
2479 2022
2480 2021
2481 2020
2482 2019
2483 2018
2485 2017
2486 2016
2487 2015
2488 2014
2489 2013
2491 2012
2492 2011
2493 2010
2494 2009
2495 2008
2496 2007
2498 2006
2499 2005
2500 2004
2501 2003
2502 2002
2504 2001
2505 2000
2506 1999
2507 1998
2508 1997
2509 1996
2511 1995
2512 1994
2513 1993
2514 1992
2515 1991
2516 1990
2518 1989
2519 1988
2520 1987
2521 1986
2522 1985
2524 1984
2525 1983
2526 1982
2527 1981
2528 1980
2529 1979
2531 1978
2532 1977
2533 1976
2534 1975
2535 1974
2537 1973
2538 1972
2539 1971
2540 1970
2541 1969
2543 1968
2544 1967
2545 1966
2546 1965
2547 1964
2548 1963
2550 1962
2551 1961
2552 1960
2553 1959
2554 1958
2555 1957
2557 1956
2558 1955
2559 1954
2560 1953
2561 1952
2563 1951
2564 1950
2565 1949
2566 1948
2567 1947
2568 1946
2570 1945
2571 1944
2572 1943
2573 1942
2574 1941
2576 1940
2577 1939
2578 1938
2579 1937
2580 1936
2581 1935
2583 1934
2584 1933
2585 1932
2586 1931
2587 1930
2589 1929
2590 1928
2591 1927
2592 1926
2593 1925
2594 1924
2596 1923
2597 1922
2598 1921
2599 1920
2600 1919
2602 1918
2603 1917
2604 1916
2605 1915
2606 1914
2607 1913
2609 1912
2610 1911
2611 1910
2612 1909
2613 1908
2615 1907
2616 1906
2617 1905
2618 1904
2619 1903
2620 1902
2622 1901
2623 1900
2624 1899
2625 1898
2626 1897
2628 1896
2629 1895
2630 1894
2631 1893
2632 1892
2634 1891
2635 1890
2636 1889
2637 1888
2638 1887
2639 1886
2641 1885
2642 1884
2643 1883
2644 1882
2645 1881
2647 1880
2648 1879
2649 1878
2650 1877
2651 1876
2652 1875
2654 1874
2655 1873
2656 1872
2657 1871
2658 1870
2660 1869
2661 1868
2662 1867
2663 1866
2664 1865
2665 1864
2667 1863
2668 1862
2669 1861
2670 1860
2671 1859
2673 1858
2674 1857
2675 1856
2676 1855
2677 1854
2679 1853
2680 1852
2681 1851
2682 1850
2683 1849
2684 1848
2686 1847
2687 1846
2688 1845
2689 1844
2690 1843
2692 1842
2693 1841
2694 1840
2695 1839
2696 1838
2697 1837
2699 1836
2700 1835
2701 1834
2702 1833
2703 1832
2705 1831
2706 1830
2707 1829
2708 1828
2709 1827
2711 1826
2712 1825
2713 1824
2714 1823
2715 1822
2716 1821
2718 1820
2719 1819
2720 1818
2721 1817
2722 1816
2724 1815
2725 1814
2726 1813
2727 1812
2728 1811
2729 1810
2731 1809
2732 1808
2733 1807
2734 1806
2735 1805
2737 1804
2738 1803
2739 1802
2740 1801
2741 1800
2743 1799
2744 1798
2745 1797
2746 1796
2747 1795
2749 1794
2750 1793
2751 1792
2752 1791
2753 1790
2755 1789
2756 1788
2757 1787
2758 1786
2759 1785
2760 1784
2762 1783
2763 1782
2764 1781
2765 1780
2766 1779
2768 1778
2769 1777
2770 1776
2771 1775
2772 1774
2774 1773
2775 1772
2776 1771
2777 1770
2778 1769
2780 1768
2781 1767
2782 1766
2783 1765
2784 1764
2786 1763
2787 1762
2788 1761
2789 1760
2790 1759
2791 1758
2793 1757
2794 1756
2795 1755
2796 1754
2797 1753
2799 1752
2800 1751
2801 1750
2802 1749
2803 1748
2805 1747
2806 1746
2807 1745
2808 1744
2809 1743
2811 1742
2812 1741
2813 1740
2814 1739
2815 1738
2817 1737
2818 1736
2819 1735
2820 1734
2821 1733
2823 1732
2824 1731
2825 1730
2826 1729
2827 1728
2828 1727
2830 1726
2831 1725
2832 1724
2833 1723
2834 1722
2836 1721
2837 1720
2838 1719
2839 1718
2840 1717
2842 1716
2843 1715
2844 1714
2845 1713
2846 1712
2848 1711
2849 1710
2850 1709
2851 1708
2852 1707
2854 1706
2855 1705
2856 1704
2857 1703
2858 1702
2860 1701
2861 1700
2862 1699
2863 1698
2864 1697
2866 1696
2867 1695
2868 1694
2869 1693
2870 1692
2871 1691
2873 1690
2874 1689
2875 1688
2876 1687
2877 1686
2879 1685
2880 1684
2881 1683
2882 1682
2883 1681
2885 1680
2886 1679
2887 1678
2888 1677
2889 1676
2891 1675
2892 1674
2893 1673
2894 1672
2895 1671
2897 1670
2898 1669
2899 1668
2900 1667
2901 1666
2903 1665
2904 1664
2905 1663
2906 1662
2907 1661
2908 1660
2910 1659
2911 1658
2912 1657
2913 1656
2914 1655
2916 1654
2917 1653
2918 1652
2919 1651
2920 1650
2922 1649
2923 1648
2924 1647
2925 1646
2926 1645
2928 1644
2929 1643
2930 1642
2931 1641
2932 1640
2934 1639
2935 1638
2936 1637
2937 1636
2938 1635
2940 1634
2941 1633
2942 1632
2943 1631
2944 1630
2946 1629
2947 1628
2948 1627
2949 1626
2950 1625
2952 1624
2953 1623
2954 1622
2955 1621
2956 1620
2958 1619
2959 1618
2960 1617
2961 1616
2962 1615
2964 1614
2965 1613
2966 1612
2967 1611
2968 1610
2969 1609
2971 1608
2972 1607
2973 1606
2974 1605
2975 1604
2977 1603
2978 1602
2979 1601
2980 1600
2981 1599
2983 1598
2984 1597
2985 1596
2986 1595
2987 1594
2989 1593
2990 1592
2991 1591
2992 1590
2993 1589
2995 1588
2996 1587
2997 1586
2998 1585
2999 1584
3001 1583
3002 1582
3003 1581
3004 1580
3005 1579
3007 1578
3008 1577
3009 1576
3010 1575
3011 1574
3013 1573
3014 1572
3015 1571
3016 1570
3017 1569
3019 1568
3020 1567
3021 1566
3022 1565
3023 1564
3025 1563
3026 1562
3027 1561
3028 1560
3029 1559
3030 1558
3032 1557
3033 1556
3034 1555
3035 1554
3036 1553
3038 1552
3039 1551
3040 1550
3041 1549
3042 1548
3044 1547
3045 1546
3046 1545
3047 1544
3048 1543
3050 1542
3051 1541
3052 1540
3053 1539
3055 1538
3056 1537
3057 1536
3058 1535
3059 1534
3061 1533
3062 1532
3063 1531
3064 1530
3065 1529
3067 1528
3068 1527
3069 1526
3070 1525
3071 1524
3072 1523
3074 1522
3075 1521
3076 1520
3077 1519
3078 1518
3080 1517
3081 1516
3082 1515
3083 1514
3084 1513
3086 1512
3087 1511
3088 1510
3089 1509
3090 1508
3092 1507
3093 1506
3094 1505
3095 1504
3097 1503
3098 1502
3099 1501
3100 1500
3102 1499
3103 1498
3104 1497
3105 1496
3106 1495
3108 1494
3109 1493
3110 1492
3111 1491
3112 1490
3113 1489
3115 1488
3116 1487
3117 1486
3118 1485
3119 1484
3121 1483
3122 1482
3123 1481
3124 1480
3125 1479
3127 1478
3128 1477
3129 1476
3130 1475
3131 1474
3133 1473
3134 1472
3135 1471
3136 1470
3137 1469
3139 1468
3140 1467
3141 1466
3142 1465
3144 1464
3145 1463
3146 1462
3147 1461
3148 1460
3150 1459
3151 1458
3152 1457
3153 1456
3155 1455
3156 1454
3157 1453
3158 1452
3159 1451
3160 1450
3162 1449
3163 1448
3164 1447
3165 1446
3166 1445
3168 1444
3169 1443
3170 1442
3171 1441
3172 1440
3174 1439
3175 1438
3176 1437
3177 1436
3178 1435
3180 1434
3181 1433
3182 1432
3183 1431
3185 1430
3186 1429
3187 1428
3188 1427
3189 1426
3191 1425
3192 1424
3193 1423
3194 1422
3196 1421
3197 1420
3198 1419
3199 1418
3200 1417
3202 1416
3203 1415
3204 1414
3205 1413
3206 1412
3208 1411
3209 1410
3210 1409
3211 1408
3212 1407
3214 1406
3215 1405
3216 1404
3217 1403
3218 1402
3220 1401
3221 1400
3222 1399
3223 1398
3224 1397
3226 1396
3227 1395
3228 1394
3229 1393
3230 1392
3232 1391
3233 1390
3234 1389
3235 1388
3237 1387
3238 1386
3239 1385
3240 1384
3241 1383
3243 1382
3244 1381
3245 1380
3246 1379
3248 1378
3249 1377
3250 1376
3251 1375
3252 1374
3254 1373
3255 1372
3256 1371
3257 1370
3258 1369
3260 1368
3261 1367
3262 1366
3263 1365
3264 1364
3266 1363
3267 1362
3268 1361
3269 1360
3270 1359
3272 1358
3273 1357
3274 1356
3275 1355
3277 1354
3278 1353
3279 1352
3280 1351
3281 1350
3283 1349
3284 1348
3285 1347
3286 1346
3288 1345
3289 1344
3290 1343
3291 1342
3292 1341
3294 1340
3295 1339
3296 1338
3297 1337
3298 1336
3300 1335
3301 1334
3302 1333
3303 1332
3305 1331
3306 1330
3307 1329
3308 1328
3309 1327
3311 1326
3312 1325
3313 1324
3314 1323
3316 1322
3317 1321
3318 1320
3319 1319
3320 1318
3322 1317
3323 1316
3324 1315
3325 1314
3326 1313
3328 1312
3329 1311
3330 1310
3331 1309
3332 1308
3334 1307
3335 1306
3336 1305
3337 1304
3338 1303
3340 1302
3341 1301
3342 1300
3343 1299
3345 1298
3346 1297
3347 1296
3348 1295
3349 1294
3351 1293
3352 1292
3353 1291
3354 1290
3356 1289
3357 1288
3358 1287
3359 1286
3360 1285
3362 1284
3363 1283
3364 1282
3365 1281
3367 1280
3368 1279
3369 1278
3370 1277
3371 1276
3373 1275
3374 1274
3375 1273
3376 1272
3377 1271
3379 1270
3380 1269
3381 1268
3382 1267
3384 1266
3385 1265
3386 1264
3387 1263
3389 1262
3390 1261
3391 1260
3392 1259
3393 1258
3395 1257
3396 1256
3397 1255
3398 1254
3399 1253
3401 1252
3402 1251
3403 1250
3404 1249
3406 1248
3407 1247
3408 1246
3409 1245
3410 1244
3412 1243
3413 1242
3414 1241
3415 1240
3417 1239
3418 1238
3419 1237
3420 1236
3421 1235
3423 1234
3424 1233
3425 1232
3426 1231
3428 1230
3429 1229
3430 1228
3431 1227
3432 1226
3434 1225
3435 1224
3436 1223
3437 1222
3439 1221
3440 1220
3441 1219
3442 1218
3443 1217
3445 1216
3446 1215
3447 1214
3448 1213
3449 1212
3451 1211
3452 1210
3453 1209
3454 1208
3456 1207
3457 1206
3458 1205
3459 1204
3461 1203
3462 1202
3463 1201
3464 1200
3465 1199
3467 1198
3468 1197
3469 1196
3470 1195
3471 1194
3473 1193
3474 1192
3475 1191
3476 1190
3478 1189
3479 1188
3480 1187
3481 1186
3483 1185
3484 1184
3485 1183
3486 1182
3487 1181
3489 1180
3490 1179
3491 1178
3492 1177
3494 1176
3495 1175
3496 1174
3497 1173
3499 1172
3500 1171
3501 1170
3502 1169
3503 1168
3505 1167
3506 1166
3507 1165
3508 1164
3509 1163
3511 1162
3512 1161
3513 1160
3514 1159
3516 1158
3517 1157
3518 1156
3519 1155
3521 1154
3522 1153
3523 1152
3524 1151
3526 1150
3527 1149
3528 1148
3529 1147
3531 1146
3532 1145
3533 1144
3534 1143
3535 1142
3537 1141
3538 1140
3539 1139
3540 1138
3542 1137
3543 1136
3544 1135
3545 1134
3547 1133
3548 1132
3549 1131
3550 1130
3551 1129
3553 1128
3554 1127
3555 1126
3556 1125
3557 1124
3559 1123
3560 1122
3561 1121
3562 1120
3564 1119
3565 1118
3566 1117
3568 1116
3569 1115
3570 1114
3571 1113
3572 1112
3574 1111
3575 1110
3576 1109
3577 1108
3579 1107
3580 1106
3581 1105
3582 1104
3583 1103
3585 1102
3586 1101
3587 1100
3588 1099
3590 1098
3591 1097
3592 1096
3593 1095
3595 1094
3596 1093
3597 1092
3598 1091
3600 1090
3601 1089
3602 1088
3603 1087
3605 1086
3606 1085
3607 1084
3608 1083
3610 1082
3611 1081
3612 1080
3613 1079
3614 1078
3616 1077
3617 1076
3618 1075
3619 1074
3621 1073
3622 1072
3623 1071
3624 1070
3626 1069
3627 1068
3628 1067
3629 1066
3631 1065
3632 1064
3633 1063
3634 1062
3636 1061
3637 1060
3638 1059
3639 1058
3641 1057
3642 1056
3643 1055
3644 1054
3645 1053
3647 1052
3648 1051
3649 1050
3650 1049
3652 1048
3653 1047
3654 1046
3656 1045
3657 1044
3658 1043
3659 1042
3661 1041
3662 1040
3663 1039
3664 1038
3665 1037
3667 1036
3668 1035
3669 1034
3670 1033
3672 1032
3673 1031
3674 1030
3676 1029
3677 1028
3678 1027
3679 1026
3680 1025
3682 1024
3683 1023
3684 1022
3685 1021
3687 1020
3688 1019
3689 1018
3690 1017
3692 1016
3693 1015
3694 1014
3695 1013
3697 1012
3698 1011
3699 1010
3700 1009
3702 1008
3703 1007
3704 1006
3705 1005
3707 1004
3708 1003
3709 1002
3710 1001
3712 1000
3713 999
3714 998
3715 997
3717 996
3718 995
3719 994
3721 993
3722 992
3723 991
3724 990
3725 989
3727 988
3728 987
3729 986
3730 985
3732 984
3733 983
3734 982
3736 981
3737 980
3738 979
3739 978
3740 977
3742 976
3743 975
3744 974
3745 973
3747 972
3748 971
3749 970
3750 969
3752 968
3753 967
3754 966
3756 965
3757 964
3758 963
3759 962
3760 961
3762 960
3763 959
3764 958
3765 957
3767 956
3768 955
3769 954
3771 953
3772 952
3773 951
3774 950
3776 949
3777 948
3778 947
3779 946
3781 945
3782 944
3783 943
3784 942
3786 941
3787 940
3788 939
3789 938
3791 937
3792 936
3793 935
3794 934
3796 933
3797 932
3798 931
3799 930
3801 929
3802 928
3803 927
3804 926
3806 925
3807 924
3808 923
3810 922
3811 921
3812 920
3813 919
3815 918
3816 917
3817 916
3818 915
3820 914
3821 913
3822 912
3823 911
3825 910
3826 909
3827 908
3828 907
3830 906
3831 905
3832 904
3833 903
3835 902
3836 901
3837 900
3839 899
3840 898
3841 897
3842 896
3844 895
3845 894
3846 893
3847 892
3849 891
3850 890
3851 889
3853 888
3854 887
3855 886
3856 885
3857 884
3859 883
3860 882
3861 881
3862 880
3864 879
3865 878
3866 877
3868 876
3869 875
3870 874
3872 873
3873 872
3874 871
3875 870
3877 869
3878 868
3879 867
3880 866
3882 865
3883 864
3884 863
3885 862
3887 861
3888 860
3889 859
3891 858
3892 857
3893 856
3894 855
3896 854
3897 853
3898 852
3899 851
3901 850
3902 849
3903 848
3905 847
3906 846
3907 845
3908 844
3909 843
3911 842
3912 841
3913 840
3914 839
3916 838
3917 837
3918 836
3920 835
3921 834
3922 833
3924 832
3925 831
3926 830
3927 829
3929 828
3930 827
3931 826
3932 825
3934 824
3935 823
3936 822
3938 821
3939 820
3940 819
3941 818
3943 817
3944 816
3945 815
3946 814
3948 813
3949 812
3950 811
3952 810
3953 809
3954 808
3955 807
3957 806
3958 805
3959 804
3961 802
3963 801
3964 800
3965 799
3967 798
3968 797
3969 796
3971 795
3972 794
3973 793
3974 792
3976 791
3977 790
3978 789
3979 788
3981 787
3982 786
3983 785
3985 784
3986 783
3987 782
3989 781
3990 780
3991 779
3992 778
3993 777
3995 776
3996 775
3997 774
3999 773
4000 772
4001 771
4003 770
4004 769
4005 768
4006 767
4008 766
4009 765
4010 764
4011 763
4013 762
4014 761
4015 760
4017 759
4018 758
4019 757
4021 756
4022 755
4023 754
4024 753
4026 752
4027 751
4028 750
4030 749
4031 748
4032 747
4034 746
4035 745
4036 744
4037 743
4039 742
4040 741
4041 740
4042 739
4044 738
4045 737
4046 736
4048 735
4049 734
4050 733
4052 732
4053 731
4054 730
4055 729
4057 728
4058 727
4059 726
4061 725
4062 724
4063 723
4065 722
4066 721
4067 720
4068 719
4070 718
4071 717
4072 716
4074 715
4075 714
4076 713
4078 712
4079 711
4080 710
4081 709
4083 708
4084 707
4085 706
4086 705
4088 704
4089 703
4090 702
4092 701
4093 700
4094 699
4096 698
4097 697
4098 696
4099 695
4101 694
4102 693
4103 692
4105 691
4106 690
4107 689
4109 688
4110 687
4111 686
4113 685
4114 684
4115 683
4117 682
4118 681
4119 680
4120 679
4122 678
4123 677
4124 676
4126 675
4127 674
4128 673
4130 672
4131 671
4132 670
4133 669
4135 668
4136 667
4137 666
4139 665
4140 664
4141 663
4143 662
4144 661
4145 660
4147 659
4148 658
4149 657
4151 656
4152 655
4154 654
4155 653
4156 652
4157 651
4158 650
4160 649
4161 648
4162 647
4164 646
4165 645
4167 644
4168 643
4169 642
4171 641
4172 640
4173 639
4175 638
4176 637
4177 636
4179 635
4180 634
4181 633
4182 632
4184 631
4186 629
4188 628
4189 627
4191 626
4192 625
4193 624
4195 623
4196 622
4197 621
4199 620
4200 619
4201 618
4203 617
4204 616
4206 615
4207 614
4208 613
4210 612
4211 611
4212 610
4214 609
4215 608
4216 607
4218 606
4219 605
4220 604
4221 603
4223 602
4225 600
4227 599
4228 598
4230 597
4231 596
4232 595
4234 594
4235 593
4236 592
4238 591
4239 590
4241 589
4242 588
4243 587
4245 586
4246 585
4247 584
4249 583
4250 582
4252 581
4254 580
4255 579
4256 578
4258 577
4259 576
4260 575
4262 574
4263 573
4265 572
4266 571
4267 570
4269 569
4270 568
4271 567
4273 566
4274 565
4276 564
4277 563
4278 562
4280 561
4281 560
4283 559
4285 558
4286 557
4287 556
4289 555
4290 554
4292 553
4293 552
4294 551
4296 550
4297 549
4298 548
4300 547
4301 546
4303 545
4304 544
4305 543
4307 542
4308 541
4311 540
4312 539
4313 538
4315 537
4316 536
4318 535
4319 534
4321 533
4322 532
4324 531
4325 530
4327 529
4328 528
4329 527
4331 526
4332 525
4335 524
4336 523
4337 522
4339 521
4340 520
4342 519
4343 518
4345 517
4347 516
4348 515
4350 514
4351 513
4353 512
4354 511
4356 510
4358 509
4359 508
4361 507
4362 506
4364 505
4365 504
4366 503
4368 502
4369 501
4372 500
4373 499
4374 498
4376 497
4377 496
4379 495
4380 494
4383 493
4384 492
4385 491
4387 490
4388 489
4390 488
4391 487
4393 486
4395 485
4396 484
4398 483
4399 482
4401 481
4403 480
4404 479
4406 478
4408 477
4409 476
4411 475
4412 474
4414 473
4416 472
4417 471
4419 470
4420 469
4423 468
4424 467
4425 466
4427 465
4429 464
4431 463
4432 462
4434 461
4436 460
4437 459
4439 458
4440 457
4442 456
4444 455
4445 454
4447 453
4448 452
4451 451
4452 450
4453 449
4455 448
4457 447
4459 446
4460 445
4462 444
4464 443
4466 442
4467 441
4470 440
4471 439
4474 438
4475 437
4477 436
4479 435
4481 434
4482 433
4485 432
4486 431
4489 430
4491 429
4492 428
4495 427
4496 426
4499 425
4500 424
4503 423
4505 422
4506 421
4510 420
4511 419
4514 418
4516 417
4518 416
4522 415
4523 414
4526 413
4528 412
4531 411
4534 410
4536 409
4539 408
4541 407
4544 406
4546 405
4549 404
4552 403
4554 402
4557 401
4560 400
4563 399
4565 398
4570 397
4573 396
4576 395
4578 394
4583 393
4588 392
4589 391
4594 390
4599 389
4604 388
4608 387
4617 386
4618 385
