50
0 1 93 31
0 2 60 33
0 3 0 98
0 4 34 38
0 5 95 12
0 6 41 75
0 7 8 78
0 8 65 62
0 9 89 33
0 10 34 33
0 11 57 53
0 12 70 57
0 13 16 82
0 14 8 64
0 15 88 8
0 16 46 57
0 17 33 39
0 18 64 51
0 19 46 63
0 20 58 31
0 21 54 32
0 22 82 39
0 23 56 69
0 24 17 44
0 25 41 33
0 26 30 55
0 27 53 63
0 28 27 79
0 29 60 62
0 30 6 73
0 31 64 67
0 32 25 46
0 33 51 59
0 34 41 47
0 35 29 58
0 36 11 62
0 37 29 81
0 38 90 31
0 39 62 25
0 40 34 82
0 41 40 74
0 42 39 66
0 43 0 90
0 44 41 53
0 45 69 19
0 46 74 14
0 47 2 87
0 48 87 42
0 49 92 4
1 2 65 28
1 3 65 23
1 4 46 57
1 5 90 35
1 6 54 32
1 7 56 38
1 8 37 52
1 9 28 66
1 10 82 40
1 11 27 39
1 12 22 41
1 13 76 30
1 14 51 48
1 15 74 16
1 16 97 25
1 17 59 68
1 18 91 43
1 19 5 66
1 20 29 40
1 21 55 53
1 22 44 43
1 23 31 63
1 24 56 57
1 25 60 59
1 26 42 60
1 27 44 66
1 28 35 52
1 29 91 31
1 30 14 46
1 31 92 50
1 32 17 68
1 33 55 44
1 34 73 22
1 35 15 44
1 36 73 34
1 37 1 49
1 38 56 65
1 39 74 23
1 40 84 15
1 41 69 31
1 42 56 35
1 43 67 63
1 44 79 13
1 45 43 41
1 46 34 45
1 47 49 25
1 48 48 70
1 49 24 76
2 3 81 45
2 4 49 43
2 5 85 38
2 6 31 78
2 7 21 62
2 8 9 57
2 9 58 62
2 10 9 48
2 11 6 56
2 12 86 29
2 13 40 43
2 14 83 21
2 15 8 72
2 16 32 67
2 17 11 80
2 18 18 89
2 19 69 20
2 20 37 59
2 21 23 38
2 22 84 31
2 23 94 4
2 24 38 47
2 25 85 46
2 26 93 31
2 27 28 38
2 28 71 20
2 29 65 37
2 30 43 71
2 31 57 37
2 32 53 68
2 33 58 28
2 34 51 59
2 35 83 27
2 36 40 46
2 37 52 63
2 38 41 54
2 39 16 69
2 40 36 71
2 41 10 77
2 42 45 74
2 43 27 71
2 44 97 17
2 45 40 52
2 46 62 63
2 47 97 6
2 48 56 34
2 49 56 68
3 4 68 24
3 5 28 61
3 6 61 67
3 7 51 60
3 8 93 17
3 9 27 68
3 10 37 43
3 11 18 72
3 12 98 14
3 13 49 70
3 14 35 69
3 15 2 65
3 16 5 57
3 17 99 21
3 18 42 70
3 19 85 47
3 20 13 72
3 21 65 60
3 22 93 7
3 23 38 67
3 24 18 44
3 25 69 28
3 26 1 92
3 27 61 56
3 28 77 32
3 29 45 48
3 30 6 83
3 31 24 63
3 32 95 13
3 33 77 50
3 34 25 85
3 35 9 78
3 36 56 27
3 37 28 55
3 38 76 38
3 39 94 47
3 40 8 86
3 41 58 41
3 42 60 29
3 43 14 57
3 44 69 29
3 45 60 40
3 46 91 7
3 47 67 35
3 48 86 23
3 49 93 5
4 5 72 25
4 6 37 66
4 7 53 54
4 8 13 90
4 9 56 28
4 10 0 92
4 11 15 73
4 12 3 72
4 13 25 46
4 14 59 42
4 15 49 31
4 16 3 50
4 17 46 34
4 18 72 23
4 19 59 38
4 20 33 45
4 21 4 56
4 22 27 72
4 23 31 63
4 24 93 8
4 25 5 75
4 26 78 13
4 27 69 44
4 28 39 69
4 29 1 60
4 30 27 48
4 31 76 20
4 32 41 34
4 33 87 36
4 34 4 78
4 35 82 15
4 36 97 32
4 37 86 25
4 38 1 98
4 39 58 53
4 40 11 93
4 41 61 27
4 42 24 46
4 43 3 96
4 44 23 67
4 45 44 63
4 46 16 53
4 47 42 60
4 48 68 29
4 49 67 26
5 6 98 27
5 7 94 21
5 8 60 66
5 9 25 52
5 10 18 42
5 11 35 49
5 12 80 51
5 13 31 81
5 14 59 48
5 15 2 97
5 16 62 21
5 17 67 51
5 18 93 33
5 19 82 34
5 20 22 65
5 21 16 81
5 22 48 44
5 23 15 58
5 24 5 70
5 25 17 52
5 26 11 44
5 27 99 17
5 28 40 46
5 29 60 31
5 30 62 19
5 31 69 58
5 32 26 68
5 33 50 45
5 34 82 50
5 35 92 32
5 36 46 44
5 37 42 51
5 38 76 16
5 39 7 61
5 40 61 39
5 41 57 42
5 42 30 73
5 43 59 49
5 44 77 56
5 45 43 69
5 46 58 31
5 47 87 43
5 48 96 47
5 49 79 54
6 7 18 74
6 8 35 72
6 9 48 47
6 10 4 76
6 11 20 65
6 12 0 54
6 13 62 42
6 14 19 47
6 15 70 43
6 16 54 31
6 17 32 39
6 18 67 53
6 19 27 48
6 20 40 56
6 21 56 58
6 22 58 38
6 23 37 73
6 24 41 30
6 25 11 64
6 26 25 56
6 27 89 18
6 28 66 42
6 29 14 65
6 30 63 38
6 31 72 51
6 32 19 44
6 33 47 70
6 34 15 43
6 35 11 49
6 36 31 63
6 37 55 25
6 38 1 80
6 39 5 95
6 40 15 91
6 41 36 72
6 42 89 9
6 43 73 27
6 44 52 59
6 45 45 37
6 46 23 86
6 47 40 49
6 48 27 64
6 49 54 42
7 8 46 28
7 9 45 43
7 10 8 46
7 11 92 30
7 12 36 65
7 13 81 53
7 14 37 67
7 15 31 76
7 16 51 24
7 17 65 35
7 18 86 12
7 19 79 51
7 20 15 58
7 21 14 89
7 22 23 41
7 23 59 53
7 24 34 58
7 25 78 38
7 26 49 37
7 27 46 40
7 28 75 16
7 29 53 31
7 30 16 51
7 31 53 60
7 32 38 38
7 33 25 80
7 34 57 42
7 35 60 22
7 36 74 34
7 37 26 62
7 38 70 20
7 39 53 57
7 40 20 66
7 41 81 56
7 42 28 36
7 43 97 43
7 44 71 21
7 45 86 44
7 46 75 58
7 47 88 15
7 48 91 33
7 49 70 45
8 9 5 83
8 10 11 64
8 11 1 82
8 12 1 55
8 13 69 58
8 14 40 62
8 15 92 12
8 16 76 30
8 17 38 69
8 18 52 57
8 19 74 47
8 20 18 59
8 21 39 65
8 22 74 25
8 23 49 58
8 24 22 63
8 25 54 35
8 26 19 85
8 27 43 54
8 28 97 26
8 29 34 57
8 30 74 34
8 31 99 31
8 32 38 45
8 33 88 24
8 34 20 76
8 35 23 80
8 36 70 24
8 37 51 72
8 38 56 27
8 39 57 55
8 40 58 41
8 41 71 31
8 42 98 31
8 43 40 38
8 44 65 35
8 45 15 55
8 46 81 54
8 47 42 37
8 48 35 46
8 49 12 83
9 10 49 61
9 11 64 51
9 12 96 41
9 13 19 46
9 14 83 29
9 15 11 51
9 16 56 47
9 17 40 34
9 18 4 67
9 19 48 54
9 20 6 89
9 21 52 24
9 22 86 25
9 23 47 28
9 24 24 67
9 25 37 72
9 26 9 46
9 27 11 52
9 28 95 44
9 29 16 88
9 30 34 72
9 31 5 49
9 32 4 77
9 33 27 78
9 34 15 66
9 35 35 68
9 36 1 85
9 37 95 5
9 38 60 53
9 39 31 66
9 40 19 72
9 41 76 57
9 42 66 47
9 43 86 34
9 44 54 41
9 45 56 65
9 46 2 65
9 47 48 49
9 48 36 39
9 49 69 26
10 11 98 8
10 12 27 84
10 13 11 63
10 14 34 76
10 15 46 63
10 16 71 52
10 17 45 37
10 18 78 51
10 19 82 41
10 20 52 54
10 21 5 81
10 22 76 28
10 23 70 17
10 24 92 37
10 25 69 49
10 26 16 89
10 27 69 52
10 28 30 73
10 29 95 52
10 30 23 66
10 31 47 56
10 32 87 47
10 33 18 62
10 34 8 95
10 35 43 61
10 36 77 44
10 37 68 61
10 38 17 64
10 39 73 42
10 40 71 58
10 41 83 21
10 42 7 48
10 43 69 41
10 44 82 37
10 45 81 11
10 46 12 47
10 47 45 63
10 48 27 51
10 49 36 63
11 12 54 57
11 13 33 83
11 14 80 46
11 15 71 36
11 16 77 57
11 17 91 28
11 18 82 58
11 19 66 27
11 20 12 78
11 21 52 72
11 22 80 39
11 23 20 71
11 24 20 75
11 25 67 33
11 26 79 60
11 27 65 54
11 28 67 37
11 29 64 47
11 30 24 48
11 31 64 50
11 32 57 60
11 33 76 33
11 34 4 86
11 35 48 67
11 36 78 22
11 37 78 27
11 38 28 84
11 39 41 59
11 40 62 28
11 41 19 79
11 42 48 57
11 43 4 67
11 44 20 55
11 45 75 41
11 46 41 34
11 47 95 28
11 48 28 35
11 49 23 77
12 13 45 41
12 14 8 93
12 15 63 66
12 16 92 10
12 17 14 82
12 18 50 26
12 19 68 39
12 20 47 75
12 21 52 52
12 22 52 67
12 23 11 69
12 24 53 37
12 25 43 62
12 26 37 48
12 27 12 56
12 28 71 28
12 29 65 23
12 30 70 40
12 31 66 25
12 32 82 44
12 33 59 26
12 34 59 42
12 35 3 75
12 36 38 55
12 37 70 42
12 38 19 82
12 39 60 21
12 40 35 73
12 41 39 31
12 42 2 55
12 43 47 66
12 44 20 66
12 45 30 83
12 46 39 59
12 47 41 68
12 48 50 66
12 49 16 56
13 14 9 48
13 15 76 12
13 16 68 17
13 17 40 43
13 18 1 89
13 19 7 51
13 20 1 65
13 21 20 79
13 22 76 35
13 23 41 51
13 24 80 21
13 25 64 34
13 26 61 40
13 27 52 36
13 28 97 25
13 29 57 25
13 30 35 56
13 31 69 57
13 32 29 80
13 33 34 54
13 34 46 64
13 35 98 42
13 36 31 72
13 37 48 70
13 38 97 25
13 39 97 16
13 40 80 15
13 41 85 23
13 42 53 65
13 43 34 47
13 44 45 28
13 45 97 22
13 46 65 18
13 47 18 72
13 48 97 11
13 49 2 61
14 15 43 71
14 16 20 48
14 17 54 26
14 18 21 53
14 19 63 54
14 20 59 56
14 21 74 57
14 22 71 23
14 23 99 35
14 24 58 50
14 25 6 90
14 26 77 31
14 27 40 50
14 28 26 73
14 29 68 35
14 30 13 92
14 31 59 36
14 32 40 31
14 33 2 61
14 34 43 54
14 35 62 41
14 36 38 63
14 37 57 45
14 38 72 39
14 39 18 81
14 40 40 75
14 41 37 37
14 42 73 49
14 43 67 39
14 44 16 74
14 45 23 47
14 46 31 41
14 47 59 40
14 48 64 66
14 49 65 33
15 16 27 38
15 17 8 72
15 18 85 16
15 19 27 55
15 20 35 50
15 21 68 18
15 22 31 36
15 23 2 86
15 24 22 43
15 25 16 75
15 26 53 42
15 27 46 64
15 28 55 60
15 29 19 70
15 30 42 52
15 31 67 44
15 32 56 33
15 33 48 63
15 34 0 71
15 35 83 43
15 36 17 91
15 37 41 37
15 38 94 24
15 39 46 28
15 40 67 42
15 41 72 16
15 42 85 31
15 43 38 60
15 44 89 15
15 45 4 69
15 46 47 45
15 47 47 32
15 48 11 91
15 49 25 66
16 17 18 88
16 18 25 54
16 19 15 74
16 20 18 46
16 21 38 61
16 22 96 13
16 23 9 45
16 24 30 81
16 25 7 89
16 26 94 27
16 27 11 69
16 28 1 56
16 29 32 65
16 30 61 50
16 31 36 54
16 32 57 70
16 33 8 61
16 34 8 75
16 35 96 30
16 36 69 31
16 37 72 57
16 38 73 27
16 39 45 58
16 40 74 44
16 41 97 41
16 42 6 47
16 43 3 62
16 44 38 59
16 45 57 21
16 46 72 57
16 47 8 55
16 48 84 45
16 49 27 79
17 18 51 63
17 19 75 56
17 20 37 69
17 21 35 67
17 22 76 28
17 23 92 34
17 24 91 49
17 25 66 45
17 26 29 65
17 27 81 17
17 28 55 23
17 29 12 73
17 30 88 19
17 31 41 34
17 32 79 22
17 33 11 88
17 34 33 38
17 35 15 44
17 36 29 81
17 37 48 48
17 38 17 86
17 39 11 76
17 40 28 65
17 41 73 28
17 42 50 40
17 43 99 31
17 44 77 33
17 45 57 31
17 46 48 60
17 47 33 34
17 48 41 56
17 49 22 54
18 19 53 61
18 20 69 38
18 21 7 81
18 22 43 75
18 23 70 21
18 24 80 17
18 25 38 79
18 26 74 54
18 27 70 54
18 28 80 18
18 29 16 43
18 30 67 66
18 31 74 51
18 32 17 68
18 33 7 60
18 34 78 43
18 35 47 33
18 36 41 65
18 37 9 56
18 38 69 63
18 39 33 79
18 40 27 50
18 41 27 59
18 42 81 28
18 43 90 28
18 44 32 42
18 45 64 26
18 46 35 46
18 47 78 13
18 48 34 53
18 49 28 46
19 20 11 51
19 21 53 62
19 22 63 57
19 23 84 16
19 24 87 45
19 25 53 25
19 26 19 82
19 27 62 57
19 28 51 46
19 29 67 66
19 30 26 65
19 31 96 11
19 32 52 27
19 33 9 70
19 34 76 23
19 35 32 74
19 36 23 59
19 37 91 19
19 38 45 51
19 39 56 24
19 40 55 69
19 41 72 27
19 42 32 42
19 43 18 81
19 44 21 77
19 45 72 62
19 46 36 42
19 47 48 70
19 48 88 45
19 49 89 30
20 21 79 17
20 22 71 29
20 23 16 81
20 24 79 57
20 25 43 29
20 26 97 18
20 27 93 4
20 28 50 37
20 29 32 46
20 30 90 28
20 31 91 25
20 32 63 18
20 33 3 77
20 34 61 30
20 35 49 52
20 36 43 43
20 37 75 36
20 38 69 35
20 39 17 71
20 40 65 39
20 41 68 19
20 42 83 26
20 43 83 11
20 44 0 81
20 45 52 51
20 46 61 21
20 47 0 59
20 48 3 51
20 49 21 53
21 22 41 76
21 23 53 55
21 24 37 63
21 25 65 33
21 26 52 49
21 27 78 40
21 28 87 51
21 29 77 32
21 30 39 60
21 31 26 72
21 32 69 48
21 33 59 67
21 34 87 39
21 35 17 52
21 36 53 28
21 37 56 32
21 38 75 61
21 39 55 38
21 40 71 20
21 41 92 18
21 42 38 44
21 43 71 40
21 44 62 43
21 45 93 12
21 46 48 31
21 47 28 43
21 48 85 20
21 49 80 35
22 23 14 67
22 24 91 23
22 25 31 63
22 26 77 18
22 27 81 36
22 28 82 17
22 29 44 72
22 30 20 76
22 31 88 8
22 32 35 35
22 33 40 40
22 34 41 49
22 35 65 37
22 36 82 10
22 37 52 42
22 38 61 30
22 39 28 68
22 40 6 80
22 41 53 42
22 42 42 29
22 43 29 39
22 44 86 46
22 45 6 55
22 46 26 48
22 47 19 60
22 48 45 34
22 49 99 41
23 24 30 40
23 25 65 62
23 26 90 24
23 27 86 56
23 28 67 45
23 29 25 61
23 30 92 46
23 31 44 30
23 32 65 59
23 33 35 77
23 34 99 1
23 35 78 19
23 36 59 64
23 37 78 31
23 38 76 25
23 39 92 48
23 40 94 37
23 41 64 47
23 42 53 37
23 43 22 46
23 44 1 67
23 45 96 15
23 46 61 58
23 47 36 42
23 48 53 53
23 49 97 23
24 25 76 60
24 26 15 61
24 27 34 53
24 28 78 46
24 29 48 32
24 30 73 18
24 31 18 54
24 32 75 60
24 33 30 56
24 34 50 43
24 35 61 35
24 36 56 44
24 37 79 43
24 38 95 6
24 39 40 62
24 40 13 87
24 41 94 49
24 42 40 62
24 43 31 66
24 44 44 46
24 45 70 64
24 46 5 50
24 47 13 65
24 48 47 48
24 49 29 74
25 26 62 23
25 27 42 48
25 28 29 70
25 29 62 65
25 30 93 49
25 31 20 54
25 32 19 79
25 33 7 84
25 34 16 77
25 35 27 79
25 36 86 27
25 37 69 26
25 38 92 36
25 39 32 69
25 40 20 89
25 41 4 78
25 42 47 37
25 43 6 47
25 44 58 68
25 45 0 78
25 46 73 13
25 47 89 23
25 48 44 32
25 49 77 36
26 27 20 68
26 28 18 76
26 29 42 29
26 30 97 40
26 31 97 34
26 32 89 38
26 33 4 78
26 34 3 52
26 35 29 51
26 36 12 73
26 37 13 73
26 38 27 53
26 39 73 16
26 40 71 26
26 41 27 43
26 42 60 21
26 43 95 49
26 44 19 83
26 45 2 74
26 46 36 59
26 47 54 56
26 48 77 57
26 49 8 88
27 28 96 12
27 29 46 41
27 30 17 62
27 31 10 45
27 32 99 44
27 33 73 60
27 34 76 40
27 35 86 19
27 36 22 59
27 37 5 86
27 38 77 20
27 39 35 56
27 40 77 35
27 41 94 50
27 42 90 31
27 43 68 35
27 44 57 64
27 45 70 19
27 46 22 48
27 47 39 69
27 48 94 16
27 49 60 64
28 29 63 50
28 30 63 65
28 31 57 58
28 32 64 64
28 33 85 56
28 34 59 22
28 35 38 58
28 36 1 83
28 37 56 36
28 38 99 5
28 39 76 13
28 40 5 71
28 41 95 25
28 42 46 32
28 43 32 58
28 44 28 60
28 45 21 69
28 46 34 78
28 47 71 47
28 48 12 56
28 49 90 23
29 30 84 15
29 31 88 47
29 32 94 19
29 33 70 19
29 34 72 60
29 35 73 47
29 36 94 49
29 37 74 14
29 38 9 94
29 39 58 65
29 40 85 48
29 41 53 60
29 42 21 83
29 43 52 39
29 44 32 65
29 45 21 74
29 46 57 25
29 47 42 53
29 48 32 66
29 49 28 73
30 31 7 85
30 32 72 26
30 33 21 73
30 34 98 49
30 35 37 62
30 36 66 34
30 37 6 78
30 38 91 28
30 39 93 6
30 40 25 68
30 41 77 23
30 42 33 66
30 43 82 24
30 44 19 88
30 45 14 47
30 46 41 76
30 47 71 25
30 48 99 40
30 49 1 75
31 32 85 50
31 33 11 82
31 34 64 43
31 35 98 7
31 36 35 67
31 37 27 74
31 38 6 65
31 39 93 30
31 40 47 71
31 41 9 82
31 42 12 78
31 43 85 34
31 44 36 59
31 45 38 31
31 46 11 68
31 47 54 53
31 48 5 93
31 49 32 54
32 33 39 67
32 34 19 85
32 35 67 41
32 36 6 79
32 37 16 73
32 38 29 55
32 39 27 74
32 40 31 57
32 41 54 29
32 42 38 62
32 43 55 38
32 44 3 84
32 45 86 50
32 46 87 9
32 47 19 73
32 48 46 46
32 49 67 36
33 34 18 83
33 35 27 68
33 36 99 30
33 37 28 73
33 38 61 19
33 39 9 74
33 40 82 23
33 41 68 60
33 42 2 85
33 43 23 52
33 44 42 71
33 45 13 54
33 46 43 34
33 47 63 55
33 48 12 61
33 49 11 92
34 35 26 49
34 36 65 37
34 37 43 62
34 38 91 35
34 39 34 50
34 40 5 57
34 41 58 23
34 42 31 71
34 43 80 17
34 44 8 70
34 45 2 77
34 46 49 73
34 47 68 60
34 48 5 51
34 49 28 69
35 36 56 22
35 37 15 66
35 38 5 90
35 39 54 61
35 40 25 74
35 41 25 44
35 42 38 41
35 43 32 80
35 44 10 72
35 45 94 11
35 46 27 54
35 47 24 50
35 48 27 61
35 49 0 82
36 37 56 65
36 38 5 76
36 39 76 39
36 40 33 75
36 41 20 73
36 42 30 67
36 43 96 6
36 44 24 74
36 45 72 42
36 46 73 27
36 47 5 48
36 48 78 17
36 49 95 5
37 38 4 63
37 39 74 13
37 40 9 82
37 41 39 62
37 42 19 74
37 43 65 59
37 44 83 32
37 45 26 38
37 46 22 86
37 47 94 12
37 48 83 50
37 49 20 88
38 39 16 54
38 40 65 41
38 41 96 46
38 42 32 51
38 43 2 86
38 44 6 92
38 45 0 97
38 46 89 53
38 47 51 49
38 48 17 45
38 49 9 88
39 40 58 43
39 41 60 59
39 42 38 36
39 43 67 59
39 44 19 64
39 45 0 87
39 46 90 53
39 47 82 39
39 48 83 15
39 49 67 49
40 41 42 38
40 42 50 28
40 43 8 59
40 44 83 32
40 45 58 28
40 46 60 35
40 47 11 46
40 48 5 72
40 49 27 67
41 42 96 11
41 43 29 74
41 44 90 27
41 45 76 37
41 46 19 80
41 47 23 52
41 48 93 22
41 49 29 83
42 43 22 75
42 44 23 84
42 45 49 73
42 46 11 59
42 47 66 51
42 48 75 48
42 49 78 26
43 44 40 33
43 45 83 57
43 46 6 76
43 47 1 86
43 48 50 50
43 49 37 70
44 45 29 51
44 46 69 42
44 47 7 57
44 48 53 42
44 49 89 26
45 46 76 61
45 47 73 34
45 48 92 41
45 49 39 57
46 47 42 59
46 48 97 15
46 49 34 65
47 48 42 77
47 49 98 34
48 49 22 68
0
2143
105 3493
106 3478
107 3453
108 3441
109 3417
110 3409
111 3402
112 3390
113 3379
114 3370
115 3362
116 3352
117 3343
118 3332
119 3324
120 3317
121 3305
122 3297
123 3290
124 3280
125 3272
126 3264
127 3255
128 3247
129 3239
130 3231
131 3224
132 3214
133 3206
134 3199
135 3191
136 3184
137 3177
138 3169
139 3162
140 3155
141 3148
142 3141
143 3133
144 3126
145 3124
146 3116
147 3109
148 3104
149 3097
150 3089
151 3082
152 3080
153 3072
154 3065
155 3063
156 3056
157 3050
158 3048
159 3041
160 3036
161 3033
162 3026
163 3021
164 3017
165 3011
166 3009
167 3002
168 2997
169 2994
170 2988
171 2982
172 2980
173 2973
174 2971
175 2968
176 2963
177 2956
178 2954
179 2952
180 2945
181 2942
182 2937
183 2935
184 2928
185 2926
186 2920
187 2918
188 2914
189 2909
190 2906
191 2901
192 2899
193 2892
194 2890
195 2887
196 2883
197 2878
198 2873
200 2866
202 2859
203 2858
204 2852
205 2847
207 2843
208 2840
209 2833
210 2832
211 2829
212 2826
213 2821
215 2816
216 2814
217 2807
218 2806
219 2803
220 2800
221 2797
222 2796
223 2793
224 2788
226 2783
227 2781
228 2774
229 2773
230 2770
231 2767
232 2764
233 2763
234 2760
235 2757
236 2755
237 2753
238 2752
239 2748
240 2747
241 2744
242 2743
243 2740
244 2737
245 2735
246 2733
247 2731
248 2728
249 2726
250 2724
251 2722
252 2719
253 2718
254 2715
255 2713
256 2711
257 2708
258 2706
259 2704
260 2702
261 2699
262 2697
263 2695
264 2693
265 2691
266 2690
267 2686
268 2684
269 2682
270 2680
271 2677
272 2675
273 2673
274 2671
275 2670
276 2666
277 2664
278 2663
279 2661
280 2659
281 2657
282 2654
283 2651
284 2650
285 2648
286 2644
288 2642
289 2639
290 2637
291 2635
292 2632
293 2630
294 2628
295 2627
296 2625
297 2623
298 2620
299 2618
300 2616
301 2614
302 2612
303 2611
304 2608
305 2607
306 2604
307 2603
308 2601
309 2599
310 2597
311 2596
312 2593
313 2591
314 2590
315 2588
316 2587
317 2585
318 2583
319 2580
321 2578
322 2576
323 2575
324 2572
325 2570
326 2569
328 2566
329 2565
330 2564
331 2560
332 2558
334 2556
335 2555
336 2554
337 2552
338 2548
340 2546
341 2544
343 2542
344 2541
345 2538
346 2536
347 2534
349 2532
350 2531
351 2530
352 2526
353 2524
355 2522
356 2521
357 2520
358 2518
359 2514
361 2512
362 2510
364 2509
365 2508
366 2506
368 2500
370 2499
371 2498
372 2496
374 2494
375 2492
377 2491
378 2486
380 2485
381 2482
383 2481
384 2480
385 2478
387 2477
388 2476
389 2475
391 2468
393 2467
396 2465
398 2464
399 2463
400 2461
402 2460
403 2459
404 2455
406 2454
409 2452
410 2450
412 2449
413 2447
415 2446
417 2445
418 2442
421 2441
422 2440
423 2437
425 2436
426 2434
428 2433
430 2432
431 2431
432 2429
434 2428
435 2427
437 2424
440 2421
443 2420
444 2419
445 2416
447 2415
449 2414
450 2413
452 2411
454 2409
456 2408
457 2407
458 2406
459 2403
462 2402
463 2401
464 2400
466 2398
468 2396
470 2395
471 2393
473 2392
475 2390
476 2389
478 2387
480 2386
482 2385
483 2384
484 2383
485 2380
488 2379
490 2378
491 2377
492 2376
493 2375
494 2373
496 2372
497 2371
498 2370
501 2367
502 2366
505 2365
506 2364
508 2363
509 2362
510 2360
511 2359
513 2358
514 2357
515 2356
516 2355
517 2354
518 2353
521 2352
522 2351
523 2350
524 2347
527 2346
529 2345
530 2344
531 2343
532 2342
533 2341
534 2340
535 2339
536 2338
538 2337
540 2334
541 2333
544 2332
546 2331
547 2330
548 2329
549 2328
550 2327
551 2326
552 2325
553 2324
555 2323
556 2321
557 2320
560 2319
561 2318
563 2317
564 2316
565 2315
566 2314
567 2313
568 2312
569 2311
571 2310
573 2307
577 2305
579 2304
580 2303
581 2302
583 2301
584 2299
585 2298
587 2297
589 2296
590 2295
592 2294
593 2293
594 2292
595 2291
596 2290
598 2289
599 2288
601 2287
602 2286
604 2285
605 2284
606 2282
609 2281
610 2280
611 2278
614 2276
617 2274
618 2273
620 2272
622 2270
623 2269
625 2268
626 2267
628 2266
629 2265
631 2264
632 2263
634 2261
636 2260
637 2259
639 2258
640 2257
642 2256
643 2255
644 2253
647 2251
650 2250
651 2249
652 2247
655 2245
656 2244
658 2243
659 2242
661 2241
663 2239
664 2238
666 2237
667 2236
669 2235
670 2234
672 2233
673 2232
675 2230
677 2229
678 2228
680 2227
681 2226
683 2225
684 2224
685 2222
689 2220
691 2219
692 2218
693 2217
695 2216
696 2214
697 2213
699 2212
701 2211
703 2210
704 2209
705 2208
707 2207
708 2205
710 2204
711 2203
714 2202
715 2201
716 2200
718 2199
719 2198
721 2197
722 2195
725 2194
726 2193
728 2192
730 2190
733 2188
736 2187
737 2185
739 2184
740 2183
743 2182
744 2180
747 2179
748 2178
750 2177
751 2175
754 2174
755 2172
756 2171
758 2170
760 2169
762 2168
763 2167
764 2166
766 2165
767 2163
769 2162
770 2161
773 2160
774 2159
775 2158
777 2157
778 2156
781 2153
784 2152
785 2151
787 2150
789 2148
792 2147
793 2146
795 2145
796 2143
798 2142
799 2141
802 2140
803 2139
804 2138
806 2137
807 2136
810 2133
813 2132
814 2131
816 2130
818 2128
821 2127
822 2126
824 2125
826 2123
827 2122
829 2121
831 2120
832 2119
834 2118
835 2117
839 2115
840 2114
843 2112
845 2111
846 2110
848 2109
850 2108
851 2107
855 2105
856 2104
858 2103
861 2102
862 2100
865 2099
866 2098
867 2097
870 2096
871 2095
873 2094
875 2093
877 2092
878 2091
880 2090
881 2089
883 2088
884 2087
886 2086
888 2085
889 2084
891 2083
893 2082
894 2081
896 2080
897 2079
899 2078
900 2076
903 2075
904 2074
906 2073
908 2071
911 2070
912 2069
914 2068
916 2066
917 2065
919 2064
921 2063
922 2062
924 2061
925 2060
929 2058
930 2057
933 2055
935 2054
936 2053
938 2052
940 2051
941 2050
945 2048
946 2047
948 2046
951 2045
952 2043
955 2042
956 2041
957 2040
960 2039
961 2038
963 2037
965 2036
967 2035
968 2034
970 2033
971 2032
973 2031
974 2030
976 2029
978 2028
979 2027
981 2026
983 2025
984 2024
986 2023
987 2022
989 2021
990 2020
992 2019
994 2018
995 2017
997 2016
999 2015
1000 2014
1002 2013
1005 2012
1006 2010
1009 2009
1010 2008
1011 2007
1014 2006
1015 2005
1017 2004
1019 2003
1021 2002
1022 2001
1024 2000
1025 1999
1027 1998
1028 1997
1030 1996
1032 1995
1033 1994
1035 1993
1037 1992
1039 1991
1040 1990
1043 1989
1044 1988
1045 1987
1047 1986
1049 1985
1050 1984
1051 1983
1054 1982
1055 1981
1056 1980
1059 1979
1060 1978
1062 1977
1064 1976
1066 1975
1067 1974
1069 1973
1070 1972
1072 1971
1073 1970
1075 1969
1077 1968
1078 1967
1080 1966
1082 1965
1084 1964
1086 1963
1088 1962
1089 1961
1091 1960
1093 1959
1094 1958
1095 1957
1098 1956
1099 1955
1100 1954
1102 1953
1104 1952
1106 1951
1108 1950
1110 1949
1111 1948
1113 1947
1114 1946
1116 1945
1117 1944
1119 1943
1121 1942
1122 1941
1124 1940
1126 1939
1128 1938
1130 1937
1132 1936
1133 1935
1135 1934
1137 1933
1138 1932
1140 1931
1142 1930
1143 1929
1145 1928
1146 1927
1149 1926
1150 1925
1153 1924
1154 1923
1155 1922
1158 1921
1159 1920
1160 1919
1162 1918
1164 1917
1166 1916
1167 1915
1170 1914
1171 1913
1174 1912
1175 1911
1176 1910
1179 1909
1180 1908
1181 1907
1183 1906
1185 1905
1187 1904
1189 1903
1191 1902
1192 1901
1194 1900
1196 1899
1197 1898
1200 1897
1201 1896
1203 1895
1205 1894
1206 1893
1208 1892
1210 1891
1212 1890
1213 1889
1215 1888
1217 1887
1219 1886
1221 1885
1222 1884
1224 1883
1226 1882
1227 1881
1229 1880
1231 1879
1233 1878
1235 1877
1237 1876
1238 1875
1240 1874
1242 1873
1243 1872
1245 1871
1247 1870
1249 1869
1251 1868
1253 1867
1254 1866
1256 1865
1258 1864
1260 1863
1261 1862
1263 1861
1265 1860
1267 1859
1269 1858
1270 1857
1272 1856
1274 1855
1275 1854
1277 1853
1279 1852
1281 1851
1283 1850
1285 1849
1286 1848
1288 1847
1290 1846
1291 1845
1294 1844
1295 1843
1297 1842
1299 1841
1301 1840
1303 1839
1304 1838
1306 1837
1308 1836
1309 1835
1311 1834
1313 1833
1315 1832
1317 1831
1318 1830
1320 1829
1322 1828
1324 1827
1326 1826
1328 1825
1329 1824
1331 1823
1333 1822
1334 1821
1337 1820
1338 1819
1340 1818
1342 1817
1343 1816
1345 1815
1347 1814
1349 1813
1351 1812
1352 1811
1354 1810
1356 1809
1358 1808
1359 1807
1362 1806
1363 1805
1365 1804
1367 1803
1369 1802
1371 1801
1372 1800
1374 1799
1376 1798
1377 1797
1380 1796
1381 1795
1384 1794
1385 1793
1386 1792
1388 1791
1390 1790
1392 1789
1394 1788
1396 1787
1397 1786
1399 1785
1401 1784
1402 1783
1405 1782
1406 1781
1409 1780
1410 1779
1412 1778
1414 1777
1415 1776
1418 1775
1419 1774
1420 1773
1423 1772
1424 1771
1427 1770
1429 1769
1430 1768
1433 1767
1434 1766
1436 1765
1438 1764
1439 1763
1441 1762
1443 1761
1445 1760
1447 1759
1448 1758
1451 1757
1452 1756
1454 1755
1456 1754
1458 1753
1459 1752
1461 1751
1463 1750
1465 1749
1467 1748
1469 1747
1471 1746
1472 1745
1475 1744
1476 1743
1479 1741
1482 1740
1483 1739
1486 1738
1487 1737
1489 1736
1491 1735
1493 1734
1495 1733
1497 1732
1498 1731
1500 1730
1502 1729
1504 1728
1506 1727
1507 1726
1510 1725
1511 1724
1513 1723
1515 1722
1517 1721
1518 1720
1520 1719
1522 1718
1524 1717
1526 1716
1528 1715
1530 1714
1531 1713
1534 1712
1535 1711
1538 1710
1539 1709
1541 1708
1543 1707
1545 1706
1546 1705
1548 1704
1550 1703
1552 1702
1554 1701
1556 1700
1558 1699
1559 1698
1562 1697
1563 1696
1565 1695
1567 1694
1569 1693
1571 1692
1572 1691
1574 1690
1576 1689
1578 1688
1580 1687
1582 1686
1584 1685
1586 1684
1587 1683
1590 1682
1591 1681
1593 1680
1595 1679
1597 1678
1599 1677
1600 1676
1602 1675
1604 1674
1606 1673
1608 1672
1610 1671
1612 1670
1614 1669
1615 1668
1618 1667
1619 1666
1621 1665
1623 1664
1625 1663
1627 1662
1628 1661
1630 1660
1632 1659
1634 1658
1636 1657
1638 1656
1640 1655
1642 1654
1643 1653
1646 1652
1647 1651
1649 1650
1651 1649
1653 1648
1655 1647
1656 1646
1659 1645
1660 1644
1662 1643
1665 1642
1666 1641
1668 1640
1670 1639
1671 1638
1674 1637
1675 1636
1678 1635
1679 1634
1681 1633
1683 1632
1684 1631
1687 1630
1688 1629
1690 1628
1693 1627
1694 1626
1696 1625
1698 1624
1700 1623
1702 1622
1703 1621
1706 1620
1707 1619
1710 1618
1711 1617
1713 1616
1715 1615
1717 1614
1719 1613
1721 1612
1723 1611
1725 1610
1726 1609
1729 1608
1731 1607
1733 1606
1735 1605
1736 1604
1738 1603
1741 1602
1742 1601
1744 1600
1746 1599
1748 1598
1750 1597
1752 1596
1754 1595
1756 1594
1757 1593
1759 1592
1761 1591
1763 1590
1765 1589
1767 1588
1769 1587
1771 1586
1773 1585
1775 1584
1777 1583
1778 1582
1780 1581
1782 1580
1784 1579
1786 1578
1788 1577
1790 1576
1792 1575
1794 1574
1796 1573
1797 1572
1800 1571
1801 1570
1804 1569
1805 1568
1807 1567
1810 1566
1811 1565
1813 1564
1815 1563
1817 1562
1819 1561
1820 1560
1823 1559
1825 1558
1827 1557
1829 1556
1830 1555
1832 1554
1835 1553
1836 1552
1839 1551
1840 1550
1842 1549
1844 1548
1846 1547
1848 1546
1850 1545
1852 1544
1853 1543
1855 1542
1857 1541
1859 1540
1862 1539
1863 1538
1865 1537
1867 1536
1869 1535
1872 1533
1875 1532
1876 1531
1879 1530
1880 1529
1882 1528
1885 1527
1886 1526
1889 1525
1890 1524
1892 1523
1894 1522
1895 1521
1898 1520
1900 1519
1902 1518
1904 1517
1905 1516
1908 1515
1910 1514
1912 1513
1914 1512
1916 1511
1917 1510
1919 1509
1922 1508
1923 1507
1926 1506
1927 1505
1929 1504
1932 1503
1933 1502
1936 1501
1937 1500
1939 1499
1941 1498
1942 1497
1945 1496
1947 1495
1949 1494
1951 1493
1952 1492
1955 1491
1957 1490
1959 1489
1961 1488
1962 1487
1964 1486
1966 1485
1969 1484
1971 1483
1972 1482
1974 1481
1976 1480
1979 1479
1981 1478
1983 1477
1984 1476
1986 1475
1988 1474
1990 1473
1993 1472
1994 1471
1996 1470
1998 1469
2000 1468
2003 1467
2004 1466
2006 1465
2008 1464
2010 1463
2012 1462
2014 1461
2016 1460
2018 1459
2020 1458
2022 1457
2024 1456
2026 1455
2028 1454
2030 1453
2032 1452
2034 1451
2036 1450
2038 1449
2040 1448
2042 1447
2044 1446
2046 1445
2048 1444
2050 1443
2052 1442
2054 1441
2056 1440
2058 1439
2060 1438
2062 1437
2064 1436
2066 1435
2068 1434
2070 1433
2072 1432
2074 1431
2076 1430
2078 1429
2080 1428
2082 1427
2084 1426
2086 1425
2088 1424
2090 1423
2092 1422
2094 1421
2096 1420
2098 1419
2100 1418
2102 1417
2104 1416
2106 1415
2108 1414
2110 1413
2112 1412
2114 1411
2116 1410
2118 1409
2120 1408
2122 1407
2124 1406
2126 1405
2128 1404
2130 1403
2132 1402
2134 1401
2136 1400
2138 1399
2140 1398
2142 1397
2144 1396
2147 1395
2148 1394
2150 1393
2152 1392
2154 1391
2156 1390
2158 1389
2160 1388
2162 1387
2164 1386
2166 1385
2168 1384
2171 1383
2172 1382
2174 1381
2176 1380
2178 1379
2181 1378
2182 1377
2184 1376
2186 1375
2188 1374
2190 1373
2193 1372
2195 1371
2196 1370
2198 1369
2200 1368
2203 1367
2205 1366
2206 1365
2208 1364
2210 1363
2212 1362
2215 1361
2217 1360
2218 1359
2220 1358
2222 1357
2225 1356
2227 1355
2229 1354
2231 1353
2233 1352
2234 1351
2237 1350
2239 1349
2241 1348
2242 1347
2245 1346
2247 1345
2249 1344
2251 1343
2253 1342
2255 1341
2257 1340
2259 1339
2261 1338
2263 1337
2265 1336
2267 1335
2269 1334
2271 1333
2273 1332
2275 1331
2277 1330
2280 1329
2281 1328
2283 1327
2285 1326
2287 1325
2289 1324
2292 1323
2293 1322
2295 1321
2297 1320
2300 1319
2302 1318
2304 1317
2306 1316
2307 1315
2309 1314
2311 1313
2314 1312
2316 1311
2317 1310
2320 1309
2322 1308
2324 1307
2326 1306
2328 1305
2330 1304
2332 1303
2334 1302
2336 1301
2338 1300
2340 1299
2342 1298
2344 1297
2346 1296
2348 1295
2350 1294
2352 1293
2354 1292
2357 1291
2358 1290
2360 1289
2362 1288
2364 1287
2367 1286
2368 1285
2371 1284
2373 1283
2375 1282
2377 1281
2379 1280
2381 1279
2382 1278
2385 1277
2386 1276
2389 1275
2391 1274
2393 1273
2395 1272
2398 1271
2399 1270
2401 1269
2403 1268
2405 1267
2407 1266
2409 1265
2411 1264
2413 1263
2415 1262
2417 1261
2420 1260
2422 1259
2423 1258
2425 1257
2428 1256
2429 1255
2432 1254
2434 1253
2436 1252
2437 1251
2440 1250
2442 1249
2444 1248
2446 1247
2448 1246
2450 1245
2452 1244
2454 1243
2456 1242
2458 1241
2460 1240
2462 1239
2465 1238
2466 1237
2468 1236
2471 1235
2473 1234
2475 1233
2477 1232
2479 1231
2480 1230
2483 1229
2486 1228
2487 1227
2489 1226
2491 1225
2493 1224
2495 1223
2497 1222
2500 1221
2501 1220
2503 1219
2505 1218
2508 1217
2510 1216
2511 1215
2514 1214
2516 1213
2518 1212
2520 1211
2522 1210
2524 1209
2527 1208
2528 1207
2530 1206
2532 1205
2535 1204
2537 1203
2538 1202
2541 1201
2543 1200
2544 1199
2546 1198
2549 1197
2552 1196
2553 1195
2556 1194
2557 1193
2560 1192
2561 1191
2564 1190
2566 1189
2568 1188
2570 1187
2571 1186
2574 1185
2576 1184
2578 1183
2580 1182
2582 1181
2584 1180
2587 1179
2589 1178
2590 1177
2593 1176
2595 1175
2597 1174
2599 1173
2602 1172
2603 1171
2604 1170
2607 1169
2610 1168
2611 1167
2614 1166
2616 1165
2617 1164
2620 1163
2622 1162
2625 1161
2627 1160
2629 1159
2631 1158
2632 1157
2635 1156
2636 1155
2639 1154
2642 1153
2643 1152
2645 1151
2648 1150
2649 1149
2651 1148
2654 1147
2656 1146
2659 1145
2661 1144
2663 1143
2664 1142
2667 1141
2669 1140
2671 1139
2674 1138
2675 1137
2677 1136
2679 1135
2681 1134
2683 1133
2686 1132
2688 1131
2690 1130
2692 1129
2694 1128
2696 1127
2699 1126
2701 1125
2703 1124
2705 1123
2708 1122
2709 1121
2711 1120
2713 1119
2716 1118
2718 1117
2720 1116
2722 1115
2724 1114
2726 1113
2728 1112
2731 1111
2733 1110
2735 1109
2737 1108
2739 1107
2741 1106
2743 1105
2746 1104
2748 1103
2750 1102
2752 1101
2754 1100
2756 1099
2758 1098
2760 1097
2763 1096
2765 1095
2767 1094
2769 1093
2771 1092
2773 1091
2776 1090
2778 1089
2780 1088
2782 1087
2785 1086
2786 1085
2788 1084
2791 1083
2793 1082
2795 1081
2797 1080
2799 1079
2801 1078
2804 1077
2805 1076
2808 1075
2810 1074
2812 1073
2814 1072
2816 1071
2818 1070
2820 1069
2823 1068
2825 1067
2827 1066
2829 1065
2831 1064
2834 1063
2836 1062
2838 1061
2840 1060
2842 1059
2844 1058
2846 1057
2848 1056
2851 1055
2853 1054
2855 1053
2857 1052
2859 1051
2862 1050
2864 1049
2865 1048
2868 1047
2870 1046
2872 1045
2874 1044
2877 1043
2879 1042
2881 1041
2883 1040
2885 1039
2887 1038
2890 1037
2891 1036
2894 1035
2896 1034
2898 1033
2900 1032
2902 1031
2904 1030
2906 1029
2909 1028
2911 1027
2913 1026
2915 1025
2917 1024
2920 1023
2922 1022
2924 1021
2926 1020
2928 1019
2930 1018
2933 1017
2934 1016
2937 1015
2939 1014
2941 1013
2943 1012
2945 1011
2947 1010
2950 1009
2951 1008
2954 1007
2956 1006
2958 1005
2961 1004
2963 1003
2965 1002
2967 1001
2969 1000
2972 999
2973 998
2976 997
2978 996
2980 995
2982 994
2984 993
2986 992
2988 991
2990 990
2993 989
2995 988
2997 987
2999 986
3002 985
3004 984
3006 983
3008 982
3011 981
3012 980
3015 979
3016 978
3019 977
3021 976
3023 975
3025 974
3027 973
3030 972
3032 971
3033 970
3036 969
3038 968
3040 967
3043 966
3045 965
3047 964
3049 963
3051 962
3054 961
3055 960
3058 959
3060 958
3062 957
3064 956
3066 955
3069 954
3071 953
3072 952
3075 951
3077 950
3079 949
3082 948
3084 947
3086 946
3088 945
3090 944
3093 943
3095 942
3097 941
3099 940
3101 939
3104 938
3105 937
3107 936
3110 935
3112 934
3114 933
3116 932
3119 931
3121 930
3123 929
3125 928
3128 927
3129 926
3132 925
3134 924
3136 923
3139 922
3140 921
3143 920
3145 919
3146 918
3149 917
3151 916
3153 915
3156 914
3158 913
3160 912
3162 911
3164 910
3167 909
3169 908
3171 907
3173 906
3175 905
3178 904
3179 903
3182 902
3184 901
3186 900
3189 899
3190 898
3193 897
3196 896
3197 895
3200 894
3202 893
3203 892
3206 891
3208 890
3211 889
3213 888
3215 887
3217 886
3219 885
3221 884
3223 883
3226 882
3229 881
3230 880
3232 879
3235 878
3236 877
3239 876
3241 875
3244 874
3246 873
3247 872
3250 871
3252 870
3254 869
3257 868
3259 867
3261 866
3263 865
3265 864
3268 863
3270 862
3272 861
3275 860
3276 859
3279 858
3280 857
3283 856
3286 855
3288 854
3290 853
3293 852
3294 851
3297 850
3299 849
3301 848
3303 847
3306 846
3308 845
3309 844
3312 843
3314 842
3316 841
3319 840
3322 839
3323 838
3326 837
3327 836
3330 835
3332 834
3335 833
3337 832
3339 831
3341 830
3344 829
3345 828
3348 827
3350 826
3353 825
3355 824
3356 823
3359 822
3361 821
3364 820
3366 819
3368 818
3370 817
3373 816
3375 815
3378 814
3379 813
3382 812
3384 811
3386 810
3389 809
3391 808
3394 807
3396 806
3398 805
3400 804
3403 803
3405 802
3407 801
3409 800
3412 799
3414 798
3416 797
3419 796
3421 795
3424 794
3426 793
3427 792
3430 791
3432 790
3435 789
3437 788
3439 787
3441 786
3444 785
3446 784
3449 783
3450 782
3453 781
3455 780
3457 779
3460 778
3462 777
3465 776
3467 775
3469 774
3471 773
3474 772
3476 771
3479 770
3480 769
3483 768
3485 767
3488 766
3490 765
3493 764
3495 763
3497 762
3499 761
3502 760
3504 759
3506 758
3508 757
3511 756
3513 755
3515 754
3518 753
3520 752
3523 751
3525 750
3527 749
3529 748
3532 747
3534 746
3537 745
3538 744
3541 743
3543 742
3546 741
3549 740
3551 739
3553 738
3555 737
3558 736
3560 735
3563 734
3564 733
3567 732
3569 731
3572 730
3574 729
3577 728
3579 727
3581 726
3584 725
3586 724
3589 723
3590 722
3593 721
3595 720
3598 719
3600 718
3603 717
3605 716
3607 715
3610 714
3612 713
3615 712
3616 711
3619 710
3621 709
3624 708
3627 707
3629 706
3632 705
3633 704
3636 703
3638 702
3641 701
3644 700
3646 699
3647 698
3650 697
3653 696
3655 695
3658 694
3660 693
3663 692
3664 691
3667 690
3670 689
3673 688
3675 687
3677 686
3680 685
3683 684
3684 683
3687 682
3691 681
3693 680
3696 679
3697 678
3700 677
3704 676
3707 675
3709 674
3711 673
3714 672
3717 671
3720 670
3722 669
3725 668
3729 667
3731 666
3734 665
3736 664
3739 663
3742 662
3745 661
3747 660
3750 659
3752 658
3755 657
3759 656
3761 655
3764 654
3766 653
3769 652
3772 651
3775 650
3777 649
3780 648
3784 647
3786 646
3789 645
3791 644
3794 643
3797 642
3800 641
3803 640
3806 639
3808 638
3811 637
3814 636
3817 635
3819 634
3822 633
3826 632
3828 631
3831 630
3833 629
3836 628
3839 627
3842 626
3845 625
3848 624
3851 623
3853 622
3856 621
3859 620
3862 619
3865 618
3868 617
3871 616
3873 615
3876 614
3879 613
3882 612
3885 611
3888 610
3891 609
3893 608
3896 607
3899 606
3902 605
3905 604
3908 603
3911 602
3914 601
3917 600
3919 599
3922 598
3925 597
3928 596
3931 595
3934 594
3937 593
3939 592
3942 591
3946 590
3949 589
3952 588
3954 587
3957 586
3960 585
3963 584
3966 583
3969 582
3972 581
3974 580
3977 579
3982 578
3984 577
3987 576
3989 575
3992 574
3997 573
4000 572
4003 571
4005 570
4009 569
4012 568
4016 567
4017 566
4022 565
4026 564
4027 563
4031 562
4032 561
4038 560
4042 559
4043 558
4046 557
4053 556
4057 554
4063 553
4067 552
4068 551
4074 550
4078 549
4079 548
4082 547
4089 546
4093 544
4100 543
4104 542
4105 541
4111 540
4115 539
4116 538
4119 537
4126 536
4129 535
4130 534
4137 533
4141 532
4144 531
4149 530
4155 528
4162 527
4167 526
4169 525
4174 524
4180 523
4181 522
4188 521
4193 520
4195 519
4200 518
4206 517
4212 516
4214 515
4220 514
4225 513
4231 512
4233 511
4239 510
4245 509
4250 508
4256 507
4259 506
4268 505
4274 504
4276 503
4286 502
4288 501
4298 500
4304 499
4314 498
4316 497
4326 496
