50
0 1 21 54
0 2 96 20
0 3 78 31
0 4 17 75
0 5 15 32
0 6 0 93
0 7 20 82
0 8 6 55
0 9 94 12
0 10 97 54
0 11 35 66
0 12 39 89
0 13 90 50
0 14 22 22
0 15 70 10
0 16 31 87
0 17 15 78
0 18 82 72
0 19 91 77
0 20 62 14
0 21 96 1
0 22 30 57
0 23 23 15
0 24 44 48
0 25 26 43
0 26 14 77
0 27 98 2
0 28 52 66
0 29 25 19
0 30 16 44
0 31 99 42
0 32 98 30
0 33 7 45
0 34 6 83
0 35 11 82
0 36 38 89
0 37 88 25
0 38 82 71
0 39 25 92
0 40 13 88
0 41 43 74
0 42 50 77
0 43 73 43
0 44 4 25
0 45 66 82
0 46 28 50
0 47 22 44
0 48 63 7
0 49 34 91
1 2 27 58
1 3 4 68
1 4 62 33
1 5 31 31
1 6 35 84
1 7 18 49
1 8 7 22
1 9 16 34
1 10 44 51
1 11 43 22
1 12 39 29
1 13 49 84
1 14 72 70
1 15 7 52
1 16 61 75
1 17 40 89
1 18 56 30
1 19 47 42
1 20 1 36
1 21 2 47
1 22 74 56
1 23 31 40
1 24 16 17
1 25 78 83
1 26 92 28
1 27 62 13
1 28 56 66
1 29 1 67
1 30 21 72
1 31 78 46
1 32 8 61
1 33 36 28
1 34 69 11
1 35 68 53
1 36 66 42
1 37 97 22
1 38 81 29
1 39 25 84
1 40 46 45
1 41 87 20
1 42 92 70
1 43 1 51
1 44 62 13
1 45 48 61
1 46 66 72
1 47 77 19
1 48 22 62
1 49 58 19
2 3 31 33
2 4 44 48
2 5 99 11
2 6 72 75
2 7 92 23
2 8 77 78
2 9 6 21
2 10 69 84
2 11 31 20
2 12 48 87
2 13 22 35
2 14 73 83
2 15 80 29
2 16 53 79
2 17 27 85
2 18 72 56
2 19 58 30
2 20 50 34
2 21 46 28
2 22 28 66
2 23 21 40
2 24 72 81
2 25 68 62
2 26 3 34
2 27 78 12
2 28 55 19
2 29 83 72
2 30 28 70
2 31 68 63
2 32 24 92
2 33 56 74
2 34 94 45
2 35 83 28
2 36 22 62
2 37 85 52
2 38 63 45
2 39 36 35
2 40 8 70
2 41 49 76
2 42 92 29
2 43 86 36
2 44 51 79
2 45 62 47
2 46 0 72
2 47 17 40
2 48 41 53
2 49 45 29
3 4 87 30
3 5 18 25
3 6 84 24
3 7 14 27
3 8 29 15
3 9 3 19
3 10 3 69
3 11 35 68
3 12 75 50
3 13 80 54
3 14 34 71
3 15 66 40
3 16 43 82
3 17 90 30
3 18 64 58
3 19 60 84
3 20 59 69
3 21 86 56
3 22 24 32
3 23 39 61
3 24 65 78
3 25 12 78
3 26 28 57
3 27 7 90
3 28 35 20
3 29 63 82
3 30 54 87
3 31 8 42
3 32 43 74
3 33 0 83
3 34 24 92
3 35 3 97
3 36 54 33
3 37 63 17
3 38 43 21
3 39 25 41
3 40 12 36
3 41 8 34
3 42 47 86
3 43 6 82
3 44 65 84
3 45 59 31
3 46 55 55
3 47 95 80
3 48 69 38
3 49 43 11
4 5 77 58
4 6 31 85
4 7 90 15
4 8 79 66
4 9 38 80
4 10 31 19
4 11 72 68
4 12 89 5
4 13 89 14
4 14 6 88
4 15 5 95
4 16 40 59
4 17 19 92
4 18 86 71
4 19 42 58
4 20 11 47
4 21 97 5
4 22 54 66
4 23 46 22
4 24 16 40
4 25 91 6
4 26 83 70
4 27 1 74
4 28 93 75
4 29 66 75
4 30 84 79
4 31 9 91
4 32 95 66
4 33 39 65
4 34 8 53
4 35 49 88
4 36 37 45
4 37 4 83
4 38 40 15
4 39 25 79
4 40 96 22
4 41 87 32
4 42 69 70
4 43 33 70
4 44 67 30
4 45 78 56
4 46 73 43
4 47 91 74
4 48 52 28
4 49 42 87
5 6 3 55
5 7 48 34
5 8 73 18
5 9 33 40
5 10 75 47
5 11 15 68
5 12 46 14
5 13 52 27
5 14 34 76
5 15 87 7
5 16 76 50
5 17 85 31
5 18 25 50
5 19 91 53
5 20 23 50
5 21 29 23
5 22 58 53
5 23 48 66
5 24 2 51
5 25 61 64
5 26 49 22
5 27 64 29
5 28 93 5
5 29 5 87
5 30 34 42
5 31 47 10
5 32 23 48
5 33 35 88
5 34 74 6
5 35 94 5
5 36 36 29
5 37 4 64
5 38 47 12
5 39 38 78
5 40 9 32
5 41 37 87
5 42 36 23
5 43 54 50
5 44 43 66
5 45 38 38
5 46 27 22
5 47 85 79
5 48 98 1
5 49 92 43
6 7 58 28
6 8 21 38
6 9 10 35
6 10 82 40
6 11 86 55
6 12 25 76
6 13 61 43
6 14 42 79
6 15 33 85
6 16 29 43
6 17 35 19
6 18 85 74
6 19 27 49
6 20 85 81
6 21 93 52
6 22 26 92
6 23 79 7
6 24 88 13
6 25 59 27
6 26 39 61
6 27 66 25
6 28 50 47
6 29 30 27
6 30 41 47
6 31 38 69
6 32 65 86
6 33 60 41
6 34 51 80
6 35 23 83
6 36 74 7
6 37 96 62
6 38 49 89
6 39 54 77
6 40 20 43
6 41 31 86
6 42 73 22
6 43 72 51
6 44 89 65
6 45 66 72
6 46 37 55
6 47 32 60
6 48 86 11
6 49 85 70
7 8 56 47
7 9 86 72
7 10 67 42
7 11 25 58
7 12 39 75
7 13 99 28
7 14 63 78
7 15 70 37
7 16 88 47
7 17 66 22
7 18 36 40
7 19 39 40
7 20 13 56
7 21 25 35
7 22 33 86
7 23 91 7
7 24 21 65
7 25 98 1
7 26 19 77
7 27 33 92
7 28 95 80
7 29 24 21
7 30 54 34
7 31 57 55
7 32 5 72
7 33 88 21
7 34 73 32
7 35 97 6
7 36 93 50
7 37 47 38
7 38 45 80
7 39 43 29
7 40 27 75
7 41 64 17
7 42 81 32
7 43 15 87
7 44 67 29
7 45 0 64
7 46 83 4
7 47 7 65
7 48 37 39
7 49 10 29
8 9 65 73
8 10 17 49
8 11 90 71
8 12 19 47
8 13 94 24
8 14 38 75
8 15 48 22
8 16 45 61
8 17 62 34
8 18 93 73
8 19 65 69
8 20 30 15
8 21 47 57
8 22 22 33
8 23 42 27
8 24 82 69
8 25 40 73
8 26 9 77
8 27 37 19
8 28 69 56
8 29 50 63
8 30 6 34
8 31 3 90
8 32 21 61
8 33 76 26
8 34 36 58
8 35 1 73
8 36 54 9
8 37 3 49
8 38 85 24
8 39 11 69
8 40 45 69
8 41 5 63
8 42 83 4
8 43 96 30
8 44 41 67
8 45 55 85
8 46 88 63
8 47 86 21
8 48 11 49
8 49 56 64
9 10 87 69
9 11 34 91
9 12 45 69
9 13 42 22
9 14 69 31
9 15 8 57
9 16 99 31
9 17 53 67
9 18 5 36
9 19 27 24
9 20 68 29
9 21 34 59
9 22 30 82
9 23 76 53
9 24 49 56
9 25 87 68
9 26 90 42
9 27 12 68
9 28 58 23
9 29 13 35
9 30 89 27
9 31 32 33
9 32 47 46
9 33 17 61
9 34 40 18
9 35 56 74
9 36 20 37
9 37 22 86
9 38 49 43
9 39 11 23
9 40 66 54
9 41 1 94
9 42 51 14
9 43 61 22
9 44 73 80
9 45 58 48
9 46 23 56
9 47 68 38
9 48 47 88
9 49 64 14
10 11 49 26
10 12 68 18
10 13 56 37
10 14 43 52
10 15 6 66
10 16 94 4
10 17 95 73
10 18 99 1
10 19 18 80
10 20 12 72
10 21 94 72
10 22 54 39
10 23 24 62
10 24 51 80
10 25 54 52
10 26 72 6
10 27 62 51
10 28 45 14
10 29 43 58
10 30 5 63
10 31 42 72
10 32 22 29
10 33 46 38
10 34 66 63
10 35 43 75
10 36 50 21
10 37 47 19
10 38 56 82
10 39 46 46
10 40 65 27
10 41 76 11
10 42 29 25
10 43 93 74
10 44 25 35
10 45 67 73
10 46 26 77
10 47 97 35
10 48 76 39
10 49 61 25
11 12 72 43
11 13 21 16
11 14 3 54
11 15 74 16
11 16 56 8
11 17 4 31
11 18 70 81
11 19 29 30
11 20 41 85
11 21 55 71
11 22 11 20
11 23 17 54
11 24 15 37
11 25 26 20
11 26 98 59
11 27 97 9
11 28 66 60
11 29 56 83
11 30 15 50
11 31 98 43
11 32 54 77
11 33 46 72
11 34 52 32
11 35 1 60
11 36 87 51
11 37 36 34
11 38 13 41
11 39 47 75
11 40 34 63
11 41 50 31
11 42 57 80
11 43 27 65
11 44 80 81
11 45 22 21
11 46 25 84
11 47 47 75
11 48 92 48
11 49 30 42
12 13 92 19
12 14 19 24
12 15 66 22
12 16 45 85
12 17 74 70
12 18 67 64
12 19 52 55
12 20 26 47
12 21 88 56
12 22 5 57
12 23 33 51
12 24 88 20
12 25 67 20
12 26 27 54
12 27 12 50
12 28 76 67
12 29 21 46
12 30 35 38
12 31 53 65
12 32 90 11
12 33 93 39
12 34 97 61
12 35 52 76
12 36 16 45
12 37 17 30
12 38 36 79
12 39 94 32
12 40 17 58
12 41 52 79
12 42 92 61
12 43 68 22
12 44 72 68
12 45 24 64
12 46 92 47
12 47 21 63
12 48 85 43
12 49 52 51
13 14 74 62
13 15 78 29
13 16 53 57
13 17 3 20
13 18 63 19
13 19 20 17
13 20 43 67
13 21 58 48
13 22 77 5
13 23 79 8
13 24 84 4
13 25 27 77
13 26 64 42
13 27 83 29
13 28 79 55
13 29 48 30
13 30 44 75
13 31 84 80
13 32 84 47
13 33 82 76
13 34 70 34
13 35 67 67
13 36 25 67
13 37 37 57
13 38 71 23
13 39 0 51
13 40 49 37
13 41 10 19
13 42 4 75
13 43 16 30
13 44 99 69
13 45 27 50
13 46 80 47
13 47 10 94
13 48 22 77
13 49 78 18
14 15 0 68
14 16 30 29
14 17 27 19
14 18 68 83
14 19 34 81
14 20 7 64
14 21 16 91
14 22 24 92
14 23 16 86
14 24 70 67
14 25 36 19
14 26 57 38
14 27 19 28
14 28 6 46
14 29 99 76
14 30 70 77
14 31 85 24
14 32 72 35
14 33 66 57
14 34 39 49
14 35 93 5
14 36 77 44
14 37 2 43
14 38 71 64
14 39 1 95
14 40 91 25
14 41 70 47
14 42 16 18
14 43 42 52
14 44 70 77
14 45 77 81
14 46 66 72
14 47 66 68
14 48 5 79
14 49 53 68
15 16 42 56
15 17 82 69
15 18 87 6
15 19 82 11
15 20 84 38
15 21 63 33
15 22 55 34
15 23 19 71
15 24 73 50
15 25 24 19
15 26 72 22
15 27 85 4
15 28 51 69
15 29 42 32
15 30 23 61
15 31 33 77
15 32 68 75
15 33 3 79
15 34 42 64
15 35 55 76
15 36 44 31
15 37 1 64
15 38 96 16
15 39 46 87
15 40 93 43
15 41 8 24
15 42 68 38
15 43 40 80
15 44 89 81
15 45 22 34
15 46 92 11
15 47 42 85
15 48 53 68
15 49 13 77
16 17 4 27
16 18 10 73
16 19 95 12
16 20 14 58
16 21 86 11
16 22 85 47
16 23 37 17
16 24 12 31
16 25 98 24
16 26 45 27
16 27 97 69
16 28 76 6
16 29 16 91
16 30 86 35
16 31 89 57
16 32 68 13
16 33 78 36
16 34 65 85
16 35 29 65
16 36 68 75
16 37 28 62
16 38 1 92
16 39 97 54
16 40 84 45
16 41 2 35
16 42 41 50
16 43 23 23
16 44 41 22
16 45 37 27
16 46 65 86
16 47 38 39
16 48 59 31
16 49 40 78
17 18 76 13
17 19 81 12
17 20 42 70
17 21 44 89
17 22 25 51
17 23 97 61
17 24 60 73
17 25 58 46
17 26 90 23
17 27 31 18
17 28 97 45
17 29 75 61
17 30 53 45
17 31 1 60
17 32 96 54
17 33 5 56
17 34 57 31
17 35 21 48
17 36 26 75
17 37 73 56
17 38 61 15
17 39 73 51
17 40 14 94
17 41 23 48
17 42 25 79
17 43 60 45
17 44 66 51
17 45 9 27
17 46 27 66
17 47 80 37
17 48 9 97
17 49 91 64
18 19 7 86
18 20 1 93
18 21 17 94
18 22 79 48
18 23 86 9
18 24 98 8
18 25 73 44
18 26 3 98
18 27 18 78
18 28 16 21
18 29 74 58
18 30 43 49
18 31 27 94
18 32 20 33
18 33 30 22
18 34 14 61
18 35 93 12
18 36 95 46
18 37 93 67
18 38 49 52
18 39 36 30
18 40 69 43
18 41 73 75
18 42 72 36
18 43 27 31
18 44 6 21
18 45 18 95
18 46 91 37
18 47 5 43
18 48 70 11
18 49 77 42
19 20 33 81
19 21 41 27
19 22 16 85
19 23 40 45
19 24 99 11
19 25 91 32
19 26 90 69
19 27 99 43
19 28 39 12
19 29 24 64
19 30 29 46
19 31 99 5
19 32 59 58
19 33 31 91
19 34 46 78
19 35 19 30
19 36 42 70
19 37 12 42
19 38 22 95
19 39 20 70
19 40 44 47
19 41 63 55
19 42 50 30
19 43 77 52
19 44 73 80
19 45 43 70
19 46 7 98
19 47 55 29
19 48 94 56
19 49 93 20
20 21 30 92
20 22 38 36
20 23 58 65
20 24 7 28
20 25 26 77
20 26 14 79
20 27 62 7
20 28 61 26
20 29 11 45
20 30 50 61
20 31 3 30
20 32 99 8
20 33 39 38
20 34 80 15
20 35 56 17
20 36 13 69
20 37 70 81
20 38 69 44
20 39 23 60
20 40 54 55
20 41 83 24
20 42 54 56
20 43 31 73
20 44 66 80
20 45 37 71
20 46 15 66
20 47 45 75
20 48 34 78
20 49 38 82
21 22 50 34
21 23 66 48
21 24 14 29
21 25 33 23
21 26 82 67
21 27 67 45
21 28 14 80
21 29 37 87
21 30 0 26
21 31 63 49
21 32 38 20
21 33 75 60
21 34 78 24
21 35 47 12
21 36 21 53
21 37 82 21
21 38 85 35
21 39 44 39
21 40 31 83
21 41 15 34
21 42 19 92
21 43 98 3
21 44 36 55
21 45 87 64
21 46 82 9
21 47 88 8
21 48 44 90
21 49 63 66
22 23 92 1
22 24 66 52
22 25 24 81
22 26 15 18
22 27 6 57
22 28 13 34
22 29 67 60
22 30 53 11
22 31 38 67
22 32 36 42
22 33 85 24
22 34 85 10
22 35 99 25
22 36 66 82
22 37 61 15
22 38 64 70
22 39 21 63
22 40 56 76
22 41 49 25
22 42 86 50
22 43 11 29
22 44 57 13
22 45 39 40
22 46 75 10
22 47 65 27
22 48 46 60
22 49 5 86
23 24 25 82
23 25 94 38
23 26 57 16
23 27 77 60
23 28 47 83
23 29 34 63
23 30 63 62
23 31 48 54
23 32 97 21
23 33 22 52
23 34 92 49
23 35 61 13
23 36 67 60
23 37 46 11
23 38 85 50
23 39 68 76
23 40 95 45
23 41 33 48
23 42 43 74
23 43 90 37
23 44 97 5
23 45 18 32
23 46 3 94
23 47 39 90
23 48 37 72
23 49 55 33
24 25 32 89
24 26 43 15
24 27 54 83
24 28 13 54
24 29 23 63
24 30 11 19
24 31 71 31
24 32 60 38
24 33 56 87
24 34 5 42
24 35 44 82
24 36 33 33
24 37 23 29
24 38 11 29
24 39 18 86
24 40 39 90
24 41 33 62
24 42 69 81
24 43 94 77
24 44 92 61
24 45 32 69
24 46 10 88
24 47 60 21
24 48 26 81
24 49 97 78
25 26 72 32
25 27 69 62
25 28 92 46
25 29 80 28
25 30 71 74
25 31 22 36
25 32 63 71
25 33 38 14
25 34 3 75
25 35 71 44
25 36 65 50
25 37 96 22
25 38 38 73
25 39 50 72
25 40 88 62
25 41 60 17
25 42 9 63
25 43 68 50
25 44 61 61
25 45 1 37
25 46 5 38
25 47 13 51
25 48 59 19
25 49 13 54
26 27 69 52
26 28 18 37
26 29 95 56
26 30 8 29
26 31 19 59
26 32 54 43
26 33 11 23
26 34 61 25
26 35 76 19
26 36 47 58
26 37 54 21
26 38 70 75
26 39 16 93
26 40 56 79
26 41 27 63
26 42 35 81
26 43 49 40
26 44 36 89
26 45 92 49
26 46 56 72
26 47 77 16
26 48 45 11
26 49 20 64
27 28 11 79
27 29 87 39
27 30 10 62
27 31 81 31
27 32 5 55
27 33 98 66
27 34 17 83
27 35 77 54
27 36 47 72
27 37 46 10
27 38 69 6
27 39 23 43
27 40 30 17
27 41 42 53
27 42 72 23
27 43 82 4
27 44 47 11
27 45 15 86
27 46 42 90
27 47 96 55
27 48 95 77
27 49 95 54
28 29 24 89
28 30 16 64
28 31 22 32
28 32 77 6
28 33 76 64
28 34 74 77
28 35 49 74
28 36 45 15
28 37 83 9
28 38 75 43
28 39 9 37
28 40 94 22
28 41 12 52
28 42 70 69
28 43 64 25
28 44 12 83
28 45 93 48
28 46 53 22
28 47 41 46
28 48 24 33
28 49 27 46
29 30 80 44
29 31 26 52
29 32 37 87
29 33 96 58
29 34 50 81
29 35 15 81
29 36 33 88
29 37 0 59
29 38 12 92
29 39 66 80
29 40 85 72
29 41 86 74
29 42 90 20
29 43 77 80
29 44 21 71
29 45 0 26
29 46 60 80
29 47 49 41
29 48 49 15
29 49 37 83
30 31 20 36
30 32 95 22
30 33 73 12
30 34 25 60
30 35 16 95
30 36 57 10
30 37 41 41
30 38 24 31
30 39 46 52
30 40 31 47
30 41 8 63
30 42 56 86
30 43 2 86
30 44 83 35
30 45 97 3
30 46 93 67
30 47 87 3
30 48 13 24
30 49 72 40
31 32 75 11
31 33 90 12
31 34 1 83
31 35 96 48
31 36 64 45
31 37 83 45
31 38 75 70
31 39 39 77
31 40 37 87
31 41 18 32
31 42 32 78
31 43 15 27
31 44 88 58
31 45 47 46
31 46 65 22
31 47 69 41
31 48 74 23
31 49 37 86
32 33 1 71
32 34 90 23
32 35 49 35
32 36 12 49
32 37 85 41
32 38 24 21
32 39 33 65
32 40 95 64
32 41 6 83
32 42 60 49
32 43 45 16
32 44 74 79
32 45 20 62
32 46 57 74
32 47 77 84
32 48 81 10
32 49 65 34
33 34 95 20
33 35 53 66
33 36 14 85
33 37 19 57
33 38 5 68
33 39 90 80
33 40 7 26
33 41 71 65
33 42 71 28
33 43 53 21
33 44 85 5
33 45 35 61
33 46 78 48
33 47 50 68
33 48 53 71
33 49 78 10
34 35 74 74
34 36 54 33
34 37 3 92
34 38 46 88
34 39 16 57
34 40 8 83
34 41 29 38
34 42 40 65
34 43 86 56
34 44 42 41
34 45 27 63
34 46 0 96
34 47 38 39
34 48 21 45
34 49 17 58
35 36 20 47
35 37 83 49
35 38 22 31
35 39 56 71
35 40 90 28
35 41 15 90
35 42 38 88
35 43 30 53
35 44 62 69
35 45 88 53
35 46 94 38
35 47 16 50
35 48 31 27
35 49 91 40
36 37 49 82
36 38 82 77
36 39 67 9
36 40 58 62
36 41 58 47
36 42 14 91
36 43 41 15
36 44 48 19
36 45 65 11
36 46 32 31
36 47 34 58
36 48 14 91
36 49 0 21
37 38 92 26
37 39 29 70
37 40 31 40
37 41 17 48
37 42 8 49
37 43 85 65
37 44 74 12
37 45 28 76
37 46 41 45
37 47 26 38
37 48 23 45
37 49 60 74
38 39 1 68
38 40 34 60
38 41 53 23
38 42 74 14
38 43 30 45
38 44 12 57
38 45 68 8
38 46 83 78
38 47 23 24
38 48 47 87
38 49 12 40
39 40 34 49
39 41 53 16
39 42 18 73
39 43 96 9
39 44 17 72
39 45 18 38
39 46 12 26
39 47 1 47
39 48 77 62
39 49 70 21
40 41 12 52
40 42 20 62
40 43 3 21
40 44 46 49
40 45 23 64
40 46 64 52
40 47 9 92
40 48 85 75
40 49 16 46
41 42 61 80
41 43 23 25
41 44 36 45
41 45 52 81
41 46 47 66
41 47 49 57
41 48 73 39
41 49 85 51
42 43 71 58
42 44 53 57
42 45 79 75
42 46 62 67
42 47 35 36
42 48 53 34
42 49 34 84
43 44 75 61
43 45 93 13
43 46 7 61
43 47 29 41
43 48 61 76
43 49 82 13
44 45 60 47
44 46 10 32
44 47 52 18
44 48 89 26
44 49 67 67
45 46 8 72
45 47 79 46
45 48 88 61
45 49 20 38
46 47 93 48
46 48 69 68
46 49 70 35
47 48 33 74
47 49 11 52
48 49 50 70
0
1165
97 2976
98 2948
99 2911
100 2883
101 2861
102 2840
103 2818
104 2796
105 2775
106 2754
107 2736
108 2732
109 2712
110 2696
111 2678
112 2663
113 2654
114 2639
115 2624
116 2606
117 2602
118 2582
119 2578
120 2561
121 2548
122 2537
123 2524
124 2520
125 2504
126 2491
127 2480
128 2467
129 2463
130 2450
131 2440
132 2426
133 2416
134 2412
135 2402
136 2396
137 2382
138 2372
139 2361
140 2357
141 2348
142 2341
143 2334
144 2317
145 2313
146 2304
147 2300
148 2290
149 2280
150 2272
151 2260
152 2256
153 2247
154 2243
155 2233
156 2223
157 2215
158 2210
159 2205
160 2196
161 2189
162 2178
163 2174
164 2168
165 2160
166 2152
167 2148
168 2141
169 2134
170 2123
171 2119
172 2115
173 2109
174 2097
175 2093
176 2090
177 2086
178 2079
179 2068
180 2064
181 2061
182 2053
183 2050
184 2043
185 2039
186 2032
187 2024
189 2018
190 2010
192 2004
193 2001
194 1993
195 1991
196 1987
197 1984
198 1977
200 1971
201 1968
202 1962
203 1960
204 1954
205 1948
206 1946
207 1942
208 1938
209 1931
210 1929
211 1925
212 1922
213 1915
214 1914
215 1909
216 1906
217 1900
218 1898
219 1892
220 1890
221 1884
222 1883
223 1876
224 1875
225 1870
226 1867
227 1861
228 1859
229 1855
230 1852
231 1845
232 1844
233 1839
234 1836
235 1832
236 1828
237 1826
238 1822
239 1819
240 1815
241 1812
242 1809
243 1806
244 1802
245 1799
246 1796
247 1792
248 1789
249 1786
250 1783
251 1779
252 1777
253 1773
254 1770
255 1767
256 1764
257 1761
258 1758
259 1754
260 1752
261 1748
262 1745
263 1743
264 1739
265 1737
266 1733
267 1730
268 1727
269 1724
270 1722
271 1718
272 1716
273 1712
274 1709
275 1707
276 1703
277 1702
278 1698
279 1695
280 1692
281 1689
282 1688
283 1683
284 1681
285 1678
286 1675
287 1673
288 1669
289 1667
290 1664
291 1661
292 1659
293 1655
295 1650
296 1647
297 1645
298 1641
300 1636
301 1635
302 1631
303 1628
304 1627
305 1622
307 1618
308 1616
309 1613
310 1610
311 1608
312 1604
314 1599
315 1598
316 1594
317 1591
319 1585
321 1583
322 1579
324 1575
325 1574
326 1569
327 1568
328 1566
329 1563
330 1561
331 1558
332 1556
333 1552
335 1550
336 1546
338 1542
339 1540
340 1536
341 1535
342 1534
343 1530
344 1529
345 1527
346 1523
348 1519
349 1517
351 1513
352 1511
353 1507
354 1506
355 1503
356 1501
357 1500
358 1497
359 1496
360 1495
361 1490
363 1487
364 1484
365 1482
366 1480
367 1479
368 1474
370 1473
371 1468
373 1466
374 1464
375 1462
376 1458
378 1456
379 1452
381 1450
382 1448
383 1446
384 1445
385 1440
388 1434
390 1432
391 1430
392 1428
393 1424
395 1422
396 1418
398 1417
399 1415
400 1412
401 1411
403 1406
405 1405
406 1403
407 1400
408 1399
409 1398
410 1396
411 1394
412 1390
414 1388
415 1384
418 1381
419 1378
420 1377
421 1376
422 1372
425 1369
426 1368
427 1365
429 1364
430 1360
432 1358
433 1354
436 1351
437 1348
438 1347
440 1342
443 1339
444 1338
445 1335
448 1332
449 1331
452 1327
453 1326
454 1324
455 1323
456 1321
457 1320
459 1315
460 1314
463 1311
464 1308
467 1307
468 1304
469 1303
471 1302
472 1299
473 1297
474 1296
475 1295
477 1293
478 1292
479 1287
483 1283
486 1282
487 1280
488 1276
492 1272
494 1268
498 1264
502 1263
503 1260
505 1257
509 1253
513 1251
514 1249
516 1245
520 1244
521 1241
524 1240
525 1238
527 1234
531 1232
532 1230
536 1227
538 1226
540 1225
541 1223
542 1221
544 1219
547 1217
549 1215
551 1214
553 1212
556 1210
558 1208
559 1206
562 1204
564 1202
567 1201
568 1199
571 1197
573 1195
576 1194
577 1192
579 1189
582 1188
584 1186
586 1185
587 1184
588 1182
591 1181
593 1179
595 1178
596 1177
597 1175
600 1174
602 1171
605 1170
606 1168
609 1167
611 1164
614 1163
616 1161
618 1160
620 1157
623 1156
625 1154
628 1152
629 1150
632 1149
634 1147
637 1145
639 1144
641 1143
642 1142
644 1141
646 1138
649 1137
650 1136
651 1135
654 1134
655 1131
658 1130
660 1128
663 1127
664 1126
665 1125
668 1124
669 1123
670 1122
672 1121
674 1120
675 1118
679 1116
680 1115
681 1114
683 1113
684 1111
688 1110
689 1108
690 1107
693 1106
694 1105
695 1104
698 1103
699 1102
700 1101
703 1100
705 1098
708 1097
709 1095
710 1094
712 1093
714 1092
715 1091
717 1090
718 1089
719 1087
723 1086
724 1084
728 1083
729 1081
733 1080
734 1078
737 1077
738 1076
740 1075
742 1074
743 1073
744 1071
747 1069
749 1068
752 1066
754 1065
757 1063
759 1062
762 1060
766 1059
767 1058
768 1057
770 1056
772 1053
777 1050
782 1047
786 1046
787 1044
791 1043
793 1042
795 1040
800 1037
805 1034
809 1033
810 1031
814 1030
815 1029
818 1028
819 1027
820 1026
823 1025
824 1024
828 1022
829 1021
833 1019
837 1018
838 1016
842 1015
843 1013
847 1012
849 1011
851 1010
852 1009
856 1007
857 1006
862 1004
865 1003
867 1001
870 1000
872 998
876 997
878 996
880 995
881 994
885 992
886 991
891 990
892 989
894 988
897 986
899 985
902 983
907 982
908 981
909 980
913 979
916 978
917 977
918 976
921 975
922 974
923 973
928 972
929 971
931 970
933 969
934 968
936 967
938 966
939 965
944 964
945 963
949 962
952 961
953 960
954 959
957 958
958 957
959 956
964 955
965 954
967 953
970 951
972 950
975 948
980 947
984 946
986 945
988 944
989 943
991 942
996 941
999 940
1002 938
1005 937
1009 936
1011 935
1014 933
1017 932
1023 931
1025 930
1027 929
1028 928
1031 927
1033 926
1038 925
1041 923
1044 922
1047 921
1051 920
1053 919
1055 918
1056 917
1060 916
1065 915
1066 914
1069 913
1070 912
1074 911
1078 910
1080 909
1083 907
1089 906
1090 905
1093 904
1096 903
1097 902
1103 901
1104 900
1107 899
1108 898
1112 897
1117 895
1121 894
1122 893
1126 892
1130 891
1131 890
1135 888
1141 887
1142 886
1146 885
1149 883
1155 882
1156 881
1159 880
1162 879
1165 878
1169 876
1173 875
1177 874
1180 873
1183 871
1187 870
1191 869
1193 868
1196 867
1198 866
1203 865
1205 864
1207 863
1211 862
1214 861
1218 859
1221 858
1226 857
1229 856
1232 854
1236 853
1241 852
1242 851
1245 850
1248 849
1252 848
1256 846
1261 845
1264 844
1267 843
1269 842
1270 841
1275 840
1279 839
1282 838
1283 837
1286 836
1291 835
1295 834
1296 833
1299 832
1304 831
1306 830
1309 829
1312 828
1313 827
1320 825
1325 824
1326 823
1329 822
1333 821
1334 820
1339 819
1343 818
1347 816
1350 815
1355 814
1359 813
1361 812
1363 811
1368 810
1372 809
1373 808
1376 807
1377 806
1384 805
1386 804
1389 803
1390 802
1393 801
1400 800
1402 799
1404 798
1408 797
1413 796
1415 795
1416 794
1420 793
1424 792
1429 790
1432 789
1437 788
1440 787
1443 786
1447 785
1448 784
1455 783
1456 782
1459 781
1461 780
1464 779
1471 778
1473 777
1475 776
1479 775
1484 774
1486 773
1487 772
1491 771
1495 770
1500 768
1503 767
1508 766
1511 765
1514 764
1519 763
1522 762
1527 760
1530 759
1534 758
1538 757
1543 756
1546 755
1547 754
1550 753
1556 752
1561 750
1567 749
1571 748
1574 746
1577 745
1583 744
1587 743
1591 742
1595 741
1598 740
1600 739
1603 738
1611 737
1614 735
1620 734
1624 733
1627 731
1630 730
1638 729
1641 728
1645 727
1648 726
1651 725
1655 724
1659 723
1665 722
1668 721
1670 720
1673 719
1677 718
1682 717
1683 716
1686 715
1694 714
1695 713
1698 712
1701 711
1704 710
1711 709
1715 708
1719 707
1723 706
1726 705
1729 704
1733 703
1738 702
1742 701
1744 700
1747 699
1751 698
1754 697
1757 696
1760 695
1768 694
1769 693
1772 692
1778 691
1782 690
1785 689
1791 688
1794 687
1797 686
1800 685
1803 684
1809 683
1812 682
1816 681
1821 680
1824 679
1825 678
1828 677
1834 676
1839 675
1843 674
1846 673
1850 672
1853 671
1856 670
1864 669
1865 668
1868 667
1874 666
1877 665
1880 664
1884 663
1889 662
1893 661
1896 660
1899 659
1902 658
1908 657
1912 656
1917 655
1920 654
1921 653
1924 652
1930 651
1935 650
1939 649
1942 648
1946 647
1949 646
1954 645
1958 644
1964 643
1967 642
1970 641
1973 640
1976 639
1980 638
1985 637
1991 636
1994 635
1998 633
2005 632
2009 631
2016 630
2019 629
2022 628
2023 627
2029 626
2032 625
2037 624
2041 623
2044 622
2048 621
2050 620
2054 619
2061 618
2065 617
2069 616
2073 615
2075 614
2079 613
2087 612
2090 611
2093 610
2096 609
2100 608
2104 607
2106 606
2115 605
2117 604
2121 603
2125 602
2129 601
2131 600
2139 599
2143 598
2149 597
2152 595
2156 594
2163 593
2167 592
2172 591
2177 589
2181 588
2190 587
2192 586
2197 585
2203 584
2206 583
2208 582
2213 581
2217 580
2222 579
2228 578
2232 577
2237 576
2238 575
2242 574
2247 573
2254 572
2258 571
2264 570
2267 569
2269 568
2274 567
2279 566
2283 565
2289 564
2293 563
2298 562
2303 561
2304 560
2308 559
2315 558
2319 557
2324 556
2330 555
2333 554
2335 553
2344 552
2346 551
2351 550
2355 549
2359 548
2364 547
2370 546
2375 545
2378 544
2381 543
2385 542
2392 541
2397 540
2401 539
2406 538
2410 537
2412 536
2421 535
2424 534
2428 533
2432 532
2436 531
2441 530
2448 529
2452 528
2455 527
2461 526
2463 525
2471 524
2474 523
2478 522
2484 521
2490 520
2492 519
2499 518
2503 517
2505 516
2512 515
2517 514
2521 513
2525 512
2529 511
2534 510
2541 509
2546 508
2548 507
2554 506
2556 505
2565 504
2568 503
2572 502
2577 501
2583 500
2585 499
2594 498
2597 497
2599 496
2605 495
2612 494
2619 493
2623 492
2626 491
2628 490
2634 489
2641 488
2645 487
2651 486
2655 485
2661 484
2668 483
2670 482
2674 481
2680 480
2684 479
2690 478
2697 477
2701 476
2707 475
2711 474
2717 473
2724 472
2726 471
2730 470
2736 469
2746 468
2750 467
2753 466
2759 465
2765 464
2770 463
2776 462
2781 461
2787 460
2794 459
2797 458
2803 457
2810 456
2816 455
2821 454
2827 453
2833 452
2839 451
2845 450
2848 449
2854 448
2862 447
2868 446
2872 445
2878 444
2885 443
2891 442
2896 441
2900 440
2906 439
2914 438
2920 437
2923 436
2929 435
2938 434
2945 433
2947 432
2953 431
2962 430
2968 429
2973 428
2977 427
2983 426
2991 425
2996 424
3000 423
3006 422
3015 421
3020 420
3024 419
3030 418
3041 417
3046 416
3050 415
3056 414
3064 413
3070 412
3073 411
3079 410
3088 409
3095 408
3097 407
3103 406
3114 405
3119 404
3124 403
3130 402
3141 401
3144 400
3150 399
3156 398
3166 397
3171 396
3177 395
3183 394
3193 393
3199 392
3203 391
3214 390
3224 389
3225 388
3230 387
3241 386
3251 385
3252 384
3263 383
3272 382
3278 381
3289 380
3294 379
3300 378
3311 377
3318 376
3324 375
3335 374
3344 373
3350 372
3360 371
3366 370
3372 369
3383 368
3390 367
3400 366
3410 365
3416 364
3422 363
3432 362
3438 361
3449 360
3460 359
3466 358
3475 357
3482 356
3488 355
3498 354
3509 353
3519 352
3526 351
3535 350
3541 349
3548 348
3559 347
3573 346
3579 345
3589 344
3595 343
3601 342
3612 341
3626 340
3637 339
3643 338
3649 337
3660 336
3673 335
3679 334
3690 333
3698 332
3709 331
3721 330
3727 329
3738 328
3754 327
3765 326
3770 325
3776 324
3787 323
3803 322
3815 321
3821 320
3837 319
3858 318
3880 317
3901 316
3925 315
3962 314
