100
0 1 3 3
0 2 0 97
0 3 99 97
0 4 9 35
0 5 8 4
0 6 7 39
0 7 28 28
0 8 39 16
0 9 30 3
0 10 11 17
0 11 15 7
0 12 13 25
0 13 28 20
0 14 28 37
0 15 20 35
0 16 30 31
0 17 4 26
0 18 38 36
0 19 21 35
0 20 39 11
0 21 35 17
0 22 8 26
0 23 3 3
0 24 33 22
0 25 11 28
0 26 10 34
0 27 10 32
0 28 18 3
0 29 11 16
0 30 27 30
0 31 24 18
0 32 7 38
0 33 18 4
0 34 31 25
0 35 24 8
0 36 12 9
0 37 22 19
0 38 21 15
0 39 17 17
0 40 10 34
0 41 19 33
0 42 34 36
0 43 7 32
0 44 11 7
0 45 16 15
0 46 22 9
0 47 25 25
0 48 36 4
0 49 37 25
0 50 23 16
0 51 35 33
0 52 14 19
0 53 32 12
0 54 14 36
0 55 15 32
0 56 18 37
0 57 4 20
0 58 40 28
0 59 19 4
0 60 10 30
0 61 33 32
0 62 15 37
0 63 20 4
0 64 24 28
0 65 6 21
0 66 31 28
0 67 32 16
0 68 11 32
0 69 20 30
0 70 3 27
0 71 28 22
0 72 40 33
0 73 25 28
0 74 35 7
0 75 11 23
0 76 14 14
0 77 13 16
0 78 30 13
0 79 27 37
0 80 15 28
0 81 21 3
0 82 4 4
0 83 37 9
0 84 12 22
0 85 4 23
0 86 32 24
0 87 9 38
0 88 22 17
0 89 34 7
0 90 32 14
0 91 31 5
0 92 18 17
0 93 11 17
0 94 30 17
0 95 34 16
0 96 37 8
0 97 20 26
0 98 6 14
0 99 19 28
1 2 97 0
1 3 100 98
1 4 38 8
1 5 18 28
1 6 19 15
1 7 26 21
1 8 22 22
1 9 7 37
1 10 5 30
1 11 37 12
1 12 28 31
1 13 21 20
1 14 31 20
1 15 16 24
1 16 31 22
1 17 21 4
1 18 32 38
1 19 33 39
1 20 35 39
1 21 25 11
1 22 28 25
1 23 15 24
1 24 17 30
1 25 32 20
1 26 12 39
1 27 39 35
1 28 33 37
1 29 38 34
1 30 34 13
1 31 32 18
1 32 21 36
1 33 18 15
1 34 21 37
1 35 5 20
1 36 28 24
1 37 28 23
1 38 28 21
1 39 40 13
1 40 12 11
1 41 12 39
1 42 8 27
1 43 10 16
1 44 24 9
1 45 23 36
1 46 18 13
1 47 10 26
1 48 21 38
1 49 8 9
1 50 27 10
1 51 9 27
1 52 40 8
1 53 28 5
1 54 24 11
1 55 4 28
1 56 4 28
1 57 4 11
1 58 24 24
1 59 16 17
1 60 38 9
1 61 7 28
1 62 27 18
1 63 18 17
1 64 15 40
1 65 40 40
1 66 14 38
1 67 23 28
1 68 26 26
1 69 6 14
1 70 14 6
1 71 15 27
1 72 15 6
1 73 35 3
1 74 10 28
1 75 3 10
1 76 8 31
1 77 10 16
1 78 17 22
1 79 3 31
1 80 5 8
1 81 10 30
1 82 40 17
1 83 21 28
1 84 18 15
1 85 28 33
1 86 38 12
1 87 28 38
1 88 31 5
1 89 21 10
1 90 14 15
1 91 21 34
1 92 12 3
1 93 11 7
1 94 17 35
1 95 5 7
1 96 16 7
1 97 20 22
1 98 31 36
1 99 23 7
2 3 100 98
2 4 17 22
2 5 24 20
2 6 18 21
2 7 34 33
2 8 38 15
2 9 10 10
2 10 8 37
2 11 30 19
2 12 15 33
2 13 11 28
2 14 27 17
2 15 39 19
2 16 12 18
2 17 24 12
2 18 19 32
2 19 18 25
2 20 21 19
2 21 30 30
2 22 26 20
2 23 24 18
2 24 38 24
2 25 22 28
2 26 16 27
2 27 12 4
2 28 11 10
2 29 13 8
2 30 12 33
2 31 4 6
2 32 16 40
2 33 30 12
2 34 11 7
2 35 37 18
2 36 6 32
2 37 21 34
2 38 37 18
2 39 5 24
2 40 26 35
2 41 36 30
2 42 38 9
2 43 9 28
2 44 20 27
2 45 14 25
2 46 32 38
2 47 7 17
2 48 12 5
2 49 19 20
2 50 11 39
2 51 26 22
2 52 4 36
2 53 17 3
2 54 7 30
2 55 28 27
2 56 28 13
2 57 40 36
2 58 15 36
2 59 3 26
2 60 23 32
2 61 3 12
2 62 4 21
2 63 28 25
2 64 27 34
2 65 19 32
2 66 5 34
2 67 16 7
2 68 33 22
2 69 38 27
2 70 25 5
2 71 32 31
2 72 11 14
2 73 8 25
2 74 11 28
2 75 28 37
2 76 22 14
2 77 28 16
2 78 17 25
2 79 17 14
2 80 20 6
2 81 6 4
2 82 32 28
2 83 25 3
2 84 19 14
2 85 3 6
2 86 36 25
2 87 21 9
2 88 12 37
2 89 25 34
2 90 4 32
2 91 6 33
2 92 33 15
2 93 7 16
2 94 31 30
2 95 32 34
2 96 30 23
2 97 33 13
2 98 37 3
2 99 32 16
3 4 30 30
3 5 7 22
3 6 8 40
3 7 9 28
3 8 16 7
3 9 24 13
3 10 38 25
3 11 37 10
3 12 26 40
3 13 17 6
3 14 28 14
3 15 24 24
3 16 19 35
3 17 9 22
3 18 3 7
3 19 12 38
3 20 40 28
3 21 7 22
3 22 28 20
3 23 36 4
3 24 18 22
3 25 20 4
3 26 34 33
3 27 8 9
3 28 34 9
3 29 19 8
3 30 4 19
3 31 12 23
3 32 30 36
3 33 28 17
3 34 16 38
3 35 16 23
3 36 39 40
3 37 13 27
3 38 7 21
3 39 39 38
3 40 25 12
3 41 25 28
3 42 38 24
3 43 40 21
3 44 13 7
3 45 33 21
3 46 37 14
3 47 31 6
3 48 5 24
3 49 14 6
3 50 12 24
3 51 24 28
3 52 27 15
3 53 36 4
3 54 31 14
3 55 22 16
3 56 10 40
3 57 18 15
3 58 8 14
3 59 26 33
3 60 5 10
3 61 10 40
3 62 12 22
3 63 4 36
3 64 18 7
3 65 14 26
3 66 27 18
3 67 26 16
3 68 21 11
3 69 23 34
3 70 5 23
3 71 24 6
3 72 32 39
3 73 3 31
3 74 28 6
3 75 11 10
3 76 7 38
3 77 31 39
3 78 6 39
3 79 22 30
3 80 16 5
3 81 32 7
3 82 34 34
3 83 36 32
3 84 25 18
3 85 30 3
3 86 22 21
3 87 19 13
3 88 6 40
3 89 40 37
3 90 19 5
3 91 17 34
3 92 7 9
3 93 40 13
3 94 24 4
3 95 26 26
3 96 36 8
3 97 33 22
3 98 33 12
3 99 12 20
4 5 99 100
4 6 98 99
4 7 100 100
4 8 38 9
4 9 26 22
4 10 8 23
4 11 4 40
4 12 20 28
4 13 24 17
4 14 36 24
4 15 37 12
4 16 20 36
4 17 28 26
4 18 4 14
4 19 23 3
4 20 5 26
4 21 32 15
4 22 28 9
4 23 25 33
4 24 31 36
4 25 14 32
4 26 19 24
4 27 3 7
4 28 5 10
4 29 31 40
4 30 39 26
4 31 3 28
4 32 28 8
4 33 5 17
4 34 35 19
4 35 4 30
4 36 14 23
4 37 31 14
4 38 16 17
4 39 27 28
4 40 6 35
4 41 34 22
4 42 37 16
4 43 32 18
4 44 31 10
4 45 28 22
4 46 37 16
4 47 23 7
4 48 31 9
4 49 4 15
4 50 6 11
4 51 21 20
4 52 9 27
4 53 24 36
4 54 19 3
4 55 5 6
4 56 28 9
4 57 30 20
4 58 27 12
4 59 36 5
4 60 15 8
4 61 34 37
4 62 39 13
4 63 27 11
4 64 28 33
4 65 31 13
4 66 4 35
4 67 20 9
4 68 5 12
4 69 17 5
4 70 35 10
4 71 33 24
4 72 3 37
4 73 23 21
4 74 8 26
4 75 37 7
4 76 33 39
4 77 35 24
4 78 7 4
4 79 23 38
4 80 23 9
4 81 32 9
4 82 21 25
4 83 35 34
4 84 33 36
4 85 33 26
4 86 20 3
4 87 15 26
4 88 28 21
4 89 31 36
4 90 7 8
4 91 28 22
4 92 9 30
4 93 18 38
4 94 20 15
4 95 10 15
4 96 35 36
4 97 28 27
4 98 10 18
4 99 21 33
5 6 99 97
5 7 97 99
5 8 12 4
5 9 11 34
5 10 39 14
5 11 12 16
5 12 31 38
5 13 18 23
5 14 16 12
5 15 20 33
5 16 8 17
5 17 25 28
5 18 37 28
5 19 13 5
5 20 8 16
5 21 17 34
5 22 32 33
5 23 12 19
5 24 12 17
5 25 17 36
5 26 27 24
5 27 8 40
5 28 4 19
5 29 24 20
5 30 37 4
5 31 10 35
5 32 9 10
5 33 6 12
5 34 15 26
5 35 7 25
5 36 34 38
5 37 4 37
5 38 24 9
5 39 12 23
5 40 28 39
5 41 28 4
5 42 18 5
5 43 28 25
5 44 40 25
5 45 34 22
5 46 9 25
5 47 19 28
5 48 23 12
5 49 4 17
5 50 28 7
5 51 28 10
5 52 34 28
5 53 15 30
5 54 21 21
5 55 18 28
5 56 4 9
5 57 7 8
5 58 13 6
5 59 38 11
5 60 31 13
5 61 13 16
5 62 13 40
5 63 27 24
5 64 35 32
5 65 17 24
5 66 25 14
5 67 11 35
5 68 23 7
5 69 36 17
5 70 32 20
5 71 37 13
5 72 4 36
5 73 4 14
5 74 37 11
5 75 16 25
5 76 40 10
5 77 5 16
5 78 15 14
5 79 7 10
5 80 10 13
5 81 15 16
5 82 37 16
5 83 5 11
5 84 12 8
5 85 28 7
5 86 27 7
5 87 24 28
5 88 37 6
5 89 34 40
5 90 30 37
5 91 8 8
5 92 8 10
5 93 23 36
5 94 7 25
5 95 25 33
5 96 11 22
5 97 32 24
5 98 16 9
5 99 37 18
6 7 97 97
6 8 4 32
6 9 27 38
6 10 16 30
6 11 6 35
6 12 28 34
6 13 19 23
6 14 35 20
6 15 6 31
6 16 14 21
6 17 18 35
6 18 13 15
6 19 34 36
6 20 20 28
6 21 18 12
6 22 5 11
6 23 27 11
6 24 25 18
6 25 17 32
6 26 15 3
6 27 13 4
6 28 40 32
6 29 22 31
6 30 13 31
6 31 38 18
6 32 25 21
6 33 34 35
6 34 27 32
6 35 8 4
6 36 37 18
6 37 13 19
6 38 35 19
6 39 20 7
6 40 7 11
6 41 17 31
6 42 9 34
6 43 28 11
6 44 39 35
6 45 7 39
6 46 6 3
6 47 26 10
6 48 33 38
6 49 4 6
6 50 19 26
6 51 3 40
6 52 35 9
6 53 37 7
6 54 19 8
6 55 20 31
6 56 11 21
6 57 40 35
6 58 13 14
6 59 23 4
6 60 18 26
6 61 34 30
6 62 3 6
6 63 14 22
6 64 12 26
6 65 12 17
6 66 27 40
6 67 37 22
6 68 26 24
6 69 26 28
6 70 38 9
6 71 38 40
6 72 20 26
6 73 28 4
6 74 28 31
6 75 30 20
6 76 21 17
6 77 39 3
6 78 8 5
6 79 28 10
6 80 14 12
6 81 7 3
6 82 32 36
6 83 11 37
6 84 35 24
6 85 10 36
6 86 10 18
6 87 26 39
6 88 16 26
6 89 22 18
6 90 14 36
6 91 15 17
6 92 17 3
6 93 35 28
6 94 18 3
6 95 9 31
6 96 22 8
6 97 28 19
6 98 16 20
6 99 7 19
7 8 26 16
7 9 35 19
7 10 31 19
7 11 22 24
7 12 39 30
7 13 23 6
7 14 17 20
7 15 18 23
7 16 40 21
7 17 39 12
7 18 24 21
7 19 26 8
7 20 13 18
7 21 16 13
7 22 3 38
7 23 25 33
7 24 20 38
7 25 22 8
7 26 17 10
7 27 5 30
7 28 40 32
7 29 18 6
7 30 35 38
7 31 28 40
7 32 16 35
7 33 8 25
7 34 31 6
7 35 26 17
7 36 35 19
7 37 32 21
7 38 13 12
7 39 13 20
7 40 18 31
7 41 5 19
7 42 30 3
7 43 8 37
7 44 13 11
7 45 5 5
7 46 32 30
7 47 40 40
7 48 18 34
7 49 11 10
7 50 9 12
7 51 4 3
7 52 34 9
7 53 16 27
7 54 11 8
7 55 19 20
7 56 25 10
7 57 23 32
7 58 3 23
7 59 39 10
7 60 5 5
7 61 38 18
7 62 26 28
7 63 30 6
7 64 32 7
7 65 12 15
7 66 4 36
7 67 9 27
7 68 14 13
7 69 20 35
7 70 38 30
7 71 13 28
7 72 40 9
7 73 18 33
7 74 13 33
7 75 28 17
7 76 8 31
7 77 16 10
7 78 31 5
7 79 24 30
7 80 7 20
7 81 16 6
7 82 8 38
7 83 28 6
7 84 33 18
7 85 13 28
7 86 31 12
7 87 19 32
7 88 3 33
7 89 18 7
7 90 38 17
7 91 11 23
7 92 14 32
7 93 9 10
7 94 15 24
7 95 4 25
7 96 37 7
7 97 35 37
7 98 31 39
7 99 33 10
8 9 100 99
8 10 100 100
8 11 99 97
8 12 17 37
8 13 25 11
8 14 27 31
8 15 3 40
8 16 38 30
8 17 23 6
8 18 15 8
8 19 18 9
8 20 37 12
8 21 28 27
8 22 33 10
8 23 11 9
8 24 37 13
8 25 15 28
8 26 26 16
8 27 38 3
8 28 15 16
8 29 36 16
8 30 26 32
8 31 13 8
8 32 27 27
8 33 26 18
8 34 7 20
8 35 8 28
8 36 13 38
8 37 16 30
8 38 25 12
8 39 32 14
8 40 30 8
8 41 5 25
8 42 32 18
8 43 8 40
8 44 35 37
8 45 33 15
8 46 25 37
8 47 39 14
8 48 19 31
8 49 8 30
8 50 19 21
8 51 33 9
8 52 34 19
8 53 4 40
8 54 25 3
8 55 15 19
8 56 28 26
8 57 3 40
8 58 6 12
8 59 6 27
8 60 13 13
8 61 38 22
8 62 9 20
8 63 3 40
8 64 12 18
8 65 4 37
8 66 15 30
8 67 7 23
8 68 36 20
8 69 18 32
8 70 16 17
8 71 28 4
8 72 19 9
8 73 30 10
8 74 18 3
8 75 12 21
8 76 5 25
8 77 28 10
8 78 5 25
8 79 3 23
8 80 15 19
8 81 4 34
8 82 31 37
8 83 23 39
8 84 5 6
8 85 14 32
8 86 37 36
8 87 36 24
8 88 26 12
8 89 40 15
8 90 23 34
8 91 11 9
8 92 36 6
8 93 26 27
8 94 20 9
8 95 26 37
8 96 40 11
8 97 5 35
8 98 34 37
8 99 5 23
9 10 98 100
9 11 98 100
9 12 7 17
9 13 9 7
9 14 34 40
9 15 33 27
9 16 30 37
9 17 5 6
9 18 21 34
9 19 22 15
9 20 34 38
9 21 6 26
9 22 5 19
9 23 16 11
9 24 20 7
9 25 20 34
9 26 19 3
9 27 27 31
9 28 31 13
9 29 33 7
9 30 20 34
9 31 22 14
9 32 30 18
9 33 37 24
9 34 28 40
9 35 27 8
9 36 28 15
9 37 5 32
9 38 6 11
9 39 17 19
9 40 34 36
9 41 21 18
9 42 28 27
9 43 20 22
9 44 38 4
9 45 24 24
9 46 12 28
9 47 14 32
9 48 19 4
9 49 28 14
9 50 28 26
9 51 7 4
9 52 32 6
9 53 31 28
9 54 8 15
9 55 39 11
9 56 28 23
9 57 33 19
9 58 20 34
9 59 37 11
9 60 16 24
9 61 19 28
9 62 33 32
9 63 8 40
9 64 18 31
9 65 37 3
9 66 18 13
9 67 26 32
9 68 24 4
9 69 32 27
9 70 16 37
9 71 7 14
9 72 32 17
9 73 28 17
9 74 39 18
9 75 27 20
9 76 15 30
9 77 21 33
9 78 15 34
9 79 10 22
9 80 24 34
9 81 7 38
9 82 16 28
9 83 32 34
9 84 18 31
9 85 22 36
9 86 14 37
9 87 23 39
9 88 22 3
9 89 13 35
9 90 31 39
9 91 7 8
9 92 3 14
9 93 6 32
9 94 24 5
9 95 28 28
9 96 20 38
9 97 16 28
9 98 34 34
9 99 20 27
10 11 97 97
10 12 19 35
10 13 25 23
10 14 6 7
10 15 11 40
10 16 9 8
10 17 12 40
10 18 6 20
10 19 35 3
10 20 26 4
10 21 38 40
10 22 23 26
10 23 36 37
10 24 7 4
10 25 20 26
10 26 25 17
10 27 7 5
10 28 38 12
10 29 30 39
10 30 8 32
10 31 9 9
10 32 19 8
10 33 35 17
10 34 22 7
10 35 8 26
10 36 8 8
10 37 5 14
10 38 11 38
10 39 8 3
10 40 9 16
10 41 30 6
10 42 30 7
10 43 32 39
10 44 19 40
10 45 3 5
10 46 3 11
10 47 17 15
10 48 5 30
10 49 37 4
10 50 16 27
10 51 36 7
10 52 22 34
10 53 13 25
10 54 25 4
10 55 31 35
10 56 16 36
10 57 30 38
10 58 34 40
10 59 12 36
10 60 8 23
10 61 17 16
10 62 16 22
10 63 12 27
10 64 19 33
10 65 6 4
10 66 25 30
10 67 17 23
10 68 37 9
10 69 16 34
10 70 6 26
10 71 5 23
10 72 23 16
10 73 26 36
10 74 34 20
10 75 24 37
10 76 30 23
10 77 5 32
10 78 23 34
10 79 15 10
10 80 6 24
10 81 14 4
10 82 11 17
10 83 25 18
10 84 15 3
10 85 12 32
10 86 4 26
10 87 10 31
10 88 3 15
10 89 14 22
10 90 7 23
10 91 13 31
10 92 31 28
10 93 11 15
10 94 12 40
10 95 3 39
10 96 28 33
10 97 17 31
10 98 38 9
10 99 26 4
11 12 14 21
11 13 17 37
11 14 4 21
11 15 32 32
11 16 30 39
11 17 8 28
11 18 21 19
11 19 30 20
11 20 3 30
11 21 12 6
11 22 34 39
11 23 23 11
11 24 15 35
11 25 34 18
11 26 15 24
11 27 19 37
11 28 7 23
11 29 39 24
11 30 8 17
11 31 14 24
11 32 40 28
11 33 9 12
11 34 26 20
11 35 24 18
11 36 10 35
11 37 18 5
11 38 31 36
11 39 7 17
11 40 38 37
11 41 10 26
11 42 7 14
11 43 6 36
11 44 13 3
11 45 37 30
11 46 37 5
11 47 18 23
11 48 28 39
11 49 17 17
11 50 3 27
11 51 10 4
11 52 23 28
11 53 23 28
11 54 20 19
11 55 13 31
11 56 7 24
11 57 26 7
11 58 38 5
11 59 39 31
11 60 24 31
11 61 12 3
11 62 8 12
11 63 3 33
11 64 3 22
11 65 20 16
11 66 39 10
11 67 18 11
11 68 21 12
11 69 39 5
11 70 23 30
11 71 6 19
11 72 12 39
11 73 38 28
11 74 17 36
11 75 34 37
11 76 22 28
11 77 6 24
11 78 6 14
11 79 28 33
11 80 28 27
11 81 11 5
11 82 24 4
11 83 27 16
11 84 5 23
11 85 25 39
11 86 24 16
11 87 18 10
11 88 18 33
11 89 34 23
11 90 16 40
11 91 20 37
11 92 14 6
11 93 35 21
11 94 37 13
11 95 3 30
11 96 16 36
11 97 27 10
11 98 21 33
11 99 33 12
12 13 99 98
12 14 98 98
12 15 99 99
12 16 28 15
12 17 11 25
12 18 14 11
12 19 8 6
12 20 6 23
12 21 4 13
12 22 38 35
12 23 37 37
12 24 28 20
12 25 18 4
12 26 4 30
12 27 40 17
12 28 24 24
12 29 17 23
12 30 28 28
12 31 6 39
12 32 37 27
12 33 40 38
12 34 14 28
12 35 36 17
12 36 6 18
12 37 23 38
12 38 24 14
12 39 12 25
12 40 28 11
12 41 15 22
12 42 20 28
12 43 22 5
12 44 27 31
12 45 9 20
12 46 20 21
12 47 7 10
12 48 14 14
12 49 24 25
12 50 34 5
12 51 17 32
12 52 3 30
12 53 16 35
12 54 30 7
12 55 19 20
12 56 4 30
12 57 37 10
12 58 35 4
12 59 32 37
12 60 19 15
12 61 35 37
12 62 12 16
12 63 28 37
12 64 24 8
12 65 37 19
12 66 37 37
12 67 14 10
12 68 24 20
12 69 27 33
12 70 23 36
12 71 25 23
12 72 24 38
12 73 13 12
12 74 10 17
12 75 19 23
12 76 22 36
12 77 37 13
12 78 37 26
12 79 28 23
12 80 24 25
12 81 7 8
12 82 30 7
12 83 28 26
12 84 12 6
12 85 6 36
12 86 7 4
12 87 40 5
12 88 6 31
12 89 4 40
12 90 7 35
12 91 31 30
12 92 31 14
12 93 4 20
12 94 40 19
12 95 35 14
12 96 35 32
12 97 6 30
12 98 13 32
12 99 14 9
13 14 97 97
13 15 99 100
13 16 13 38
13 17 40 28
13 18 36 35
13 19 38 3
13 20 14 8
13 21 28 28
13 22 31 17
13 23 16 36
13 24 8 25
13 25 22 11
13 26 39 14
13 27 17 39
13 28 38 14
13 29 28 6
13 30 14 20
13 31 22 26
13 32 10 23
13 33 17 37
13 34 28 39
13 35 12 35
13 36 24 38
13 37 34 8
13 38 18 31
13 39 24 16
13 40 38 39
13 41 39 9
13 42 33 32
13 43 6 5
13 44 32 18
13 45 11 39
13 46 36 14
13 47 35 20
13 48 21 20
13 49 19 40
13 50 9 27
13 51 33 31
13 52 17 4
13 53 32 27
13 54 18 12
13 55 10 23
13 56 21 36
13 57 27 21
13 58 7 26
13 59 11 40
13 60 14 31
13 61 20 9
13 62 6 5
13 63 23 14
13 64 35 28
13 65 28 35
13 66 23 33
13 67 4 30
13 68 15 10
13 69 31 39
13 70 40 16
13 71 38 37
13 72 33 13
13 73 37 8
13 74 4 7
13 75 21 9
13 76 36 32
13 77 27 25
13 78 16 7
13 79 38 36
13 80 6 5
13 81 33 17
13 82 34 40
13 83 4 17
13 84 20 9
13 85 28 34
13 86 40 12
13 87 22 8
13 88 17 8
13 89 31 13
13 90 33 24
13 91 24 8
13 92 17 36
13 93 33 14
13 94 35 37
13 95 36 34
13 96 3 11
13 97 6 38
13 98 22 36
13 99 3 33
14 15 100 97
14 16 31 12
14 17 8 23
14 18 13 14
14 19 36 5
14 20 13 39
14 21 13 36
14 22 34 21
14 23 17 12
14 24 18 22
14 25 7 17
14 26 28 15
14 27 31 9
14 28 13 16
14 29 32 7
14 30 30 40
14 31 27 22
14 32 40 15
14 33 22 16
14 34 9 20
14 35 8 39
14 36 5 25
14 37 30 26
14 38 17 31
14 39 5 19
14 40 6 20
14 41 31 4
14 42 6 22
14 43 15 14
14 44 5 27
14 45 26 15
14 46 22 33
14 47 15 40
14 48 21 22
14 49 33 13
14 50 4 40
14 51 10 3
14 52 22 30
14 53 12 34
14 54 21 27
14 55 27 23
14 56 11 18
14 57 34 8
14 58 13 18
14 59 11 18
14 60 14 39
14 61 34 6
14 62 17 10
14 63 23 38
14 64 10 13
14 65 8 21
14 66 38 9
14 67 4 24
14 68 12 38
14 69 15 38
14 70 17 15
14 71 40 38
14 72 37 25
14 73 14 30
14 74 40 22
14 75 9 24
14 76 5 13
14 77 13 28
14 78 13 10
14 79 32 35
14 80 23 35
14 81 11 6
14 82 28 36
14 83 27 30
14 84 37 13
14 85 10 8
14 86 39 14
14 87 19 7
14 88 35 8
14 89 31 10
14 90 9 33
14 91 36 10
14 92 30 16
14 93 21 26
14 94 25 19
14 95 4 15
14 96 13 16
14 97 24 25
14 98 33 40
14 99 4 17
15 16 28 30
15 17 18 21
15 18 32 28
15 19 10 12
15 20 40 26
15 21 18 36
15 22 30 7
15 23 32 19
15 24 34 36
15 25 31 4
15 26 34 18
15 27 8 7
15 28 25 6
15 29 21 17
15 30 28 22
15 31 27 7
15 32 9 38
15 33 32 8
15 34 28 12
15 35 8 35
15 36 14 12
15 37 7 4
15 38 32 28
15 39 25 17
15 40 6 11
15 41 40 14
15 42 25 23
15 43 10 19
15 44 38 15
15 45 25 28
15 46 12 15
15 47 6 40
15 48 27 10
15 49 3 23
15 50 38 39
15 51 34 7
15 52 13 5
15 53 5 23
15 54 13 6
15 55 10 37
15 56 17 7
15 57 28 4
15 58 17 16
15 59 26 28
15 60 9 12
15 61 35 27
15 62 24 27
15 63 7 4
15 64 4 34
15 65 39 38
15 66 11 6
15 67 12 11
15 68 37 24
15 69 19 28
15 70 25 7
15 71 27 22
15 72 40 6
15 73 11 3
15 74 13 4
15 75 38 40
15 76 3 14
15 77 14 28
15 78 8 23
15 79 23 26
15 80 38 18
15 81 16 9
15 82 22 39
15 83 15 39
15 84 36 8
15 85 26 22
15 86 21 10
15 87 28 39
15 88 7 13
15 89 8 20
15 90 26 36
15 91 20 34
15 92 28 10
15 93 27 35
15 94 22 10
15 95 28 21
15 96 16 6
15 97 31 7
15 98 11 12
15 99 32 26
16 17 98 100
16 18 98 100
16 19 98 97
16 20 19 31
16 21 30 5
16 22 13 7
16 23 4 36
16 24 14 24
16 25 39 37
16 26 28 15
16 27 28 3
16 28 38 8
16 29 36 9
16 30 11 31
16 31 28 39
16 32 25 8
16 33 10 19
16 34 31 28
16 35 11 17
16 36 18 27
16 37 6 11
16 38 15 31
16 39 37 15
16 40 28 30
16 41 16 34
16 42 27 22
16 43 39 39
16 44 9 25
16 45 31 7
16 46 37 36
16 47 30 3
16 48 26 40
16 49 6 9
16 50 14 8
16 51 4 26
16 52 12 27
16 53 39 20
16 54 34 38
16 55 9 8
16 56 30 21
16 57 3 32
16 58 11 12
16 59 24 36
16 60 27 23
16 61 26 36
16 62 6 36
16 63 21 35
16 64 36 3
16 65 14 22
16 66 21 4
16 67 20 36
16 68 34 6
16 69 16 26
16 70 10 34
16 71 27 8
16 72 35 18
16 73 38 39
16 74 20 34
16 75 16 8
16 76 13 13
16 77 14 31
16 78 30 21
16 79 16 27
16 80 38 31
16 81 14 19
16 82 37 3
16 83 7 31
16 84 35 23
16 85 34 14
16 86 32 32
16 87 14 21
16 88 25 16
16 89 21 13
16 90 39 6
16 91 37 18
16 92 32 40
16 93 19 23
16 94 7 9
16 95 30 30
16 96 6 19
16 97 12 9
16 98 24 23
16 99 26 33
17 18 100 98
17 19 97 100
17 20 5 23
17 21 16 15
17 22 28 19
17 23 28 20
17 24 36 27
17 25 40 4
17 26 15 10
17 27 28 7
17 28 28 34
17 29 17 12
17 30 33 26
17 31 26 11
17 32 13 32
17 33 33 16
17 34 4 5
17 35 18 19
17 36 36 4
17 37 16 21
17 38 13 37
17 39 13 13
17 40 3 30
17 41 5 3
17 42 24 31
17 43 3 15
17 44 17 23
17 45 34 40
17 46 7 21
17 47 18 39
17 48 32 21
17 49 9 5
17 50 16 10
17 51 11 25
17 52 28 5
17 53 15 12
17 54 26 16
17 55 18 4
17 56 37 7
17 57 39 20
17 58 27 16
17 59 13 15
17 60 12 22
17 61 25 25
17 62 36 15
17 63 32 16
17 64 6 39
17 65 39 13
17 66 24 3
17 67 33 15
17 68 13 7
17 69 40 5
17 70 33 38
17 71 18 38
17 72 12 35
17 73 38 5
17 74 7 3
17 75 25 30
17 76 21 12
17 77 33 4
17 78 19 39
17 79 14 17
17 80 31 11
17 81 27 20
17 82 31 11
17 83 19 24
17 84 7 14
17 85 37 28
17 86 12 14
17 87 21 34
17 88 4 20
17 89 4 18
17 90 24 26
17 91 40 3
17 92 23 27
17 93 34 37
17 94 27 24
17 95 16 6
17 96 30 8
17 97 23 14
17 98 6 25
17 99 27 20
18 19 99 99
18 20 24 36
18 21 37 30
18 22 30 31
18 23 3 16
18 24 26 16
18 25 26 33
18 26 11 19
18 27 35 19
18 28 26 14
18 29 20 27
18 30 17 22
18 31 23 7
18 32 31 14
18 33 19 16
18 34 13 17
18 35 20 7
18 36 13 24
18 37 13 20
18 38 3 30
18 39 33 10
18 40 18 19
18 41 36 38
18 42 5 25
18 43 7 37
18 44 16 15
18 45 5 40
18 46 22 38
18 47 6 30
18 48 5 11
18 49 20 18
18 50 22 32
18 51 40 9
18 52 27 20
18 53 10 17
18 54 28 10
18 55 32 40
18 56 34 10
18 57 14 22
18 58 24 14
18 59 33 34
18 60 16 33
18 61 28 19
18 62 12 39
18 63 22 24
18 64 30 31
18 65 35 14
18 66 27 32
18 67 6 7
18 68 32 15
18 69 8 10
18 70 9 26
18 71 19 10
18 72 22 33
18 73 32 39
18 74 39 11
18 75 20 9
18 76 19 32
18 77 39 24
18 78 3 24
18 79 25 33
18 80 28 20
18 81 9 7
18 82 10 23
18 83 14 26
18 84 19 22
18 85 9 39
18 86 39 28
18 87 4 9
18 88 25 4
18 89 11 3
18 90 13 39
18 91 35 11
18 92 20 39
18 93 12 4
18 94 37 28
18 95 21 12
18 96 16 7
18 97 3 7
18 98 4 25
18 99 16 38
19 20 27 6
19 21 22 9
19 22 38 26
19 23 3 24
19 24 30 11
19 25 32 35
19 26 19 15
19 27 27 40
19 28 6 18
19 29 28 21
19 30 4 17
19 31 24 17
19 32 14 22
19 33 11 28
19 34 21 40
19 35 23 8
19 36 16 6
19 37 16 20
19 38 10 18
19 39 28 9
19 40 28 31
19 41 30 16
19 42 13 23
19 43 10 12
19 44 28 25
19 45 16 17
19 46 37 17
19 47 9 39
19 48 17 26
19 49 11 3
19 50 39 4
19 51 8 11
19 52 20 38
19 53 34 16
19 54 17 17
19 55 22 3
19 56 23 30
19 57 14 31
19 58 16 24
19 59 32 34
19 60 28 20
19 61 35 28
19 62 34 34
19 63 23 34
19 64 31 39
19 65 16 28
19 66 28 34
19 67 3 14
19 68 32 38
19 69 4 9
19 70 35 8
19 71 27 38
19 72 13 11
19 73 23 5
19 74 9 20
19 75 9 12
19 76 11 21
19 77 28 30
19 78 31 9
19 79 36 28
19 80 40 20
19 81 37 4
19 82 37 3
19 83 4 32
19 84 37 25
19 85 4 36
19 86 36 34
19 87 28 6
19 88 12 35
19 89 27 26
19 90 19 35
19 91 31 5
19 92 7 8
19 93 40 15
19 94 28 30
19 95 38 23
19 96 23 21
19 97 18 19
19 98 16 15
19 99 32 32
20 21 98 98
20 22 99 98
20 23 97 97
20 24 9 26
20 25 28 31
20 26 4 24
20 27 37 37
20 28 32 28
20 29 16 34
20 30 21 33
20 31 14 24
20 32 15 9
20 33 4 16
20 34 10 4
20 35 35 15
20 36 15 17
20 37 24 10
20 38 13 40
20 39 19 6
20 40 32 17
20 41 36 34
20 42 18 35
20 43 12 9
20 44 19 20
20 45 10 31
20 46 25 31
20 47 35 18
20 48 26 23
20 49 21 5
20 50 15 39
20 51 13 25
20 52 17 20
20 53 18 28
20 54 22 30
20 55 34 20
20 56 18 39
20 57 35 12
20 58 12 8
20 59 20 22
20 60 38 36
20 61 12 37
20 62 32 18
20 63 31 15
20 64 37 5
20 65 28 15
20 66 3 35
20 67 27 10
20 68 4 15
20 69 8 34
20 70 33 34
20 71 13 4
20 72 12 37
20 73 24 40
20 74 37 22
20 75 9 3
20 76 6 37
20 77 31 8
20 78 22 27
20 79 34 26
20 80 11 31
20 81 31 34
20 82 8 23
20 83 16 10
20 84 28 23
20 85 12 11
20 86 9 39
20 87 13 25
20 88 20 18
20 89 18 34
20 90 16 12
20 91 30 9
20 92 15 7
20 93 28 28
20 94 13 4
20 95 38 24
20 96 39 37
20 97 9 20
20 98 26 38
20 99 31 28
21 22 97 98
21 23 99 99
21 24 6 20
21 25 28 33
21 26 22 19
21 27 3 35
21 28 3 15
21 29 6 16
21 30 35 6
21 31 28 32
21 32 9 27
21 33 28 33
21 34 14 10
21 35 9 39
21 36 13 7
21 37 3 30
21 38 18 34
21 39 13 18
21 40 22 32
21 41 30 13
21 42 38 36
21 43 40 11
21 44 26 39
21 45 7 19
21 46 33 3
21 47 7 12
21 48 27 9
21 49 15 30
21 50 15 21
21 51 28 11
21 52 28 4
21 53 22 18
21 54 15 31
21 55 16 27
21 56 37 9
21 57 32 28
21 58 22 11
21 59 27 40
21 60 22 22
21 61 32 28
21 62 4 14
21 63 37 7
21 64 3 23
21 65 23 34
21 66 30 22
21 67 36 31
21 68 37 26
21 69 13 8
21 70 31 28
21 71 39 26
21 72 24 28
21 73 17 6
21 74 6 9
21 75 30 6
21 76 12 23
21 77 11 28
21 78 15 38
21 79 26 18
21 80 17 35
21 81 18 12
21 82 31 22
21 83 19 24
21 84 7 30
21 85 23 34
21 86 36 38
21 87 21 20
21 88 27 3
21 89 34 30
21 90 37 28
21 91 28 3
21 92 28 8
21 93 25 21
21 94 9 18
21 95 21 39
21 96 16 36
21 97 18 23
21 98 37 9
21 99 6 22
22 23 100 98
22 24 28 33
22 25 40 17
22 26 14 7
22 27 35 23
22 28 26 8
22 29 38 27
22 30 35 30
22 31 32 34
22 32 31 3
22 33 11 22
22 34 19 6
22 35 6 40
22 36 6 23
22 37 14 16
22 38 9 6
22 39 36 40
22 40 17 33
22 41 5 5
22 42 10 22
22 43 25 10
22 44 18 38
22 45 23 22
22 46 11 24
22 47 38 33
22 48 16 7
22 49 24 28
22 50 37 14
22 51 34 13
22 52 25 27
22 53 9 7
22 54 4 4
22 55 37 10
22 56 34 40
22 57 33 10
22 58 26 36
22 59 12 36
22 60 13 6
22 61 20 20
22 62 8 32
22 63 10 28
22 64 20 40
22 65 8 28
22 66 26 15
22 67 25 30
22 68 11 16
22 69 8 3
22 70 9 5
22 71 33 9
22 72 20 28
22 73 4 7
22 74 18 35
22 75 13 4
22 76 14 22
22 77 33 12
22 78 22 33
22 79 37 5
22 80 10 16
22 81 38 26
22 82 14 7
22 83 28 36
22 84 33 40
22 85 37 30
22 86 13 39
22 87 28 27
22 88 25 9
22 89 15 8
22 90 35 6
22 91 28 17
22 92 5 40
22 93 4 9
22 94 9 28
22 95 6 21
22 96 18 15
22 97 4 40
22 98 11 10
22 99 5 36
23 24 15 40
23 25 22 35
23 26 19 21
23 27 28 11
23 28 28 7
23 29 3 3
23 30 37 3
23 31 28 15
23 32 38 23
23 33 37 6
23 34 3 31
23 35 13 5
23 36 17 17
23 37 37 33
23 38 24 7
23 39 27 34
23 40 32 33
23 41 21 17
23 42 17 18
23 43 32 9
23 44 33 32
23 45 23 26
23 46 9 35
23 47 25 22
23 48 23 36
23 49 11 35
23 50 38 11
23 51 4 32
23 52 38 6
23 53 40 21
23 54 31 12
23 55 33 32
23 56 9 27
23 57 5 40
23 58 39 11
23 59 13 26
23 60 8 9
23 61 5 31
23 62 37 28
23 63 19 40
23 64 33 34
23 65 16 35
23 66 17 20
23 67 28 17
23 68 15 40
23 69 27 7
23 70 6 4
23 71 19 18
23 72 6 37
23 73 32 22
23 74 39 23
23 75 30 21
23 76 16 25
23 77 4 18
23 78 4 34
23 79 10 3
23 80 7 5
23 81 30 25
23 82 11 11
23 83 7 8
23 84 40 10
23 85 25 7
23 86 20 23
23 87 23 23
23 88 21 20
23 89 9 3
23 90 17 15
23 91 40 13
23 92 12 23
23 93 31 3
23 94 9 17
23 95 35 15
23 96 32 35
23 97 35 11
23 98 4 31
23 99 7 28
24 25 99 98
24 26 100 97
24 27 98 98
24 28 28 38
24 29 39 40
24 30 3 4
24 31 38 34
24 32 28 39
24 33 12 23
24 34 38 5
24 35 34 33
24 36 36 12
24 37 19 8
24 38 24 40
24 39 40 4
24 40 10 31
24 41 27 33
24 42 8 5
24 43 36 20
24 44 21 13
24 45 30 38
24 46 7 36
24 47 20 13
24 48 9 6
24 49 30 35
24 50 16 9
24 51 13 17
24 52 36 18
24 53 25 36
24 54 4 10
24 55 40 35
24 56 33 31
24 57 40 10
24 58 40 28
24 59 18 7
24 60 22 28
24 61 32 16
24 62 40 28
24 63 31 26
24 64 35 21
24 65 14 17
24 66 27 34
24 67 27 18
24 68 19 24
24 69 15 34
24 70 12 14
24 71 37 16
24 72 34 25
24 73 10 25
24 74 17 33
24 75 27 10
24 76 35 22
24 77 34 35
24 78 40 34
24 79 25 28
24 80 26 31
24 81 28 7
24 82 25 13
24 83 7 7
24 84 26 8
24 85 30 23
24 86 34 20
24 87 6 34
24 88 3 14
24 89 4 12
24 90 17 36
24 91 27 23
24 92 7 30
24 93 34 28
24 94 3 36
24 95 9 25
24 96 12 11
24 97 24 23
24 98 7 5
24 99 36 25
25 26 100 99
25 27 100 97
25 28 7 17
25 29 25 28
25 30 28 19
25 31 4 4
25 32 19 27
25 33 27 22
25 34 27 11
25 35 12 20
25 36 11 16
25 37 40 35
25 38 22 31
25 39 30 32
25 40 9 19
25 41 20 17
25 42 16 5
25 43 4 25
25 44 12 24
25 45 27 13
25 46 8 39
25 47 4 28
25 48 35 3
25 49 9 11
25 50 16 33
25 51 21 21
25 52 39 11
25 53 28 39
25 54 37 23
25 55 40 35
25 56 35 35
25 57 4 36
25 58 28 21
25 59 33 12
25 60 30 12
25 61 22 25
25 62 9 33
25 63 8 28
25 64 18 15
25 65 20 17
25 66 11 9
25 67 10 19
25 68 5 40
25 69 28 35
25 70 31 4
25 71 16 21
25 72 22 22
25 73 22 21
25 74 12 32
25 75 21 19
25 76 9 11
25 77 28 13
25 78 28 12
25 79 6 9
25 80 32 16
25 81 4 34
25 82 32 35
25 83 22 7
25 84 23 24
25 85 38 11
25 86 17 21
25 87 34 12
25 88 28 39
25 89 25 10
25 90 6 26
25 91 28 6
25 92 12 37
25 93 22 39
25 94 6 6
25 95 22 19
25 96 18 40
25 97 14 25
25 98 25 16
25 99 15 34
26 27 97 99
26 28 4 23
26 29 4 27
26 30 11 5
26 31 25 22
26 32 32 27
26 33 28 9
26 34 4 6
26 35 39 31
26 36 24 37
26 37 32 37
26 38 13 27
26 39 6 21
26 40 19 7
26 41 27 18
26 42 34 16
26 43 31 26
26 44 7 22
26 45 15 9
26 46 13 5
26 47 10 25
26 48 33 25
26 49 9 12
26 50 38 28
26 51 28 23
26 52 16 19
26 53 14 22
26 54 12 18
26 55 35 3
26 56 31 20
26 57 37 19
26 58 15 15
26 59 33 7
26 60 10 19
26 61 17 17
26 62 7 19
26 63 34 9
26 64 16 20
26 65 28 25
26 66 14 35
26 67 15 9
26 68 4 40
26 69 30 8
26 70 38 11
26 71 26 11
26 72 28 26
26 73 37 3
26 74 33 40
26 75 37 22
26 76 40 30
26 77 33 10
26 78 21 18
26 79 40 37
26 80 13 10
26 81 5 32
26 82 9 5
26 83 24 5
26 84 36 28
26 85 21 28
26 86 34 36
26 87 25 12
26 88 12 33
26 89 13 25
26 90 40 40
26 91 9 22
26 92 40 28
26 93 12 24
26 94 23 9
26 95 22 24
26 96 33 30
26 97 18 30
26 98 3 15
26 99 23 9
27 28 23 21
27 29 14 21
27 30 23 4
27 31 5 16
27 32 9 25
27 33 30 18
27 34 28 23
27 35 35 12
27 36 10 10
27 37 3 33
27 38 4 31
27 39 32 26
27 40 27 36
27 41 26 18
27 42 11 34
27 43 14 4
27 44 38 32
27 45 11 14
27 46 12 18
27 47 18 17
27 48 20 33
27 49 37 28
27 50 39 8
27 51 12 33
27 52 4 35
27 53 20 35
27 54 8 8
27 55 32 31
27 56 13 36
27 57 37 14
27 58 25 20
27 59 18 38
27 60 28 16
27 61 30 11
27 62 37 9
27 63 21 15
27 64 32 16
27 65 20 28
27 66 13 10
27 67 22 31
27 68 23 7
27 69 28 13
27 70 28 8
27 71 5 18
27 72 33 28
27 73 22 33
27 74 6 7
27 75 28 21
27 76 20 31
27 77 14 24
27 78 11 40
27 79 22 5
27 80 24 33
27 81 8 11
27 82 40 27
27 83 6 37
27 84 33 10
27 85 6 12
27 86 39 15
27 87 33 11
27 88 38 27
27 89 30 17
27 90 39 30
27 91 11 24
27 92 18 13
27 93 38 8
27 94 40 28
27 95 14 22
27 96 38 13
27 97 3 6
27 98 20 35
27 99 4 33
28 29 100 98
28 30 100 99
28 31 98 97
28 32 20 38
28 33 8 8
28 34 10 27
28 35 14 10
28 36 19 4
28 37 11 28
28 38 23 35
28 39 40 26
28 40 9 10
28 41 13 22
28 42 24 18
28 43 27 24
28 44 35 32
28 45 10 37
28 46 12 22
28 47 6 16
28 48 24 11
28 49 18 21
28 50 35 40
28 51 20 8
28 52 37 15
28 53 27 31
28 54 31 16
28 55 28 27
28 56 38 34
28 57 12 18
28 58 10 36
28 59 40 17
28 60 25 33
28 61 33 30
28 62 33 23
28 63 14 10
28 64 18 4
28 65 13 22
28 66 32 7
28 67 25 35
28 68 24 23
28 69 19 32
28 70 36 36
28 71 6 39
28 72 36 20
28 73 15 13
28 74 28 8
28 75 13 10
28 76 9 8
28 77 18 32
28 78 30 26
28 79 17 22
28 80 14 18
28 81 22 19
28 82 6 23
28 83 6 12
28 84 4 36
28 85 20 4
28 86 34 16
28 87 18 30
28 88 19 22
28 89 31 17
28 90 15 27
28 91 5 23
28 92 30 11
28 93 13 25
28 94 18 25
28 95 39 22
28 96 37 27
28 97 11 26
28 98 14 35
28 99 35 3
29 30 100 98
29 31 99 97
29 32 30 10
29 33 33 4
29 34 30 36
29 35 30 7
29 36 31 13
29 37 10 14
29 38 22 16
29 39 22 32
29 40 17 25
29 41 3 25
29 42 26 9
29 43 32 7
29 44 26 11
29 45 28 40
29 46 35 21
29 47 27 17
29 48 8 3
29 49 11 10
29 50 10 18
29 51 16 38
29 52 4 27
29 53 35 32
29 54 9 4
29 55 24 32
29 56 32 36
29 57 13 14
29 58 40 25
29 59 17 31
29 60 27 16
29 61 39 12
29 62 25 10
29 63 17 18
29 64 20 12
29 65 10 20
29 66 11 11
29 67 10 12
29 68 30 19
29 69 28 33
29 70 3 33
29 71 38 30
29 72 24 37
29 73 8 19
29 74 15 33
29 75 17 10
29 76 30 24
29 77 22 28
29 78 18 17
29 79 40 22
29 80 18 5
29 81 28 3
29 82 18 36
29 83 33 30
29 84 10 31
29 85 13 20
29 86 19 16
29 87 16 5
29 88 27 35
29 89 27 10
29 90 6 7
29 91 37 6
29 92 39 24
29 93 32 9
29 94 26 28
29 95 13 3
29 96 12 34
29 97 17 10
29 98 26 22
29 99 17 34
30 31 98 98
30 32 7 11
30 33 5 9
30 34 20 36
30 35 40 18
30 36 23 25
30 37 32 23
30 38 19 7
30 39 7 32
30 40 11 13
30 41 33 28
30 42 37 23
30 43 15 16
30 44 15 6
30 45 17 33
30 46 24 40
30 47 8 36
30 48 12 39
30 49 5 5
30 50 27 13
30 51 17 26
30 52 10 37
30 53 9 8
30 54 6 13
30 55 28 9
30 56 38 14
30 57 22 12
30 58 26 8
30 59 12 7
30 60 33 15
30 61 8 31
30 62 16 31
30 63 9 5
30 64 8 24
30 65 7 31
30 66 37 3
30 67 6 34
30 68 18 27
30 69 30 23
30 70 39 38
30 71 15 12
30 72 7 10
30 73 31 40
30 74 5 32
30 75 28 7
30 76 20 13
30 77 5 33
30 78 9 18
30 79 35 4
30 80 37 17
30 81 20 19
30 82 6 35
30 83 19 30
30 84 26 13
30 85 31 14
30 86 19 37
30 87 40 20
30 88 37 14
30 89 9 17
30 90 15 26
30 91 35 17
30 92 39 18
30 93 38 3
30 94 19 40
30 95 7 35
30 96 26 10
30 97 25 14
30 98 23 16
30 99 31 9
31 32 14 39
31 33 23 28
31 34 14 12
31 35 24 6
31 36 20 7
31 37 18 21
31 38 15 34
31 39 6 19
31 40 11 22
31 41 20 9
31 42 14 3
31 43 34 21
31 44 23 24
31 45 34 34
31 46 17 38
31 47 31 26
31 48 36 30
31 49 5 23
31 50 14 16
31 51 27 30
31 52 25 26
31 53 7 11
31 54 11 14
31 55 40 34
31 56 32 3
31 57 22 30
31 58 16 37
31 59 9 31
31 60 36 12
31 61 31 9
31 62 37 6
31 63 27 27
31 64 26 21
31 65 16 19
31 66 19 40
31 67 38 20
31 68 24 12
31 69 36 32
31 70 25 17
31 71 28 25
31 72 6 35
31 73 27 37
31 74 21 24
31 75 39 38
31 76 9 36
31 77 40 6
31 78 19 19
31 79 15 9
31 80 28 32
31 81 4 25
31 82 21 31
31 83 23 15
31 84 9 30
31 85 40 19
31 86 38 33
31 87 3 34
31 88 13 16
31 89 20 20
31 90 14 16
31 91 36 25
31 92 5 38
31 93 4 24
31 94 38 28
31 95 15 3
31 96 9 22
31 97 21 28
31 98 17 23
31 99 7 7
32 33 99 99
32 34 100 99
32 35 98 97
32 36 13 20
32 37 20 8
32 38 18 5
32 39 9 13
32 40 7 27
32 41 35 24
32 42 3 6
32 43 25 3
32 44 35 27
32 45 20 9
32 46 15 3
32 47 26 5
32 48 6 23
32 49 6 6
32 50 27 35
32 51 38 8
32 52 34 31
32 53 11 34
32 54 21 39
32 55 22 28
32 56 38 3
32 57 10 8
32 58 6 33
32 59 33 20
32 60 8 33
32 61 20 19
32 62 10 20
32 63 40 11
32 64 26 31
32 65 15 26
32 66 33 11
32 67 39 18
32 68 33 17
32 69 31 14
32 70 27 22
32 71 39 18
32 72 10 23
32 73 32 26
32 74 35 31
32 75 35 17
32 76 17 3
32 77 3 8
32 78 4 17
32 79 11 32
32 80 9 33
32 81 20 38
32 82 4 22
32 83 20 28
32 84 37 14
32 85 3 28
32 86 18 28
32 87 33 13
32 88 15 9
32 89 30 3
32 90 26 19
32 91 18 3
32 92 37 5
32 93 7 9
32 94 20 25
32 95 15 40
32 96 30 30
32 97 22 38
32 98 12 33
32 99 7 21
33 34 99 98
33 35 100 97
33 36 24 20
33 37 40 40
33 38 23 36
33 39 28 25
33 40 8 34
33 41 8 31
33 42 16 4
33 43 31 33
33 44 23 16
33 45 9 33
33 46 19 34
33 47 33 30
33 48 15 5
33 49 16 16
33 50 4 15
33 51 38 23
33 52 40 10
33 53 14 16
33 54 4 18
33 55 16 24
33 56 5 30
33 57 7 20
33 58 30 5
33 59 30 38
33 60 23 33
33 61 33 22
33 62 33 15
33 63 20 16
33 64 23 34
33 65 11 16
33 66 22 37
33 67 30 4
33 68 32 6
33 69 14 20
33 70 34 7
33 71 17 28
33 72 38 20
33 73 11 14
33 74 6 16
33 75 23 14
33 76 17 28
33 77 11 13
33 78 15 34
33 79 13 11
33 80 3 12
33 81 12 6
33 82 35 23
33 83 12 24
33 84 22 24
33 85 28 4
33 86 23 26
33 87 10 22
33 88 10 24
33 89 20 40
33 90 9 26
33 91 17 22
33 92 15 22
33 93 35 19
33 94 32 4
33 95 17 5
33 96 6 21
33 97 28 11
33 98 28 11
33 99 21 27
34 35 100 100
34 36 5 32
34 37 31 9
34 38 13 13
34 39 12 31
34 40 32 12
34 41 22 3
34 42 39 7
34 43 13 33
34 44 22 23
34 45 7 4
34 46 20 5
34 47 32 16
34 48 36 26
34 49 28 15
34 50 16 38
34 51 31 35
34 52 12 5
34 53 22 5
34 54 40 33
34 55 4 39
34 56 39 35
34 57 10 35
34 58 32 12
34 59 5 7
34 60 36 22
34 61 11 9
34 62 8 21
34 63 30 9
34 64 12 11
34 65 40 3
34 66 14 10
34 67 8 17
34 68 25 23
34 69 16 13
34 70 33 21
34 71 37 9
34 72 3 12
34 73 22 31
34 74 37 5
34 75 32 4
34 76 26 8
34 77 28 9
34 78 3 7
34 79 21 15
34 80 22 25
34 81 15 23
34 82 24 25
34 83 15 34
34 84 5 4
34 85 37 20
34 86 18 19
34 87 28 22
34 88 13 11
34 89 3 12
34 90 34 38
34 91 25 30
34 92 12 18
34 93 10 3
34 94 23 15
34 95 23 20
34 96 8 35
34 97 18 31
34 98 34 13
34 99 28 36
35 36 5 9
35 37 39 28
35 38 21 7
35 39 15 27
35 40 23 19
35 41 12 35
35 42 16 30
35 43 28 22
35 44 28 27
35 45 7 25
35 46 28 6
35 47 34 13
35 48 22 30
35 49 34 26
35 50 34 35
35 51 16 33
35 52 22 9
35 53 14 8
35 54 13 31
35 55 10 21
35 56 17 30
35 57 39 39
35 58 32 11
35 59 39 35
35 60 34 31
35 61 35 7
35 62 36 13
35 63 10 20
35 64 35 31
35 65 12 20
35 66 34 16
35 67 31 20
35 68 12 23
35 69 3 37
35 70 4 14
35 71 8 22
35 72 18 23
35 73 21 32
35 74 15 18
35 75 13 25
35 76 7 26
35 77 14 22
35 78 36 15
35 79 10 32
35 80 26 13
35 81 17 35
35 82 35 15
35 83 9 13
35 84 28 24
35 85 24 18
35 86 7 13
35 87 18 7
35 88 3 40
35 89 32 31
35 90 30 31
35 91 9 40
35 92 22 6
35 93 12 28
35 94 9 10
35 95 34 19
35 96 19 22
35 97 6 32
35 98 10 19
35 99 20 33
36 37 100 99
36 38 99 100
36 39 100 99
36 40 16 7
36 41 20 7
36 42 10 22
36 43 35 19
36 44 25 10
36 45 6 7
36 46 30 21
36 47 21 21
36 48 13 31
36 49 7 28
36 50 25 24
36 51 15 4
36 52 7 28
36 53 40 22
36 54 12 10
36 55 35 17
36 56 26 28
36 57 35 28
36 58 23 8
36 59 10 21
36 60 15 16
36 61 27 3
36 62 33 32
36 63 20 15
36 64 22 16
36 65 39 38
36 66 18 7
36 67 38 38
36 68 12 7
36 69 30 39
36 70 22 39
36 71 24 12
36 72 11 26
36 73 19 19
36 74 6 32
36 75 7 38
36 76 24 37
36 77 28 37
36 78 32 14
36 79 5 4
36 80 28 22
36 81 25 36
36 82 10 27
36 83 8 16
36 84 40 21
36 85 38 38
36 86 11 18
36 87 35 16
36 88 17 30
36 89 23 11
36 90 4 21
36 91 17 10
36 92 16 34
36 93 38 30
36 94 32 30
36 95 20 7
36 96 12 3
36 97 40 27
36 98 9 6
36 99 14 10
37 38 100 97
37 39 97 99
37 40 10 23
37 41 14 21
37 42 27 16
37 43 10 40
37 44 31 24
37 45 21 17
37 46 10 32
37 47 9 21
37 48 30 5
37 49 20 30
37 50 19 30
37 51 19 26
37 52 21 14
37 53 8 19
37 54 11 18
37 55 36 18
37 56 39 13
37 57 33 28
37 58 30 11
37 59 20 15
37 60 9 11
37 61 17 15
37 62 30 30
37 63 34 32
37 64 32 40
37 65 8 3
37 66 35 22
37 67 31 10
37 68 25 17
37 69 22 16
37 70 7 39
37 71 32 15
37 72 35 30
37 73 6 36
37 74 15 27
37 75 30 25
37 76 18 25
37 77 37 20
37 78 37 37
37 79 10 9
37 80 33 33
37 81 34 28
37 82 8 8
37 83 36 28
37 84 9 20
37 85 6 9
37 86 24 18
37 87 9 23
37 88 38 23
37 89 4 32
37 90 26 14
37 91 26 26
37 92 38 9
37 93 36 23
37 94 23 22
37 95 9 37
37 96 3 18
37 97 25 36
37 98 27 20
37 99 31 17
38 39 97 98
38 40 28 13
38 41 23 24
38 42 21 40
38 43 5 25
38 44 5 17
38 45 23 18
38 46 4 21
38 47 12 22
38 48 15 40
38 49 11 26
38 50 9 28
38 51 35 38
38 52 13 22
38 53 5 9
38 54 33 27
38 55 30 25
38 56 6 6
38 57 21 22
38 58 32 18
38 59 37 10
38 60 39 15
38 61 19 16
38 62 35 34
38 63 26 20
38 64 6 39
38 65 8 24
38 66 24 32
38 67 13 5
38 68 33 26
38 69 9 7
38 70 23 27
38 71 28 34
38 72 31 22
38 73 14 16
38 74 33 16
38 75 35 24
38 76 10 4
38 77 16 7
38 78 32 18
38 79 4 6
38 80 30 19
38 81 23 9
38 82 11 5
38 83 9 28
38 84 25 10
38 85 6 28
38 86 15 9
38 87 18 26
38 88 39 13
38 89 6 28
38 90 20 9
38 91 38 23
38 92 4 9
38 93 35 28
38 94 5 17
38 95 28 38
38 96 28 8
38 97 32 14
38 98 17 18
38 99 31 18
39 40 6 6
39 41 24 32
39 42 4 32
39 43 11 6
39 44 7 36
39 45 6 13
39 46 7 28
39 47 22 28
39 48 5 10
39 49 15 17
39 50 9 36
39 51 10 38
39 52 27 7
39 53 39 36
39 54 38 23
39 55 38 11
39 56 35 18
39 57 12 16
39 58 26 18
39 59 31 34
39 60 6 23
39 61 39 38
39 62 15 27
39 63 9 12
39 64 23 27
39 65 17 13
39 66 5 7
39 67 22 32
39 68 11 20
39 69 6 9
39 70 13 38
39 71 39 15
39 72 7 21
39 73 4 35
39 74 24 8
39 75 16 19
39 76 5 12
39 77 27 14
39 78 25 36
39 79 18 20
39 80 36 31
39 81 38 5
39 82 6 35
39 83 8 9
39 84 25 22
39 85 12 22
39 86 4 33
39 87 39 35
39 88 35 22
39 89 32 21
39 90 37 16
39 91 19 9
39 92 31 12
39 93 20 8
39 94 21 24
39 95 34 27
39 96 25 10
39 97 25 28
39 98 22 13
39 99 14 23
40 41 97 98
40 42 98 97
40 43 98 97
40 44 27 35
40 45 21 24
40 46 23 31
40 47 10 20
40 48 7 9
40 49 40 34
40 50 17 39
40 51 19 35
40 52 38 20
40 53 8 33
40 54 37 28
40 55 14 16
40 56 23 7
40 57 11 5
40 58 25 12
40 59 11 13
40 60 17 33
40 61 10 6
40 62 32 37
40 63 3 7
40 64 40 31
40 65 38 17
40 66 17 3
40 67 33 39
40 68 11 27
40 69 28 40
40 70 34 38
40 71 31 35
40 72 35 23
40 73 15 10
40 74 25 4
40 75 6 34
40 76 28 5
40 77 17 33
40 78 4 28
40 79 32 10
40 80 16 7
40 81 30 30
40 82 30 37
40 83 25 28
40 84 3 10
40 85 22 15
40 86 10 5
40 87 13 35
40 88 26 6
40 89 10 38
40 90 12 16
40 91 11 37
40 92 34 36
40 93 35 31
40 94 30 22
40 95 4 14
40 96 15 28
40 97 21 10
40 98 24 14
40 99 20 26
41 42 97 100
41 43 99 99
41 44 23 11
41 45 30 17
41 46 31 16
41 47 36 27
41 48 14 20
41 49 10 11
41 50 16 34
41 51 32 14
41 52 20 20
41 53 16 21
41 54 22 10
41 55 13 25
41 56 40 26
41 57 15 7
41 58 28 30
41 59 19 3
41 60 28 30
41 61 18 14
41 62 31 17
41 63 21 22
41 64 12 34
41 65 7 5
41 66 9 38
41 67 5 38
41 68 7 31
41 69 32 28
41 70 26 14
41 71 37 14
41 72 28 17
41 73 26 5
41 74 3 8
41 75 31 19
41 76 38 5
41 77 16 7
41 78 26 32
41 79 7 38
41 80 28 24
41 81 28 40
41 82 19 20
41 83 32 19
41 84 28 28
41 85 12 24
41 86 25 15
41 87 9 27
41 88 5 33
41 89 16 28
41 90 25 6
41 91 23 16
41 92 32 17
41 93 32 5
41 94 4 30
41 95 26 32
41 96 22 15
41 97 27 40
41 98 3 7
41 99 18 26
42 43 99 97
42 44 40 8
42 45 7 26
42 46 20 21
42 47 36 17
42 48 28 10
42 49 39 11
42 50 32 26
42 51 16 36
42 52 38 20
42 53 7 37
42 54 24 28
42 55 15 37
42 56 24 3
42 57 24 39
42 58 12 23
42 59 8 8
42 60 27 37
42 61 39 32
42 62 40 23
42 63 22 25
42 64 17 31
42 65 7 10
42 66 22 32
42 67 32 23
42 68 23 7
42 69 32 23
42 70 28 11
42 71 40 17
42 72 40 27
42 73 23 28
42 74 5 35
42 75 38 21
42 76 3 18
42 77 30 23
42 78 30 39
42 79 37 15
42 80 9 21
42 81 20 11
42 82 40 20
42 83 40 8
42 84 6 11
42 85 5 26
42 86 12 21
42 87 14 37
42 88 33 4
42 89 37 32
42 90 36 10
42 91 31 30
42 92 38 37
42 93 8 18
42 94 35 22
42 95 25 37
42 96 14 12
42 97 25 3
42 98 11 19
42 99 39 27
43 44 19 4
43 45 20 37
43 46 10 6
43 47 12 13
43 48 10 12
43 49 27 23
43 50 26 11
43 51 13 26
43 52 14 21
43 53 32 19
43 54 9 38
43 55 38 26
43 56 19 9
43 57 12 7
43 58 16 14
43 59 25 18
43 60 26 5
43 61 22 13
43 62 6 10
43 63 36 6
43 64 32 25
43 65 19 10
43 66 6 17
43 67 37 16
43 68 39 19
43 69 22 12
43 70 25 10
43 71 11 22
43 72 15 3
43 73 4 5
43 74 9 10
43 75 28 26
43 76 25 34
43 77 30 17
43 78 17 19
43 79 28 33
43 80 28 19
43 81 35 30
43 82 23 20
43 83 4 40
43 84 32 17
43 85 36 28
43 86 3 38
43 87 39 33
43 88 22 12
43 89 22 32
43 90 7 14
43 91 18 21
43 92 33 12
43 93 14 17
43 94 31 34
43 95 34 19
43 96 40 38
43 97 26 7
43 98 5 33
43 99 21 16
44 45 97 97
44 46 98 98
44 47 99 97
44 48 32 40
44 49 33 26
44 50 9 7
44 51 3 16
44 52 24 9
44 53 19 28
44 54 28 35
44 55 8 20
44 56 4 3
44 57 32 9
44 58 38 18
44 59 17 25
44 60 4 20
44 61 27 36
44 62 37 21
44 63 25 30
44 64 40 6
44 65 15 39
44 66 34 26
44 67 8 17
44 68 17 14
44 69 13 13
44 70 13 22
44 71 23 23
44 72 11 28
44 73 17 8
44 74 7 15
44 75 26 11
44 76 25 18
44 77 11 19
44 78 12 16
44 79 19 19
44 80 24 20
44 81 8 11
44 82 7 4
44 83 12 28
44 84 13 6
44 85 20 14
44 86 5 6
44 87 5 34
44 88 10 3
44 89 39 36
44 90 36 23
44 91 40 33
44 92 10 34
44 93 21 39
44 94 5 37
44 95 6 12
44 96 17 27
44 97 6 30
44 98 27 28
44 99 33 6
45 46 100 98
45 47 100 100
45 48 20 32
45 49 4 37
45 50 27 7
45 51 23 21
45 52 16 13
45 53 31 14
45 54 22 19
45 55 12 21
45 56 14 32
45 57 18 21
45 58 35 37
45 59 36 39
45 60 23 9
45 61 22 33
45 62 25 19
45 63 19 34
45 64 39 35
45 65 3 30
45 66 22 17
45 67 22 9
45 68 28 25
45 69 35 22
45 70 9 6
45 71 6 26
45 72 8 35
45 73 4 5
45 74 7 31
45 75 5 11
45 76 36 7
45 77 26 32
45 78 11 27
45 79 18 17
45 80 18 40
45 81 27 5
45 82 28 36
45 83 34 14
45 84 4 28
45 85 3 28
45 86 16 9
45 87 28 34
45 88 32 18
45 89 18 20
45 90 35 12
45 91 26 7
45 92 7 15
45 93 16 23
45 94 20 24
45 95 25 11
45 96 36 9
45 97 17 28
45 98 6 25
45 99 18 27
46 47 97 97
46 48 25 7
46 49 7 37
46 50 14 7
46 51 36 28
46 52 28 25
46 53 39 32
46 54 28 10
46 55 12 24
46 56 17 23
46 57 37 36
46 58 6 28
46 59 21 28
46 60 7 10
46 61 37 37
46 62 4 13
46 63 24 11
46 64 11 28
46 65 4 28
46 66 37 34
46 67 36 7
46 68 37 28
46 69 19 22
46 70 18 15
46 71 30 11
46 72 33 5
46 73 6 39
46 74 35 27
46 75 22 21
46 76 36 27
46 77 14 9
46 78 36 31
46 79 40 21
46 80 36 7
46 81 17 24
46 82 39 25
46 83 22 37
46 84 20 30
46 85 17 27
46 86 33 35
46 87 4 38
46 88 34 7
46 89 23 4
46 90 37 37
46 91 3 11
46 92 27 18
46 93 15 19
46 94 38 19
46 95 25 37
46 96 40 23
46 97 16 5
46 98 39 24
46 99 33 16
47 48 23 35
47 49 28 16
47 50 25 38
47 51 5 22
47 52 34 9
47 53 7 40
47 54 28 16
47 55 32 27
47 56 19 40
47 57 34 12
47 58 6 34
47 59 28 5
47 60 27 12
47 61 34 17
47 62 14 39
47 63 16 26
47 64 11 27
47 65 12 10
47 66 32 12
47 67 26 32
47 68 31 32
47 69 18 27
47 70 10 35
47 71 7 31
47 72 7 12
47 73 26 14
47 74 7 24
47 75 11 23
47 76 13 15
47 77 40 21
47 78 27 27
47 79 18 19
47 80 37 18
47 81 34 17
47 82 40 4
47 83 17 26
47 84 13 37
47 85 22 9
47 86 24 31
47 87 16 10
47 88 11 36
47 89 40 30
47 90 11 16
47 91 26 38
47 92 36 30
47 93 31 37
47 94 40 3
47 95 4 10
47 96 30 28
47 97 38 9
47 98 28 14
47 99 30 17
48 49 100 98
48 50 97 97
48 51 99 100
48 52 15 19
48 53 12 19
48 54 10 28
48 55 15 33
48 56 6 19
48 57 6 31
48 58 28 15
48 59 35 27
48 60 28 35
48 61 26 37
48 62 6 12
48 63 31 5
48 64 17 24
48 65 30 11
48 66 5 25
48 67 5 12
48 68 3 32
48 69 21 21
48 70 8 23
48 71 26 12
48 72 36 21
48 73 7 36
48 74 34 24
48 75 6 31
48 76 9 8
48 77 17 4
48 78 28 5
48 79 17 10
48 80 3 39
48 81 16 24
48 82 21 34
48 83 40 7
48 84 28 23
48 85 22 28
48 86 17 19
48 87 22 21
48 88 20 38
48 89 33 8
48 90 28 30
48 91 30 36
48 92 38 18
48 93 21 10
48 94 7 20
48 95 20 22
48 96 26 19
48 97 27 35
48 98 32 27
48 99 8 31
49 50 99 99
49 51 97 99
49 52 13 15
49 53 21 4
49 54 36 9
49 55 33 25
49 56 3 7
49 57 21 22
49 58 38 17
49 59 15 36
49 60 20 39
49 61 16 13
49 62 27 23
49 63 33 16
49 64 4 3
49 65 28 27
49 66 9 15
49 67 13 4
49 68 11 33
49 69 14 33
49 70 23 6
49 71 38 37
49 72 19 10
49 73 35 31
49 74 30 38
49 75 6 31
49 76 24 33
49 77 5 14
49 78 31 18
49 79 30 18
49 80 14 39
49 81 35 5
49 82 15 33
49 83 12 27
49 84 10 18
49 85 39 15
49 86 23 38
49 87 21 9
49 88 28 39
49 89 28 11
49 90 3 16
49 91 26 36
49 92 10 15
49 93 19 3
49 94 12 31
49 95 40 8
49 96 38 16
49 97 14 26
49 98 13 5
49 99 20 28
50 51 99 97
50 52 27 30
50 53 27 40
50 54 20 40
50 55 4 6
50 56 11 24
50 57 8 9
50 58 6 7
50 59 36 28
50 60 11 11
50 61 32 33
50 62 28 37
50 63 34 4
50 64 17 26
50 65 27 26
50 66 28 16
50 67 4 13
50 68 20 16
50 69 26 28
50 70 40 11
50 71 33 12
50 72 14 30
50 73 20 7
50 74 18 21
50 75 28 23
50 76 12 5
50 77 18 19
50 78 38 3
50 79 33 40
50 80 36 8
50 81 15 17
50 82 36 21
50 83 32 6
50 84 37 15
50 85 12 25
50 86 18 40
50 87 10 30
50 88 27 8
50 89 38 32
50 90 36 33
50 91 32 3
50 92 40 33
50 93 36 16
50 94 11 18
50 95 8 14
50 96 15 26
50 97 39 28
50 98 4 8
50 99 33 8
51 52 35 11
51 53 9 30
51 54 24 36
51 55 4 26
51 56 4 32
51 57 30 30
51 58 30 20
51 59 20 19
51 60 28 30
51 61 8 3
51 62 11 30
51 63 18 39
51 64 38 5
51 65 25 14
51 66 8 6
51 67 20 37
51 68 30 6
51 69 22 37
51 70 21 11
51 71 11 6
51 72 33 12
51 73 14 26
51 74 28 3
51 75 38 34
51 76 26 38
51 77 24 22
51 78 25 20
51 79 11 35
51 80 19 37
51 81 15 30
51 82 28 22
51 83 18 7
51 84 27 37
51 85 21 3
51 86 15 6
51 87 33 9
51 88 10 12
51 89 28 4
51 90 14 38
51 91 39 6
51 92 24 11
51 93 21 27
51 94 6 7
51 95 30 34
51 96 8 28
51 97 10 30
51 98 17 16
51 99 16 30
52 53 99 98
52 54 99 99
52 55 100 98
52 56 23 28
52 57 35 7
52 58 7 26
52 59 4 3
52 60 34 25
52 61 11 33
52 62 5 26
52 63 20 26
52 64 10 25
52 65 36 18
52 66 17 36
52 67 8 24
52 68 38 31
52 69 22 26
52 70 33 33
52 71 24 22
52 72 11 39
52 73 30 25
52 74 35 32
52 75 23 22
52 76 39 4
52 77 8 36
52 78 10 37
52 79 23 30
52 80 19 40
52 81 35 40
52 82 21 23
52 83 16 3
52 84 21 9
52 85 9 6
52 86 25 28
52 87 25 18
52 88 30 35
52 89 36 33
52 90 40 37
52 91 35 22
52 92 31 3
52 93 7 25
52 94 26 18
52 95 33 39
52 96 20 20
52 97 27 6
52 98 26 26
52 99 7 28
53 54 100 97
53 55 99 97
53 56 32 12
53 57 30 7
53 58 14 13
53 59 25 9
53 60 12 8
53 61 31 18
53 62 5 34
53 63 12 16
53 64 8 9
53 65 24 9
53 66 40 20
53 67 28 40
53 68 38 33
53 69 35 36
53 70 40 25
53 71 16 39
53 72 38 23
53 73 27 25
53 74 7 23
53 75 19 5
53 76 12 22
53 77 20 17
53 78 26 11
53 79 39 17
53 80 37 7
53 81 27 28
53 82 30 5
53 83 20 17
53 84 25 13
53 85 15 31
53 86 27 35
53 87 22 8
53 88 40 28
53 89 24 13
53 90 12 30
53 91 33 24
53 92 31 25
53 93 39 15
53 94 30 12
53 95 20 12
53 96 31 35
53 97 25 6
53 98 6 26
53 99 16 6
54 55 97 99
54 56 27 37
54 57 9 24
54 58 18 36
54 59 21 26
54 60 8 26
54 61 16 40
54 62 32 14
54 63 39 6
54 64 7 34
54 65 28 20
54 66 9 37
54 67 18 39
54 68 18 36
54 69 30 12
54 70 35 28
54 71 4 27
54 72 32 3
54 73 33 9
54 74 19 11
54 75 38 25
54 76 13 39
54 77 8 37
54 78 23 10
54 79 32 34
54 80 34 14
54 81 36 7
54 82 34 40
54 83 20 37
54 84 28 12
54 85 5 19
54 86 4 38
54 87 17 19
54 88 4 38
54 89 16 36
54 90 22 36
54 91 23 12
54 92 10 22
54 93 32 26
54 94 34 14
54 95 4 23
54 96 28 7
54 97 17 14
54 98 6 25
54 99 23 17
55 56 8 28
55 57 13 24
55 58 39 30
55 59 3 9
55 60 21 4
55 61 28 6
55 62 40 28
55 63 28 28
55 64 31 26
55 65 14 30
55 66 18 22
55 67 11 10
55 68 27 28
55 69 30 22
55 70 17 33
55 71 24 32
55 72 24 32
55 73 11 40
55 74 16 28
55 75 9 27
55 76 28 37
55 77 32 21
55 78 39 24
55 79 35 7
55 80 6 16
55 81 10 36
55 82 11 4
55 83 36 24
55 84 21 12
55 85 16 34
55 86 5 6
55 87 28 37
55 88 23 17
55 89 17 5
55 90 23 12
55 91 32 23
55 92 4 35
55 93 11 13
55 94 38 5
55 95 39 35
55 96 10 5
55 97 10 3
55 98 37 39
55 99 28 3
56 57 97 99
56 58 97 97
56 59 97 98
56 60 21 23
56 61 12 35
56 62 14 28
56 63 20 5
56 64 24 27
56 65 23 23
56 66 7 9
56 67 15 39
56 68 12 25
56 69 27 35
56 70 7 18
56 71 28 31
56 72 28 7
56 73 7 28
56 74 18 10
56 75 4 32
56 76 16 17
56 77 12 5
56 78 5 3
56 79 24 20
56 80 38 5
56 81 11 9
56 82 36 35
56 83 34 8
56 84 20 34
56 85 24 28
56 86 26 32
56 87 39 33
56 88 38 38
56 89 35 28
56 90 33 28
56 91 28 23
56 92 28 38
56 93 22 37
56 94 16 16
56 95 28 28
56 96 26 13
56 97 12 12
56 98 40 27
56 99 15 7
57 58 98 100
57 59 97 99
57 60 5 32
57 61 5 20
57 62 22 6
57 63 19 3
57 64 21 3
57 65 39 16
57 66 27 3
57 67 32 34
57 68 37 24
57 69 26 10
57 70 5 19
57 71 36 14
57 72 5 36
57 73 8 9
57 74 32 12
57 75 7 26
57 76 31 34
57 77 34 33
57 78 17 22
57 79 6 24
57 80 34 5
57 81 3 15
57 82 40 22
57 83 17 40
57 84 20 16
57 85 36 27
57 86 19 35
57 87 3 6
57 88 18 5
57 89 13 32
57 90 32 12
57 91 34 5
57 92 40 36
57 93 23 36
57 94 40 5
57 95 27 4
57 96 38 23
57 97 24 40
57 98 8 3
57 99 34 9
58 59 97 97
58 60 5 7
58 61 12 39
58 62 4 9
58 63 3 8
58 64 20 24
58 65 35 34
58 66 14 38
58 67 12 11
58 68 30 3
58 69 35 31
58 70 28 34
58 71 19 32
58 72 28 40
58 73 35 27
58 74 18 14
58 75 21 11
58 76 19 24
58 77 12 11
58 78 20 5
58 79 28 40
58 80 10 32
58 81 38 27
58 82 17 12
58 83 27 19
58 84 10 18
58 85 28 40
58 86 21 17
58 87 36 32
58 88 34 35
58 89 12 39
58 90 27 37
58 91 19 39
58 92 5 16
58 93 26 33
58 94 3 11
58 95 13 33
58 96 16 6
58 97 24 15
58 98 40 11
58 99 27 28
59 60 23 37
59 61 20 19
59 62 28 28
59 63 8 20
59 64 33 15
59 65 6 19
59 66 17 18
59 67 23 4
59 68 22 34
59 69 35 3
59 70 25 23
59 71 5 28
59 72 33 4
59 73 26 34
59 74 24 28
59 75 32 23
59 76 36 39
59 77 9 36
59 78 32 24
59 79 37 12
59 80 8 4
59 81 10 8
59 82 24 3
59 83 9 10
59 84 34 9
59 85 31 4
59 86 10 23
59 87 14 40
59 88 5 15
59 89 15 21
59 90 36 19
59 91 30 11
59 92 14 8
59 93 17 39
59 94 10 36
59 95 5 19
59 96 7 25
59 97 15 26
59 98 31 13
59 99 5 38
60 61 98 100
60 62 97 98
60 63 98 99
60 64 23 22
60 65 11 10
60 66 32 31
60 67 39 17
60 68 28 32
60 69 7 6
60 70 40 5
60 71 25 28
60 72 38 3
60 73 4 26
60 74 9 24
60 75 26 15
60 76 23 40
60 77 16 18
60 78 13 28
60 79 4 3
60 80 36 5
60 81 5 21
60 82 32 22
60 83 24 9
60 84 36 11
60 85 35 34
60 86 20 39
60 87 4 24
60 88 32 19
60 89 12 28
60 90 7 23
60 91 34 37
60 92 5 10
60 93 14 16
60 94 4 4
60 95 26 14
60 96 28 38
60 97 3 11
60 98 19 30
60 99 33 38
61 62 99 100
61 63 100 100
61 64 39 8
61 65 33 15
61 66 4 16
61 67 21 8
61 68 13 5
61 69 37 26
61 70 25 11
61 71 10 22
61 72 4 18
61 73 40 11
61 74 37 35
61 75 3 38
61 76 27 33
61 77 27 9
61 78 13 7
61 79 40 12
61 80 18 39
61 81 28 7
61 82 5 24
61 83 20 17
61 84 14 28
61 85 4 26
61 86 22 10
61 87 7 34
61 88 21 16
61 89 25 28
61 90 34 32
61 91 4 11
61 92 8 35
61 93 19 36
61 94 6 8
61 95 19 40
61 96 10 10
61 97 35 33
61 98 5 28
61 99 22 17
62 63 98 97
62 64 18 27
62 65 21 19
62 66 39 23
62 67 21 20
62 68 31 9
62 69 22 13
62 70 12 24
62 71 19 17
62 72 37 27
62 73 5 13
62 74 20 23
62 75 8 23
62 76 14 16
62 77 23 25
62 78 23 28
62 79 25 28
62 80 32 19
62 81 13 38
62 82 38 21
62 83 31 26
62 84 37 35
62 85 4 5
62 86 10 12
62 87 5 14
62 88 6 4
62 89 5 16
62 90 32 15
62 91 35 28
62 92 25 36
62 93 30 39
62 94 23 11
62 95 21 34
62 96 17 14
62 97 32 15
62 98 39 30
62 99 8 20
63 64 18 33
63 65 3 4
63 66 22 18
63 67 7 15
63 68 36 21
63 69 11 13
63 70 5 17
63 71 35 26
63 72 21 31
63 73 4 5
63 74 3 18
63 75 23 30
63 76 4 39
63 77 36 26
63 78 22 25
63 79 18 9
63 80 34 40
63 81 24 40
63 82 17 13
63 83 13 10
63 84 23 26
63 85 25 31
63 86 27 5
63 87 10 7
63 88 7 5
63 89 14 26
63 90 20 16
63 91 14 14
63 92 28 30
63 93 10 16
63 94 35 7
63 95 31 11
63 96 21 23
63 97 3 31
63 98 32 17
63 99 39 34
64 65 98 100
64 66 100 98
64 67 100 98
64 68 15 18
64 69 24 13
64 70 13 12
64 71 13 3
64 72 14 6
64 73 21 26
64 74 18 25
64 75 17 23
64 76 28 17
64 77 9 39
64 78 11 31
64 79 17 31
64 80 9 23
64 81 10 16
64 82 12 37
64 83 20 5
64 84 17 10
64 85 6 4
64 86 12 20
64 87 19 27
64 88 11 24
64 89 11 18
64 90 11 35
64 91 36 9
64 92 18 13
64 93 4 23
64 94 39 11
64 95 20 32
64 96 34 24
64 97 9 20
64 98 15 35
64 99 21 37
65 66 98 98
65 67 97 99
65 68 35 30
65 69 15 7
65 70 15 31
65 71 32 16
65 72 4 39
65 73 14 26
65 74 10 38
65 75 23 7
65 76 32 7
65 77 37 12
65 78 9 4
65 79 15 5
65 80 17 38
65 81 24 23
65 82 3 13
65 83 35 8
65 84 24 32
65 85 8 25
65 86 30 39
65 87 33 16
65 88 12 27
65 89 5 4
65 90 3 38
65 91 21 6
65 92 37 35
65 93 8 18
65 94 24 26
65 95 13 4
65 96 9 8
65 97 13 8
65 98 28 37
65 99 7 27
66 67 98 97
66 68 7 36
66 69 9 33
66 70 8 17
66 71 12 14
66 72 28 18
66 73 30 13
66 74 40 18
66 75 37 12
66 76 19 5
66 77 24 9
66 78 18 28
66 79 9 39
66 80 28 11
66 81 14 6
66 82 16 26
66 83 23 4
66 84 25 11
66 85 33 39
66 86 34 15
66 87 5 12
66 88 26 26
66 89 22 34
66 90 36 23
66 91 38 7
66 92 26 30
66 93 7 33
66 94 32 16
66 95 24 4
66 96 26 20
66 97 28 6
66 98 24 22
66 99 33 14
67 68 36 30
67 69 26 26
67 70 28 18
67 71 11 37
67 72 28 19
67 73 9 28
67 74 28 14
67 75 25 16
67 76 11 39
67 77 10 6
67 78 28 9
67 79 23 39
67 80 38 40
67 81 8 22
67 82 12 14
67 83 17 27
67 84 30 26
67 85 39 19
67 86 22 32
67 87 28 17
67 88 32 18
67 89 21 20
67 90 7 34
67 91 14 8
67 92 5 14
67 93 20 30
67 94 38 37
67 95 14 9
67 96 32 8
67 97 21 3
67 98 3 32
67 99 13 4
68 69 99 98
68 70 99 97
68 71 99 99
68 72 25 38
68 73 26 19
68 74 35 6
68 75 6 9
68 76 24 27
68 77 20 30
68 78 21 35
68 79 24 40
68 80 6 20
68 81 17 31
68 82 22 33
68 83 20 27
68 84 3 15
68 85 15 35
68 86 17 25
68 87 25 37
68 88 37 28
68 89 30 24
68 90 36 34
68 91 17 10
68 92 12 3
68 93 8 12
68 94 35 9
68 95 28 12
68 96 38 24
68 97 28 5
68 98 8 20
68 99 24 34
69 70 100 99
69 71 100 98
69 72 12 28
69 73 23 20
69 74 34 34
69 75 5 32
69 76 37 8
69 77 20 32
69 78 23 6
69 79 3 19
69 80 20 33
69 81 34 34
69 82 32 13
69 83 15 39
69 84 4 34
69 85 30 39
69 86 21 30
69 87 19 9
69 88 23 39
69 89 39 16
69 90 15 25
69 91 24 25
69 92 28 13
69 93 31 28
69 94 10 31
69 95 25 21
69 96 4 11
69 97 23 32
69 98 30 38
69 99 16 24
70 71 100 98
70 72 28 6
70 73 40 16
70 74 12 5
70 75 12 37
70 76 34 34
70 77 13 22
70 78 22 4
70 79 39 16
70 80 9 20
70 81 37 20
70 82 25 24
70 83 35 22
70 84 4 6
70 85 17 26
70 86 3 32
70 87 8 5
70 88 40 28
70 89 6 8
70 90 30 32
70 91 23 38
70 92 31 15
70 93 11 5
70 94 9 23
70 95 27 3
70 96 16 34
70 97 17 8
70 98 26 34
70 99 28 35
71 72 8 16
71 73 6 37
71 74 26 5
71 75 4 18
71 76 27 17
71 77 28 28
71 78 19 15
71 79 19 36
71 80 28 13
71 81 22 14
71 82 28 9
71 83 17 10
71 84 9 8
71 85 18 39
71 86 26 24
71 87 15 27
71 88 31 19
71 89 28 21
71 90 8 17
71 91 36 8
71 92 12 19
71 93 33 18
71 94 11 5
71 95 10 28
71 96 15 11
71 97 21 31
71 98 6 39
71 99 12 17
72 73 98 98
72 74 98 98
72 75 97 98
72 76 24 30
72 77 14 3
72 78 27 28
72 79 32 7
72 80 4 19
72 81 14 10
72 82 9 24
72 83 9 19
72 84 31 17
72 85 25 15
72 86 39 34
72 87 6 19
72 88 3 21
72 89 13 6
72 90 10 9
72 91 18 20
72 92 10 34
72 93 40 38
72 94 27 39
72 95 7 28
72 96 38 33
72 97 39 28
72 98 20 28
72 99 33 17
73 74 97 100
73 75 99 100
73 76 7 28
73 77 14 6
73 78 40 20
73 79 9 22
73 80 27 6
73 81 21 9
73 82 10 34
73 83 32 3
73 84 18 16
73 85 39 34
73 86 5 27
73 87 40 3
73 88 18 31
73 89 15 23
73 90 40 30
73 91 28 22
73 92 18 40
73 93 18 33
73 94 30 4
73 95 35 16
73 96 20 8
73 97 10 28
73 98 9 40
73 99 40 7
74 75 97 97
74 76 36 10
74 77 33 28
74 78 12 28
74 79 12 40
74 80 32 11
74 81 6 34
74 82 31 11
74 83 35 33
74 84 20 3
74 85 37 28
74 86 12 39
74 87 19 30
74 88 37 35
74 89 16 12
74 90 15 11
74 91 5 12
74 92 8 20
74 93 39 19
74 94 16 38
74 95 21 36
74 96 6 11
74 97 35 33
74 98 32 6
74 99 33 25
75 76 18 13
75 77 10 17
75 78 21 22
75 79 3 20
75 80 15 18
75 81 10 18
75 82 35 19
75 83 5 7
75 84 40 5
75 85 27 5
75 86 35 20
75 87 21 7
75 88 31 32
75 89 21 20
75 90 36 15
75 91 39 27
75 92 34 34
75 93 19 5
75 94 39 5
75 95 24 3
75 96 8 26
75 97 20 37
75 98 34 23
75 99 6 31
76 77 97 100
76 78 98 99
76 79 100 100
76 80 14 32
76 81 6 19
76 82 12 14
76 83 36 4
76 84 39 12
76 85 24 5
76 86 33 18
76 87 9 31
76 88 12 23
76 89 23 21
76 90 4 35
76 91 32 26
76 92 5 38
76 93 40 24
76 94 14 24
76 95 19 6
76 96 35 16
76 97 11 7
76 98 5 24
76 99 18 33
77 78 98 98
77 79 100 99
77 80 11 40
77 81 34 11
77 82 9 20
77 83 33 18
77 84 7 34
77 85 38 25
77 86 33 35
77 87 28 31
77 88 15 19
77 89 23 9
77 90 16 19
77 91 34 4
77 92 39 20
77 93 11 18
77 94 18 27
77 95 10 15
77 96 6 16
77 97 21 38
77 98 17 3
77 99 26 34
78 79 99 97
78 80 27 4
78 81 17 3
78 82 39 11
78 83 28 3
78 84 4 6
78 85 32 32
78 86 7 16
78 87 11 4
78 88 24 17
78 89 21 20
78 90 8 34
78 91 12 15
78 92 39 25
78 93 12 21
78 94 24 32
78 95 10 27
78 96 8 28
78 97 17 32
78 98 28 23
78 99 8 7
79 80 28 16
79 81 19 20
79 82 40 15
79 83 25 31
79 84 31 17
79 85 21 38
79 86 12 5
79 87 39 11
79 88 30 15
79 89 7 20
79 90 6 16
79 91 17 3
79 92 37 11
79 93 7 14
79 94 35 28
79 95 25 19
79 96 25 36
79 97 19 32
79 98 26 34
79 99 5 36
80 81 100 97
80 82 98 98
80 83 97 97
80 84 30 30
80 85 5 19
80 86 31 33
80 87 38 22
80 88 19 20
80 89 21 3
80 90 14 28
80 91 19 14
80 92 21 37
80 93 9 17
80 94 28 7
80 95 28 21
80 96 21 25
80 97 10 16
80 98 36 25
80 99 7 19
81 82 99 97
81 83 99 100
81 84 33 14
81 85 36 26
81 86 20 7
81 87 39 5
81 88 33 32
81 89 37 24
81 90 32 3
81 91 27 21
81 92 6 17
81 93 28 33
81 94 16 21
81 95 25 22
81 96 16 37
81 97 28 26
81 98 30 10
81 99 32 7
82 83 100 100
82 84 14 15
82 85 21 25
82 86 20 6
82 87 28 25
82 88 10 31
82 89 11 19
82 90 18 14
82 91 6 12
82 92 4 34
82 93 9 40
82 94 15 37
82 95 38 17
82 96 35 34
82 97 6 16
82 98 16 3
82 99 40 3
83 84 15 6
83 85 11 31
83 86 18 13
83 87 13 27
83 88 7 31
83 89 24 17
83 90 17 18
83 91 14 3
83 92 24 37
83 93 31 21
83 94 8 15
83 95 25 31
83 96 21 24
83 97 32 12
83 98 21 33
83 99 38 14
84 85 100 100
84 86 100 100
84 87 98 99
84 88 23 16
84 89 21 28
84 90 25 26
84 91 28 28
84 92 6 21
84 93 13 25
84 94 35 3
84 95 30 27
84 96 13 11
84 97 23 25
84 98 30 22
84 99 28 9
85 86 100 99
85 87 98 99
85 88 27 10
85 89 11 32
85 90 22 13
85 91 9 24
85 92 6 35
85 93 31 23
85 94 36 5
85 95 20 25
85 96 28 23
85 97 15 23
85 98 24 9
85 99 37 22
86 87 98 100
86 88 37 38
86 89 24 26
86 90 32 4
86 91 23 13
86 92 10 30
86 93 16 4
86 94 9 11
86 95 34 15
86 96 27 30
86 97 36 26
86 98 25 24
86 99 32 25
87 88 26 9
87 89 38 12
87 90 40 6
87 91 40 9
87 92 25 13
87 93 3 19
87 94 20 23
87 95 13 35
87 96 28 3
87 97 20 31
87 98 3 25
87 99 6 31
88 89 100 97
88 90 100 97
88 91 100 97
88 92 9 3
88 93 9 4
88 94 11 24
88 95 40 40
88 96 7 36
88 97 24 35
88 98 33 32
88 99 32 34
89 90 100 99
89 91 100 97
89 92 24 20
89 93 32 30
89 94 8 22
89 95 4 12
89 96 39 34
89 97 6 14
89 98 18 39
89 99 38 5
90 91 99 99
90 92 3 34
90 93 13 20
90 94 30 4
90 95 22 25
90 96 17 17
90 97 40 24
90 98 36 21
90 99 32 14
91 92 13 21
91 93 8 15
91 94 17 7
91 95 31 16
91 96 21 31
91 97 3 31
91 98 12 28
91 99 16 21
92 93 98 98
92 94 98 97
92 95 97 100
92 96 31 14
92 97 13 17
92 98 28 39
92 99 10 24
93 94 99 97
93 95 99 98
93 96 37 32
93 97 38 32
93 98 25 20
93 99 34 21
94 95 99 97
94 96 39 24
94 97 30 26
94 98 24 39
94 99 18 19
95 96 38 13
95 97 37 8
95 98 36 3
95 99 7 35
96 97 99 98
96 98 97 99
96 99 100 99
97 98 100 100
97 99 99 98
98 99 97 98
0
439
306 1814
307 1779
308 1748
309 1717
310 1687
311 1661
312 1636
313 1611
314 1586
315 1561
316 1537
317 1513
318 1490
319 1467
320 1444
321 1421
322 1398
323 1376
324 1354
325 1333
326 1312
327 1291
328 1272
329 1253
330 1235
331 1217
332 1200
333 1183
334 1166
335 1150
336 1134
337 1118
338 1103
339 1088
340 1074
341 1062
342 1048
343 1036
344 1024
345 1014
346 1002
347 992
348 982
349 973
350 964
351 956
352 947
353 939
354 932
355 924
356 916
357 909
358 903
359 897
360 891
361 885
362 880
363 874
364 869
365 863
366 858
367 853
368 848
369 843
370 838
371 833
372 829
373 825
374 821
375 817
376 813
377 809
378 805
379 802
380 798
381 794
382 791
383 788
384 784
385 780
386 777
387 774
388 770
389 766
390 763
391 760
392 756
393 753
394 750
395 746
396 743
397 740
398 737
399 734
400 731
401 728
402 725
403 722
404 719
405 716
406 713
407 710
408 708
409 705
410 702
411 700
412 697
413 694
414 692
415 689
416 687
417 684
418 682
419 679
420 677
421 674
422 672
423 670
424 667
425 665
426 662
427 660
428 658
429 655
430 653
431 651
432 648
433 646
434 644
435 642
436 640
437 638
438 636
439 634
440 632
441 630
442 628
443 626
444 624
445 622
446 620
447 618
448 616
449 614
450 613
451 611
452 609
453 607
454 605
455 604
456 602
457 600
458 599
459 597
460 596
461 594
462 593
463 591
464 590
465 588
466 587
467 585
468 584
469 583
470 581
471 580
472 578
473 577
474 575
475 574
476 573
477 572
478 570
479 569
480 568
481 567
482 565
483 564
484 563
485 562
486 561
487 559
488 558
489 557
490 556
491 555
492 554
493 553
494 552
495 551
496 550
497 549
498 548
499 547
500 546
501 545
502 544
503 543
504 542
505 541
506 540
507 539
508 538
509 537
510 536
511 535
512 534
513 533
514 532
515 531
516 530
517 529
518 528
519 527
520 526
521 525
522 524
523 523
524 522
526 521
527 520
528 519
529 518
530 517
531 516
532 515
533 514
535 513
536 512
537 511
538 510
539 509
540 508
542 507
543 506
544 505
545 504
546 503
547 502
549 501
550 500
551 499
553 498
554 497
555 496
556 495
557 494
558 493
560 492
561 491
562 490
564 489
565 488
566 487
568 486
569 485
571 484
572 483
573 482
575 481
576 480
578 479
579 478
581 477
582 476
584 475
586 474
587 473
589 472
591 471
592 470
594 469
596 468
598 467
600 466
602 465
604 464
606 463
608 462
610 461
612 460
614 459
616 458
618 457
620 456
622 455
624 454
626 453
628 452
630 451
632 450
634 449
636 448
638 447
640 446
642 445
644 444
646 443
648 442
650 441
652 440
654 439
656 438
658 437
661 436
663 435
665 434
667 433
669 432
672 431
674 430
676 429
679 428
681 427
684 426
686 425
688 424
691 423
693 422
696 421
698 420
701 419
704 418
707 417
709 416
712 415
715 414
718 413
721 412
724 411
727 410
730 409
733 408
736 407
739 406
742 405
745 404
749 403
752 402
756 401
759 400
763 399
767 398
770 397
774 396
778 395
781 394
785 393
789 392
793 391
796 390
800 389
804 388
807 387
811 386
815 385
819 384
823 383
827 382
831 381
835 380
839 379
843 378
847 377
851 376
856 375
860 374
864 373
869 372
873 371
878 370
882 369
887 368
892 367
897 366
902 365
907 364
912 363
917 362
922 361
927 360
933 359
938 358
944 357
950 356
955 355
961 354
967 353
973 352
980 351
986 350
992 349
998 348
1005 347
1011 346
1018 345
1024 344
1031 343
1037 342
1044 341
1051 340
1058 339
1066 338
1073 337
1081 336
1088 335
1096 334
1104 333
1114 332
1124 331
1134 330
1144 329
1155 328
1166 327
1178 326
1191 325
1205 324
1219 323
1233 322
1247 321
1262 320
1277 319
1293 318
1309 317
1326 316
1344 315
1363 314
1384 313
1405 312
1427 311
1451 310
1476 309
1499 308
1523 307
1548 306
1575 305
1605 304
1636 303
1670 302
