100
0 1 4 4
0 2 0 96
0 3 96 96
0 4 25 16
0 5 12 26
0 6 5 23
0 7 22 10
0 8 23 21
0 9 19 5
0 10 5 21
0 11 11 9
0 12 7 10
0 13 23 13
0 14 27 25
0 15 22 19
0 16 9 9
0 17 19 21
0 18 4 4
0 19 14 26
0 20 27 14
0 21 12 23
0 22 11 6
0 23 22 21
0 24 9 7
0 25 13 9
0 26 26 12
0 27 17 21
0 28 17 22
0 29 7 23
0 30 18 7
0 31 18 19
0 32 16 10
0 33 24 19
0 34 17 13
0 35 7 10
0 36 14 19
0 37 4 24
0 38 12 5
0 39 17 11
0 40 14 27
0 41 12 5
0 42 26 7
0 43 6 25
0 44 14 26
0 45 13 5
0 46 8 22
0 47 12 11
0 48 4 12
0 49 13 23
0 50 9 11
0 51 18 23
0 52 5 14
0 53 25 16
0 54 11 20
0 55 13 16
0 56 14 25
0 57 8 17
0 58 5 19
0 59 5 8
0 60 9 14
0 61 20 6
0 62 10 19
0 63 12 15
0 64 17 26
0 65 26 17
0 66 14 11
0 67 7 19
0 68 27 15
0 69 5 6
0 70 15 7
0 71 12 17
0 72 18 27
0 73 8 26
0 74 10 11
0 75 18 5
0 76 18 11
0 77 7 8
0 78 18 23
0 79 6 5
0 80 23 20
0 81 19 26
0 82 17 26
0 83 4 7
0 84 20 21
0 85 8 19
0 86 12 9
0 87 23 18
0 88 8 25
0 89 20 9
0 90 13 18
0 91 20 25
0 92 16 4
0 93 6 15
0 94 11 24
0 95 24 22
0 96 15 18
0 97 9 10
0 98 18 25
0 99 5 20
1 2 96 0
1 3 96 96
1 4 20 6
1 5 19 8
1 6 10 27
1 7 26 4
1 8 7 19
1 9 19 25
1 10 12 23
1 11 5 15
1 12 16 22
1 13 16 21
1 14 17 25
1 15 21 23
1 16 21 21
1 17 23 21
1 18 11 11
1 19 22 13
1 20 19 8
1 21 27 26
1 22 5 27
1 23 23 16
1 24 5 10
1 25 25 11
1 26 16 25
1 27 5 24
1 28 21 8
1 29 27 14
1 30 15 7
1 31 9 11
1 32 15 27
1 33 10 18
1 34 4 8
1 35 22 13
1 36 9 20
1 37 7 15
1 38 12 13
1 39 17 19
1 40 21 19
1 41 6 23
1 42 10 21
1 43 14 20
1 44 23 5
1 45 10 10
1 46 7 25
1 47 20 5
1 48 21 6
1 49 20 20
1 50 8 20
1 51 16 17
1 52 20 20
1 53 26 24
1 54 12 23
1 55 18 21
1 56 18 11
1 57 11 26
1 58 22 24
1 59 9 21
1 60 10 23
1 61 25 4
1 62 26 14
1 63 11 23
1 64 16 12
1 65 16 24
1 66 13 7
1 67 25 18
1 68 6 24
1 69 18 4
1 70 9 12
1 71 17 14
1 72 24 22
1 73 12 11
1 74 22 23
1 75 22 17
1 76 11 17
1 77 12 13
1 78 27 25
1 79 7 26
1 80 13 19
1 81 25 9
1 82 18 4
1 83 27 20
1 84 6 19
1 85 13 8
1 86 12 8
1 87 13 21
1 88 13 6
1 89 8 4
1 90 22 23
1 91 27 21
1 92 8 4
1 93 25 18
1 94 22 14
1 95 24 6
1 96 26 7
1 97 10 4
1 98 14 23
1 99 7 20
2 3 98 96
2 4 23 6
2 5 27 24
2 6 13 24
2 7 24 8
2 8 19 11
2 9 4 19
2 10 4 25
2 11 11 5
2 12 22 18
2 13 14 27
2 14 25 4
2 15 20 4
2 16 8 26
2 17 5 5
2 18 5 15
2 19 20 4
2 20 6 20
2 21 24 15
2 22 22 23
2 23 25 9
2 24 9 15
2 25 10 4
2 26 25 14
2 27 21 19
2 28 27 18
2 29 27 16
2 30 26 9
2 31 24 9
2 32 26 26
2 33 16 6
2 34 13 16
2 35 7 17
2 36 9 16
2 37 16 8
2 38 4 26
2 39 14 27
2 40 16 21
2 41 13 9
2 42 22 4
2 43 7 25
2 44 24 7
2 45 21 25
2 46 27 23
2 47 24 18
2 48 22 26
2 49 24 11
2 50 9 17
2 51 6 11
2 52 21 27
2 53 15 8
2 54 6 4
2 55 20 21
2 56 20 9
2 57 23 6
2 58 6 24
2 59 21 11
2 60 14 13
2 61 25 23
2 62 18 17
2 63 27 14
2 64 22 18
2 65 19 27
2 66 12 14
2 67 20 13
2 68 6 16
2 69 16 4
2 70 22 24
2 71 4 22
2 72 27 5
2 73 26 11
2 74 26 16
2 75 5 19
2 76 7 12
2 77 23 23
2 78 27 16
2 79 6 7
2 80 22 21
2 81 20 16
2 82 7 12
2 83 14 25
2 84 6 10
2 85 5 27
2 86 11 19
2 87 16 25
2 88 19 5
2 89 22 7
2 90 10 5
2 91 15 17
2 92 23 20
2 93 21 24
2 94 6 5
2 95 26 4
2 96 7 5
2 97 4 6
2 98 19 26
2 99 8 27
3 4 19 5
3 5 23 22
3 6 18 6
3 7 8 16
3 8 4 19
3 9 23 13
3 10 12 10
3 11 20 5
3 12 12 24
3 13 24 23
3 14 25 17
3 15 23 15
3 16 7 11
3 17 6 22
3 18 13 16
3 19 19 14
3 20 19 22
3 21 13 5
3 22 5 14
3 23 16 19
3 24 17 26
3 25 11 19
3 26 19 19
3 27 22 26
3 28 20 12
3 29 25 26
3 30 12 13
3 31 9 25
3 32 25 7
3 33 11 19
3 34 26 8
3 35 23 18
3 36 6 24
3 37 7 21
3 38 5 17
3 39 18 24
3 40 26 22
3 41 4 18
3 42 19 19
3 43 24 19
3 44 5 17
3 45 27 24
3 46 10 5
3 47 17 27
3 48 23 15
3 49 15 11
3 50 5 20
3 51 18 16
3 52 9 13
3 53 11 14
3 54 21 22
3 55 16 15
3 56 18 6
3 57 8 14
3 58 10 16
3 59 9 15
3 60 16 6
3 61 8 9
3 62 6 6
3 63 27 11
3 64 17 27
3 65 27 19
3 66 25 13
3 67 9 18
3 68 17 24
3 69 7 10
3 70 18 14
3 71 12 16
3 72 25 5
3 73 6 4
3 74 26 8
3 75 8 8
3 76 15 15
3 77 26 18
3 78 24 15
3 79 21 14
3 80 7 23
3 81 9 7
3 82 22 14
3 83 20 9
3 84 23 8
3 85 15 16
3 86 19 6
3 87 10 23
3 88 24 27
3 89 10 8
3 90 24 4
3 91 19 16
3 92 26 20
3 93 19 4
3 94 6 24
3 95 17 12
3 96 4 16
3 97 24 17
3 98 21 20
3 99 26 24
4 5 100 97
4 6 98 98
4 7 100 98
4 8 5 21
4 9 24 7
4 10 12 8
4 11 20 6
4 12 16 6
4 13 14 4
4 14 13 11
4 15 15 19
4 16 23 5
4 17 11 4
4 18 21 11
4 19 18 13
4 20 27 15
4 21 18 10
4 22 14 7
4 23 20 5
4 24 23 24
4 25 26 10
4 26 6 6
4 27 20 15
4 28 11 17
4 29 13 21
4 30 21 23
4 31 9 12
4 32 20 24
4 33 26 14
4 34 17 18
4 35 25 26
4 36 8 16
4 37 26 13
4 38 9 6
4 39 14 24
4 40 13 18
4 41 22 5
4 42 16 12
4 43 10 4
4 44 23 23
4 45 10 21
4 46 11 19
4 47 19 18
4 48 11 24
4 49 10 15
4 50 11 15
4 51 10 20
4 52 23 26
4 53 5 24
4 54 5 7
4 55 18 23
4 56 18 7
4 57 4 6
4 58 21 20
4 59 15 20
4 60 9 13
4 61 10 13
4 62 13 19
4 63 12 6
4 64 13 4
4 65 10 22
4 66 13 20
4 67 17 4
4 68 24 13
4 69 23 24
4 70 8 21
4 71 25 22
4 72 14 6
4 73 17 15
4 74 23 23
4 75 9 5
4 76 4 22
4 77 26 8
4 78 7 25
4 79 26 4
4 80 19 10
4 81 26 8
4 82 26 18
4 83 12 13
4 84 23 26
4 85 17 7
4 86 11 24
4 87 12 9
4 88 8 24
4 89 18 9
4 90 9 15
4 91 27 16
4 92 4 16
4 93 26 8
4 94 27 7
4 95 6 17
4 96 18 10
4 97 27 11
4 98 23 15
4 99 19 18
5 6 97 100
5 7 98 97
5 8 7 6
5 9 7 9
5 10 11 18
5 11 13 15
5 12 18 4
5 13 27 22
5 14 26 9
5 15 19 15
5 16 20 7
5 17 22 12
5 18 23 12
5 19 4 8
5 20 19 9
5 21 16 6
5 22 10 21
5 23 9 7
5 24 11 15
5 25 16 26
5 26 9 16
5 27 21 10
5 28 5 24
5 29 21 5
5 30 20 12
5 31 11 17
5 32 12 8
5 33 24 23
5 34 19 22
5 35 10 9
5 36 5 12
5 37 17 6
5 38 23 6
5 39 27 21
5 40 21 15
5 41 26 24
5 42 20 11
5 43 19 18
5 44 17 22
5 45 11 21
5 46 20 13
5 47 23 18
5 48 12 21
5 49 19 20
5 50 21 9
5 51 21 20
5 52 20 9
5 53 12 6
5 54 13 17
5 55 23 11
5 56 4 17
5 57 14 18
5 58 25 9
5 59 20 21
5 60 22 5
5 61 25 12
5 62 4 17
5 63 8 9
5 64 4 27
5 65 22 7
5 66 27 14
5 67 20 20
5 68 22 27
5 69 21 20
5 70 5 15
5 71 26 15
5 72 4 4
5 73 13 24
5 74 26 18
5 75 17 21
5 76 24 24
5 77 7 16
5 78 4 11
5 79 5 13
5 80 4 9
5 81 4 5
5 82 27 20
5 83 10 10
5 84 21 19
5 85 10 13
5 86 4 10
5 87 17 4
5 88 4 24
5 89 23 6
5 90 4 7
5 91 18 11
5 92 12 11
5 93 10 8
5 94 8 9
5 95 14 5
5 96 26 9
5 97 25 15
5 98 7 26
5 99 24 21
6 7 96 100
6 8 18 4
6 9 16 11
6 10 21 22
6 11 27 17
6 12 20 13
6 13 16 14
6 14 8 19
6 15 22 26
6 16 23 17
6 17 4 6
6 18 22 13
6 19 19 13
6 20 25 8
6 21 22 6
6 22 8 6
6 23 10 20
6 24 9 11
6 25 24 19
6 26 25 8
6 27 10 9
6 28 18 12
6 29 4 20
6 30 10 12
6 31 19 10
6 32 19 9
6 33 17 27
6 34 9 18
6 35 21 7
6 36 16 22
6 37 23 16
6 38 15 25
6 39 9 7
6 40 27 23
6 41 17 16
6 42 14 4
6 43 15 27
6 44 24 5
6 45 20 16
6 46 26 25
6 47 25 13
6 48 22 21
6 49 22 9
6 50 11 27
6 51 13 25
6 52 16 26
6 53 25 21
6 54 26 23
6 55 23 23
6 56 21 13
6 57 22 25
6 58 23 8
6 59 11 20
6 60 7 5
6 61 19 20
6 62 25 8
6 63 10 8
6 64 20 11
6 65 24 19
6 66 21 13
6 67 12 6
6 68 12 16
6 69 7 23
6 70 4 5
6 71 16 14
6 72 22 18
6 73 15 24
6 74 12 26
6 75 13 17
6 76 15 25
6 77 6 8
6 78 5 17
6 79 22 24
6 80 13 17
6 81 5 9
6 82 16 22
6 83 15 19
6 84 17 18
6 85 7 27
6 86 21 11
6 87 18 24
6 88 21 16
6 89 17 5
6 90 23 27
6 91 4 7
6 92 11 14
6 93 21 16
6 94 26 18
6 95 22 10
6 96 27 25
6 97 17 13
6 98 12 8
6 99 16 16
7 8 19 14
7 9 23 7
7 10 4 11
7 11 16 14
7 12 23 6
7 13 7 13
7 14 21 12
7 15 9 27
7 16 9 4
7 17 25 21
7 18 25 27
7 19 13 7
7 20 16 7
7 21 24 27
7 22 10 27
7 23 11 22
7 24 6 25
7 25 20 10
7 26 27 6
7 27 5 9
7 28 7 27
7 29 26 4
7 30 10 23
7 31 4 6
7 32 13 24
7 33 15 12
7 34 21 23
7 35 23 19
7 36 14 13
7 37 5 26
7 38 18 21
7 39 21 10
7 40 24 5
7 41 20 19
7 42 22 27
7 43 22 15
7 44 10 13
7 45 13 15
7 46 15 17
7 47 17 15
7 48 11 11
7 49 8 20
7 50 7 17
7 51 8 4
7 52 26 15
7 53 4 21
7 54 14 7
7 55 5 10
7 56 9 20
7 57 19 22
7 58 26 9
7 59 12 26
7 60 4 6
7 61 10 7
7 62 7 15
7 63 16 13
7 64 25 17
7 65 15 15
7 66 21 9
7 67 16 11
7 68 27 22
7 69 9 12
7 70 12 12
7 71 9 5
7 72 25 5
7 73 9 26
7 74 19 26
7 75 9 10
7 76 12 12
7 77 20 4
7 78 5 13
7 79 16 15
7 80 22 4
7 81 13 12
7 82 13 19
7 83 27 15
7 84 13 17
7 85 9 25
7 86 21 13
7 87 15 15
7 88 6 26
7 89 12 18
7 90 18 26
7 91 5 23
7 92 22 27
7 93 4 5
7 94 6 23
7 95 21 21
7 96 11 19
7 97 20 26
7 98 17 26
7 99 5 5
8 9 98 99
8 10 99 97
8 11 96 100
8 12 22 19
8 13 27 13
8 14 24 8
8 15 16 14
8 16 14 18
8 17 27 13
8 18 19 22
8 19 8 21
8 20 26 10
8 21 27 14
8 22 9 23
8 23 23 24
8 24 22 18
8 25 17 22
8 26 26 25
8 27 13 9
8 28 6 26
8 29 20 21
8 30 9 16
8 31 14 12
8 32 21 12
8 33 10 20
8 34 25 14
8 35 9 21
8 36 25 11
8 37 23 7
8 38 22 22
8 39 27 18
8 40 5 21
8 41 25 5
8 42 4 15
8 43 5 27
8 44 8 4
8 45 20 16
8 46 10 22
8 47 10 4
8 48 21 27
8 49 8 15
8 50 20 16
8 51 24 20
8 52 26 6
8 53 12 19
8 54 6 12
8 55 8 9
8 56 17 11
8 57 18 21
8 58 17 13
8 59 16 12
8 60 4 9
8 61 13 6
8 62 23 14
8 63 22 7
8 64 16 10
8 65 10 26
8 66 20 13
8 67 7 22
8 68 22 9
8 69 10 5
8 70 7 17
8 71 26 26
8 72 18 13
8 73 11 18
8 74 15 20
8 75 21 18
8 76 27 15
8 77 24 20
8 78 5 25
8 79 7 4
8 80 16 11
8 81 18 25
8 82 6 7
8 83 22 27
8 84 10 10
8 85 21 20
8 86 9 12
8 87 4 13
8 88 20 8
8 89 20 21
8 90 6 21
8 91 8 22
8 92 16 11
8 93 10 24
8 94 10 8
8 95 4 26
8 96 27 12
8 97 22 6
8 98 16 9
8 99 9 26
9 10 97 96
9 11 99 97
9 12 27 4
9 13 24 12
9 14 14 22
9 15 23 15
9 16 14 11
9 17 4 4
9 18 12 13
9 19 19 14
9 20 9 9
9 21 26 14
9 22 10 16
9 23 15 6
9 24 26 17
9 25 9 15
9 26 6 12
9 27 14 21
9 28 24 10
9 29 12 6
9 30 25 17
9 31 22 25
9 32 20 26
9 33 21 17
9 34 4 24
9 35 12 14
9 36 14 26
9 37 21 11
9 38 14 21
9 39 27 4
9 40 15 12
9 41 6 10
9 42 9 13
9 43 21 21
9 44 6 20
9 45 12 23
9 46 18 9
9 47 14 11
9 48 24 11
9 49 24 21
9 50 13 18
9 51 16 16
9 52 22 18
9 53 22 18
9 54 24 22
9 55 5 19
9 56 26 13
9 57 16 20
9 58 4 25
9 59 27 12
9 60 24 24
9 61 21 7
9 62 20 5
9 63 25 5
9 64 4 15
9 65 14 25
9 66 27 5
9 67 24 13
9 68 13 10
9 69 10 10
9 70 9 22
9 71 10 21
9 72 14 20
9 73 9 26
9 74 4 23
9 75 22 8
9 76 13 20
9 77 8 8
9 78 13 24
9 79 24 8
9 80 12 6
9 81 5 15
9 82 4 11
9 83 15 18
9 84 21 20
9 85 25 4
9 86 9 24
9 87 21 16
9 88 9 23
9 89 20 16
9 90 7 10
9 91 23 13
9 92 18 4
9 93 7 11
9 94 12 17
9 95 13 19
9 96 22 18
9 97 18 20
9 98 22 22
9 99 23 25
10 11 99 96
10 12 5 13
10 13 25 27
10 14 15 26
10 15 6 8
10 16 22 12
10 17 27 4
10 18 24 23
10 19 4 5
10 20 22 4
10 21 5 27
10 22 17 27
10 23 12 8
10 24 13 22
10 25 21 18
10 26 14 6
10 27 9 23
10 28 24 19
10 29 12 22
10 30 6 21
10 31 16 20
10 32 21 22
10 33 4 14
10 34 10 22
10 35 5 25
10 36 21 27
10 37 27 18
10 38 16 23
10 39 11 7
10 40 5 27
10 41 19 8
10 42 9 6
10 43 14 8
10 44 6 24
10 45 23 25
10 46 6 15
10 47 6 4
10 48 9 22
10 49 25 19
10 50 4 20
10 51 17 19
10 52 20 4
10 53 25 16
10 54 20 27
10 55 20 5
10 56 9 6
10 57 23 23
10 58 15 17
10 59 12 21
10 60 7 7
10 61 26 16
10 62 23 22
10 63 16 6
10 64 19 6
10 65 15 24
10 66 16 18
10 67 5 12
10 68 20 17
10 69 23 11
10 70 18 11
10 71 15 15
10 72 18 21
10 73 18 16
10 74 26 20
10 75 4 24
10 76 23 18
10 77 5 23
10 78 21 18
10 79 20 15
10 80 27 7
10 81 9 23
10 82 20 23
10 83 9 23
10 84 5 7
10 85 18 19
10 86 9 7
10 87 7 8
10 88 11 19
10 89 4 21
10 90 24 16
10 91 9 20
10 92 16 5
10 93 18 18
10 94 5 4
10 95 16 5
10 96 13 13
10 97 13 20
10 98 12 22
10 99 24 9
11 12 11 10
11 13 27 20
11 14 25 6
11 15 13 21
11 16 12 25
11 17 19 17
11 18 8 4
11 19 4 19
11 20 7 14
11 21 14 8
11 22 4 8
11 23 17 5
11 24 15 4
11 25 20 27
11 26 8 19
11 27 21 11
11 28 12 11
11 29 24 5
11 30 6 17
11 31 21 22
11 32 9 5
11 33 6 20
11 34 9 7
11 35 27 12
11 36 12 15
11 37 15 7
11 38 19 18
11 39 5 8
11 40 23 26
11 41 27 11
11 42 27 17
11 43 24 8
11 44 27 4
11 45 6 25
11 46 9 22
11 47 22 22
11 48 19 27
11 49 13 10
11 50 25 9
11 51 9 11
11 52 4 20
11 53 14 20
11 54 18 23
11 55 23 19
11 56 9 7
11 57 19 10
11 58 24 17
11 59 21 20
11 60 22 10
11 61 21 6
11 62 20 17
11 63 9 14
11 64 11 21
11 65 21 18
11 66 20 24
11 67 27 20
11 68 4 6
11 69 19 20
11 70 7 26
11 71 19 22
11 72 17 26
11 73 7 9
11 74 15 6
11 75 15 21
11 76 5 5
11 77 22 7
11 78 8 21
11 79 11 6
11 80 15 11
11 81 18 23
11 82 23 24
11 83 13 11
11 84 23 16
11 85 18 16
11 86 16 16
11 87 19 7
11 88 5 12
11 89 11 13
11 90 14 26
11 91 24 22
11 92 9 7
11 93 6 10
11 94 6 21
11 95 24 18
11 96 26 23
11 97 5 16
11 98 11 15
11 99 16 23
12 13 99 100
12 14 100 96
12 15 97 96
12 16 19 9
12 17 22 26
12 18 10 7
12 19 18 13
12 20 24 22
12 21 19 13
12 22 4 16
12 23 26 10
12 24 11 18
12 25 23 5
12 26 6 10
12 27 9 23
12 28 20 14
12 29 13 9
12 30 6 15
12 31 11 9
12 32 10 22
12 33 9 4
12 34 7 20
12 35 22 8
12 36 25 25
12 37 12 20
12 38 19 16
12 39 7 19
12 40 8 4
12 41 6 4
12 42 13 5
12 43 24 15
12 44 5 27
12 45 11 26
12 46 21 13
12 47 20 7
12 48 26 9
12 49 16 24
12 50 24 7
12 51 15 20
12 52 11 11
12 53 15 26
12 54 25 11
12 55 10 15
12 56 7 14
12 57 7 8
12 58 14 21
12 59 19 6
12 60 8 27
12 61 8 24
12 62 17 24
12 63 7 17
12 64 13 20
12 65 9 16
12 66 22 5
12 67 8 26
12 68 22 6
12 69 21 7
12 70 23 20
12 71 7 18
12 72 23 6
12 73 19 17
12 74 25 21
12 75 13 14
12 76 8 15
12 77 24 19
12 78 4 15
12 79 15 9
12 80 8 19
12 81 21 12
12 82 18 25
12 83 22 7
12 84 6 20
12 85 19 11
12 86 9 27
12 87 6 4
12 88 4 18
12 89 8 14
12 90 25 11
12 91 12 21
12 92 25 16
12 93 25 4
12 94 24 23
12 95 13 22
12 96 15 24
12 97 17 15
12 98 27 6
12 99 4 24
13 14 96 97
13 15 98 96
13 16 27 10
13 17 26 24
13 18 17 23
13 19 10 8
13 20 12 15
13 21 6 26
13 22 13 11
13 23 22 13
13 24 5 5
13 25 26 11
13 26 23 19
13 27 4 13
13 28 7 4
13 29 23 27
13 30 14 20
13 31 5 14
13 32 13 16
13 33 12 16
13 34 5 20
13 35 26 17
13 36 20 13
13 37 14 24
13 38 18 27
13 39 9 26
13 40 18 17
13 41 11 11
13 42 22 27
13 43 14 8
13 44 16 12
13 45 26 8
13 46 17 12
13 47 21 15
13 48 23 14
13 49 6 19
13 50 6 26
13 51 24 17
13 52 27 6
13 53 21 23
13 54 17 25
13 55 7 11
13 56 26 25
13 57 19 19
13 58 23 27
13 59 17 4
13 60 16 23
13 61 14 8
13 62 26 11
13 63 7 20
13 64 10 25
13 65 26 16
13 66 16 12
13 67 5 23
13 68 11 25
13 69 5 16
13 70 11 22
13 71 18 12
13 72 9 10
13 73 27 17
13 74 25 14
13 75 11 9
13 76 15 19
13 77 24 17
13 78 7 4
13 79 24 26
13 80 10 15
13 81 24 5
13 82 15 8
13 83 25 17
13 84 19 8
13 85 24 14
13 86 11 24
13 87 24 4
13 88 21 7
13 89 18 9
13 90 14 15
13 91 18 11
13 92 27 25
13 93 13 13
13 94 15 18
13 95 6 6
13 96 6 8
13 97 26 5
13 98 12 18
13 99 12 25
14 15 98 99
14 16 26 22
14 17 11 13
14 18 24 11
14 19 7 13
14 20 13 8
14 21 17 6
14 22 27 18
14 23 25 14
14 24 20 22
14 25 7 23
14 26 13 23
14 27 24 8
14 28 23 7
14 29 22 12
14 30 22 19
14 31 5 7
14 32 8 15
14 33 7 17
14 34 20 19
14 35 20 15
14 36 20 21
14 37 18 16
14 38 21 20
14 39 9 7
14 40 16 25
14 41 15 21
14 42 12 21
14 43 17 5
14 44 21 21
14 45 17 9
14 46 21 10
14 47 12 7
14 48 22 14
14 49 23 19
14 50 11 9
14 51 24 13
14 52 25 11
14 53 7 12
14 54 5 5
14 55 25 11
14 56 22 13
14 57 13 23
14 58 18 8
14 59 8 8
14 60 24 20
14 61 19 23
14 62 24 4
14 63 5 18
14 64 24 10
14 65 22 17
14 66 12 16
14 67 4 16
14 68 10 14
14 69 18 24
14 70 21 13
14 71 10 15
14 72 25 17
14 73 17 21
14 74 7 17
14 75 4 25
14 76 23 22
14 77 18 6
14 78 8 27
14 79 17 9
14 80 17 7
14 81 18 18
14 82 16 4
14 83 15 10
14 84 14 14
14 85 19 22
14 86 18 19
14 87 14 26
14 88 20 15
14 89 26 16
14 90 26 27
14 91 14 21
14 92 19 17
14 93 21 19
14 94 27 19
14 95 10 26
14 96 14 21
14 97 24 13
14 98 25 15
14 99 4 26
15 16 16 23
15 17 25 22
15 18 8 4
15 19 27 20
15 20 27 11
15 21 26 26
15 22 21 19
15 23 9 25
15 24 6 10
15 25 12 17
15 26 23 19
15 27 10 25
15 28 12 21
15 29 8 9
15 30 17 18
15 31 21 20
15 32 14 21
15 33 6 6
15 34 9 24
15 35 15 8
15 36 17 13
15 37 8 20
15 38 5 15
15 39 5 13
15 40 15 16
15 41 10 6
15 42 21 9
15 43 20 26
15 44 19 20
15 45 11 4
15 46 5 24
15 47 25 16
15 48 22 16
15 49 6 20
15 50 8 23
15 51 14 27
15 52 22 18
15 53 10 21
15 54 14 20
15 55 26 7
15 56 19 10
15 57 20 17
15 58 15 25
15 59 10 12
15 60 18 9
15 61 13 20
15 62 11 11
15 63 6 26
15 64 9 25
15 65 12 11
15 66 7 10
15 67 13 16
15 68 19 20
15 69 6 15
15 70 12 7
15 71 10 8
15 72 18 8
15 73 15 27
15 74 24 4
15 75 19 21
15 76 21 25
15 77 25 21
15 78 13 25
15 79 5 18
15 80 24 24
15 81 25 15
15 82 20 20
15 83 27 19
15 84 21 21
15 85 24 27
15 86 19 12
15 87 8 9
15 88 16 4
15 89 13 5
15 90 16 15
15 91 13 20
15 92 24 10
15 93 9 7
15 94 8 13
15 95 16 27
15 96 22 13
15 97 26 11
15 98 8 10
15 99 24 6
16 17 99 98
16 18 98 96
16 19 99 100
16 20 9 12
16 21 11 4
16 22 25 4
16 23 26 9
16 24 18 11
16 25 12 16
16 26 16 24
16 27 4 25
16 28 7 26
16 29 12 16
16 30 5 26
16 31 6 11
16 32 7 14
16 33 15 5
16 34 27 10
16 35 16 5
16 36 7 25
16 37 16 24
16 38 17 13
16 39 7 9
16 40 17 9
16 41 27 21
16 42 24 23
16 43 24 9
16 44 6 11
16 45 25 18
16 46 12 19
16 47 6 7
16 48 9 4
16 49 21 26
16 50 20 26
16 51 13 18
16 52 14 7
16 53 14 20
16 54 11 24
16 55 11 10
16 56 19 5
16 57 10 14
16 58 25 13
16 59 14 14
16 60 18 7
16 61 8 11
16 62 19 5
16 63 7 14
16 64 13 10
16 65 6 16
16 66 16 16
16 67 19 10
16 68 12 21
16 69 21 6
16 70 5 25
16 71 15 10
16 72 15 10
16 73 25 18
16 74 20 26
16 75 22 13
16 76 16 12
16 77 20 8
16 78 18 22
16 79 5 25
16 80 24 17
16 81 7 9
16 82 6 14
16 83 19 16
16 84 11 11
16 85 20 25
16 86 8 13
16 87 8 19
16 88 23 4
16 89 13 6
16 90 12 27
16 91 5 8
16 92 9 10
16 93 14 13
16 94 19 10
16 95 18 5
16 96 16 21
16 97 27 15
16 98 22 23
16 99 23 23
17 18 97 98
17 19 97 99
17 20 14 11
17 21 4 5
17 22 15 19
17 23 8 10
17 24 23 27
17 25 21 20
17 26 20 23
17 27 21 15
17 28 16 4
17 29 21 4
17 30 17 16
17 31 8 7
17 32 20 12
17 33 9 11
17 34 19 22
17 35 4 14
17 36 13 19
17 37 6 21
17 38 10 22
17 39 13 19
17 40 25 6
17 41 20 16
17 42 24 27
17 43 4 9
17 44 11 17
17 45 17 25
17 46 11 25
17 47 7 20
17 48 12 17
17 49 11 19
17 50 22 16
17 51 19 12
17 52 13 12
17 53 19 22
17 54 20 21
17 55 24 18
17 56 12 20
17 57 4 6
17 58 6 20
17 59 5 16
17 60 20 24
17 61 26 15
17 62 26 13
17 63 20 7
17 64 23 17
17 65 4 9
17 66 20 19
17 67 24 11
17 68 15 15
17 69 10 21
17 70 24 7
17 71 27 9
17 72 18 15
17 73 23 6
17 74 11 23
17 75 9 14
17 76 16 14
17 77 11 13
17 78 17 5
17 79 17 12
17 80 20 5
17 81 5 23
17 82 22 19
17 83 16 4
17 84 27 21
17 85 10 20
17 86 21 13
17 87 17 15
17 88 4 21
17 89 15 7
17 90 5 18
17 91 15 5
17 92 13 24
17 93 16 5
17 94 23 24
17 95 5 20
17 96 4 17
17 97 14 17
17 98 21 23
17 99 5 19
18 19 98 99
18 20 22 21
18 21 17 16
18 22 24 4
18 23 8 10
18 24 7 22
18 25 21 27
18 26 11 11
18 27 8 16
18 28 13 5
18 29 18 12
18 30 11 19
18 31 17 20
18 32 4 27
18 33 25 15
18 34 5 27
18 35 13 4
18 36 17 7
18 37 20 20
18 38 18 5
18 39 12 26
18 40 24 15
18 41 7 12
18 42 17 10
18 43 17 5
18 44 7 20
18 45 6 4
18 46 4 16
18 47 24 24
18 48 4 7
18 49 14 24
18 50 13 6
18 51 21 17
18 52 15 4
18 53 22 25
18 54 20 22
18 55 10 4
18 56 16 21
18 57 13 7
18 58 26 26
18 59 4 22
18 60 21 9
18 61 15 9
18 62 26 20
18 63 11 5
18 64 24 18
18 65 10 26
18 66 6 4
18 67 17 10
18 68 11 5
18 69 22 20
18 70 20 6
18 71 24 21
18 72 7 10
18 73 21 23
18 74 15 18
18 75 17 27
18 76 12 10
18 77 22 5
18 78 11 24
18 79 25 6
18 80 9 14
18 81 27 27
18 82 16 12
18 83 20 16
18 84 7 19
18 85 14 20
18 86 10 7
18 87 20 15
18 88 5 11
18 89 17 20
18 90 7 23
18 91 15 20
18 92 16 22
18 93 19 17
18 94 15 9
18 95 27 10
18 96 23 14
18 97 9 22
18 98 23 21
18 99 25 19
19 20 25 27
19 21 4 5
19 22 22 9
19 23 8 8
19 24 17 26
19 25 7 16
19 26 12 12
19 27 13 10
19 28 17 15
19 29 7 20
19 30 14 8
19 31 5 15
19 32 5 16
19 33 14 20
19 34 20 19
19 35 4 15
19 36 10 4
19 37 9 19
19 38 15 8
19 39 14 10
19 40 18 8
19 41 20 13
19 42 22 14
19 43 16 13
19 44 8 26
19 45 23 9
19 46 25 24
19 47 25 11
19 48 14 22
19 49 9 16
19 50 27 24
19 51 25 8
19 52 14 18
19 53 24 5
19 54 20 13
19 55 13 8
19 56 5 21
19 57 17 22
19 58 10 22
19 59 23 20
19 60 14 27
19 61 10 27
19 62 15 11
19 63 26 7
19 64 20 5
19 65 27 15
19 66 8 24
19 67 8 23
19 68 17 27
19 69 23 14
19 70 9 18
19 71 14 8
19 72 22 8
19 73 14 17
19 74 23 4
19 75 11 26
19 76 22 7
19 77 14 7
19 78 8 7
19 79 6 11
19 80 9 8
19 81 23 12
19 82 24 12
19 83 24 17
19 84 26 19
19 85 26 16
19 86 21 23
19 87 27 23
19 88 27 9
19 89 14 19
19 90 23 11
19 91 14 14
19 92 10 6
19 93 9 16
19 94 26 27
19 95 5 21
19 96 7 15
19 97 9 20
19 98 20 12
19 99 6 14
20 21 100 97
20 22 99 96
20 23 97 96
20 24 5 23
20 25 15 27
20 26 8 12
20 27 14 24
20 28 13 12
20 29 8 13
20 30 10 5
20 31 24 15
20 32 10 12
20 33 21 8
20 34 10 24
20 35 8 8
20 36 26 12
20 37 9 26
20 38 8 24
20 39 8 16
20 40 7 26
20 41 11 5
20 42 24 27
20 43 17 6
20 44 25 6
20 45 6 14
20 46 21 19
20 47 26 15
20 48 8 13
20 49 12 10
20 50 15 21
20 51 6 15
20 52 26 6
20 53 25 25
20 54 7 22
20 55 15 9
20 56 25 17
20 57 23 14
20 58 9 4
20 59 9 9
20 60 16 26
20 61 13 20
20 62 25 8
20 63 21 25
20 64 18 18
20 65 16 18
20 66 15 25
20 67 8 12
20 68 6 9
20 69 14 22
20 70 13 19
20 71 19 16
20 72 8 4
20 73 22 22
20 74 9 24
20 75 8 17
20 76 20 15
20 77 26 6
20 78 4 12
20 79 10 8
20 80 26 17
20 81 14 10
20 82 20 18
20 83 18 13
20 84 17 8
20 85 9 19
20 86 24 23
20 87 26 11
20 88 4 13
20 89 5 11
20 90 11 13
20 91 17 16
20 92 14 5
20 93 23 11
20 94 15 8
20 95 16 5
20 96 15 7
20 97 21 10
20 98 27 18
20 99 19 14
21 22 96 96
21 23 96 99
21 24 7 5
21 25 4 7
21 26 11 9
21 27 15 11
21 28 26 21
21 29 6 27
21 30 11 22
21 31 26 5
21 32 20 24
21 33 16 14
21 34 27 13
21 35 4 19
21 36 24 14
21 37 11 15
21 38 18 9
21 39 23 12
21 40 7 5
21 41 12 18
21 42 22 11
21 43 20 10
21 44 21 19
21 45 7 25
21 46 17 15
21 47 17 20
21 48 6 13
21 49 7 20
21 50 13 6
21 51 19 15
21 52 27 14
21 53 24 21
21 54 4 15
21 55 9 24
21 56 8 26
21 57 18 17
21 58 21 22
21 59 23 6
21 60 4 5
21 61 4 12
21 62 12 14
21 63 20 26
21 64 24 9
21 65 21 5
21 66 13 12
21 67 6 18
21 68 15 19
21 69 4 27
21 70 14 9
21 71 25 20
21 72 4 22
21 73 27 6
21 74 7 24
21 75 21 6
21 76 11 25
21 77 23 16
21 78 21 8
21 79 15 23
21 80 21 26
21 81 10 4
21 82 15 8
21 83 12 14
21 84 6 5
21 85 13 13
21 86 23 7
21 87 15 13
21 88 22 23
21 89 25 15
21 90 5 6
21 91 24 10
21 92 27 6
21 93 17 26
21 94 18 19
21 95 27 25
21 96 17 25
21 97 11 26
21 98 11 22
21 99 20 26
22 23 100 97
22 24 4 25
22 25 19 27
22 26 15 12
22 27 6 19
22 28 16 16
22 29 16 6
22 30 20 19
22 31 12 13
22 32 10 7
22 33 10 11
22 34 17 16
22 35 14 10
22 36 22 10
22 37 19 14
22 38 23 8
22 39 25 17
22 40 20 22
22 41 19 19
22 42 12 19
22 43 20 25
22 44 25 9
22 45 14 17
22 46 22 26
22 47 6 4
22 48 4 26
22 49 16 17
22 50 11 11
22 51 25 10
22 52 11 11
22 53 6 14
22 54 22 14
22 55 13 23
22 56 18 10
22 57 12 21
22 58 5 16
22 59 4 23
22 60 25 23
22 61 25 7
22 62 25 17
22 63 18 27
22 64 7 23
22 65 11 12
22 66 11 18
22 67 17 25
22 68 20 15
22 69 5 22
22 70 15 7
22 71 27 4
22 72 26 23
22 73 10 13
22 74 13 22
22 75 13 14
22 76 17 23
22 77 19 11
22 78 9 18
22 79 27 25
22 80 22 4
22 81 9 5
22 82 10 24
22 83 20 17
22 84 7 15
22 85 4 10
22 86 22 22
22 87 14 4
22 88 19 17
22 89 10 14
22 90 26 4
22 91 26 24
22 92 23 20
22 93 14 24
22 94 27 9
22 95 19 18
22 96 24 15
22 97 17 27
22 98 12 25
22 99 7 12
23 24 22 27
23 25 4 20
23 26 9 19
23 27 19 9
23 28 26 25
23 29 6 6
23 30 22 16
23 31 19 15
23 32 7 14
23 33 26 10
23 34 19 15
23 35 20 8
23 36 7 7
23 37 13 10
23 38 10 6
23 39 27 7
23 40 11 19
23 41 15 18
23 42 12 18
23 43 24 23
23 44 17 9
23 45 17 13
23 46 27 4
23 47 14 27
23 48 18 5
23 49 21 24
23 50 7 27
23 51 25 23
23 52 21 17
23 53 4 23
23 54 26 8
23 55 20 5
23 56 25 16
23 57 6 12
23 58 5 22
23 59 8 26
23 60 18 22
23 61 13 22
23 62 27 8
23 63 12 5
23 64 16 14
23 65 7 13
23 66 21 21
23 67 12 21
23 68 5 16
23 69 26 11
23 70 14 5
23 71 21 4
23 72 8 8
23 73 14 9
23 74 21 21
23 75 12 16
23 76 15 8
23 77 22 23
23 78 23 22
23 79 20 7
23 80 5 6
23 81 13 7
23 82 27 22
23 83 22 23
23 84 12 23
23 85 15 5
23 86 5 25
23 87 5 14
23 88 21 21
23 89 25 6
23 90 4 7
23 91 18 24
23 92 16 10
23 93 6 9
23 94 9 24
23 95 5 26
23 96 21 8
23 97 5 13
23 98 11 27
23 99 19 8
24 25 99 98
24 26 96 98
24 27 98 100
24 28 23 7
24 29 25 14
24 30 7 5
24 31 24 7
24 32 21 14
24 33 4 9
24 34 15 7
24 35 4 20
24 36 10 19
24 37 25 6
24 38 9 9
24 39 20 5
24 40 24 26
24 41 21 7
24 42 9 8
24 43 9 5
24 44 8 17
24 45 14 8
24 46 6 14
24 47 11 27
24 48 23 14
24 49 18 11
24 50 26 27
24 51 7 7
24 52 20 13
24 53 23 27
24 54 7 6
24 55 14 24
24 56 13 20
24 57 9 20
24 58 4 14
24 59 6 4
24 60 7 9
24 61 8 11
24 62 18 21
24 63 22 18
24 64 21 19
24 65 12 12
24 66 15 16
24 67 25 18
24 68 26 14
24 69 22 16
24 70 13 23
24 71 13 10
24 72 10 13
24 73 27 12
24 74 19 9
24 75 25 23
24 76 23 5
24 77 7 18
24 78 20 8
24 79 12 18
24 80 24 24
24 81 24 12
24 82 10 27
24 83 26 22
24 84 16 11
24 85 18 5
24 86 10 9
24 87 5 6
24 88 25 27
24 89 8 6
24 90 26 7
24 91 27 7
24 92 8 10
24 93 19 23
24 94 6 24
24 95 23 24
24 96 24 4
24 97 5 22
24 98 25 18
24 99 7 21
25 26 97 99
25 27 99 98
25 28 15 22
25 29 12 8
25 30 17 7
25 31 10 10
25 32 15 14
25 33 17 5
25 34 14 11
25 35 27 24
25 36 10 21
25 37 21 18
25 38 22 25
25 39 23 27
25 40 21 14
25 41 16 14
25 42 6 27
25 43 21 9
25 44 7 15
25 45 22 17
25 46 26 16
25 47 18 23
25 48 16 9
25 49 21 6
25 50 9 21
25 51 7 23
25 52 25 6
25 53 13 18
25 54 7 4
25 55 14 8
25 56 18 7
25 57 26 17
25 58 14 12
25 59 14 20
25 60 16 23
25 61 6 8
25 62 13 4
25 63 15 10
25 64 10 21
25 65 25 27
25 66 6 22
25 67 12 24
25 68 7 6
25 69 25 8
25 70 13 9
25 71 26 9
25 72 17 18
25 73 26 16
25 74 5 26
25 75 22 15
25 76 21 12
25 77 23 11
25 78 23 23
25 79 12 5
25 80 24 11
25 81 22 8
25 82 20 20
25 83 22 10
25 84 24 9
25 85 14 21
25 86 4 17
25 87 8 27
25 88 14 19
25 89 15 6
25 90 15 27
25 91 16 14
25 92 7 17
25 93 17 21
25 94 16 17
25 95 12 17
25 96 12 8
25 97 5 12
25 98 14 9
25 99 5 11
26 27 100 100
26 28 12 23
26 29 9 18
26 30 5 6
26 31 11 22
26 32 4 26
26 33 16 11
26 34 16 9
26 35 25 12
26 36 17 15
26 37 24 20
26 38 19 15
26 39 15 17
26 40 5 13
26 41 24 6
26 42 15 20
26 43 6 25
26 44 13 21
26 45 5 27
26 46 8 19
26 47 20 14
26 48 26 9
26 49 25 24
26 50 5 9
26 51 25 27
26 52 13 5
26 53 6 13
26 54 23 10
26 55 8 5
26 56 22 11
26 57 19 9
26 58 7 10
26 59 4 11
26 60 18 25
26 61 27 27
26 62 11 4
26 63 23 7
26 64 13 24
26 65 16 16
26 66 18 4
26 67 26 15
26 68 22 18
26 69 26 8
26 70 26 25
26 71 12 7
26 72 9 9
26 73 26 20
26 74 10 12
26 75 11 6
26 76 5 11
26 77 8 9
26 78 14 8
26 79 23 7
26 80 17 8
26 81 11 13
26 82 16 9
26 83 14 8
26 84 6 18
26 85 11 20
26 86 12 19
26 87 13 6
26 88 21 16
26 89 25 8
26 90 5 9
26 91 18 6
26 92 24 21
26 93 18 10
26 94 16 21
26 95 14 9
26 96 14 23
26 97 7 21
26 98 6 21
26 99 7 16
27 28 11 13
27 29 22 12
27 30 8 12
27 31 6 8
27 32 23 20
27 33 25 25
27 34 12 5
27 35 10 15
27 36 13 20
27 37 22 23
27 38 17 27
27 39 9 14
27 40 8 26
27 41 26 20
27 42 23 11
27 43 18 11
27 44 21 13
27 45 9 26
27 46 22 5
27 47 13 11
27 48 11 18
27 49 5 17
27 50 19 15
27 51 23 12
27 52 24 9
27 53 11 5
27 54 24 6
27 55 13 5
27 56 18 22
27 57 20 24
27 58 19 6
27 59 11 27
27 60 9 20
27 61 7 23
27 62 22 4
27 63 26 4
27 64 13 20
27 65 5 23
27 66 20 6
27 67 27 26
27 68 16 18
27 69 25 13
27 70 10 17
27 71 7 12
27 72 4 8
27 73 20 20
27 74 26 5
27 75 21 20
27 76 22 27
27 77 15 23
27 78 8 4
27 79 21 21
27 80 20 18
27 81 21 23
27 82 21 7
27 83 10 6
27 84 16 24
27 85 18 7
27 86 15 24
27 87 11 12
27 88 11 16
27 89 13 12
27 90 9 26
27 91 24 26
27 92 5 11
27 93 6 27
27 94 9 14
27 95 12 22
27 96 8 22
27 97 18 11
27 98 24 17
27 99 24 20
28 29 96 97
28 30 98 98
28 31 100 99
28 32 13 24
28 33 22 10
28 34 9 10
28 35 10 19
28 36 18 15
28 37 27 10
28 38 17 11
28 39 8 9
28 40 13 19
28 41 22 18
28 42 16 21
28 43 11 19
28 44 24 13
28 45 26 11
28 46 8 24
28 47 11 8
28 48 20 12
28 49 15 7
28 50 11 18
28 51 4 4
28 52 12 16
28 53 17 22
28 54 10 4
28 55 8 14
28 56 13 26
28 57 18 22
28 58 15 23
28 59 20 23
28 60 12 26
28 61 19 7
28 62 22 7
28 63 15 21
28 64 4 20
28 65 12 9
28 66 17 6
28 67 26 19
28 68 8 21
28 69 13 19
28 70 15 11
28 71 20 18
28 72 18 20
28 73 22 20
28 74 17 15
28 75 8 16
28 76 14 17
28 77 19 15
28 78 18 5
28 79 22 16
28 80 27 8
28 81 13 4
28 82 27 18
28 83 14 16
28 84 17 25
28 85 11 16
28 86 17 15
28 87 14 11
28 88 12 15
28 89 20 22
28 90 25 23
28 91 19 9
28 92 10 14
28 93 22 4
28 94 10 15
28 95 11 22
28 96 17 26
28 97 20 20
28 98 4 12
28 99 6 10
29 30 96 97
29 31 99 100
29 32 20 13
29 33 13 7
29 34 25 21
29 35 12 24
29 36 20 25
29 37 25 14
29 38 19 4
29 39 10 25
29 40 22 26
29 41 19 7
29 42 25 18
29 43 8 21
29 44 26 23
29 45 10 25
29 46 14 16
29 47 7 6
29 48 25 23
29 49 20 10
29 50 22 8
29 51 26 4
29 52 20 25
29 53 16 18
29 54 20 17
29 55 5 26
29 56 10 15
29 57 23 22
29 58 7 27
29 59 21 6
29 60 5 10
29 61 13 27
29 62 8 9
29 63 4 8
29 64 8 15
29 65 10 21
29 66 10 27
29 67 22 14
29 68 26 4
29 69 25 7
29 70 13 8
29 71 19 9
29 72 11 12
29 73 10 6
29 74 20 4
29 75 18 11
29 76 21 21
29 77 20 24
29 78 13 9
29 79 20 19
29 80 18 26
29 81 11 17
29 82 6 27
29 83 20 17
29 84 4 17
29 85 9 25
29 86 19 5
29 87 6 16
29 88 19 25
29 89 26 27
29 90 8 7
29 91 12 24
29 92 24 13
29 93 24 7
29 94 19 4
29 95 13 23
29 96 4 23
29 97 12 15
29 98 27 24
29 99 19 12
30 31 98 99
30 32 11 15
30 33 24 13
30 34 21 24
30 35 23 8
30 36 16 21
30 37 12 22
30 38 19 9
30 39 20 6
30 40 5 13
30 41 4 25
30 42 5 25
30 43 8 20
30 44 19 17
30 45 9 12
30 46 23 19
30 47 15 15
30 48 4 25
30 49 14 14
30 50 5 15
30 51 11 9
30 52 9 26
30 53 24 14
30 54 7 19
30 55 20 27
30 56 27 22
30 57 15 5
30 58 18 6
30 59 21 10
30 60 4 18
30 61 25 10
30 62 13 23
30 63 8 9
30 64 23 26
30 65 17 20
30 66 17 4
30 67 4 9
30 68 15 19
30 69 22 5
30 70 20 12
30 71 12 26
30 72 24 23
30 73 18 24
30 74 14 7
30 75 21 24
30 76 13 15
30 77 14 16
30 78 22 19
30 79 5 23
30 80 6 23
30 81 12 14
30 82 23 4
30 83 26 7
30 84 6 10
30 85 10 25
30 86 20 6
30 87 26 18
30 88 27 23
30 89 18 16
30 90 4 11
30 91 12 12
30 92 20 4
30 93 11 9
30 94 19 17
30 95 6 15
30 96 14 14
30 97 8 21
30 98 13 5
30 99 25 22
31 32 19 8
31 33 13 9
31 34 4 4
31 35 15 15
31 36 24 5
31 37 5 16
31 38 10 20
31 39 19 26
31 40 11 13
31 41 20 24
31 42 9 5
31 43 20 15
31 44 14 10
31 45 14 6
31 46 9 4
31 47 20 24
31 48 19 7
31 49 18 25
31 50 11 9
31 51 8 21
31 52 18 13
31 53 19 7
31 54 25 10
31 55 25 26
31 56 27 8
31 57 24 20
31 58 10 14
31 59 22 23
31 60 12 18
31 61 6 26
31 62 4 21
31 63 5 18
31 64 11 14
31 65 13 13
31 66 19 5
31 67 18 7
31 68 4 16
31 69 15 23
31 70 23 6
31 71 26 27
31 72 5 21
31 73 8 22
31 74 16 16
31 75 4 24
31 76 27 26
31 77 10 20
31 78 5 15
31 79 16 18
31 80 23 9
31 81 19 19
31 82 27 25
31 83 9 24
31 84 24 10
31 85 10 6
31 86 27 23
31 87 10 8
31 88 5 12
31 89 7 15
31 90 15 27
31 91 24 23
31 92 11 18
31 93 12 18
31 94 16 16
31 95 15 20
31 96 16 24
31 97 22 4
31 98 22 5
31 99 7 6
32 33 99 97
32 34 100 99
32 35 97 100
32 36 18 21
32 37 16 26
32 38 10 4
32 39 17 17
32 40 26 16
32 41 8 24
32 42 13 18
32 43 21 21
32 44 18 16
32 45 6 7
32 46 22 20
32 47 15 15
32 48 5 22
32 49 24 25
32 50 19 12
32 51 19 21
32 52 11 27
32 53 17 6
32 54 19 16
32 55 20 7
32 56 22 27
32 57 26 8
32 58 27 26
32 59 8 21
32 60 20 23
32 61 25 26
32 62 14 18
32 63 23 12
32 64 19 23
32 65 20 18
32 66 22 12
32 67 11 24
32 68 21 10
32 69 19 26
32 70 6 23
32 71 15 18
32 72 24 15
32 73 20 18
32 74 12 17
32 75 12 16
32 76 21 15
32 77 16 26
32 78 13 15
32 79 5 5
32 80 16 13
32 81 14 10
32 82 18 23
32 83 15 21
32 84 22 8
32 85 26 24
32 86 23 22
32 87 5 8
32 88 24 17
32 89 16 15
32 90 23 11
32 91 8 9
32 92 12 10
32 93 19 19
32 94 22 21
32 95 22 24
32 96 17 8
32 97 23 16
32 98 12 16
32 99 23 27
33 34 97 99
33 35 96 98
33 36 17 6
33 37 8 10
33 38 4 7
33 39 16 11
33 40 10 9
33 41 5 6
33 42 8 9
33 43 19 27
33 44 20 10
33 45 19 18
33 46 7 15
33 47 14 22
33 48 18 15
33 49 23 6
33 50 15 25
33 51 27 21
33 52 4 13
33 53 16 6
33 54 21 18
33 55 4 4
33 56 5 15
33 57 14 7
33 58 9 22
33 59 6 22
33 60 24 18
33 61 13 14
33 62 7 19
33 63 25 20
33 64 21 27
33 65 19 16
33 66 6 11
33 67 21 5
33 68 26 10
33 69 18 15
33 70 13 9
33 71 15 15
33 72 23 17
33 73 14 16
33 74 19 25
33 75 5 16
33 76 25 21
33 77 7 16
33 78 27 4
33 79 14 20
33 80 16 6
33 81 21 14
33 82 18 4
33 83 12 13
33 84 11 15
33 85 25 27
33 86 4 18
33 87 6 24
33 88 7 23
33 89 9 13
33 90 11 10
33 91 20 21
33 92 18 4
33 93 22 23
33 94 24 25
33 95 11 24
33 96 20 27
33 97 7 16
33 98 15 14
33 99 4 22
34 35 98 97
34 36 13 26
34 37 5 21
34 38 24 21
34 39 24 26
34 40 12 23
34 41 19 15
34 42 20 8
34 43 9 4
34 44 6 4
34 45 8 20
34 46 20 10
34 47 17 9
34 48 9 26
34 49 23 4
34 50 23 6
34 51 13 9
34 52 4 6
34 53 21 16
34 54 19 16
34 55 7 26
34 56 27 17
34 57 11 24
34 58 24 26
34 59 18 13
34 60 15 26
34 61 27 10
34 62 20 12
34 63 17 10
34 64 8 16
34 65 27 23
34 66 26 7
34 67 16 19
34 68 23 14
34 69 12 6
34 70 15 25
34 71 5 7
34 72 26 6
34 73 18 18
34 74 26 22
34 75 4 7
34 76 12 20
34 77 7 16
34 78 15 23
34 79 17 8
34 80 5 16
34 81 26 23
34 82 19 15
34 83 14 15
34 84 21 4
34 85 8 6
34 86 6 16
34 87 7 27
34 88 21 12
34 89 19 14
34 90 22 17
34 91 8 16
34 92 27 15
34 93 26 7
34 94 19 27
34 95 20 17
34 96 10 15
34 97 21 7
34 98 6 7
34 99 15 8
35 36 26 6
35 37 18 13
35 38 19 27
35 39 23 6
35 40 7 8
35 41 18 4
35 42 18 10
35 43 17 21
35 44 16 5
35 45 27 8
35 46 14 11
35 47 26 13
35 48 12 25
35 49 22 27
35 50 7 14
35 51 17 6
35 52 10 22
35 53 4 20
35 54 27 25
35 55 8 15
35 56 23 19
35 57 21 15
35 58 6 15
35 59 22 14
35 60 23 14
35 61 23 23
35 62 8 23
35 63 26 25
35 64 22 25
35 65 11 13
35 66 12 24
35 67 5 19
35 68 26 25
35 69 19 18
35 70 27 6
35 71 9 18
35 72 21 7
35 73 16 14
35 74 17 6
35 75 10 4
35 76 26 15
35 77 11 20
35 78 6 5
35 79 26 5
35 80 21 19
35 81 11 17
35 82 13 9
35 83 7 6
35 84 21 10
35 85 8 10
35 86 18 27
35 87 19 9
35 88 24 13
35 89 11 26
35 90 7 14
35 91 7 23
35 92 22 23
35 93 8 25
35 94 19 9
35 95 5 21
35 96 5 13
35 97 19 27
35 98 5 7
35 99 9 9
36 37 96 99
36 38 97 96
36 39 97 99
36 40 24 21
36 41 17 11
36 42 6 16
36 43 7 4
36 44 17 18
36 45 27 15
36 46 17 12
36 47 8 16
36 48 20 12
36 49 25 6
36 50 12 5
36 51 18 26
36 52 13 7
36 53 9 25
36 54 16 23
36 55 23 16
36 56 21 25
36 57 22 15
36 58 14 23
36 59 18 27
36 60 16 9
36 61 5 20
36 62 27 15
36 63 14 17
36 64 9 13
36 65 11 21
36 66 13 14
36 67 8 10
36 68 13 14
36 69 10 11
36 70 10 9
36 71 12 22
36 72 26 19
36 73 13 25
36 74 18 19
36 75 18 8
36 76 23 23
36 77 9 14
36 78 13 4
36 79 20 23
36 80 9 18
36 81 11 13
36 82 24 12
36 83 17 11
36 84 13 20
36 85 17 27
36 86 20 13
36 87 18 22
36 88 19 20
36 89 25 26
36 90 8 16
36 91 17 26
36 92 26 14
36 93 14 7
36 94 12 20
36 95 17 26
36 96 14 6
36 97 13 19
36 98 27 22
36 99 14 16
37 38 97 99
37 39 96 99
37 40 6 17
37 41 16 9
37 42 21 27
37 43 24 23
37 44 27 11
37 45 19 21
37 46 24 24
37 47 14 9
37 48 11 16
37 49 26 27
37 50 25 20
37 51 27 13
37 52 11 14
37 53 24 11
37 54 22 15
37 55 14 16
37 56 5 6
37 57 17 27
37 58 24 6
37 59 17 23
37 60 5 24
37 61 18 17
37 62 9 19
37 63 12 11
37 64 12 27
37 65 21 11
37 66 24 27
37 67 14 17
37 68 14 25
37 69 16 8
37 70 21 5
37 71 4 5
37 72 23 7
37 73 23 25
37 74 22 16
37 75 15 8
37 76 13 17
37 77 14 20
37 78 24 14
37 79 15 5
37 80 14 4
37 81 5 9
37 82 13 24
37 83 12 16
37 84 18 4
37 85 16 4
37 86 4 19
37 87 25 6
37 88 11 27
37 89 12 23
37 90 21 12
37 91 5 25
37 92 26 7
37 93 11 20
37 94 26 19
37 95 5 23
37 96 21 17
37 97 8 10
37 98 21 23
37 99 25 10
38 39 97 99
38 40 16 15
38 41 9 23
38 42 21 12
38 43 14 14
38 44 11 12
38 45 15 6
38 46 8 26
38 47 26 23
38 48 25 10
38 49 6 17
38 50 18 14
38 51 25 9
38 52 20 13
38 53 27 16
38 54 25 22
38 55 20 9
38 56 11 18
38 57 20 4
38 58 27 15
38 59 9 15
38 60 5 26
38 61 10 14
38 62 22 8
38 63 12 17
38 64 5 4
38 65 22 5
38 66 5 15
38 67 10 11
38 68 18 22
38 69 23 11
38 70 13 4
38 71 13 23
38 72 9 23
38 73 22 21
38 74 4 15
38 75 7 19
38 76 13 16
38 77 7 7
38 78 13 24
38 79 19 7
38 80 20 21
38 81 17 13
38 82 15 20
38 83 22 26
38 84 8 7
38 85 5 4
38 86 11 5
38 87 16 14
38 88 10 23
38 89 16 14
38 90 12 14
38 91 6 25
38 92 21 4
38 93 24 24
38 94 15 19
38 95 24 9
38 96 19 8
38 97 18 13
38 98 11 14
38 99 14 8
39 40 13 15
39 41 11 7
39 42 7 19
39 43 5 21
39 44 9 5
39 45 6 6
39 46 27 26
39 47 16 20
39 48 13 14
39 49 9 24
39 50 14 13
39 51 7 8
39 52 14 19
39 53 12 17
39 54 27 11
39 55 17 12
39 56 27 25
39 57 10 16
39 58 12 8
39 59 16 10
39 60 5 27
39 61 15 17
39 62 14 25
39 63 18 6
39 64 5 9
39 65 26 11
39 66 11 25
39 67 17 24
39 68 20 24
39 69 20 23
39 70 17 19
39 71 15 18
39 72 9 24
39 73 20 13
39 74 25 8
39 75 11 26
39 76 27 11
39 77 25 16
39 78 16 14
39 79 23 23
39 80 4 8
39 81 5 14
39 82 13 5
39 83 24 13
39 84 21 19
39 85 20 11
39 86 6 12
39 87 21 13
39 88 14 20
39 89 18 10
39 90 13 4
39 91 12 19
39 92 18 12
39 93 23 5
39 94 24 11
39 95 10 15
39 96 17 17
39 97 24 24
39 98 25 16
39 99 6 14
40 41 100 98
40 42 100 97
40 43 100 99
40 44 5 12
40 45 9 12
40 46 16 9
40 47 11 21
40 48 21 21
40 49 9 15
40 50 13 25
40 51 6 18
40 52 14 9
40 53 9 13
40 54 16 12
40 55 4 4
40 56 13 13
40 57 18 20
40 58 8 20
40 59 23 7
40 60 24 26
40 61 14 13
40 62 14 17
40 63 18 21
40 64 27 17
40 65 25 4
40 66 23 11
40 67 16 21
40 68 4 27
40 69 10 8
40 70 8 27
40 71 16 17
40 72 9 25
40 73 8 18
40 74 13 5
40 75 12 27
40 76 27 11
40 77 16 24
40 78 7 26
40 79 11 20
40 80 27 26
40 81 21 8
40 82 18 25
40 83 11 22
40 84 27 16
40 85 15 25
40 86 25 14
40 87 17 4
40 88 12 5
40 89 18 22
40 90 6 20
40 91 8 18
40 92 17 24
40 93 16 13
40 94 8 21
40 95 27 16
40 96 14 23
40 97 20 26
40 98 23 22
40 99 6 6
41 42 96 100
41 43 96 97
41 44 19 10
41 45 6 25
41 46 8 19
41 47 23 9
41 48 17 27
41 49 4 23
41 50 11 22
41 51 6 20
41 52 18 18
41 53 23 13
41 54 7 13
41 55 10 7
41 56 11 18
41 57 15 10
41 58 16 8
41 59 4 10
41 60 13 7
41 61 16 24
41 62 4 23
41 63 4 14
41 64 7 17
41 65 23 17
41 66 4 10
41 67 4 5
41 68 7 27
41 69 22 26
41 70 25 13
41 71 24 22
41 72 6 13
41 73 15 6
41 74 19 24
41 75 26 4
41 76 23 5
41 77 4 6
41 78 18 17
41 79 8 11
41 80 5 27
41 81 8 10
41 82 19 16
41 83 16 12
41 84 16 8
41 85 16 15
41 86 27 23
41 87 11 9
41 88 9 27
41 89 7 15
41 90 19 26
41 91 11 19
41 92 23 26
41 93 11 26
41 94 14 10
41 95 4 20
41 96 27 27
41 97 12 19
41 98 26 6
41 99 10 8
42 43 98 96
42 44 10 22
42 45 10 6
42 46 8 11
42 47 23 5
42 48 22 4
42 49 13 22
42 50 11 17
42 51 24 9
42 52 11 16
42 53 7 17
42 54 27 22
42 55 24 21
42 56 5 18
42 57 13 26
42 58 26 15
42 59 4 6
42 60 19 9
42 61 27 6
42 62 16 21
42 63 16 11
42 64 19 12
42 65 18 18
42 66 4 11
42 67 19 13
42 68 5 15
42 69 10 11
42 70 16 26
42 71 23 26
42 72 17 8
42 73 11 5
42 74 4 24
42 75 14 20
42 76 19 25
42 77 6 10
42 78 19 9
42 79 10 14
42 80 19 9
42 81 11 21
42 82 15 12
42 83 8 17
42 84 25 14
42 85 17 17
42 86 14 19
42 87 26 19
42 88 10 13
42 89 8 27
42 90 7 6
42 91 11 18
42 92 11 11
42 93 18 11
42 94 23 21
42 95 19 13
42 96 22 26
42 97 5 26
42 98 6 19
42 99 11 22
43 44 21 26
43 45 15 26
43 46 14 25
43 47 17 23
43 48 11 14
43 49 5 18
43 50 16 15
43 51 26 21
43 52 14 12
43 53 7 24
43 54 19 9
43 55 5 18
43 56 16 5
43 57 18 15
43 58 14 4
43 59 24 26
43 60 16 18
43 61 14 27
43 62 26 23
43 63 13 10
43 64 10 9
43 65 20 12
43 66 27 4
43 67 16 25
43 68 7 13
43 69 25 10
43 70 9 19
43 71 11 15
43 72 21 27
43 73 19 13
43 74 27 9
43 75 20 15
43 76 17 21
43 77 15 25
43 78 23 20
43 79 16 12
43 80 10 19
43 81 25 9
43 82 26 9
43 83 12 10
43 84 13 12
43 85 26 6
43 86 14 27
43 87 25 15
43 88 21 16
43 89 27 21
43 90 24 23
43 91 21 25
43 92 10 15
43 93 10 22
43 94 22 21
43 95 8 13
43 96 27 13
43 97 16 9
43 98 4 5
43 99 4 24
44 45 96 96
44 46 98 99
44 47 98 100
44 48 8 15
44 49 24 4
44 50 20 22
44 51 10 7
44 52 15 5
44 53 12 5
44 54 10 6
44 55 8 16
44 56 11 21
44 57 24 18
44 58 27 20
44 59 4 18
44 60 15 24
44 61 27 12
44 62 21 19
44 63 23 18
44 64 12 6
44 65 9 12
44 66 15 19
44 67 13 16
44 68 19 15
44 69 23 21
44 70 22 21
44 71 10 9
44 72 17 13
44 73 26 20
44 74 9 19
44 75 17 24
44 76 14 25
44 77 23 26
44 78 7 24
44 79 7 15
44 80 16 13
44 81 18 22
44 82 16 16
44 83 27 21
44 84 9 23
44 85 16 21
44 86 25 4
44 87 6 14
44 88 11 13
44 89 4 7
44 90 25 12
44 91 27 13
44 92 12 25
44 93 6 26
44 94 7 16
44 95 26 25
44 96 20 10
44 97 7 22
44 98 11 4
44 99 26 9
45 46 99 98
45 47 99 97
45 48 4 25
45 49 17 19
45 50 8 8
45 51 16 13
45 52 19 16
45 53 20 14
45 54 4 5
45 55 27 24
45 56 16 7
45 57 4 18
45 58 27 24
45 59 11 25
45 60 21 16
45 61 23 15
45 62 6 14
45 63 8 13
45 64 5 26
45 65 13 13
45 66 18 8
45 67 14 9
45 68 13 16
45 69 24 22
45 70 10 8
45 71 23 16
45 72 23 19
45 73 17 25
45 74 21 6
45 75 8 4
45 76 24 19
45 77 7 14
45 78 8 5
45 79 4 5
45 80 9 26
45 81 4 25
45 82 9 20
45 83 8 23
45 84 27 13
45 85 18 4
45 86 22 20
45 87 22 5
45 88 5 11
45 89 15 22
45 90 13 17
45 91 11 8
45 92 9 10
45 93 18 14
45 94 20 26
45 95 20 27
45 96 20 22
45 97 9 15
45 98 16 27
45 99 19 14
46 47 99 99
46 48 18 17
46 49 15 9
46 50 21 5
46 51 15 6
46 52 27 9
46 53 12 12
46 54 19 22
46 55 12 7
46 56 17 6
46 57 22 20
46 58 22 18
46 59 14 7
46 60 9 17
46 61 12 21
46 62 21 22
46 63 17 25
46 64 12 10
46 65 24 5
46 66 4 26
46 67 6 10
46 68 5 25
46 69 5 19
46 70 9 6
46 71 17 10
46 72 10 5
46 73 16 21
46 74 6 23
46 75 9 23
46 76 14 14
46 77 26 23
46 78 24 24
46 79 14 14
46 80 17 11
46 81 21 23
46 82 22 20
46 83 5 24
46 84 17 23
46 85 14 11
46 86 7 10
46 87 23 9
46 88 10 18
46 89 6 12
46 90 21 17
46 91 20 19
46 92 21 10
46 93 11 6
46 94 20 8
46 95 14 13
46 96 17 22
46 97 27 22
46 98 17 11
46 99 19 18
47 48 4 15
47 49 24 24
47 50 12 8
47 51 12 15
47 52 20 22
47 53 5 11
47 54 21 5
47 55 15 23
47 56 11 6
47 57 11 22
47 58 17 13
47 59 20 21
47 60 16 9
47 61 17 22
47 62 8 7
47 63 21 8
47 64 10 14
47 65 11 10
47 66 24 25
47 67 17 23
47 68 10 8
47 69 15 4
47 70 23 9
47 71 15 16
47 72 16 15
47 73 11 20
47 74 6 26
47 75 14 11
47 76 8 4
47 77 9 19
47 78 18 11
47 79 27 14
47 80 23 27
47 81 27 17
47 82 24 6
47 83 22 23
47 84 22 7
47 85 18 6
47 86 11 27
47 87 26 22
47 88 13 21
47 89 23 9
47 90 14 6
47 91 8 23
47 92 22 4
47 93 26 7
47 94 25 15
47 95 23 17
47 96 19 13
47 97 20 9
47 98 13 18
47 99 16 14
48 49 98 96
48 50 100 96
48 51 96 98
48 52 22 26
48 53 18 27
48 54 5 23
48 55 24 19
48 56 5 5
48 57 23 15
48 58 4 9
48 59 11 8
48 60 8 23
48 61 7 11
48 62 12 10
48 63 12 17
48 64 5 21
48 65 21 22
48 66 12 11
48 67 27 27
48 68 6 5
48 69 24 24
48 70 17 7
48 71 22 8
48 72 13 16
48 73 4 20
48 74 13 23
48 75 17 9
48 76 20 20
48 77 19 25
48 78 5 16
48 79 13 23
48 80 11 8
48 81 12 6
48 82 27 20
48 83 26 27
48 84 15 9
48 85 23 6
48 86 23 7
48 87 18 13
48 88 11 4
48 89 15 14
48 90 9 7
48 91 10 19
48 92 12 7
48 93 16 14
48 94 17 14
48 95 18 6
48 96 20 27
48 97 26 23
48 98 21 21
48 99 10 23
49 50 96 96
49 51 97 100
49 52 25 14
49 53 21 24
49 54 13 20
49 55 27 20
49 56 13 8
49 57 23 13
49 58 16 10
49 59 26 21
49 60 9 16
49 61 8 16
49 62 17 22
49 63 20 5
49 64 18 7
49 65 26 18
49 66 21 20
49 67 17 14
49 68 20 25
49 69 4 22
49 70 15 7
49 71 11 17
49 72 24 26
49 73 10 24
49 74 16 22
49 75 12 20
49 76 4 8
49 77 5 21
49 78 4 27
49 79 24 27
49 80 13 22
49 81 6 27
49 82 13 20
49 83 18 21
49 84 15 6
49 85 27 14
49 86 22 11
49 87 9 21
49 88 27 4
49 89 7 23
49 90 10 20
49 91 9 12
49 92 11 24
49 93 6 16
49 94 4 23
49 95 14 17
49 96 4 15
49 97 22 13
49 98 21 21
49 99 25 4
50 51 97 96
50 52 20 15
50 53 16 13
50 54 22 26
50 55 25 25
50 56 16 27
50 57 11 16
50 58 13 26
50 59 24 24
50 60 27 10
50 61 24 10
50 62 15 8
50 63 7 5
50 64 7 4
50 65 6 9
50 66 8 17
50 67 7 19
50 68 23 19
50 69 14 5
50 70 27 11
50 71 10 27
50 72 15 22
50 73 20 25
50 74 11 13
50 75 20 22
50 76 16 10
50 77 15 5
50 78 26 26
50 79 11 17
50 80 6 10
50 81 24 11
50 82 4 7
50 83 15 26
50 84 5 23
50 85 17 11
50 86 27 27
50 87 6 11
50 88 4 15
50 89 21 7
50 90 24 5
50 91 15 11
50 92 5 24
50 93 20 21
50 94 5 12
50 95 24 11
50 96 22 24
50 97 9 24
50 98 8 10
50 99 14 10
51 52 5 17
51 53 25 4
51 54 16 24
51 55 4 7
51 56 20 21
51 57 5 8
51 58 24 21
51 59 25 11
51 60 4 25
51 61 19 24
51 62 14 4
51 63 11 8
51 64 14 11
51 65 22 21
51 66 15 8
51 67 14 9
51 68 14 4
51 69 9 20
51 70 26 10
51 71 15 17
51 72 25 23
51 73 21 22
51 74 9 20
51 75 21 18
51 76 11 7
51 77 14 22
51 78 16 5
51 79 15 12
51 80 8 14
51 81 13 23
51 82 18 20
51 83 16 19
51 84 12 25
51 85 20 13
51 86 12 15
51 87 14 13
51 88 8 27
51 89 25 15
51 90 17 10
51 91 18 26
51 92 24 25
51 93 27 10
51 94 17 11
51 95 13 14
51 96 15 7
51 97 23 6
51 98 25 26
51 99 17 15
52 53 98 98
52 54 99 96
52 55 99 98
52 56 11 20
52 57 23 23
52 58 7 8
52 59 8 7
52 60 11 4
52 61 24 18
52 62 17 15
52 63 22 19
52 64 24 6
52 65 12 21
52 66 12 8
52 67 11 9
52 68 14 7
52 69 6 27
52 70 4 13
52 71 12 5
52 72 6 19
52 73 6 10
52 74 16 12
52 75 24 18
52 76 25 27
52 77 25 9
52 78 5 12
52 79 22 15
52 80 24 18
52 81 6 7
52 82 15 22
52 83 5 5
52 84 12 16
52 85 6 5
52 86 21 18
52 87 21 15
52 88 24 19
52 89 20 9
52 90 12 14
52 91 10 16
52 92 7 16
52 93 8 9
52 94 18 11
52 95 12 21
52 96 7 20
52 97 8 5
52 98 7 20
52 99 22 21
53 54 96 98
53 55 96 96
53 56 19 27
53 57 22 5
53 58 8 6
53 59 18 6
53 60 20 10
53 61 21 13
53 62 10 4
53 63 5 20
53 64 21 20
53 65 6 6
53 66 10 11
53 67 25 23
53 68 12 26
53 69 11 23
53 70 16 27
53 71 23 22
53 72 20 25
53 73 5 5
53 74 11 7
53 75 19 9
53 76 11 21
53 77 20 7
53 78 16 9
53 79 12 16
53 80 7 27
53 81 12 25
53 82 24 14
53 83 5 13
53 84 17 21
53 85 14 4
53 86 13 17
53 87 13 26
53 88 8 6
53 89 9 10
53 90 22 18
53 91 27 9
53 92 26 8
53 93 21 5
53 94 7 23
53 95 11 10
53 96 24 5
53 97 23 20
53 98 14 4
53 99 14 11
54 55 98 97
54 56 9 7
54 57 23 19
54 58 20 10
54 59 27 4
54 60 23 12
54 61 26 5
54 62 7 21
54 63 14 24
54 64 4 16
54 65 18 25
54 66 14 7
54 67 12 11
54 68 26 25
54 69 9 4
54 70 25 25
54 71 6 10
54 72 5 6
54 73 20 4
54 74 12 17
54 75 20 26
54 76 5 10
54 77 20 19
54 78 5 13
54 79 20 14
54 80 24 18
54 81 18 10
54 82 12 24
54 83 9 14
54 84 16 8
54 85 21 17
54 86 26 22
54 87 24 12
54 88 14 27
54 89 13 15
54 90 10 7
54 91 21 11
54 92 17 7
54 93 4 17
54 94 5 11
54 95 15 26
54 96 27 6
54 97 6 18
54 98 17 20
54 99 22 10
55 56 16 4
55 57 15 6
55 58 5 18
55 59 22 18
55 60 4 22
55 61 18 15
55 62 10 16
55 63 18 26
55 64 5 14
55 65 8 12
55 66 25 10
55 67 27 9
55 68 23 16
55 69 9 17
55 70 14 23
55 71 27 14
55 72 20 18
55 73 17 23
55 74 17 19
55 75 5 15
55 76 10 21
55 77 9 4
55 78 15 14
55 79 27 9
55 80 27 19
55 81 14 15
55 82 18 25
55 83 16 17
55 84 20 26
55 85 26 17
55 86 7 20
55 87 26 16
55 88 10 23
55 89 19 10
55 90 24 14
55 91 17 7
55 92 6 5
55 93 19 7
55 94 14 21
55 95 24 14
55 96 23 10
55 97 23 4
55 98 22 13
55 99 10 10
56 57 100 99
56 58 96 98
56 59 98 98
56 60 26 25
56 61 14 19
56 62 8 12
56 63 12 7
56 64 16 9
56 65 8 19
56 66 5 23
56 67 5 5
56 68 25 20
56 69 8 10
56 70 21 27
56 71 24 18
56 72 26 10
56 73 14 10
56 74 12 18
56 75 8 5
56 76 17 7
56 77 9 8
56 78 5 22
56 79 20 19
56 80 8 14
56 81 20 11
56 82 9 27
56 83 6 10
56 84 27 11
56 85 19 18
56 86 12 23
56 87 26 23
56 88 27 22
56 89 12 18
56 90 7 18
56 91 14 22
56 92 10 26
56 93 20 10
56 94 18 22
56 95 22 17
56 96 5 7
56 97 25 10
56 98 23 5
56 99 7 5
57 58 98 97
57 59 97 99
57 60 17 22
57 61 20 21
57 62 16 23
57 63 16 14
57 64 23 11
57 65 19 5
57 66 8 7
57 67 19 17
57 68 10 8
57 69 17 13
57 70 24 15
57 71 10 14
57 72 7 21
57 73 5 16
57 74 19 15
57 75 21 15
57 76 24 19
57 77 15 20
57 78 14 9
57 79 14 20
57 80 4 17
57 81 22 7
57 82 15 13
57 83 14 25
57 84 14 18
57 85 9 12
57 86 18 23
57 87 21 11
57 88 16 21
57 89 10 16
57 90 10 15
57 91 24 6
57 92 8 24
57 93 14 25
57 94 16 9
57 95 12 8
57 96 13 24
57 97 25 20
57 98 5 10
57 99 19 7
58 59 96 97
58 60 19 21
58 61 26 23
58 62 26 26
58 63 26 24
58 64 25 23
58 65 27 21
58 66 13 26
58 67 15 26
58 68 15 11
58 69 25 19
58 70 4 11
58 71 20 15
58 72 18 25
58 73 23 9
58 74 22 6
58 75 4 8
58 76 7 20
58 77 5 27
58 78 22 5
58 79 25 22
58 80 5 27
58 81 22 8
58 82 23 19
58 83 7 14
58 84 19 13
58 85 4 25
58 86 14 25
58 87 9 10
58 88 13 24
58 89 24 8
58 90 12 4
58 91 15 18
58 92 24 10
58 93 22 7
58 94 23 14
58 95 6 16
58 96 4 22
58 97 19 12
58 98 23 22
58 99 16 17
59 60 21 24
59 61 20 11
59 62 9 17
59 63 11 26
59 64 6 25
59 65 16 6
59 66 17 13
59 67 11 18
59 68 4 16
59 69 17 10
59 70 10 9
59 71 27 25
59 72 9 19
59 73 6 10
59 74 6 4
59 75 5 12
59 76 15 10
59 77 18 12
59 78 15 23
59 79 11 15
59 80 14 17
59 81 18 18
59 82 27 15
59 83 18 13
59 84 9 27
59 85 8 22
59 86 15 26
59 87 26 11
59 88 18 21
59 89 10 24
59 90 15 11
59 91 5 8
59 92 9 25
59 93 7 17
59 94 9 18
59 95 26 18
59 96 10 6
59 97 13 12
59 98 22 6
59 99 11 12
60 61 96 100
60 62 100 99
60 63 98 100
60 64 4 10
60 65 22 19
60 66 6 19
60 67 25 24
60 68 6 6
60 69 9 23
60 70 7 13
60 71 4 16
60 72 4 23
60 73 16 8
60 74 23 27
60 75 15 20
60 76 22 8
60 77 22 18
60 78 20 18
60 79 8 11
60 80 18 19
60 81 5 19
60 82 21 18
60 83 21 9
60 84 4 4
60 85 22 22
60 86 12 23
60 87 25 14
60 88 17 4
60 89 16 5
60 90 25 11
60 91 16 20
60 92 17 7
60 93 27 16
60 94 26 8
60 95 9 4
60 96 12 4
60 97 14 16
60 98 8 24
60 99 24 5
61 62 100 100
61 63 100 97
61 64 14 14
61 65 27 4
61 66 25 26
61 67 7 23
61 68 27 9
61 69 26 27
61 70 20 9
61 71 15 5
61 72 15 21
61 73 10 24
61 74 10 11
61 75 16 6
61 76 25 24
61 77 27 13
61 78 22 14
61 79 4 12
61 80 24 8
61 81 12 16
61 82 27 10
61 83 13 21
61 84 20 11
61 85 26 23
61 86 10 12
61 87 8 20
61 88 20 26
61 89 7 21
61 90 12 19
61 91 23 25
61 92 23 20
61 93 15 12
61 94 20 12
61 95 18 18
61 96 20 22
61 97 11 14
61 98 5 26
61 99 26 12
62 63 100 100
62 64 19 17
62 65 10 17
62 66 21 14
62 67 23 24
62 68 25 14
62 69 5 21
62 70 5 9
62 71 12 10
62 72 23 19
62 73 9 27
62 74 10 5
62 75 7 8
62 76 14 22
62 77 5 26
62 78 4 6
62 79 13 22
62 80 17 11
62 81 10 16
62 82 26 20
62 83 8 12
62 84 19 8
62 85 15 27
62 86 6 15
62 87 4 14
62 88 5 20
62 89 25 8
62 90 26 8
62 91 10 13
62 92 11 6
62 93 16 14
62 94 6 27
62 95 11 19
62 96 24 19
62 97 17 14
62 98 24 11
62 99 6 20
63 64 14 25
63 65 23 19
63 66 27 25
63 67 10 17
63 68 13 20
63 69 13 23
63 70 5 20
63 71 10 5
63 72 14 12
63 73 5 5
63 74 8 16
63 75 10 11
63 76 5 18
63 77 11 14
63 78 21 14
63 79 4 7
63 80 9 7
63 81 27 23
63 82 10 5
63 83 19 13
63 84 7 21
63 85 15 20
63 86 15 11
63 87 24 16
63 88 14 25
63 89 17 7
63 90 4 18
63 91 20 9
63 92 9 8
63 93 23 19
63 94 5 23
63 95 16 4
63 96 16 4
63 97 17 5
63 98 24 10
63 99 25 24
64 65 96 98
64 66 97 100
64 67 98 99
64 68 16 15
64 69 26 23
64 70 10 8
64 71 7 16
64 72 19 14
64 73 14 7
64 74 12 10
64 75 7 8
64 76 26 22
64 77 20 25
64 78 8 16
64 79 27 14
64 80 19 4
64 81 4 7
64 82 24 22
64 83 5 26
64 84 27 10
64 85 15 11
64 86 19 16
64 87 24 9
64 88 22 27
64 89 25 22
64 90 14 13
64 91 19 21
64 92 10 11
64 93 4 11
64 94 5 27
64 95 14 7
64 96 13 27
64 97 20 14
64 98 22 24
64 99 26 4
65 66 100 96
65 67 99 96
65 68 12 10
65 69 7 17
65 70 14 21
65 71 8 6
65 72 23 27
65 73 24 20
65 74 6 20
65 75 26 4
65 76 8 6
65 77 17 17
65 78 4 23
65 79 24 15
65 80 27 19
65 81 8 15
65 82 24 4
65 83 17 19
65 84 21 26
65 85 16 21
65 86 16 27
65 87 22 18
65 88 23 27
65 89 15 9
65 90 8 18
65 91 21 9
65 92 12 18
65 93 12 7
65 94 16 13
65 95 11 4
65 96 5 27
65 97 17 16
65 98 16 26
65 99 22 23
66 67 97 99
66 68 24 9
66 69 25 12
66 70 22 9
66 71 5 15
66 72 19 9
66 73 22 25
66 74 12 11
66 75 4 22
66 76 6 19
66 77 16 24
66 78 25 16
66 79 14 16
66 80 26 7
66 81 26 14
66 82 27 13
66 83 25 8
66 84 19 7
66 85 16 8
66 86 11 22
66 87 20 19
66 88 5 27
66 89 27 27
66 90 6 14
66 91 4 16
66 92 25 9
66 93 21 23
66 94 26 27
66 95 17 6
66 96 25 12
66 97 7 26
66 98 5 6
66 99 21 22
67 68 19 15
67 69 26 26
67 70 10 13
67 71 19 15
67 72 21 17
67 73 8 21
67 74 24 12
67 75 21 15
67 76 10 13
67 77 13 4
67 78 15 27
67 79 8 15
67 80 22 12
67 81 7 7
67 82 16 4
67 83 16 9
67 84 10 4
67 85 14 12
67 86 11 23
67 87 22 18
67 88 14 15
67 89 9 21
67 90 27 8
67 91 18 17
67 92 12 9
67 93 12 22
67 94 14 17
67 95 19 25
67 96 8 5
67 97 12 4
67 98 13 15
67 99 14 7
68 69 99 97
68 70 99 96
68 71 99 97
68 72 20 6
68 73 11 15
68 74 12 21
68 75 4 17
68 76 13 26
68 77 15 27
68 78 5 24
68 79 4 24
68 80 23 11
68 81 12 5
68 82 16 25
68 83 19 26
68 84 11 27
68 85 4 5
68 86 25 6
68 87 4 6
68 88 27 24
68 89 9 20
68 90 23 14
68 91 25 16
68 92 19 23
68 93 21 15
68 94 9 25
68 95 21 13
68 96 15 17
68 97 10 20
68 98 7 21
68 99 27 9
69 70 96 99
69 71 97 100
69 72 6 24
69 73 10 26
69 74 13 17
69 75 23 21
69 76 14 5
69 77 12 15
69 78 13 26
69 79 5 12
69 80 21 12
69 81 11 8
69 82 13 21
69 83 19 6
69 84 13 25
69 85 18 27
69 86 15 14
69 87 6 10
69 88 15 7
69 89 5 13
69 90 11 19
69 91 19 12
69 92 11 17
69 93 9 27
69 94 13 8
69 95 14 16
69 96 17 13
69 97 22 9
69 98 19 18
69 99 4 11
70 71 100 97
70 72 9 7
70 73 9 8
70 74 9 12
70 75 9 12
70 76 14 7
70 77 7 25
70 78 7 27
70 79 11 6
70 80 27 17
70 81 17 7
70 82 5 6
70 83 11 13
70 84 7 27
70 85 16 20
70 86 26 14
70 87 10 16
70 88 18 17
70 89 10 8
70 90 24 16
70 91 15 25
70 92 25 17
70 93 22 5
70 94 10 7
70 95 4 17
70 96 25 24
70 97 13 5
70 98 25 24
70 99 14 8
71 72 8 25
71 73 24 24
71 74 6 26
71 75 9 12
71 76 19 5
71 77 13 17
71 78 4 7
71 79 14 6
71 80 20 18
71 81 24 20
71 82 8 23
71 83 7 8
71 84 21 14
71 85 14 12
71 86 22 4
71 87 27 13
71 88 24 11
71 89 19 8
71 90 12 19
71 91 27 12
71 92 14 13
71 93 22 5
71 94 16 23
71 95 7 13
71 96 19 26
71 97 8 8
71 98 9 22
71 99 5 17
72 73 100 98
72 74 99 96
72 75 96 97
72 76 16 14
72 77 6 21
72 78 10 15
72 79 6 14
72 80 10 8
72 81 19 25
72 82 22 8
72 83 9 12
72 84 13 12
72 85 18 11
72 86 6 18
72 87 9 16
72 88 17 7
72 89 21 12
72 90 12 4
72 91 5 6
72 92 24 17
72 93 27 10
72 94 20 27
72 95 8 26
72 96 22 9
72 97 10 6
72 98 17 26
72 99 22 22
73 74 99 97
73 75 99 99
73 76 6 4
73 77 26 12
73 78 25 26
73 79 20 25
73 80 5 9
73 81 25 14
73 82 6 15
73 83 10 24
73 84 21 18
73 85 12 27
73 86 24 21
73 87 21 25
73 88 26 21
73 89 14 24
73 90 9 8
73 91 27 16
73 92 25 17
73 93 11 4
73 94 8 14
73 95 16 15
73 96 24 25
73 97 12 9
73 98 22 25
73 99 14 18
74 75 98 96
74 76 21 21
74 77 17 26
74 78 26 10
74 79 23 4
74 80 23 15
74 81 18 13
74 82 12 10
74 83 16 20
74 84 22 21
74 85 25 19
74 86 16 12
74 87 13 11
74 88 16 13
74 89 4 26
74 90 25 12
74 91 9 6
74 92 26 5
74 93 20 18
74 94 12 4
74 95 21 27
74 96 15 7
74 97 5 27
74 98 5 23
74 99 26 17
75 76 17 21
75 77 21 4
75 78 11 22
75 79 23 15
75 80 15 27
75 81 14 27
75 82 5 26
75 83 27 22
75 84 7 24
75 85 18 25
75 86 8 27
75 87 26 8
75 88 13 18
75 89 5 8
75 90 12 21
75 91 7 18
75 92 5 24
75 93 20 6
75 94 27 18
75 95 24 21
75 96 12 11
75 97 12 17
75 98 15 5
75 99 24 9
76 77 99 99
76 78 96 98
76 79 99 97
76 80 11 13
76 81 21 12
76 82 8 4
76 83 19 6
76 84 16 6
76 85 23 27
76 86 20 26
76 87 17 27
76 88 24 21
76 89 25 23
76 90 6 19
76 91 12 10
76 92 26 8
76 93 17 22
76 94 26 5
76 95 25 20
76 96 15 15
76 97 10 19
76 98 21 24
76 99 8 19
77 78 96 100
77 79 98 97
77 80 26 15
77 81 21 9
77 82 26 26
77 83 22 9
77 84 15 13
77 85 9 15
77 86 12 26
77 87 8 13
77 88 24 12
77 89 10 24
77 90 21 16
77 91 27 23
77 92 19 27
77 93 21 23
77 94 23 26
77 95 21 19
77 96 8 13
77 97 15 18
77 98 6 21
77 99 8 22
78 79 99 99
78 80 11 12
78 81 19 25
78 82 5 15
78 83 4 12
78 84 27 8
78 85 22 18
78 86 23 6
78 87 18 10
78 88 10 18
78 89 9 10
78 90 17 21
78 91 11 5
78 92 11 8
78 93 25 18
78 94 8 21
78 95 21 15
78 96 19 17
78 97 7 17
78 98 24 16
78 99 20 20
79 80 20 12
79 81 8 15
79 82 15 11
79 83 6 25
79 84 22 12
79 85 26 5
79 86 22 16
79 87 8 10
79 88 25 22
79 89 27 17
79 90 20 11
79 91 22 7
79 92 7 6
79 93 4 4
79 94 15 11
79 95 15 5
79 96 16 10
79 97 14 22
79 98 4 23
79 99 25 12
80 81 96 98
80 82 99 99
80 83 97 97
80 84 18 23
80 85 12 6
80 86 17 9
80 87 17 18
80 88 6 19
80 89 24 11
80 90 21 13
80 91 13 11
80 92 24 27
80 93 18 7
80 94 17 4
80 95 26 18
80 96 9 26
80 97 10 14
80 98 26 23
80 99 27 7
81 82 98 97
81 83 97 99
81 84 4 19
81 85 6 27
81 86 24 14
81 87 26 13
81 88 9 13
81 89 20 27
81 90 4 5
81 91 18 22
81 92 16 15
81 93 18 26
81 94 21 18
81 95 16 13
81 96 12 16
81 97 20 22
81 98 26 18
81 99 12 13
82 83 98 96
82 84 6 12
82 85 23 20
82 86 21 25
82 87 20 20
82 88 7 24
82 89 14 10
82 90 8 10
82 91 15 4
82 92 9 19
82 93 6 19
82 94 21 7
82 95 19 13
82 96 21 4
82 97 4 20
82 98 20 27
82 99 5 24
83 84 25 6
83 85 11 17
83 86 8 20
83 87 11 20
83 88 15 18
83 89 18 13
83 90 18 9
83 91 13 25
83 92 17 22
83 93 23 11
83 94 25 23
83 95 18 16
83 96 11 7
83 97 18 8
83 98 20 27
83 99 11 10
84 85 100 97
84 86 98 99
84 87 97 100
84 88 9 13
84 89 16 14
84 90 6 21
84 91 23 10
84 92 14 13
84 93 14 13
84 94 4 6
84 95 6 23
84 96 20 20
84 97 23 20
84 98 13 25
84 99 21 10
85 86 97 100
85 87 97 96
85 88 25 7
85 89 21 5
85 90 8 9
85 91 6 12
85 92 17 12
85 93 19 27
85 94 10 5
85 95 5 24
85 96 13 12
85 97 14 7
85 98 8 10
85 99 5 21
86 87 97 100
86 88 20 5
86 89 18 21
86 90 26 9
86 91 9 22
86 92 26 20
86 93 25 25
86 94 27 17
86 95 14 19
86 96 6 22
86 97 23 6
86 98 27 4
86 99 8 21
87 88 21 24
87 89 10 27
87 90 14 6
87 91 26 6
87 92 9 9
87 93 4 26
87 94 19 17
87 95 17 11
87 96 16 21
87 97 26 20
87 98 10 10
87 99 8 16
88 89 100 96
88 90 97 98
88 91 97 100
88 92 15 10
88 93 12 17
88 94 20 16
88 95 4 25
88 96 14 18
88 97 20 14
88 98 24 10
88 99 4 21
89 90 98 100
89 91 99 96
89 92 25 9
89 93 7 21
89 94 26 20
89 95 6 9
89 96 4 18
89 97 17 13
89 98 25 22
89 99 20 17
90 91 97 96
90 92 9 16
90 93 4 4
90 94 23 8
90 95 9 13
90 96 15 17
90 97 6 14
90 98 12 4
90 99 7 19
91 92 18 10
91 93 25 22
91 94 10 27
91 95 10 10
91 96 24 15
91 97 15 10
91 98 18 18
91 99 19 6
92 93 97 99
92 94 100 99
92 95 98 97
92 96 11 4
92 97 23 23
92 98 12 10
92 99 7 23
93 94 99 96
93 95 97 98
93 96 27 13
93 97 24 12
93 98 25 18
93 99 18 20
94 95 98 98
94 96 13 26
94 97 8 6
94 98 22 10
94 99 22 9
95 96 5 24
95 97 4 23
95 98 5 23
95 99 23 12
96 97 98 98
96 98 98 97
96 99 97 100
97 98 98 97
97 99 98 98
98 99 96 99
0
227
394 993
395 972
396 955
397 939
398 916
399 895
400 878
401 862
402 847
403 832
404 818
405 806
406 794
407 783
408 773
409 764
410 756
411 748
412 740
413 733
414 726
415 720
416 714
417 708
418 703
419 697
420 692
421 686
422 681
423 675
424 670
425 664
426 659
427 653
428 648
429 643
430 638
431 633
432 629
433 625
434 621
435 617
436 614
437 611
438 608
439 605
440 602
441 599
442 596
443 594
444 591
445 589
446 587
447 585
448 583
449 581
450 579
451 577
452 575
453 573
454 571
455 569
456 567
457 565
458 563
459 562
460 560
461 558
462 557
463 555
464 553
465 552
466 550
467 549
468 547
469 546
470 544
471 543
472 541
473 540
474 538
475 537
476 536
477 535
478 534
479 533
480 532
481 531
482 530
483 529
484 528
485 527
486 526
487 525
488 524
489 523
490 522
491 521
492 520
493 519
494 518
495 517
496 516
497 515
498 514
499 513
500 512
501 511
502 510
503 509
504 508
505 507
506 506
507 505
508 504
509 503
511 502
512 501
513 500
514 499
516 498
517 497
518 496
520 495
521 494
522 493
524 492
525 491
527 490
528 489
529 488
531 487
532 486
534 485
535 484
537 483
538 482
540 481
541 480
543 479
544 478
546 477
548 476
550 475
552 474
554 473
556 472
558 471
560 470
562 469
564 468
566 467
569 466
571 465
574 464
576 463
579 462
582 461
585 460
588 459
591 458
594 457
597 456
600 455
603 454
606 453
609 452
612 451
615 450
618 449
621 448
624 447
628 446
631 445
635 444
639 443
643 442
647 441
651 440
656 439
661 438
666 437
670 436
675 435
680 434
685 433
690 432
695 431
700 430
705 429
711 428
717 427
723 426
729 425
735 424
742 423
748 422
755 421
762 420
769 419
776 418
783 417
790 416
798 415
806 414
814 413
822 412
830 411
838 410
847 409
856 408
866 407
876 406
886 405
896 404
907 403
918 402
929 401
940 400
951 399
965 398
985 397
1006 396
1033 395
1047 394
1067 393
1088 392
