100
0 1 9 9
0 2 0 91
0 3 98 100
0 4 9 9
0 5 9 10
0 6 10 9
0 7 10 10
0 8 9 10
0 9 10 9
0 10 9 10
0 11 9 10
0 12 9 9
0 13 9 10
0 14 10 9
0 15 10 10
0 16 10 9
0 17 9 9
0 18 9 9
0 19 10 9
0 20 9 9
0 21 10 9
0 22 10 10
0 23 9 9
0 24 9 9
0 25 10 10
0 26 10 9
0 27 9 10
0 28 9 10
0 29 9 10
0 30 9 9
0 31 10 9
0 32 9 10
0 33 10 10
0 34 9 9
0 35 9 9
0 36 10 10
0 37 10 9
0 38 10 10
0 39 10 10
0 40 10 10
0 41 10 10
0 42 10 9
0 43 9 9
0 44 9 9
0 45 9 10
0 46 9 10
0 47 9 9
0 48 10 10
0 49 10 10
0 50 9 9
0 51 9 10
0 52 9 9
0 53 10 10
0 54 9 10
0 55 9 9
0 56 9 10
0 57 10 10
0 58 10 9
0 59 9 10
0 60 9 10
0 61 10 9
0 62 9 9
0 63 9 9
0 64 10 9
0 65 9 10
0 66 9 10
0 67 9 10
0 68 9 10
0 69 9 9
0 70 10 10
0 71 9 10
0 72 9 10
0 73 10 9
0 74 9 9
0 75 9 10
0 76 10 9
0 77 9 10
0 78 9 10
0 79 9 9
0 80 9 10
0 81 10 10
0 82 9 9
0 83 9 10
0 84 9 10
0 85 10 10
0 86 10 10
0 87 9 9
0 88 9 9
0 89 10 10
0 90 10 9
0 91 9 10
0 92 9 10
0 93 10 10
0 94 10 9
0 95 10 10
0 96 10 9
0 97 10 9
0 98 9 9
0 99 10 10
1 2 91 0
1 3 99 91
1 4 10 9
1 5 10 9
1 6 9 10
1 7 10 10
1 8 9 9
1 9 10 9
1 10 10 9
1 11 10 9
1 12 10 9
1 13 9 10
1 14 9 9
1 15 10 10
1 16 9 10
1 17 9 10
1 18 10 10
1 19 9 9
1 20 9 10
1 21 9 10
1 22 9 9
1 23 10 9
1 24 9 9
1 25 9 9
1 26 10 10
1 27 9 9
1 28 9 9
1 29 9 9
1 30 9 9
1 31 10 10
1 32 9 10
1 33 9 10
1 34 9 9
1 35 10 9
1 36 9 10
1 37 9 9
1 38 10 10
1 39 10 9
1 40 10 10
1 41 9 10
1 42 10 10
1 43 10 9
1 44 10 10
1 45 9 10
1 46 9 10
1 47 9 9
1 48 9 10
1 49 10 10
1 50 10 9
1 51 10 9
1 52 9 10
1 53 9 10
1 54 9 10
1 55 10 9
1 56 9 10
1 57 10 9
1 58 9 10
1 59 9 10
1 60 10 10
1 61 10 9
1 62 10 10
1 63 9 9
1 64 10 10
1 65 10 9
1 66 9 9
1 67 10 9
1 68 9 10
1 69 10 9
1 70 10 10
1 71 9 9
1 72 10 9
1 73 10 9
1 74 10 9
1 75 9 9
1 76 10 10
1 77 10 10
1 78 9 10
1 79 10 10
1 80 9 9
1 81 10 10
1 82 10 9
1 83 9 10
1 84 10 9
1 85 10 10
1 86 10 9
1 87 10 10
1 88 9 10
1 89 9 10
1 90 9 10
1 91 9 9
1 92 9 9
1 93 10 9
1 94 9 10
1 95 10 10
1 96 9 10
1 97 9 9
1 98 9 9
1 99 9 9
2 3 100 96
2 4 10 10
2 5 10 9
2 6 9 9
2 7 10 9
2 8 10 9
2 9 9 9
2 10 9 9
2 11 9 10
2 12 10 10
2 13 10 9
2 14 10 10
2 15 9 9
2 16 9 10
2 17 10 10
2 18 10 9
2 19 9 9
2 20 9 10
2 21 10 10
2 22 10 9
2 23 9 10
2 24 10 10
2 25 10 10
2 26 9 9
2 27 10 10
2 28 9 9
2 29 9 10
2 30 9 10
2 31 10 9
2 32 9 10
2 33 9 10
2 34 10 10
2 35 10 10
2 36 9 9
2 37 9 9
2 38 10 9
2 39 9 10
2 40 10 10
2 41 10 9
2 42 10 10
2 43 10 10
2 44 9 9
2 45 10 9
2 46 10 9
2 47 9 9
2 48 10 10
2 49 9 10
2 50 10 10
2 51 9 9
2 52 10 10
2 53 10 9
2 54 10 10
2 55 9 10
2 56 9 10
2 57 9 10
2 58 9 10
2 59 9 9
2 60 9 10
2 61 10 10
2 62 9 9
2 63 10 9
2 64 10 9
2 65 10 10
2 66 10 10
2 67 9 9
2 68 9 10
2 69 10 9
2 70 9 10
2 71 9 10
2 72 9 10
2 73 10 10
2 74 10 9
2 75 10 9
2 76 10 10
2 77 9 9
2 78 10 10
2 79 10 10
2 80 9 10
2 81 9 9
2 82 9 10
2 83 10 9
2 84 9 9
2 85 9 9
2 86 9 10
2 87 9 10
2 88 9 9
2 89 9 10
2 90 9 9
2 91 10 9
2 92 9 10
2 93 9 10
2 94 9 10
2 95 10 10
2 96 9 9
2 97 10 9
2 98 9 9
2 99 9 10
3 4 9 10
3 5 10 10
3 6 9 10
3 7 9 9
3 8 9 10
3 9 10 10
3 10 10 10
3 11 10 10
3 12 9 9
3 13 10 9
3 14 9 9
3 15 9 10
3 16 9 10
3 17 10 10
3 18 9 10
3 19 10 10
3 20 10 9
3 21 10 9
3 22 10 10
3 23 9 9
3 24 10 10
3 25 9 10
3 26 10 10
3 27 10 9
3 28 9 10
3 29 10 9
3 30 10 10
3 31 10 9
3 32 10 10
3 33 10 10
3 34 10 10
3 35 10 9
3 36 10 10
3 37 10 10
3 38 9 9
3 39 9 9
3 40 9 10
3 41 9 10
3 42 10 9
3 43 10 9
3 44 9 9
3 45 9 10
3 46 10 10
3 47 10 9
3 48 9 9
3 49 9 10
3 50 9 10
3 51 10 10
3 52 9 9
3 53 10 10
3 54 9 10
3 55 9 10
3 56 10 10
3 57 10 9
3 58 10 10
3 59 9 10
3 60 10 10
3 61 10 10
3 62 10 9
3 63 10 10
3 64 10 9
3 65 10 9
3 66 9 9
3 67 10 9
3 68 9 10
3 69 9 9
3 70 9 9
3 71 9 10
3 72 9 9
3 73 9 10
3 74 9 10
3 75 9 9
3 76 9 9
3 77 10 9
3 78 10 10
3 79 10 9
3 80 10 10
3 81 9 10
3 82 10 10
3 83 10 10
3 84 9 10
3 85 10 10
3 86 10 10
3 87 9 9
3 88 10 10
3 89 9 10
3 90 10 9
3 91 9 10
3 92 9 9
3 93 9 9
3 94 10 9
3 95 10 9
3 96 9 10
3 97 9 9
3 98 9 10
3 99 10 9
4 5 97 95
4 6 93 92
4 7 93 92
4 8 9 10
4 9 9 9
4 10 9 10
4 11 9 9
4 12 10 9
4 13 10 9
4 14 10 9
4 15 10 10
4 16 9 10
4 17 9 10
4 18 9 10
4 19 9 9
4 20 10 10
4 21 10 10
4 22 9 10
4 23 10 10
4 24 10 9
4 25 9 9
4 26 9 9
4 27 9 9
4 28 10 10
4 29 10 9
4 30 10 10
4 31 10 10
4 32 10 10
4 33 10 9
4 34 10 9
4 35 10 9
4 36 9 10
4 37 9 10
4 38 10 9
4 39 10 10
4 40 9 10
4 41 10 9
4 42 10 9
4 43 9 9
4 44 10 9
4 45 9 10
4 46 9 9
4 47 9 10
4 48 9 9
4 49 10 9
4 50 10 10
4 51 9 9
4 52 9 10
4 53 10 10
4 54 10 10
4 55 9 9
4 56 9 9
4 57 9 9
4 58 9 9
4 59 10 10
4 60 9 9
4 61 9 9
4 62 10 10
4 63 9 10
4 64 10 9
4 65 9 9
4 66 9 10
4 67 10 10
4 68 9 9
4 69 9 10
4 70 10 9
4 71 10 9
4 72 9 9
4 73 9 9
4 74 9 9
4 75 10 10
4 76 9 10
4 77 10 10
4 78 10 10
4 79 9 9
4 80 10 10
4 81 9 9
4 82 9 10
4 83 9 10
4 84 10 9
4 85 9 9
4 86 9 10
4 87 10 9
4 88 10 10
4 89 9 9
4 90 9 10
4 91 10 9
4 92 10 9
4 93 10 10
4 94 9 9
4 95 10 9
4 96 9 9
4 97 9 9
4 98 9 10
4 99 10 10
5 6 94 91
5 7 98 98
5 8 9 9
5 9 9 9
5 10 9 10
5 11 9 9
5 12 9 10
5 13 9 9
5 14 10 9
5 15 9 10
5 16 9 10
5 17 9 10
5 18 10 9
5 19 9 10
5 20 9 10
5 21 9 9
5 22 9 9
5 23 9 9
5 24 10 10
5 25 10 10
5 26 9 9
5 27 9 10
5 28 10 10
5 29 10 9
5 30 9 10
5 31 10 9
5 32 10 9
5 33 9 10
5 34 10 10
5 35 9 9
5 36 9 10
5 37 9 9
5 38 10 9
5 39 9 10
5 40 9 9
5 41 9 10
5 42 10 9
5 43 9 9
5 44 9 10
5 45 10 9
5 46 9 10
5 47 10 10
5 48 10 10
5 49 10 10
5 50 10 9
5 51 10 10
5 52 9 10
5 53 9 9
5 54 10 10
5 55 10 10
5 56 9 9
5 57 10 9
5 58 9 9
5 59 9 9
5 60 10 10
5 61 9 9
5 62 9 9
5 63 9 9
5 64 9 10
5 65 10 9
5 66 10 9
5 67 10 10
5 68 9 10
5 69 10 9
5 70 9 9
5 71 10 10
5 72 10 9
5 73 10 9
5 74 9 10
5 75 10 9
5 76 10 9
5 77 10 10
5 78 9 9
5 79 10 9
5 80 10 9
5 81 10 9
5 82 10 9
5 83 10 9
5 84 9 10
5 85 10 9
5 86 9 9
5 87 10 10
5 88 9 10
5 89 10 10
5 90 9 9
5 91 10 9
5 92 10 9
5 93 10 9
5 94 9 9
5 95 9 10
5 96 9 9
5 97 9 10
5 98 10 9
5 99 9 9
6 7 98 97
6 8 9 9
6 9 9 9
6 10 9 10
6 11 10 9
6 12 10 10
6 13 10 10
6 14 10 10
6 15 10 10
6 16 9 10
6 17 10 9
6 18 10 9
6 19 9 10
6 20 9 9
6 21 10 9
6 22 9 9
6 23 9 10
6 24 9 10
6 25 10 10
6 26 9 10
6 27 9 10
6 28 9 9
6 29 9 10
6 30 9 9
6 31 10 10
6 32 10 9
6 33 9 10
6 34 10 10
6 35 9 10
6 36 9 9
6 37 10 10
6 38 10 10
6 39 9 10
6 40 9 9
6 41 9 9
6 42 10 10
6 43 9 9
6 44 10 9
6 45 9 10
6 46 9 9
6 47 9 10
6 48 9 9
6 49 9 10
6 50 9 10
6 51 10 10
6 52 9 10
6 53 10 9
6 54 10 9
6 55 10 10
6 56 9 9
6 57 10 9
6 58 10 10
6 59 10 9
6 60 10 10
6 61 10 10
6 62 10 10
6 63 9 9
6 64 10 10
6 65 10 10
6 66 9 9
6 67 9 9
6 68 9 9
6 69 9 10
6 70 9 10
6 71 10 10
6 72 10 10
6 73 10 9
6 74 9 10
6 75 9 10
6 76 9 10
6 77 10 9
6 78 10 9
6 79 10 9
6 80 9 10
6 81 9 10
6 82 10 9
6 83 10 9
6 84 9 9
6 85 10 10
6 86 10 10
6 87 10 9
6 88 9 10
6 89 9 9
6 90 9 9
6 91 9 9
6 92 10 9
6 93 10 9
6 94 9 10
6 95 10 10
6 96 10 9
6 97 9 9
6 98 10 9
6 99 9 9
7 8 10 9
7 9 9 10
7 10 9 9
7 11 10 9
7 12 9 9
7 13 10 9
7 14 9 10
7 15 9 9
7 16 9 9
7 17 10 10
7 18 9 10
7 19 9 10
7 20 9 10
7 21 10 9
7 22 10 9
7 23 9 10
7 24 9 9
7 25 10 10
7 26 9 10
7 27 9 10
7 28 10 10
7 29 10 10
7 30 9 10
7 31 9 9
7 32 9 10
7 33 10 10
7 34 10 9
7 35 9 10
7 36 9 10
7 37 10 9
7 38 9 10
7 39 10 10
7 40 9 10
7 41 9 10
7 42 10 10
7 43 10 10
7 44 9 9
7 45 9 10
7 46 9 9
7 47 10 10
7 48 10 10
7 49 9 9
7 50 10 9
7 51 10 10
7 52 10 9
7 53 9 9
7 54 9 10
7 55 10 10
7 56 10 9
7 57 10 9
7 58 10 9
7 59 10 10
7 60 9 9
7 61 9 9
7 62 10 9
7 63 10 10
7 64 9 9
7 65 10 10
7 66 10 10
7 67 10 9
7 68 9 10
7 69 10 10
7 70 9 9
7 71 10 10
7 72 9 9
7 73 10 9
7 74 9 10
7 75 10 9
7 76 10 9
7 77 10 10
7 78 10 10
7 79 9 9
7 80 9 10
7 81 10 10
7 82 10 9
7 83 9 9
7 84 10 9
7 85 9 9
7 86 9 10
7 87 10 9
7 88 9 9
7 89 10 9
7 90 10 9
7 91 9 9
7 92 10 10
7 93 9 10
7 94 10 9
7 95 9 10
7 96 10 9
7 97 10 10
7 98 9 9
7 99 9 9
8 9 96 92
8 10 97 99
8 11 91 98
8 12 9 9
8 13 9 9
8 14 10 9
8 15 10 9
8 16 9 10
8 17 9 10
8 18 9 9
8 19 9 10
8 20 9 10
8 21 10 10
8 22 10 10
8 23 10 9
8 24 10 10
8 25 9 9
8 26 10 10
8 27 9 10
8 28 9 10
8 29 9 10
8 30 9 9
8 31 9 9
8 32 9 10
8 33 9 10
8 34 9 9
8 35 10 10
8 36 10 10
8 37 10 10
8 38 10 10
8 39 9 9
8 40 10 10
8 41 9 9
8 42 10 9
8 43 10 10
8 44 10 10
8 45 9 10
8 46 9 10
8 47 10 10
8 48 10 10
8 49 9 10
8 50 10 10
8 51 9 10
8 52 9 9
8 53 9 10
8 54 9 10
8 55 9 10
8 56 10 9
8 57 9 10
8 58 9 9
8 59 9 9
8 60 9 9
8 61 10 10
8 62 9 9
8 63 9 9
8 64 10 10
8 65 9 10
8 66 10 10
8 67 10 9
8 68 10 9
8 69 10 10
8 70 9 9
8 71 10 9
8 72 9 10
8 73 9 10
8 74 9 10
8 75 10 10
8 76 9 9
8 77 10 10
8 78 9 10
8 79 10 9
8 80 9 9
8 81 10 9
8 82 10 9
8 83 9 10
8 84 10 9
8 85 9 9
8 86 10 10
8 87 10 10
8 88 9 9
8 89 9 10
8 90 9 10
8 91 9 9
8 92 9 9
8 93 10 9
8 94 10 9
8 95 10 9
8 96 10 9
8 97 9 9
8 98 9 10
8 99 10 9
9 10 100 91
9 11 100 98
9 12 10 10
9 13 10 10
9 14 9 9
9 15 9 9
9 16 9 10
9 17 10 9
9 18 10 10
9 19 9 10
9 20 10 10
9 21 9 9
9 22 10 9
9 23 10 10
9 24 9 10
9 25 10 10
9 26 9 10
9 27 9 9
9 28 9 9
9 29 10 9
9 30 9 10
9 31 9 9
9 32 10 9
9 33 9 10
9 34 10 10
9 35 10 10
9 36 9 9
9 37 10 9
9 38 9 9
9 39 10 10
9 40 10 10
9 41 9 10
9 42 10 10
9 43 10 10
9 44 9 9
9 45 10 9
9 46 9 10
9 47 9 9
9 48 9 9
9 49 9 10
9 50 10 9
9 51 9 10
9 52 9 9
9 53 10 9
9 54 10 9
9 55 9 10
9 56 10 9
9 57 9 10
9 58 10 10
9 59 9 9
9 60 9 9
9 61 9 9
9 62 9 10
9 63 9 9
9 64 9 9
9 65 10 10
9 66 9 9
9 67 10 9
9 68 9 10
9 69 9 9
9 70 10 10
9 71 9 10
9 72 9 9
9 73 9 9
9 74 10 10
9 75 9 9
9 76 10 9
9 77 9 9
9 78 10 10
9 79 9 9
9 80 9 10
9 81 10 9
9 82 9 9
9 83 10 9
9 84 10 9
9 85 9 9
9 86 10 9
9 87 9 10
9 88 10 9
9 89 10 9
9 90 10 9
9 91 10 9
9 92 10 10
9 93 10 10
9 94 9 9
9 95 9 10
9 96 9 9
9 97 9 9
9 98 10 10
9 99 9 9
10 11 92 91
10 12 9 10
10 13 10 9
10 14 9 9
10 15 10 9
10 16 10 10
10 17 10 10
10 18 9 10
10 19 10 9
10 20 9 10
10 21 10 10
10 22 9 9
10 23 9 10
10 24 10 10
10 25 10 10
10 26 9 9
10 27 9 10
10 28 10 9
10 29 10 9
10 30 9 9
10 31 10 10
10 32 10 9
10 33 9 10
10 34 10 9
10 35 9 9
10 36 9 9
10 37 9 10
10 38 10 9
10 39 9 10
10 40 9 9
10 41 10 10
10 42 9 9
10 43 10 9
10 44 10 10
10 45 9 10
10 46 9 9
10 47 10 10
10 48 10 9
10 49 9 9
10 50 10 9
10 51 10 9
10 52 10 10
10 53 9 9
10 54 9 10
10 55 9 9
10 56 10 10
10 57 10 10
10 58 9 10
10 59 10 9
10 60 9 10
10 61 10 10
10 62 10 10
10 63 10 10
10 64 10 9
10 65 9 9
10 66 9 10
10 67 9 9
10 68 9 9
10 69 10 10
10 70 9 10
10 71 9 10
10 72 9 9
10 73 9 10
10 74 10 10
10 75 9 9
10 76 10 9
10 77 9 9
10 78 10 10
10 79 10 9
10 80 10 10
10 81 10 9
10 82 10 9
10 83 10 9
10 84 9 9
10 85 10 9
10 86 10 9
10 87 9 9
10 88 10 9
10 89 9 10
10 90 10 9
10 91 9 9
10 92 9 10
10 93 10 9
10 94 9 9
10 95 10 9
10 96 9 10
10 97 10 9
10 98 10 10
10 99 10 10
11 12 10 10
11 13 9 10
11 14 9 10
11 15 9 9
11 16 9 10
11 17 9 10
11 18 10 9
11 19 10 10
11 20 10 10
11 21 9 9
11 22 10 10
11 23 10 10
11 24 10 10
11 25 10 9
11 26 9 10
11 27 10 9
11 28 9 10
11 29 9 9
11 30 10 9
11 31 10 10
11 32 10 9
11 33 10 9
11 34 10 10
11 35 9 9
11 36 9 10
11 37 9 10
11 38 10 9
11 39 9 10
11 40 9 9
11 41 10 9
11 42 9 9
11 43 10 9
11 44 10 9
11 45 9 9
11 46 9 10
11 47 10 9
11 48 9 10
11 49 9 10
11 50 10 9
11 51 10 9
11 52 10 10
11 53 9 9
11 54 10 10
11 55 9 9
11 56 9 9
11 57 10 9
11 58 9 10
11 59 9 10
11 60 10 9
11 61 10 10
11 62 10 9
11 63 10 10
11 64 10 10
11 65 9 10
11 66 10 10
11 67 10 9
11 68 10 9
11 69 10 9
11 70 10 9
11 71 10 10
11 72 10 9
11 73 10 10
11 74 10 10
11 75 9 10
11 76 10 10
11 77 10 10
11 78 10 10
11 79 9 9
11 80 10 10
11 81 9 9
11 82 9 9
11 83 10 9
11 84 10 10
11 85 10 10
11 86 9 9
11 87 10 10
11 88 10 10
11 89 9 10
11 90 9 9
11 91 10 10
11 92 10 10
11 93 9 10
11 94 10 9
11 95 9 9
11 96 10 10
11 97 10 10
11 98 9 9
11 99 10 10
12 13 91 95
12 14 99 100
12 15 93 98
12 16 9 9
12 17 10 10
12 18 10 10
12 19 9 10
12 20 9 9
12 21 10 10
12 22 10 9
12 23 9 9
12 24 9 10
12 25 9 9
12 26 9 9
12 27 10 10
12 28 9 10
12 29 9 9
12 30 9 10
12 31 10 10
12 32 10 10
12 33 9 9
12 34 9 9
12 35 9 10
12 36 10 9
12 37 10 9
12 38 9 10
12 39 9 10
12 40 9 10
12 41 10 9
12 42 9 9
12 43 10 10
12 44 10 10
12 45 9 10
12 46 10 10
12 47 10 9
12 48 10 9
12 49 10 10
12 50 10 10
12 51 10 9
12 52 10 9
12 53 10 10
12 54 10 10
12 55 10 9
12 56 9 10
12 57 9 10
12 58 9 10
12 59 9 9
12 60 9 10
12 61 9 9
12 62 10 9
12 63 10 10
12 64 10 9
12 65 10 10
12 66 10 10
12 67 9 10
12 68 9 9
12 69 10 9
12 70 10 9
12 71 10 10
12 72 9 10
12 73 9 9
12 74 10 9
12 75 10 9
12 76 10 10
12 77 9 10
12 78 9 9
12 79 10 10
12 80 9 10
12 81 9 10
12 82 10 10
12 83 9 9
12 84 9 9
12 85 9 9
12 86 10 9
12 87 10 10
12 88 9 9
12 89 9 9
12 90 9 10
12 91 10 9
12 92 9 10
12 93 10 10
12 94 10 9
12 95 9 9
12 96 10 10
12 97 10 10
12 98 9 9
12 99 10 9
13 14 96 97
13 15 93 96
13 16 9 9
13 17 10 9
13 18 10 9
13 19 10 10
13 20 9 10
13 21 10 9
13 22 10 10
13 23 9 9
13 24 9 9
13 25 9 10
13 26 10 10
13 27 10 9
13 28 10 10
13 29 10 9
13 30 10 9
13 31 9 9
13 32 9 9
13 33 9 10
13 34 10 10
13 35 9 9
13 36 10 9
13 37 10 10
13 38 9 9
13 39 10 10
13 40 9 10
13 41 10 10
13 42 10 9
13 43 9 9
13 44 10 10
13 45 9 9
13 46 9 9
13 47 10 10
13 48 10 10
13 49 10 10
13 50 9 9
13 51 10 10
13 52 9 9
13 53 9 9
13 54 9 10
13 55 10 10
13 56 10 9
13 57 10 10
13 58 9 10
13 59 10 9
13 60 10 9
13 61 9 9
13 62 9 10
13 63 9 10
13 64 9 9
13 65 10 9
13 66 9 9
13 67 9 10
13 68 10 9
13 69 10 10
13 70 9 10
13 71 9 10
13 72 10 10
13 73 9 9
13 74 10 9
13 75 10 9
13 76 9 10
13 77 10 10
13 78 9 10
13 79 10 10
13 80 10 10
13 81 10 10
13 82 10 10
13 83 10 10
13 84 9 9
13 85 9 9
13 86 9 9
13 87 10 10
13 88 9 9
13 89 10 10
13 90 10 9
13 91 10 9
13 92 10 9
13 93 10 9
13 94 10 10
13 95 10 10
13 96 10 9
13 97 9 9
13 98 9 9
13 99 10 9
14 15 98 97
14 16 9 9
14 17 9 10
14 18 9 9
14 19 9 9
14 20 10 10
14 21 9 10
14 22 9 10
14 23 10 10
14 24 9 10
14 25 9 10
14 26 9 9
14 27 10 9
14 28 9 9
14 29 9 10
14 30 10 10
14 31 10 9
14 32 10 9
14 33 10 10
14 34 9 9
14 35 9 10
14 36 10 9
14 37 9 10
14 38 10 9
14 39 10 9
14 40 9 9
14 41 10 10
14 42 9 9
14 43 9 10
14 44 10 10
14 45 10 10
14 46 10 9
14 47 10 10
14 48 9 10
14 49 10 9
14 50 9 9
14 51 9 10
14 52 9 10
14 53 10 9
14 54 10 9
14 55 10 9
14 56 9 10
14 57 9 10
14 58 9 10
14 59 9 9
14 60 9 10
14 61 9 9
14 62 10 9
14 63 10 10
14 64 10 10
14 65 10 9
14 66 9 10
14 67 10 10
14 68 10 9
14 69 10 9
14 70 10 9
14 71 10 9
14 72 9 9
14 73 10 9
14 74 9 9
14 75 9 9
14 76 10 10
14 77 10 9
14 78 9 10
14 79 9 9
14 80 10 10
14 81 10 9
14 82 10 10
14 83 9 10
14 84 9 10
14 85 10 10
14 86 9 9
14 87 10 9
14 88 10 10
14 89 9 9
14 90 10 10
14 91 10 9
14 92 9 9
14 93 10 10
14 94 10 10
14 95 9 10
14 96 9 10
14 97 9 10
14 98 9 10
14 99 9 9
15 16 10 9
15 17 9 9
15 18 9 10
15 19 10 10
15 20 9 9
15 21 10 9
15 22 10 10
15 23 9 10
15 24 9 9
15 25 9 9
15 26 9 10
15 27 10 9
15 28 10 9
15 29 9 10
15 30 9 9
15 31 10 10
15 32 10 10
15 33 10 9
15 34 10 9
15 35 9 9
15 36 9 9
15 37 10 9
15 38 9 10
15 39 9 10
15 40 10 9
15 41 10 9
15 42 9 9
15 43 10 9
15 44 10 10
15 45 9 9
15 46 9 10
15 47 10 10
15 48 10 10
15 49 9 9
15 50 9 9
15 51 9 10
15 52 10 10
15 53 9 9
15 54 10 9
15 55 10 10
15 56 9 9
15 57 9 10
15 58 9 9
15 59 10 9
15 60 10 9
15 61 10 10
15 62 10 9
15 63 9 9
15 64 9 9
15 65 10 9
15 66 9 9
15 67 9 10
15 68 10 9
15 69 10 9
15 70 9 9
15 71 10 10
15 72 9 9
15 73 9 9
15 74 10 10
15 75 10 10
15 76 10 10
15 77 9 9
15 78 10 10
15 79 10 10
15 80 9 10
15 81 10 9
15 82 10 9
15 83 10 10
15 84 9 10
15 85 10 10
15 86 9 10
15 87 10 9
15 88 9 9
15 89 10 9
15 90 10 9
15 91 9 10
15 92 9 10
15 93 10 10
15 94 10 10
15 95 10 9
15 96 10 10
15 97 9 9
15 98 10 10
15 99 10 10
16 17 96 91
16 18 91 100
16 19 92 97
16 20 10 9
16 21 10 10
16 22 9 10
16 23 9 9
16 24 10 9
16 25 10 10
16 26 10 9
16 27 9 9
16 28 9 9
16 29 9 9
16 30 9 9
16 31 9 10
16 32 10 10
16 33 9 10
16 34 10 10
16 35 10 9
16 36 9 10
16 37 9 9
16 38 9 10
16 39 10 9
16 40 10 10
16 41 10 9
16 42 10 9
16 43 10 10
16 44 10 10
16 45 9 9
16 46 10 9
16 47 9 10
16 48 9 10
16 49 10 9
16 50 10 9
16 51 10 10
16 52 9 9
16 53 9 10
16 54 9 9
16 55 9 10
16 56 9 10
16 57 9 10
16 58 9 9
16 59 9 10
16 60 10 9
16 61 10 10
16 62 10 9
16 63 10 9
16 64 9 10
16 65 10 9
16 66 10 9
16 67 10 10
16 68 10 9
16 69 9 10
16 70 10 9
16 71 9 9
16 72 9 10
16 73 9 9
16 74 9 10
16 75 9 9
16 76 10 9
16 77 10 9
16 78 9 10
16 79 9 9
16 80 9 9
16 81 10 10
16 82 9 9
16 83 10 9
16 84 10 10
16 85 9 9
16 86 10 9
16 87 10 10
16 88 10 10
16 89 10 9
16 90 9 10
16 91 9 10
16 92 9 9
16 93 10 9
16 94 10 10
16 95 9 10
16 96 9 9
16 97 9 10
16 98 10 9
16 99 9 10
17 18 91 97
17 19 96 99
17 20 10 10
17 21 9 10
17 22 10 9
17 23 9 9
17 24 10 9
17 25 9 9
17 26 9 10
17 27 9 10
17 28 9 9
17 29 10 10
17 30 9 10
17 31 9 9
17 32 10 10
17 33 10 9
17 34 9 9
17 35 9 10
17 36 10 10
17 37 9 10
17 38 9 10
17 39 10 9
17 40 9 10
17 41 9 10
17 42 10 9
17 43 10 9
17 44 9 10
17 45 9 9
17 46 10 10
17 47 10 9
17 48 10 10
17 49 10 10
17 50 9 10
17 51 9 10
17 52 10 9
17 53 9 9
17 54 9 9
17 55 9 10
17 56 9 9
17 57 10 9
17 58 9 10
17 59 10 10
17 60 10 10
17 61 9 10
17 62 9 10
17 63 10 9
17 64 10 9
17 65 9 10
17 66 9 9
17 67 9 10
17 68 9 10
17 69 10 10
17 70 9 10
17 71 10 9
17 72 9 10
17 73 9 10
17 74 9 10
17 75 9 9
17 76 9 9
17 77 9 9
17 78 10 9
17 79 10 9
17 80 10 10
17 81 9 10
17 82 9 10
17 83 10 10
17 84 9 9
17 85 9 10
17 86 9 9
17 87 10 10
17 88 10 9
17 89 9 10
17 90 9 10
17 91 10 9
17 92 9 10
17 93 10 9
17 94 9 9
17 95 10 10
17 96 10 10
17 97 10 9
17 98 10 10
17 99 10 9
18 19 97 100
18 20 9 9
18 21 10 10
18 22 10 9
18 23 10 10
18 24 10 9
18 25 10 10
18 26 10 9
18 27 10 9
18 28 10 10
18 29 10 10
18 30 9 9
18 31 9 9
18 32 10 10
18 33 10 10
18 34 9 10
18 35 9 10
18 36 10 10
18 37 10 9
18 38 9 10
18 39 9 9
18 40 9 9
18 41 9 10
18 42 10 9
18 43 10 10
18 44 9 10
18 45 10 10
18 46 10 9
18 47 9 10
18 48 9 10
18 49 10 9
18 50 10 10
18 51 10 10
18 52 10 10
18 53 10 10
18 54 10 10
18 55 9 10
18 56 10 10
18 57 10 10
18 58 9 10
18 59 9 10
18 60 10 9
18 61 10 10
18 62 10 10
18 63 9 9
18 64 10 10
18 65 9 9
18 66 10 9
18 67 10 9
18 68 10 9
18 69 9 10
18 70 10 9
18 71 10 9
18 72 10 9
18 73 9 10
18 74 9 9
18 75 9 9
18 76 9 9
18 77 9 10
18 78 10 10
18 79 10 9
18 80 9 10
18 81 9 9
18 82 10 9
18 83 10 10
18 84 9 9
18 85 9 9
18 86 10 10
18 87 10 9
18 88 9 9
18 89 10 10
18 90 10 9
18 91 10 10
18 92 10 9
18 93 9 9
18 94 10 9
18 95 10 9
18 96 10 10
18 97 10 10
18 98 9 9
18 99 10 9
19 20 10 10
19 21 10 10
19 22 9 9
19 23 9 9
19 24 10 9
19 25 9 10
19 26 10 10
19 27 9 9
19 28 9 10
19 29 9 9
19 30 10 9
19 31 10 10
19 32 10 10
19 33 9 10
19 34 9 10
19 35 9 10
19 36 10 9
19 37 9 10
19 38 9 9
19 39 10 10
19 40 9 10
19 41 10 9
19 42 9 9
19 43 10 9
19 44 10 9
19 45 10 10
19 46 10 10
19 47 9 10
19 48 10 10
19 49 9 9
19 50 10 10
19 51 9 10
19 52 10 10
19 53 10 9
19 54 9 10
19 55 9 9
19 56 10 10
19 57 10 10
19 58 9 10
19 59 10 10
19 60 9 9
19 61 9 9
19 62 10 9
19 63 10 9
19 64 9 10
19 65 10 9
19 66 10 10
19 67 10 10
19 68 10 9
19 69 9 9
19 70 10 9
19 71 10 9
19 72 10 10
19 73 10 10
19 74 10 10
19 75 10 9
19 76 9 10
19 77 10 10
19 78 9 9
19 79 10 9
19 80 10 10
19 81 9 10
19 82 9 10
19 83 9 10
19 84 9 9
19 85 10 9
19 86 10 10
19 87 9 9
19 88 9 9
19 89 10 9
19 90 9 9
19 91 10 10
19 92 9 10
19 93 10 10
19 94 9 10
19 95 10 10
19 96 10 9
19 97 10 9
19 98 9 9
19 99 9 9
20 21 91 94
20 22 100 97
20 23 95 91
20 24 10 10
20 25 9 9
20 26 10 10
20 27 10 9
20 28 9 10
20 29 9 9
20 30 9 10
20 31 10 9
20 32 10 10
20 33 9 9
20 34 10 10
20 35 9 9
20 36 9 10
20 37 10 10
20 38 10 10
20 39 9 10
20 40 10 10
20 41 9 9
20 42 10 9
20 43 10 9
20 44 9 9
20 45 9 10
20 46 9 10
20 47 10 9
20 48 9 10
20 49 9 9
20 50 10 10
20 51 9 10
20 52 10 9
20 53 9 10
20 54 9 10
20 55 9 10
20 56 9 9
20 57 9 9
20 58 9 9
20 59 9 9
20 60 9 9
20 61 10 9
20 62 10 10
20 63 9 10
20 64 10 9
20 65 9 9
20 66 9 10
20 67 10 9
20 68 10 9
20 69 10 10
20 70 10 10
20 71 9 9
20 72 9 9
20 73 9 10
20 74 9 10
20 75 10 10
20 76 10 9
20 77 10 10
20 78 10 10
20 79 9 9
20 80 9 9
20 81 9 9
20 82 10 9
20 83 10 10
20 84 9 10
20 85 10 10
20 86 9 10
20 87 9 9
20 88 10 9
20 89 10 10
20 90 9 10
20 91 10 10
20 92 10 9
20 93 10 10
20 94 9 9
20 95 10 10
20 96 9 9
20 97 10 10
20 98 9 9
20 99 9 9
21 22 91 91
21 23 98 98
21 24 9 10
21 25 9 9
21 26 9 9
21 27 10 9
21 28 10 9
21 29 10 10
21 30 10 9
21 31 9 9
21 32 9 10
21 33 9 10
21 34 9 10
21 35 10 10
21 36 9 10
21 37 9 9
21 38 9 10
21 39 10 10
21 40 9 9
21 41 9 10
21 42 10 9
21 43 9 10
21 44 10 9
21 45 9 9
21 46 9 9
21 47 9 9
21 48 9 9
21 49 9 9
21 50 9 9
21 51 10 9
21 52 9 9
21 53 10 10
21 54 9 10
21 55 9 10
21 56 9 9
21 57 10 10
21 58 9 9
21 59 10 10
21 60 10 9
21 61 10 9
21 62 10 9
21 63 10 9
21 64 9 9
21 65 9 10
21 66 10 10
21 67 10 10
21 68 10 9
21 69 9 9
21 70 9 9
21 71 10 10
21 72 9 9
21 73 9 10
21 74 10 10
21 75 10 10
21 76 10 9
21 77 9 9
21 78 10 10
21 79 10 10
21 80 9 9
21 81 9 9
21 82 10 10
21 83 10 9
21 84 9 10
21 85 10 10
21 86 9 10
21 87 10 10
21 88 10 9
21 89 10 9
21 90 9 9
21 91 9 10
21 92 9 10
21 93 9 10
21 94 10 9
21 95 9 10
21 96 9 9
21 97 10 10
21 98 9 9
21 99 9 10
22 23 91 97
22 24 10 10
22 25 10 9
22 26 9 10
22 27 10 10
22 28 9 10
22 29 10 10
22 30 9 10
22 31 10 10
22 32 9 9
22 33 10 9
22 34 10 9
22 35 9 9
22 36 10 9
22 37 9 10
22 38 9 9
22 39 10 9
22 40 10 10
22 41 10 10
22 42 10 9
22 43 10 9
22 44 10 9
22 45 9 10
22 46 9 9
22 47 9 10
22 48 9 9
22 49 9 9
22 50 10 9
22 51 10 9
22 52 9 10
22 53 10 10
22 54 10 9
22 55 10 9
22 56 9 9
22 57 9 10
22 58 10 9
22 59 9 9
22 60 10 10
22 61 9 9
22 62 10 9
22 63 9 9
22 64 10 9
22 65 9 9
22 66 10 10
22 67 10 10
22 68 10 10
22 69 10 9
22 70 10 9
22 71 10 10
22 72 10 9
22 73 10 10
22 74 10 10
22 75 10 9
22 76 9 10
22 77 10 10
22 78 9 9
22 79 10 9
22 80 10 9
22 81 10 9
22 82 9 10
22 83 9 10
22 84 10 10
22 85 9 9
22 86 9 9
22 87 9 9
22 88 10 10
22 89 10 9
22 90 9 10
22 91 10 10
22 92 10 9
22 93 9 9
22 94 9 10
22 95 10 10
22 96 10 9
22 97 9 9
22 98 10 10
22 99 9 9
23 24 10 9
23 25 9 10
23 26 10 10
23 27 10 9
23 28 10 9
23 29 10 9
23 30 10 9
23 31 9 10
23 32 10 9
23 33 9 10
23 34 10 9
23 35 9 9
23 36 10 9
23 37 10 10
23 38 9 9
23 39 10 9
23 40 10 9
23 41 10 10
23 42 10 9
23 43 10 10
23 44 10 10
23 45 10 10
23 46 9 9
23 47 9 9
23 48 10 10
23 49 9 10
23 50 9 10
23 51 10 9
23 52 10 10
23 53 9 9
23 54 10 10
23 55 10 9
23 56 10 9
23 57 10 10
23 58 9 10
23 59 10 10
23 60 9 9
23 61 9 9
23 62 10 10
23 63 10 10
23 64 9 9
23 65 10 9
23 66 10 10
23 67 10 9
23 68 9 10
23 69 10 9
23 70 10 9
23 71 10 9
23 72 9 9
23 73 9 10
23 74 9 9
23 75 10 10
23 76 9 10
23 77 10 9
23 78 10 9
23 79 10 9
23 80 9 9
23 81 10 10
23 82 9 9
23 83 9 10
23 84 10 9
23 85 9 9
23 86 10 9
23 87 9 10
23 88 9 9
23 89 9 9
23 90 10 9
23 91 10 9
23 92 9 9
23 93 9 10
23 94 10 10
23 95 9 9
23 96 10 9
23 97 10 10
23 98 9 10
23 99 9 10
24 25 94 93
24 26 100 98
24 27 93 98
24 28 10 10
24 29 9 10
24 30 9 9
24 31 10 10
24 32 10 10
24 33 9 10
24 34 10 9
24 35 9 10
24 36 9 10
24 37 10 10
24 38 9 10
24 39 10 9
24 40 10 9
24 41 10 10
24 42 9 10
24 43 9 10
24 44 9 10
24 45 9 9
24 46 9 9
24 47 9 10
24 48 10 9
24 49 10 10
24 50 10 9
24 51 9 9
24 52 9 10
24 53 10 9
24 54 9 10
24 55 10 10
24 56 9 10
24 57 10 10
24 58 9 9
24 59 9 10
24 60 10 9
24 61 10 10
24 62 9 9
24 63 10 9
24 64 9 9
24 65 10 9
24 66 10 10
24 67 9 10
24 68 10 10
24 69 9 9
24 70 10 10
24 71 9 10
24 72 10 10
24 73 9 9
24 74 10 10
24 75 9 10
24 76 10 9
24 77 10 10
24 78 9 10
24 79 10 9
24 80 10 9
24 81 9 10
24 82 10 9
24 83 9 10
24 84 9 10
24 85 10 10
24 86 10 9
24 87 10 9
24 88 10 10
24 89 10 9
24 90 10 10
24 91 10 9
24 92 10 9
24 93 10 10
24 94 10 10
24 95 9 10
24 96 9 10
24 97 10 10
24 98 10 9
24 99 9 10
25 26 98 95
25 27 99 95
25 28 10 9
25 29 10 10
25 30 10 10
25 31 10 10
25 32 10 9
25 33 10 9
25 34 10 10
25 35 10 9
25 36 10 10
25 37 10 10
25 38 10 9
25 39 10 10
25 40 10 9
25 41 10 9
25 42 9 9
25 43 10 10
25 44 9 9
25 45 10 10
25 46 10 9
25 47 10 10
25 48 10 10
25 49 10 9
25 50 10 10
25 51 9 9
25 52 9 10
25 53 10 9
25 54 10 10
25 55 9 9
25 56 10 9
25 57 10 10
25 58 10 10
25 59 9 10
25 60 10 10
25 61 9 9
25 62 9 9
25 63 10 10
25 64 9 10
25 65 9 9
25 66 9 9
25 67 9 9
25 68 9 10
25 69 9 10
25 70 9 9
25 71 10 10
25 72 9 10
25 73 9 10
25 74 10 10
25 75 9 10
25 76 10 10
25 77 10 10
25 78 10 9
25 79 9 10
25 80 10 10
25 81 9 10
25 82 9 10
25 83 10 10
25 84 9 10
25 85 10 9
25 86 10 10
25 87 10 10
25 88 9 10
25 89 9 10
25 90 9 10
25 91 10 9
25 92 10 9
25 93 9 10
25 94 10 10
25 95 9 10
25 96 9 9
25 97 9 9
25 98 9 10
25 99 9 10
26 27 92 94
26 28 10 9
26 29 9 9
26 30 9 10
26 31 9 10
26 32 9 10
26 33 9 10
26 34 9 9
26 35 9 10
26 36 9 10
26 37 10 10
26 38 9 9
26 39 10 9
26 40 9 10
26 41 9 10
26 42 9 9
26 43 9 9
26 44 10 10
26 45 10 10
26 46 9 10
26 47 10 9
26 48 10 9
26 49 10 9
26 50 9 9
26 51 9 10
26 52 9 10
26 53 9 9
26 54 10 9
26 55 9 10
26 56 9 10
26 57 9 9
26 58 10 9
26 59 10 10
26 60 9 9
26 61 9 10
26 62 9 10
26 63 10 9
26 64 10 10
26 65 10 9
26 66 9 9
26 67 9 9
26 68 10 10
26 69 10 10
26 70 10 9
26 71 9 10
26 72 9 9
26 73 10 9
26 74 10 10
26 75 10 9
26 76 9 10
26 77 10 10
26 78 10 9
26 79 9 9
26 80 10 9
26 81 10 9
26 82 10 10
26 83 9 10
26 84 9 9
26 85 9 9
26 86 9 9
26 87 9 9
26 88 10 9
26 89 9 10
26 90 9 10
26 91 9 10
26 92 9 10
26 93 9 9
26 94 9 10
26 95 10 10
26 96 9 9
26 97 9 9
26 98 10 9
26 99 10 9
27 28 10 10
27 29 9 10
27 30 10 10
27 31 9 9
27 32 9 10
27 33 10 9
27 34 10 9
27 35 9 9
27 36 9 9
27 37 9 10
27 38 9 9
27 39 9 10
27 40 9 10
27 41 9 10
27 42 10 9
27 43 10 10
27 44 9 10
27 45 10 10
27 46 10 9
27 47 10 9
27 48 10 10
27 49 9 9
27 50 10 10
27 51 10 9
27 52 9 9
27 53 10 9
27 54 9 9
27 55 10 10
27 56 9 9
27 57 9 10
27 58 9 10
27 59 9 10
27 60 10 10
27 61 9 10
27 62 9 9
27 63 10 9
27 64 9 10
27 65 10 9
27 66 9 9
27 67 10 9
27 68 10 10
27 69 9 9
27 70 9 9
27 71 10 10
27 72 10 10
27 73 9 10
27 74 9 10
27 75 9 9
27 76 10 10
27 77 9 9
27 78 10 10
27 79 10 9
27 80 9 9
27 81 10 9
27 82 9 9
27 83 9 9
27 84 9 10
27 85 10 9
27 86 9 9
27 87 9 9
27 88 9 10
27 89 9 9
27 90 10 9
27 91 10 10
27 92 9 9
27 93 10 10
27 94 10 10
27 95 9 10
27 96 10 9
27 97 9 9
27 98 10 10
27 99 9 10
28 29 94 100
28 30 95 98
28 31 96 100
28 32 9 10
28 33 9 10
28 34 10 10
28 35 9 9
28 36 10 10
28 37 9 9
28 38 10 10
28 39 10 10
28 40 9 10
28 41 9 9
28 42 10 9
28 43 10 9
28 44 10 10
28 45 9 9
28 46 9 10
28 47 10 9
28 48 9 10
28 49 10 10
28 50 9 10
28 51 9 10
28 52 10 9
28 53 9 9
28 54 10 10
28 55 10 9
28 56 10 9
28 57 9 9
28 58 9 9
28 59 9 10
28 60 9 10
28 61 10 10
28 62 10 9
28 63 9 10
28 64 9 10
28 65 9 9
28 66 10 10
28 67 10 9
28 68 9 10
28 69 10 9
28 70 10 9
28 71 10 10
28 72 9 9
28 73 10 10
28 74 10 9
28 75 9 9
28 76 10 9
28 77 9 9
28 78 9 10
28 79 10 9
28 80 10 10
28 81 10 10
28 82 9 9
28 83 9 9
28 84 10 10
28 85 10 9
28 86 9 10
28 87 9 9
28 88 10 10
28 89 10 10
28 90 10 9
28 91 10 10
28 92 10 10
28 93 10 9
28 94 10 10
28 95 9 10
28 96 9 9
28 97 10 10
28 98 10 10
28 99 9 10
29 30 100 97
29 31 94 99
29 32 9 10
29 33 10 10
29 34 9 10
29 35 9 9
29 36 10 9
29 37 10 9
29 38 10 9
29 39 9 10
29 40 9 9
29 41 10 10
29 42 9 10
29 43 9 10
29 44 10 9
29 45 9 10
29 46 10 9
29 47 10 9
29 48 10 10
29 49 9 10
29 50 9 10
29 51 9 9
29 52 9 10
29 53 9 9
29 54 9 9
29 55 10 10
29 56 9 10
29 57 10 10
29 58 9 10
29 59 10 10
29 60 9 10
29 61 9 10
29 62 10 9
29 63 10 9
29 64 10 10
29 65 10 9
29 66 10 10
29 67 10 9
29 68 9 9
29 69 10 9
29 70 10 10
29 71 9 10
29 72 9 9
29 73 10 9
29 74 9 9
29 75 9 10
29 76 10 10
29 77 10 9
29 78 10 10
29 79 9 9
29 80 9 9
29 81 10 9
29 82 9 10
29 83 9 10
29 84 10 10
29 85 10 9
29 86 10 9
29 87 9 10
29 88 9 9
29 89 10 9
29 90 10 10
29 91 10 9
29 92 10 9
29 93 10 9
29 94 9 10
29 95 9 10
29 96 10 10
29 97 9 9
29 98 10 9
29 99 10 10
30 31 95 96
30 32 9 9
30 33 10 9
30 34 9 10
30 35 10 9
30 36 9 10
30 37 10 10
30 38 9 10
30 39 10 9
30 40 10 10
30 41 10 9
30 42 9 10
30 43 9 10
30 44 10 10
30 45 10 10
30 46 10 9
30 47 10 9
30 48 9 9
30 49 9 10
30 50 9 10
30 51 9 9
30 52 9 10
30 53 9 10
30 54 9 10
30 55 9 9
30 56 9 10
30 57 10 9
30 58 9 9
30 59 10 10
30 60 10 10
30 61 10 10
30 62 10 10
30 63 9 10
30 64 9 9
30 65 9 10
30 66 10 9
30 67 9 10
30 68 9 10
30 69 9 10
30 70 9 10
30 71 10 10
30 72 10 10
30 73 10 10
30 74 9 10
30 75 10 10
30 76 9 10
30 77 10 10
30 78 9 10
30 79 9 10
30 80 9 9
30 81 10 10
30 82 9 9
30 83 9 10
30 84 10 10
30 85 9 9
30 86 9 10
30 87 10 10
30 88 10 9
30 89 9 10
30 90 9 10
30 91 10 10
30 92 9 9
30 93 10 10
30 94 10 10
30 95 9 9
30 96 10 10
30 97 9 10
30 98 10 10
30 99 9 10
31 32 10 10
31 33 9 9
31 34 9 10
31 35 9 10
31 36 9 9
31 37 10 10
31 38 10 10
31 39 10 9
31 40 9 9
31 41 9 9
31 42 9 9
31 43 9 9
31 44 9 10
31 45 9 9
31 46 10 10
31 47 9 10
31 48 10 10
31 49 9 9
31 50 10 10
31 51 9 9
31 52 10 9
31 53 10 9
31 54 9 10
31 55 10 9
31 56 10 9
31 57 10 10
31 58 10 10
31 59 10 10
31 60 10 9
31 61 9 9
31 62 9 10
31 63 10 10
31 64 10 9
31 65 10 10
31 66 9 9
31 67 10 10
31 68 10 9
31 69 9 9
31 70 9 9
31 71 10 9
31 72 10 10
31 73 9 9
31 74 9 10
31 75 9 9
31 76 9 10
31 77 9 9
31 78 9 9
31 79 9 10
31 80 10 10
31 81 9 9
31 82 10 10
31 83 9 9
31 84 10 10
31 85 9 9
31 86 9 10
31 87 10 9
31 88 9 10
31 89 9 10
31 90 10 10
31 91 10 9
31 92 10 10
31 93 10 9
31 94 10 10
31 95 9 9
31 96 10 10
31 97 9 10
31 98 10 9
31 99 10 9
32 33 92 97
32 34 99 99
32 35 98 94
32 36 10 10
32 37 10 10
32 38 9 10
32 39 10 9
32 40 9 10
32 41 9 9
32 42 10 10
32 43 9 10
32 44 10 9
32 45 9 9
32 46 10 10
32 47 9 9
32 48 9 9
32 49 10 9
32 50 10 9
32 51 9 9
32 52 10 10
32 53 10 9
32 54 9 10
32 55 10 9
32 56 9 10
32 57 10 10
32 58 9 9
32 59 10 10
32 60 9 9
32 61 9 9
32 62 10 9
32 63 10 10
32 64 9 9
32 65 10 9
32 66 10 9
32 67 9 9
32 68 9 9
32 69 10 9
32 70 10 9
32 71 9 10
32 72 10 9
32 73 10 10
32 74 9 10
32 75 9 10
32 76 9 10
32 77 10 10
32 78 10 9
32 79 9 10
32 80 9 9
32 81 9 9
32 82 9 9
32 83 10 9
32 84 10 10
32 85 10 9
32 86 9 9
32 87 10 10
32 88 10 9
32 89 10 9
32 90 9 10
32 91 10 10
32 92 9 10
32 93 10 9
32 94 10 9
32 95 9 9
32 96 9 10
32 97 10 9
32 98 10 9
32 99 9 10
33 34 98 93
33 35 94 98
33 36 10 10
33 37 9 9
33 38 9 9
33 39 10 9
33 40 10 9
33 41 9 9
33 42 9 9
33 43 10 9
33 44 10 9
33 45 9 9
33 46 10 9
33 47 10 10
33 48 9 10
33 49 10 9
33 50 10 9
33 51 9 10
33 52 9 10
33 53 9 9
33 54 10 9
33 55 9 10
33 56 9 9
33 57 10 10
33 58 9 9
33 59 9 10
33 60 10 9
33 61 10 10
33 62 9 9
33 63 10 9
33 64 10 10
33 65 10 10
33 66 9 9
33 67 10 10
33 68 10 10
33 69 10 9
33 70 9 9
33 71 9 9
33 72 10 10
33 73 9 10
33 74 10 10
33 75 9 10
33 76 10 10
33 77 10 10
33 78 9 9
33 79 9 10
33 80 9 10
33 81 10 9
33 82 10 9
33 83 10 9
33 84 9 9
33 85 9 9
33 86 9 10
33 87 9 9
33 88 10 9
33 89 9 9
33 90 9 10
33 91 9 9
33 92 9 10
33 93 10 9
33 94 9 9
33 95 10 9
33 96 9 10
33 97 10 10
33 98 9 9
33 99 9 9
34 35 99 92
34 36 9 10
34 37 10 10
34 38 10 9
34 39 9 9
34 40 9 10
34 41 9 9
34 42 9 10
34 43 9 10
34 44 10 10
34 45 10 9
34 46 9 9
34 47 9 9
34 48 10 9
34 49 9 10
34 50 10 10
34 51 10 10
34 52 10 9
34 53 9 10
34 54 10 10
34 55 10 9
34 56 9 9
34 57 9 9
34 58 10 10
34 59 9 9
34 60 9 9
34 61 9 10
34 62 10 10
34 63 9 10
34 64 10 9
34 65 9 9
34 66 9 10
34 67 9 10
34 68 10 9
34 69 10 9
34 70 9 9
34 71 10 9
34 72 10 10
34 73 10 10
34 74 9 9
34 75 10 9
34 76 10 9
34 77 9 10
34 78 10 9
34 79 9 10
34 80 10 9
34 81 10 9
34 82 10 10
34 83 9 9
34 84 9 10
34 85 10 10
34 86 9 10
34 87 10 10
34 88 10 9
34 89 10 9
34 90 9 9
34 91 10 9
34 92 10 10
34 93 9 10
34 94 9 9
34 95 9 9
34 96 9 10
34 97 9 10
34 98 9 9
34 99 9 10
35 36 10 10
35 37 9 10
35 38 10 9
35 39 9 9
35 40 9 10
35 41 10 9
35 42 10 10
35 43 9 10
35 44 10 10
35 45 9 9
35 46 9 9
35 47 9 9
35 48 10 10
35 49 10 10
35 50 10 9
35 51 10 10
35 52 10 10
35 53 10 10
35 54 9 10
35 55 9 10
35 56 9 10
35 57 9 10
35 58 9 10
35 59 9 9
35 60 9 9
35 61 9 10
35 62 9 9
35 63 10 10
35 64 9 10
35 65 9 10
35 66 9 10
35 67 9 10
35 68 10 10
35 69 10 9
35 70 9 10
35 71 9 10
35 72 10 9
35 73 10 10
35 74 10 10
35 75 9 10
35 76 9 9
35 77 9 10
35 78 9 10
35 79 10 10
35 80 9 9
35 81 10 10
35 82 10 10
35 83 9 10
35 84 9 9
35 85 9 9
35 86 10 9
35 87 9 9
35 88 10 9
35 89 10 10
35 90 9 9
35 91 10 10
35 92 9 10
35 93 10 10
35 94 10 9
35 95 9 10
35 96 10 9
35 97 9 9
35 98 10 9
35 99 10 9
36 37 100 97
36 38 95 92
36 39 99 98
36 40 9 9
36 41 9 9
36 42 10 9
36 43 10 9
36 44 10 9
36 45 10 9
36 46 9 10
36 47 10 10
36 48 9 10
36 49 9 9
36 50 10 9
36 51 9 9
36 52 10 9
36 53 9 9
36 54 10 9
36 55 10 9
36 56 10 9
36 57 9 10
36 58 10 10
36 59 9 9
36 60 9 9
36 61 10 10
36 62 9 10
36 63 10 9
36 64 9 9
36 65 9 9
36 66 9 10
36 67 9 9
36 68 10 10
36 69 10 9
36 70 10 10
36 71 10 10
36 72 9 10
36 73 9 10
36 74 9 10
36 75 9 9
36 76 10 9
36 77 10 9
36 78 9 10
36 79 10 9
36 80 10 9
36 81 10 9
36 82 9 9
36 83 10 9
36 84 9 9
36 85 10 9
36 86 9 10
36 87 9 10
36 88 9 10
36 89 10 9
36 90 9 10
36 91 10 10
36 92 10 10
36 93 9 9
36 94 10 10
36 95 10 9
36 96 9 9
36 97 10 9
36 98 10 9
36 99 10 10
37 38 97 100
37 39 94 100
37 40 10 9
37 41 9 10
37 42 9 10
37 43 9 9
37 44 9 9
37 45 10 10
37 46 10 10
37 47 9 9
37 48 9 9
37 49 10 9
37 50 10 9
37 51 10 9
37 52 9 9
37 53 10 10
37 54 10 9
37 55 10 10
37 56 10 9
37 57 10 9
37 58 10 9
37 59 9 9
37 60 9 10
37 61 10 9
37 62 9 9
37 63 9 9
37 64 10 10
37 65 10 10
37 66 9 10
37 67 9 10
37 68 9 9
37 69 9 9
37 70 9 10
37 71 9 10
37 72 10 9
37 73 9 10
37 74 10 9
37 75 10 10
37 76 9 10
37 77 10 9
37 78 10 10
37 79 10 10
37 80 10 10
37 81 10 10
37 82 9 10
37 83 10 9
37 84 9 9
37 85 9 9
37 86 9 9
37 87 9 10
37 88 10 10
37 89 9 10
37 90 10 9
37 91 9 9
37 92 10 10
37 93 10 9
37 94 9 10
37 95 9 10
37 96 9 9
37 97 9 9
37 98 9 10
37 99 10 10
38 39 100 98
38 40 10 10
38 41 9 10
38 42 10 10
38 43 9 9
38 44 9 9
38 45 10 10
38 46 10 9
38 47 9 10
38 48 10 10
38 49 10 9
38 50 9 10
38 51 9 9
38 52 10 9
38 53 10 10
38 54 10 10
38 55 9 9
38 56 10 10
38 57 10 10
38 58 10 9
38 59 9 9
38 60 10 10
38 61 10 10
38 62 10 10
38 63 10 10
38 64 10 9
38 65 10 10
38 66 9 9
38 67 9 10
38 68 10 10
38 69 10 10
38 70 9 9
38 71 9 10
38 72 10 10
38 73 10 10
38 74 10 10
38 75 10 9
38 76 9 9
38 77 9 10
38 78 9 9
38 79 10 9
38 80 10 9
38 81 9 10
38 82 9 9
38 83 9 10
38 84 10 9
38 85 10 10
38 86 10 9
38 87 10 10
38 88 10 10
38 89 9 10
38 90 10 9
38 91 10 9
38 92 9 10
38 93 10 10
38 94 10 10
38 95 9 9
38 96 9 9
38 97 10 10
38 98 10 9
38 99 9 9
39 40 9 9
39 41 10 10
39 42 9 10
39 43 10 9
39 44 10 9
39 45 9 10
39 46 10 10
39 47 9 9
39 48 9 9
39 49 10 10
39 50 10 10
39 51 9 10
39 52 9 10
39 53 9 9
39 54 9 10
39 55 10 10
39 56 9 10
39 57 10 10
39 58 9 9
39 59 9 10
39 60 10 10
39 61 9 10
39 62 9 9
39 63 9 9
39 64 10 10
39 65 9 9
39 66 10 10
39 67 9 9
39 68 9 9
39 69 10 9
39 70 10 10
39 71 9 9
39 72 10 10
39 73 9 9
39 74 10 10
39 75 9 10
39 76 9 10
39 77 9 10
39 78 9 10
39 79 10 9
39 80 10 10
39 81 9 9
39 82 10 10
39 83 10 10
39 84 9 10
39 85 9 9
39 86 10 9
39 87 9 10
39 88 10 9
39 89 10 9
39 90 9 9
39 91 10 10
39 92 10 9
39 93 10 9
39 94 9 10
39 95 9 9
39 96 10 9
39 97 10 9
39 98 9 9
39 99 10 10
40 41 93 97
40 42 98 96
40 43 94 95
40 44 10 9
40 45 10 10
40 46 10 9
40 47 10 10
40 48 9 10
40 49 9 9
40 50 10 9
40 51 10 10
40 52 10 9
40 53 9 10
40 54 9 10
40 55 9 9
40 56 9 9
40 57 9 9
40 58 10 10
40 59 9 9
40 60 9 10
40 61 10 9
40 62 10 10
40 63 9 9
40 64 10 9
40 65 10 9
40 66 9 10
40 67 10 10
40 68 9 9
40 69 9 9
40 70 10 9
40 71 10 9
40 72 10 9
40 73 10 10
40 74 10 10
40 75 10 9
40 76 10 10
40 77 9 9
40 78 9 9
40 79 9 10
40 80 9 10
40 81 10 9
40 82 10 10
40 83 10 10
40 84 10 9
40 85 9 9
40 86 9 9
40 87 9 10
40 88 10 10
40 89 10 9
40 90 10 9
40 91 10 9
40 92 9 10
40 93 10 9
40 94 10 9
40 95 9 10
40 96 10 9
40 97 9 9
40 98 9 10
40 99 9 9
41 42 91 93
41 43 96 92
41 44 10 9
41 45 10 10
41 46 10 9
41 47 9 10
41 48 10 9
41 49 10 9
41 50 10 10
41 51 10 10
41 52 10 9
41 53 10 9
41 54 9 9
41 55 10 10
41 56 10 10
41 57 10 10
41 58 9 10
41 59 9 9
41 60 9 10
41 61 9 10
41 62 10 10
41 63 9 9
41 64 9 9
41 65 10 10
41 66 10 10
41 67 10 9
41 68 10 9
41 69 9 9
41 70 9 10
41 71 9 9
41 72 9 10
41 73 9 10
41 74 10 10
41 75 9 10
41 76 9 10
41 77 10 10
41 78 9 10
41 79 9 10
41 80 10 10
41 81 9 10
41 82 10 9
41 83 10 10
41 84 10 10
41 85 9 9
41 86 10 10
41 87 10 10
41 88 9 10
41 89 10 10
41 90 10 9
41 91 9 9
41 92 9 9
41 93 10 9
41 94 10 9
41 95 10 10
41 96 9 9
41 97 9 9
41 98 10 10
41 99 9 9
42 43 96 93
42 44 10 9
42 45 10 10
42 46 10 9
42 47 9 10
42 48 10 9
42 49 10 9
42 50 10 10
42 51 10 10
42 52 9 10
42 53 9 9
42 54 10 9
42 55 10 10
42 56 10 10
42 57 9 9
42 58 10 9
42 59 9 9
42 60 9 10
42 61 10 9
42 62 10 10
42 63 9 9
42 64 10 10
42 65 10 9
42 66 10 9
42 67 9 10
42 68 10 10
42 69 9 9
42 70 9 9
42 71 10 9
42 72 9 9
42 73 10 10
42 74 10 10
42 75 9 9
42 76 10 9
42 77 9 10
42 78 9 9
42 79 10 9
42 80 10 9
42 81 10 10
42 82 10 10
42 83 10 9
42 84 9 10
42 85 10 9
42 86 10 10
42 87 10 9
42 88 10 9
42 89 9 9
42 90 9 9
42 91 10 10
42 92 10 10
42 93 10 10
42 94 10 10
42 95 10 9
42 96 10 10
42 97 10 9
42 98 9 10
42 99 10 9
43 44 9 9
43 45 10 9
43 46 9 10
43 47 10 10
43 48 10 10
43 49 10 10
43 50 10 10
43 51 9 9
43 52 9 10
43 53 9 10
43 54 9 10
43 55 9 9
43 56 10 10
43 57 9 9
43 58 10 10
43 59 10 9
43 60 10 10
43 61 9 9
43 62 9 9
43 63 9 10
43 64 10 9
43 65 9 9
43 66 9 10
43 67 10 9
43 68 9 10
43 69 10 9
43 70 10 10
43 71 9 10
43 72 10 10
43 73 9 10
43 74 9 9
43 75 9 10
43 76 9 10
43 77 9 9
43 78 10 10
43 79 10 10
43 80 9 9
43 81 9 10
43 82 9 10
43 83 9 9
43 84 10 9
43 85 9 9
43 86 9 9
43 87 9 9
43 88 9 9
43 89 9 10
43 90 10 9
43 91 10 10
43 92 9 9
43 93 10 9
43 94 9 10
43 95 9 9
43 96 9 9
43 97 9 10
43 98 9 9
43 99 10 9
44 45 93 96
44 46 98 94
44 47 93 94
44 48 10 10
44 49 9 10
44 50 10 9
44 51 10 10
44 52 9 9
44 53 10 9
44 54 9 10
44 55 9 9
44 56 9 10
44 57 9 10
44 58 10 10
44 59 10 9
44 60 10 10
44 61 10 9
44 62 10 10
44 63 9 10
44 64 9 9
44 65 9 9
44 66 9 9
44 67 10 9
44 68 10 9
44 69 10 10
44 70 10 9
44 71 9 9
44 72 9 9
44 73 10 9
44 74 10 10
44 75 9 9
44 76 10 10
44 77 10 10
44 78 9 10
44 79 10 10
44 80 9 10
44 81 9 9
44 82 9 9
44 83 9 9
44 84 10 9
44 85 10 9
44 86 9 10
44 87 10 10
44 88 9 9
44 89 10 10
44 90 9 9
44 91 10 10
44 92 9 10
44 93 9 9
44 94 10 10
44 95 9 9
44 96 10 10
44 97 9 9
44 98 10 9
44 99 9 9
45 46 97 99
45 47 99 94
45 48 9 10
45 49 9 9
45 50 9 10
45 51 9 10
45 52 10 9
45 53 9 9
45 54 9 10
45 55 9 9
45 56 9 10
45 57 10 9
45 58 10 10
45 59 10 10
45 60 10 9
45 61 9 10
45 62 9 10
45 63 9 10
45 64 10 9
45 65 9 10
45 66 9 9
45 67 10 9
45 68 9 9
45 69 9 9
45 70 9 9
45 71 10 9
45 72 9 10
45 73 9 9
45 74 9 10
45 75 10 10
45 76 9 9
45 77 9 9
45 78 10 10
45 79 9 10
45 80 9 10
45 81 9 9
45 82 10 10
45 83 9 9
45 84 9 10
45 85 10 9
45 86 10 10
45 87 9 9
45 88 10 10
45 89 9 10
45 90 10 10
45 91 10 9
45 92 10 10
45 93 9 10
45 94 10 9
45 95 10 9
45 96 9 9
45 97 9 9
45 98 9 9
45 99 9 9
46 47 94 99
46 48 10 9
46 49 10 10
46 50 10 9
46 51 10 9
46 52 10 10
46 53 10 9
46 54 10 9
46 55 9 10
46 56 10 9
46 57 9 9
46 58 10 9
46 59 10 9
46 60 9 10
46 61 9 10
46 62 10 10
46 63 9 9
46 64 10 9
46 65 9 10
46 66 10 9
46 67 10 10
46 68 10 10
46 69 10 9
46 70 10 10
46 71 9 9
46 72 10 10
46 73 9 9
46 74 9 10
46 75 10 9
46 76 9 10
46 77 10 10
46 78 10 10
46 79 9 9
46 80 9 9
46 81 10 9
46 82 10 9
46 83 10 10
46 84 9 10
46 85 9 10
46 86 10 10
46 87 9 10
46 88 10 10
46 89 10 10
46 90 10 10
46 91 10 10
46 92 10 9
46 93 9 10
46 94 10 10
46 95 9 10
46 96 9 10
46 97 9 9
46 98 9 10
46 99 9 9
47 48 10 9
47 49 9 9
47 50 10 9
47 51 9 10
47 52 10 10
47 53 10 10
47 54 10 9
47 55 10 9
47 56 9 10
47 57 10 9
47 58 9 9
47 59 10 9
47 60 9 10
47 61 9 10
47 62 9 10
47 63 9 10
47 64 9 9
47 65 10 9
47 66 10 10
47 67 10 9
47 68 10 10
47 69 9 10
47 70 10 9
47 71 10 10
47 72 10 9
47 73 10 9
47 74 10 10
47 75 9 10
47 76 9 9
47 77 9 9
47 78 10 9
47 79 9 9
47 80 9 10
47 81 10 10
47 82 9 9
47 83 9 9
47 84 9 10
47 85 9 10
47 86 9 9
47 87 10 9
47 88 10 9
47 89 9 9
47 90 10 9
47 91 10 9
47 92 10 9
47 93 9 10
47 94 9 10
47 95 9 9
47 96 9 9
47 97 9 9
47 98 9 10
47 99 9 9
48 49 95 95
48 50 96 96
48 51 91 94
48 52 9 10
48 53 9 9
48 54 9 9
48 55 10 10
48 56 9 9
48 57 10 9
48 58 9 9
48 59 10 10
48 60 10 10
48 61 10 10
48 62 10 10
48 63 10 10
48 64 10 9
48 65 10 10
48 66 9 10
48 67 9 9
48 68 10 10
48 69 10 9
48 70 9 10
48 71 10 10
48 72 9 9
48 73 10 9
48 74 9 10
48 75 9 10
48 76 9 10
48 77 9 10
48 78 10 10
48 79 9 10
48 80 9 9
48 81 9 9
48 82 10 9
48 83 10 10
48 84 10 9
48 85 10 10
48 86 10 9
48 87 9 10
48 88 9 9
48 89 10 10
48 90 9 10
48 91 10 10
48 92 9 10
48 93 10 9
48 94 10 9
48 95 10 10
48 96 9 10
48 97 10 9
48 98 10 9
48 99 9 10
49 50 93 97
49 51 97 92
49 52 9 9
49 53 9 10
49 54 10 9
49 55 10 9
49 56 10 9
49 57 10 10
49 58 9 10
49 59 9 9
49 60 10 10
49 61 10 10
49 62 10 10
49 63 9 9
49 64 9 9
49 65 9 9
49 66 9 10
49 67 9 9
49 68 10 10
49 69 9 10
49 70 9 10
49 71 10 10
49 72 10 10
49 73 10 9
49 74 10 10
49 75 9 10
49 76 10 9
49 77 10 9
49 78 10 10
49 79 9 10
49 80 9 10
49 81 10 9
49 82 9 10
49 83 10 10
49 84 9 9
49 85 9 10
49 86 9 9
49 87 10 10
49 88 9 9
49 89 9 9
49 90 9 10
49 91 9 9
49 92 10 10
49 93 9 9
49 94 9 10
49 95 10 10
49 96 9 9
49 97 10 9
49 98 10 9
49 99 10 10
50 51 98 100
50 52 10 10
50 53 10 10
50 54 10 10
50 55 9 9
50 56 9 10
50 57 9 10
50 58 9 10
50 59 10 10
50 60 10 9
50 61 10 10
50 62 10 10
50 63 9 9
50 64 9 10
50 65 10 10
50 66 9 10
50 67 10 10
50 68 10 10
50 69 10 9
50 70 10 9
50 71 10 9
50 72 9 9
50 73 10 10
50 74 9 10
50 75 9 9
50 76 9 9
50 77 9 10
50 78 10 9
50 79 10 10
50 80 9 9
50 81 9 9
50 82 9 10
50 83 9 10
50 84 9 9
50 85 10 10
50 86 9 10
50 87 9 10
50 88 9 9
50 89 9 10
50 90 10 10
50 91 9 9
50 92 9 10
50 93 9 9
50 94 9 9
50 95 10 9
50 96 10 10
50 97 9 9
50 98 10 9
50 99 9 10
51 52 10 9
51 53 10 9
51 54 10 10
51 55 9 10
51 56 10 9
51 57 9 10
51 58 9 10
51 59 9 10
51 60 10 10
51 61 10 10
51 62 10 9
51 63 10 10
51 64 10 9
51 65 9 9
51 66 9 10
51 67 9 10
51 68 10 10
51 69 10 10
51 70 9 10
51 71 9 10
51 72 10 10
51 73 9 9
51 74 10 9
51 75 10 10
51 76 10 10
51 77 10 10
51 78 9 9
51 79 9 10
51 80 9 10
51 81 10 10
51 82 10 10
51 83 9 10
51 84 9 10
51 85 9 9
51 86 9 9
51 87 10 10
51 88 9 10
51 89 9 9
51 90 9 10
51 91 9 10
51 92 10 10
51 93 9 10
51 94 9 10
51 95 9 9
51 96 10 10
51 97 10 9
51 98 10 9
51 99 9 10
52 53 95 95
52 54 95 100
52 55 100 95
52 56 10 10
52 57 9 10
52 58 10 9
52 59 10 9
52 60 10 9
52 61 10 9
52 62 10 10
52 63 9 9
52 64 10 10
52 65 10 9
52 66 10 10
52 67 10 10
52 68 9 9
52 69 9 10
52 70 10 10
52 71 9 9
52 72 10 10
52 73 9 10
52 74 9 9
52 75 10 10
52 76 10 10
52 77 9 9
52 78 9 9
52 79 9 10
52 80 10 10
52 81 10 10
52 82 9 9
52 83 9 10
52 84 10 10
52 85 9 10
52 86 9 10
52 87 10 9
52 88 9 9
52 89 10 10
52 90 9 9
52 91 10 10
52 92 10 9
52 93 9 9
52 94 10 9
52 95 10 9
52 96 10 10
52 97 10 10
52 98 10 9
52 99 10 9
53 54 96 94
53 55 98 99
53 56 9 9
53 57 10 9
53 58 10 9
53 59 10 10
53 60 9 9
53 61 10 10
53 62 9 10
53 63 9 10
53 64 9 9
53 65 9 9
53 66 10 9
53 67 10 10
53 68 9 10
53 69 9 9
53 70 10 9
53 71 10 9
53 72 9 9
53 73 10 9
53 74 9 9
53 75 9 10
53 76 10 9
53 77 10 9
53 78 9 9
53 79 10 10
53 80 10 9
53 81 9 10
53 82 10 10
53 83 9 10
53 84 10 10
53 85 10 10
53 86 9 9
53 87 9 10
53 88 10 10
53 89 9 9
53 90 10 10
53 91 10 10
53 92 10 9
53 93 9 10
53 94 9 10
53 95 9 9
53 96 10 10
53 97 9 9
53 98 9 9
53 99 10 9
54 55 93 92
54 56 9 9
54 57 10 10
54 58 9 9
54 59 10 10
54 60 10 10
54 61 9 9
54 62 9 9
54 63 9 10
54 64 10 10
54 65 10 9
54 66 9 9
54 67 10 10
54 68 10 10
54 69 10 10
54 70 9 9
54 71 9 10
54 72 9 10
54 73 10 9
54 74 10 10
54 75 10 10
54 76 10 10
54 77 10 9
54 78 10 9
54 79 10 9
54 80 10 9
54 81 10 10
54 82 9 10
54 83 10 9
54 84 10 10
54 85 10 9
54 86 9 9
54 87 10 9
54 88 9 10
54 89 10 9
54 90 10 10
54 91 10 10
54 92 10 10
54 93 9 9
54 94 9 9
54 95 9 10
54 96 10 9
54 97 10 9
54 98 9 10
54 99 9 9
55 56 9 10
55 57 10 9
55 58 9 9
55 59 9 9
55 60 10 9
55 61 9 10
55 62 10 10
55 63 10 10
55 64 10 9
55 65 9 9
55 66 9 9
55 67 10 9
55 68 9 10
55 69 9 10
55 70 10 10
55 71 9 9
55 72 9 9
55 73 9 10
55 74 9 10
55 75 9 10
55 76 10 10
55 77 9 10
55 78 10 10
55 79 9 9
55 80 9 10
55 81 9 10
55 82 10 9
55 83 10 10
55 84 9 10
55 85 10 9
55 86 10 9
55 87 9 10
55 88 10 9
55 89 9 10
55 90 9 9
55 91 10 9
55 92 10 10
55 93 10 10
55 94 10 9
55 95 10 10
55 96 10 10
55 97 9 9
55 98 9 10
55 99 9 10
56 57 95 98
56 58 92 97
56 59 97 100
56 60 9 9
56 61 9 9
56 62 9 10
56 63 10 10
56 64 9 10
56 65 10 10
56 66 10 10
56 67 10 10
56 68 10 10
56 69 10 9
56 70 10 9
56 71 9 9
56 72 9 10
56 73 10 10
56 74 10 9
56 75 9 10
56 76 9 10
56 77 10 9
56 78 9 10
56 79 10 9
56 80 9 10
56 81 10 10
56 82 10 9
56 83 10 10
56 84 10 10
56 85 10 9
56 86 9 10
56 87 10 10
56 88 10 9
56 89 10 9
56 90 9 10
56 91 9 9
56 92 10 9
56 93 10 10
56 94 9 9
56 95 10 9
56 96 9 9
56 97 10 10
56 98 10 9
56 99 10 9
57 58 100 100
57 59 94 97
57 60 10 9
57 61 9 10
57 62 9 10
57 63 10 10
57 64 10 10
57 65 10 10
57 66 10 10
57 67 9 9
57 68 10 10
57 69 9 9
57 70 10 9
57 71 10 10
57 72 10 10
57 73 9 9
57 74 9 10
57 75 9 9
57 76 10 9
57 77 10 9
57 78 9 10
57 79 10 10
57 80 9 10
57 81 9 10
57 82 9 9
57 83 9 9
57 84 9 10
57 85 9 9
57 86 10 9
57 87 9 9
57 88 9 10
57 89 10 9
57 90 9 10
57 91 10 9
57 92 10 10
57 93 9 9
57 94 10 10
57 95 9 10
57 96 10 9
57 97 10 9
57 98 9 9
57 99 9 9
58 59 95 98
58 60 10 9
58 61 10 9
58 62 9 9
58 63 9 9
58 64 9 10
58 65 10 9
58 66 10 9
58 67 9 9
58 68 10 10
58 69 9 10
58 70 10 9
58 71 9 10
58 72 9 10
58 73 10 10
58 74 10 10
58 75 10 9
58 76 10 10
58 77 10 9
58 78 10 10
58 79 9 10
58 80 9 9
58 81 9 10
58 82 10 9
58 83 9 10
58 84 10 9
58 85 10 9
58 86 9 10
58 87 9 9
58 88 10 10
58 89 9 10
58 90 10 10
58 91 10 10
58 92 10 9
58 93 10 10
58 94 10 10
58 95 10 9
58 96 9 9
58 97 10 9
58 98 9 9
58 99 10 10
59 60 10 9
59 61 9 10
59 62 9 10
59 63 9 10
59 64 9 10
59 65 9 9
59 66 10 10
59 67 9 10
59 68 10 9
59 69 9 10
59 70 9 10
59 71 10 9
59 72 10 9
59 73 9 10
59 74 9 10
59 75 9 10
59 76 10 9
59 77 10 9
59 78 10 10
59 79 10 9
59 80 9 9
59 81 10 10
59 82 9 10
59 83 10 9
59 84 9 9
59 85 10 10
59 86 10 10
59 87 9 9
59 88 9 9
59 89 10 10
59 90 10 9
59 91 9 9
59 92 10 9
59 93 10 10
59 94 10 9
59 95 9 9
59 96 9 9
59 97 10 9
59 98 10 9
59 99 9 10
60 61 98 95
60 62 94 94
60 63 99 93
60 64 10 9
60 65 10 9
60 66 9 9
60 67 9 10
60 68 10 9
60 69 9 10
60 70 9 9
60 71 9 9
60 72 10 10
60 73 9 10
60 74 10 9
60 75 10 10
60 76 10 9
60 77 10 10
60 78 9 9
60 79 10 9
60 80 10 9
60 81 10 10
60 82 9 10
60 83 9 10
60 84 9 10
60 85 10 10
60 86 10 9
60 87 10 10
60 88 10 9
60 89 9 9
60 90 9 10
60 91 10 9
60 92 9 10
60 93 10 9
60 94 9 9
60 95 9 10
60 96 10 9
60 97 9 10
60 98 9 10
60 99 10 10
61 62 95 95
61 63 96 98
61 64 10 9
61 65 9 9
61 66 9 10
61 67 9 10
61 68 9 9
61 69 9 10
61 70 10 10
61 71 9 9
61 72 10 9
61 73 9 10
61 74 10 10
61 75 9 9
61 76 10 9
61 77 9 10
61 78 9 10
61 79 9 10
61 80 10 10
61 81 10 9
61 82 10 9
61 83 10 9
61 84 9 10
61 85 10 10
61 86 9 10
61 87 10 10
61 88 9 10
61 89 9 9
61 90 9 9
61 91 9 9
61 92 10 9
61 93 10 10
61 94 9 10
61 95 10 9
61 96 9 9
61 97 9 9
61 98 9 10
61 99 10 9
62 63 100 97
62 64 9 9
62 65 9 9
62 66 9 10
62 67 9 10
62 68 9 9
62 69 9 10
62 70 9 9
62 71 10 10
62 72 9 9
62 73 10 9
62 74 9 10
62 75 9 10
62 76 10 10
62 77 10 9
62 78 9 10
62 79 9 10
62 80 10 9
62 81 9 9
62 82 9 9
62 83 10 9
62 84 10 10
62 85 9 9
62 86 9 10
62 87 9 9
62 88 10 9
62 89 9 9
62 90 10 10
62 91 10 10
62 92 10 10
62 93 10 10
62 94 9 9
62 95 9 10
62 96 9 9
62 97 9 9
62 98 9 10
62 99 10 10
63 64 9 9
63 65 10 10
63 66 9 10
63 67 10 10
63 68 10 10
63 69 10 9
63 70 10 10
63 71 10 10
63 72 9 9
63 73 9 9
63 74 9 10
63 75 9 10
63 76 10 9
63 77 10 9
63 78 10 10
63 79 10 10
63 80 10 9
63 81 9 10
63 82 9 9
63 83 9 9
63 84 9 10
63 85 10 9
63 86 9 10
63 87 9 9
63 88 10 9
63 89 9 10
63 90 9 10
63 91 10 9
63 92 9 9
63 93 9 9
63 94 10 9
63 95 10 10
63 96 9 9
63 97 9 9
63 98 10 9
63 99 9 10
64 65 97 91
64 66 91 95
64 67 96 94
64 68 9 10
64 69 9 10
64 70 10 10
64 71 9 10
64 72 9 9
64 73 9 9
64 74 10 9
64 75 10 10
64 76 10 9
64 77 10 10
64 78 9 9
64 79 9 9
64 80 9 10
64 81 10 10
64 82 10 10
64 83 9 9
64 84 9 9
64 85 10 9
64 86 9 9
64 87 10 9
64 88 9 10
64 89 9 10
64 90 10 10
64 91 10 10
64 92 10 10
64 93 10 9
64 94 10 10
64 95 10 9
64 96 9 9
64 97 9 9
64 98 9 9
64 99 9 9
65 66 93 93
65 67 98 91
65 68 10 9
65 69 9 9
65 70 9 9
65 71 10 9
65 72 10 9
65 73 10 9
65 74 9 10
65 75 9 9
65 76 9 9
65 77 9 10
65 78 9 10
65 79 9 10
65 80 10 10
65 81 9 9
65 82 10 10
65 83 10 10
65 84 9 9
65 85 9 10
65 86 10 10
65 87 9 10
65 88 9 10
65 89 9 9
65 90 10 10
65 91 10 10
65 92 9 9
65 93 9 9
65 94 10 9
65 95 10 9
65 96 9 9
65 97 9 9
65 98 10 10
65 99 10 9
66 67 94 92
66 68 10 9
66 69 10 10
66 70 10 10
66 71 10 10
66 72 9 10
66 73 10 10
66 74 10 10
66 75 9 10
66 76 9 10
66 77 10 10
66 78 10 10
66 79 9 10
66 80 9 9
66 81 9 10
66 82 10 9
66 83 10 10
66 84 10 9
66 85 10 10
66 86 9 10
66 87 10 10
66 88 9 9
66 89 9 9
66 90 10 9
66 91 9 9
66 92 10 9
66 93 9 10
66 94 10 10
66 95 10 10
66 96 10 9
66 97 10 9
66 98 10 10
66 99 9 9
67 68 9 9
67 69 10 10
67 70 9 9
67 71 10 9
67 72 10 9
67 73 10 10
67 74 10 10
67 75 9 10
67 76 10 9
67 77 10 9
67 78 9 10
67 79 9 10
67 80 10 9
67 81 9 9
67 82 9 9
67 83 9 9
67 84 10 9
67 85 9 10
67 86 10 9
67 87 10 9
67 88 9 9
67 89 10 9
67 90 9 10
67 91 9 10
67 92 10 9
67 93 10 9
67 94 10 10
67 95 10 9
67 96 9 10
67 97 9 9
67 98 10 10
67 99 9 10
68 69 100 92
68 70 97 100
68 71 91 100
68 72 9 9
68 73 9 10
68 74 10 10
68 75 9 9
68 76 9 10
68 77 10 10
68 78 9 9
68 79 9 10
68 80 10 9
68 81 9 9
68 82 9 9
68 83 9 9
68 84 10 10
68 85 10 9
68 86 10 10
68 87 10 9
68 88 9 10
68 89 10 9
68 90 10 10
68 91 9 9
68 92 10 9
68 93 10 9
68 94 9 10
68 95 9 9
68 96 9 9
68 97 9 10
68 98 10 9
68 99 9 10
69 70 95 91
69 71 94 99
69 72 9 10
69 73 10 9
69 74 9 9
69 75 10 9
69 76 10 10
69 77 9 9
69 78 10 10
69 79 9 9
69 80 10 10
69 81 10 9
69 82 9 9
69 83 9 9
69 84 10 10
69 85 10 9
69 86 10 10
69 87 10 10
69 88 9 10
69 89 9 10
69 90 9 10
69 91 10 10
69 92 9 9
69 93 9 10
69 94 9 9
69 95 10 9
69 96 10 9
69 97 9 10
69 98 10 9
69 99 9 10
70 71 93 92
70 72 10 10
70 73 10 10
70 74 10 9
70 75 9 9
70 76 9 9
70 77 9 9
70 78 10 9
70 79 9 9
70 80 10 10
70 81 9 10
70 82 9 10
70 83 9 10
70 84 10 10
70 85 10 10
70 86 9 9
70 87 9 10
70 88 9 10
70 89 9 9
70 90 10 9
70 91 9 9
70 92 9 9
70 93 10 10
70 94 9 9
70 95 9 10
70 96 10 10
70 97 9 9
70 98 9 9
70 99 10 10
71 72 9 9
71 73 9 10
71 74 9 10
71 75 10 9
71 76 9 10
71 77 10 9
71 78 9 10
71 79 10 10
71 80 10 10
71 81 10 9
71 82 9 10
71 83 10 10
71 84 10 9
71 85 9 10
71 86 9 9
71 87 10 9
71 88 9 10
71 89 9 9
71 90 10 9
71 91 10 9
71 92 10 9
71 93 9 10
71 94 9 9
71 95 10 9
71 96 10 10
71 97 9 10
71 98 10 9
71 99 9 10
72 73 93 92
72 74 98 92
72 75 91 98
72 76 9 9
72 77 9 10
72 78 9 9
72 79 10 9
72 80 9 10
72 81 10 9
72 82 9 10
72 83 10 9
72 84 9 9
72 85 10 10
72 86 10 9
72 87 10 9
72 88 10 9
72 89 10 10
72 90 9 10
72 91 10 9
72 92 9 10
72 93 10 10
72 94 9 10
72 95 10 9
72 96 10 10
72 97 10 9
72 98 9 10
72 99 9 9
73 74 91 94
73 75 94 95
73 76 10 9
73 77 10 10
73 78 9 9
73 79 9 10
73 80 9 9
73 81 9 10
73 82 10 9
73 83 9 9
73 84 10 10
73 85 10 10
73 86 10 9
73 87 10 10
73 88 9 10
73 89 10 9
73 90 9 10
73 91 9 9
73 92 9 9
73 93 10 9
73 94 9 10
73 95 9 10
73 96 10 10
73 97 9 10
73 98 10 9
73 99 10 10
74 75 95 100
74 76 9 9
74 77 10 10
74 78 10 9
74 79 10 10
74 80 10 10
74 81 9 10
74 82 9 9
74 83 10 10
74 84 9 10
74 85 10 9
74 86 9 9
74 87 9 9
74 88 9 9
74 89 9 9
74 90 9 9
74 91 10 9
74 92 9 9
74 93 10 10
74 94 10 9
74 95 10 10
74 96 9 9
74 97 10 10
74 98 10 9
74 99 10 9
75 76 9 9
75 77 10 10
75 78 10 9
75 79 10 9
75 80 9 9
75 81 10 9
75 82 10 10
75 83 9 10
75 84 10 9
75 85 10 10
75 86 9 10
75 87 10 10
75 88 9 10
75 89 9 9
75 90 10 9
75 91 10 9
75 92 10 10
75 93 9 9
75 94 10 9
75 95 10 9
75 96 10 9
75 97 9 9
75 98 9 10
75 99 9 10
76 77 93 94
76 78 94 92
76 79 91 99
76 80 9 10
76 81 10 10
76 82 10 10
76 83 10 9
76 84 9 10
76 85 10 10
76 86 10 9
76 87 10 10
76 88 10 10
76 89 10 10
76 90 10 10
76 91 9 9
76 92 10 9
76 93 9 10
76 94 9 9
76 95 10 9
76 96 9 9
76 97 9 9
76 98 10 9
76 99 10 10
77 78 98 95
77 79 98 92
77 80 9 9
77 81 9 10
77 82 10 10
77 83 9 9
77 84 10 9
77 85 10 9
77 86 9 9
77 87 10 9
77 88 10 9
77 89 10 9
77 90 10 10
77 91 10 9
77 92 10 10
77 93 9 10
77 94 9 9
77 95 9 9
77 96 10 9
77 97 9 9
77 98 9 10
77 99 9 9
78 79 99 97
78 80 10 9
78 81 9 10
78 82 10 9
78 83 9 10
78 84 10 10
78 85 9 10
78 86 9 9
78 87 9 10
78 88 10 10
78 89 10 10
78 90 9 9
78 91 10 10
78 92 10 10
78 93 10 9
78 94 10 9
78 95 9 9
78 96 10 10
78 97 9 9
78 98 10 10
78 99 10 10
79 80 10 10
79 81 10 10
79 82 10 10
79 83 9 10
79 84 10 9
79 85 9 9
79 86 9 9
79 87 9 10
79 88 10 10
79 89 10 10
79 90 10 10
79 91 9 10
79 92 10 10
79 93 10 10
79 94 9 10
79 95 10 9
79 96 10 9
79 97 9 10
79 98 10 9
79 99 10 9
80 81 93 94
80 82 92 98
80 83 91 98
80 84 9 9
80 85 9 9
80 86 10 9
80 87 9 10
80 88 9 10
80 89 10 10
80 90 9 10
80 91 9 10
80 92 9 9
80 93 9 10
80 94 10 9
80 95 9 10
80 96 10 9
80 97 9 9
80 98 10 9
80 99 10 10
81 82 97 99
81 83 91 96
81 84 9 9
81 85 9 9
81 86 9 9
81 87 10 9
81 88 10 10
81 89 9 10
81 90 9 9
81 91 10 10
81 92 10 9
81 93 9 9
81 94 9 10
81 95 10 10
81 96 10 9
81 97 10 9
81 98 9 10
81 99 9 10
82 83 94 96
82 84 10 10
82 85 10 10
82 86 10 9
82 87 9 9
82 88 9 10
82 89 10 9
82 90 10 9
82 91 10 9
82 92 9 9
82 93 9 9
82 94 9 10
82 95 10 9
82 96 10 10
82 97 10 9
82 98 9 9
82 99 10 9
83 84 10 9
83 85 9 9
83 86 10 9
83 87 10 9
83 88 9 10
83 89 9 9
83 90 10 10
83 91 10 9
83 92 10 10
83 93 10 10
83 94 10 9
83 95 10 9
83 96 10 10
83 97 9 10
83 98 9 10
83 99 10 10
84 85 94 93
84 86 93 99
84 87 94 91
84 88 9 9
84 89 10 9
84 90 9 9
84 91 10 9
84 92 9 9
84 93 9 9
84 94 9 10
84 95 9 9
84 96 9 10
84 97 10 9
84 98 9 9
84 99 10 10
85 86 99 91
85 87 95 96
85 88 10 10
85 89 9 9
85 90 9 10
85 91 10 9
85 92 10 10
85 93 10 9
85 94 9 10
85 95 9 10
85 96 10 10
85 97 10 10
85 98 10 10
85 99 10 9
86 87 92 93
86 88 10 9
86 89 10 9
86 90 10 10
86 91 9 10
86 92 9 9
86 93 9 10
86 94 10 10
86 95 10 10
86 96 10 9
86 97 10 9
86 98 9 9
86 99 10 9
87 88 10 10
87 89 10 10
87 90 10 10
87 91 9 9
87 92 10 9
87 93 9 10
87 94 10 10
87 95 9 10
87 96 9 10
87 97 9 10
87 98 10 10
87 99 9 10
88 89 93 97
88 90 96 97
88 91 98 100
88 92 10 9
88 93 9 10
88 94 10 9
88 95 10 9
88 96 9 10
88 97 10 9
88 98 10 10
88 99 10 10
89 90 96 94
89 91 97 100
89 92 9 9
89 93 9 10
89 94 10 10
89 95 9 9
89 96 10 9
89 97 10 9
89 98 10 9
89 99 10 10
90 91 94 94
90 92 10 10
90 93 9 9
90 94 10 10
90 95 9 9
90 96 10 10
90 97 10 10
90 98 9 9
90 99 10 10
91 92 10 9
91 93 10 10
91 94 9 9
91 95 9 10
91 96 10 9
91 97 10 9
91 98 10 9
91 99 9 10
92 93 92 97
92 94 91 95
92 95 97 92
92 96 10 10
92 97 9 9
92 98 10 10
92 99 9 9
93 94 100 92
93 95 94 99
93 96 9 10
93 97 9 10
93 98 9 9
93 99 10 9
94 95 100 99
94 96 10 10
94 97 10 10
94 98 10 9
94 99 10 9
95 96 10 9
95 97 9 10
95 98 10 10
95 99 9 10
96 97 98 100
96 98 96 100
96 99 98 95
97 98 91 92
97 99 97 95
98 99 95 94
0
3
882 973
891 891
973 882
