100
0 1 4 4
0 2 0 96
0 3 98 99
0 4 4 9
0 5 22 21
0 6 16 19
0 7 5 4
0 8 11 14
0 9 13 6
0 10 22 9
0 11 10 18
0 12 27 12
0 13 14 14
0 14 5 20
0 15 7 27
0 16 23 16
0 17 27 17
0 18 25 8
0 19 13 20
0 20 10 9
0 21 7 18
0 22 27 5
0 23 5 16
0 24 7 24
0 25 18 20
0 26 23 7
0 27 19 22
0 28 27 11
0 29 25 14
0 30 17 27
0 31 4 23
0 32 6 11
0 33 15 8
0 34 11 23
0 35 13 22
0 36 15 10
0 37 27 27
0 38 25 19
0 39 21 15
0 40 15 12
0 41 26 16
0 42 12 17
0 43 6 9
0 44 22 27
0 45 21 8
0 46 5 10
0 47 4 11
0 48 14 21
0 49 14 19
0 50 17 23
0 51 11 18
0 52 16 23
0 53 16 6
0 54 6 4
0 55 8 14
0 56 13 16
0 57 10 10
0 58 21 10
0 59 19 19
0 60 13 19
0 61 25 16
0 62 15 23
0 63 27 24
0 64 5 19
0 65 13 6
0 66 16 24
0 67 26 25
0 68 11 12
0 69 27 6
0 70 17 20
0 71 11 27
0 72 25 21
0 73 13 14
0 74 25 7
0 75 22 18
0 76 5 12
0 77 5 14
0 78 6 8
0 79 24 24
0 80 5 23
0 81 9 13
0 82 17 18
0 83 27 7
0 84 18 21
0 85 17 10
0 86 4 27
0 87 18 16
0 88 7 25
0 89 25 6
0 90 15 19
0 91 24 26
0 92 20 23
0 93 23 23
0 94 7 22
0 95 17 12
0 96 8 15
0 97 16 9
0 98 6 10
0 99 27 13
1 2 96 0
1 3 98 98
1 4 15 16
1 5 24 19
1 6 26 23
1 7 9 26
1 8 15 22
1 9 23 11
1 10 20 10
1 11 17 27
1 12 8 22
1 13 18 16
1 14 14 16
1 15 9 7
1 16 16 20
1 17 17 15
1 18 6 4
1 19 27 11
1 20 25 12
1 21 26 6
1 22 6 6
1 23 27 13
1 24 15 22
1 25 14 4
1 26 13 21
1 27 7 16
1 28 25 24
1 29 5 7
1 30 14 11
1 31 9 15
1 32 22 16
1 33 10 21
1 34 26 22
1 35 17 10
1 36 20 21
1 37 8 16
1 38 14 15
1 39 9 23
1 40 23 25
1 41 23 16
1 42 21 20
1 43 5 4
1 44 6 12
1 45 23 19
1 46 21 24
1 47 22 19
1 48 23 27
1 49 16 9
1 50 20 17
1 51 4 4
1 52 17 10
1 53 10 21
1 54 25 8
1 55 18 18
1 56 10 12
1 57 16 11
1 58 9 8
1 59 23 9
1 60 24 8
1 61 24 12
1 62 16 7
1 63 16 17
1 64 4 11
1 65 6 27
1 66 6 12
1 67 21 10
1 68 9 10
1 69 7 15
1 70 22 20
1 71 18 13
1 72 13 12
1 73 27 6
1 74 8 16
1 75 17 23
1 76 12 22
1 77 18 21
1 78 6 21
1 79 27 14
1 80 21 26
1 81 18 15
1 82 6 11
1 83 18 18
1 84 9 4
1 85 4 5
1 86 4 27
1 87 5 23
1 88 7 14
1 89 21 27
1 90 21 13
1 91 27 16
1 92 19 20
1 93 14 14
1 94 23 17
1 95 17 16
1 96 23 20
1 97 18 5
1 98 18 5
1 99 25 11
2 3 98 96
2 4 7 20
2 5 24 23
2 6 10 27
2 7 17 19
2 8 6 27
2 9 18 20
2 10 16 12
2 11 20 9
2 12 23 19
2 13 6 4
2 14 12 9
2 15 21 15
2 16 16 11
2 17 11 16
2 18 17 19
2 19 7 11
2 20 19 9
2 21 6 9
2 22 23 23
2 23 16 8
2 24 7 17
2 25 7 7
2 26 18 18
2 27 15 27
2 28 7 14
2 29 13 25
2 30 19 9
2 31 5 9
2 32 15 14
2 33 9 11
2 34 23 16
2 35 15 9
2 36 25 27
2 37 4 12
2 38 26 10
2 39 16 9
2 40 13 13
2 41 10 4
2 42 27 19
2 43 16 7
2 44 15 5
2 45 13 4
2 46 17 18
2 47 11 20
2 48 26 10
2 49 10 27
2 50 8 20
2 51 18 21
2 52 9 12
2 53 21 24
2 54 11 22
2 55 5 13
2 56 4 4
2 57 9 23
2 58 21 13
2 59 25 8
2 60 15 13
2 61 11 21
2 62 14 20
2 63 14 24
2 64 7 11
2 65 27 4
2 66 4 19
2 67 24 11
2 68 13 17
2 69 20 9
2 70 25 10
2 71 14 8
2 72 23 16
2 73 10 16
2 74 5 8
2 75 10 26
2 76 7 10
2 77 20 12
2 78 27 19
2 79 15 5
2 80 5 4
2 81 22 23
2 82 20 22
2 83 22 26
2 84 5 27
2 85 16 15
2 86 26 13
2 87 19 6
2 88 22 4
2 89 18 27
2 90 19 18
2 91 26 16
2 92 16 5
2 93 4 9
2 94 27 14
2 95 27 4
2 96 16 11
2 97 26 25
2 98 5 22
2 99 23 21
3 4 17 10
3 5 4 11
3 6 5 5
3 7 24 15
3 8 24 16
3 9 22 25
3 10 12 27
3 11 27 12
3 12 19 19
3 13 10 9
3 14 21 7
3 15 11 6
3 16 6 8
3 17 5 23
3 18 8 15
3 19 12 8
3 20 12 5
3 21 6 19
3 22 26 14
3 23 23 17
3 24 14 7
3 25 16 24
3 26 26 9
3 27 22 9
3 28 22 25
3 29 18 20
3 30 27 8
3 31 7 21
3 32 5 9
3 33 15 9
3 34 20 22
3 35 4 18
3 36 23 16
3 37 8 26
3 38 14 4
3 39 20 6
3 40 16 15
3 41 21 4
3 42 18 7
3 43 14 27
3 44 8 25
3 45 13 16
3 46 21 4
3 47 21 24
3 48 22 6
3 49 10 6
3 50 21 9
3 51 13 26
3 52 4 6
3 53 10 9
3 54 24 6
3 55 12 27
3 56 5 6
3 57 18 17
3 58 8 15
3 59 7 9
3 60 8 11
3 61 6 26
3 62 11 14
3 63 10 4
3 64 6 12
3 65 26 22
3 66 17 26
3 67 10 17
3 68 10 7
3 69 21 13
3 70 15 8
3 71 6 6
3 72 11 9
3 73 20 18
3 74 10 10
3 75 17 4
3 76 22 22
3 77 13 22
3 78 24 23
3 79 20 5
3 80 25 11
3 81 25 27
3 82 13 26
3 83 25 19
3 84 27 9
3 85 10 22
3 86 5 5
3 87 18 19
3 88 25 9
3 89 6 15
3 90 24 6
3 91 5 23
3 92 4 6
3 93 26 26
3 94 10 5
3 95 22 14
3 96 12 13
3 97 15 6
3 98 26 24
3 99 4 13
4 5 99 96
4 6 99 98
4 7 98 100
4 8 21 26
4 9 19 21
4 10 20 23
4 11 23 16
4 12 24 11
4 13 19 8
4 14 11 27
4 15 24 8
4 16 25 23
4 17 15 17
4 18 7 12
4 19 7 7
4 20 18 10
4 21 26 10
4 22 10 20
4 23 23 11
4 24 7 11
4 25 26 20
4 26 22 7
4 27 10 24
4 28 8 18
4 29 27 13
4 30 18 8
4 31 18 27
4 32 8 9
4 33 18 17
4 34 6 12
4 35 22 10
4 36 15 27
4 37 16 6
4 38 20 20
4 39 25 27
4 40 16 8
4 41 6 9
4 42 23 16
4 43 24 22
4 44 22 20
4 45 11 20
4 46 21 14
4 47 25 17
4 48 9 6
4 49 4 11
4 50 9 26
4 51 6 5
4 52 17 20
4 53 25 19
4 54 20 8
4 55 4 4
4 56 27 4
4 57 5 24
4 58 13 10
4 59 20 4
4 60 4 19
4 61 15 17
4 62 4 10
4 63 24 17
4 64 10 11
4 65 16 23
4 66 21 9
4 67 24 21
4 68 23 6
4 69 17 16
4 70 21 4
4 71 16 14
4 72 13 5
4 73 20 14
4 74 14 18
4 75 7 16
4 76 19 10
4 77 18 20
4 78 22 14
4 79 19 19
4 80 12 10
4 81 13 12
4 82 21 21
4 83 21 7
4 84 23 23
4 85 22 6
4 86 14 13
4 87 14 6
4 88 19 9
4 89 12 16
4 90 14 27
4 91 12 6
4 92 20 6
4 93 6 26
4 94 6 22
4 95 18 18
4 96 27 16
4 97 4 10
4 98 11 25
4 99 11 8
5 6 98 98
5 7 96 100
5 8 7 20
5 9 26 26
5 10 21 5
5 11 10 19
5 12 9 8
5 13 16 15
5 14 25 26
5 15 10 6
5 16 10 21
5 17 27 6
5 18 4 11
5 19 15 21
5 20 5 7
5 21 7 18
5 22 5 15
5 23 17 20
5 24 21 17
5 25 4 7
5 26 6 4
5 27 25 19
5 28 8 25
5 29 15 12
5 30 9 8
5 31 12 22
5 32 26 26
5 33 23 16
5 34 15 11
5 35 13 22
5 36 18 14
5 37 10 25
5 38 7 14
5 39 10 11
5 40 25 18
5 41 18 9
5 42 21 10
5 43 13 5
5 44 21 25
5 45 19 4
5 46 17 17
5 47 12 25
5 48 6 22
5 49 17 14
5 50 12 24
5 51 4 21
5 52 27 6
5 53 13 24
5 54 18 27
5 55 11 24
5 56 6 15
5 57 23 5
5 58 8 24
5 59 8 13
5 60 19 19
5 61 14 5
5 62 16 4
5 63 21 11
5 64 8 25
5 65 8 15
5 66 27 22
5 67 23 9
5 68 9 12
5 69 4 20
5 70 27 18
5 71 16 12
5 72 12 16
5 73 10 8
5 74 21 23
5 75 5 18
5 76 6 18
5 77 11 25
5 78 24 20
5 79 10 25
5 80 4 16
5 81 14 16
5 82 6 5
5 83 6 15
5 84 24 19
5 85 24 19
5 86 21 16
5 87 5 7
5 88 12 16
5 89 11 22
5 90 5 26
5 91 13 21
5 92 7 25
5 93 8 23
5 94 10 8
5 95 13 27
5 96 18 26
5 97 7 13
5 98 15 13
5 99 19 6
6 7 99 96
6 8 10 25
6 9 26 20
6 10 21 22
6 11 18 18
6 12 22 20
6 13 8 13
6 14 17 18
6 15 20 25
6 16 12 25
6 17 27 13
6 18 17 5
6 19 12 4
6 20 18 6
6 21 17 19
6 22 5 7
6 23 7 21
6 24 14 20
6 25 10 19
6 26 24 27
6 27 4 19
6 28 19 17
6 29 14 26
6 30 18 4
6 31 15 5
6 32 7 6
6 33 16 25
6 34 26 23
6 35 19 27
6 36 25 25
6 37 13 10
6 38 17 16
6 39 25 8
6 40 22 11
6 41 14 16
6 42 16 27
6 43 11 5
6 44 6 23
6 45 27 20
6 46 13 5
6 47 18 11
6 48 7 5
6 49 13 21
6 50 16 8
6 51 7 4
6 52 7 26
6 53 19 4
6 54 19 14
6 55 22 6
6 56 6 25
6 57 19 19
6 58 26 11
6 59 21 13
6 60 5 8
6 61 16 18
6 62 7 26
6 63 13 8
6 64 24 19
6 65 19 15
6 66 25 12
6 67 21 9
6 68 25 27
6 69 16 21
6 70 8 27
6 71 11 19
6 72 11 5
6 73 6 8
6 74 21 13
6 75 23 21
6 76 15 27
6 77 7 24
6 78 18 22
6 79 16 24
6 80 14 11
6 81 6 24
6 82 20 24
6 83 22 12
6 84 15 14
6 85 27 23
6 86 5 19
6 87 20 15
6 88 15 10
6 89 21 14
6 90 17 10
6 91 20 13
6 92 27 19
6 93 14 15
6 94 26 9
6 95 18 7
6 96 27 26
6 97 18 11
6 98 22 11
6 99 18 10
7 8 5 23
7 9 5 13
7 10 19 9
7 11 22 8
7 12 26 16
7 13 23 19
7 14 21 9
7 15 27 10
7 16 8 13
7 17 17 20
7 18 16 17
7 19 20 5
7 20 18 8
7 21 5 24
7 22 10 20
7 23 24 8
7 24 19 26
7 25 10 15
7 26 26 4
7 27 15 23
7 28 20 25
7 29 22 7
7 30 23 21
7 31 8 14
7 32 14 4
7 33 9 11
7 34 27 9
7 35 14 8
7 36 9 17
7 37 21 21
7 38 8 7
7 39 22 24
7 40 12 9
7 41 17 17
7 42 23 24
7 43 14 23
7 44 4 16
7 45 11 19
7 46 7 13
7 47 10 21
7 48 4 15
7 49 20 22
7 50 23 16
7 51 16 25
7 52 23 21
7 53 20 14
7 54 12 16
7 55 7 26
7 56 6 17
7 57 7 17
7 58 10 6
7 59 11 10
7 60 18 13
7 61 23 14
7 62 27 8
7 63 17 7
7 64 13 19
7 65 25 15
7 66 13 11
7 67 9 5
7 68 26 12
7 69 24 8
7 70 4 18
7 71 27 22
7 72 7 18
7 73 22 12
7 74 16 17
7 75 20 23
7 76 20 9
7 77 12 22
7 78 9 16
7 79 26 5
7 80 7 26
7 81 14 19
7 82 4 11
7 83 12 27
7 84 10 12
7 85 5 5
7 86 20 22
7 87 26 17
7 88 21 18
7 89 23 13
7 90 7 21
7 91 24 8
7 92 14 24
7 93 15 27
7 94 7 16
7 95 22 25
7 96 18 13
7 97 22 6
7 98 10 18
7 99 16 22
8 9 100 98
8 10 100 97
8 11 99 100
8 12 6 10
8 13 4 19
8 14 4 12
8 15 7 17
8 16 18 18
8 17 24 21
8 18 22 8
8 19 9 16
8 20 16 24
8 21 15 12
8 22 17 26
8 23 19 4
8 24 24 20
8 25 5 19
8 26 20 7
8 27 8 4
8 28 23 25
8 29 21 13
8 30 20 9
8 31 25 22
8 32 26 18
8 33 11 22
8 34 21 13
8 35 12 8
8 36 26 15
8 37 7 18
8 38 13 20
8 39 15 13
8 40 13 25
8 41 18 12
8 42 24 21
8 43 18 14
8 44 27 15
8 45 14 22
8 46 4 6
8 47 7 13
8 48 5 12
8 49 24 12
8 50 8 4
8 51 13 13
8 52 27 19
8 53 22 27
8 54 24 9
8 55 11 17
8 56 4 6
8 57 22 12
8 58 18 8
8 59 9 12
8 60 23 19
8 61 22 5
8 62 26 18
8 63 26 19
8 64 16 20
8 65 24 22
8 66 7 17
8 67 12 7
8 68 15 7
8 69 23 10
8 70 15 6
8 71 15 24
8 72 8 4
8 73 20 23
8 74 5 8
8 75 14 21
8 76 25 7
8 77 11 14
8 78 25 24
8 79 11 25
8 80 4 24
8 81 18 20
8 82 19 10
8 83 11 13
8 84 21 16
8 85 8 7
8 86 9 8
8 87 14 16
8 88 15 24
8 89 6 10
8 90 7 6
8 91 12 20
8 92 10 18
8 93 15 12
8 94 4 15
8 95 17 20
8 96 10 9
8 97 22 8
8 98 9 27
8 99 7 24
9 10 98 99
9 11 99 99
9 12 7 13
9 13 18 26
9 14 9 16
9 15 21 9
9 16 14 20
9 17 19 22
9 18 10 11
9 19 23 15
9 20 13 15
9 21 4 24
9 22 5 12
9 23 22 6
9 24 4 18
9 25 15 19
9 26 21 18
9 27 8 6
9 28 4 22
9 29 24 8
9 30 10 20
9 31 8 17
9 32 12 23
9 33 8 27
9 34 22 23
9 35 12 18
9 36 22 8
9 37 26 10
9 38 22 7
9 39 16 16
9 40 26 8
9 41 9 17
9 42 26 4
9 43 24 22
9 44 13 15
9 45 26 23
9 46 17 19
9 47 6 10
9 48 5 11
9 49 12 24
9 50 12 10
9 51 6 20
9 52 13 22
9 53 20 23
9 54 21 25
9 55 25 8
9 56 16 6
9 57 16 6
9 58 22 21
9 59 20 11
9 60 25 12
9 61 18 25
9 62 5 12
9 63 13 8
9 64 14 10
9 65 18 17
9 66 12 7
9 67 22 4
9 68 15 20
9 69 23 26
9 70 13 12
9 71 22 13
9 72 5 26
9 73 26 26
9 74 17 8
9 75 15 13
9 76 4 8
9 77 12 7
9 78 5 7
9 79 21 14
9 80 27 15
9 81 25 6
9 82 18 6
9 83 16 15
9 84 8 5
9 85 11 18
9 86 17 13
9 87 6 11
9 88 5 18
9 89 10 26
9 90 5 6
9 91 12 16
9 92 21 24
9 93 13 5
9 94 9 8
9 95 20 11
9 96 5 11
9 97 17 9
9 98 7 8
9 99 6 12
10 11 98 97
10 12 18 24
10 13 26 16
10 14 18 24
10 15 22 21
10 16 19 22
10 17 24 10
10 18 11 17
10 19 11 13
10 20 19 9
10 21 27 16
10 22 19 12
10 23 20 26
10 24 14 20
10 25 25 26
10 26 10 16
10 27 7 27
10 28 20 25
10 29 6 20
10 30 5 22
10 31 23 11
10 32 19 10
10 33 4 9
10 34 18 20
10 35 20 24
10 36 27 26
10 37 20 22
10 38 27 20
10 39 5 18
10 40 15 11
10 41 20 6
10 42 8 16
10 43 26 22
10 44 8 6
10 45 12 25
10 46 24 19
10 47 9 12
10 48 7 6
10 49 20 14
10 50 27 20
10 51 12 18
10 52 25 21
10 53 5 26
10 54 11 15
10 55 7 19
10 56 9 6
10 57 4 11
10 58 19 12
10 59 27 17
10 60 8 16
10 61 8 9
10 62 15 6
10 63 24 12
10 64 14 5
10 65 26 26
10 66 6 23
10 67 13 11
10 68 4 22
10 69 14 11
10 70 18 7
10 71 22 19
10 72 5 22
10 73 12 23
10 74 10 7
10 75 24 15
10 76 16 8
10 77 26 8
10 78 25 9
10 79 13 17
10 80 16 23
10 81 23 24
10 82 5 23
10 83 26 6
10 84 20 13
10 85 20 6
10 86 4 24
10 87 23 20
10 88 23 27
10 89 14 21
10 90 8 27
10 91 15 25
10 92 25 11
10 93 17 22
10 94 16 14
10 95 10 20
10 96 7 4
10 97 12 27
10 98 12 19
10 99 24 5
11 12 8 20
11 13 15 13
11 14 10 21
11 15 18 19
11 16 24 8
11 17 26 12
11 18 25 23
11 19 26 18
11 20 5 9
11 21 13 14
11 22 22 19
11 23 17 21
11 24 8 16
11 25 7 18
11 26 17 20
11 27 17 25
11 28 16 19
11 29 6 16
11 30 7 9
11 31 10 8
11 32 17 22
11 33 26 14
11 34 4 12
11 35 9 14
11 36 10 22
11 37 14 18
11 38 18 11
11 39 20 27
11 40 4 6
11 41 11 15
11 42 22 18
11 43 13 15
11 44 22 19
11 45 21 19
11 46 27 21
11 47 15 20
11 48 7 23
11 49 5 14
11 50 6 15
11 51 10 11
11 52 17 26
11 53 6 22
11 54 10 16
11 55 11 7
11 56 11 6
11 57 9 5
11 58 24 8
11 59 16 19
11 60 15 26
11 61 9 27
11 62 19 10
11 63 6 19
11 64 12 26
11 65 17 12
11 66 13 5
11 67 15 20
11 68 6 6
11 69 23 24
11 70 9 26
11 71 10 7
11 72 17 14
11 73 27 27
11 74 12 22
11 75 9 13
11 76 12 22
11 77 6 10
11 78 6 25
11 79 8 26
11 80 23 23
11 81 26 10
11 82 16 17
11 83 12 27
11 84 24 24
11 85 10 19
11 86 12 15
11 87 8 10
11 88 17 6
11 89 10 9
11 90 6 13
11 91 23 11
11 92 9 4
11 93 14 6
11 94 22 10
11 95 18 22
11 96 18 18
11 97 8 5
11 98 22 17
11 99 6 4
12 13 97 99
12 14 100 96
12 15 96 100
12 16 21 6
12 17 22 16
12 18 9 24
12 19 24 12
12 20 22 9
12 21 11 7
12 22 15 24
12 23 13 19
12 24 22 26
12 25 24 27
12 26 8 11
12 27 7 25
12 28 6 5
12 29 12 14
12 30 11 5
12 31 10 11
12 32 7 18
12 33 15 11
12 34 10 4
12 35 22 24
12 36 10 8
12 37 20 17
12 38 14 5
12 39 26 7
12 40 9 22
12 41 21 10
12 42 4 23
12 43 24 17
12 44 11 11
12 45 18 10
12 46 11 14
12 47 24 23
12 48 5 5
12 49 12 18
12 50 10 13
12 51 4 9
12 52 14 4
12 53 27 10
12 54 5 4
12 55 22 12
12 56 27 19
12 57 19 9
12 58 18 5
12 59 16 21
12 60 8 11
12 61 12 20
12 62 5 13
12 63 21 15
12 64 20 14
12 65 21 25
12 66 14 26
12 67 23 18
12 68 12 6
12 69 5 6
12 70 17 9
12 71 23 22
12 72 18 13
12 73 27 20
12 74 18 14
12 75 17 9
12 76 26 4
12 77 5 17
12 78 25 24
12 79 20 24
12 80 15 10
12 81 5 19
12 82 5 22
12 83 9 6
12 84 27 15
12 85 19 16
12 86 8 13
12 87 16 17
12 88 22 20
12 89 6 4
12 90 8 12
12 91 4 26
12 92 19 10
12 93 8 17
12 94 26 16
12 95 8 13
12 96 8 21
12 97 27 5
12 98 11 13
12 99 9 17
13 14 100 98
13 15 96 98
13 16 24 20
13 17 16 10
13 18 13 4
13 19 5 19
13 20 11 23
13 21 26 19
13 22 26 23
13 23 21 13
13 24 10 13
13 25 7 11
13 26 6 9
13 27 25 24
13 28 10 19
13 29 20 22
13 30 11 8
13 31 15 11
13 32 12 20
13 33 21 15
13 34 23 7
13 35 12 26
13 36 24 15
13 37 17 21
13 38 4 27
13 39 4 13
13 40 23 18
13 41 27 16
13 42 5 10
13 43 18 10
13 44 21 14
13 45 26 17
13 46 4 5
13 47 13 13
13 48 5 17
13 49 21 25
13 50 24 5
13 51 10 24
13 52 9 16
13 53 26 18
13 54 22 16
13 55 14 15
13 56 10 23
13 57 15 26
13 58 5 13
13 59 19 10
13 60 27 7
13 61 5 6
13 62 10 11
13 63 8 11
13 64 13 9
13 65 11 17
13 66 13 12
13 67 7 10
13 68 20 15
13 69 24 11
13 70 21 21
13 71 15 14
13 72 23 11
13 73 9 20
13 74 4 16
13 75 22 5
13 76 21 24
13 77 23 11
13 78 27 20
13 79 14 12
13 80 22 16
13 81 26 14
13 82 11 18
13 83 19 21
13 84 9 23
13 85 4 7
13 86 9 19
13 87 5 13
13 88 9 8
13 89 20 20
13 90 12 8
13 91 6 23
13 92 23 13
13 93 25 26
13 94 4 19
13 95 12 13
13 96 16 7
13 97 4 25
13 98 11 17
13 99 24 13
14 15 97 99
14 16 24 5
14 17 21 15
14 18 15 23
14 19 4 7
14 20 10 19
14 21 14 24
14 22 19 10
14 23 5 27
14 24 26 18
14 25 26 20
14 26 6 24
14 27 23 23
14 28 24 10
14 29 7 12
14 30 17 17
14 31 17 21
14 32 27 21
14 33 8 25
14 34 26 25
14 35 10 21
14 36 22 19
14 37 9 8
14 38 19 24
14 39 11 8
14 40 6 24
14 41 17 22
14 42 11 4
14 43 8 26
14 44 6 11
14 45 9 6
14 46 23 12
14 47 25 25
14 48 15 7
14 49 15 14
14 50 20 5
14 51 21 9
14 52 15 15
14 53 8 13
14 54 15 21
14 55 6 7
14 56 20 4
14 57 25 5
14 58 13 23
14 59 8 6
14 60 16 12
14 61 21 6
14 62 13 23
14 63 21 5
14 64 17 17
14 65 15 12
14 66 20 10
14 67 23 19
14 68 9 11
14 69 11 9
14 70 15 6
14 71 24 18
14 72 14 12
14 73 5 9
14 74 11 15
14 75 5 14
14 76 25 23
14 77 18 19
14 78 5 24
14 79 17 18
14 80 14 25
14 81 12 22
14 82 6 24
14 83 6 8
14 84 22 26
14 85 7 22
14 86 15 17
14 87 8 9
14 88 13 26
14 89 8 15
14 90 25 14
14 91 8 12
14 92 7 27
14 93 10 7
14 94 25 22
14 95 24 25
14 96 20 12
14 97 15 14
14 98 8 26
14 99 18 4
15 16 7 13
15 17 14 26
15 18 24 10
15 19 11 9
15 20 20 13
15 21 16 26
15 22 18 25
15 23 26 25
15 24 4 18
15 25 20 26
15 26 27 25
15 27 18 21
15 28 10 26
15 29 5 23
15 30 27 21
15 31 16 8
15 32 12 14
15 33 25 25
15 34 7 10
15 35 24 15
15 36 14 14
15 37 27 19
15 38 10 24
15 39 14 23
15 40 19 22
15 41 21 12
15 42 18 13
15 43 5 19
15 44 4 6
15 45 9 14
15 46 21 16
15 47 18 27
15 48 15 15
15 49 9 26
15 50 5 11
15 51 17 13
15 52 26 24
15 53 24 27
15 54 24 26
15 55 14 6
15 56 22 11
15 57 24 18
15 58 5 10
15 59 16 6
15 60 13 12
15 61 13 23
15 62 5 21
15 63 26 15
15 64 23 23
15 65 21 11
15 66 11 11
15 67 17 23
15 68 24 5
15 69 7 17
15 70 13 14
15 71 14 17
15 72 14 25
15 73 4 26
15 74 22 12
15 75 27 21
15 76 20 5
15 77 13 25
15 78 14 15
15 79 8 21
15 80 16 5
15 81 17 4
15 82 18 25
15 83 13 15
15 84 18 21
15 85 15 7
15 86 19 12
15 87 21 7
15 88 19 17
15 89 11 20
15 90 9 5
15 91 13 24
15 92 24 8
15 93 12 25
15 94 20 19
15 95 4 7
15 96 8 26
15 97 26 6
15 98 19 27
15 99 22 18
16 17 96 98
16 18 99 98
16 19 99 98
16 20 11 17
16 21 23 14
16 22 20 25
16 23 27 27
16 24 11 9
16 25 24 15
16 26 18 4
16 27 22 7
16 28 13 23
16 29 11 10
16 30 19 23
16 31 4 23
16 32 6 24
16 33 22 20
16 34 27 9
16 35 12 13
16 36 13 16
16 37 4 13
16 38 6 22
16 39 6 18
16 40 10 7
16 41 25 18
16 42 26 26
16 43 8 21
16 44 14 16
16 45 18 15
16 46 14 11
16 47 19 17
16 48 19 11
16 49 8 9
16 50 14 22
16 51 25 24
16 52 17 15
16 53 12 7
16 54 13 5
16 55 19 26
16 56 15 26
16 57 8 19
16 58 25 23
16 59 16 25
16 60 20 11
16 61 20 10
16 62 25 14
16 63 19 17
16 64 24 5
16 65 26 5
16 66 11 26
16 67 17 19
16 68 7 20
16 69 7 14
16 70 9 25
16 71 6 24
16 72 16 16
16 73 18 10
16 74 12 26
16 75 14 17
16 76 9 8
16 77 23 19
16 78 10 4
16 79 16 13
16 80 26 11
16 81 16 9
16 82 10 10
16 83 25 7
16 84 21 18
16 85 21 15
16 86 10 15
16 87 27 9
16 88 16 19
16 89 16 11
16 90 17 12
16 91 18 23
16 92 15 10
16 93 7 25
16 94 22 13
16 95 26 27
16 96 12 22
16 97 8 27
16 98 22 10
16 99 21 5
17 18 96 97
17 19 100 100
17 20 6 18
17 21 11 22
17 22 11 26
17 23 25 4
17 24 11 12
17 25 13 14
17 26 7 20
17 27 5 22
17 28 27 23
17 29 15 11
17 30 17 26
17 31 5 9
17 32 24 20
17 33 15 24
17 34 20 8
17 35 11 17
17 36 14 7
17 37 19 17
17 38 27 14
17 39 12 16
17 40 27 27
17 41 14 6
17 42 27 25
17 43 17 19
17 44 6 21
17 45 20 27
17 46 7 15
17 47 17 4
17 48 23 6
17 49 11 15
17 50 13 13
17 51 8 27
17 52 24 21
17 53 23 10
17 54 10 17
17 55 27 13
17 56 20 15
17 57 24 12
17 58 26 21
17 59 6 26
17 60 22 20
17 61 6 5
17 62 5 10
17 63 4 18
17 64 25 13
17 65 24 9
17 66 19 16
17 67 5 16
17 68 18 4
17 69 11 22
17 70 17 23
17 71 9 8
17 72 13 13
17 73 22 9
17 74 25 11
17 75 4 9
17 76 15 18
17 77 9 24
17 78 24 12
17 79 25 23
17 80 13 4
17 81 16 7
17 82 11 14
17 83 13 11
17 84 19 7
17 85 12 13
17 86 11 5
17 87 15 15
17 88 4 27
17 89 7 20
17 90 15 25
17 91 23 27
17 92 4 18
17 93 20 4
17 94 20 12
17 95 24 18
17 96 4 24
17 97 10 6
17 98 6 24
17 99 24 11
18 19 96 98
18 20 4 26
18 21 9 22
18 22 19 4
18 23 22 12
18 24 4 8
18 25 26 10
18 26 6 16
18 27 24 6
18 28 26 16
18 29 15 19
18 30 9 19
18 31 17 24
18 32 19 7
18 33 24 16
18 34 11 13
18 35 27 11
18 36 27 6
18 37 4 19
18 38 26 26
18 39 11 12
18 40 15 17
18 41 27 8
18 42 12 4
18 43 9 25
18 44 18 17
18 45 8 5
18 46 5 14
18 47 19 19
18 48 26 20
18 49 22 19
18 50 24 7
18 51 19 18
18 52 10 13
18 53 23 20
18 54 24 25
18 55 16 6
18 56 25 4
18 57 9 26
18 58 14 25
18 59 19 19
18 60 4 15
18 61 16 9
18 62 7 15
18 63 10 9
18 64 10 9
18 65 19 9
18 66 19 7
18 67 17 20
18 68 15 6
18 69 6 20
18 70 16 17
18 71 5 7
18 72 12 17
18 73 15 17
18 74 8 8
18 75 8 5
18 76 26 14
18 77 25 25
18 78 4 26
18 79 14 22
18 80 5 24
18 81 13 27
18 82 14 9
18 83 20 5
18 84 9 9
18 85 11 8
18 86 6 21
18 87 26 23
18 88 4 7
18 89 26 6
18 90 26 7
18 91 4 18
18 92 11 15
18 93 26 8
18 94 10 11
18 95 15 20
18 96 10 13
18 97 27 22
18 98 18 6
18 99 24 27
19 20 11 5
19 21 20 7
19 22 18 15
19 23 11 14
19 24 25 16
19 25 5 22
19 26 4 16
19 27 12 25
19 28 4 5
19 29 4 21
19 30 16 24
19 31 21 6
19 32 4 9
19 33 10 26
19 34 7 16
19 35 14 11
19 36 26 5
19 37 16 9
19 38 20 6
19 39 21 19
19 40 26 19
19 41 11 13
19 42 27 19
19 43 14 17
19 44 8 25
19 45 6 19
19 46 21 10
19 47 9 7
19 48 14 22
19 49 7 5
19 50 7 26
19 51 15 11
19 52 11 25
19 53 17 6
19 54 13 12
19 55 15 18
19 56 23 24
19 57 7 5
19 58 21 19
19 59 8 4
19 60 5 20
19 61 6 8
19 62 8 4
19 63 16 16
19 64 9 14
19 65 11 27
19 66 4 9
19 67 8 12
19 68 19 13
19 69 6 24
19 70 8 19
19 71 21 8
19 72 9 18
19 73 19 19
19 74 14 23
19 75 4 22
19 76 18 20
19 77 15 4
19 78 23 19
19 79 9 23
19 80 8 10
19 81 6 23
19 82 5 17
19 83 15 14
19 84 6 13
19 85 20 26
19 86 23 10
19 87 18 15
19 88 10 12
19 89 11 26
19 90 24 17
19 91 23 10
19 92 8 21
19 93 16 14
19 94 27 27
19 95 17 22
19 96 4 27
19 97 13 14
19 98 10 5
19 99 4 11
20 21 99 96
20 22 98 97
20 23 98 99
20 24 13 11
20 25 16 12
20 26 4 7
20 27 24 24
20 28 12 6
20 29 14 18
20 30 12 5
20 31 9 4
20 32 24 9
20 33 10 12
20 34 4 10
20 35 13 14
20 36 10 22
20 37 13 24
20 38 24 13
20 39 18 22
20 40 14 13
20 41 7 24
20 42 12 20
20 43 6 13
20 44 12 27
20 45 19 17
20 46 22 6
20 47 7 12
20 48 16 15
20 49 20 13
20 50 24 22
20 51 6 24
20 52 18 12
20 53 6 7
20 54 24 10
20 55 18 17
20 56 9 6
20 57 4 17
20 58 16 19
20 59 6 9
20 60 5 7
20 61 25 15
20 62 5 5
20 63 4 18
20 64 17 24
20 65 15 15
20 66 13 18
20 67 18 25
20 68 20 11
20 69 19 23
20 70 8 6
20 71 10 6
20 72 16 16
20 73 9 4
20 74 6 23
20 75 11 19
20 76 20 6
20 77 9 15
20 78 7 8
20 79 22 15
20 80 6 21
20 81 4 18
20 82 24 14
20 83 26 6
20 84 9 20
20 85 6 17
20 86 9 8
20 87 8 11
20 88 8 22
20 89 19 16
20 90 20 16
20 91 15 16
20 92 25 26
20 93 17 4
20 94 13 19
20 95 9 15
20 96 4 13
20 97 12 9
20 98 6 26
20 99 18 6
21 22 97 100
21 23 99 97
21 24 17 9
21 25 22 6
21 26 9 8
21 27 9 12
21 28 21 23
21 29 23 24
21 30 19 25
21 31 14 24
21 32 13 6
21 33 16 24
21 34 10 8
21 35 19 5
21 36 17 6
21 37 12 23
21 38 17 5
21 39 23 21
21 40 7 22
21 41 20 20
21 42 4 12
21 43 7 24
21 44 27 13
21 45 12 13
21 46 15 19
21 47 8 12
21 48 22 10
21 49 12 18
21 50 16 26
21 51 24 23
21 52 21 21
21 53 21 22
21 54 11 5
21 55 20 25
21 56 25 23
21 57 19 27
21 58 25 17
21 59 14 23
21 60 14 13
21 61 8 27
21 62 10 11
21 63 9 5
21 64 21 18
21 65 14 25
21 66 12 4
21 67 16 13
21 68 15 13
21 69 19 8
21 70 27 11
21 71 9 4
21 72 10 15
21 73 24 22
21 74 11 16
21 75 18 13
21 76 13 21
21 77 21 23
21 78 22 24
21 79 21 18
21 80 26 8
21 81 27 24
21 82 10 17
21 83 14 20
21 84 17 27
21 85 5 6
21 86 6 16
21 87 9 14
21 88 12 22
21 89 22 15
21 90 15 18
21 91 22 22
21 92 5 23
21 93 27 21
21 94 23 19
21 95 19 25
21 96 24 25
21 97 7 24
21 98 8 11
21 99 11 21
22 23 99 96
22 24 16 5
22 25 18 4
22 26 6 9
22 27 11 4
22 28 4 27
22 29 20 4
22 30 27 14
22 31 27 5
22 32 20 15
22 33 4 18
22 34 6 13
22 35 9 13
22 36 18 14
22 37 8 18
22 38 5 25
22 39 16 8
22 40 22 20
22 41 6 11
22 42 17 24
22 43 18 11
22 44 11 6
22 45 22 5
22 46 18 7
22 47 19 7
22 48 20 27
22 49 19 23
22 50 13 23
22 51 21 19
22 52 17 24
22 53 8 15
22 54 20 25
22 55 5 25
22 56 11 23
22 57 17 18
22 58 5 5
22 59 12 22
22 60 15 21
22 61 21 27
22 62 27 4
22 63 18 22
22 64 13 22
22 65 20 8
22 66 19 12
22 67 7 14
22 68 16 25
22 69 19 12
22 70 12 23
22 71 17 25
22 72 15 18
22 73 18 18
22 74 15 11
22 75 19 25
22 76 27 17
22 77 15 14
22 78 10 8
22 79 5 23
22 80 14 24
22 81 15 9
22 82 13 15
22 83 18 27
22 84 21 12
22 85 4 21
22 86 15 14
22 87 12 27
22 88 16 12
22 89 19 7
22 90 14 21
22 91 27 16
22 92 12 22
22 93 26 23
22 94 23 9
22 95 16 15
22 96 20 19
22 97 19 24
22 98 21 23
22 99 9 22
23 24 26 26
23 25 23 17
23 26 23 26
23 27 4 23
23 28 19 10
23 29 21 5
23 30 19 26
23 31 21 18
23 32 8 20
23 33 24 22
23 34 26 24
23 35 8 27
23 36 17 26
23 37 8 5
23 38 20 27
23 39 27 11
23 40 5 9
23 41 22 16
23 42 4 22
23 43 24 18
23 44 24 8
23 45 11 25
23 46 15 25
23 47 10 18
23 48 21 15
23 49 27 14
23 50 22 6
23 51 4 13
23 52 14 7
23 53 17 6
23 54 8 16
23 55 18 22
23 56 10 18
23 57 12 9
23 58 14 19
23 59 24 13
23 60 18 13
23 61 16 20
23 62 27 22
23 63 15 9
23 64 15 14
23 65 6 22
23 66 15 9
23 67 4 16
23 68 11 9
23 69 22 17
23 70 12 10
23 71 15 14
23 72 24 15
23 73 9 7
23 74 5 26
23 75 21 27
23 76 13 7
23 77 8 19
23 78 20 16
23 79 18 27
23 80 23 19
23 81 22 24
23 82 9 19
23 83 6 27
23 84 17 25
23 85 19 14
23 86 20 23
23 87 26 16
23 88 6 22
23 89 26 6
23 90 4 21
23 91 22 13
23 92 10 26
23 93 16 23
23 94 10 11
23 95 8 20
23 96 19 4
23 97 9 17
23 98 20 5
23 99 21 11
24 25 97 99
24 26 100 99
24 27 97 96
24 28 16 14
24 29 13 7
24 30 5 9
24 31 20 11
24 32 25 16
24 33 17 18
24 34 23 5
24 35 24 8
24 36 23 25
24 37 20 19
24 38 5 22
24 39 23 4
24 40 25 12
24 41 5 20
24 42 26 17
24 43 25 25
24 44 16 23
24 45 4 17
24 46 13 19
24 47 11 23
24 48 4 7
24 49 21 24
24 50 24 8
24 51 24 4
24 52 12 10
24 53 23 19
24 54 11 11
24 55 8 24
24 56 9 15
24 57 11 11
24 58 21 11
24 59 22 19
24 60 18 20
24 61 26 4
24 62 12 13
24 63 11 15
24 64 27 12
24 65 14 23
24 66 8 11
24 67 6 13
24 68 10 13
24 69 20 9
24 70 5 4
24 71 5 9
24 72 13 24
24 73 24 8
24 74 7 23
24 75 27 25
24 76 9 26
24 77 5 11
24 78 26 10
24 79 11 14
24 80 15 15
24 81 22 11
24 82 21 4
24 83 24 4
24 84 24 13
24 85 26 13
24 86 25 16
24 87 7 14
24 88 24 24
24 89 5 13
24 90 25 25
24 91 26 8
24 92 24 10
24 93 10 6
24 94 5 25
24 95 11 24
24 96 4 15
24 97 20 20
24 98 25 12
24 99 16 9
25 26 99 96
25 27 98 98
25 28 9 5
25 29 6 16
25 30 19 9
25 31 5 22
25 32 10 27
25 33 16 16
25 34 26 21
25 35 26 23
25 36 6 4
25 37 13 24
25 38 5 22
25 39 23 9
25 40 19 24
25 41 26 16
25 42 12 12
25 43 21 20
25 44 4 25
25 45 16 26
25 46 21 5
25 47 20 19
25 48 21 19
25 49 21 21
25 50 17 4
25 51 17 18
25 52 7 11
25 53 14 14
25 54 5 16
25 55 9 6
25 56 5 22
25 57 24 18
25 58 14 16
25 59 27 17
25 60 22 21
25 61 17 7
25 62 20 15
25 63 22 11
25 64 24 17
25 65 24 25
25 66 8 25
25 67 15 13
25 68 10 15
25 69 22 21
25 70 26 7
25 71 10 14
25 72 21 14
25 73 7 4
25 74 25 19
25 75 18 4
25 76 7 15
25 77 6 18
25 78 15 21
25 79 20 14
25 80 4 20
25 81 23 10
25 82 8 16
25 83 22 23
25 84 21 19
25 85 21 5
25 86 24 27
25 87 16 6
25 88 20 10
25 89 14 21
25 90 12 8
25 91 11 14
25 92 25 18
25 93 18 16
25 94 23 18
25 95 25 17
25 96 14 16
25 97 12 9
25 98 13 13
25 99 13 16
26 27 98 98
26 28 21 12
26 29 25 6
26 30 7 26
26 31 23 9
26 32 4 22
26 33 14 22
26 34 20 17
26 35 24 7
26 36 7 27
26 37 4 11
26 38 20 9
26 39 19 23
26 40 10 21
26 41 16 16
26 42 21 21
26 43 4 13
26 44 5 27
26 45 11 13
26 46 6 24
26 47 12 4
26 48 8 18
26 49 12 16
26 50 23 7
26 51 19 11
26 52 24 15
26 53 20 14
26 54 25 17
26 55 22 10
26 56 25 5
26 57 13 20
26 58 6 25
26 59 24 5
26 60 19 6
26 61 27 27
26 62 23 11
26 63 13 15
26 64 23 17
26 65 12 8
26 66 26 9
26 67 22 14
26 68 14 23
26 69 27 5
26 70 7 19
26 71 4 12
26 72 25 14
26 73 6 19
26 74 24 8
26 75 10 4
26 76 15 18
26 77 27 22
26 78 12 6
26 79 25 21
26 80 4 27
26 81 5 18
26 82 21 26
26 83 18 12
26 84 13 20
26 85 17 21
26 86 16 12
26 87 19 19
26 88 25 9
26 89 25 6
26 90 25 25
26 91 26 4
26 92 24 13
26 93 5 9
26 94 6 18
26 95 24 22
26 96 15 25
26 97 25 15
26 98 4 14
26 99 14 13
27 28 22 18
27 29 12 16
27 30 7 18
27 31 27 24
27 32 14 26
27 33 12 23
27 34 20 19
27 35 6 11
27 36 23 14
27 37 8 24
27 38 25 6
27 39 18 5
27 40 10 20
27 41 13 27
27 42 17 5
27 43 17 5
27 44 14 24
27 45 13 4
27 46 8 4
27 47 20 10
27 48 25 4
27 49 15 20
27 50 15 14
27 51 10 7
27 52 4 27
27 53 21 26
27 54 27 7
27 55 14 23
27 56 7 25
27 57 20 17
27 58 17 13
27 59 17 16
27 60 15 27
27 61 9 16
27 62 24 22
27 63 12 25
27 64 12 5
27 65 12 21
27 66 19 22
27 67 21 4
27 68 10 18
27 69 24 21
27 70 24 17
27 71 4 20
27 72 24 23
27 73 12 17
27 74 12 14
27 75 12 19
27 76 25 6
27 77 12 26
27 78 11 19
27 79 5 21
27 80 14 26
27 81 25 21
27 82 22 6
27 83 19 10
27 84 27 9
27 85 17 8
27 86 10 18
27 87 13 8
27 88 13 13
27 89 13 26
27 90 27 27
27 91 4 24
27 92 6 14
27 93 18 14
27 94 15 10
27 95 9 5
27 96 13 9
27 97 27 15
27 98 18 18
27 99 10 8
28 29 96 98
28 30 96 98
28 31 97 99
28 32 19 22
28 33 24 19
28 34 27 4
28 35 24 6
28 36 27 5
28 37 7 15
28 38 25 12
28 39 5 16
28 40 18 18
28 41 7 5
28 42 4 6
28 43 5 16
28 44 20 19
28 45 24 22
28 46 7 14
28 47 9 9
28 48 21 8
28 49 17 8
28 50 7 16
28 51 20 9
28 52 7 9
28 53 21 14
28 54 12 14
28 55 19 18
28 56 4 11
28 57 12 11
28 58 5 4
28 59 27 19
28 60 10 11
28 61 26 18
28 62 6 7
28 63 9 7
28 64 15 4
28 65 20 14
28 66 12 4
28 67 10 6
28 68 23 10
28 69 7 18
28 70 7 9
28 71 10 16
28 72 18 18
28 73 14 6
28 74 9 7
28 75 4 22
28 76 11 19
28 77 7 10
28 78 8 25
28 79 22 8
28 80 6 15
28 81 24 22
28 82 18 26
28 83 25 25
28 84 12 26
28 85 8 16
28 86 21 4
28 87 19 20
28 88 26 17
28 89 21 27
28 90 9 6
28 91 18 7
28 92 27 11
28 93 10 27
28 94 17 19
28 95 17 13
28 96 20 22
28 97 14 22
28 98 14 24
28 99 18 21
29 30 96 99
29 31 97 99
29 32 5 8
29 33 8 25
29 34 10 8
29 35 10 25
29 36 10 14
29 37 12 12
29 38 14 16
29 39 16 23
29 40 22 21
29 41 15 25
29 42 25 16
29 43 22 6
29 44 27 6
29 45 5 5
29 46 4 14
29 47 6 27
29 48 13 11
29 49 22 4
29 50 5 4
29 51 13 22
29 52 26 8
29 53 17 5
29 54 7 21
29 55 11 7
29 56 23 14
29 57 14 15
29 58 27 20
29 59 4 21
29 60 16 17
29 61 6 13
29 62 9 14
29 63 15 11
29 64 27 4
29 65 22 13
29 66 23 21
29 67 18 6
29 68 23 22
29 69 19 19
29 70 14 19
29 71 4 7
29 72 8 25
29 73 25 23
29 74 17 16
29 75 18 18
29 76 24 23
29 77 6 7
29 78 12 18
29 79 16 6
29 80 17 15
29 81 12 10
29 82 21 12
29 83 8 18
29 84 15 10
29 85 20 4
29 86 5 22
29 87 25 20
29 88 19 11
29 89 12 7
29 90 26 20
29 91 21 9
29 92 18 6
29 93 5 18
29 94 5 20
29 95 7 6
29 96 6 6
29 97 14 11
29 98 5 12
29 99 8 9
30 31 100 96
30 32 12 15
30 33 26 6
30 34 11 23
30 35 14 20
30 36 11 15
30 37 13 23
30 38 24 20
30 39 17 27
30 40 14 17
30 41 16 13
30 42 21 15
30 43 25 10
30 44 5 8
30 45 14 22
30 46 22 9
30 47 14 27
30 48 8 19
30 49 27 11
30 50 23 6
30 51 26 14
30 52 27 14
30 53 11 25
30 54 6 7
30 55 11 19
30 56 19 20
30 57 14 18
30 58 17 14
30 59 24 24
30 60 25 4
30 61 7 8
30 62 22 25
30 63 4 19
30 64 26 18
30 65 7 23
30 66 6 26
30 67 14 8
30 68 24 20
30 69 21 24
30 70 7 10
30 71 21 12
30 72 5 12
30 73 7 19
30 74 11 25
30 75 15 15
30 76 24 15
30 77 6 10
30 78 9 12
30 79 17 7
30 80 25 4
30 81 14 24
30 82 9 5
30 83 17 11
30 84 8 15
30 85 15 17
30 86 25 4
30 87 16 23
30 88 15 27
30 89 21 14
30 90 20 22
30 91 14 27
30 92 7 6
30 93 14 22
30 94 17 6
30 95 17 24
30 96 24 21
30 97 23 14
30 98 26 23
30 99 26 6
31 32 21 23
31 33 12 16
31 34 8 9
31 35 20 11
31 36 22 12
31 37 18 25
31 38 14 25
31 39 6 24
31 40 24 6
31 41 22 14
31 42 5 7
31 43 25 10
31 44 22 4
31 45 14 25
31 46 5 14
31 47 13 27
31 48 19 8
31 49 12 9
31 50 20 11
31 51 7 5
31 52 20 5
31 53 14 27
31 54 17 9
31 55 21 9
31 56 21 13
31 57 14 15
31 58 22 24
31 59 23 21
31 60 25 23
31 61 20 4
31 62 24 7
31 63 24 5
31 64 13 8
31 65 25 13
31 66 20 18
31 67 11 9
31 68 4 19
31 69 27 6
31 70 14 8
31 71 12 20
31 72 17 5
31 73 12 4
31 74 11 15
31 75 13 11
31 76 10 25
31 77 5 19
31 78 9 21
31 79 5 19
31 80 8 27
31 81 23 11
31 82 27 21
31 83 18 6
31 84 16 23
31 85 13 16
31 86 9 14
31 87 21 11
31 88 5 25
31 89 8 21
31 90 21 17
31 91 15 8
31 92 26 15
31 93 8 18
31 94 14 12
31 95 12 26
31 96 16 8
31 97 23 16
31 98 7 5
31 99 21 21
32 33 98 98
32 34 99 96
32 35 96 99
32 36 14 18
32 37 10 13
32 38 25 25
32 39 13 12
32 40 25 5
32 41 7 10
32 42 11 8
32 43 4 25
32 44 5 14
32 45 4 19
32 46 7 20
32 47 9 26
32 48 19 8
32 49 8 21
32 50 20 18
32 51 14 12
32 52 4 10
32 53 4 17
32 54 16 26
32 55 15 8
32 56 12 14
32 57 10 5
32 58 18 27
32 59 26 20
32 60 16 20
32 61 11 14
32 62 4 26
32 63 26 7
32 64 10 8
32 65 13 10
32 66 21 7
32 67 27 26
32 68 6 7
32 69 6 25
32 70 13 5
32 71 11 27
32 72 26 8
32 73 25 20
32 74 22 12
32 75 13 14
32 76 5 18
32 77 4 7
32 78 8 24
32 79 12 19
32 80 20 19
32 81 5 19
32 82 12 5
32 83 7 25
32 84 14 10
32 85 8 10
32 86 27 18
32 87 15 11
32 88 18 23
32 89 21 5
32 90 8 14
32 91 8 9
32 92 5 4
32 93 18 8
32 94 23 19
32 95 14 8
32 96 20 23
32 97 4 8
32 98 8 10
32 99 27 25
33 34 97 98
33 35 99 99
33 36 26 22
33 37 26 12
33 38 12 15
33 39 24 24
33 40 10 22
33 41 10 18
33 42 9 27
33 43 24 27
33 44 13 9
33 45 14 6
33 46 4 7
33 47 21 5
33 48 10 23
33 49 5 4
33 50 12 25
33 51 26 25
33 52 19 26
33 53 20 17
33 54 15 19
33 55 8 8
33 56 4 11
33 57 12 26
33 58 24 8
33 59 27 26
33 60 4 5
33 61 8 22
33 62 17 26
33 63 17 12
33 64 19 12
33 65 23 19
33 66 25 24
33 67 7 18
33 68 19 19
33 69 7 20
33 70 11 7
33 71 11 24
33 72 6 13
33 73 5 14
33 74 11 6
33 75 9 10
33 76 21 14
33 77 9 24
33 78 15 15
33 79 9 13
33 80 16 4
33 81 14 20
33 82 21 23
33 83 20 5
33 84 18 27
33 85 19 13
33 86 9 22
33 87 8 17
33 88 16 12
33 89 20 8
33 90 27 10
33 91 9 6
33 92 27 11
33 93 6 4
33 94 8 12
33 95 4 27
33 96 16 5
33 97 15 13
33 98 4 11
33 99 18 9
34 35 96 99
34 36 15 23
34 37 9 15
34 38 14 5
34 39 17 6
34 40 27 9
34 41 25 10
34 42 27 7
34 43 22 18
34 44 23 20
34 45 22 24
34 46 14 20
34 47 22 14
34 48 8 27
34 49 20 26
34 50 13 27
34 51 21 18
34 52 22 12
34 53 19 7
34 54 7 25
34 55 13 18
34 56 24 10
34 57 18 25
34 58 24 8
34 59 23 25
34 60 23 8
34 61 11 20
34 62 18 27
34 63 11 21
34 64 5 27
34 65 21 11
34 66 13 27
34 67 7 20
34 68 14 15
34 69 5 10
34 70 25 25
34 71 19 4
34 72 21 15
34 73 14 25
34 74 8 20
34 75 20 24
34 76 5 9
34 77 4 13
34 78 5 8
34 79 27 17
34 80 11 15
34 81 10 15
34 82 6 26
34 83 13 7
34 84 12 18
34 85 6 27
34 86 25 26
34 87 17 8
34 88 13 8
34 89 5 27
34 90 27 21
34 91 11 6
34 92 26 12
34 93 15 4
34 94 6 4
34 95 15 26
34 96 20 18
34 97 8 21
34 98 26 18
34 99 25 24
35 36 18 19
35 37 20 26
35 38 16 13
35 39 26 20
35 40 20 5
35 41 23 26
35 42 20 8
35 43 4 7
35 44 13 22
35 45 16 20
35 46 22 9
35 47 20 27
35 48 20 6
35 49 15 4
35 50 5 4
35 51 24 25
35 52 18 6
35 53 13 10
35 54 15 20
35 55 5 21
35 56 7 14
35 57 26 22
35 58 27 7
35 59 15 27
35 60 21 11
35 61 8 26
35 62 10 13
35 63 15 14
35 64 20 4
35 65 8 25
35 66 18 16
35 67 26 18
35 68 25 5
35 69 24 19
35 70 22 27
35 71 15 16
35 72 10 7
35 73 27 17
35 74 14 25
35 75 27 20
35 76 27 20
35 77 18 12
35 78 27 14
35 79 25 15
35 80 25 17
35 81 5 4
35 82 7 5
35 83 26 27
35 84 16 19
35 85 9 8
35 86 6 5
35 87 5 18
35 88 22 13
35 89 12 6
35 90 11 4
35 91 9 5
35 92 4 17
35 93 24 18
35 94 26 20
35 95 4 4
35 96 9 21
35 97 21 9
35 98 14 25
35 99 17 25
36 37 98 100
36 38 98 100
36 39 100 98
36 40 23 21
36 41 24 23
36 42 5 20
36 43 16 4
36 44 24 13
36 45 26 10
36 46 13 15
36 47 10 27
36 48 5 9
36 49 16 13
36 50 5 24
36 51 21 22
36 52 5 15
36 53 6 18
36 54 11 11
36 55 16 18
36 56 9 12
36 57 20 19
36 58 22 17
36 59 17 11
36 60 21 26
36 61 22 4
36 62 17 23
36 63 16 16
36 64 21 7
36 65 21 14
36 66 26 19
36 67 6 5
36 68 8 7
36 69 8 17
36 70 8 14
36 71 5 17
36 72 26 17
36 73 7 26
36 74 16 6
36 75 7 10
36 76 14 16
36 77 16 17
36 78 27 20
36 79 13 13
36 80 23 9
36 81 5 14
36 82 5 18
36 83 15 7
36 84 15 5
36 85 8 26
36 86 25 27
36 87 21 15
36 88 17 15
36 89 9 18
36 90 8 25
36 91 24 27
36 92 13 10
36 93 18 24
36 94 16 24
36 95 10 4
36 96 17 6
36 97 26 22
36 98 12 22
36 99 25 9
37 38 97 96
37 39 100 96
37 40 7 21
37 41 27 12
37 42 9 22
37 43 24 23
37 44 7 18
37 45 12 8
37 46 11 15
37 47 26 12
37 48 17 23
37 49 17 26
37 50 15 6
37 51 11 19
37 52 5 18
37 53 7 9
37 54 22 7
37 55 15 25
37 56 8 8
37 57 13 25
37 58 11 22
37 59 9 11
37 60 5 5
37 61 26 15
37 62 9 14
37 63 20 24
37 64 24 17
37 65 12 25
37 66 24 23
37 67 15 27
37 68 18 25
37 69 8 19
37 70 10 5
37 71 6 5
37 72 17 23
37 73 26 22
37 74 10 18
37 75 27 20
37 76 21 27
37 77 21 24
37 78 21 24
37 79 14 26
37 80 9 15
37 81 10 13
37 82 13 22
37 83 4 21
37 84 8 18
37 85 27 19
37 86 8 4
37 87 8 11
37 88 15 21
37 89 27 20
37 90 14 26
37 91 26 11
37 92 7 24
37 93 6 22
37 94 8 27
37 95 25 8
37 96 25 4
37 97 4 14
37 98 4 7
37 99 20 16
38 39 97 98
38 40 6 26
38 41 16 4
38 42 7 24
38 43 10 26
38 44 21 10
38 45 22 15
38 46 18 15
38 47 4 8
38 48 19 27
38 49 4 10
38 50 27 20
38 51 6 6
38 52 7 6
38 53 13 5
38 54 26 14
38 55 9 16
38 56 17 24
38 57 21 7
38 58 10 12
38 59 17 5
38 60 18 11
38 61 24 22
38 62 13 9
38 63 21 16
38 64 11 8
38 65 13 23
38 66 27 11
38 67 20 5
38 68 12 26
38 69 13 16
38 70 22 8
38 71 27 22
38 72 4 17
38 73 8 4
38 74 16 13
38 75 20 6
38 76 12 26
38 77 5 7
38 78 25 22
38 79 10 9
38 80 11 21
38 81 11 21
38 82 15 5
38 83 18 25
38 84 27 11
38 85 21 24
38 86 27 25
38 87 22 17
38 88 23 26
38 89 13 13
38 90 22 26
38 91 10 17
38 92 26 24
38 93 20 23
38 94 19 17
38 95 9 4
38 96 12 7
38 97 26 15
38 98 12 11
38 99 11 23
39 40 19 10
39 41 27 27
39 42 13 21
39 43 14 21
39 44 10 13
39 45 17 15
39 46 11 8
39 47 20 6
39 48 27 27
39 49 16 5
39 50 6 10
39 51 14 9
39 52 17 4
39 53 18 15
39 54 17 27
39 55 15 17
39 56 25 23
39 57 7 16
39 58 23 6
39 59 12 19
39 60 15 26
39 61 20 21
39 62 6 20
39 63 5 27
39 64 23 9
39 65 25 5
39 66 8 12
39 67 20 15
39 68 19 7
39 69 9 15
39 70 11 7
39 71 15 17
39 72 21 12
39 73 27 9
39 74 8 12
39 75 6 6
39 76 25 9
39 77 19 18
39 78 25 19
39 79 17 24
39 80 11 14
39 81 22 20
39 82 18 23
39 83 8 19
39 84 21 10
39 85 13 10
39 86 22 7
39 87 27 4
39 88 12 16
39 89 27 23
39 90 11 11
39 91 18 9
39 92 11 7
39 93 25 26
39 94 19 24
39 95 17 26
39 96 27 13
39 97 4 10
39 98 20 18
39 99 17 15
40 41 97 97
40 42 99 96
40 43 99 98
40 44 19 8
40 45 4 27
40 46 6 26
40 47 10 8
40 48 22 10
40 49 18 6
40 50 24 14
40 51 25 17
40 52 13 27
40 53 12 4
40 54 8 27
40 55 16 15
40 56 16 17
40 57 25 27
40 58 26 18
40 59 24 16
40 60 7 24
40 61 24 6
40 62 10 14
40 63 19 11
40 64 7 26
40 65 19 14
40 66 15 16
40 67 19 26
40 68 14 15
40 69 27 11
40 70 11 6
40 71 4 12
40 72 18 16
40 73 5 11
40 74 25 4
40 75 26 17
40 76 15 23
40 77 5 12
40 78 18 16
40 79 10 7
40 80 13 11
40 81 7 8
40 82 4 27
40 83 22 6
40 84 21 15
40 85 27 24
40 86 19 6
40 87 25 20
40 88 26 25
40 89 14 17
40 90 15 10
40 91 16 7
40 92 26 6
40 93 11 11
40 94 12 26
40 95 22 14
40 96 19 14
40 97 17 9
40 98 21 22
40 99 8 18
41 42 98 97
41 43 97 99
41 44 11 10
41 45 24 23
41 46 21 14
41 47 4 26
41 48 4 6
41 49 11 17
41 50 27 12
41 51 27 13
41 52 23 6
41 53 18 7
41 54 19 17
41 55 14 17
41 56 4 21
41 57 20 15
41 58 5 9
41 59 23 18
41 60 11 7
41 61 6 18
41 62 8 22
41 63 4 22
41 64 25 4
41 65 14 19
41 66 4 27
41 67 4 19
41 68 10 13
41 69 17 20
41 70 23 16
41 71 9 7
41 72 25 7
41 73 7 15
41 74 24 25
41 75 4 17
41 76 22 25
41 77 15 23
41 78 17 21
41 79 11 7
41 80 15 12
41 81 21 20
41 82 27 23
41 83 23 11
41 84 19 8
41 85 10 4
41 86 21 8
41 87 26 16
41 88 8 24
41 89 19 9
41 90 19 12
41 91 26 14
41 92 11 19
41 93 18 26
41 94 15 15
41 95 22 24
41 96 10 16
41 97 22 9
41 98 25 13
41 99 25 10
42 43 98 98
42 44 14 12
42 45 18 25
42 46 14 24
42 47 20 25
42 48 26 8
42 49 25 20
42 50 23 20
42 51 25 9
42 52 17 14
42 53 17 17
42 54 15 20
42 55 27 12
42 56 7 13
42 57 18 10
42 58 27 24
42 59 12 4
42 60 25 5
42 61 4 20
42 62 6 10
42 63 18 6
42 64 15 12
42 65 26 14
42 66 8 21
42 67 27 24
42 68 16 26
42 69 5 21
42 70 23 9
42 71 11 8
42 72 17 8
42 73 18 18
42 74 17 10
42 75 8 18
42 76 25 16
42 77 9 4
42 78 6 6
42 79 15 22
42 80 21 11
42 81 9 23
42 82 23 26
42 83 17 8
42 84 22 11
42 85 7 15
42 86 5 22
42 87 20 12
42 88 12 13
42 89 13 22
42 90 12 27
42 91 17 25
42 92 21 13
42 93 22 7
42 94 14 20
42 95 26 9
42 96 17 17
42 97 22 9
42 98 15 16
42 99 21 13
43 44 8 21
43 45 19 11
43 46 4 26
43 47 9 13
43 48 27 4
43 49 19 19
43 50 12 25
43 51 4 6
43 52 6 6
43 53 12 10
43 54 19 18
43 55 7 16
43 56 11 20
43 57 15 27
43 58 4 18
43 59 12 9
43 60 24 12
43 61 5 21
43 62 9 17
43 63 4 17
43 64 7 18
43 65 27 25
43 66 25 23
43 67 24 19
43 68 14 7
43 69 15 11
43 70 27 19
43 71 14 17
43 72 12 6
43 73 13 12
43 74 12 14
43 75 25 16
43 76 27 23
43 77 7 24
43 78 13 12
43 79 12 16
43 80 5 19
43 81 14 17
43 82 19 16
43 83 15 7
43 84 5 20
43 85 13 9
43 86 27 9
43 87 25 17
43 88 5 5
43 89 21 18
43 90 22 9
43 91 7 4
43 92 27 17
43 93 14 15
43 94 15 13
43 95 25 24
43 96 17 12
43 97 5 5
43 98 6 9
43 99 26 12
44 45 98 99
44 46 99 96
44 47 96 98
44 48 6 5
44 49 7 4
44 50 25 15
44 51 15 27
44 52 19 10
44 53 14 6
44 54 11 13
44 55 22 20
44 56 22 12
44 57 18 25
44 58 17 4
44 59 11 10
44 60 10 19
44 61 14 7
44 62 10 22
44 63 22 9
44 64 11 9
44 65 14 7
44 66 18 24
44 67 26 12
44 68 19 23
44 69 11 19
44 70 7 21
44 71 5 20
44 72 20 22
44 73 20 22
44 74 21 10
44 75 24 6
44 76 7 4
44 77 5 15
44 78 22 5
44 79 24 12
44 80 8 4
44 81 26 4
44 82 13 24
44 83 17 20
44 84 24 19
44 85 9 18
44 86 19 8
44 87 27 18
44 88 14 25
44 89 23 18
44 90 5 9
44 91 17 24
44 92 15 11
44 93 8 14
44 94 11 5
44 95 9 12
44 96 21 13
44 97 5 16
44 98 13 27
44 99 12 6
45 46 97 97
45 47 96 100
45 48 6 6
45 49 15 22
45 50 15 20
45 51 6 15
45 52 11 16
45 53 4 24
45 54 27 27
45 55 4 18
45 56 21 4
45 57 8 12
45 58 16 10
45 59 27 4
45 60 17 17
45 61 10 23
45 62 25 20
45 63 13 15
45 64 9 4
45 65 6 21
45 66 9 21
45 67 18 12
45 68 26 12
45 69 26 22
45 70 24 13
45 71 4 17
45 72 18 17
45 73 13 5
45 74 20 18
45 75 6 11
45 76 7 10
45 77 20 22
45 78 6 12
45 79 9 5
45 80 11 16
45 81 10 14
45 82 10 20
45 83 26 26
45 84 18 15
45 85 9 25
45 86 13 17
45 87 19 13
45 88 25 27
45 89 9 19
45 90 10 18
45 91 10 4
45 92 12 8
45 93 17 14
45 94 25 25
45 95 21 22
45 96 19 26
45 97 19 20
45 98 9 14
45 99 5 18
46 47 97 100
46 48 13 6
46 49 26 12
46 50 25 19
46 51 8 8
46 52 17 4
46 53 23 16
46 54 17 17
46 55 24 13
46 56 12 11
46 57 27 21
46 58 14 11
46 59 11 13
46 60 6 24
46 61 23 20
46 62 24 18
46 63 21 27
46 64 26 4
46 65 4 23
46 66 8 13
46 67 21 7
46 68 6 19
46 69 25 19
46 70 9 7
46 71 17 4
46 72 11 4
46 73 4 4
46 74 27 22
46 75 17 18
46 76 10 13
46 77 4 20
46 78 8 10
46 79 6 10
46 80 17 11
46 81 22 13
46 82 10 16
46 83 15 16
46 84 16 7
46 85 17 10
46 86 25 13
46 87 25 7
46 88 27 20
46 89 19 20
46 90 22 13
46 91 9 18
46 92 23 5
46 93 4 24
46 94 22 25
46 95 23 9
46 96 23 22
46 97 13 6
46 98 7 4
46 99 17 14
47 48 16 19
47 49 24 5
47 50 17 23
47 51 10 19
47 52 20 7
47 53 26 8
47 54 24 26
47 55 10 4
47 56 13 5
47 57 9 7
47 58 23 24
47 59 18 5
47 60 21 13
47 61 25 11
47 62 6 10
47 63 20 6
47 64 11 4
47 65 12 17
47 66 14 4
47 67 12 9
47 68 10 21
47 69 10 9
47 70 9 17
47 71 20 25
47 72 9 25
47 73 9 6
47 74 6 14
47 75 7 25
47 76 8 22
47 77 16 11
47 78 23 23
47 79 6 27
47 80 7 15
47 81 18 13
47 82 10 22
47 83 17 22
47 84 4 19
47 85 27 11
47 86 10 22
47 87 27 9
47 88 9 9
47 89 5 5
47 90 23 13
47 91 9 9
47 92 10 14
47 93 23 7
47 94 20 9
47 95 13 22
47 96 19 10
47 97 5 24
47 98 20 4
47 99 14 10
48 49 98 99
48 50 98 98
48 51 96 98
48 52 10 10
48 53 24 17
48 54 23 21
48 55 24 26
48 56 16 17
48 57 18 7
48 58 18 21
48 59 10 23
48 60 27 7
48 61 11 20
48 62 13 25
48 63 5 5
48 64 27 25
48 65 24 24
48 66 19 14
48 67 5 25
48 68 13 22
48 69 6 23
48 70 13 12
48 71 23 20
48 72 25 7
48 73 17 25
48 74 13 4
48 75 5 9
48 76 14 24
48 77 7 21
48 78 21 4
48 79 22 7
48 80 10 23
48 81 14 16
48 82 6 10
48 83 19 15
48 84 21 25
48 85 27 20
48 86 19 8
48 87 25 26
48 88 19 14
48 89 24 20
48 90 10 27
48 91 13 14
48 92 17 12
48 93 15 11
48 94 6 27
48 95 25 21
48 96 23 25
48 97 6 22
48 98 6 11
48 99 5 26
49 50 99 100
49 51 96 100
49 52 10 10
49 53 17 6
49 54 26 20
49 55 16 15
49 56 14 19
49 57 16 11
49 58 11 25
49 59 15 15
49 60 24 18
49 61 21 18
49 62 27 19
49 63 5 25
49 64 27 9
49 65 12 10
49 66 15 23
49 67 22 9
49 68 26 21
49 69 8 21
49 70 12 7
49 71 20 13
49 72 25 18
49 73 16 27
49 74 20 13
49 75 15 23
49 76 8 25
49 77 24 13
49 78 14 15
49 79 10 14
49 80 23 14
49 81 7 25
49 82 7 14
49 83 22 19
49 84 16 13
49 85 18 18
49 86 5 21
49 87 20 7
49 88 10 27
49 89 18 15
49 90 23 10
49 91 24 26
49 92 16 14
49 93 12 11
49 94 7 17
49 95 15 12
49 96 12 15
49 97 16 15
49 98 22 15
49 99 9 10
50 51 97 98
50 52 12 5
50 53 17 27
50 54 4 20
50 55 8 7
50 56 10 9
50 57 17 8
50 58 21 8
50 59 8 24
50 60 27 12
50 61 7 19
50 62 4 14
50 63 5 22
50 64 6 9
50 65 13 19
50 66 22 16
50 67 6 13
50 68 5 9
50 69 5 23
50 70 13 18
50 71 27 14
50 72 25 27
50 73 14 18
50 74 10 23
50 75 20 6
50 76 26 26
50 77 7 16
50 78 11 18
50 79 19 22
50 80 25 26
50 81 26 20
50 82 16 10
50 83 5 22
50 84 25 13
50 85 12 18
50 86 10 22
50 87 11 24
50 88 20 19
50 89 23 26
50 90 25 8
50 91 5 22
50 92 26 5
50 93 6 26
50 94 22 5
50 95 19 11
50 96 14 22
50 97 5 21
50 98 8 16
50 99 17 12
51 52 8 5
51 53 21 8
51 54 26 4
51 55 8 27
51 56 16 21
51 57 20 13
51 58 4 19
51 59 18 21
51 60 10 27
51 61 25 16
51 62 11 19
51 63 26 23
51 64 16 8
51 65 23 17
51 66 21 21
51 67 22 12
51 68 18 10
51 69 24 9
51 70 23 17
51 71 13 11
51 72 7 22
51 73 6 18
51 74 23 11
51 75 4 17
51 76 26 16
51 77 24 14
51 78 16 19
51 79 19 14
51 80 6 16
51 81 18 10
51 82 27 4
51 83 27 12
51 84 16 12
51 85 14 18
51 86 18 14
51 87 21 23
51 88 14 9
51 89 19 27
51 90 25 6
51 91 25 13
51 92 24 10
51 93 24 6
51 94 10 5
51 95 13 26
51 96 9 18
51 97 24 14
51 98 11 13
51 99 24 18
52 53 98 98
52 54 97 96
52 55 96 100
52 56 12 17
52 57 23 23
52 58 4 15
52 59 22 12
52 60 8 13
52 61 17 16
52 62 17 15
52 63 12 11
52 64 10 24
52 65 15 17
52 66 13 11
52 67 8 17
52 68 23 21
52 69 15 19
52 70 26 13
52 71 24 5
52 72 7 27
52 73 27 11
52 74 4 26
52 75 20 9
52 76 25 27
52 77 19 6
52 78 13 8
52 79 27 23
52 80 22 9
52 81 20 14
52 82 19 27
52 83 14 4
52 84 21 5
52 85 21 8
52 86 8 5
52 87 19 18
52 88 12 4
52 89 19 4
52 90 18 27
52 91 19 6
52 92 23 18
52 93 4 5
52 94 13 27
52 95 18 16
52 96 6 18
52 97 23 5
52 98 13 7
52 99 24 10
53 54 100 96
53 55 97 97
53 56 20 27
53 57 7 19
53 58 22 26
53 59 14 7
53 60 8 23
53 61 27 5
53 62 16 8
53 63 9 12
53 64 7 8
53 65 27 10
53 66 20 5
53 67 6 7
53 68 9 4
53 69 11 12
53 70 16 10
53 71 21 26
53 72 7 5
53 73 17 9
53 74 25 11
53 75 10 15
53 76 15 20
53 77 6 15
53 78 24 24
53 79 7 13
53 80 18 19
53 81 5 6
53 82 20 4
53 83 7 5
53 84 27 11
53 85 15 18
53 86 14 25
53 87 17 18
53 88 16 9
53 89 11 6
53 90 19 13
53 91 21 13
53 92 12 17
53 93 12 21
53 94 12 15
53 95 18 7
53 96 13 4
53 97 16 10
53 98 16 9
53 99 7 18
54 55 96 98
54 56 10 25
54 57 15 27
54 58 15 6
54 59 4 10
54 60 7 24
54 61 7 7
54 62 13 12
54 63 14 18
54 64 27 11
54 65 20 24
54 66 10 24
54 67 11 21
54 68 16 20
54 69 7 15
54 70 4 8
54 71 21 19
54 72 16 25
54 73 16 16
54 74 20 23
54 75 4 19
54 76 5 7
54 77 4 19
54 78 12 26
54 79 5 5
54 80 18 22
54 81 10 23
54 82 17 25
54 83 25 19
54 84 10 15
54 85 16 14
54 86 26 10
54 87 4 13
54 88 6 9
54 89 11 24
54 90 8 19
54 91 7 11
54 92 22 18
54 93 4 16
54 94 11 10
54 95 8 9
54 96 21 4
54 97 11 10
54 98 5 22
54 99 6 11
55 56 12 24
55 57 19 13
55 58 15 26
55 59 24 15
55 60 8 27
55 61 25 19
55 62 27 27
55 63 11 18
55 64 4 21
55 65 16 27
55 66 9 24
55 67 14 8
55 68 27 23
55 69 21 26
55 70 7 18
55 71 5 20
55 72 24 19
55 73 4 24
55 74 25 14
55 75 4 14
55 76 15 15
55 77 26 16
55 78 13 8
55 79 13 7
55 80 9 27
55 81 6 8
55 82 14 7
55 83 20 17
55 84 12 23
55 85 5 4
55 86 23 13
55 87 26 23
55 88 19 11
55 89 4 17
55 90 14 27
55 91 12 9
55 92 13 10
55 93 7 8
55 94 11 27
55 95 17 9
55 96 26 27
55 97 20 4
55 98 15 27
55 99 6 8
56 57 96 99
56 58 96 98
56 59 97 96
56 60 13 12
56 61 25 26
56 62 5 27
56 63 22 24
56 64 7 11
56 65 14 25
56 66 7 16
56 67 19 15
56 68 21 20
56 69 20 20
56 70 7 12
56 71 4 27
56 72 8 10
56 73 16 26
56 74 17 11
56 75 19 20
56 76 11 16
56 77 4 16
56 78 25 15
56 79 7 15
56 80 25 19
56 81 20 9
56 82 24 22
56 83 17 12
56 84 22 19
56 85 4 19
56 86 9 9
56 87 18 25
56 88 22 10
56 89 14 27
56 90 23 25
56 91 19 4
56 92 7 15
56 93 11 23
56 94 18 11
56 95 24 14
56 96 19 6
56 97 27 4
56 98 16 21
56 99 27 10
57 58 100 96
57 59 98 98
57 60 25 8
57 61 26 9
57 62 9 26
57 63 26 11
57 64 16 20
57 65 18 21
57 66 12 7
57 67 14 12
57 68 6 22
57 69 22 25
57 70 21 8
57 71 5 14
57 72 27 19
57 73 19 23
57 74 20 24
57 75 16 7
57 76 9 19
57 77 23 26
57 78 18 26
57 79 11 15
57 80 19 22
57 81 5 4
57 82 15 16
57 83 18 14
57 84 19 24
57 85 20 17
57 86 16 16
57 87 20 20
57 88 27 18
57 89 13 18
57 90 21 12
57 91 6 27
57 92 14 6
57 93 14 24
57 94 23 11
57 95 13 9
57 96 16 6
57 97 18 17
57 98 7 18
57 99 17 19
58 59 97 99
58 60 13 22
58 61 15 22
58 62 21 26
58 63 12 17
58 64 26 23
58 65 4 16
58 66 22 6
58 67 5 11
58 68 7 25
58 69 12 20
58 70 21 7
58 71 17 26
58 72 21 14
58 73 20 6
58 74 10 7
58 75 4 20
58 76 6 8
58 77 21 17
58 78 11 11
58 79 22 26
58 80 7 12
58 81 24 26
58 82 20 15
58 83 18 19
58 84 8 12
58 85 16 21
58 86 26 13
58 87 20 14
58 88 9 19
58 89 27 11
58 90 27 26
58 91 9 14
58 92 17 22
58 93 17 20
58 94 22 7
58 95 24 16
58 96 18 21
58 97 4 11
58 98 15 7
58 99 12 20
59 60 7 14
59 61 12 12
59 62 13 16
59 63 27 18
59 64 8 18
59 65 26 13
59 66 6 6
59 67 8 9
59 68 18 6
59 69 5 25
59 70 6 17
59 71 18 4
59 72 6 20
59 73 9 8
59 74 4 21
59 75 5 14
59 76 24 9
59 77 4 6
59 78 4 26
59 79 9 20
59 80 6 10
59 81 19 4
59 82 5 20
59 83 4 18
59 84 15 4
59 85 7 18
59 86 18 27
59 87 18 26
59 88 6 14
59 89 25 14
59 90 26 21
59 91 21 22
59 92 14 13
59 93 13 19
59 94 13 8
59 95 6 11
59 96 15 27
59 97 12 4
59 98 26 14
59 99 5 7
60 61 96 97
60 62 98 96
60 63 96 99
60 64 27 22
60 65 7 19
60 66 7 12
60 67 10 24
60 68 18 6
60 69 22 6
60 70 17 7
60 71 10 23
60 72 20 9
60 73 5 10
60 74 10 5
60 75 20 16
60 76 20 14
60 77 17 7
60 78 18 21
60 79 12 12
60 80 23 23
60 81 12 16
60 82 14 5
60 83 26 16
60 84 8 8
60 85 12 18
60 86 21 24
60 87 5 25
60 88 23 7
60 89 16 6
60 90 12 7
60 91 23 18
60 92 24 6
60 93 27 12
60 94 21 11
60 95 4 9
60 96 13 13
60 97 6 10
60 98 21 19
60 99 14 12
61 62 97 96
61 63 99 98
61 64 4 13
61 65 27 11
61 66 26 25
61 67 5 13
61 68 22 9
61 69 25 25
61 70 26 9
61 71 27 22
61 72 13 14
61 73 22 27
61 74 27 26
61 75 9 27
61 76 6 12
61 77 26 12
61 78 20 10
61 79 12 5
61 80 15 8
61 81 5 18
61 82 5 21
61 83 9 26
61 84 23 14
61 85 7 8
61 86 25 23
61 87 8 11
61 88 26 27
61 89 4 24
61 90 22 4
61 91 13 10
61 92 12 11
61 93 8 8
61 94 10 7
61 95 8 17
61 96 6 26
61 97 18 14
61 98 21 7
61 99 6 16
62 63 100 96
62 64 20 21
62 65 23 11
62 66 24 6
62 67 24 22
62 68 25 25
62 69 21 27
62 70 25 14
62 71 4 27
62 72 17 22
62 73 11 19
62 74 18 20
62 75 26 20
62 76 5 18
62 77 26 16
62 78 8 9
62 79 13 27
62 80 26 6
62 81 21 19
62 82 26 10
62 83 10 13
62 84 16 7
62 85 20 11
62 86 19 10
62 87 8 18
62 88 17 19
62 89 6 12
62 90 7 17
62 91 23 5
62 92 5 8
62 93 8 17
62 94 11 6
62 95 11 8
62 96 16 17
62 97 13 10
62 98 23 22
62 99 27 4
63 64 19 7
63 65 7 5
63 66 21 23
63 67 12 8
63 68 15 17
63 69 23 7
63 70 19 24
63 71 27 15
63 72 6 14
63 73 20 15
63 74 11 19
63 75 10 21
63 76 23 26
63 77 15 21
63 78 18 26
63 79 23 9
63 80 4 9
63 81 9 19
63 82 12 14
63 83 11 4
63 84 24 24
63 85 27 20
63 86 20 22
63 87 23 16
63 88 14 27
63 89 22 15
63 90 20 22
63 91 8 24
63 92 22 19
63 93 19 11
63 94 14 23
63 95 24 19
63 96 4 22
63 97 7 18
63 98 19 19
63 99 24 16
64 65 97 97
64 66 100 99
64 67 98 97
64 68 8 17
64 69 11 27
64 70 17 18
64 71 5 8
64 72 7 19
64 73 12 26
64 74 24 6
64 75 6 20
64 76 15 11
64 77 13 22
64 78 27 12
64 79 11 17
64 80 17 27
64 81 10 6
64 82 15 5
64 83 16 26
64 84 5 7
64 85 23 9
64 86 8 11
64 87 27 23
64 88 5 10
64 89 5 14
64 90 18 12
64 91 7 10
64 92 5 17
64 93 15 13
64 94 21 17
64 95 24 26
64 96 25 26
64 97 24 15
64 98 5 6
64 99 13 26
65 66 99 99
65 67 96 99
65 68 24 21
65 69 17 24
65 70 5 7
65 71 20 21
65 72 23 14
65 73 27 25
65 74 8 16
65 75 7 12
65 76 11 12
65 77 4 17
65 78 22 17
65 79 24 8
65 80 23 25
65 81 9 27
65 82 5 22
65 83 6 22
65 84 20 8
65 85 21 20
65 86 24 26
65 87 21 11
65 88 19 26
65 89 11 26
65 90 15 17
65 91 21 5
65 92 14 10
65 93 7 12
65 94 17 21
65 95 24 7
65 96 7 12
65 97 11 13
65 98 5 26
65 99 5 23
66 67 98 100
66 68 8 18
66 69 26 24
66 70 5 5
66 71 4 17
66 72 9 15
66 73 8 26
66 74 22 8
66 75 9 15
66 76 27 14
66 77 19 16
66 78 10 18
66 79 4 6
66 80 5 10
66 81 11 22
66 82 11 19
66 83 20 7
66 84 12 16
66 85 14 21
66 86 7 7
66 87 24 22
66 88 9 4
66 89 10 20
66 90 4 14
66 91 21 26
66 92 6 12
66 93 11 12
66 94 14 9
66 95 14 18
66 96 13 20
66 97 17 26
66 98 4 12
66 99 13 4
67 68 23 5
67 69 11 21
67 70 14 26
67 71 5 17
67 72 21 18
67 73 27 13
67 74 10 9
67 75 23 14
67 76 19 8
67 77 20 19
67 78 23 11
67 79 21 19
67 80 18 11
67 81 13 24
67 82 5 16
67 83 4 7
67 84 25 10
67 85 25 9
67 86 13 25
67 87 19 15
67 88 20 13
67 89 25 25
67 90 27 8
67 91 25 14
67 92 22 9
67 93 20 22
67 94 16 19
67 95 13 4
67 96 26 16
67 97 15 6
67 98 16 8
67 99 19 21
68 69 100 96
68 70 99 99
68 71 99 99
68 72 16 16
68 73 20 21
68 74 11 10
68 75 25 11
68 76 9 26
68 77 10 17
68 78 21 17
68 79 21 23
68 80 27 13
68 81 22 10
68 82 7 21
68 83 18 12
68 84 17 8
68 85 9 14
68 86 13 7
68 87 21 13
68 88 24 22
68 89 27 16
68 90 18 23
68 91 14 7
68 92 16 22
68 93 9 20
68 94 10 21
68 95 26 18
68 96 16 27
68 97 9 15
68 98 23 5
68 99 9 14
69 70 98 99
69 71 97 96
69 72 23 10
69 73 11 23
69 74 27 11
69 75 21 5
69 76 26 16
69 77 27 7
69 78 24 19
69 79 5 16
69 80 12 19
69 81 27 23
69 82 18 18
69 83 15 16
69 84 8 22
69 85 19 24
69 86 22 10
69 87 14 16
69 88 27 25
69 89 20 14
69 90 8 6
69 91 16 9
69 92 26 18
69 93 6 19
69 94 25 23
69 95 24 18
69 96 9 17
69 97 12 5
69 98 16 13
69 99 26 27
70 71 99 96
70 72 13 5
70 73 16 8
70 74 9 6
70 75 20 17
70 76 27 7
70 77 9 23
70 78 17 12
70 79 4 15
70 80 27 6
70 81 24 8
70 82 25 10
70 83 22 15
70 84 4 5
70 85 16 4
70 86 8 23
70 87 18 26
70 88 8 20
70 89 20 6
70 90 13 17
70 91 11 12
70 92 18 10
70 93 10 17
70 94 21 7
70 95 14 22
70 96 21 7
70 97 14 26
70 98 15 9
70 99 24 17
71 72 8 10
71 73 10 22
71 74 16 11
71 75 26 14
71 76 24 27
71 77 14 12
71 78 13 20
71 79 8 17
71 80 17 22
71 81 7 22
71 82 18 8
71 83 10 11
71 84 7 18
71 85 18 19
71 86 11 24
71 87 9 15
71 88 27 23
71 89 5 15
71 90 11 20
71 91 7 9
71 92 5 14
71 93 13 24
71 94 20 25
71 95 24 14
71 96 17 19
71 97 7 18
71 98 5 21
71 99 10 17
72 73 98 99
72 74 96 98
72 75 98 97
72 76 16 9
72 77 20 25
72 78 21 13
72 79 22 26
72 80 7 13
72 81 10 11
72 82 9 20
72 83 21 6
72 84 11 9
72 85 19 10
72 86 15 26
72 87 27 11
72 88 22 6
72 89 22 26
72 90 20 19
72 91 21 16
72 92 7 25
72 93 11 13
72 94 25 9
72 95 22 24
72 96 4 12
72 97 5 10
72 98 27 21
72 99 6 8
73 74 100 96
73 75 98 99
73 76 6 11
73 77 5 8
73 78 22 4
73 79 17 22
73 80 15 13
73 81 7 20
73 82 6 16
73 83 14 11
73 84 25 27
73 85 9 16
73 86 23 17
73 87 25 27
73 88 5 13
73 89 7 18
73 90 16 4
73 91 22 21
73 92 21 14
73 93 10 8
73 94 20 17
73 95 6 13
73 96 12 4
73 97 22 9
73 98 9 6
73 99 23 22
74 75 96 97
74 76 9 13
74 77 11 27
74 78 8 27
74 79 12 11
74 80 18 12
74 81 11 9
74 82 24 9
74 83 6 22
74 84 5 17
74 85 10 15
74 86 6 27
74 87 20 15
74 88 6 26
74 89 19 24
74 90 6 8
74 91 23 15
74 92 26 10
74 93 26 20
74 94 25 9
74 95 8 13
74 96 10 22
74 97 10 25
74 98 26 14
74 99 16 16
75 76 5 19
75 77 12 18
75 78 13 5
75 79 25 14
75 80 15 4
75 81 12 7
75 82 24 7
75 83 9 20
75 84 8 11
75 85 18 9
75 86 20 6
75 87 11 18
75 88 13 5
75 89 19 23
75 90 13 21
75 91 25 18
75 92 24 26
75 93 19 5
75 94 20 23
75 95 27 21
75 96 6 9
75 97 6 7
75 98 23 23
75 99 11 13
76 77 96 96
76 78 99 100
76 79 99 98
76 80 15 10
76 81 18 5
76 82 14 27
76 83 18 15
76 84 16 16
76 85 15 24
76 86 23 25
76 87 13 4
76 88 5 15
76 89 18 23
76 90 17 22
76 91 16 24
76 92 26 13
76 93 25 15
76 94 14 19
76 95 17 4
76 96 18 6
76 97 21 15
76 98 25 24
76 99 12 6
77 78 96 97
77 79 96 100
77 80 24 18
77 81 25 12
77 82 4 14
77 83 27 26
77 84 24 6
77 85 23 25
77 86 7 16
77 87 6 8
77 88 25 24
77 89 27 18
77 90 13 22
77 91 22 17
77 92 27 18
77 93 8 14
77 94 4 18
77 95 19 9
77 96 25 18
77 97 11 17
77 98 26 14
77 99 19 25
78 79 97 97
78 80 13 23
78 81 8 10
78 82 21 13
78 83 21 14
78 84 10 23
78 85 21 5
78 86 23 12
78 87 6 10
78 88 24 5
78 89 24 7
78 90 4 13
78 91 25 7
78 92 13 11
78 93 11 24
78 94 18 10
78 95 17 4
78 96 20 27
78 97 19 8
78 98 6 15
78 99 20 6
79 80 16 23
79 81 8 23
79 82 12 8
79 83 21 7
79 84 18 6
79 85 5 22
79 86 22 6
79 87 27 10
79 88 27 15
79 89 19 11
79 90 19 6
79 91 12 24
79 92 24 13
79 93 20 26
79 94 24 27
79 95 19 21
79 96 26 6
79 97 25 13
79 98 20 8
79 99 22 15
80 81 99 96
80 82 100 100
80 83 96 99
80 84 5 12
80 85 24 6
80 86 8 6
80 87 13 22
80 88 10 4
80 89 26 7
80 90 22 9
80 91 5 17
80 92 14 8
80 93 23 15
80 94 14 11
80 95 12 19
80 96 25 21
80 97 13 7
80 98 5 7
80 99 8 13
81 82 98 99
81 83 97 100
81 84 18 21
81 85 27 13
81 86 6 18
81 87 22 18
81 88 11 4
81 89 16 24
81 90 23 7
81 91 14 13
81 92 4 9
81 93 4 9
81 94 6 4
81 95 21 18
81 96 14 5
81 97 11 10
81 98 24 20
81 99 22 25
82 83 98 97
82 84 12 23
82 85 7 4
82 86 14 18
82 87 14 22
82 88 13 17
82 89 14 12
82 90 9 19
82 91 18 25
82 92 8 25
82 93 9 21
82 94 11 17
82 95 18 27
82 96 21 18
82 97 25 11
82 98 5 23
82 99 27 22
83 84 13 12
83 85 9 12
83 86 10 8
83 87 20 8
83 88 27 5
83 89 25 8
83 90 5 7
83 91 4 26
83 92 21 21
83 93 24 16
83 94 18 9
83 95 4 22
83 96 15 4
83 97 14 24
83 98 21 5
83 99 16 25
84 85 100 97
84 86 97 96
84 87 99 96
84 88 9 4
84 89 13 12
84 90 12 7
84 91 15 6
84 92 18 15
84 93 8 7
84 94 9 20
84 95 9 22
84 96 20 4
84 97 25 10
84 98 13 12
84 99 19 20
85 86 97 99
85 87 100 98
85 88 15 27
85 89 14 4
85 90 5 25
85 91 6 23
85 92 19 12
85 93 10 26
85 94 4 17
85 95 4 13
85 96 25 10
85 97 15 23
85 98 10 17
85 99 23 21
86 87 97 96
86 88 16 25
86 89 17 21
86 90 13 6
86 91 18 18
86 92 10 7
86 93 16 20
86 94 17 23
86 95 23 22
86 96 16 22
86 97 6 17
86 98 19 11
86 99 21 14
87 88 4 6
87 89 19 21
87 90 10 6
87 91 23 11
87 92 13 27
87 93 9 8
87 94 16 7
87 95 23 7
87 96 16 20
87 97 15 25
87 98 26 15
87 99 27 25
88 89 99 100
88 90 97 96
88 91 97 99
88 92 21 26
88 93 13 23
88 94 11 25
88 95 16 16
88 96 23 25
88 97 17 27
88 98 14 12
88 99 14 26
89 90 99 96
89 91 98 98
89 92 24 23
89 93 20 8
89 94 18 11
89 95 20 22
89 96 13 23
89 97 10 21
89 98 23 15
89 99 4 17
90 91 97 96
90 92 8 20
90 93 24 12
90 94 24 16
90 95 8 4
90 96 17 23
90 97 23 9
90 98 27 10
90 99 10 21
91 92 13 11
91 93 5 13
91 94 14 4
91 95 18 24
91 96 22 8
91 97 8 27
91 98 12 27
91 99 20 23
92 93 98 99
92 94 100 97
92 95 96 96
92 96 26 15
92 97 16 25
92 98 6 7
92 99 12 9
93 94 98 96
93 95 99 97
93 96 24 7
93 97 14 11
93 98 6 25
93 99 7 10
94 95 98 96
94 96 6 10
94 97 24 27
94 98 12 26
94 99 19 7
95 96 21 10
95 97 13 22
95 98 17 7
95 99 12 16
96 97 100 98
96 98 96 96
96 99 100 97
97 98 98 98
97 99 100 98
98 99 98 99
0
236
393 1102
394 1083
395 1068
396 1053
397 1013
398 994
399 979
400 964
401 950
402 937
403 925
404 913
405 901
406 889
407 878
408 867
409 857
410 847
411 837
412 828
413 819
414 811
415 803
416 796
417 789
418 782
419 775
420 768
421 761
422 755
423 749
424 743
425 737
426 731
427 725
428 720
429 714
430 709
431 704
432 699
433 694
434 689
435 684
436 680
437 675
438 671
439 667
440 663
441 659
442 655
443 651
444 647
445 643
446 639
447 635
448 631
449 627
450 624
451 620
452 617
453 613
454 610
455 607
456 604
457 601
458 598
459 595
460 592
461 589
462 586
463 583
464 581
465 578
466 576
467 574
468 571
469 569
470 567
471 565
472 563
473 561
474 559
475 557
476 555
477 553
478 551
479 549
480 547
481 546
482 544
483 543
484 541
485 540
486 538
487 537
488 535
489 534
490 533
491 531
492 530
493 529
494 528
495 527
496 526
497 525
498 524
499 523
500 522
501 521
502 520
503 519
504 518
505 517
506 516
507 515
508 514
509 513
510 512
511 511
512 510
513 509
514 508
515 507
516 506
517 505
518 504
519 503
520 502
521 501
522 500
523 499
524 498
525 497
526 496
527 495
528 494
529 493
530 492
531 491
532 490
533 489
534 488
536 487
537 486
538 485
540 484
541 483
542 482
544 481
545 480
546 479
548 478
549 477
551 476
552 475
554 474
555 473
557 472
559 471
560 470
562 469
564 468
566 467
568 466
570 465
572 464
574 463
576 462
578 461
580 460
582 459
584 458
586 457
589 456
591 455
593 454
596 453
598 452
601 451
603 450
606 449
609 448
612 447
615 446
618 445
621 444
624 443
628 442
632 441
636 440
640 439
644 438
648 437
652 436
656 435
660 434
664 433
669 432
673 431
678 430
683 429
688 428
693 427
698 426
703 425
709 424
714 423
720 422
725 421
731 420
737 419
743 418
749 417
755 416
761 415
768 414
775 413
782 412
789 411
797 410
805 409
813 408
822 407
831 406
842 405
854 404
868 403
882 402
898 401
914 400
934 399
955 398
984 397
1000 396
1020 395
1041 394
