100
0 1 9 9
0 2 0 91
0 3 92 99
0 4 9 9
0 5 9 10
0 6 9 9
0 7 10 9
0 8 10 9
0 9 9 10
0 10 10 10
0 11 10 10
0 12 10 9
0 13 9 10
0 14 9 10
0 15 9 9
0 16 10 9
0 17 10 9
0 18 10 9
0 19 10 10
0 20 10 9
0 21 10 10
0 22 10 9
0 23 10 10
0 24 10 9
0 25 10 9
0 26 9 9
0 27 10 10
0 28 9 9
0 29 9 9
0 30 9 10
0 31 9 9
0 32 9 9
0 33 9 9
0 34 10 9
0 35 9 10
0 36 9 9
0 37 9 9
0 38 9 9
0 39 9 9
0 40 10 10
0 41 9 9
0 42 10 9
0 43 9 9
0 44 9 9
0 45 9 9
0 46 10 9
0 47 9 9
0 48 9 9
0 49 9 9
0 50 10 9
0 51 9 9
0 52 9 9
0 53 10 9
0 54 10 9
0 55 10 10
0 56 10 10
0 57 9 9
0 58 10 10
0 59 9 10
0 60 10 9
0 61 9 10
0 62 9 9
0 63 10 10
0 64 10 9
0 65 10 9
0 66 10 10
0 67 9 10
0 68 9 10
0 69 10 10
0 70 9 9
0 71 10 10
0 72 10 9
0 73 10 10
0 74 9 10
0 75 9 10
0 76 9 9
0 77 10 9
0 78 10 9
0 79 9 10
0 80 9 10
0 81 9 10
0 82 10 9
0 83 10 9
0 84 10 10
0 85 9 10
0 86 10 9
0 87 10 10
0 88 9 9
0 89 9 9
0 90 10 10
0 91 9 9
0 92 9 10
0 93 10 9
0 94 10 9
0 95 9 10
0 96 10 10
0 97 9 10
0 98 10 9
0 99 9 10
1 2 91 0
1 3 97 92
1 4 9 10
1 5 10 10
1 6 10 9
1 7 10 9
1 8 9 10
1 9 10 10
1 10 10 9
1 11 10 9
1 12 10 10
1 13 9 9
1 14 10 9
1 15 10 10
1 16 9 10
1 17 10 9
1 18 9 10
1 19 9 10
1 20 9 10
1 21 9 10
1 22 9 10
1 23 10 9
1 24 9 9
1 25 9 9
1 26 9 10
1 27 10 9
1 28 9 9
1 29 9 10
1 30 10 10
1 31 10 10
1 32 9 9
1 33 10 10
1 34 9 9
1 35 10 10
1 36 9 9
1 37 9 10
1 38 9 9
1 39 10 10
1 40 10 9
1 41 10 9
1 42 9 9
1 43 9 10
1 44 10 10
1 45 9 9
1 46 9 10
1 47 10 9
1 48 9 9
1 49 10 9
1 50 9 10
1 51 9 10
1 52 10 9
1 53 9 10
1 54 9 10
1 55 10 10
1 56 10 9
1 57 10 9
1 58 10 9
1 59 9 10
1 60 9 10
1 61 10 10
1 62 10 9
1 63 9 10
1 64 10 9
1 65 9 10
1 66 10 9
1 67 9 10
1 68 9 9
1 69 9 10
1 70 9 9
1 71 10 9
1 72 9 9
1 73 10 10
1 74 9 10
1 75 9 9
1 76 10 10
1 77 9 10
1 78 10 9
1 79 9 9
1 80 9 9
1 81 9 10
1 82 9 10
1 83 10 9
1 84 9 9
1 85 10 10
1 86 9 10
1 87 9 10
1 88 9 10
1 89 10 9
1 90 10 9
1 91 9 9
1 92 10 9
1 93 9 10
1 94 10 10
1 95 10 10
1 96 9 9
1 97 10 10
1 98 10 9
1 99 10 9
2 3 91 98
2 4 10 9
2 5 10 9
2 6 10 9
2 7 9 9
2 8 9 10
2 9 10 10
2 10 9 10
2 11 9 9
2 12 9 9
2 13 10 10
2 14 10 10
2 15 10 9
2 16 9 9
2 17 10 9
2 18 9 9
2 19 10 10
2 20 9 10
2 21 10 9
2 22 9 10
2 23 9 10
2 24 10 10
2 25 9 9
2 26 9 9
2 27 9 10
2 28 10 10
2 29 9 10
2 30 9 10
2 31 9 9
2 32 10 9
2 33 10 9
2 34 9 10
2 35 10 9
2 36 9 10
2 37 9 10
2 38 10 9
2 39 10 10
2 40 9 10
2 41 10 9
2 42 9 10
2 43 10 9
2 44 9 9
2 45 10 10
2 46 9 9
2 47 10 9
2 48 9 9
2 49 9 10
2 50 9 9
2 51 10 9
2 52 9 10
2 53 9 9
2 54 9 9
2 55 9 9
2 56 9 9
2 57 9 10
2 58 9 9
2 59 10 10
2 60 9 10
2 61 9 9
2 62 10 10
2 63 9 9
2 64 10 10
2 65 9 10
2 66 10 9
2 67 9 10
2 68 10 9
2 69 10 10
2 70 9 9
2 71 9 9
2 72 9 10
2 73 10 9
2 74 10 10
2 75 9 10
2 76 10 9
2 77 10 9
2 78 9 9
2 79 10 10
2 80 10 10
2 81 10 10
2 82 10 10
2 83 10 9
2 84 10 9
2 85 10 9
2 86 10 9
2 87 9 10
2 88 10 9
2 89 10 10
2 90 9 9
2 91 10 9
2 92 9 10
2 93 9 9
2 94 9 10
2 95 9 9
2 96 10 10
2 97 10 9
2 98 10 9
2 99 10 10
3 4 9 9
3 5 9 10
3 6 10 9
3 7 10 10
3 8 10 9
3 9 9 9
3 10 9 9
3 11 9 10
3 12 9 10
3 13 9 10
3 14 9 9
3 15 9 10
3 16 10 10
3 17 10 10
3 18 9 9
3 19 9 9
3 20 10 9
3 21 9 9
3 22 9 10
3 23 10 9
3 24 10 9
3 25 9 10
3 26 10 9
3 27 9 9
3 28 9 10
3 29 10 10
3 30 9 10
3 31 9 10
3 32 9 9
3 33 10 9
3 34 10 9
3 35 10 9
3 36 10 9
3 37 9 9
3 38 10 10
3 39 10 10
3 40 9 10
3 41 10 10
3 42 10 10
3 43 9 9
3 44 10 9
3 45 10 9
3 46 10 10
3 47 9 9
3 48 10 9
3 49 10 10
3 50 10 9
3 51 9 9
3 52 10 10
3 53 10 9
3 54 10 10
3 55 10 9
3 56 9 9
3 57 9 9
3 58 9 9
3 59 9 10
3 60 9 10
3 61 9 10
3 62 9 9
3 63 9 10
3 64 9 9
3 65 10 9
3 66 10 10
3 67 9 10
3 68 10 9
3 69 10 10
3 70 9 9
3 71 10 10
3 72 9 10
3 73 10 10
3 74 10 9
3 75 9 10
3 76 10 9
3 77 9 10
3 78 10 9
3 79 10 10
3 80 10 10
3 81 9 9
3 82 9 9
3 83 10 10
3 84 9 9
3 85 10 10
3 86 10 10
3 87 9 10
3 88 9 10
3 89 10 10
3 90 10 10
3 91 10 9
3 92 10 9
3 93 9 9
3 94 10 9
3 95 10 9
3 96 10 10
3 97 9 9
3 98 10 9
3 99 9 9
4 5 99 98
4 6 93 97
4 7 92 94
4 8 10 9
4 9 10 10
4 10 10 9
4 11 9 10
4 12 9 9
4 13 9 10
4 14 9 9
4 15 9 10
4 16 9 9
4 17 9 9
4 18 9 9
4 19 9 10
4 20 9 10
4 21 9 9
4 22 10 9
4 23 10 9
4 24 9 9
4 25 9 10
4 26 9 10
4 27 9 10
4 28 9 10
4 29 9 9
4 30 9 9
4 31 10 10
4 32 9 9
4 33 10 9
4 34 10 9
4 35 10 10
4 36 9 9
4 37 10 10
4 38 10 9
4 39 9 10
4 40 10 10
4 41 9 10
4 42 10 9
4 43 9 10
4 44 9 9
4 45 9 10
4 46 10 9
4 47 9 9
4 48 9 10
4 49 9 10
4 50 10 9
4 51 9 9
4 52 10 10
4 53 9 10
4 54 10 10
4 55 9 9
4 56 9 10
4 57 9 10
4 58 10 10
4 59 10 10
4 60 9 9
4 61 10 10
4 62 9 9
4 63 9 9
4 64 10 10
4 65 9 9
4 66 10 10
4 67 10 10
4 68 10 9
4 69 10 10
4 70 10 9
4 71 9 10
4 72 9 10
4 73 9 10
4 74 10 10
4 75 9 9
4 76 9 9
4 77 9 9
4 78 9 10
4 79 10 9
4 80 9 10
4 81 9 9
4 82 9 9
4 83 9 10
4 84 9 10
4 85 10 9
4 86 9 10
4 87 10 9
4 88 10 10
4 89 10 9
4 90 10 9
4 91 9 10
4 92 10 10
4 93 9 9
4 94 9 10
4 95 9 10
4 96 9 10
4 97 9 9
4 98 9 10
4 99 10 9
5 6 96 93
5 7 91 93
5 8 9 10
5 9 10 9
5 10 10 9
5 11 9 10
5 12 10 10
5 13 9 9
5 14 9 9
5 15 9 10
5 16 9 9
5 17 10 9
5 18 9 9
5 19 10 9
5 20 9 10
5 21 9 10
5 22 10 10
5 23 9 10
5 24 9 9
5 25 10 9
5 26 9 9
5 27 10 9
5 28 10 9
5 29 9 9
5 30 10 9
5 31 10 9
5 32 10 9
5 33 10 10
5 34 10 10
5 35 9 10
5 36 9 10
5 37 9 10
5 38 10 10
5 39 9 9
5 40 9 10
5 41 9 10
5 42 9 10
5 43 10 9
5 44 9 10
5 45 9 9
5 46 9 9
5 47 9 10
5 48 10 10
5 49 10 9
5 50 9 9
5 51 9 10
5 52 10 9
5 53 9 9
5 54 9 9
5 55 10 9
5 56 9 10
5 57 10 9
5 58 10 9
5 59 10 10
5 60 9 9
5 61 10 10
5 62 10 9
5 63 9 10
5 64 10 10
5 65 10 9
5 66 10 10
5 67 10 10
5 68 9 9
5 69 10 10
5 70 9 9
5 71 10 10
5 72 9 9
5 73 10 10
5 74 10 9
5 75 9 10
5 76 9 10
5 77 9 9
5 78 9 9
5 79 9 10
5 80 10 10
5 81 10 9
5 82 9 10
5 83 10 9
5 84 9 10
5 85 10 9
5 86 10 9
5 87 10 9
5 88 9 9
5 89 10 9
5 90 9 9
5 91 9 9
5 92 9 9
5 93 9 9
5 94 9 9
5 95 9 9
5 96 9 9
5 97 9 9
5 98 10 10
5 99 9 10
6 7 98 92
6 8 9 10
6 9 9 9
6 10 9 9
6 11 10 10
6 12 9 10
6 13 9 10
6 14 10 10
6 15 9 9
6 16 10 9
6 17 9 9
6 18 10 10
6 19 10 10
6 20 10 9
6 21 9 10
6 22 9 10
6 23 9 10
6 24 10 10
6 25 10 10
6 26 9 10
6 27 9 9
6 28 10 9
6 29 10 9
6 30 9 10
6 31 9 9
6 32 10 10
6 33 10 9
6 34 10 9
6 35 9 10
6 36 9 10
6 37 10 10
6 38 9 10
6 39 10 10
6 40 10 10
6 41 9 9
6 42 10 10
6 43 10 10
6 44 10 10
6 45 10 10
6 46 10 10
6 47 9 9
6 48 9 9
6 49 10 10
6 50 9 9
6 51 9 10
6 52 9 10
6 53 10 10
6 54 10 10
6 55 9 9
6 56 10 9
6 57 10 10
6 58 9 9
6 59 9 9
6 60 9 10
6 61 10 10
6 62 9 9
6 63 10 10
6 64 9 10
6 65 9 10
6 66 10 10
6 67 9 9
6 68 10 9
6 69 10 10
6 70 10 9
6 71 9 10
6 72 9 9
6 73 9 10
6 74 10 10
6 75 9 9
6 76 10 10
6 77 10 9
6 78 10 9
6 79 9 10
6 80 9 10
6 81 10 10
6 82 9 10
6 83 9 10
6 84 10 9
6 85 9 10
6 86 10 10
6 87 10 9
6 88 9 10
6 89 10 9
6 90 10 9
6 91 9 10
6 92 9 10
6 93 10 9
6 94 9 9
6 95 10 10
6 96 10 9
6 97 9 10
6 98 9 10
6 99 9 9
7 8 9 10
7 9 9 9
7 10 10 9
7 11 9 10
7 12 10 10
7 13 9 9
7 14 10 10
7 15 9 10
7 16 10 9
7 17 10 10
7 18 10 9
7 19 10 10
7 20 10 9
7 21 10 9
7 22 10 9
7 23 10 10
7 24 10 10
7 25 9 10
7 26 10 10
7 27 10 10
7 28 10 9
7 29 10 9
7 30 9 10
7 31 9 9
7 32 9 10
7 33 9 10
7 34 9 9
7 35 9 9
7 36 9 9
7 37 10 9
7 38 9 10
7 39 9 9
7 40 10 9
7 41 9 10
7 42 9 9
7 43 9 9
7 44 10 10
7 45 10 9
7 46 9 10
7 47 10 10
7 48 9 10
7 49 9 10
7 50 10 9
7 51 10 10
7 52 10 9
7 53 10 10
7 54 9 10
7 55 9 10
7 56 9 9
7 57 10 9
7 58 9 10
7 59 9 10
7 60 9 9
7 61 10 9
7 62 10 10
7 63 10 10
7 64 10 10
7 65 9 9
7 66 10 9
7 67 10 9
7 68 9 9
7 69 10 9
7 70 10 10
7 71 9 9
7 72 9 10
7 73 10 9
7 74 10 10
7 75 10 9
7 76 9 10
7 77 9 9
7 78 9 9
7 79 10 9
7 80 9 9
7 81 9 9
7 82 9 9
7 83 9 9
7 84 9 9
7 85 9 10
7 86 10 10
7 87 9 10
7 88 9 9
7 89 9 9
7 90 9 9
7 91 10 9
7 92 9 10
7 93 10 9
7 94 10 9
7 95 9 9
7 96 9 10
7 97 10 10
7 98 10 9
7 99 10 9
8 9 95 99
8 10 99 100
8 11 94 98
8 12 9 10
8 13 9 9
8 14 10 9
8 15 10 10
8 16 10 10
8 17 9 9
8 18 9 9
8 19 10 10
8 20 9 10
8 21 10 10
8 22 10 9
8 23 9 9
8 24 10 10
8 25 9 9
8 26 9 10
8 27 9 9
8 28 10 9
8 29 10 9
8 30 10 10
8 31 9 10
8 32 10 9
8 33 10 9
8 34 10 10
8 35 10 10
8 36 9 10
8 37 10 10
8 38 10 10
8 39 9 9
8 40 10 9
8 41 10 9
8 42 10 9
8 43 10 9
8 44 10 9
8 45 10 9
8 46 9 9
8 47 9 9
8 48 9 10
8 49 10 10
8 50 9 10
8 51 9 10
8 52 10 9
8 53 10 10
8 54 9 10
8 55 9 9
8 56 9 9
8 57 10 9
8 58 9 10
8 59 10 9
8 60 9 9
8 61 10 9
8 62 9 10
8 63 9 9
8 64 9 9
8 65 9 10
8 66 10 10
8 67 10 9
8 68 9 9
8 69 9 10
8 70 9 10
8 71 10 10
8 72 9 10
8 73 9 9
8 74 9 9
8 75 10 9
8 76 9 10
8 77 9 9
8 78 10 10
8 79 9 10
8 80 9 9
8 81 10 9
8 82 10 10
8 83 10 9
8 84 10 10
8 85 9 10
8 86 9 10
8 87 9 10
8 88 10 10
8 89 9 10
8 90 9 9
8 91 9 9
8 92 9 9
8 93 10 9
8 94 9 9
8 95 10 10
8 96 10 10
8 97 10 9
8 98 9 9
8 99 9 10
9 10 100 94
9 11 91 98
9 12 10 10
9 13 10 10
9 14 10 9
9 15 10 10
9 16 10 9
9 17 10 10
9 18 10 9
9 19 10 10
9 20 10 9
9 21 10 10
9 22 10 9
9 23 10 10
9 24 9 9
9 25 10 10
9 26 9 9
9 27 9 9
9 28 10 9
9 29 9 9
9 30 10 9
9 31 10 9
9 32 9 10
9 33 10 9
9 34 9 10
9 35 9 9
9 36 9 9
9 37 9 9
9 38 9 10
9 39 9 10
9 40 10 9
9 41 9 10
9 42 9 9
9 43 10 10
9 44 10 10
9 45 9 10
9 46 10 9
9 47 9 10
9 48 9 10
9 49 9 9
9 50 10 10
9 51 9 9
9 52 10 10
9 53 10 9
9 54 9 9
9 55 9 10
9 56 10 10
9 57 9 9
9 58 10 10
9 59 10 10
9 60 9 9
9 61 10 10
9 62 10 10
9 63 9 9
9 64 9 10
9 65 10 9
9 66 9 10
9 67 9 9
9 68 9 9
9 69 10 10
9 70 9 10
9 71 10 9
9 72 10 10
9 73 9 9
9 74 10 10
9 75 9 9
9 76 9 10
9 77 10 10
9 78 10 9
9 79 9 9
9 80 9 9
9 81 10 9
9 82 9 10
9 83 10 10
9 84 10 10
9 85 10 10
9 86 10 9
9 87 9 10
9 88 10 10
9 89 10 9
9 90 10 9
9 91 9 9
9 92 10 9
9 93 10 10
9 94 9 10
9 95 10 10
9 96 9 10
9 97 10 9
9 98 9 9
9 99 9 10
10 11 93 92
10 12 9 10
10 13 9 9
10 14 9 9
10 15 10 9
10 16 10 10
10 17 10 9
10 18 10 9
10 19 9 10
10 20 10 9
10 21 10 10
10 22 9 9
10 23 9 9
10 24 9 9
10 25 10 9
10 26 9 10
10 27 9 10
10 28 9 10
10 29 9 10
10 30 10 10
10 31 10 10
10 32 10 10
10 33 9 10
10 34 10 9
10 35 9 9
10 36 9 9
10 37 10 9
10 38 9 9
10 39 9 9
10 40 10 10
10 41 10 9
10 42 9 9
10 43 9 10
10 44 10 9
10 45 10 9
10 46 9 10
10 47 10 9
10 48 10 10
10 49 10 10
10 50 9 9
10 51 10 9
10 52 9 9
10 53 10 9
10 54 10 9
10 55 9 10
10 56 10 9
10 57 9 9
10 58 9 10
10 59 10 10
10 60 10 10
10 61 10 10
10 62 9 9
10 63 9 10
10 64 9 10
10 65 9 9
10 66 9 9
10 67 10 9
10 68 9 10
10 69 10 9
10 70 10 10
10 71 10 9
10 72 9 9
10 73 10 10
10 74 10 9
10 75 10 9
10 76 10 9
10 77 10 10
10 78 9 9
10 79 10 9
10 80 10 10
10 81 9 9
10 82 10 10
10 83 10 10
10 84 9 10
10 85 10 9
10 86 10 9
10 87 9 10
10 88 9 9
10 89 10 10
10 90 10 9
10 91 10 9
10 92 9 9
10 93 10 9
10 94 9 10
10 95 10 10
10 96 10 9
10 97 9 9
10 98 9 9
10 99 10 10
11 12 10 9
11 13 10 9
11 14 9 10
11 15 9 10
11 16 10 10
11 17 10 10
11 18 9 9
11 19 10 10
11 20 10 9
11 21 10 9
11 22 9 9
11 23 9 9
11 24 9 10
11 25 9 10
11 26 9 10
11 27 9 10
11 28 10 9
11 29 10 9
11 30 9 10
11 31 10 10
11 32 9 9
11 33 10 10
11 34 9 10
11 35 9 10
11 36 10 9
11 37 9 9
11 38 9 10
11 39 10 10
11 40 9 9
11 41 10 10
11 42 10 9
11 43 9 10
11 44 9 9
11 45 10 9
11 46 9 9
11 47 9 9
11 48 10 9
11 49 9 9
11 50 9 10
11 51 10 9
11 52 10 9
11 53 9 9
11 54 9 10
11 55 10 10
11 56 9 9
11 57 10 9
11 58 9 9
11 59 10 10
11 60 9 10
11 61 10 10
11 62 9 9
11 63 10 9
11 64 10 9
11 65 9 9
11 66 9 9
11 67 10 9
11 68 10 9
11 69 9 9
11 70 9 9
11 71 9 10
11 72 10 9
11 73 10 10
11 74 10 10
11 75 10 10
11 76 9 10
11 77 9 9
11 78 9 10
11 79 9 9
11 80 9 9
11 81 10 10
11 82 9 9
11 83 10 9
11 84 10 9
11 85 10 10
11 86 10 10
11 87 10 10
11 88 10 10
11 89 9 9
11 90 10 10
11 91 9 10
11 92 10 10
11 93 10 9
11 94 10 10
11 95 9 9
11 96 9 10
11 97 9 9
11 98 10 10
11 99 10 10
12 13 99 100
12 14 100 92
12 15 95 99
12 16 9 9
12 17 10 9
12 18 9 9
12 19 10 10
12 20 9 9
12 21 10 9
12 22 10 9
12 23 9 9
12 24 9 9
12 25 10 10
12 26 9 10
12 27 10 9
12 28 10 9
12 29 10 9
12 30 9 9
12 31 10 9
12 32 9 10
12 33 9 10
12 34 10 9
12 35 10 10
12 36 9 10
12 37 10 10
12 38 9 9
12 39 9 10
12 40 10 10
12 41 10 10
12 42 9 10
12 43 10 9
12 44 9 9
12 45 10 10
12 46 10 9
12 47 9 9
12 48 9 9
12 49 9 10
12 50 10 9
12 51 9 9
12 52 9 9
12 53 9 10
12 54 9 9
12 55 10 9
12 56 9 9
12 57 10 10
12 58 9 9
12 59 10 9
12 60 9 9
12 61 9 9
12 62 9 10
12 63 9 9
12 64 10 10
12 65 9 10
12 66 10 10
12 67 10 9
12 68 10 10
12 69 9 9
12 70 9 10
12 71 10 10
12 72 10 9
12 73 9 9
12 74 10 10
12 75 9 9
12 76 10 9
12 77 9 9
12 78 9 9
12 79 10 9
12 80 10 10
12 81 10 9
12 82 9 9
12 83 10 9
12 84 9 10
12 85 9 9
12 86 10 9
12 87 9 10
12 88 10 9
12 89 9 10
12 90 10 9
12 91 10 9
12 92 9 9
12 93 10 9
12 94 9 9
12 95 10 10
12 96 9 9
12 97 9 9
12 98 9 10
12 99 9 9
13 14 100 100
13 15 98 93
13 16 10 9
13 17 10 9
13 18 10 10
13 19 9 10
13 20 10 10
13 21 10 10
13 22 10 9
13 23 9 9
13 24 10 10
13 25 10 9
13 26 9 10
13 27 10 10
13 28 9 9
13 29 10 9
13 30 9 9
13 31 9 9
13 32 9 9
13 33 9 9
13 34 9 10
13 35 10 10
13 36 10 10
13 37 9 10
13 38 10 9
13 39 10 9
13 40 10 9
13 41 9 9
13 42 9 9
13 43 9 10
13 44 9 10
13 45 9 9
13 46 9 10
13 47 9 10
13 48 9 9
13 49 10 9
13 50 9 9
13 51 10 9
13 52 10 10
13 53 10 9
13 54 9 9
13 55 10 9
13 56 9 9
13 57 10 9
13 58 9 10
13 59 9 10
13 60 9 9
13 61 10 10
13 62 10 9
13 63 9 9
13 64 10 9
13 65 9 9
13 66 9 9
13 67 9 10
13 68 9 9
13 69 9 10
13 70 10 9
13 71 10 10
13 72 9 9
13 73 9 10
13 74 10 10
13 75 9 9
13 76 9 9
13 77 10 10
13 78 9 10
13 79 9 9
13 80 9 9
13 81 9 9
13 82 10 9
13 83 10 9
13 84 9 10
13 85 9 9
13 86 10 10
13 87 9 10
13 88 10 9
13 89 9 10
13 90 9 9
13 91 10 10
13 92 10 9
13 93 10 10
13 94 9 9
13 95 9 9
13 96 9 9
13 97 10 10
13 98 10 10
13 99 9 10
14 15 94 97
14 16 9 10
14 17 10 9
14 18 9 10
14 19 9 10
14 20 10 10
14 21 9 9
14 22 10 10
14 23 10 9
14 24 10 9
14 25 9 9
14 26 9 10
14 27 10 9
14 28 10 9
14 29 9 10
14 30 10 9
14 31 9 9
14 32 10 10
14 33 10 10
14 34 9 9
14 35 10 9
14 36 9 10
14 37 10 9
14 38 9 9
14 39 9 10
14 40 9 9
14 41 9 10
14 42 9 10
14 43 9 10
14 44 9 9
14 45 9 9
14 46 9 10
14 47 9 10
14 48 9 10
14 49 9 10
14 50 9 9
14 51 10 9
14 52 9 10
14 53 10 9
14 54 9 10
14 55 10 10
14 56 10 9
14 57 10 10
14 58 9 9
14 59 10 10
14 60 10 10
14 61 10 10
14 62 10 10
14 63 9 9
14 64 10 10
14 65 10 9
14 66 10 10
14 67 10 10
14 68 10 10
14 69 10 9
14 70 9 9
14 71 9 10
14 72 10 10
14 73 9 9
14 74 9 10
14 75 10 10
14 76 9 10
14 77 10 10
14 78 10 9
14 79 9 10
14 80 10 9
14 81 10 10
14 82 9 9
14 83 10 10
14 84 10 10
14 85 9 9
14 86 9 9
14 87 10 9
14 88 10 10
14 89 9 10
14 90 10 10
14 91 10 9
14 92 10 9
14 93 9 10
14 94 10 9
14 95 10 9
14 96 10 10
14 97 9 10
14 98 10 9
14 99 9 9
15 16 9 9
15 17 9 9
15 18 10 10
15 19 10 9
15 20 10 9
15 21 9 10
15 22 9 9
15 23 9 9
15 24 10 9
15 25 9 10
15 26 9 9
15 27 9 9
15 28 9 10
15 29 10 9
15 30 9 10
15 31 9 10
15 32 10 9
15 33 9 10
15 34 9 10
15 35 10 9
15 36 10 9
15 37 10 9
15 38 9 10
15 39 9 9
15 40 10 9
15 41 9 10
15 42 9 10
15 43 10 9
15 44 10 9
15 45 10 9
15 46 9 10
15 47 10 10
15 48 10 9
15 49 10 9
15 50 10 9
15 51 10 9
15 52 10 9
15 53 10 10
15 54 10 10
15 55 10 9
15 56 10 9
15 57 9 10
15 58 10 9
15 59 10 9
15 60 10 9
15 61 9 10
15 62 9 9
15 63 10 9
15 64 9 9
15 65 10 9
15 66 10 9
15 67 9 10
15 68 10 10
15 69 9 10
15 70 10 10
15 71 10 9
15 72 9 10
15 73 9 10
15 74 9 9
15 75 10 9
15 76 10 10
15 77 9 9
15 78 10 9
15 79 10 10
15 80 10 10
15 81 10 10
15 82 10 10
15 83 9 9
15 84 9 10
15 85 10 9
15 86 9 10
15 87 9 10
15 88 9 9
15 89 9 9
15 90 9 10
15 91 10 9
15 92 9 10
15 93 10 9
15 94 9 10
15 95 10 10
15 96 9 10
15 97 10 9
15 98 9 10
15 99 9 9
16 17 97 95
16 18 92 96
16 19 92 96
16 20 9 10
16 21 10 10
16 22 10 10
16 23 9 9
16 24 10 9
16 25 9 10
16 26 10 9
16 27 9 9
16 28 10 10
16 29 10 10
16 30 10 10
16 31 9 9
16 32 10 10
16 33 9 9
16 34 10 10
16 35 9 9
16 36 9 10
16 37 9 9
16 38 9 9
16 39 9 9
16 40 9 9
16 41 10 10
16 42 9 9
16 43 9 9
16 44 9 10
16 45 10 9
16 46 10 9
16 47 9 9
16 48 9 9
16 49 10 9
16 50 10 10
16 51 9 9
16 52 9 10
16 53 9 9
16 54 10 10
16 55 9 9
16 56 10 10
16 57 9 9
16 58 9 9
16 59 10 10
16 60 10 10
16 61 9 10
16 62 9 9
16 63 9 9
16 64 9 10
16 65 10 10
16 66 10 10
16 67 9 9
16 68 10 10
16 69 9 9
16 70 10 10
16 71 10 10
16 72 10 9
16 73 10 9
16 74 10 9
16 75 10 9
16 76 10 10
16 77 10 9
16 78 9 10
16 79 10 10
16 80 10 9
16 81 9 9
16 82 9 10
16 83 9 10
16 84 10 10
16 85 10 9
16 86 10 9
16 87 10 9
16 88 10 10
16 89 9 9
16 90 9 10
16 91 9 9
16 92 9 9
16 93 9 10
16 94 10 9
16 95 10 10
16 96 9 10
16 97 9 10
16 98 9 9
16 99 9 10
17 18 100 91
17 19 92 95
17 20 10 9
17 21 10 9
17 22 10 10
17 23 9 10
17 24 9 9
17 25 9 10
17 26 9 10
17 27 9 10
17 28 10 10
17 29 10 9
17 30 10 9
17 31 10 10
17 32 10 10
17 33 9 9
17 34 10 9
17 35 9 10
17 36 10 10
17 37 10 9
17 38 9 10
17 39 9 9
17 40 10 9
17 41 9 10
17 42 9 10
17 43 10 10
17 44 9 9
17 45 10 9
17 46 9 9
17 47 9 10
17 48 9 10
17 49 10 9
17 50 10 9
17 51 10 9
17 52 9 10
17 53 10 10
17 54 10 9
17 55 10 9
17 56 9 10
17 57 10 10
17 58 10 9
17 59 10 10
17 60 9 9
17 61 9 9
17 62 9 9
17 63 9 9
17 64 9 10
17 65 9 9
17 66 9 10
17 67 9 9
17 68 10 10
17 69 9 10
17 70 9 10
17 71 10 9
17 72 9 9
17 73 9 10
17 74 9 10
17 75 10 10
17 76 9 10
17 77 10 9
17 78 9 10
17 79 9 9
17 80 10 9
17 81 9 9
17 82 9 9
17 83 9 10
17 84 10 9
17 85 9 10
17 86 9 10
17 87 9 10
17 88 9 9
17 89 10 10
17 90 9 9
17 91 9 10
17 92 9 9
17 93 9 9
17 94 9 9
17 95 10 9
17 96 10 10
17 97 10 9
17 98 9 9
17 99 9 10
18 19 98 92
18 20 10 9
18 21 10 9
18 22 9 10
18 23 9 9
18 24 10 9
18 25 10 9
18 26 9 9
18 27 10 9
18 28 10 9
18 29 9 10
18 30 10 9
18 31 10 9
18 32 10 9
18 33 9 9
18 34 10 9
18 35 9 10
18 36 9 10
18 37 9 10
18 38 9 10
18 39 9 10
18 40 10 9
18 41 9 9
18 42 10 9
18 43 9 9
18 44 9 10
18 45 10 9
18 46 9 10
18 47 10 10
18 48 10 9
18 49 9 10
18 50 9 9
18 51 10 10
18 52 10 9
18 53 9 9
18 54 10 9
18 55 10 10
18 56 9 10
18 57 10 9
18 58 10 9
18 59 9 10
18 60 10 9
18 61 10 10
18 62 10 10
18 63 10 9
18 64 9 10
18 65 9 9
18 66 10 9
18 67 9 10
18 68 10 10
18 69 9 9
18 70 10 10
18 71 10 10
18 72 9 9
18 73 9 10
18 74 10 9
18 75 10 9
18 76 9 9
18 77 10 10
18 78 9 10
18 79 10 10
18 80 10 10
18 81 10 9
18 82 9 9
18 83 10 9
18 84 9 10
18 85 9 9
18 86 10 9
18 87 9 9
18 88 10 9
18 89 10 10
18 90 10 10
18 91 9 10
18 92 9 9
18 93 9 9
18 94 9 10
18 95 9 9
18 96 10 10
18 97 10 10
18 98 9 10
18 99 9 10
19 20 10 10
19 21 10 9
19 22 10 9
19 23 9 10
19 24 10 9
19 25 9 10
19 26 10 9
19 27 10 10
19 28 9 10
19 29 9 9
19 30 9 10
19 31 9 9
19 32 9 10
19 33 9 9
19 34 10 10
19 35 10 9
19 36 9 10
19 37 10 10
19 38 10 10
19 39 9 10
19 40 9 10
19 41 9 10
19 42 9 9
19 43 9 10
19 44 9 10
19 45 9 10
19 46 9 10
19 47 10 10
19 48 10 9
19 49 9 9
19 50 10 10
19 51 10 9
19 52 10 10
19 53 9 10
19 54 9 10
19 55 9 10
19 56 9 9
19 57 10 10
19 58 10 9
19 59 10 9
19 60 9 9
19 61 9 9
19 62 10 10
19 63 10 9
19 64 9 9
19 65 10 9
19 66 9 10
19 67 9 10
19 68 10 9
19 69 10 9
19 70 9 10
19 71 9 9
19 72 9 10
19 73 9 9
19 74 10 10
19 75 9 10
19 76 9 10
19 77 10 9
19 78 9 9
19 79 10 9
19 80 9 10
19 81 9 9
19 82 9 10
19 83 10 10
19 84 10 10
19 85 10 10
19 86 9 10
19 87 10 9
19 88 9 10
19 89 10 10
19 90 9 10
19 91 10 10
19 92 9 9
19 93 10 9
19 94 10 10
19 95 10 10
19 96 9 10
19 97 10 9
19 98 10 9
19 99 10 10
20 21 94 94
20 22 100 100
20 23 93 92
20 24 9 9
20 25 10 9
20 26 9 9
20 27 10 9
20 28 9 10
20 29 10 10
20 30 9 10
20 31 9 9
20 32 10 10
20 33 10 9
20 34 9 10
20 35 9 9
20 36 9 9
20 37 10 9
20 38 9 9
20 39 10 10
20 40 10 10
20 41 10 9
20 42 10 10
20 43 10 10
20 44 9 9
20 45 9 9
20 46 9 9
20 47 10 9
20 48 9 9
20 49 10 9
20 50 10 10
20 51 9 9
20 52 9 10
20 53 9 10
20 54 10 9
20 55 10 10
20 56 9 9
20 57 9 9
20 58 9 10
20 59 9 9
20 60 10 10
20 61 10 9
20 62 10 10
20 63 9 9
20 64 9 10
20 65 9 9
20 66 10 9
20 67 10 9
20 68 10 10
20 69 9 9
20 70 9 9
20 71 9 9
20 72 10 9
20 73 10 9
20 74 9 10
20 75 9 9
20 76 9 10
20 77 10 9
20 78 9 10
20 79 10 9
20 80 9 9
20 81 10 10
20 82 9 10
20 83 10 9
20 84 10 9
20 85 9 10
20 86 9 9
20 87 9 10
20 88 9 9
20 89 9 10
20 90 10 10
20 91 9 10
20 92 9 9
20 93 10 10
20 94 10 9
20 95 10 10
20 96 10 10
20 97 9 9
20 98 9 9
20 99 9 10
21 22 92 91
21 23 100 92
21 24 9 9
21 25 9 10
21 26 10 10
21 27 10 10
21 28 10 10
21 29 9 9
21 30 9 10
21 31 9 9
21 32 9 9
21 33 9 10
21 34 9 10
21 35 10 9
21 36 9 10
21 37 10 9
21 38 10 9
21 39 9 9
21 40 9 9
21 41 10 9
21 42 10 9
21 43 10 10
21 44 10 10
21 45 10 9
21 46 10 10
21 47 10 9
21 48 9 10
21 49 10 10
21 50 10 9
21 51 10 9
21 52 10 10
21 53 9 9
21 54 9 9
21 55 10 10
21 56 9 9
21 57 10 9
21 58 10 10
21 59 10 9
21 60 9 9
21 61 9 10
21 62 10 10
21 63 10 10
21 64 9 10
21 65 9 9
21 66 9 10
21 67 9 9
21 68 9 10
21 69 10 9
21 70 9 10
21 71 9 9
21 72 10 9
21 73 9 10
21 74 9 9
21 75 9 10
21 76 10 9
21 77 10 9
21 78 9 9
21 79 9 9
21 80 10 9
21 81 10 9
21 82 10 10
21 83 10 10
21 84 9 10
21 85 9 10
21 86 9 10
21 87 9 9
21 88 10 9
21 89 10 9
21 90 10 9
21 91 9 10
21 92 10 9
21 93 10 10
21 94 9 9
21 95 10 10
21 96 9 10
21 97 9 10
21 98 10 9
21 99 10 10
22 23 92 100
22 24 10 10
22 25 10 9
22 26 9 10
22 27 10 9
22 28 10 9
22 29 9 10
22 30 10 10
22 31 9 10
22 32 10 10
22 33 9 9
22 34 9 10
22 35 9 10
22 36 10 10
22 37 10 9
22 38 10 10
22 39 10 10
22 40 10 10
22 41 9 9
22 42 9 9
22 43 10 9
22 44 9 10
22 45 9 10
22 46 9 9
22 47 9 9
22 48 10 9
22 49 9 10
22 50 9 9
22 51 9 10
22 52 10 9
22 53 9 9
22 54 9 10
22 55 10 9
22 56 9 10
22 57 10 10
22 58 10 10
22 59 10 9
22 60 9 10
22 61 9 10
22 62 9 10
22 63 10 10
22 64 10 9
22 65 9 9
22 66 10 9
22 67 10 10
22 68 10 10
22 69 9 9
22 70 9 9
22 71 9 9
22 72 9 10
22 73 10 9
22 74 10 9
22 75 9 10
22 76 9 9
22 77 9 9
22 78 9 9
22 79 9 9
22 80 9 10
22 81 9 10
22 82 9 10
22 83 10 10
22 84 10 10
22 85 9 10
22 86 10 10
22 87 10 9
22 88 9 9
22 89 9 10
22 90 9 9
22 91 9 10
22 92 9 10
22 93 10 9
22 94 10 9
22 95 10 10
22 96 9 10
22 97 9 9
22 98 9 10
22 99 10 10
23 24 9 9
23 25 9 10
23 26 9 9
23 27 9 10
23 28 9 10
23 29 9 9
23 30 9 10
23 31 10 10
23 32 10 10
23 33 10 10
23 34 9 10
23 35 9 10
23 36 9 10
23 37 9 10
23 38 9 10
23 39 10 10
23 40 9 10
23 41 9 10
23 42 10 10
23 43 10 10
23 44 10 9
23 45 9 10
23 46 9 9
23 47 10 10
23 48 10 9
23 49 9 10
23 50 10 9
23 51 10 10
23 52 10 10
23 53 10 9
23 54 10 10
23 55 10 9
23 56 10 10
23 57 10 10
23 58 9 10
23 59 10 9
23 60 10 10
23 61 10 10
23 62 10 10
23 63 10 9
23 64 9 10
23 65 9 10
23 66 10 9
23 67 10 10
23 68 10 9
23 69 10 9
23 70 10 9
23 71 9 10
23 72 10 9
23 73 9 9
23 74 10 10
23 75 9 10
23 76 9 10
23 77 10 9
23 78 9 10
23 79 9 9
23 80 10 10
23 81 9 9
23 82 9 9
23 83 9 10
23 84 9 9
23 85 10 10
23 86 9 10
23 87 9 10
23 88 10 9
23 89 9 9
23 90 9 10
23 91 9 9
23 92 9 9
23 93 9 9
23 94 9 10
23 95 10 9
23 96 9 9
23 97 9 9
23 98 9 10
23 99 9 10
24 25 99 93
24 26 100 94
24 27 97 94
24 28 10 10
24 29 10 10
24 30 10 9
24 31 9 10
24 32 9 10
24 33 10 9
24 34 10 10
24 35 10 9
24 36 10 10
24 37 9 9
24 38 9 9
24 39 9 9
24 40 9 9
24 41 9 9
24 42 10 10
24 43 9 10
24 44 9 9
24 45 9 10
24 46 9 9
24 47 10 10
24 48 10 9
24 49 9 9
24 50 9 9
24 51 10 10
24 52 9 10
24 53 9 9
24 54 9 10
24 55 9 10
24 56 10 10
24 57 10 9
24 58 9 10
24 59 9 9
24 60 9 10
24 61 9 10
24 62 10 10
24 63 9 10
24 64 10 9
24 65 9 9
24 66 10 9
24 67 10 9
24 68 10 9
24 69 9 10
24 70 9 9
24 71 10 9
24 72 10 9
24 73 9 9
24 74 9 9
24 75 10 10
24 76 9 9
24 77 9 10
24 78 10 10
24 79 10 10
24 80 9 9
24 81 9 10
24 82 10 9
24 83 10 10
24 84 10 9
24 85 9 10
24 86 10 10
24 87 10 9
24 88 9 10
24 89 9 9
24 90 9 10
24 91 9 9
24 92 10 10
24 93 10 10
24 94 10 9
24 95 10 10
24 96 10 9
24 97 10 10
24 98 10 9
24 99 9 9
25 26 92 97
25 27 92 97
25 28 9 10
25 29 9 10
25 30 9 9
25 31 9 9
25 32 9 9
25 33 10 9
25 34 10 9
25 35 10 9
25 36 10 10
25 37 9 9
25 38 9 9
25 39 9 10
25 40 9 9
25 41 9 9
25 42 9 10
25 43 9 10
25 44 10 10
25 45 9 9
25 46 10 9
25 47 9 10
25 48 9 10
25 49 10 9
25 50 9 9
25 51 10 10
25 52 10 9
25 53 10 9
25 54 10 9
25 55 10 9
25 56 9 10
25 57 9 10
25 58 10 10
25 59 9 9
25 60 9 10
25 61 9 10
25 62 10 9
25 63 9 10
25 64 10 10
25 65 10 10
25 66 9 9
25 67 10 9
25 68 10 9
25 69 9 9
25 70 10 10
25 71 9 9
25 72 9 9
25 73 10 10
25 74 9 9
25 75 9 10
25 76 9 10
25 77 10 9
25 78 9 10
25 79 10 9
25 80 9 10
25 81 9 9
25 82 9 10
25 83 10 10
25 84 9 10
25 85 10 10
25 86 10 10
25 87 9 10
25 88 9 9
25 89 10 9
25 90 10 10
25 91 10 10
25 92 9 10
25 93 9 9
25 94 10 9
25 95 9 10
25 96 10 9
25 97 10 10
25 98 9 9
25 99 9 9
26 27 98 95
26 28 10 10
26 29 9 10
26 30 10 10
26 31 10 10
26 32 10 10
26 33 9 9
26 34 9 10
26 35 10 10
26 36 10 9
26 37 9 10
26 38 10 10
26 39 10 9
26 40 10 9
26 41 9 9
26 42 9 10
26 43 9 9
26 44 9 10
26 45 9 9
26 46 9 9
26 47 10 9
26 48 10 10
26 49 9 10
26 50 10 9
26 51 9 10
26 52 10 10
26 53 9 10
26 54 9 10
26 55 9 9
26 56 10 10
26 57 10 10
26 58 9 9
26 59 10 9
26 60 10 10
26 61 10 10
26 62 9 10
26 63 9 9
26 64 10 10
26 65 9 9
26 66 10 10
26 67 9 10
26 68 9 10
26 69 9 9
26 70 9 10
26 71 9 9
26 72 10 10
26 73 10 9
26 74 9 10
26 75 9 10
26 76 10 10
26 77 9 10
26 78 10 9
26 79 10 10
26 80 10 10
26 81 9 9
26 82 10 9
26 83 9 9
26 84 9 9
26 85 10 9
26 86 10 9
26 87 9 9
26 88 10 9
26 89 9 9
26 90 9 10
26 91 9 10
26 92 10 9
26 93 10 9
26 94 9 10
26 95 9 9
26 96 9 10
26 97 9 9
26 98 10 10
26 99 10 9
27 28 10 9
27 29 10 10
27 30 10 10
27 31 9 10
27 32 10 9
27 33 10 9
27 34 9 10
27 35 9 9
27 36 9 9
27 37 9 9
27 38 10 10
27 39 9 10
27 40 9 9
27 41 10 10
27 42 9 9
27 43 9 9
27 44 10 10
27 45 9 10
27 46 10 9
27 47 10 10
27 48 10 10
27 49 10 9
27 50 10 10
27 51 10 9
27 52 10 10
27 53 9 9
27 54 10 10
27 55 10 9
27 56 9 10
27 57 9 9
27 58 10 9
27 59 9 9
27 60 9 9
27 61 10 9
27 62 9 9
27 63 9 10
27 64 10 10
27 65 9 10
27 66 9 10
27 67 10 9
27 68 10 9
27 69 9 10
27 70 9 10
27 71 10 9
27 72 10 9
27 73 10 10
27 74 10 9
27 75 10 10
27 76 10 9
27 77 10 10
27 78 9 9
27 79 9 10
27 80 10 9
27 81 9 10
27 82 10 10
27 83 10 9
27 84 9 9
27 85 10 9
27 86 10 9
27 87 9 9
27 88 9 9
27 89 9 10
27 90 10 10
27 91 10 9
27 92 9 10
27 93 9 10
27 94 10 9
27 95 10 10
27 96 10 10
27 97 9 9
27 98 10 10
27 99 9 10
28 29 100 95
28 30 94 93
28 31 92 91
28 32 10 10
28 33 10 9
28 34 10 10
28 35 10 10
28 36 10 9
28 37 9 10
28 38 10 9
28 39 9 9
28 40 10 10
28 41 10 10
28 42 9 9
28 43 9 10
28 44 10 10
28 45 9 9
28 46 10 9
28 47 9 9
28 48 10 9
28 49 10 9
28 50 10 9
28 51 10 9
28 52 10 9
28 53 10 10
28 54 10 9
28 55 10 9
28 56 10 9
28 57 10 9
28 58 9 10
28 59 10 10
28 60 9 10
28 61 9 10
28 62 9 10
28 63 10 9
28 64 10 9
28 65 10 9
28 66 9 9
28 67 10 10
28 68 9 9
28 69 9 9
28 70 9 10
28 71 10 10
28 72 9 10
28 73 9 10
28 74 10 10
28 75 9 9
28 76 9 9
28 77 9 9
28 78 10 10
28 79 10 9
28 80 10 9
28 81 10 10
28 82 9 9
28 83 10 9
28 84 9 10
28 85 9 9
28 86 9 10
28 87 10 9
28 88 9 10
28 89 10 10
28 90 9 9
28 91 9 9
28 92 9 9
28 93 10 9
28 94 10 9
28 95 9 9
28 96 10 10
28 97 9 10
28 98 9 10
28 99 10 9
29 30 94 94
29 31 93 99
29 32 10 10
29 33 9 10
29 34 10 10
29 35 10 9
29 36 10 10
29 37 9 10
29 38 10 9
29 39 9 10
29 40 9 9
29 41 10 9
29 42 9 10
29 43 9 9
29 44 10 10
29 45 9 9
29 46 10 9
29 47 10 9
29 48 10 10
29 49 9 10
29 50 10 9
29 51 10 10
29 52 9 9
29 53 9 9
29 54 10 9
29 55 10 9
29 56 9 10
29 57 9 10
29 58 10 9
29 59 10 10
29 60 10 9
29 61 10 10
29 62 10 9
29 63 10 10
29 64 9 10
29 65 9 10
29 66 9 10
29 67 10 10
29 68 10 9
29 69 10 9
29 70 9 9
29 71 10 9
29 72 10 9
29 73 10 9
29 74 10 9
29 75 9 10
29 76 10 9
29 77 9 9
29 78 10 9
29 79 10 10
29 80 10 10
29 81 10 10
29 82 9 9
29 83 9 10
29 84 9 10
29 85 10 10
29 86 9 9
29 87 10 9
29 88 10 10
29 89 10 9
29 90 10 9
29 91 9 9
29 92 9 10
29 93 9 10
29 94 9 9
29 95 10 9
29 96 9 10
29 97 9 9
29 98 10 9
29 99 10 9
30 31 99 100
30 32 10 9
30 33 10 10
30 34 10 10
30 35 10 9
30 36 9 9
30 37 9 9
30 38 10 9
30 39 9 9
30 40 10 10
30 41 9 10
30 42 10 10
30 43 9 10
30 44 9 9
30 45 10 9
30 46 10 9
30 47 10 10
30 48 9 10
30 49 9 9
30 50 9 10
30 51 10 9
30 52 9 9
30 53 9 9
30 54 10 9
30 55 10 10
30 56 9 10
30 57 10 10
30 58 9 9
30 59 10 10
30 60 10 10
30 61 10 10
30 62 10 9
30 63 10 9
30 64 10 10
30 65 10 9
30 66 9 9
30 67 9 10
30 68 9 9
30 69 10 9
30 70 10 9
30 71 10 10
30 72 10 10
30 73 9 9
30 74 9 9
30 75 10 9
30 76 9 9
30 77 10 10
30 78 9 10
30 79 10 10
30 80 10 9
30 81 10 10
30 82 10 10
30 83 9 10
30 84 10 10
30 85 10 9
30 86 9 9
30 87 9 9
30 88 9 10
30 89 9 9
30 90 9 10
30 91 10 10
30 92 9 9
30 93 10 9
30 94 9 9
30 95 9 10
30 96 9 9
30 97 9 9
30 98 9 9
30 99 10 10
31 32 10 10
31 33 9 9
31 34 9 10
31 35 10 9
31 36 9 9
31 37 10 9
31 38 10 9
31 39 10 9
31 40 10 9
31 41 10 9
31 42 9 10
31 43 10 10
31 44 9 9
31 45 10 9
31 46 9 9
31 47 9 10
31 48 9 9
31 49 9 10
31 50 10 10
31 51 9 9
31 52 9 10
31 53 9 9
31 54 9 9
31 55 10 9
31 56 9 9
31 57 9 9
31 58 9 9
31 59 9 9
31 60 9 10
31 61 9 9
31 62 10 10
31 63 10 10
31 64 9 9
31 65 9 9
31 66 9 9
31 67 10 10
31 68 9 10
31 69 10 9
31 70 9 9
31 71 9 10
31 72 10 9
31 73 9 9
31 74 9 9
31 75 10 10
31 76 10 10
31 77 9 10
31 78 10 10
31 79 9 10
31 80 10 10
31 81 9 10
31 82 9 9
31 83 10 10
31 84 9 9
31 85 9 9
31 86 9 9
31 87 9 10
31 88 9 10
31 89 9 9
31 90 9 10
31 91 9 9
31 92 9 10
31 93 10 9
31 94 10 9
31 95 10 9
31 96 10 9
31 97 9 9
31 98 10 10
31 99 9 9
32 33 94 92
32 34 92 91
32 35 96 93
32 36 9 10
32 37 10 10
32 38 10 9
32 39 10 9
32 40 10 10
32 41 10 9
32 42 9 9
32 43 9 9
32 44 10 9
32 45 10 10
32 46 9 9
32 47 9 10
32 48 9 9
32 49 9 10
32 50 10 9
32 51 9 9
32 52 9 9
32 53 9 10
32 54 9 9
32 55 9 10
32 56 10 9
32 57 9 10
32 58 10 9
32 59 10 10
32 60 10 10
32 61 10 10
32 62 10 9
32 63 10 9
32 64 9 9
32 65 9 9
32 66 10 10
32 67 9 10
32 68 10 10
32 69 10 10
32 70 9 9
32 71 9 10
32 72 9 10
32 73 9 10
32 74 9 9
32 75 9 9
32 76 10 10
32 77 10 10
32 78 9 10
32 79 10 9
32 80 9 9
32 81 10 10
32 82 10 9
32 83 9 10
32 84 10 9
32 85 10 9
32 86 10 10
32 87 9 10
32 88 9 10
32 89 9 10
32 90 9 10
32 91 10 10
32 92 9 9
32 93 10 9
32 94 9 9
32 95 9 9
32 96 10 9
32 97 10 9
32 98 9 9
32 99 9 9
33 34 91 91
33 35 93 96
33 36 10 9
33 37 10 9
33 38 9 10
33 39 10 9
33 40 10 9
33 41 9 9
33 42 9 9
33 43 10 10
33 44 10 9
33 45 10 9
33 46 9 9
33 47 9 9
33 48 9 9
33 49 9 10
33 50 9 10
33 51 10 9
33 52 9 10
33 53 10 10
33 54 9 9
33 55 9 9
33 56 10 10
33 57 10 10
33 58 9 9
33 59 10 9
33 60 10 9
33 61 9 10
33 62 10 10
33 63 9 10
33 64 10 9
33 65 9 10
33 66 10 10
33 67 10 10
33 68 9 9
33 69 9 9
33 70 10 10
33 71 9 10
33 72 10 10
33 73 9 9
33 74 9 9
33 75 10 9
33 76 10 9
33 77 9 10
33 78 10 9
33 79 9 9
33 80 9 9
33 81 9 9
33 82 10 9
33 83 9 10
33 84 9 9
33 85 10 10
33 86 9 9
33 87 10 10
33 88 10 9
33 89 9 9
33 90 10 9
33 91 9 9
33 92 9 9
33 93 10 10
33 94 9 10
33 95 9 9
33 96 9 9
33 97 9 10
33 98 9 9
33 99 9 9
34 35 100 99
34 36 10 9
34 37 9 10
34 38 9 9
34 39 9 10
34 40 10 10
34 41 10 9
34 42 10 10
34 43 10 9
34 44 9 9
34 45 10 10
34 46 9 9
34 47 10 9
34 48 9 10
34 49 10 9
34 50 9 9
34 51 9 9
34 52 10 9
34 53 9 10
34 54 9 10
34 55 9 10
34 56 9 10
34 57 9 9
34 58 10 9
34 59 9 10
34 60 9 10
34 61 10 10
34 62 9 10
34 63 10 10
34 64 9 10
34 65 10 9
34 66 9 10
34 67 10 10
34 68 10 9
34 69 9 9
34 70 9 9
34 71 9 9
34 72 10 9
34 73 10 9
34 74 9 10
34 75 9 10
34 76 10 10
34 77 10 9
34 78 10 10
34 79 10 9
34 80 10 9
34 81 9 9
34 82 10 9
34 83 10 9
34 84 9 9
34 85 10 10
34 86 10 10
34 87 9 9
34 88 10 9
34 89 10 10
34 90 10 10
34 91 10 10
34 92 10 10
34 93 9 9
34 94 9 9
34 95 9 10
34 96 10 9
34 97 9 10
34 98 10 10
34 99 10 9
35 36 10 10
35 37 10 10
35 38 9 10
35 39 10 10
35 40 9 10
35 41 10 10
35 42 10 9
35 43 10 9
35 44 9 9
35 45 9 9
35 46 9 9
35 47 10 10
35 48 9 10
35 49 10 10
35 50 10 10
35 51 10 10
35 52 10 10
35 53 10 9
35 54 10 9
35 55 9 9
35 56 10 10
35 57 10 9
35 58 9 9
35 59 9 9
35 60 10 9
35 61 10 9
35 62 9 10
35 63 10 10
35 64 9 9
35 65 9 9
35 66 10 9
35 67 9 10
35 68 10 9
35 69 9 9
35 70 9 9
35 71 9 10
35 72 10 10
35 73 9 9
35 74 9 10
35 75 10 9
35 76 9 10
35 77 9 9
35 78 10 10
35 79 9 10
35 80 9 9
35 81 9 9
35 82 9 9
35 83 10 9
35 84 10 10
35 85 10 9
35 86 10 9
35 87 9 9
35 88 10 10
35 89 9 10
35 90 10 10
35 91 10 10
35 92 10 9
35 93 9 10
35 94 9 10
35 95 9 9
35 96 10 9
35 97 9 9
35 98 10 9
35 99 9 10
36 37 99 98
36 38 91 92
36 39 96 99
36 40 10 10
36 41 9 10
36 42 9 10
36 43 9 9
36 44 9 10
36 45 10 9
36 46 9 9
36 47 10 10
36 48 9 10
36 49 10 9
36 50 9 9
36 51 10 10
36 52 9 9
36 53 10 9
36 54 10 10
36 55 10 9
36 56 10 9
36 57 10 9
36 58 10 9
36 59 9 10
36 60 9 9
36 61 9 10
36 62 10 10
36 63 9 9
36 64 9 9
36 65 10 10
36 66 9 9
36 67 10 9
36 68 10 10
36 69 10 10
36 70 9 9
36 71 9 9
36 72 9 9
36 73 10 9
36 74 10 9
36 75 10 10
36 76 10 9
36 77 10 9
36 78 9 9
36 79 10 10
36 80 9 10
36 81 10 9
36 82 10 9
36 83 10 9
36 84 10 9
36 85 10 9
36 86 9 9
36 87 10 9
36 88 10 9
36 89 9 9
36 90 10 9
36 91 9 9
36 92 10 9
36 93 10 9
36 94 10 9
36 95 10 9
36 96 9 9
36 97 9 10
36 98 9 9
36 99 9 9
37 38 91 94
37 39 96 91
37 40 9 9
37 41 10 9
37 42 10 10
37 43 10 9
37 44 9 10
37 45 9 9
37 46 10 9
37 47 9 10
37 48 9 10
37 49 9 10
37 50 9 9
37 51 9 9
37 52 9 10
37 53 9 10
37 54 10 9
37 55 9 9
37 56 9 10
37 57 10 9
37 58 10 10
37 59 10 10
37 60 10 9
37 61 10 10
37 62 9 9
37 63 10 9
37 64 10 9
37 65 10 10
37 66 9 10
37 67 9 10
37 68 10 10
37 69 10 9
37 70 10 9
37 71 10 9
37 72 9 10
37 73 9 10
37 74 9 9
37 75 10 10
37 76 9 9
37 77 10 10
37 78 10 9
37 79 10 9
37 80 9 10
37 81 10 9
37 82 10 9
37 83 9 9
37 84 10 9
37 85 9 10
37 86 10 10
37 87 10 9
37 88 9 10
37 89 9 10
37 90 10 10
37 91 9 9
37 92 9 10
37 93 9 10
37 94 10 10
37 95 10 9
37 96 9 10
37 97 9 10
37 98 9 10
37 99 9 10
38 39 98 91
38 40 10 9
38 41 10 10
38 42 9 10
38 43 10 10
38 44 10 9
38 45 9 10
38 46 9 9
38 47 10 9
38 48 10 10
38 49 9 10
38 50 10 10
38 51 10 9
38 52 10 10
38 53 9 9
38 54 10 10
38 55 10 9
38 56 9 9
38 57 10 9
38 58 10 9
38 59 9 9
38 60 9 10
38 61 10 10
38 62 9 10
38 63 9 10
38 64 9 9
38 65 10 9
38 66 10 10
38 67 10 9
38 68 10 9
38 69 9 10
38 70 9 9
38 71 9 10
38 72 10 10
38 73 10 9
38 74 9 10
38 75 9 10
38 76 10 10
38 77 9 9
38 78 9 9
38 79 10 9
38 80 9 10
38 81 10 9
38 82 9 9
38 83 9 10
38 84 10 9
38 85 9 9
38 86 10 9
38 87 9 9
38 88 10 10
38 89 9 9
38 90 9 9
38 91 9 10
38 92 10 10
38 93 10 9
38 94 9 10
38 95 10 9
38 96 10 10
38 97 10 10
38 98 10 10
38 99 10 9
39 40 10 9
39 41 10 10
39 42 9 9
39 43 9 9
39 44 9 10
39 45 10 10
39 46 9 9
39 47 10 9
39 48 10 10
39 49 9 9
39 50 9 10
39 51 10 9
39 52 9 10
39 53 9 9
39 54 10 10
39 55 10 10
39 56 10 10
39 57 9 9
39 58 10 10
39 59 9 9
39 60 10 9
39 61 9 10
39 62 9 10
39 63 9 10
39 64 9 9
39 65 9 9
39 66 10 9
39 67 9 10
39 68 10 10
39 69 9 10
39 70 9 10
39 71 10 10
39 72 9 9
39 73 9 10
39 74 10 9
39 75 10 10
39 76 9 10
39 77 9 9
39 78 9 10
39 79 10 10
39 80 10 9
39 81 9 10
39 82 10 9
39 83 9 10
39 84 10 9
39 85 10 10
39 86 9 9
39 87 9 9
39 88 10 10
39 89 9 9
39 90 10 10
39 91 9 9
39 92 10 10
39 93 10 10
39 94 9 10
39 95 9 10
39 96 9 9
39 97 9 9
39 98 10 9
39 99 9 10
40 41 96 99
40 42 99 91
40 43 98 95
40 44 10 9
40 45 9 9
40 46 10 9
40 47 10 10
40 48 9 9
40 49 10 10
40 50 9 10
40 51 10 10
40 52 9 9
40 53 9 9
40 54 9 10
40 55 9 10
40 56 9 9
40 57 9 9
40 58 10 10
40 59 10 9
40 60 9 10
40 61 9 9
40 62 9 9
40 63 9 9
40 64 10 10
40 65 9 9
40 66 10 10
40 67 10 9
40 68 9 9
40 69 10 10
40 70 9 9
40 71 10 10
40 72 10 10
40 73 10 9
40 74 9 10
40 75 9 9
40 76 10 9
40 77 10 9
40 78 10 10
40 79 9 10
40 80 10 10
40 81 10 10
40 82 9 9
40 83 9 9
40 84 9 9
40 85 10 9
40 86 10 9
40 87 10 10
40 88 10 9
40 89 10 10
40 90 10 10
40 91 10 9
40 92 9 10
40 93 9 10
40 94 9 9
40 95 9 10
40 96 10 10
40 97 9 10
40 98 9 9
40 99 9 9
41 42 93 92
41 43 94 100
41 44 9 9
41 45 9 9
41 46 10 9
41 47 9 10
41 48 10 10
41 49 9 10
41 50 9 9
41 51 9 9
41 52 10 10
41 53 10 10
41 54 10 9
41 55 10 9
41 56 9 9
41 57 9 10
41 58 10 9
41 59 9 9
41 60 10 10
41 61 10 10
41 62 10 10
41 63 10 10
41 64 9 10
41 65 10 10
41 66 10 9
41 67 9 9
41 68 9 9
41 69 10 9
41 70 9 10
41 71 10 10
41 72 9 10
41 73 9 9
41 74 9 9
41 75 10 9
41 76 9 9
41 77 9 10
41 78 9 10
41 79 10 9
41 80 9 10
41 81 10 10
41 82 9 10
41 83 10 9
41 84 9 10
41 85 10 9
41 86 9 10
41 87 9 9
41 88 10 9
41 89 9 9
41 90 10 9
41 91 9 10
41 92 9 9
41 93 10 9
41 94 9 10
41 95 9 9
41 96 9 10
41 97 9 10
41 98 9 10
41 99 10 9
42 43 98 97
42 44 10 10
42 45 10 10
42 46 10 10
42 47 9 9
42 48 10 9
42 49 10 9
42 50 10 9
42 51 9 9
42 52 9 10
42 53 10 9
42 54 10 9
42 55 10 10
42 56 10 10
42 57 9 9
42 58 9 10
42 59 10 10
42 60 10 9
42 61 10 9
42 62 9 9
42 63 10 10
42 64 10 10
42 65 10 9
42 66 9 10
42 67 9 9
42 68 10 9
42 69 10 10
42 70 10 9
42 71 10 9
42 72 9 9
42 73 9 9
42 74 9 9
42 75 9 9
42 76 9 10
42 77 10 9
42 78 10 9
42 79 10 9
42 80 9 10
42 81 10 9
42 82 10 9
42 83 9 9
42 84 10 10
42 85 9 9
42 86 9 10
42 87 9 10
42 88 9 10
42 89 9 9
42 90 9 10
42 91 9 9
42 92 10 9
42 93 10 9
42 94 9 10
42 95 10 10
42 96 9 9
42 97 9 10
42 98 10 10
42 99 9 10
43 44 10 10
43 45 9 9
43 46 10 10
43 47 9 9
43 48 9 9
43 49 9 10
43 50 9 10
43 51 9 10
43 52 10 10
43 53 10 9
43 54 9 10
43 55 10 10
43 56 10 9
43 57 10 9
43 58 10 9
43 59 9 10
43 60 9 9
43 61 10 10
43 62 10 9
43 63 9 10
43 64 9 10
43 65 9 10
43 66 9 9
43 67 9 9
43 68 10 9
43 69 10 10
43 70 10 10
43 71 10 10
43 72 9 9
43 73 9 9
43 74 9 10
43 75 9 10
43 76 10 9
43 77 9 10
43 78 9 10
43 79 9 10
43 80 9 10
43 81 9 9
43 82 9 10
43 83 9 10
43 84 9 10
43 85 9 10
43 86 10 9
43 87 10 10
43 88 10 10
43 89 9 9
43 90 10 10
43 91 10 9
43 92 9 10
43 93 10 10
43 94 9 9
43 95 9 9
43 96 10 9
43 97 9 9
43 98 9 10
43 99 9 9
44 45 98 100
44 46 94 97
44 47 98 95
44 48 9 10
44 49 10 10
44 50 9 9
44 51 10 9
44 52 10 10
44 53 10 9
44 54 9 10
44 55 10 10
44 56 9 10
44 57 10 9
44 58 10 9
44 59 9 9
44 60 9 9
44 61 9 10
44 62 10 9
44 63 10 9
44 64 9 10
44 65 10 10
44 66 9 9
44 67 10 9
44 68 9 9
44 69 10 9
44 70 10 9
44 71 9 10
44 72 10 10
44 73 10 10
44 74 10 9
44 75 9 9
44 76 10 10
44 77 9 10
44 78 9 10
44 79 9 9
44 80 10 10
44 81 10 9
44 82 9 10
44 83 9 9
44 84 10 10
44 85 10 9
44 86 9 9
44 87 10 9
44 88 10 10
44 89 10 10
44 90 10 9
44 91 10 9
44 92 9 10
44 93 10 10
44 94 9 9
44 95 10 9
44 96 10 9
44 97 10 10
44 98 9 9
44 99 9 10
45 46 91 94
45 47 92 91
45 48 10 10
45 49 9 10
45 50 9 10
45 51 9 9
45 52 10 9
45 53 9 10
45 54 9 10
45 55 9 10
45 56 10 10
45 57 9 10
45 58 9 9
45 59 9 10
45 60 9 10
45 61 9 10
45 62 10 9
45 63 9 10
45 64 9 9
45 65 9 10
45 66 10 9
45 67 9 10
45 68 9 9
45 69 9 10
45 70 9 9
45 71 9 10
45 72 9 9
45 73 9 10
45 74 10 10
45 75 10 10
45 76 9 9
45 77 9 10
45 78 10 9
45 79 10 9
45 80 9 10
45 81 10 10
45 82 9 9
45 83 10 9
45 84 9 9
45 85 10 10
45 86 10 10
45 87 9 10
45 88 10 10
45 89 9 9
45 90 10 9
45 91 10 9
45 92 10 10
45 93 10 10
45 94 10 10
45 95 10 10
45 96 10 9
45 97 10 10
45 98 10 10
45 99 10 10
46 47 100 96
46 48 9 9
46 49 10 10
46 50 9 9
46 51 10 9
46 52 9 10
46 53 10 9
46 54 9 9
46 55 10 10
46 56 9 10
46 57 9 9
46 58 9 9
46 59 9 10
46 60 9 10
46 61 10 10
46 62 10 9
46 63 10 9
46 64 9 9
46 65 10 9
46 66 10 9
46 67 10 9
46 68 10 10
46 69 9 9
46 70 10 10
46 71 9 9
46 72 10 9
46 73 10 9
46 74 10 10
46 75 9 10
46 76 9 9
46 77 9 9
46 78 9 9
46 79 10 9
46 80 10 10
46 81 9 9
46 82 10 10
46 83 10 10
46 84 10 9
46 85 10 9
46 86 10 10
46 87 9 10
46 88 9 10
46 89 10 10
46 90 10 9
46 91 10 9
46 92 9 10
46 93 10 10
46 94 9 10
46 95 9 9
46 96 10 9
46 97 10 9
46 98 10 10
46 99 9 10
47 48 10 10
47 49 9 10
47 50 10 10
47 51 9 10
47 52 9 9
47 53 10 10
47 54 9 10
47 55 9 10
47 56 10 9
47 57 10 9
47 58 9 10
47 59 10 10
47 60 9 10
47 61 9 10
47 62 10 9
47 63 10 10
47 64 9 9
47 65 10 9
47 66 10 9
47 67 10 9
47 68 10 9
47 69 9 10
47 70 10 10
47 71 10 10
47 72 10 9
47 73 10 10
47 74 10 10
47 75 10 10
47 76 10 10
47 77 10 10
47 78 9 10
47 79 10 10
47 80 9 10
47 81 9 9
47 82 10 9
47 83 9 9
47 84 10 10
47 85 10 9
47 86 10 10
47 87 10 10
47 88 10 10
47 89 9 10
47 90 10 10
47 91 9 9
47 92 9 10
47 93 9 9
47 94 9 9
47 95 9 9
47 96 9 10
47 97 10 10
47 98 9 9
47 99 10 9
48 49 98 94
48 50 93 100
48 51 100 96
48 52 9 10
48 53 10 9
48 54 9 10
48 55 9 10
48 56 9 9
48 57 10 9
48 58 10 10
48 59 10 10
48 60 10 9
48 61 9 9
48 62 9 9
48 63 9 9
48 64 10 9
48 65 9 9
48 66 9 9
48 67 10 10
48 68 10 10
48 69 9 9
48 70 9 9
48 71 9 9
48 72 9 9
48 73 9 10
48 74 10 9
48 75 9 10
48 76 9 9
48 77 10 10
48 78 10 10
48 79 10 10
48 80 10 9
48 81 9 10
48 82 10 10
48 83 10 9
48 84 10 10
48 85 9 10
48 86 9 10
48 87 10 10
48 88 9 10
48 89 10 9
48 90 9 9
48 91 9 10
48 92 10 10
48 93 10 9
48 94 9 10
48 95 9 9
48 96 10 9
48 97 9 9
48 98 10 10
48 99 10 9
49 50 93 96
49 51 93 95
49 52 9 9
49 53 10 9
49 54 9 9
49 55 10 9
49 56 10 9
49 57 9 10
49 58 10 10
49 59 10 9
49 60 10 10
49 61 9 9
49 62 10 10
49 63 9 10
49 64 10 10
49 65 9 9
49 66 9 10
49 67 10 10
49 68 9 9
49 69 10 9
49 70 9 10
49 71 10 10
49 72 10 10
49 73 9 9
49 74 9 9
49 75 9 9
49 76 10 9
49 77 9 9
49 78 10 9
49 79 10 9
49 80 9 10
49 81 9 10
49 82 10 10
49 83 10 9
49 84 10 10
49 85 10 10
49 86 9 9
49 87 10 9
49 88 9 9
49 89 9 10
49 90 9 9
49 91 10 9
49 92 10 10
49 93 9 9
49 94 9 9
49 95 9 10
49 96 10 9
49 97 10 9
49 98 10 10
49 99 10 10
50 51 92 99
50 52 9 10
50 53 10 10
50 54 10 9
50 55 10 9
50 56 9 10
50 57 9 10
50 58 10 10
50 59 9 10
50 60 9 9
50 61 9 10
50 62 10 10
50 63 10 9
50 64 10 10
50 65 10 10
50 66 9 10
50 67 10 10
50 68 10 9
50 69 9 9
50 70 10 10
50 71 10 10
50 72 10 10
50 73 9 10
50 74 10 9
50 75 10 9
50 76 10 10
50 77 10 9
50 78 9 9
50 79 10 10
50 80 9 10
50 81 9 10
50 82 9 9
50 83 9 9
50 84 9 10
50 85 10 9
50 86 10 10
50 87 10 9
50 88 9 9
50 89 9 9
50 90 9 10
50 91 9 9
50 92 9 10
50 93 10 9
50 94 10 10
50 95 9 10
50 96 10 10
50 97 10 10
50 98 9 10
50 99 9 9
51 52 9 9
51 53 9 10
51 54 9 9
51 55 10 9
51 56 10 10
51 57 9 10
51 58 10 10
51 59 9 9
51 60 10 9
51 61 10 10
51 62 9 9
51 63 9 10
51 64 9 10
51 65 9 9
51 66 10 10
51 67 9 9
51 68 9 9
51 69 10 10
51 70 10 10
51 71 9 10
51 72 9 10
51 73 10 10
51 74 9 10
51 75 10 10
51 76 9 9
51 77 9 10
51 78 9 9
51 79 9 9
51 80 9 9
51 81 9 9
51 82 9 9
51 83 10 9
51 84 10 10
51 85 9 10
51 86 9 10
51 87 10 9
51 88 10 10
51 89 10 10
51 90 10 9
51 91 9 9
51 92 9 10
51 93 10 9
51 94 9 9
51 95 9 9
51 96 9 9
51 97 10 10
51 98 9 10
51 99 9 10
52 53 99 100
52 54 98 95
52 55 100 100
52 56 10 9
52 57 10 9
52 58 9 9
52 59 9 10
52 60 9 9
52 61 9 9
52 62 9 10
52 63 9 9
52 64 9 10
52 65 10 9
52 66 9 9
52 67 9 10
52 68 10 9
52 69 9 9
52 70 10 9
52 71 10 9
52 72 10 9
52 73 10 10
52 74 9 9
52 75 10 9
52 76 9 9
52 77 10 9
52 78 10 9
52 79 9 10
52 80 10 9
52 81 9 9
52 82 9 9
52 83 9 9
52 84 10 10
52 85 9 10
52 86 9 9
52 87 9 10
52 88 9 10
52 89 10 9
52 90 10 10
52 91 10 9
52 92 10 10
52 93 10 9
52 94 10 10
52 95 10 10
52 96 10 9
52 97 9 10
52 98 10 10
52 99 10 10
53 54 92 92
53 55 94 93
53 56 9 10
53 57 9 9
53 58 9 9
53 59 10 9
53 60 9 9
53 61 9 10
53 62 10 9
53 63 9 10
53 64 9 10
53 65 9 10
53 66 9 9
53 67 9 9
53 68 10 9
53 69 10 9
53 70 9 10
53 71 9 10
53 72 10 9
53 73 10 10
53 74 9 10
53 75 9 9
53 76 9 10
53 77 9 9
53 78 10 9
53 79 9 10
53 80 10 10
53 81 9 10
53 82 10 10
53 83 9 9
53 84 10 9
53 85 9 10
53 86 10 9
53 87 9 9
53 88 10 10
53 89 9 9
53 90 9 10
53 91 10 10
53 92 10 9
53 93 9 9
53 94 10 10
53 95 9 10
53 96 9 9
53 97 9 9
53 98 10 10
53 99 9 10
54 55 96 98
54 56 9 10
54 57 10 10
54 58 10 10
54 59 9 10
54 60 10 9
54 61 10 9
54 62 9 9
54 63 9 9
54 64 9 9
54 65 9 9
54 66 9 10
54 67 10 9
54 68 9 10
54 69 10 10
54 70 10 10
54 71 9 9
54 72 10 10
54 73 10 9
54 74 10 9
54 75 9 10
54 76 9 10
54 77 9 10
54 78 9 9
54 79 9 10
54 80 10 9
54 81 9 10
54 82 10 9
54 83 10 9
54 84 10 9
54 85 10 10
54 86 10 10
54 87 10 9
54 88 10 10
54 89 10 10
54 90 10 10
54 91 9 10
54 92 10 10
54 93 9 9
54 94 9 10
54 95 9 10
54 96 9 9
54 97 10 9
54 98 10 10
54 99 10 10
55 56 9 9
55 57 10 10
55 58 9 9
55 59 9 9
55 60 9 10
55 61 10 10
55 62 10 9
55 63 9 9
55 64 9 9
55 65 10 9
55 66 10 10
55 67 9 9
55 68 10 9
55 69 10 10
55 70 10 10
55 71 9 9
55 72 10 10
55 73 10 10
55 74 9 10
55 75 9 9
55 76 10 10
55 77 9 10
55 78 9 9
55 79 9 9
55 80 9 9
55 81 9 10
55 82 10 9
55 83 10 10
55 84 9 9
55 85 10 10
55 86 10 9
55 87 10 10
55 88 9 10
55 89 10 10
55 90 9 9
55 91 10 10
55 92 9 10
55 93 9 10
55 94 9 9
55 95 9 10
55 96 10 10
55 97 10 9
55 98 9 9
55 99 9 10
56 57 93 96
56 58 92 99
56 59 94 92
56 60 9 9
56 61 10 10
56 62 9 9
56 63 10 9
56 64 10 9
56 65 10 10
56 66 10 9
56 67 10 9
56 68 10 10
56 69 10 9
56 70 10 9
56 71 9 9
56 72 10 10
56 73 9 10
56 74 9 9
56 75 10 10
56 76 9 9
56 77 10 9
56 78 9 10
56 79 9 9
56 80 10 10
56 81 10 10
56 82 10 10
56 83 10 9
56 84 10 10
56 85 10 10
56 86 10 9
56 87 10 9
56 88 10 9
56 89 9 9
56 90 9 9
56 91 9 9
56 92 10 10
56 93 9 9
56 94 10 9
56 95 10 10
56 96 10 9
56 97 10 10
56 98 10 10
56 99 9 10
57 58 96 94
57 59 96 100
57 60 9 10
57 61 9 10
57 62 10 10
57 63 9 10
57 64 10 9
57 65 10 10
57 66 9 9
57 67 9 9
57 68 9 9
57 69 9 9
57 70 10 10
57 71 9 9
57 72 10 10
57 73 9 9
57 74 10 9
57 75 10 10
57 76 10 9
57 77 10 10
57 78 9 9
57 79 10 9
57 80 9 10
57 81 9 10
57 82 9 10
57 83 10 10
57 84 10 10
57 85 9 10
57 86 10 10
57 87 9 9
57 88 9 9
57 89 10 10
57 90 9 10
57 91 10 9
57 92 9 10
57 93 10 10
57 94 10 9
57 95 10 10
57 96 10 10
57 97 9 9
57 98 9 9
57 99 10 10
58 59 93 93
58 60 10 10
58 61 9 9
58 62 10 9
58 63 9 9
58 64 10 10
58 65 9 9
58 66 9 9
58 67 9 9
58 68 10 10
58 69 10 10
58 70 10 10
58 71 9 10
58 72 9 10
58 73 9 9
58 74 10 10
58 75 9 10
58 76 10 9
58 77 10 10
58 78 9 10
58 79 9 9
58 80 10 9
58 81 9 9
58 82 9 10
58 83 10 10
58 84 9 9
58 85 9 9
58 86 10 9
58 87 10 9
58 88 9 9
58 89 10 10
58 90 10 10
58 91 10 10
58 92 9 10
58 93 9 9
58 94 9 10
58 95 9 9
58 96 10 10
58 97 10 9
58 98 9 9
58 99 10 10
59 60 9 10
59 61 10 9
59 62 10 9
59 63 9 9
59 64 9 9
59 65 9 10
59 66 9 10
59 67 9 9
59 68 9 9
59 69 9 9
59 70 9 9
59 71 9 10
59 72 9 9
59 73 10 9
59 74 9 10
59 75 9 10
59 76 9 10
59 77 10 10
59 78 9 10
59 79 9 9
59 80 10 9
59 81 9 10
59 82 9 9
59 83 10 10
59 84 9 10
59 85 9 9
59 86 10 9
59 87 10 9
59 88 10 10
59 89 10 10
59 90 10 9
59 91 9 10
59 92 10 9
59 93 10 9
59 94 10 9
59 95 10 9
59 96 10 9
59 97 10 10
59 98 10 9
59 99 10 10
60 61 95 97
60 62 99 100
60 63 94 91
60 64 10 9
60 65 10 9
60 66 10 10
60 67 9 10
60 68 9 10
60 69 10 9
60 70 9 9
60 71 9 10
60 72 9 10
60 73 10 9
60 74 9 9
60 75 10 10
60 76 10 10
60 77 9 10
60 78 9 10
60 79 9 10
60 80 10 9
60 81 9 10
60 82 9 10
60 83 10 10
60 84 9 10
60 85 10 10
60 86 9 10
60 87 10 9
60 88 10 9
60 89 10 9
60 90 9 9
60 91 9 9
60 92 10 10
60 93 10 10
60 94 10 10
60 95 9 10
60 96 9 10
60 97 9 10
60 98 9 9
60 99 10 9
61 62 94 97
61 63 97 91
61 64 10 10
61 65 10 10
61 66 9 9
61 67 9 10
61 68 10 10
61 69 9 10
61 70 9 10
61 71 9 9
61 72 10 10
61 73 10 10
61 74 9 9
61 75 10 9
61 76 10 10
61 77 10 9
61 78 10 10
61 79 10 9
61 80 10 9
61 81 10 9
61 82 9 10
61 83 9 9
61 84 10 9
61 85 9 10
61 86 9 9
61 87 9 9
61 88 10 10
61 89 9 10
61 90 9 9
61 91 9 10
61 92 10 10
61 93 10 9
61 94 10 10
61 95 10 9
61 96 10 10
61 97 10 9
61 98 10 10
61 99 9 9
62 63 99 94
62 64 10 9
62 65 9 10
62 66 10 9
62 67 10 9
62 68 10 10
62 69 10 10
62 70 9 10
62 71 9 10
62 72 10 10
62 73 9 9
62 74 9 9
62 75 9 10
62 76 10 10
62 77 9 9
62 78 9 9
62 79 10 9
62 80 9 10
62 81 9 10
62 82 9 9
62 83 10 10
62 84 10 9
62 85 9 9
62 86 9 10
62 87 10 10
62 88 9 9
62 89 9 10
62 90 10 10
62 91 10 10
62 92 9 10
62 93 9 9
62 94 9 10
62 95 10 10
62 96 9 9
62 97 9 10
62 98 10 10
62 99 9 10
63 64 10 10
63 65 9 9
63 66 9 9
63 67 9 9
63 68 10 10
63 69 9 10
63 70 9 9
63 71 9 9
63 72 10 10
63 73 9 10
63 74 10 10
63 75 9 9
63 76 10 9
63 77 10 10
63 78 10 10
63 79 10 9
63 80 9 10
63 81 9 10
63 82 9 9
63 83 10 9
63 84 9 10
63 85 9 9
63 86 9 9
63 87 10 10
63 88 10 10
63 89 10 10
63 90 10 10
63 91 10 10
63 92 9 10
63 93 10 10
63 94 10 9
63 95 10 9
63 96 9 9
63 97 10 10
63 98 9 9
63 99 10 10
64 65 100 99
64 66 98 94
64 67 93 95
64 68 9 10
64 69 10 10
64 70 10 10
64 71 10 9
64 72 9 10
64 73 10 9
64 74 9 9
64 75 10 10
64 76 10 10
64 77 10 9
64 78 9 9
64 79 9 9
64 80 10 10
64 81 9 9
64 82 9 10
64 83 9 9
64 84 10 10
64 85 10 9
64 86 9 10
64 87 9 9
64 88 9 10
64 89 10 10
64 90 9 9
64 91 9 9
64 92 9 9
64 93 10 9
64 94 9 10
64 95 10 9
64 96 9 9
64 97 10 10
64 98 10 9
64 99 10 9
65 66 98 100
65 67 96 94
65 68 9 10
65 69 9 9
65 70 10 10
65 71 9 9
65 72 10 9
65 73 9 10
65 74 9 9
65 75 9 9
65 76 10 10
65 77 10 10
65 78 10 9
65 79 9 10
65 80 10 9
65 81 10 10
65 82 10 10
65 83 10 10
65 84 9 9
65 85 9 9
65 86 9 10
65 87 9 9
65 88 9 9
65 89 9 10
65 90 10 10
65 91 9 10
65 92 10 9
65 93 10 9
65 94 10 9
65 95 9 9
65 96 10 9
65 97 9 10
65 98 10 10
65 99 10 9
66 67 99 96
66 68 10 9
66 69 9 9
66 70 9 10
66 71 10 9
66 72 9 10
66 73 9 9
66 74 10 10
66 75 10 9
66 76 9 9
66 77 9 10
66 78 9 9
66 79 9 10
66 80 10 9
66 81 10 9
66 82 10 9
66 83 9 9
66 84 9 10
66 85 10 10
66 86 10 9
66 87 10 9
66 88 9 9
66 89 9 10
66 90 9 10
66 91 10 9
66 92 10 9
66 93 9 9
66 94 10 9
66 95 10 9
66 96 9 10
66 97 9 10
66 98 10 9
66 99 9 10
67 68 9 9
67 69 9 10
67 70 10 10
67 71 9 9
67 72 10 10
67 73 9 10
67 74 9 10
67 75 9 9
67 76 9 10
67 77 10 9
67 78 9 9
67 79 9 9
67 80 9 9
67 81 9 9
67 82 9 10
67 83 10 10
67 84 10 10
67 85 9 10
67 86 9 9
67 87 9 9
67 88 10 10
67 89 9 9
67 90 9 9
67 91 10 10
67 92 10 9
67 93 9 10
67 94 10 9
67 95 9 10
67 96 10 10
67 97 10 9
67 98 10 10
67 99 10 9
68 69 96 98
68 70 99 98
68 71 91 94
68 72 9 9
68 73 9 10
68 74 10 10
68 75 9 10
68 76 9 10
68 77 10 10
68 78 10 10
68 79 10 9
68 80 10 9
68 81 10 10
68 82 9 9
68 83 10 9
68 84 10 9
68 85 10 9
68 86 9 9
68 87 10 9
68 88 9 9
68 89 10 10
68 90 10 9
68 91 9 10
68 92 9 9
68 93 10 9
68 94 9 9
68 95 10 9
68 96 10 9
68 97 9 10
68 98 9 10
68 99 10 9
69 70 98 94
69 71 97 96
69 72 9 9
69 73 9 10
69 74 9 9
69 75 10 10
69 76 9 10
69 77 9 10
69 78 10 9
69 79 10 9
69 80 9 10
69 81 9 9
69 82 10 10
69 83 9 9
69 84 10 9
69 85 10 10
69 86 10 9
69 87 10 9
69 88 9 10
69 89 10 10
69 90 9 9
69 91 10 9
69 92 9 10
69 93 9 10
69 94 9 9
69 95 10 10
69 96 10 10
69 97 10 10
69 98 10 10
69 99 10 10
70 71 94 95
70 72 9 9
70 73 10 9
70 74 9 9
70 75 9 10
70 76 10 9
70 77 10 9
70 78 9 9
70 79 10 10
70 80 10 10
70 81 10 10
70 82 9 9
70 83 9 10
70 84 10 10
70 85 10 10
70 86 10 9
70 87 10 10
70 88 9 9
70 89 10 10
70 90 9 9
70 91 10 10
70 92 10 10
70 93 9 10
70 94 9 9
70 95 10 9
70 96 10 9
70 97 10 9
70 98 10 9
70 99 10 10
71 72 10 9
71 73 10 10
71 74 10 10
71 75 10 9
71 76 10 10
71 77 10 10
71 78 9 10
71 79 10 10
71 80 9 10
71 81 9 10
71 82 9 10
71 83 9 9
71 84 9 9
71 85 10 10
71 86 10 10
71 87 9 9
71 88 9 9
71 89 10 9
71 90 9 9
71 91 10 10
71 92 9 10
71 93 9 10
71 94 9 10
71 95 10 9
71 96 10 10
71 97 9 9
71 98 9 9
71 99 10 9
72 73 93 92
72 74 96 93
72 75 92 91
72 76 9 10
72 77 10 9
72 78 9 10
72 79 9 10
72 80 9 9
72 81 9 9
72 82 9 10
72 83 9 10
72 84 10 10
72 85 10 9
72 86 9 10
72 87 9 9
72 88 9 10
72 89 9 9
72 90 10 9
72 91 10 10
72 92 9 10
72 93 10 9
72 94 9 10
72 95 9 10
72 96 10 10
72 97 9 10
72 98 10 9
72 99 10 9
73 74 95 96
73 75 100 95
73 76 10 10
73 77 9 9
73 78 10 10
73 79 10 10
73 80 9 10
73 81 9 10
73 82 9 9
73 83 9 9
73 84 10 9
73 85 9 10
73 86 10 9
73 87 9 10
73 88 10 9
73 89 10 9
73 90 10 9
73 91 10 9
73 92 9 9
73 93 10 9
73 94 10 9
73 95 10 9
73 96 9 10
73 97 9 9
73 98 10 9
73 99 9 9
74 75 99 94
74 76 9 9
74 77 9 10
74 78 9 10
74 79 9 10
74 80 9 9
74 81 10 10
74 82 9 10
74 83 10 10
74 84 10 9
74 85 9 9
74 86 9 9
74 87 10 9
74 88 9 10
74 89 10 10
74 90 10 9
74 91 10 10
74 92 10 9
74 93 10 10
74 94 9 10
74 95 10 10
74 96 10 10
74 97 9 9
74 98 10 10
74 99 9 10
75 76 10 10
75 77 10 10
75 78 9 10
75 79 9 9
75 80 9 9
75 81 10 10
75 82 10 10
75 83 10 9
75 84 10 10
75 85 9 9
75 86 9 9
75 87 10 10
75 88 10 9
75 89 10 9
75 90 9 10
75 91 10 9
75 92 10 9
75 93 9 9
75 94 9 9
75 95 10 10
75 96 10 9
75 97 9 9
75 98 9 9
75 99 10 10
76 77 99 92
76 78 93 100
76 79 93 99
76 80 10 10
76 81 9 9
76 82 9 9
76 83 10 9
76 84 9 9
76 85 10 9
76 86 10 9
76 87 9 10
76 88 9 9
76 89 9 9
76 90 9 9
76 91 9 10
76 92 10 10
76 93 9 9
76 94 10 9
76 95 9 10
76 96 9 9
76 97 9 10
76 98 9 10
76 99 10 10
77 78 94 91
77 79 92 99
77 80 9 9
77 81 9 10
77 82 10 9
77 83 9 9
77 84 9 9
77 85 9 9
77 86 9 9
77 87 10 10
77 88 9 10
77 89 10 9
77 90 10 9
77 91 10 9
77 92 9 10
77 93 10 10
77 94 9 9
77 95 9 9
77 96 9 10
77 97 10 10
77 98 9 9
77 99 10 10
78 79 95 97
78 80 9 10
78 81 10 10
78 82 10 9
78 83 10 9
78 84 9 9
78 85 9 10
78 86 10 9
78 87 9 9
78 88 10 10
78 89 10 9
78 90 10 10
78 91 9 10
78 92 9 10
78 93 10 10
78 94 9 10
78 95 10 9
78 96 10 9
78 97 10 10
78 98 9 10
78 99 9 10
79 80 9 10
79 81 9 10
79 82 9 9
79 83 9 9
79 84 10 9
79 85 9 10
79 86 9 10
79 87 9 9
79 88 9 9
79 89 9 10
79 90 10 10
79 91 9 9
79 92 9 10
79 93 9 10
79 94 9 10
79 95 10 9
79 96 10 9
79 97 9 9
79 98 9 9
79 99 9 9
80 81 99 97
80 82 93 97
80 83 100 98
80 84 9 9
80 85 9 10
80 86 9 10
80 87 9 9
80 88 9 9
80 89 10 10
80 90 10 9
80 91 10 10
80 92 9 9
80 93 10 9
80 94 9 9
80 95 10 10
80 96 10 9
80 97 10 9
80 98 9 9
80 99 9 10
81 82 96 99
81 83 98 95
81 84 10 9
81 85 9 10
81 86 10 10
81 87 9 10
81 88 9 9
81 89 9 9
81 90 10 9
81 91 9 10
81 92 9 10
81 93 9 10
81 94 10 10
81 95 10 9
81 96 9 9
81 97 10 10
81 98 10 9
81 99 9 9
82 83 98 100
82 84 10 10
82 85 9 9
82 86 10 10
82 87 10 9
82 88 9 10
82 89 10 9
82 90 9 10
82 91 10 10
82 92 10 10
82 93 10 9
82 94 10 9
82 95 9 10
82 96 9 9
82 97 9 9
82 98 10 10
82 99 9 9
83 84 10 10
83 85 10 10
83 86 9 9
83 87 10 9
83 88 10 9
83 89 10 10
83 90 10 10
83 91 9 9
83 92 10 10
83 93 9 9
83 94 9 10
83 95 9 9
83 96 9 9
83 97 10 10
83 98 9 10
83 99 9 10
84 85 98 94
84 86 97 93
84 87 91 96
84 88 9 10
84 89 10 10
84 90 9 9
84 91 9 10
84 92 10 10
84 93 9 10
84 94 10 10
84 95 9 9
84 96 9 10
84 97 9 9
84 98 10 9
84 99 10 10
85 86 97 93
85 87 94 98
85 88 9 10
85 89 10 9
85 90 10 10
85 91 9 10
85 92 10 9
85 93 9 10
85 94 10 9
85 95 9 10
85 96 9 10
85 97 10 9
85 98 9 9
85 99 10 9
86 87 95 99
86 88 9 10
86 89 9 9
86 90 9 10
86 91 10 10
86 92 10 9
86 93 9 10
86 94 9 9
86 95 9 9
86 96 10 10
86 97 10 9
86 98 10 10
86 99 10 10
87 88 9 10
87 89 9 10
87 90 10 9
87 91 10 9
87 92 10 9
87 93 10 10
87 94 9 9
87 95 10 9
87 96 10 9
87 97 10 10
87 98 9 10
87 99 9 10
88 89 94 92
88 90 98 95
88 91 93 97
88 92 9 9
88 93 10 10
88 94 9 10
88 95 9 10
88 96 9 9
88 97 9 9
88 98 10 9
88 99 9 9
89 90 95 96
89 91 94 92
89 92 9 10
89 93 9 10
89 94 9 10
89 95 10 9
89 96 10 10
89 97 10 9
89 98 10 9
89 99 9 9
90 91 100 100
90 92 10 9
90 93 10 9
90 94 10 10
90 95 10 10
90 96 9 9
90 97 10 9
90 98 10 10
90 99 10 10
91 92 10 10
91 93 10 10
91 94 10 10
91 95 9 9
91 96 10 9
91 97 9 9
91 98 9 9
91 99 9 9
92 93 100 100
92 94 93 92
92 95 98 95
92 96 10 10
92 97 10 10
92 98 10 10
92 99 9 9
93 94 94 94
93 95 93 97
93 96 10 10
93 97 10 10
93 98 10 10
93 99 9 9
94 95 94 96
94 96 9 10
94 97 9 9
94 98 9 9
94 99 9 10
95 96 10 9
95 97 9 10
95 98 9 10
95 99 10 10
96 97 96 95
96 98 97 91
96 99 97 92
97 98 96 96
97 99 93 97
98 99 93 94
0
3
882 973
891 891
973 882
