100
0 1 3 3
0 2 0 97
0 3 97 100
0 4 30 8
0 5 32 8
0 6 15 16
0 7 6 7
0 8 27 18
0 9 18 6
0 10 8 23
0 11 30 24
0 12 9 7
0 13 21 18
0 14 12 10
0 15 14 13
0 16 40 15
0 17 9 26
0 18 17 21
0 19 8 3
0 20 13 10
0 21 30 38
0 22 38 24
0 23 3 40
0 24 38 32
0 25 31 34
0 26 14 23
0 27 15 31
0 28 24 24
0 29 30 26
0 30 39 17
0 31 34 34
0 32 35 15
0 33 28 9
0 34 27 15
0 35 16 18
0 36 37 34
0 37 21 28
0 38 36 17
0 39 11 32
0 40 38 8
0 41 40 5
0 42 5 36
0 43 39 34
0 44 23 17
0 45 38 24
0 46 38 39
0 47 15 14
0 48 6 15
0 49 6 9
0 50 31 30
0 51 40 8
0 52 35 8
0 53 20 28
0 54 17 23
0 55 37 16
0 56 28 38
0 57 8 15
0 58 18 32
0 59 13 22
0 60 15 14
0 61 4 34
0 62 26 18
0 63 17 40
0 64 38 34
0 65 19 10
0 66 5 25
0 67 9 3
0 68 30 28
0 69 20 18
0 70 34 37
0 71 18 16
0 72 36 32
0 73 6 13
0 74 37 3
0 75 15 31
0 76 3 13
0 77 25 14
0 78 24 8
0 79 37 30
0 80 37 10
0 81 27 4
0 82 25 9
0 83 17 9
0 84 28 11
0 85 21 32
0 86 24 21
0 87 30 25
0 88 8 18
0 89 7 12
0 90 24 22
0 91 27 20
0 92 37 26
0 93 30 19
0 94 28 28
0 95 27 39
0 96 11 33
0 97 8 21
0 98 10 33
0 99 11 14
1 2 97 0
1 3 98 98
1 4 11 13
1 5 23 17
1 6 36 15
1 7 23 17
1 8 20 15
1 9 21 31
1 10 27 33
1 11 11 32
1 12 6 32
1 13 17 27
1 14 26 30
1 15 30 8
1 16 28 11
1 17 11 8
1 18 3 3
1 19 19 3
1 20 14 15
1 21 37 27
1 22 3 16
1 23 6 13
1 24 6 26
1 25 36 9
1 26 13 15
1 27 39 35
1 28 40 27
1 29 30 19
1 30 37 19
1 31 14 30
1 32 16 28
1 33 12 30
1 34 3 5
1 35 33 24
1 36 33 12
1 37 20 18
1 38 12 30
1 39 6 7
1 40 24 24
1 41 27 16
1 42 32 20
1 43 15 13
1 44 28 27
1 45 35 34
1 46 22 36
1 47 40 22
1 48 26 21
1 49 11 14
1 50 28 32
1 51 7 28
1 52 23 27
1 53 20 25
1 54 40 15
1 55 19 16
1 56 30 4
1 57 25 36
1 58 3 34
1 59 11 33
1 60 39 24
1 61 17 8
1 62 36 10
1 63 21 33
1 64 13 31
1 65 8 35
1 66 8 13
1 67 36 40
1 68 16 30
1 69 28 8
1 70 7 6
1 71 15 8
1 72 26 26
1 73 16 7
1 74 36 20
1 75 34 30
1 76 25 21
1 77 40 13
1 78 35 40
1 79 23 35
1 80 28 37
1 81 9 20
1 82 40 14
1 83 18 5
1 84 31 7
1 85 33 16
1 86 10 13
1 87 19 7
1 88 8 39
1 89 10 21
1 90 5 6
1 91 30 28
1 92 31 13
1 93 22 26
1 94 3 20
1 95 32 10
1 96 15 31
1 97 5 13
1 98 31 24
1 99 17 5
2 3 100 99
2 4 22 26
2 5 5 28
2 6 13 24
2 7 36 32
2 8 19 19
2 9 38 31
2 10 6 8
2 11 35 20
2 12 27 28
2 13 24 36
2 14 8 28
2 15 38 3
2 16 3 37
2 17 4 7
2 18 15 30
2 19 3 22
2 20 4 10
2 21 30 12
2 22 6 39
2 23 33 5
2 24 27 37
2 25 37 33
2 26 37 23
2 27 31 10
2 28 9 40
2 29 35 30
2 30 18 35
2 31 13 15
2 32 35 30
2 33 23 22
2 34 18 21
2 35 6 30
2 36 15 3
2 37 33 23
2 38 23 26
2 39 14 40
2 40 19 30
2 41 37 3
2 42 17 18
2 43 16 27
2 44 14 4
2 45 22 36
2 46 19 9
2 47 25 12
2 48 6 20
2 49 5 34
2 50 36 32
2 51 32 12
2 52 32 36
2 53 31 5
2 54 30 26
2 55 40 31
2 56 25 32
2 57 30 5
2 58 32 16
2 59 15 31
2 60 9 8
2 61 11 33
2 62 16 18
2 63 24 34
2 64 9 14
2 65 37 13
2 66 3 3
2 67 37 39
2 68 40 31
2 69 10 18
2 70 13 33
2 71 38 25
2 72 33 31
2 73 16 39
2 74 11 5
2 75 12 4
2 76 20 4
2 77 16 30
2 78 13 28
2 79 38 28
2 80 27 19
2 81 22 27
2 82 13 12
2 83 35 33
2 84 17 18
2 85 21 26
2 86 17 21
2 87 6 35
2 88 26 7
2 89 37 35
2 90 40 25
2 91 40 11
2 92 17 4
2 93 22 21
2 94 34 39
2 95 34 26
2 96 20 25
2 97 17 19
2 98 25 33
2 99 21 28
3 4 14 18
3 5 40 36
3 6 11 23
3 7 13 23
3 8 32 39
3 9 12 9
3 10 33 25
3 11 21 17
3 12 20 24
3 13 7 18
3 14 16 30
3 15 6 15
3 16 38 5
3 17 5 20
3 18 13 27
3 19 9 21
3 20 23 8
3 21 40 36
3 22 24 28
3 23 9 22
3 24 27 37
3 25 11 39
3 26 37 23
3 27 17 26
3 28 24 6
3 29 5 8
3 30 25 36
3 31 18 8
3 32 7 18
3 33 34 33
3 34 6 19
3 35 7 22
3 36 34 30
3 37 4 34
3 38 30 20
3 39 7 26
3 40 5 25
3 41 16 31
3 42 9 11
3 43 4 12
3 44 25 12
3 45 24 15
3 46 24 33
3 47 38 24
3 48 30 35
3 49 14 31
3 50 37 15
3 51 23 25
3 52 28 16
3 53 28 39
3 54 14 22
3 55 10 6
3 56 27 38
3 57 34 22
3 58 40 5
3 59 6 35
3 60 25 6
3 61 7 36
3 62 5 26
3 63 9 11
3 64 3 25
3 65 39 19
3 66 38 23
3 67 20 13
3 68 6 34
3 69 13 13
3 70 22 25
3 71 34 17
3 72 25 8
3 73 19 12
3 74 14 14
3 75 38 39
3 76 9 7
3 77 6 26
3 78 18 23
3 79 7 8
3 80 14 11
3 81 4 31
3 82 9 20
3 83 34 6
3 84 21 23
3 85 23 32
3 86 5 11
3 87 8 24
3 88 35 4
3 89 4 35
3 90 19 5
3 91 40 19
3 92 34 39
3 93 25 31
3 94 4 28
3 95 11 25
3 96 22 12
3 97 7 33
3 98 12 36
3 99 4 23
4 5 100 99
4 6 98 98
4 7 99 100
4 8 19 4
4 9 31 28
4 10 28 39
4 11 13 30
4 12 36 12
4 13 23 33
4 14 25 18
4 15 30 40
4 16 3 4
4 17 37 37
4 18 10 21
4 19 24 21
4 20 9 39
4 21 23 14
4 22 40 16
4 23 20 7
4 24 28 25
4 25 6 6
4 26 13 6
4 27 10 22
4 28 16 20
4 29 37 36
4 30 26 16
4 31 40 24
4 32 30 28
4 33 22 35
4 34 7 38
4 35 38 26
4 36 24 15
4 37 34 19
4 38 22 36
4 39 37 24
4 40 10 35
4 41 10 16
4 42 4 12
4 43 11 4
4 44 8 4
4 45 12 23
4 46 15 33
4 47 33 4
4 48 18 19
4 49 24 5
4 50 6 20
4 51 33 18
4 52 21 39
4 53 40 40
4 54 25 13
4 55 15 26
4 56 14 6
4 57 8 33
4 58 39 32
4 59 13 33
4 60 14 28
4 61 4 37
4 62 39 12
4 63 36 10
4 64 28 10
4 65 35 30
4 66 37 10
4 67 25 17
4 68 40 8
4 69 22 19
4 70 12 28
4 71 16 10
4 72 39 39
4 73 30 18
4 74 32 9
4 75 5 12
4 76 38 12
4 77 26 28
4 78 26 11
4 79 11 36
4 80 28 40
4 81 13 20
4 82 18 8
4 83 34 26
4 84 37 18
4 85 18 10
4 86 37 14
4 87 15 15
4 88 36 32
4 89 12 4
4 90 6 33
4 91 36 16
4 92 28 15
4 93 40 6
4 94 27 8
4 95 26 8
4 96 10 18
4 97 14 12
4 98 4 40
4 99 35 7
5 6 98 97
5 7 100 100
5 8 37 14
5 9 18 39
5 10 4 14
5 11 37 23
5 12 15 22
5 13 11 37
5 14 28 25
5 15 6 23
5 16 37 33
5 17 13 26
5 18 36 11
5 19 16 35
5 20 4 25
5 21 34 18
5 22 25 18
5 23 21 28
5 24 8 39
5 25 17 25
5 26 34 3
5 27 33 35
5 28 33 7
5 29 13 23
5 30 18 3
5 31 30 32
5 32 19 13
5 33 15 37
5 34 9 23
5 35 32 20
5 36 33 8
5 37 20 17
5 38 24 35
5 39 34 16
5 40 6 10
5 41 28 16
5 42 11 22
5 43 21 24
5 44 4 20
5 45 3 30
5 46 36 28
5 47 18 22
5 48 27 35
5 49 22 9
5 50 28 25
5 51 12 26
5 52 28 36
5 53 25 34
5 54 38 5
5 55 30 31
5 56 33 3
5 57 34 19
5 58 4 9
5 59 6 6
5 60 34 11
5 61 14 15
5 62 36 25
5 63 36 18
5 64 5 28
5 65 19 4
5 66 18 27
5 67 9 10
5 68 14 3
5 69 37 15
5 70 19 17
5 71 35 34
5 72 40 16
5 73 21 30
5 74 21 33
5 75 36 17
5 76 23 22
5 77 21 3
5 78 35 12
5 79 24 33
5 80 22 24
5 81 9 19
5 82 10 37
5 83 23 10
5 84 25 38
5 85 27 23
5 86 8 12
5 87 18 21
5 88 13 26
5 89 9 28
5 90 24 5
5 91 13 37
5 92 32 34
5 93 22 31
5 94 17 21
5 95 8 23
5 96 17 16
5 97 5 40
5 98 28 34
5 99 38 30
6 7 97 97
6 8 14 31
6 9 37 27
6 10 32 20
6 11 39 12
6 12 24 26
6 13 16 16
6 14 38 15
6 15 9 11
6 16 28 27
6 17 3 28
6 18 23 37
6 19 38 30
6 20 35 7
6 21 3 3
6 22 24 28
6 23 11 35
6 24 27 19
6 25 11 4
6 26 25 27
6 27 35 9
6 28 30 35
6 29 22 12
6 30 33 16
6 31 8 27
6 32 26 32
6 33 36 25
6 34 37 17
6 35 34 14
6 36 32 11
6 37 24 9
6 38 18 6
6 39 25 28
6 40 36 7
6 41 28 34
6 42 9 40
6 43 35 14
6 44 37 31
6 45 26 20
6 46 33 20
6 47 3 35
6 48 38 35
6 49 30 26
6 50 38 22
6 51 3 25
6 52 40 30
6 53 17 30
6 54 22 15
6 55 4 26
6 56 30 16
6 57 5 7
6 58 16 16
6 59 38 21
6 60 11 25
6 61 23 35
6 62 25 11
6 63 7 34
6 64 35 25
6 65 39 39
6 66 35 33
6 67 19 21
6 68 5 28
6 69 38 11
6 70 16 27
6 71 20 9
6 72 36 16
6 73 24 34
6 74 38 16
6 75 40 4
6 76 13 8
6 77 18 13
6 78 27 35
6 79 40 6
6 80 5 18
6 81 10 40
6 82 24 30
6 83 15 16
6 84 4 14
6 85 11 12
6 86 12 40
6 87 3 22
6 88 39 15
6 89 15 5
6 90 3 27
6 91 28 15
6 92 15 34
6 93 30 22
6 94 34 31
6 95 25 30
6 96 28 23
6 97 28 23
6 98 5 38
6 99 36 16
7 8 31 30
7 9 15 3
7 10 40 7
7 11 4 40
7 12 26 17
7 13 5 16
7 14 25 30
7 15 24 39
7 16 39 33
7 17 10 28
7 18 6 7
7 19 32 8
7 20 6 18
7 21 36 13
7 22 8 13
7 23 5 5
7 24 19 24
7 25 36 26
7 26 16 8
7 27 30 22
7 28 13 16
7 29 22 9
7 30 38 3
7 31 17 12
7 32 26 17
7 33 38 28
7 34 9 12
7 35 28 8
7 36 27 18
7 37 16 33
7 38 35 20
7 39 24 5
7 40 24 34
7 41 38 17
7 42 25 9
7 43 6 12
7 44 26 20
7 45 7 37
7 46 23 14
7 47 28 40
7 48 40 6
7 49 27 27
7 50 22 18
7 51 39 26
7 52 22 33
7 53 12 28
7 54 28 7
7 55 17 39
7 56 20 7
7 57 19 27
7 58 25 14
7 59 33 39
7 60 3 16
7 61 15 33
7 62 34 26
7 63 31 16
7 64 32 39
7 65 40 37
7 66 13 14
7 67 34 11
7 68 19 14
7 69 25 35
7 70 10 12
7 71 13 6
7 72 38 15
7 73 9 11
7 74 22 23
7 75 39 22
7 76 16 35
7 77 18 8
7 78 3 34
7 79 26 20
7 80 6 15
7 81 24 9
7 82 34 15
7 83 23 36
7 84 26 3
7 85 15 23
7 86 4 27
7 87 4 18
7 88 36 21
7 89 28 28
7 90 35 19
7 91 26 23
7 92 30 34
7 93 14 30
7 94 5 10
7 95 25 21
7 96 36 15
7 97 38 15
7 98 13 7
7 99 28 34
8 9 98 97
8 10 99 98
8 11 100 98
8 12 17 38
8 13 9 20
8 14 15 23
8 15 6 38
8 16 7 6
8 17 26 30
8 18 6 34
8 19 3 32
8 20 37 9
8 21 12 28
8 22 4 23
8 23 3 13
8 24 5 39
8 25 13 11
8 26 18 33
8 27 33 40
8 28 8 9
8 29 11 13
8 30 33 27
8 31 26 4
8 32 28 35
8 33 31 38
8 34 28 31
8 35 5 37
8 36 18 16
8 37 27 32
8 38 9 22
8 39 18 21
8 40 19 31
8 41 36 40
8 42 17 40
8 43 39 28
8 44 5 23
8 45 27 10
8 46 33 28
8 47 15 10
8 48 5 3
8 49 4 15
8 50 17 8
8 51 3 28
8 52 5 30
8 53 21 12
8 54 23 21
8 55 34 19
8 56 6 19
8 57 39 11
8 58 5 13
8 59 15 21
8 60 13 24
8 61 5 12
8 62 37 34
8 63 19 4
8 64 24 24
8 65 5 35
8 66 28 32
8 67 24 7
8 68 38 20
8 69 28 15
8 70 14 12
8 71 31 12
8 72 7 5
8 73 17 28
8 74 31 15
8 75 33 22
8 76 22 15
8 77 33 12
8 78 32 32
8 79 4 26
8 80 22 37
8 81 8 25
8 82 26 28
8 83 13 7
8 84 40 14
8 85 3 23
8 86 33 15
8 87 20 31
8 88 27 12
8 89 31 9
8 90 19 36
8 91 35 9
8 92 19 27
8 93 16 39
8 94 22 23
8 95 12 40
8 96 25 28
8 97 28 39
8 98 26 15
8 99 3 10
9 10 97 99
9 11 97 99
9 12 3 9
9 13 31 32
9 14 14 32
9 15 36 9
9 16 28 4
9 17 7 33
9 18 37 6
9 19 18 30
9 20 16 17
9 21 33 24
9 22 10 35
9 23 21 23
9 24 6 16
9 25 10 9
9 26 28 19
9 27 14 28
9 28 11 39
9 29 18 14
9 30 13 26
9 31 28 8
9 32 4 37
9 33 40 37
9 34 28 34
9 35 22 32
9 36 17 17
9 37 12 33
9 38 19 25
9 39 8 39
9 40 10 32
9 41 10 28
9 42 34 30
9 43 35 24
9 44 22 35
9 45 36 39
9 46 39 19
9 47 27 27
9 48 10 3
9 49 18 16
9 50 33 14
9 51 11 26
9 52 30 40
9 53 23 6
9 54 33 10
9 55 12 10
9 56 11 33
9 57 35 23
9 58 28 26
9 59 31 25
9 60 24 3
9 61 22 11
9 62 38 28
9 63 10 25
9 64 9 28
9 65 39 33
9 66 40 15
9 67 36 15
9 68 16 18
9 69 23 31
9 70 3 21
9 71 18 4
9 72 12 24
9 73 22 16
9 74 30 39
9 75 24 34
9 76 12 37
9 77 9 35
9 78 14 5
9 79 27 22
9 80 31 28
9 81 19 31
9 82 39 10
9 83 17 9
9 84 21 3
9 85 9 6
9 86 26 15
9 87 28 28
9 88 22 3
9 89 28 17
9 90 9 40
9 91 6 28
9 92 17 6
9 93 16 40
9 94 35 8
9 95 23 4
9 96 9 23
9 97 39 26
9 98 9 8
9 99 33 34
10 11 99 97
10 12 4 22
10 13 37 32
10 14 35 33
10 15 34 26
10 16 26 11
10 17 27 28
10 18 24 15
10 19 5 9
10 20 21 5
10 21 5 25
10 22 26 28
10 23 35 23
10 24 9 8
10 25 10 32
10 26 17 26
10 27 40 26
10 28 38 13
10 29 4 22
10 30 5 15
10 31 10 36
10 32 20 24
10 33 13 6
10 34 38 11
10 35 16 19
10 36 30 23
10 37 24 36
10 38 36 7
10 39 25 38
10 40 35 4
10 41 14 34
10 42 27 21
10 43 17 18
10 44 5 31
10 45 16 25
10 46 28 34
10 47 32 22
10 48 27 40
10 49 8 6
10 50 23 21
10 51 14 13
10 52 12 34
10 53 33 31
10 54 40 22
10 55 10 37
10 56 6 6
10 57 16 4
10 58 15 19
10 59 24 4
10 60 22 18
10 61 25 20
10 62 28 16
10 63 18 7
10 64 22 37
10 65 12 33
10 66 3 9
10 67 31 22
10 68 17 6
10 69 17 40
10 70 26 10
10 71 18 4
10 72 19 26
10 73 8 10
10 74 23 9
10 75 26 18
10 76 27 36
10 77 17 37
10 78 6 11
10 79 34 4
10 80 35 38
10 81 10 37
10 82 6 35
10 83 34 22
10 84 8 27
10 85 26 19
10 86 25 17
10 87 34 40
10 88 13 30
10 89 9 8
10 90 39 16
10 91 19 4
10 92 8 35
10 93 12 33
10 94 21 7
10 95 40 4
10 96 8 10
10 97 14 12
10 98 34 27
10 99 22 28
11 12 23 10
11 13 37 13
11 14 27 9
11 15 21 31
11 16 16 39
11 17 21 34
11 18 4 9
11 19 23 11
11 20 22 21
11 21 10 24
11 22 34 5
11 23 25 22
11 24 10 7
11 25 25 8
11 26 30 25
11 27 28 30
11 28 20 21
11 29 31 39
11 30 17 26
11 31 3 22
11 32 4 5
11 33 33 8
11 34 3 7
11 35 24 34
11 36 14 4
11 37 24 20
11 38 7 23
11 39 38 15
11 40 15 28
11 41 34 34
11 42 23 38
11 43 18 21
11 44 4 38
11 45 32 8
11 46 9 20
11 47 11 18
11 48 27 21
11 49 18 14
11 50 33 18
11 51 26 18
11 52 4 16
11 53 7 17
11 54 40 28
11 55 23 21
11 56 6 36
11 57 40 36
11 58 7 23
11 59 13 6
11 60 31 7
11 61 28 10
11 62 31 23
11 63 15 23
11 64 19 21
11 65 22 25
11 66 37 11
11 67 40 19
11 68 19 33
11 69 35 35
11 70 18 26
11 71 30 28
11 72 34 28
11 73 28 19
11 74 5 23
11 75 14 34
11 76 39 27
11 77 24 19
11 78 5 16
11 79 19 5
11 80 14 25
11 81 21 22
11 82 11 3
11 83 21 24
11 84 12 21
11 85 6 6
11 86 34 27
11 87 25 27
11 88 16 40
11 89 17 11
11 90 24 16
11 91 25 8
11 92 13 31
11 93 3 21
11 94 25 28
11 95 23 39
11 96 21 33
11 97 8 33
11 98 4 35
11 99 10 32
12 13 100 97
12 14 98 99
12 15 99 100
12 16 11 5
12 17 16 3
12 18 33 23
12 19 18 17
12 20 15 38
12 21 4 33
12 22 19 28
12 23 16 8
12 24 19 22
12 25 28 32
12 26 4 13
12 27 15 27
12 28 26 18
12 29 6 31
12 30 20 32
12 31 3 39
12 32 11 27
12 33 6 31
12 34 24 7
12 35 28 17
12 36 23 28
12 37 13 26
12 38 5 7
12 39 28 22
12 40 7 25
12 41 34 31
12 42 6 7
12 43 9 39
12 44 27 11
12 45 34 5
12 46 15 36
12 47 13 21
12 48 26 26
12 49 12 14
12 50 31 7
12 51 32 5
12 52 10 14
12 53 6 24
12 54 17 10
12 55 7 14
12 56 24 6
12 57 11 11
12 58 22 10
12 59 32 28
12 60 33 11
12 61 15 7
12 62 36 7
12 63 22 33
12 64 15 24
12 65 31 36
12 66 19 4
12 67 13 27
12 68 16 26
12 69 18 18
12 70 35 17
12 71 8 16
12 72 38 10
12 73 19 26
12 74 21 7
12 75 9 24
12 76 31 28
12 77 15 18
12 78 20 15
12 79 17 20
12 80 28 3
12 81 3 5
12 82 36 27
12 83 17 37
12 84 16 35
12 85 37 3
12 86 39 4
12 87 30 4
12 88 37 31
12 89 40 14
12 90 16 31
12 91 17 15
12 92 14 14
12 93 21 4
12 94 38 28
12 95 15 27
12 96 10 27
12 97 23 7
12 98 26 22
12 99 23 6
13 14 97 99
13 15 98 98
13 16 23 21
13 17 38 37
13 18 8 37
13 19 7 9
13 20 13 19
13 21 12 31
13 22 35 32
13 23 5 6
13 24 30 33
13 25 35 21
13 26 19 19
13 27 40 9
13 28 7 33
13 29 28 18
13 30 28 5
13 31 27 25
13 32 28 17
13 33 30 7
13 34 4 37
13 35 20 16
13 36 26 37
13 37 11 3
13 38 40 34
13 39 19 34
13 40 17 28
13 41 34 18
13 42 37 18
13 43 8 11
13 44 27 17
13 45 28 6
13 46 13 36
13 47 5 4
13 48 39 34
13 49 24 26
13 50 19 11
13 51 33 6
13 52 5 18
13 53 19 9
13 54 21 17
13 55 14 28
13 56 25 36
13 57 19 9
13 58 20 24
13 59 31 26
13 60 13 34
13 61 27 4
13 62 26 12
13 63 36 15
13 64 5 22
13 65 40 16
13 66 22 31
13 67 8 11
13 68 20 30
13 69 24 11
13 70 6 18
13 71 25 9
13 72 5 9
13 73 10 4
13 74 35 22
13 75 12 3
13 76 21 5
13 77 40 20
13 78 6 17
13 79 34 12
13 80 28 27
13 81 36 28
13 82 22 26
13 83 35 28
13 84 12 23
13 85 28 28
13 86 20 39
13 87 28 9
13 88 10 28
13 89 19 5
13 90 24 25
13 91 35 18
13 92 31 36
13 93 35 24
13 94 6 18
13 95 40 31
13 96 38 26
13 97 28 20
13 98 34 17
13 99 13 9
14 15 99 99
14 16 31 25
14 17 28 5
14 18 30 22
14 19 27 28
14 20 19 16
14 21 31 6
14 22 21 28
14 23 25 28
14 24 38 4
14 25 12 38
14 26 24 16
14 27 27 38
14 28 6 23
14 29 9 25
14 30 33 25
14 31 19 34
14 32 14 32
14 33 35 12
14 34 21 40
14 35 14 3
14 36 14 28
14 37 5 31
14 38 6 10
14 39 39 32
14 40 18 17
14 41 19 25
14 42 33 23
14 43 35 15
14 44 12 11
14 45 28 39
14 46 36 38
14 47 14 34
14 48 36 17
14 49 33 12
14 50 21 28
14 51 36 13
14 52 22 14
14 53 25 5
14 54 10 20
14 55 40 24
14 56 27 24
14 57 34 38
14 58 32 31
14 59 5 26
14 60 6 19
14 61 35 28
14 62 12 21
14 63 20 11
14 64 17 10
14 65 35 7
14 66 38 39
14 67 12 15
14 68 3 32
14 69 14 11
14 70 36 34
14 71 28 39
14 72 7 34
14 73 34 40
14 74 22 37
14 75 40 18
14 76 16 14
14 77 37 28
14 78 15 9
14 79 4 28
14 80 23 28
14 81 17 36
14 82 21 4
14 83 30 10
14 84 37 7
14 85 19 32
14 86 14 36
14 87 37 19
14 88 40 15
14 89 34 27
14 90 16 17
14 91 3 33
14 92 34 22
14 93 30 26
14 94 12 16
14 95 34 35
14 96 24 35
14 97 36 23
14 98 36 24
14 99 19 9
15 16 5 22
15 17 25 23
15 18 36 40
15 19 3 14
15 20 21 22
15 21 36 28
15 22 6 27
15 23 27 9
15 24 26 6
15 25 3 15
15 26 14 20
15 27 13 39
15 28 34 36
15 29 35 28
15 30 16 17
15 31 35 11
15 32 6 32
15 33 9 21
15 34 31 34
15 35 30 30
15 36 8 25
15 37 28 11
15 38 19 4
15 39 5 31
15 40 26 35
15 41 17 17
15 42 19 37
15 43 12 36
15 44 37 16
15 45 40 30
15 46 17 19
15 47 15 28
15 48 32 5
15 49 28 3
15 50 11 12
15 51 23 4
15 52 34 28
15 53 8 9
15 54 37 40
15 55 11 10
15 56 12 28
15 57 7 14
15 58 13 38
15 59 3 37
15 60 20 4
15 61 35 11
15 62 13 6
15 63 26 20
15 64 27 39
15 65 7 10
15 66 10 37
15 67 38 22
15 68 35 37
15 69 32 5
15 70 16 26
15 71 21 18
15 72 17 23
15 73 28 16
15 74 13 14
15 75 20 30
15 76 38 32
15 77 32 18
15 78 36 19
15 79 22 20
15 80 20 4
15 81 23 10
15 82 34 6
15 83 19 15
15 84 22 28
15 85 40 4
15 86 36 26
15 87 38 8
15 88 10 38
15 89 17 25
15 90 23 28
15 91 35 40
15 92 19 40
15 93 8 3
15 94 14 26
15 95 35 15
15 96 18 28
15 97 38 7
15 98 4 40
15 99 26 32
16 17 98 99
16 18 99 99
16 19 100 100
16 20 3 26
16 21 12 22
16 22 33 4
16 23 14 16
16 24 9 36
16 25 18 32
16 26 22 7
16 27 39 22
16 28 22 24
16 29 23 12
16 30 15 12
16 31 4 5
16 32 22 19
16 33 12 10
16 34 39 4
16 35 17 12
16 36 9 28
16 37 12 36
16 38 37 11
16 39 13 35
16 40 8 33
16 41 20 21
16 42 4 17
16 43 11 7
16 44 30 3
16 45 28 38
16 46 6 10
16 47 14 22
16 48 14 33
16 49 8 24
16 50 3 4
16 51 20 16
16 52 20 39
16 53 13 13
16 54 15 6
16 55 15 18
16 56 14 24
16 57 17 7
16 58 10 12
16 59 12 20
16 60 27 33
16 61 38 13
16 62 34 12
16 63 40 16
16 64 26 6
16 65 20 26
16 66 7 11
16 67 26 28
16 68 16 39
16 69 21 4
16 70 37 21
16 71 10 32
16 72 14 15
16 73 36 10
16 74 24 36
16 75 10 23
16 76 39 8
16 77 4 8
16 78 19 15
16 79 26 9
16 80 26 8
16 81 25 5
16 82 24 22
16 83 23 32
16 84 28 33
16 85 7 8
16 86 38 7
16 87 25 31
16 88 34 15
16 89 20 22
16 90 24 21
16 91 11 31
16 92 30 39
16 93 35 17
16 94 35 14
16 95 28 15
16 96 4 18
16 97 35 31
16 98 25 13
16 99 26 38
17 18 100 97
17 19 100 100
17 20 18 12
17 21 3 28
17 22 36 26
17 23 27 10
17 24 32 26
17 25 31 22
17 26 31 28
17 27 13 17
17 28 5 26
17 29 39 33
17 30 9 19
17 31 28 36
17 32 36 16
17 33 33 11
17 34 5 33
17 35 4 9
17 36 28 36
17 37 25 31
17 38 39 17
17 39 36 17
17 40 14 39
17 41 37 15
17 42 28 5
17 43 19 28
17 44 8 3
17 45 39 38
17 46 32 35
17 47 5 5
17 48 21 20
17 49 40 11
17 50 7 23
17 51 40 28
17 52 6 7
17 53 7 18
17 54 20 32
17 55 31 14
17 56 24 22
17 57 37 31
17 58 10 27
17 59 10 35
17 60 7 39
17 61 27 21
17 62 15 23
17 63 8 19
17 64 10 37
17 65 31 36
17 66 20 10
17 67 21 22
17 68 12 10
17 69 31 19
17 70 24 36
17 71 8 5
17 72 28 5
17 73 3 30
17 74 39 11
17 75 8 15
17 76 40 5
17 77 7 15
17 78 22 24
17 79 40 20
17 80 28 9
17 81 9 14
17 82 22 30
17 83 19 32
17 84 34 28
17 85 13 15
17 86 22 31
17 87 13 12
17 88 10 18
17 89 9 3
17 90 34 31
17 91 25 19
17 92 32 34
17 93 4 18
17 94 5 14
17 95 13 17
17 96 36 11
17 97 21 35
17 98 12 13
17 99 40 25
18 19 98 98
18 20 20 13
18 21 28 13
18 22 34 32
18 23 25 32
18 24 8 20
18 25 31 18
18 26 22 38
18 27 7 20
18 28 3 13
18 29 39 4
18 30 19 21
18 31 15 27
18 32 40 37
18 33 25 12
18 34 7 17
18 35 18 6
18 36 9 40
18 37 24 25
18 38 9 31
18 39 32 11
18 40 25 40
18 41 16 8
18 42 26 25
18 43 15 37
18 44 3 20
18 45 37 11
18 46 6 6
18 47 4 10
18 48 3 7
18 49 19 9
18 50 23 8
18 51 30 30
18 52 12 37
18 53 25 36
18 54 15 28
18 55 9 19
18 56 11 25
18 57 15 7
18 58 4 28
18 59 5 17
18 60 17 32
18 61 31 4
18 62 21 6
18 63 28 7
18 64 24 27
18 65 32 24
18 66 7 31
18 67 32 37
18 68 26 26
18 69 35 8
18 70 16 13
18 71 4 11
18 72 34 12
18 73 14 11
18 74 40 31
18 75 18 10
18 76 9 15
18 77 6 20
18 78 24 25
18 79 32 25
18 80 6 22
18 81 16 24
18 82 26 32
18 83 15 38
18 84 21 27
18 85 6 30
18 86 28 21
18 87 16 23
18 88 36 3
18 89 13 7
18 90 12 28
18 91 3 33
18 92 13 11
18 93 16 30
18 94 35 14
18 95 36 17
18 96 18 8
18 97 6 28
18 98 26 14
18 99 20 6
19 20 23 22
19 21 36 7
19 22 8 18
19 23 12 30
19 24 35 23
19 25 12 27
19 26 15 14
19 27 25 13
19 28 25 38
19 29 10 8
19 30 28 15
19 31 5 33
19 32 28 28
19 33 5 28
19 34 30 11
19 35 33 30
19 36 8 26
19 37 11 9
19 38 37 34
19 39 6 6
19 40 26 38
19 41 23 16
19 42 26 38
19 43 10 10
19 44 18 18
19 45 20 18
19 46 32 27
19 47 18 4
19 48 28 4
19 49 31 24
19 50 32 3
19 51 21 3
19 52 6 19
19 53 22 15
19 54 18 37
19 55 17 38
19 56 23 40
19 57 37 38
19 58 15 39
19 59 40 22
19 60 22 11
19 61 35 8
19 62 18 30
19 63 30 7
19 64 24 39
19 65 34 22
19 66 10 8
19 67 30 28
19 68 26 7
19 69 38 20
19 70 17 39
19 71 19 28
19 72 25 11
19 73 27 11
19 74 18 18
19 75 20 7
19 76 7 39
19 77 15 3
19 78 8 36
19 79 34 35
19 80 9 24
19 81 32 21
19 82 12 36
19 83 3 25
19 84 26 19
19 85 40 36
19 86 9 14
19 87 32 18
19 88 21 40
19 89 28 18
19 90 33 16
19 91 38 15
19 92 27 39
19 93 16 32
19 94 21 12
19 95 24 21
19 96 14 17
19 97 10 33
19 98 26 25
19 99 24 21
20 21 98 98
20 22 100 98
20 23 100 100
20 24 3 9
20 25 9 26
20 26 13 15
20 27 16 21
20 28 12 16
20 29 10 24
20 30 15 31
20 31 18 36
20 32 27 23
20 33 17 34
20 34 13 11
20 35 36 14
20 36 19 38
20 37 31 16
20 38 17 21
20 39 26 36
20 40 40 20
20 41 9 9
20 42 7 7
20 43 15 21
20 44 10 25
20 45 28 20
20 46 16 39
20 47 28 14
20 48 23 14
20 49 34 8
20 50 21 28
20 51 40 8
20 52 3 16
20 53 13 18
20 54 9 18
20 55 35 24
20 56 28 26
20 57 14 17
20 58 14 9
20 59 7 35
20 60 15 27
20 61 37 4
20 62 18 28
20 63 4 30
20 64 11 7
20 65 7 14
20 66 21 13
20 67 3 25
20 68 10 18
20 69 27 28
20 70 12 18
20 71 12 32
20 72 8 19
20 73 33 16
20 74 28 40
20 75 9 11
20 76 17 14
20 77 22 19
20 78 9 11
20 79 28 40
20 80 39 11
20 81 19 37
20 82 25 35
20 83 7 19
20 84 13 25
20 85 38 19
20 86 26 12
20 87 27 15
20 88 12 28
20 89 31 16
20 90 27 39
20 91 36 22
20 92 28 30
20 93 28 18
20 94 33 18
20 95 40 32
20 96 20 27
20 97 8 3
20 98 26 25
20 99 22 40
21 22 98 98
21 23 97 99
21 24 23 21
21 25 21 12
21 26 4 36
21 27 3 14
21 28 13 21
21 29 7 10
21 30 13 19
21 31 28 35
21 32 6 31
21 33 7 25
21 34 34 37
21 35 8 18
21 36 40 21
21 37 17 3
21 38 4 37
21 39 37 15
21 40 19 39
21 41 37 39
21 42 12 11
21 43 6 31
21 44 40 15
21 45 6 18
21 46 33 40
21 47 5 20
21 48 15 24
21 49 35 38
21 50 17 37
21 51 13 35
21 52 25 18
21 53 35 3
21 54 34 4
21 55 10 15
21 56 11 40
21 57 31 37
21 58 25 23
21 59 13 3
21 60 30 38
21 61 12 5
21 62 13 34
21 63 16 28
21 64 4 14
21 65 28 21
21 66 33 31
21 67 25 37
21 68 27 36
21 69 5 39
21 70 6 40
21 71 5 4
21 72 22 24
21 73 16 18
21 74 28 7
21 75 39 22
21 76 22 20
21 77 39 37
21 78 25 26
21 79 18 28
21 80 32 20
21 81 37 8
21 82 37 17
21 83 12 20
21 84 20 4
21 85 32 39
21 86 35 39
21 87 34 12
21 88 17 20
21 89 11 36
21 90 3 34
21 91 20 19
21 92 12 3
21 93 31 17
21 94 14 5
21 95 10 17
21 96 33 32
21 97 28 3
21 98 38 38
21 99 21 3
22 23 100 98
22 24 28 40
22 25 9 28
22 26 38 24
22 27 6 37
22 28 12 27
22 29 24 28
22 30 26 37
22 31 23 30
22 32 35 28
22 33 39 27
22 34 34 18
22 35 13 7
22 36 11 30
22 37 33 30
22 38 17 31
22 39 3 22
22 40 9 17
22 41 6 40
22 42 9 35
22 43 7 20
22 44 31 26
22 45 31 12
22 46 25 4
22 47 4 35
22 48 26 10
22 49 7 31
22 50 19 35
22 51 7 4
22 52 35 38
22 53 13 16
22 54 21 40
22 55 14 9
22 56 10 21
22 57 11 11
22 58 34 20
22 59 38 11
22 60 39 35
22 61 28 28
22 62 30 28
22 63 24 28
22 64 30 37
22 65 27 31
22 66 34 38
22 67 6 31
22 68 19 20
22 69 13 7
22 70 20 30
22 71 25 25
22 72 25 9
22 73 26 30
22 74 24 4
22 75 25 39
22 76 22 34
22 77 28 32
22 78 34 26
22 79 3 16
22 80 36 26
22 81 34 37
22 82 21 24
22 83 37 20
22 84 18 13
22 85 17 3
22 86 15 9
22 87 40 32
22 88 34 30
22 89 19 34
22 90 37 35
22 91 10 31
22 92 16 37
22 93 8 19
22 94 20 39
22 95 12 32
22 96 11 15
22 97 24 20
22 98 23 40
22 99 21 30
23 24 36 20
23 25 28 36
23 26 37 40
23 27 26 9
23 28 11 24
23 29 6 24
23 30 39 39
23 31 40 16
23 32 39 26
23 33 34 28
23 34 35 32
23 35 22 12
23 36 25 14
23 37 10 32
23 38 25 35
23 39 33 7
23 40 37 28
23 41 34 37
23 42 3 40
23 43 35 30
23 44 11 14
23 45 31 26
23 46 9 7
23 47 34 21
23 48 17 10
23 49 15 28
23 50 17 6
23 51 21 37
23 52 37 28
23 53 23 35
23 54 31 19
23 55 21 9
23 56 7 20
23 57 10 5
23 58 9 14
23 59 30 9
23 60 8 10
23 61 19 35
23 62 31 5
23 63 20 10
23 64 36 24
23 65 5 24
23 66 28 28
23 67 38 10
23 68 20 35
23 69 37 38
23 70 6 37
23 71 37 18
23 72 30 4
23 73 15 35
23 74 21 7
23 75 7 26
23 76 30 30
23 77 19 22
23 78 3 24
23 79 22 25
23 80 23 6
23 81 32 15
23 82 37 4
23 83 21 9
23 84 23 13
23 85 27 39
23 86 12 31
23 87 22 23
23 88 8 25
23 89 12 19
23 90 25 17
23 91 17 30
23 92 7 31
23 93 28 21
23 94 18 32
23 95 32 11
23 96 36 17
23 97 27 5
23 98 37 37
23 99 31 8
24 25 100 98
24 26 97 98
24 27 99 99
24 28 35 25
24 29 5 10
24 30 31 19
24 31 14 40
24 32 22 4
24 33 27 32
24 34 26 22
24 35 8 19
24 36 38 16
24 37 22 13
24 38 38 30
24 39 13 25
24 40 3 15
24 41 31 12
24 42 15 28
24 43 32 16
24 44 21 5
24 45 26 11
24 46 13 3
24 47 26 21
24 48 36 33
24 49 20 17
24 50 13 16
24 51 36 4
24 52 12 12
24 53 27 12
24 54 26 28
24 55 12 39
24 56 35 4
24 57 21 39
24 58 10 28
24 59 16 6
24 60 35 39
24 61 25 21
24 62 11 28
24 63 33 14
24 64 25 27
24 65 22 37
24 66 10 7
24 67 6 20
24 68 7 23
24 69 8 19
24 70 4 7
24 71 31 7
24 72 17 28
24 73 31 19
24 74 31 33
24 75 30 38
24 76 13 7
24 77 31 24
24 78 39 28
24 79 40 22
24 80 9 40
24 81 32 13
24 82 40 39
24 83 26 37
24 84 28 4
24 85 10 4
24 86 36 39
24 87 34 7
24 88 38 11
24 89 27 31
24 90 24 26
24 91 39 14
24 92 26 24
24 93 8 11
24 94 39 13
24 95 31 8
24 96 16 27
24 97 34 21
24 98 35 23
24 99 11 33
25 26 100 97
25 27 97 100
25 28 39 27
25 29 24 23
25 30 15 34
25 31 10 39
25 32 26 28
25 33 21 5
25 34 37 35
25 35 35 24
25 36 20 38
25 37 3 40
25 38 39 23
25 39 12 38
25 40 15 17
25 41 9 39
25 42 24 33
25 43 17 19
25 44 8 24
25 45 23 6
25 46 7 6
25 47 28 3
25 48 26 19
25 49 38 25
25 50 20 23
25 51 6 11
25 52 3 4
25 53 39 14
25 54 9 11
25 55 13 27
25 56 5 24
25 57 18 3
25 58 33 35
25 59 34 5
25 60 12 20
25 61 4 40
25 62 23 24
25 63 18 24
25 64 12 27
25 65 20 25
25 66 3 5
25 67 34 36
25 68 19 39
25 69 21 32
25 70 26 15
25 71 32 8
25 72 26 10
25 73 5 24
25 74 34 7
25 75 33 10
25 76 37 30
25 77 9 16
25 78 13 28
25 79 40 14
25 80 20 28
25 81 9 26
25 82 36 20
25 83 9 22
25 84 39 30
25 85 20 27
25 86 5 20
25 87 28 28
25 88 17 32
25 89 36 12
25 90 32 14
25 91 14 12
25 92 16 35
25 93 4 18
25 94 26 25
25 95 6 23
25 96 19 24
25 97 4 35
25 98 40 17
25 99 30 39
26 27 99 100
26 28 34 26
26 29 9 17
26 30 9 9
26 31 31 9
26 32 34 7
26 33 34 7
26 34 26 40
26 35 10 3
26 36 5 34
26 37 8 22
26 38 18 28
26 39 38 32
26 40 6 20
26 41 35 24
26 42 4 19
26 43 22 4
26 44 23 12
26 45 15 8
26 46 32 19
26 47 12 37
26 48 33 12
26 49 35 39
26 50 11 6
26 51 30 35
26 52 38 4
26 53 28 33
26 54 32 31
26 55 11 16
26 56 10 12
26 57 35 4
26 58 11 24
26 59 33 15
26 60 9 40
26 61 33 9
26 62 21 15
26 63 4 28
26 64 30 38
26 65 34 19
26 66 18 35
26 67 25 38
26 68 34 19
26 69 17 27
26 70 17 12
26 71 7 14
26 72 22 28
26 73 10 16
26 74 37 23
26 75 4 38
26 76 32 11
26 77 40 12
26 78 33 39
26 79 4 7
26 80 19 13
26 81 3 26
26 82 20 28
26 83 10 34
26 84 16 19
26 85 33 38
26 86 34 5
26 87 28 39
26 88 38 21
26 89 33 39
26 90 10 14
26 91 22 13
26 92 3 34
26 93 39 12
26 94 8 27
26 95 40 32
26 96 8 18
26 97 21 40
26 98 10 12
26 99 28 5
27 28 20 30
27 29 37 5
27 30 28 12
27 31 27 28
27 32 34 12
27 33 28 20
27 34 20 14
27 35 17 33
27 36 14 28
27 37 32 16
27 38 25 32
27 39 13 33
27 40 34 12
27 41 3 28
27 42 27 34
27 43 31 34
27 44 24 39
27 45 31 6
27 46 13 19
27 47 33 28
27 48 38 3
27 49 17 32
27 50 8 35
27 51 28 18
27 52 24 28
27 53 33 37
27 54 19 30
27 55 32 31
27 56 28 5
27 57 33 13
27 58 40 3
27 59 36 38
27 60 27 34
27 61 28 32
27 62 17 25
27 63 4 32
27 64 8 27
27 65 31 35
27 66 4 18
27 67 20 23
27 68 3 7
27 69 21 8
27 70 15 4
27 71 39 25
27 72 15 5
27 73 20 8
27 74 26 12
27 75 36 38
27 76 40 24
27 77 5 31
27 78 10 25
27 79 35 34
27 80 6 3
27 81 6 27
27 82 26 8
27 83 14 28
27 84 40 37
27 85 9 39
27 86 10 15
27 87 15 19
27 88 31 37
27 89 35 16
27 90 7 17
27 91 14 6
27 92 18 7
27 93 5 21
27 94 32 10
27 95 28 21
27 96 13 10
27 97 10 36
27 98 20 22
27 99 34 3
28 29 99 100
28 30 97 98
28 31 99 99
28 32 40 30
28 33 28 25
28 34 26 32
28 35 40 26
28 36 30 37
28 37 40 23
28 38 18 24
28 39 27 19
28 40 18 13
28 41 20 27
28 42 40 9
28 43 9 37
28 44 5 18
28 45 33 35
28 46 9 18
28 47 36 7
28 48 17 17
28 49 24 5
28 50 14 4
28 51 38 7
28 52 36 23
28 53 6 33
28 54 34 5
28 55 12 30
28 56 28 30
28 57 32 33
28 58 35 28
28 59 25 34
28 60 35 27
28 61 20 39
28 62 34 37
28 63 34 12
28 64 37 26
28 65 37 13
28 66 19 7
28 67 28 4
28 68 12 12
28 69 39 11
28 70 9 28
28 71 24 28
28 72 32 39
28 73 11 23
28 74 21 15
28 75 36 25
28 76 12 12
28 77 12 14
28 78 6 40
28 79 12 17
28 80 7 7
28 81 9 16
28 82 28 18
28 83 12 40
28 84 32 25
28 85 9 8
28 86 6 21
28 87 17 39
28 88 9 23
28 89 22 14
28 90 21 6
28 91 34 6
28 92 31 16
28 93 23 15
28 94 38 35
28 95 37 31
28 96 26 31
28 97 28 12
28 98 16 7
28 99 27 36
29 30 98 99
29 31 98 99
29 32 37 23
29 33 32 32
29 34 16 5
29 35 27 20
29 36 5 20
29 37 25 10
29 38 37 25
29 39 31 36
29 40 33 39
29 41 13 7
29 42 26 28
29 43 40 34
29 44 20 11
29 45 11 37
29 46 27 4
29 47 15 22
29 48 6 39
29 49 3 4
29 50 19 15
29 51 3 28
29 52 5 30
29 53 20 3
29 54 15 19
29 55 35 25
29 56 9 38
29 57 40 12
29 58 15 38
29 59 14 24
29 60 30 3
29 61 10 23
29 62 28 26
29 63 38 37
29 64 23 39
29 65 14 23
29 66 14 15
29 67 10 40
29 68 35 16
29 69 24 5
29 70 14 23
29 71 15 13
29 72 18 28
29 73 31 8
29 74 34 13
29 75 33 9
29 76 37 6
29 77 9 28
29 78 15 18
29 79 32 16
29 80 28 6
29 81 24 35
29 82 14 17
29 83 33 24
29 84 33 14
29 85 17 25
29 86 13 25
29 87 27 37
29 88 26 39
29 89 22 34
29 90 13 11
29 91 38 37
29 92 8 16
29 93 24 10
29 94 6 7
29 95 23 24
29 96 8 30
29 97 27 20
29 98 6 39
29 99 18 6
30 31 100 98
30 32 20 12
30 33 17 36
30 34 33 7
30 35 7 28
30 36 26 17
30 37 25 39
30 38 19 16
30 39 18 35
30 40 40 30
30 41 12 15
30 42 8 19
30 43 36 27
30 44 9 12
30 45 19 19
30 46 25 34
30 47 5 7
30 48 19 7
30 49 35 11
30 50 21 12
30 51 20 11
30 52 26 31
30 53 6 36
30 54 21 21
30 55 38 28
30 56 22 28
30 57 31 36
30 58 30 35
30 59 28 16
30 60 19 35
30 61 26 40
30 62 27 25
30 63 38 15
30 64 39 26
30 65 22 39
30 66 8 23
30 67 7 23
30 68 23 14
30 69 32 35
30 70 28 22
30 71 26 11
30 72 22 24
30 73 13 11
30 74 27 37
30 75 37 14
30 76 16 13
30 77 19 37
30 78 4 39
30 79 19 28
30 80 16 5
30 81 34 31
30 82 15 3
30 83 36 38
30 84 35 40
30 85 13 21
30 86 24 33
30 87 14 11
30 88 19 38
30 89 8 14
30 90 20 17
30 91 9 28
30 92 4 23
30 93 35 40
30 94 15 23
30 95 24 40
30 96 26 11
30 97 12 26
30 98 22 16
30 99 10 24
31 32 26 18
31 33 21 5
31 34 3 38
31 35 11 4
31 36 19 39
31 37 3 19
31 38 21 7
31 39 7 40
31 40 35 8
31 41 28 39
31 42 3 27
31 43 17 22
31 44 31 20
31 45 20 31
31 46 25 8
31 47 35 35
31 48 25 4
31 49 20 39
31 50 7 28
31 51 4 26
31 52 39 32
31 53 10 28
31 54 20 15
31 55 4 23
31 56 15 30
31 57 35 9
31 58 38 8
31 59 5 28
31 60 13 27
31 61 20 39
31 62 5 28
31 63 33 32
31 64 37 23
31 65 23 3
31 66 20 13
31 67 35 4
31 68 35 37
31 69 22 21
31 70 35 37
31 71 5 8
31 72 25 26
31 73 28 12
31 74 11 19
31 75 24 19
31 76 33 8
31 77 10 3
31 78 9 33
31 79 20 22
31 80 37 40
31 81 36 35
31 82 26 15
31 83 37 6
31 84 11 11
31 85 37 26
31 86 26 24
31 87 16 39
31 88 26 6
31 89 8 32
31 90 17 35
31 91 7 38
31 92 15 12
31 93 3 34
31 94 24 6
31 95 30 28
31 96 33 38
31 97 16 18
31 98 34 31
31 99 7 23
32 33 99 99
32 34 97 100
32 35 100 98
32 36 40 6
32 37 37 31
32 38 33 13
32 39 16 25
32 40 9 10
32 41 22 25
32 42 15 30
32 43 30 35
32 44 36 22
32 45 8 13
32 46 22 36
32 47 19 24
32 48 24 16
32 49 10 33
32 50 13 27
32 51 35 20
32 52 11 17
32 53 34 19
32 54 17 34
32 55 33 23
32 56 40 14
32 57 15 3
32 58 8 22
32 59 9 21
32 60 38 20
32 61 8 8
32 62 17 25
32 63 37 14
32 64 5 37
32 65 34 7
32 66 26 14
32 67 4 26
32 68 12 16
32 69 33 11
32 70 40 6
32 71 10 25
32 72 22 23
32 73 22 14
32 74 37 26
32 75 20 28
32 76 37 20
32 77 11 23
32 78 14 35
32 79 31 4
32 80 6 28
32 81 33 3
32 82 18 38
32 83 30 13
32 84 37 26
32 85 9 19
32 86 30 20
32 87 19 23
32 88 34 25
32 89 35 31
32 90 40 20
32 91 26 14
32 92 12 8
32 93 19 24
32 94 3 21
32 95 33 5
32 96 17 19
32 97 28 31
32 98 20 27
32 99 9 16
33 34 98 100
33 35 100 98
33 36 22 26
33 37 13 17
33 38 21 5
33 39 22 26
33 40 24 9
33 41 27 7
33 42 12 4
33 43 16 21
33 44 14 12
33 45 40 21
33 46 20 26
33 47 26 30
33 48 35 23
33 49 22 12
33 50 6 17
33 51 31 5
33 52 17 21
33 53 21 31
33 54 8 4
33 55 27 30
33 56 32 33
33 57 25 20
33 58 5 12
33 59 11 24
33 60 5 4
33 61 36 32
33 62 28 34
33 63 34 31
33 64 26 35
33 65 28 25
33 66 13 18
33 67 38 28
33 68 3 7
33 69 39 33
33 70 20 21
33 71 20 36
33 72 28 26
33 73 22 8
33 74 9 34
33 75 22 18
33 76 33 34
33 77 16 39
33 78 33 21
33 79 20 9
33 80 13 10
33 81 25 12
33 82 38 16
33 83 38 18
33 84 13 36
33 85 15 28
33 86 38 6
33 87 14 37
33 88 3 18
33 89 12 35
33 90 31 8
33 91 20 36
33 92 28 7
33 93 7 8
33 94 13 23
33 95 19 30
33 96 10 19
33 97 33 16
33 98 6 26
33 99 35 8
34 35 98 98
34 36 3 35
34 37 39 40
34 38 26 21
34 39 30 23
34 40 12 6
34 41 23 7
34 42 13 23
34 43 4 28
34 44 39 3
34 45 4 24
34 46 19 7
34 47 38 10
34 48 37 18
34 49 34 18
34 50 30 21
34 51 5 35
34 52 7 33
34 53 14 32
34 54 13 6
34 55 4 39
34 56 32 15
34 57 16 12
34 58 30 34
34 59 14 28
34 60 14 26
34 61 13 24
34 62 9 16
34 63 39 25
34 64 25 13
34 65 15 25
34 66 34 40
34 67 28 9
34 68 34 36
34 69 10 9
34 70 12 24
34 71 34 37
34 72 30 13
34 73 17 28
34 74 10 12
34 75 6 37
34 76 8 20
34 77 39 36
34 78 18 26
34 79 9 23
34 80 24 30
34 81 24 7
34 82 24 5
34 83 21 14
34 84 31 8
34 85 33 25
34 86 23 9
34 87 39 22
34 88 3 21
34 89 38 37
34 90 21 11
34 91 3 21
34 92 13 5
34 93 12 40
34 94 40 36
34 95 4 18
34 96 40 14
34 97 27 20
34 98 35 23
34 99 34 38
35 36 27 15
35 37 38 18
35 38 8 13
35 39 28 13
35 40 28 22
35 41 31 28
35 42 33 6
35 43 40 31
35 44 3 17
35 45 40 21
35 46 39 38
35 47 18 7
35 48 18 25
35 49 7 37
35 50 17 11
35 51 21 3
35 52 8 5
35 53 16 8
35 54 7 38
35 55 32 37
35 56 13 32
35 57 38 37
35 58 35 5
35 59 5 24
35 60 28 18
35 61 7 32
35 62 27 39
35 63 7 39
35 64 27 40
35 65 12 10
35 66 38 20
35 67 37 31
35 68 6 15
35 69 32 6
35 70 17 27
35 71 27 13
35 72 39 34
35 73 28 39
35 74 19 28
35 75 14 18
35 76 30 33
35 77 15 16
35 78 35 34
35 79 25 16
35 80 26 36
35 81 38 4
35 82 32 39
35 83 23 6
35 84 18 28
35 85 30 37
35 86 23 40
35 87 18 13
35 88 3 10
35 89 38 18
35 90 23 7
35 91 3 24
35 92 18 4
35 93 19 32
35 94 26 12
35 95 31 6
35 96 13 22
35 97 40 10
35 98 18 34
35 99 39 28
36 37 99 97
36 38 99 99
36 39 100 97
36 40 23 24
36 41 15 26
36 42 32 24
36 43 38 19
36 44 28 17
36 45 21 5
36 46 6 26
36 47 34 8
36 48 12 9
36 49 35 13
36 50 31 13
36 51 40 18
36 52 9 6
36 53 39 7
36 54 37 15
36 55 18 37
36 56 40 9
36 57 23 33
36 58 27 4
36 59 7 28
36 60 22 28
36 61 28 19
36 62 28 27
36 63 24 22
36 64 8 36
36 65 13 25
36 66 37 21
36 67 16 9
36 68 18 26
36 69 17 21
36 70 31 16
36 71 15 37
36 72 14 37
36 73 13 30
36 74 34 40
36 75 28 9
36 76 5 10
36 77 37 34
36 78 36 28
36 79 14 35
36 80 15 38
36 81 35 34
36 82 13 24
36 83 20 27
36 84 20 22
36 85 11 19
36 86 9 26
36 87 14 5
36 88 7 19
36 89 26 13
36 90 18 16
36 91 25 12
36 92 8 21
36 93 12 20
36 94 35 18
36 95 3 6
36 96 4 17
36 97 17 24
36 98 30 9
36 99 13 36
37 38 97 97
37 39 97 100
37 40 33 36
37 41 28 22
37 42 24 28
37 43 21 10
37 44 31 26
37 45 18 15
37 46 12 3
37 47 33 26
37 48 26 18
37 49 35 10
37 50 35 39
37 51 28 20
37 52 26 24
37 53 39 12
37 54 16 10
37 55 23 3
37 56 22 25
37 57 19 40
37 58 33 28
37 59 8 35
37 60 9 24
37 61 19 5
37 62 24 26
37 63 33 11
37 64 16 35
37 65 23 19
37 66 21 36
37 67 18 8
37 68 27 34
37 69 6 4
37 70 25 27
37 71 4 31
37 72 5 38
37 73 13 31
37 74 9 27
37 75 4 24
37 76 32 39
37 77 37 16
37 78 28 24
37 79 15 35
37 80 32 20
37 81 19 14
37 82 38 11
37 83 18 3
37 84 37 21
37 85 32 39
37 86 36 38
37 87 34 40
37 88 30 22
37 89 39 25
37 90 24 7
37 91 38 4
37 92 21 40
37 93 23 3
37 94 36 12
37 95 17 32
37 96 32 11
37 97 19 30
37 98 38 28
37 99 19 40
38 39 99 99
38 40 19 23
38 41 26 13
38 42 35 31
38 43 17 16
38 44 7 27
38 45 27 9
38 46 30 10
38 47 8 11
38 48 26 25
38 49 16 24
38 50 19 7
38 51 22 26
38 52 24 5
38 53 21 27
38 54 18 14
38 55 36 17
38 56 35 30
38 57 4 17
38 58 19 13
38 59 31 34
38 60 8 24
38 61 30 14
38 62 30 37
38 63 35 5
38 64 36 16
38 65 39 7
38 66 24 18
38 67 28 9
38 68 16 6
38 69 35 40
38 70 28 13
38 71 14 9
38 72 35 18
38 73 28 25
38 74 39 6
38 75 22 36
38 76 24 26
38 77 22 30
38 78 9 7
38 79 31 14
38 80 30 28
38 81 34 19
38 82 32 3
38 83 27 9
38 84 39 28
38 85 35 14
38 86 6 26
38 87 10 15
38 88 26 8
38 89 14 9
38 90 22 7
38 91 14 11
38 92 3 35
38 93 16 11
38 94 35 36
38 95 39 35
38 96 25 19
38 97 17 36
38 98 28 14
38 99 14 7
39 40 3 31
39 41 40 8
39 42 10 25
39 43 20 6
39 44 32 7
39 45 21 39
39 46 3 12
39 47 28 4
39 48 3 9
39 49 33 22
39 50 36 19
39 51 28 39
39 52 12 6
39 53 16 16
39 54 32 5
39 55 32 28
39 56 31 40
39 57 38 30
39 58 21 40
39 59 23 35
39 60 22 36
39 61 36 20
39 62 40 34
39 63 40 15
39 64 26 39
39 65 37 22
39 66 4 33
39 67 30 24
39 68 14 22
39 69 28 39
39 70 11 38
39 71 38 4
39 72 33 36
39 73 14 13
39 74 35 12
39 75 39 11
39 76 6 5
39 77 28 3
39 78 9 19
39 79 21 30
39 80 12 40
39 81 11 39
39 82 15 27
39 83 4 40
39 84 11 9
39 85 17 22
39 86 19 35
39 87 10 12
39 88 7 28
39 89 15 4
39 90 5 3
39 91 9 12
39 92 34 8
39 93 16 32
39 94 22 17
39 95 11 36
39 96 13 32
39 97 40 28
39 98 28 28
39 99 37 16
40 41 99 99
40 42 98 99
40 43 99 100
40 44 26 39
40 45 24 39
40 46 19 21
40 47 10 33
40 48 23 6
40 49 24 14
40 50 8 36
40 51 32 12
40 52 13 38
40 53 9 26
40 54 39 14
40 55 19 9
40 56 28 26
40 57 27 26
40 58 39 17
40 59 31 4
40 60 35 19
40 61 14 15
40 62 40 14
40 63 32 19
40 64 38 16
40 65 15 24
40 66 7 3
40 67 17 6
40 68 23 38
40 69 37 28
40 70 11 20
40 71 13 37
40 72 38 12
40 73 19 4
40 74 7 16
40 75 14 18
40 76 10 7
40 77 11 31
40 78 37 34
40 79 5 12
40 80 6 36
40 81 5 32
40 82 26 11
40 83 24 7
40 84 20 22
40 85 36 7
40 86 28 39
40 87 17 11
40 88 26 18
40 89 13 13
40 90 7 30
40 91 3 20
40 92 7 9
40 93 23 39
40 94 21 22
40 95 27 8
40 96 12 32
40 97 34 39
40 98 34 34
40 99 11 6
41 42 98 97
41 43 97 99
41 44 19 3
41 45 12 36
41 46 20 13
41 47 9 5
41 48 32 28
41 49 39 22
41 50 34 28
41 51 12 13
41 52 33 37
41 53 19 20
41 54 27 8
41 55 34 38
41 56 40 33
41 57 5 30
41 58 14 28
41 59 35 26
41 60 31 10
41 61 14 3
41 62 3 21
41 63 12 14
41 64 26 27
41 65 28 12
41 66 12 5
41 67 27 34
41 68 6 27
41 69 8 19
41 70 32 15
41 71 40 23
41 72 16 11
41 73 7 30
41 74 16 31
41 75 32 18
41 76 9 33
41 77 34 13
41 78 16 40
41 79 14 28
41 80 27 23
41 81 15 17
41 82 7 35
41 83 4 6
41 84 9 27
41 85 8 17
41 86 25 32
41 87 3 25
41 88 40 9
41 89 22 39
41 90 33 3
41 91 34 3
41 92 12 11
41 93 27 17
41 94 22 32
41 95 21 36
41 96 3 40
41 97 17 13
41 98 28 24
41 99 3 18
42 43 97 97
42 44 15 26
42 45 17 18
42 46 30 38
42 47 25 17
42 48 23 18
42 49 37 39
42 50 13 39
42 51 18 12
42 52 22 8
42 53 11 28
42 54 40 25
42 55 12 12
42 56 24 39
42 57 33 20
42 58 10 14
42 59 16 22
42 60 23 39
42 61 11 18
42 62 10 14
42 63 18 6
42 64 8 27
42 65 38 11
42 66 30 18
42 67 37 16
42 68 6 10
42 69 11 17
42 70 30 8
42 71 15 19
42 72 4 5
42 73 37 28
42 74 10 5
42 75 28 27
42 76 27 24
42 77 30 10
42 78 5 9
42 79 40 16
42 80 28 31
42 81 21 39
42 82 28 7
42 83 35 17
42 84 36 14
42 85 31 24
42 86 13 16
42 87 38 19
42 88 20 33
42 89 33 13
42 90 21 23
42 91 31 5
42 92 27 30
42 93 13 37
42 94 20 13
42 95 27 21
42 96 39 28
42 97 16 10
42 98 17 19
42 99 15 21
43 44 21 11
43 45 35 36
43 46 40 15
43 47 25 39
43 48 28 16
43 49 14 20
43 50 33 11
43 51 25 36
43 52 10 7
43 53 34 34
43 54 8 9
43 55 11 16
43 56 22 40
43 57 22 3
43 58 31 10
43 59 11 7
43 60 26 20
43 61 21 23
43 62 33 9
43 63 31 35
43 64 10 40
43 65 14 27
43 66 5 30
43 67 6 34
43 68 34 39
43 69 40 5
43 70 10 8
43 71 10 16
43 72 35 16
43 73 16 30
43 74 13 39
43 75 20 15
43 76 23 23
43 77 35 24
43 78 9 38
43 79 7 11
43 80 25 30
43 81 16 17
43 82 31 9
43 83 4 26
43 84 19 10
43 85 17 28
43 86 8 19
43 87 32 19
43 88 36 31
43 89 3 21
43 90 31 35
43 91 15 27
43 92 26 26
43 93 26 39
43 94 38 23
43 95 22 28
43 96 12 37
43 97 6 17
43 98 14 25
43 99 38 8
44 45 100 99
44 46 100 97
44 47 98 98
44 48 36 38
44 49 22 38
44 50 3 9
44 51 20 28
44 52 7 28
44 53 21 30
44 54 10 28
44 55 9 24
44 56 35 35
44 57 6 26
44 58 4 34
44 59 38 34
44 60 28 36
44 61 4 20
44 62 27 4
44 63 6 35
44 64 30 7
44 65 28 8
44 66 36 14
44 67 37 23
44 68 11 38
44 69 34 34
44 70 18 34
44 71 18 6
44 72 38 8
44 73 37 40
44 74 31 40
44 75 34 34
44 76 24 36
44 77 21 38
44 78 35 15
44 79 18 7
44 80 37 11
44 81 38 5
44 82 24 6
44 83 36 35
44 84 11 38
44 85 31 25
44 86 22 28
44 87 40 4
44 88 18 3
44 89 28 17
44 90 30 23
44 91 28 11
44 92 27 8
44 93 36 20
44 94 36 16
44 95 35 13
44 96 33 31
44 97 15 6
44 98 25 8
44 99 20 24
45 46 97 98
45 47 97 99
45 48 18 38
45 49 22 11
45 50 40 17
45 51 5 20
45 52 37 24
45 53 25 30
45 54 10 37
45 55 19 23
45 56 25 5
45 57 20 39
45 58 24 39
45 59 27 25
45 60 19 14
45 61 5 6
45 62 23 14
45 63 15 28
45 64 19 19
45 65 18 15
45 66 27 22
45 67 27 35
45 68 12 3
45 69 30 30
45 70 35 12
45 71 17 28
45 72 16 37
45 73 19 17
45 74 35 6
45 75 14 27
45 76 34 25
45 77 13 22
45 78 28 35
45 79 27 27
45 80 34 9
45 81 25 32
45 82 36 14
45 83 32 21
45 84 13 9
45 85 38 28
45 86 30 8
45 87 16 21
45 88 36 4
45 89 6 7
45 90 26 5
45 91 36 7
45 92 7 39
45 93 15 35
45 94 35 16
45 95 34 40
45 96 27 39
45 97 9 12
45 98 8 34
45 99 24 12
46 47 100 98
46 48 32 33
46 49 18 30
46 50 27 14
46 51 25 26
46 52 30 10
46 53 27 21
46 54 27 15
46 55 5 38
46 56 20 8
46 57 9 28
46 58 40 14
46 59 13 22
46 60 35 27
46 61 39 38
46 62 19 21
46 63 34 38
46 64 11 30
46 65 34 12
46 66 40 3
46 67 15 26
46 68 13 22
46 69 7 8
46 70 32 24
46 71 5 11
46 72 4 23
46 73 8 14
46 74 23 37
46 75 30 22
46 76 20 18
46 77 9 28
46 78 32 23
46 79 27 9
46 80 38 21
46 81 40 3
46 82 21 35
46 83 7 17
46 84 36 38
46 85 5 4
46 86 31 12
46 87 35 38
46 88 7 19
46 89 38 12
46 90 22 26
46 91 15 6
46 92 23 11
46 93 8 10
46 94 23 28
46 95 10 33
46 96 38 20
46 97 8 28
46 98 5 19
46 99 26 36
47 48 13 12
47 49 28 35
47 50 9 8
47 51 6 40
47 52 22 9
47 53 10 6
47 54 40 9
47 55 22 24
47 56 35 22
47 57 18 12
47 58 32 35
47 59 19 38
47 60 35 40
47 61 4 11
47 62 28 30
47 63 8 30
47 64 39 40
47 65 27 5
47 66 5 30
47 67 5 31
47 68 16 12
47 69 14 24
47 70 20 27
47 71 15 20
47 72 10 28
47 73 30 8
47 74 21 36
47 75 9 25
47 76 20 22
47 77 13 17
47 78 17 20
47 79 35 33
47 80 40 25
47 81 23 13
47 82 18 6
47 83 12 9
47 84 9 34
47 85 31 17
47 86 5 15
47 87 37 17
47 88 5 28
47 89 20 31
47 90 40 5
47 91 3 39
47 92 20 14
47 93 4 35
47 94 13 9
47 95 14 7
47 96 20 18
47 97 19 4
47 98 34 20
47 99 10 35
48 49 100 97
48 50 99 97
48 51 97 98
48 52 31 7
48 53 33 26
48 54 26 17
48 55 18 3
48 56 5 6
48 57 35 40
48 58 14 19
48 59 13 17
48 60 38 37
48 61 28 34
48 62 36 5
48 63 6 9
48 64 8 13
48 65 31 7
48 66 14 20
48 67 32 33
48 68 6 33
48 69 12 36
48 70 12 11
48 71 20 19
48 72 40 38
48 73 28 23
48 74 24 20
48 75 30 6
48 76 17 32
48 77 25 34
48 78 38 6
48 79 15 3
48 80 20 30
48 81 21 25
48 82 39 34
48 83 15 5
48 84 36 20
48 85 21 15
48 86 21 32
48 87 33 9
48 88 14 16
48 89 10 39
48 90 11 3
48 91 28 13
48 92 37 19
48 93 16 19
48 94 15 17
48 95 5 23
48 96 33 34
48 97 18 6
48 98 7 31
48 99 28 8
49 50 98 100
49 51 100 99
49 52 6 25
49 53 3 11
49 54 3 38
49 55 26 36
49 56 13 12
49 57 30 40
49 58 26 36
49 59 34 28
49 60 7 15
49 61 6 27
49 62 26 25
49 63 20 26
49 64 9 9
49 65 22 11
49 66 22 4
49 67 22 15
49 68 21 22
49 69 22 10
49 70 25 8
49 71 32 23
49 72 8 16
49 73 30 16
49 74 34 12
49 75 17 16
49 76 26 22
49 77 32 10
49 78 28 3
49 79 32 18
49 80 4 5
49 81 9 28
49 82 37 10
49 83 5 21
49 84 31 7
49 85 26 24
49 86 28 32
49 87 36 9
49 88 7 26
49 89 17 11
49 90 38 30
49 91 4 17
49 92 34 23
49 93 20 5
49 94 36 9
49 95 8 34
49 96 19 16
49 97 32 15
49 98 27 15
49 99 36 27
50 51 97 98
50 52 18 13
50 53 37 6
50 54 20 10
50 55 26 18
50 56 38 23
50 57 28 21
50 58 35 21
50 59 25 25
50 60 25 28
50 61 10 36
50 62 15 7
50 63 6 11
50 64 14 28
50 65 28 8
50 66 8 39
50 67 28 13
50 68 7 23
50 69 4 11
50 70 40 30
50 71 8 18
50 72 40 25
50 73 5 26
50 74 38 19
50 75 8 13
50 76 40 24
50 77 11 28
50 78 5 19
50 79 10 33
50 80 12 22
50 81 36 28
50 82 30 39
50 83 16 15
50 84 26 26
50 85 25 33
50 86 3 36
50 87 30 18
50 88 3 15
50 89 18 39
50 90 37 20
50 91 12 12
50 92 37 23
50 93 10 17
50 94 4 5
50 95 27 21
50 96 6 35
50 97 21 28
50 98 30 39
50 99 9 32
51 52 38 7
51 53 8 30
51 54 24 17
51 55 14 9
51 56 16 27
51 57 24 33
51 58 26 20
51 59 7 9
51 60 23 11
51 61 31 20
51 62 23 25
51 63 12 6
51 64 30 36
51 65 26 38
51 66 25 27
51 67 37 14
51 68 14 15
51 69 15 30
51 70 13 34
51 71 31 17
51 72 13 40
51 73 4 24
51 74 22 19
51 75 9 24
51 76 28 23
51 77 16 6
51 78 9 22
51 79 8 15
51 80 9 19
51 81 8 36
51 82 37 6
51 83 10 12
51 84 19 32
51 85 10 17
51 86 23 23
51 87 17 37
51 88 36 13
51 89 28 22
51 90 21 28
51 91 12 21
51 92 40 26
51 93 34 24
51 94 21 24
51 95 28 5
51 96 11 5
51 97 13 34
51 98 23 35
51 99 31 7
52 53 97 99
52 54 98 98
52 55 100 98
52 56 22 13
52 57 21 24
52 58 18 18
52 59 38 24
52 60 34 10
52 61 36 9
52 62 27 16
52 63 36 36
52 64 8 25
52 65 7 10
52 66 6 5
52 67 17 19
52 68 34 18
52 69 31 6
52 70 11 15
52 71 4 26
52 72 34 19
52 73 16 22
52 74 25 31
52 75 35 35
52 76 33 4
52 77 7 15
52 78 6 26
52 79 20 14
52 80 28 9
52 81 20 34
52 82 34 28
52 83 36 28
52 84 26 18
52 85 32 15
52 86 11 34
52 87 36 15
52 88 7 22
52 89 13 24
52 90 38 10
52 91 37 30
52 92 16 9
52 93 27 3
52 94 8 19
52 95 14 26
52 96 4 36
52 97 5 34
52 98 36 22
52 99 15 17
53 54 99 99
53 55 97 100
53 56 6 30
53 57 33 33
53 58 4 19
53 59 6 26
53 60 12 11
53 61 21 16
53 62 9 27
53 63 36 14
53 64 24 5
53 65 33 3
53 66 38 9
53 67 18 28
53 68 23 3
53 69 24 3
53 70 21 36
53 71 35 20
53 72 3 7
53 73 30 17
53 74 34 35
53 75 16 33
53 76 5 23
53 77 12 24
53 78 8 30
53 79 27 32
53 80 16 25
53 81 21 27
53 82 24 9
53 83 28 5
53 84 26 20
53 85 30 28
53 86 21 27
53 87 25 30
53 88 24 5
53 89 17 35
53 90 35 15
53 91 28 22
53 92 32 36
53 93 24 28
53 94 37 28
53 95 28 35
53 96 4 40
53 97 39 27
53 98 38 10
53 99 16 24
54 55 98 100
54 56 16 7
54 57 21 31
54 58 11 22
54 59 36 5
54 60 16 5
54 61 15 35
54 62 5 15
54 63 21 22
54 64 9 6
54 65 28 15
54 66 28 32
54 67 3 13
54 68 14 13
54 69 18 27
54 70 17 18
54 71 31 37
54 72 28 32
54 73 19 5
54 74 17 35
54 75 13 39
54 76 40 37
54 77 23 7
54 78 13 21
54 79 11 32
54 80 22 14
54 81 26 35
54 82 11 28
54 83 14 18
54 84 13 14
54 85 28 32
54 86 36 18
54 87 3 18
54 88 17 38
54 89 30 28
54 90 15 12
54 91 39 28
54 92 31 13
54 93 27 33
54 94 23 5
54 95 40 9
54 96 19 33
54 97 30 9
54 98 25 11
54 99 31 37
55 56 32 28
55 57 4 25
55 58 23 37
55 59 30 10
55 60 15 4
55 61 24 31
55 62 37 39
55 63 36 40
55 64 30 25
55 65 40 14
55 66 21 28
55 67 16 33
55 68 25 12
55 69 3 36
55 70 28 40
55 71 22 22
55 72 38 7
55 73 5 13
55 74 24 5
55 75 13 18
55 76 39 25
55 77 11 21
55 78 8 14
55 79 15 40
55 80 34 19
55 81 26 8
55 82 9 4
55 83 5 18
55 84 9 28
55 85 23 28
55 86 15 24
55 87 6 11
55 88 27 35
55 89 12 26
55 90 26 26
55 91 5 17
55 92 28 14
55 93 21 13
55 94 5 16
55 95 40 12
55 96 33 16
55 97 15 25
55 98 17 20
55 99 30 27
56 57 97 99
56 58 100 97
56 59 98 98
56 60 14 8
56 61 5 15
56 62 16 28
56 63 18 28
56 64 12 31
56 65 35 26
56 66 28 26
56 67 12 4
56 68 23 32
56 69 7 39
56 70 24 19
56 71 11 34
56 72 23 11
56 73 33 24
56 74 18 13
56 75 3 39
56 76 40 18
56 77 9 27
56 78 32 30
56 79 25 26
56 80 31 24
56 81 18 12
56 82 24 25
56 83 27 6
56 84 35 16
56 85 33 3
56 86 13 7
56 87 15 3
56 88 35 35
56 89 3 14
56 90 12 14
56 91 15 8
56 92 21 33
56 93 23 38
56 94 26 33
56 95 33 28
56 96 20 30
56 97 4 16
56 98 4 9
56 99 27 28
57 58 100 97
57 59 99 100
57 60 5 6
57 61 25 26
57 62 9 9
57 63 35 4
57 64 17 39
57 65 35 28
57 66 30 5
57 67 27 39
57 68 7 6
57 69 21 39
57 70 20 28
57 71 36 24
57 72 12 30
57 73 38 4
57 74 23 14
57 75 10 32
57 76 8 20
57 77 26 30
57 78 35 28
57 79 21 3
57 80 9 4
57 81 6 26
57 82 12 14
57 83 39 23
57 84 15 22
57 85 37 32
57 86 39 34
57 87 22 38
57 88 37 5
57 89 12 12
57 90 18 18
57 91 34 14
57 92 16 17
57 93 37 30
57 94 18 28
57 95 8 25
57 96 37 19
57 97 39 36
57 98 12 23
57 99 8 15
58 59 100 97
58 60 6 19
58 61 17 4
58 62 40 25
58 63 14 9
58 64 14 14
58 65 14 7
58 66 17 13
58 67 40 28
58 68 13 5
58 69 38 37
58 70 17 32
58 71 36 25
58 72 20 39
58 73 33 15
58 74 24 28
58 75 21 31
58 76 37 26
58 77 6 24
58 78 17 20
58 79 3 24
58 80 5 27
58 81 35 7
58 82 6 37
58 83 27 3
58 84 27 17
58 85 26 25
58 86 36 19
58 87 8 12
58 88 14 17
58 89 33 38
58 90 5 3
58 91 37 11
58 92 24 22
58 93 11 20
58 94 14 34
58 95 9 20
58 96 8 20
58 97 3 10
58 98 19 38
58 99 31 20
59 60 23 20
59 61 18 34
59 62 23 34
59 63 32 40
59 64 25 40
59 65 26 7
59 66 18 35
59 67 23 9
59 68 25 13
59 69 14 22
59 70 19 20
59 71 4 30
59 72 24 17
59 73 15 28
59 74 33 25
59 75 14 13
59 76 24 38
59 77 13 11
59 78 11 38
59 79 40 28
59 80 16 15
59 81 5 16
59 82 32 6
59 83 31 18
59 84 26 8
59 85 23 8
59 86 16 19
59 87 36 27
59 88 30 14
59 89 34 9
59 90 37 31
59 91 14 16
59 92 31 37
59 93 13 35
59 94 4 19
59 95 39 27
59 96 31 9
59 97 5 6
59 98 27 28
59 99 13 13
60 61 98 99
60 62 98 98
60 63 99 99
60 64 40 36
60 65 15 22
60 66 37 36
60 67 20 35
60 68 14 12
60 69 6 30
60 70 36 12
60 71 9 39
60 72 3 36
60 73 21 23
60 74 28 28
60 75 7 4
60 76 5 14
60 77 30 34
60 78 28 22
60 79 8 8
60 80 33 18
60 81 28 18
60 82 26 6
60 83 28 18
60 84 5 25
60 85 27 19
60 86 22 18
60 87 25 7
60 88 23 33
60 89 3 5
60 90 33 19
60 91 33 3
60 92 32 17
60 93 8 31
60 94 14 28
60 95 39 14
60 96 39 24
60 97 28 17
60 98 12 11
60 99 39 9
61 62 99 97
61 63 99 98
61 64 31 17
61 65 5 26
61 66 19 22
61 67 33 39
61 68 31 33
61 69 24 4
61 70 17 39
61 71 40 11
61 72 24 25
61 73 28 22
61 74 12 32
61 75 26 16
61 76 10 30
61 77 16 4
61 78 19 13
61 79 26 37
61 80 16 39
61 81 15 16
61 82 10 30
61 83 3 18
61 84 15 18
61 85 13 5
61 86 34 10
61 87 25 40
61 88 21 22
61 89 6 3
61 90 8 7
61 91 18 4
61 92 6 38
61 93 6 3
61 94 10 33
61 95 37 28
61 96 21 4
61 97 30 8
61 98 39 7
61 99 14 38
62 63 99 100
62 64 7 26
62 65 20 28
62 66 20 37
62 67 24 6
62 68 31 21
62 69 31 7
62 70 14 21
62 71 30 40
62 72 22 38
62 73 18 35
62 74 12 35
62 75 3 21
62 76 33 5
62 77 32 39
62 78 15 33
62 79 33 16
62 80 21 36
62 81 10 7
62 82 13 21
62 83 28 3
62 84 39 30
62 85 21 14
62 86 24 39
62 87 40 28
62 88 18 28
62 89 34 4
62 90 35 10
62 91 6 9
62 92 36 39
62 93 11 4
62 94 5 39
62 95 31 15
62 96 7 25
62 97 24 28
62 98 13 7
62 99 23 9
63 64 33 24
63 65 5 24
63 66 14 12
63 67 4 22
63 68 20 40
63 69 18 7
63 70 19 30
63 71 5 30
63 72 39 28
63 73 22 33
63 74 40 9
63 75 27 36
63 76 3 3
63 77 13 11
63 78 37 13
63 79 12 21
63 80 27 37
63 81 26 36
63 82 28 15
63 83 26 25
63 84 24 26
63 85 13 11
63 86 10 18
63 87 27 18
63 88 39 27
63 89 10 36
63 90 27 4
63 91 21 15
63 92 38 21
63 93 13 36
63 94 17 39
63 95 27 34
63 96 23 9
63 97 39 11
63 98 28 6
63 99 14 16
64 65 99 97
64 66 98 99
64 67 98 98
64 68 28 38
64 69 28 3
64 70 24 23
64 71 5 4
64 72 31 27
64 73 20 7
64 74 40 30
64 75 34 12
64 76 6 8
64 77 11 24
64 78 20 5
64 79 37 16
64 80 33 30
64 81 39 33
64 82 23 38
64 83 15 35
64 84 31 31
64 85 8 34
64 86 9 15
64 87 22 24
64 88 15 23
64 89 16 3
64 90 28 26
64 91 38 34
64 92 37 37
64 93 27 13
64 94 5 34
64 95 3 23
64 96 36 8
64 97 10 7
64 98 25 21
64 99 9 14
65 66 99 98
65 67 100 100
65 68 15 11
65 69 31 20
65 70 27 4
65 71 22 34
65 72 28 27
65 73 13 37
65 74 22 38
65 75 16 33
65 76 11 11
65 77 7 10
65 78 23 13
65 79 17 28
65 80 22 35
65 81 40 6
65 82 28 37
65 83 33 37
65 84 36 16
65 85 25 8
65 86 31 8
65 87 38 17
65 88 31 4
65 89 35 38
65 90 20 17
65 91 33 20
65 92 40 21
65 93 36 39
65 94 9 3
65 95 23 40
65 96 15 35
65 97 40 28
65 98 8 39
65 99 34 22
66 67 99 97
66 68 19 23
66 69 15 40
66 70 19 27
66 71 13 33
66 72 10 16
66 73 34 5
66 74 21 39
66 75 6 37
66 76 18 22
66 77 16 39
66 78 32 22
66 79 38 15
66 80 37 22
66 81 5 23
66 82 5 20
66 83 22 31
66 84 15 30
66 85 27 14
66 86 4 37
66 87 31 39
66 88 32 27
66 89 23 20
66 90 26 6
66 91 24 24
66 92 5 19
66 93 21 4
66 94 28 33
66 95 12 11
66 96 28 32
66 97 37 12
66 98 22 4
66 99 6 36
67 68 38 4
67 69 33 28
67 70 4 25
67 71 17 37
67 72 18 20
67 73 23 21
67 74 35 11
67 75 22 30
67 76 39 6
67 77 10 39
67 78 32 25
67 79 4 23
67 80 34 28
67 81 16 17
67 82 33 7
67 83 37 5
67 84 35 7
67 85 20 30
67 86 28 14
67 87 35 4
67 88 6 39
67 89 13 32
67 90 32 32
67 91 15 7
67 92 30 39
67 93 8 13
67 94 23 18
67 95 37 36
67 96 16 21
67 97 7 27
67 98 28 33
67 99 10 16
68 69 97 97
68 70 99 98
68 71 98 99
68 72 3 9
68 73 11 16
68 74 32 3
68 75 26 27
68 76 34 38
68 77 25 9
68 78 13 33
68 79 3 21
68 80 19 26
68 81 28 10
68 82 7 6
68 83 24 35
68 84 5 38
68 85 6 40
68 86 26 40
68 87 17 20
68 88 16 18
68 89 18 26
68 90 9 15
68 91 7 37
68 92 19 35
68 93 34 21
68 94 16 11
68 95 14 39
68 96 8 25
68 97 24 18
68 98 37 8
68 99 16 22
69 70 98 97
69 71 98 100
69 72 15 10
69 73 33 22
69 74 30 28
69 75 25 18
69 76 30 31
69 77 15 38
69 78 31 34
69 79 27 39
69 80 28 34
69 81 11 27
69 82 8 18
69 83 17 5
69 84 31 21
69 85 15 27
69 86 20 17
69 87 3 35
69 88 8 5
69 89 32 13
69 90 31 33
69 91 3 21
69 92 22 8
69 93 14 10
69 94 34 30
69 95 4 4
69 96 22 19
69 97 28 26
69 98 17 31
69 99 22 34
70 71 97 97
70 72 39 22
70 73 23 31
70 74 4 26
70 75 35 23
70 76 11 14
70 77 3 30
70 78 33 32
70 79 24 5
70 80 28 39
70 81 13 30
70 82 5 22
70 83 8 4
70 84 19 17
70 85 18 11
70 86 10 21
70 87 4 28
70 88 23 18
70 89 14 21
70 90 19 10
70 91 39 5
70 92 20 24
70 93 21 9
70 94 34 12
70 95 20 20
70 96 28 35
70 97 25 21
70 98 32 19
70 99 20 12
71 72 18 3
71 73 28 37
71 74 12 34
71 75 36 38
71 76 10 21
71 77 39 10
71 78 40 30
71 79 40 40
71 80 7 33
71 81 20 16
71 82 3 12
71 83 18 13
71 84 26 32
71 85 3 28
71 86 13 32
71 87 21 38
71 88 28 3
71 89 16 5
71 90 28 28
71 91 30 37
71 92 37 12
71 93 23 3
71 94 9 28
71 95 13 3
71 96 33 12
71 97 35 5
71 98 19 23
71 99 36 30
72 73 99 98
72 74 99 100
72 75 99 99
72 76 40 23
72 77 23 9
72 78 36 24
72 79 12 19
72 80 8 9
72 81 4 26
72 82 30 4
72 83 25 9
72 84 39 27
72 85 11 38
72 86 27 8
72 87 34 38
72 88 16 14
72 89 24 8
72 90 40 20
72 91 34 9
72 92 3 38
72 93 33 20
72 94 28 28
72 95 27 26
72 96 24 27
72 97 15 4
72 98 26 10
72 99 9 17
73 74 99 97
73 75 100 98
73 76 25 20
73 77 11 37
73 78 7 38
73 79 32 28
73 80 38 38
73 81 15 21
73 82 15 27
73 83 13 10
73 84 36 36
73 85 33 37
73 86 24 4
73 87 11 37
73 88 11 15
73 89 4 28
73 90 34 6
73 91 9 19
73 92 14 3
73 93 3 27
73 94 18 15
73 95 14 14
73 96 32 31
73 97 12 17
73 98 8 13
73 99 21 11
74 75 99 99
74 76 34 9
74 77 5 21
74 78 8 27
74 79 33 17
74 80 40 24
74 81 9 9
74 82 27 19
74 83 34 33
74 84 25 35
74 85 28 24
74 86 25 36
74 87 26 4
74 88 5 12
74 89 38 9
74 90 37 28
74 91 9 3
74 92 8 20
74 93 8 28
74 94 25 7
74 95 32 4
74 96 30 36
74 97 10 17
74 98 27 34
74 99 15 36
75 76 37 7
75 77 8 23
75 78 27 37
75 79 19 19
75 80 15 13
75 81 17 19
75 82 25 40
75 83 32 10
75 84 21 27
75 85 19 9
75 86 39 25
75 87 20 31
75 88 19 19
75 89 28 26
75 90 11 13
75 91 10 25
75 92 17 22
75 93 13 24
75 94 22 40
75 95 17 37
75 96 23 16
75 97 5 35
75 98 15 15
75 99 37 33
76 77 97 98
76 78 98 99
76 79 98 98
76 80 40 32
76 81 9 38
76 82 8 24
76 83 11 30
76 84 7 26
76 85 6 14
76 86 30 28
76 87 21 3
76 88 22 27
76 89 26 19
76 90 27 21
76 91 6 11
76 92 3 8
76 93 15 19
76 94 40 24
76 95 3 28
76 96 22 7
76 97 38 13
76 98 40 19
76 99 33 33
77 78 97 100
77 79 100 98
77 80 18 21
77 81 18 18
77 82 38 36
77 83 4 13
77 84 12 27
77 85 10 17
77 86 16 9
77 87 33 24
77 88 21 13
77 89 28 40
77 90 34 32
77 91 25 20
77 92 28 11
77 93 18 39
77 94 20 27
77 95 6 35
77 96 39 20
77 97 19 19
77 98 31 39
77 99 5 9
78 79 97 100
78 80 11 5
78 81 26 14
78 82 35 32
78 83 17 24
78 84 23 5
78 85 11 40
78 86 28 8
78 87 25 30
78 88 35 7
78 89 11 15
78 90 26 19
78 91 20 9
78 92 15 4
78 93 21 22
78 94 5 34
78 95 35 18
78 96 19 22
78 97 19 5
78 98 23 38
78 99 38 30
79 80 12 13
79 81 4 32
79 82 35 8
79 83 20 3
79 84 37 11
79 85 22 4
79 86 25 38
79 87 18 11
79 88 8 34
79 89 24 6
79 90 13 28
79 91 10 14
79 92 4 34
79 93 3 21
79 94 36 38
79 95 40 40
79 96 39 7
79 97 6 27
79 98 4 24
79 99 16 38
80 81 97 97
80 82 100 100
80 83 97 99
80 84 35 25
80 85 39 6
80 86 7 8
80 87 12 24
80 88 3 6
80 89 33 15
80 90 11 39
80 91 28 20
80 92 23 37
80 93 32 27
80 94 28 4
80 95 34 38
80 96 5 21
80 97 21 38
80 98 8 22
80 99 30 31
81 82 100 98
81 83 98 97
81 84 18 8
81 85 19 27
81 86 24 26
81 87 6 30
81 88 30 27
81 89 25 14
81 90 23 26
81 91 27 9
81 92 12 37
81 93 23 22
81 94 21 21
81 95 28 37
81 96 28 16
81 97 28 28
81 98 34 7
81 99 26 36
82 83 100 100
82 84 25 14
82 85 31 28
82 86 35 25
82 87 35 5
82 88 16 28
82 89 38 3
82 90 31 17
82 91 27 31
82 92 35 5
82 93 23 12
82 94 7 19
82 95 15 19
82 96 14 40
82 97 27 35
82 98 9 37
82 99 21 31
83 84 33 11
83 85 33 14
83 86 8 35
83 87 24 37
83 88 27 7
83 89 17 18
83 90 15 28
83 91 35 12
83 92 12 8
83 93 32 30
83 94 37 6
83 95 31 37
83 96 13 38
83 97 22 13
83 98 36 21
83 99 34 16
84 85 98 98
84 86 99 100
84 87 99 99
84 88 25 37
84 89 26 27
84 90 25 16
84 91 39 36
84 92 34 15
84 93 28 26
84 94 40 11
84 95 19 4
84 96 27 28
84 97 3 31
84 98 24 18
84 99 7 28
85 86 98 100
85 87 97 98
85 88 7 14
85 89 22 19
85 90 28 16
85 91 13 11
85 92 21 20
85 93 17 24
85 94 19 3
85 95 30 21
85 96 22 23
85 97 34 21
85 98 20 28
85 99 17 15
86 87 99 99
86 88 39 28
86 89 28 17
86 90 28 11
86 91 10 25
86 92 39 13
86 93 37 11
86 94 7 5
86 95 17 40
86 96 7 25
86 97 11 5
86 98 38 28
86 99 40 26
87 88 3 19
87 89 19 18
87 90 34 19
87 91 3 40
87 92 28 26
87 93 37 15
87 94 13 17
87 95 9 19
87 96 40 8
87 97 33 34
87 98 17 24
87 99 30 10
88 89 98 98
88 90 100 99
88 91 99 97
88 92 5 21
88 93 14 31
88 94 31 7
88 95 16 34
88 96 28 21
88 97 36 27
88 98 6 40
88 99 15 17
89 90 98 100
89 91 99 99
89 92 22 5
89 93 24 20
89 94 28 38
89 95 7 23
89 96 34 20
89 97 13 26
89 98 24 14
89 99 3 15
90 91 99 97
90 92 13 35
90 93 5 25
90 94 39 25
90 95 39 38
90 96 25 3
90 97 35 17
90 98 28 36
90 99 7 8
91 92 28 37
91 93 14 30
91 94 4 8
91 95 40 28
91 96 23 11
91 97 7 12
91 98 22 33
91 99 20 21
92 93 98 98
92 94 99 99
92 95 100 99
92 96 35 36
92 97 39 33
92 98 21 27
92 99 7 10
93 94 100 100
93 95 99 97
93 96 28 13
93 97 32 10
93 98 30 39
93 99 6 4
94 95 97 99
94 96 6 30
94 97 14 19
94 98 11 39
94 99 5 27
95 96 25 36
95 97 28 19
95 98 18 38
95 99 18 37
96 97 98 97
96 98 98 100
96 99 100 97
97 98 99 97
97 99 98 100
98 99 98 98
0
457
302 1785
303 1752
304 1725
305 1700
306 1676
307 1649
308 1624
309 1600
310 1577
311 1555
312 1533
313 1512
314 1493
315 1474
316 1456
317 1439
318 1422
319 1405
320 1389
321 1373
322 1358
323 1344
324 1329
325 1315
326 1301
327 1288
328 1275
329 1262
330 1249
331 1236
332 1224
333 1211
334 1200
335 1187
336 1176
337 1163
338 1152
339 1142
340 1131
341 1121
342 1111
343 1101
344 1092
345 1082
346 1073
347 1063
348 1055
349 1047
350 1039
351 1031
352 1024
353 1016
354 1009
355 1002
356 994
357 987
358 980
359 973
360 966
361 960
362 953
363 947
364 942
365 935
366 929
367 924
368 918
369 913
370 907
371 902
372 897
373 892
374 886
375 881
376 876
377 871
378 866
379 861
380 856
381 851
382 847
383 842
384 838
385 834
386 830
387 826
388 822
389 818
390 814
391 810
392 806
393 802
394 799
395 795
396 792
397 788
398 785
399 781
400 778
401 775
402 772
403 769
404 766
405 763
406 760
407 757
408 754
409 751
410 748
411 745
412 742
413 739
414 736
415 733
416 730
417 727
418 724
419 721
420 719
421 716
422 713
423 711
424 708
425 705
426 703
427 701
428 698
429 696
430 694
431 691
432 689
433 687
434 685
435 682
436 680
437 678
438 676
439 673
440 671
441 669
442 667
443 665
444 662
445 660
446 659
447 656
448 654
449 653
450 651
451 649
452 647
453 645
454 644
455 642
456 640
457 638
458 637
459 635
460 633
461 631
462 630
463 628
464 626
465 624
466 623
467 621
468 619
469 618
470 616
471 614
472 613
473 611
474 609
475 608
476 606
477 604
478 603
479 601
480 599
481 598
482 596
483 595
484 593
485 592
486 590
487 589
488 587
489 586
490 584
491 583
492 581
493 580
494 578
495 577
496 575
497 574
498 572
499 571
500 569
501 568
502 566
503 565
504 564
505 563
506 561
507 560
508 559
509 558
510 557
511 556
512 555
513 553
514 552
515 551
516 550
517 549
518 548
519 547
520 546
521 545
522 544
523 543
524 542
525 541
526 540
527 539
528 538
529 537
530 536
531 535
532 534
533 533
534 532
535 531
536 530
537 529
538 528
539 527
540 526
542 524
544 523
545 522
546 521
547 520
548 519
549 518
550 517
551 516
553 515
554 514
555 513
556 512
557 511
559 509
561 508
562 507
563 506
565 504
567 503
568 502
569 501
571 500
572 499
573 498
575 497
576 496
578 495
579 494
580 493
582 492
583 491
585 490
586 489
588 488
589 487
591 486
592 485
594 484
595 483
597 482
598 481
600 480
602 479
603 478
605 477
606 476
608 475
610 474
611 473
613 472
615 471
616 470
618 469
620 468
621 467
623 466
625 465
626 464
628 463
630 462
631 461
633 460
635 459
637 458
639 457
640 456
642 455
644 454
646 453
648 452
650 451
652 450
654 449
656 448
658 447
660 446
662 445
664 444
667 443
669 442
671 441
673 440
676 439
678 438
680 437
683 436
685 435
688 434
690 433
693 432
695 431
698 430
700 429
703 428
705 427
708 426
710 425
713 424
715 423
718 422
720 421
723 420
725 419
728 418
731 417
733 416
736 415
739 414
742 413
744 412
747 411
750 410
753 409
756 408
759 407
762 406
765 405
768 404
771 403
774 402
778 401
781 400
784 399
788 398
791 397
795 396
798 395
802 394
805 393
809 392
813 391
816 390
820 389
823 388
827 387
831 386
835 385
839 384
843 383
848 382
852 381
856 380
860 379
865 378
869 377
873 376
879 375
883 374
887 373
893 372
897 371
901 370
907 369
911 368
916 367
921 366
926 365
931 364
936 363
942 362
946 361
952 360
957 359
963 358
970 357
976 356
984 355
990 354
998 353
1005 352
1013 351
1020 350
1028 349
1036 348
1044 347
1052 346
1061 345
1069 344
1078 343
1087 342
1097 341
1106 340
1116 339
1126 338
1137 337
1148 336
1160 335
1173 334
1186 333
1199 332
1213 331
1228 330
1243 329
1258 328
1274 327
1290 326
1307 325
1324 324
1341 323
1358 322
1376 321
1394 320
1412 319
1431 318
1450 317
1471 316
1493 315
1516 314
1535 313
1556 312
1578 311
1601 310
1625 309
1649 308
1674 307
1699 306
1728 305
