100
0 1 9 9
0 2 0 91
0 3 96 92
0 4 9 10
0 5 9 10
0 6 9 9
0 7 10 10
0 8 9 9
0 9 9 9
0 10 10 10
0 11 9 10
0 12 10 9
0 13 9 10
0 14 9 9
0 15 9 9
0 16 9 10
0 17 10 10
0 18 10 9
0 19 10 10
0 20 10 9
0 21 10 9
0 22 10 9
0 23 9 10
0 24 10 10
0 25 9 10
0 26 9 10
0 27 10 9
0 28 10 9
0 29 10 10
0 30 9 10
0 31 9 9
0 32 10 9
0 33 9 10
0 34 10 9
0 35 10 9
0 36 9 9
0 37 9 9
0 38 10 10
0 39 10 10
0 40 10 10
0 41 9 9
0 42 9 10
0 43 9 10
0 44 10 10
0 45 10 9
0 46 10 10
0 47 9 9
0 48 9 9
0 49 10 9
0 50 10 9
0 51 10 9
0 52 10 9
0 53 9 9
0 54 9 10
0 55 10 9
0 56 10 10
0 57 10 10
0 58 10 9
0 59 10 10
0 60 10 9
0 61 9 9
0 62 9 10
0 63 10 9
0 64 10 10
0 65 9 10
0 66 9 9
0 67 9 10
0 68 10 9
0 69 10 10
0 70 9 10
0 71 9 10
0 72 10 9
0 73 9 9
0 74 10 9
0 75 10 9
0 76 10 10
0 77 9 10
0 78 9 10
0 79 10 10
0 80 9 10
0 81 9 10
0 82 10 10
0 83 9 9
0 84 9 10
0 85 10 10
0 86 10 10
0 87 10 10
0 88 10 10
0 89 9 9
0 90 10 10
0 91 9 10
0 92 9 10
0 93 10 10
0 94 9 9
0 95 10 10
0 96 10 10
0 97 10 9
0 98 10 10
0 99 10 9
1 2 91 0
1 3 100 99
1 4 9 10
1 5 9 9
1 6 10 10
1 7 9 10
1 8 9 9
1 9 10 10
1 10 10 10
1 11 10 10
1 12 10 10
1 13 10 9
1 14 10 10
1 15 10 9
1 16 9 10
1 17 9 10
1 18 10 9
1 19 9 9
1 20 9 9
1 21 10 10
1 22 9 9
1 23 9 10
1 24 9 10
1 25 9 10
1 26 9 9
1 27 10 10
1 28 9 9
1 29 9 10
1 30 10 9
1 31 10 10
1 32 10 10
1 33 9 9
1 34 9 9
1 35 10 10
1 36 10 10
1 37 10 9
1 38 10 9
1 39 10 9
1 40 9 9
1 41 10 9
1 42 10 9
1 43 9 9
1 44 9 10
1 45 9 10
1 46 10 9
1 47 9 10
1 48 9 10
1 49 10 10
1 50 10 9
1 51 9 10
1 52 10 10
1 53 10 9
1 54 9 10
1 55 9 10
1 56 10 10
1 57 10 9
1 58 10 10
1 59 10 10
1 60 10 9
1 61 9 10
1 62 9 9
1 63 9 9
1 64 10 9
1 65 9 9
1 66 9 10
1 67 9 10
1 68 10 9
1 69 9 10
1 70 9 10
1 71 10 9
1 72 10 10
1 73 10 9
1 74 10 9
1 75 9 9
1 76 10 10
1 77 10 9
1 78 9 9
1 79 10 10
1 80 9 9
1 81 9 9
1 82 9 9
1 83 10 9
1 84 10 10
1 85 10 10
1 86 10 10
1 87 9 10
1 88 9 9
1 89 10 10
1 90 9 9
1 91 9 10
1 92 9 10
1 93 9 9
1 94 10 10
1 95 10 10
1 96 10 9
1 97 10 9
1 98 9 9
1 99 9 10
2 3 93 93
2 4 10 10
2 5 9 10
2 6 10 10
2 7 10 9
2 8 9 9
2 9 9 10
2 10 10 9
2 11 9 10
2 12 10 9
2 13 10 10
2 14 9 9
2 15 10 9
2 16 9 9
2 17 10 9
2 18 9 10
2 19 10 10
2 20 10 10
2 21 9 10
2 22 10 10
2 23 10 10
2 24 10 9
2 25 9 9
2 26 9 9
2 27 10 9
2 28 10 10
2 29 9 10
2 30 9 10
2 31 10 10
2 32 9 10
2 33 9 10
2 34 10 9
2 35 9 10
2 36 9 10
2 37 10 10
2 38 10 9
2 39 9 10
2 40 10 10
2 41 9 10
2 42 9 9
2 43 9 9
2 44 9 9
2 45 10 9
2 46 10 9
2 47 9 9
2 48 9 9
2 49 10 9
2 50 10 10
2 51 9 10
2 52 9 10
2 53 10 10
2 54 10 10
2 55 9 9
2 56 9 10
2 57 10 9
2 58 10 10
2 59 9 10
2 60 9 9
2 61 10 9
2 62 10 10
2 63 9 10
2 64 9 10
2 65 9 9
2 66 9 9
2 67 10 9
2 68 9 9
2 69 10 10
2 70 9 9
2 71 9 9
2 72 9 10
2 73 9 9
2 74 9 9
2 75 9 10
2 76 10 10
2 77 9 9
2 78 9 9
2 79 9 10
2 80 10 10
2 81 9 9
2 82 9 10
2 83 9 10
2 84 10 10
2 85 9 9
2 86 9 10
2 87 9 9
2 88 10 10
2 89 9 10
2 90 9 10
2 91 10 9
2 92 10 10
2 93 9 10
2 94 10 9
2 95 9 9
2 96 10 9
2 97 9 10
2 98 10 9
2 99 10 9
3 4 9 10
3 5 10 9
3 6 10 9
3 7 9 9
3 8 9 10
3 9 10 10
3 10 10 10
3 11 10 9
3 12 10 10
3 13 10 9
3 14 9 10
3 15 9 9
3 16 9 10
3 17 9 9
3 18 10 9
3 19 9 9
3 20 9 10
3 21 9 10
3 22 10 10
3 23 9 10
3 24 9 10
3 25 9 9
3 26 9 9
3 27 9 10
3 28 10 10
3 29 10 10
3 30 9 9
3 31 10 9
3 32 9 10
3 33 10 9
3 34 10 10
3 35 10 10
3 36 9 10
3 37 9 9
3 38 9 10
3 39 10 9
3 40 9 9
3 41 10 9
3 42 9 9
3 43 9 9
3 44 10 10
3 45 9 10
3 46 9 9
3 47 9 9
3 48 9 9
3 49 9 9
3 50 10 10
3 51 9 10
3 52 9 9
3 53 9 10
3 54 9 10
3 55 9 10
3 56 10 10
3 57 9 10
3 58 10 9
3 59 10 10
3 60 10 10
3 61 10 10
3 62 9 9
3 63 10 9
3 64 9 9
3 65 9 10
3 66 9 9
3 67 9 9
3 68 10 9
3 69 9 9
3 70 10 9
3 71 10 9
3 72 10 10
3 73 9 9
3 74 10 10
3 75 10 10
3 76 10 10
3 77 9 9
3 78 10 10
3 79 9 9
3 80 9 10
3 81 9 10
3 82 9 10
3 83 10 9
3 84 9 10
3 85 10 9
3 86 10 9
3 87 9 9
3 88 9 10
3 89 9 10
3 90 10 10
3 91 10 9
3 92 10 10
3 93 9 9
3 94 9 9
3 95 9 10
3 96 9 9
3 97 10 10
3 98 10 10
3 99 9 10
4 5 95 91
4 6 92 92
4 7 100 95
4 8 10 9
4 9 10 10
4 10 9 10
4 11 10 10
4 12 9 10
4 13 9 10
4 14 10 9
4 15 10 9
4 16 10 9
4 17 9 10
4 18 10 9
4 19 10 10
4 20 10 9
4 21 9 10
4 22 10 9
4 23 10 9
4 24 10 10
4 25 10 9
4 26 9 9
4 27 10 9
4 28 10 10
4 29 10 10
4 30 9 9
4 31 10 10
4 32 10 10
4 33 9 9
4 34 10 9
4 35 10 9
4 36 9 9
4 37 10 10
4 38 10 10
4 39 10 9
4 40 9 9
4 41 10 9
4 42 9 9
4 43 10 10
4 44 10 9
4 45 9 10
4 46 9 10
4 47 9 9
4 48 9 9
4 49 9 9
4 50 10 10
4 51 10 10
4 52 9 10
4 53 10 9
4 54 9 9
4 55 10 9
4 56 9 10
4 57 9 10
4 58 10 9
4 59 10 10
4 60 9 9
4 61 10 9
4 62 9 10
4 63 9 9
4 64 10 10
4 65 9 10
4 66 9 10
4 67 9 10
4 68 10 9
4 69 10 10
4 70 9 10
4 71 10 10
4 72 9 9
4 73 9 9
4 74 9 9
4 75 10 9
4 76 10 9
4 77 9 9
4 78 9 9
4 79 9 9
4 80 10 9
4 81 10 9
4 82 10 10
4 83 10 10
4 84 9 9
4 85 10 10
4 86 9 9
4 87 10 9
4 88 9 9
4 89 10 9
4 90 10 10
4 91 10 9
4 92 10 10
4 93 9 10
4 94 9 10
4 95 10 10
4 96 10 9
4 97 9 10
4 98 10 10
4 99 10 10
5 6 92 96
5 7 91 91
5 8 10 10
5 9 9 10
5 10 10 10
5 11 10 10
5 12 10 9
5 13 10 9
5 14 10 9
5 15 10 10
5 16 10 10
5 17 10 10
5 18 9 9
5 19 10 10
5 20 9 9
5 21 9 9
5 22 9 10
5 23 10 9
5 24 10 10
5 25 9 10
5 26 10 10
5 27 10 9
5 28 9 9
5 29 9 9
5 30 9 9
5 31 10 9
5 32 10 10
5 33 10 9
5 34 10 10
5 35 9 9
5 36 9 9
5 37 9 10
5 38 10 10
5 39 10 10
5 40 10 10
5 41 9 9
5 42 10 10
5 43 10 9
5 44 9 10
5 45 9 10
5 46 10 9
5 47 9 9
5 48 10 10
5 49 9 10
5 50 10 9
5 51 9 10
5 52 10 10
5 53 9 9
5 54 10 10
5 55 10 10
5 56 10 9
5 57 10 9
5 58 10 9
5 59 9 10
5 60 9 9
5 61 9 10
5 62 10 9
5 63 10 10
5 64 10 10
5 65 9 9
5 66 9 10
5 67 10 10
5 68 9 9
5 69 9 9
5 70 10 10
5 71 9 10
5 72 9 10
5 73 10 10
5 74 10 9
5 75 9 9
5 76 9 9
5 77 10 10
5 78 9 9
5 79 9 10
5 80 10 10
5 81 10 9
5 82 10 9
5 83 10 10
5 84 10 10
5 85 10 9
5 86 10 10
5 87 10 10
5 88 10 10
5 89 10 10
5 90 10 10
5 91 9 9
5 92 9 10
5 93 10 9
5 94 9 10
5 95 10 10
5 96 9 9
5 97 10 9
5 98 10 9
5 99 10 9
6 7 97 91
6 8 10 10
6 9 9 9
6 10 10 10
6 11 9 10
6 12 10 10
6 13 10 9
6 14 9 9
6 15 9 9
6 16 10 10
6 17 9 9
6 18 10 9
6 19 10 10
6 20 9 10
6 21 9 9
6 22 9 9
6 23 10 10
6 24 9 10
6 25 10 9
6 26 10 10
6 27 10 10
6 28 10 10
6 29 9 9
6 30 9 10
6 31 10 10
6 32 10 10
6 33 10 10
6 34 9 9
6 35 10 9
6 36 10 9
6 37 10 9
6 38 10 9
6 39 10 9
6 40 9 10
6 41 10 10
6 42 10 9
6 43 10 9
6 44 9 10
6 45 10 10
6 46 10 9
6 47 9 9
6 48 10 9
6 49 10 9
6 50 9 9
6 51 10 9
6 52 10 9
6 53 9 9
6 54 10 9
6 55 9 9
6 56 9 9
6 57 9 10
6 58 9 9
6 59 9 9
6 60 10 10
6 61 9 9
6 62 10 9
6 63 9 9
6 64 10 9
6 65 10 10
6 66 10 10
6 67 9 9
6 68 10 10
6 69 9 10
6 70 9 9
6 71 9 10
6 72 9 9
6 73 9 9
6 74 9 9
6 75 9 9
6 76 9 10
6 77 9 9
6 78 9 10
6 79 9 10
6 80 9 10
6 81 9 9
6 82 10 9
6 83 9 10
6 84 9 10
6 85 10 10
6 86 10 10
6 87 10 10
6 88 9 9
6 89 9 9
6 90 9 9
6 91 9 10
6 92 10 9
6 93 9 10
6 94 10 9
6 95 10 10
6 96 10 9
6 97 10 10
6 98 9 10
6 99 10 10
7 8 10 10
7 9 10 10
7 10 10 10
7 11 10 9
7 12 9 10
7 13 9 9
7 14 10 9
7 15 10 9
7 16 10 9
7 17 9 9
7 18 10 9
7 19 10 9
7 20 10 9
7 21 10 9
7 22 10 10
7 23 9 10
7 24 9 9
7 25 9 10
7 26 10 9
7 27 9 9
7 28 10 10
7 29 9 10
7 30 10 10
7 31 9 9
7 32 10 10
7 33 10 10
7 34 10 10
7 35 9 9
7 36 10 10
7 37 9 10
7 38 9 10
7 39 10 10
7 40 10 10
7 41 9 10
7 42 10 9
7 43 10 10
7 44 9 9
7 45 10 9
7 46 9 10
7 47 10 9
7 48 9 10
7 49 9 9
7 50 9 9
7 51 9 9
7 52 10 9
7 53 9 10
7 54 10 9
7 55 10 10
7 56 9 9
7 57 9 9
7 58 9 10
7 59 10 9
7 60 9 9
7 61 9 10
7 62 9 9
7 63 9 10
7 64 10 9
7 65 9 9
7 66 9 10
7 67 10 9
7 68 9 10
7 69 10 9
7 70 10 10
7 71 10 10
7 72 9 10
7 73 10 9
7 74 10 10
7 75 10 10
7 76 9 9
7 77 9 9
7 78 9 9
7 79 9 9
7 80 9 9
7 81 10 10
7 82 10 9
7 83 10 9
7 84 10 10
7 85 9 10
7 86 9 9
7 87 10 9
7 88 9 10
7 89 10 9
7 90 9 10
7 91 10 9
7 92 9 10
7 93 10 9
7 94 9 10
7 95 10 10
7 96 10 9
7 97 9 9
7 98 9 9
7 99 9 10
8 9 100 96
8 10 100 92
8 11 94 92
8 12 9 9
8 13 9 10
8 14 10 9
8 15 10 9
8 16 9 9
8 17 10 9
8 18 9 9
8 19 9 10
8 20 9 9
8 21 9 10
8 22 10 9
8 23 9 9
8 24 10 9
8 25 9 9
8 26 10 10
8 27 10 10
8 28 9 10
8 29 10 10
8 30 10 9
8 31 10 10
8 32 10 9
8 33 9 9
8 34 9 9
8 35 9 9
8 36 10 9
8 37 9 9
8 38 10 9
8 39 10 9
8 40 9 10
8 41 10 9
8 42 10 9
8 43 9 10
8 44 10 9
8 45 9 9
8 46 10 9
8 47 10 10
8 48 9 9
8 49 9 9
8 50 9 10
8 51 9 9
8 52 10 9
8 53 9 9
8 54 10 10
8 55 10 10
8 56 10 10
8 57 10 10
8 58 10 9
8 59 9 9
8 60 10 10
8 61 9 9
8 62 10 10
8 63 9 10
8 64 9 9
8 65 10 9
8 66 9 10
8 67 9 9
8 68 10 10
8 69 9 9
8 70 10 10
8 71 9 9
8 72 10 10
8 73 9 10
8 74 10 9
8 75 9 10
8 76 10 9
8 77 10 9
8 78 10 9
8 79 10 9
8 80 9 9
8 81 9 10
8 82 10 10
8 83 9 10
8 84 9 10
8 85 10 9
8 86 9 9
8 87 9 9
8 88 10 10
8 89 10 10
8 90 9 10
8 91 9 9
8 92 9 9
8 93 9 10
8 94 9 9
8 95 9 9
8 96 9 9
8 97 10 10
8 98 9 10
8 99 9 10
9 10 92 98
9 11 98 100
9 12 10 10
9 13 10 10
9 14 9 10
9 15 9 10
9 16 10 10
9 17 10 10
9 18 9 9
9 19 10 10
9 20 10 10
9 21 10 10
9 22 9 9
9 23 9 9
9 24 9 10
9 25 10 10
9 26 9 10
9 27 10 10
9 28 10 10
9 29 9 10
9 30 10 9
9 31 9 9
9 32 10 10
9 33 10 9
9 34 9 9
9 35 9 9
9 36 9 10
9 37 9 9
9 38 10 10
9 39 10 9
9 40 10 10
9 41 9 9
9 42 9 10
9 43 10 9
9 44 10 10
9 45 9 9
9 46 10 9
9 47 9 10
9 48 9 9
9 49 9 9
9 50 10 10
9 51 9 10
9 52 10 9
9 53 10 10
9 54 9 9
9 55 9 10
9 56 10 9
9 57 10 9
9 58 9 10
9 59 10 9
9 60 9 9
9 61 9 9
9 62 9 10
9 63 10 9
9 64 10 9
9 65 10 10
9 66 10 10
9 67 10 9
9 68 9 10
9 69 10 9
9 70 10 9
9 71 9 9
9 72 10 9
9 73 9 10
9 74 9 9
9 75 9 9
9 76 10 9
9 77 9 10
9 78 9 10
9 79 10 9
9 80 9 10
9 81 10 10
9 82 9 10
9 83 10 10
9 84 10 9
9 85 9 9
9 86 10 10
9 87 10 10
9 88 10 10
9 89 10 10
9 90 9 9
9 91 9 9
9 92 10 9
9 93 10 10
9 94 9 10
9 95 9 10
9 96 9 9
9 97 9 10
9 98 10 10
9 99 9 10
10 11 98 97
10 12 10 10
10 13 9 10
10 14 10 10
10 15 10 9
10 16 9 9
10 17 9 9
10 18 10 10
10 19 9 10
10 20 10 10
10 21 9 10
10 22 9 10
10 23 9 10
10 24 10 9
10 25 9 10
10 26 10 10
10 27 9 9
10 28 9 10
10 29 10 10
10 30 10 9
10 31 10 10
10 32 10 10
10 33 10 10
10 34 9 9
10 35 9 9
10 36 10 10
10 37 9 9
10 38 9 9
10 39 10 10
10 40 9 10
10 41 9 9
10 42 10 10
10 43 9 9
10 44 10 9
10 45 9 10
10 46 9 10
10 47 10 10
10 48 9 10
10 49 9 9
10 50 10 10
10 51 9 10
10 52 9 10
10 53 10 10
10 54 10 10
10 55 10 9
10 56 9 10
10 57 9 10
10 58 10 9
10 59 10 9
10 60 9 9
10 61 9 9
10 62 9 9
10 63 10 10
10 64 10 10
10 65 9 9
10 66 9 9
10 67 10 9
10 68 9 9
10 69 10 9
10 70 9 9
10 71 10 9
10 72 10 9
10 73 10 9
10 74 10 9
10 75 10 9
10 76 9 9
10 77 10 9
10 78 9 9
10 79 10 10
10 80 9 9
10 81 10 9
10 82 10 10
10 83 9 9
10 84 10 9
10 85 9 9
10 86 10 9
10 87 9 10
10 88 9 10
10 89 10 10
10 90 9 10
10 91 9 10
10 92 9 9
10 93 10 9
10 94 9 10
10 95 10 10
10 96 9 10
10 97 10 10
10 98 10 9
10 99 10 9
11 12 10 9
11 13 9 10
11 14 10 10
11 15 9 10
11 16 9 10
11 17 9 10
11 18 9 10
11 19 9 10
11 20 9 9
11 21 10 10
11 22 9 10
11 23 9 9
11 24 10 9
11 25 9 9
11 26 9 9
11 27 10 10
11 28 10 9
11 29 9 10
11 30 9 9
11 31 9 9
11 32 9 9
11 33 9 10
11 34 10 10
11 35 10 9
11 36 9 10
11 37 9 9
11 38 9 9
11 39 9 10
11 40 10 10
11 41 9 9
11 42 10 9
11 43 10 9
11 44 9 10
11 45 9 10
11 46 9 9
11 47 10 9
11 48 10 10
11 49 9 10
11 50 9 10
11 51 10 10
11 52 10 9
11 53 9 9
11 54 10 10
11 55 10 9
11 56 9 9
11 57 9 10
11 58 10 9
11 59 9 9
11 60 9 10
11 61 9 9
11 62 10 9
11 63 9 10
11 64 10 9
11 65 10 10
11 66 9 10
11 67 10 10
11 68 10 10
11 69 9 10
11 70 10 10
11 71 10 10
11 72 9 10
11 73 9 9
11 74 10 10
11 75 10 10
11 76 10 9
11 77 10 10
11 78 10 10
11 79 9 10
11 80 10 9
11 81 10 9
11 82 10 9
11 83 9 10
11 84 10 10
11 85 10 9
11 86 10 9
11 87 10 10
11 88 9 9
11 89 9 10
11 90 9 9
11 91 10 10
11 92 9 9
11 93 9 9
11 94 10 9
11 95 10 9
11 96 9 9
11 97 10 10
11 98 9 9
11 99 10 9
12 13 99 98
12 14 98 96
12 15 96 99
12 16 9 9
12 17 10 9
12 18 9 9
12 19 9 9
12 20 9 9
12 21 9 10
12 22 10 10
12 23 9 9
12 24 10 9
12 25 9 9
12 26 10 9
12 27 10 10
12 28 10 9
12 29 9 10
12 30 10 9
12 31 9 10
12 32 10 9
12 33 10 9
12 34 10 9
12 35 9 9
12 36 10 9
12 37 10 9
12 38 10 9
12 39 10 10
12 40 10 10
12 41 9 10
12 42 9 10
12 43 9 9
12 44 10 9
12 45 10 9
12 46 9 10
12 47 9 9
12 48 10 9
12 49 10 10
12 50 9 10
12 51 10 9
12 52 10 10
12 53 9 9
12 54 10 10
12 55 9 9
12 56 9 9
12 57 10 10
12 58 9 9
12 59 9 10
12 60 9 10
12 61 10 10
12 62 9 9
12 63 9 10
12 64 10 9
12 65 10 10
12 66 9 10
12 67 9 9
12 68 9 10
12 69 9 9
12 70 10 10
12 71 9 9
12 72 9 10
12 73 10 9
12 74 10 10
12 75 9 9
12 76 9 9
12 77 10 9
12 78 9 10
12 79 9 9
12 80 9 9
12 81 9 10
12 82 9 10
12 83 10 10
12 84 10 10
12 85 9 10
12 86 9 10
12 87 9 9
12 88 9 10
12 89 10 10
12 90 9 9
12 91 9 10
12 92 9 10
12 93 10 9
12 94 9 9
12 95 9 10
12 96 9 9
12 97 9 9
12 98 10 9
12 99 9 10
13 14 95 93
13 15 98 99
13 16 9 9
13 17 9 9
13 18 9 9
13 19 9 9
13 20 10 9
13 21 9 9
13 22 9 10
13 23 9 10
13 24 9 9
13 25 9 9
13 26 9 10
13 27 9 10
13 28 9 9
13 29 9 10
13 30 9 10
13 31 10 9
13 32 9 10
13 33 9 10
13 34 10 9
13 35 9 10
13 36 10 10
13 37 10 9
13 38 9 9
13 39 9 10
13 40 9 9
13 41 9 9
13 42 9 9
13 43 10 9
13 44 10 9
13 45 10 10
13 46 10 9
13 47 10 9
13 48 10 9
13 49 9 10
13 50 9 10
13 51 10 10
13 52 9 10
13 53 9 10
13 54 9 10
13 55 9 9
13 56 10 10
13 57 9 9
13 58 10 9
13 59 9 9
13 60 9 10
13 61 10 9
13 62 10 9
13 63 10 10
13 64 9 9
13 65 10 9
13 66 10 9
13 67 10 10
13 68 9 10
13 69 9 10
13 70 9 9
13 71 10 10
13 72 9 9
13 73 10 9
13 74 10 9
13 75 9 9
13 76 10 10
13 77 9 9
13 78 10 9
13 79 9 10
13 80 10 9
13 81 10 9
13 82 9 10
13 83 10 10
13 84 9 9
13 85 9 10
13 86 10 10
13 87 9 10
13 88 10 9
13 89 9 9
13 90 10 9
13 91 10 10
13 92 9 10
13 93 9 10
13 94 9 9
13 95 10 9
13 96 9 9
13 97 10 10
13 98 10 10
13 99 9 10
14 15 98 91
14 16 9 9
14 17 10 9
14 18 9 10
14 19 9 10
14 20 9 10
14 21 9 9
14 22 9 10
14 23 10 9
14 24 10 9
14 25 9 10
14 26 10 10
14 27 9 10
14 28 10 10
14 29 10 9
14 30 9 10
14 31 10 9
14 32 9 9
14 33 10 10
14 34 9 10
14 35 9 9
14 36 10 10
14 37 9 9
14 38 10 10
14 39 9 10
14 40 9 10
14 41 9 10
14 42 9 10
14 43 10 10
14 44 9 10
14 45 9 9
14 46 10 9
14 47 9 9
14 48 9 9
14 49 10 9
14 50 10 9
14 51 9 10
14 52 9 10
14 53 9 10
14 54 9 10
14 55 9 10
14 56 10 9
14 57 9 9
14 58 10 10
14 59 9 10
14 60 9 10
14 61 10 10
14 62 10 9
14 63 9 9
14 64 9 10
14 65 9 10
14 66 9 10
14 67 9 9
14 68 9 10
14 69 9 9
14 70 9 9
14 71 9 10
14 72 9 9
14 73 9 10
14 74 9 9
14 75 9 9
14 76 10 9
14 77 10 9
14 78 10 9
14 79 10 9
14 80 10 10
14 81 9 9
14 82 10 9
14 83 9 10
14 84 9 9
14 85 9 9
14 86 10 10
14 87 10 9
14 88 9 9
14 89 10 9
14 90 9 9
14 91 10 10
14 92 10 9
14 93 10 9
14 94 10 10
14 95 10 9
14 96 9 9
14 97 10 9
14 98 9 10
14 99 9 9
15 16 9 10
15 17 10 10
15 18 10 10
15 19 9 10
15 20 9 10
15 21 10 10
15 22 10 9
15 23 9 10
15 24 9 9
15 25 9 9
15 26 10 10
15 27 10 10
15 28 10 10
15 29 9 9
15 30 9 9
15 31 10 10
15 32 9 10
15 33 9 9
15 34 10 9
15 35 9 9
15 36 9 9
15 37 10 10
15 38 9 9
15 39 9 9
15 40 9 9
15 41 9 9
15 42 10 9
15 43 9 10
15 44 10 9
15 45 10 9
15 46 9 10
15 47 10 10
15 48 9 10
15 49 10 10
15 50 9 9
15 51 9 10
15 52 10 10
15 53 9 10
15 54 9 10
15 55 9 10
15 56 10 10
15 57 10 10
15 58 9 9
15 59 10 9
15 60 9 10
15 61 9 10
15 62 10 9
15 63 9 10
15 64 9 10
15 65 10 10
15 66 10 9
15 67 10 10
15 68 9 10
15 69 10 10
15 70 10 10
15 71 10 10
15 72 10 10
15 73 9 10
15 74 9 10
15 75 10 10
15 76 9 9
15 77 9 9
15 78 10 10
15 79 9 9
15 80 9 9
15 81 10 9
15 82 10 10
15 83 9 9
15 84 10 10
15 85 10 10
15 86 10 9
15 87 10 10
15 88 10 9
15 89 9 10
15 90 10 10
15 91 9 9
15 92 9 9
15 93 9 9
15 94 9 10
15 95 9 9
15 96 10 9
15 97 10 9
15 98 10 9
15 99 9 9
16 17 96 96
16 18 97 98
16 19 92 99
16 20 10 10
16 21 9 9
16 22 10 9
16 23 9 10
16 24 10 9
16 25 10 10
16 26 10 10
16 27 10 10
16 28 10 10
16 29 9 9
16 30 10 9
16 31 10 10
16 32 10 9
16 33 10 10
16 34 9 9
16 35 9 10
16 36 9 10
16 37 9 10
16 38 9 9
16 39 10 10
16 40 10 9
16 41 9 10
16 42 10 10
16 43 10 9
16 44 9 9
16 45 10 10
16 46 10 9
16 47 10 10
16 48 10 10
16 49 9 10
16 50 9 10
16 51 10 10
16 52 9 10
16 53 10 9
16 54 9 9
16 55 10 9
16 56 9 10
16 57 9 9
16 58 10 10
16 59 9 9
16 60 9 9
16 61 9 10
16 62 10 9
16 63 10 10
16 64 9 10
16 65 10 10
16 66 10 10
16 67 9 9
16 68 10 9
16 69 10 10
16 70 9 10
16 71 9 10
16 72 9 9
16 73 10 9
16 74 9 9
16 75 9 9
16 76 9 10
16 77 9 10
16 78 9 10
16 79 10 10
16 80 9 10
16 81 9 9
16 82 9 9
16 83 10 9
16 84 10 9
16 85 9 9
16 86 10 9
16 87 9 10
16 88 10 10
16 89 10 10
16 90 9 9
16 91 10 10
16 92 10 10
16 93 9 10
16 94 10 9
16 95 9 9
16 96 10 9
16 97 10 10
16 98 10 10
16 99 10 10
17 18 94 95
17 19 92 100
17 20 9 9
17 21 10 9
17 22 9 9
17 23 9 10
17 24 10 9
17 25 10 9
17 26 10 9
17 27 10 9
17 28 10 10
17 29 9 9
17 30 9 9
17 31 9 9
17 32 10 10
17 33 9 9
17 34 10 9
17 35 9 9
17 36 10 9
17 37 9 10
17 38 9 9
17 39 10 9
17 40 10 10
17 41 10 10
17 42 9 9
17 43 10 9
17 44 9 9
17 45 9 10
17 46 9 10
17 47 10 10
17 48 10 9
17 49 9 10
17 50 9 10
17 51 10 10
17 52 10 10
17 53 9 10
17 54 9 10
17 55 10 9
17 56 9 10
17 57 9 9
17 58 10 9
17 59 9 10
17 60 9 10
17 61 10 10
17 62 9 9
17 63 9 10
17 64 9 10
17 65 9 10
17 66 10 10
17 67 9 9
17 68 9 10
17 69 10 10
17 70 10 9
17 71 10 9
17 72 10 10
17 73 9 9
17 74 10 9
17 75 10 10
17 76 10 9
17 77 10 9
17 78 10 9
17 79 9 10
17 80 9 9
17 81 10 10
17 82 9 10
17 83 9 9
17 84 10 9
17 85 9 9
17 86 9 10
17 87 10 10
17 88 9 9
17 89 9 9
17 90 9 10
17 91 10 9
17 92 10 10
17 93 9 9
17 94 9 9
17 95 9 9
17 96 9 10
17 97 9 10
17 98 10 9
17 99 10 9
18 19 98 94
18 20 9 9
18 21 9 9
18 22 9 10
18 23 10 9
18 24 9 9
18 25 9 9
18 26 10 9
18 27 10 9
18 28 9 10
18 29 10 10
18 30 9 10
18 31 9 10
18 32 9 9
18 33 10 9
18 34 10 9
18 35 9 9
18 36 9 10
18 37 10 10
18 38 9 9
18 39 10 9
18 40 9 9
18 41 9 10
18 42 9 9
18 43 9 9
18 44 9 10
18 45 9 10
18 46 10 9
18 47 9 10
18 48 9 9
18 49 10 10
18 50 10 9
18 51 9 10
18 52 9 10
18 53 9 9
18 54 9 10
18 55 9 10
18 56 10 10
18 57 9 10
18 58 10 10
18 59 10 9
18 60 10 10
18 61 10 9
18 62 9 10
18 63 9 9
18 64 9 10
18 65 9 9
18 66 9 9
18 67 10 10
18 68 10 9
18 69 9 10
18 70 9 9
18 71 9 10
18 72 10 9
18 73 10 10
18 74 9 10
18 75 10 10
18 76 10 10
18 77 10 10
18 78 10 10
18 79 10 9
18 80 10 9
18 81 10 10
18 82 9 10
18 83 10 10
18 84 9 10
18 85 10 9
18 86 9 9
18 87 10 10
18 88 10 9
18 89 9 10
18 90 9 9
18 91 9 10
18 92 10 9
18 93 9 9
18 94 10 10
18 95 9 10
18 96 10 10
18 97 9 10
18 98 9 9
18 99 9 9
19 20 10 9
19 21 10 9
19 22 10 10
19 23 9 9
19 24 9 10
19 25 10 9
19 26 9 10
19 27 10 9
19 28 9 9
19 29 9 10
19 30 10 9
19 31 9 10
19 32 10 10
19 33 9 9
19 34 9 10
19 35 9 9
19 36 9 10
19 37 9 9
19 38 9 9
19 39 9 9
19 40 9 9
19 41 10 10
19 42 9 9
19 43 9 10
19 44 10 9
19 45 10 10
19 46 10 10
19 47 10 9
19 48 10 9
19 49 10 10
19 50 10 9
19 51 9 10
19 52 10 9
19 53 9 10
19 54 10 9
19 55 10 10
19 56 9 10
19 57 10 9
19 58 10 10
19 59 10 9
19 60 10 10
19 61 10 10
19 62 9 9
19 63 10 9
19 64 10 10
19 65 9 10
19 66 9 10
19 67 10 9
19 68 10 10
19 69 9 9
19 70 10 10
19 71 10 10
19 72 9 9
19 73 9 9
19 74 10 10
19 75 10 9
19 76 10 10
19 77 9 9
19 78 9 10
19 79 9 9
19 80 9 9
19 81 10 10
19 82 9 10
19 83 10 9
19 84 10 9
19 85 9 9
19 86 9 10
19 87 10 10
19 88 10 9
19 89 9 10
19 90 9 9
19 91 9 9
19 92 10 10
19 93 9 9
19 94 10 9
19 95 9 9
19 96 10 10
19 97 10 10
19 98 9 9
19 99 10 9
20 21 98 91
20 22 92 95
20 23 97 98
20 24 9 10
20 25 10 10
20 26 9 10
20 27 9 9
20 28 10 10
20 29 10 10
20 30 9 10
20 31 9 10
20 32 10 9
20 33 9 10
20 34 9 9
20 35 9 10
20 36 10 9
20 37 10 10
20 38 9 9
20 39 10 9
20 40 9 9
20 41 10 10
20 42 9 9
20 43 9 9
20 44 9 9
20 45 10 10
20 46 9 10
20 47 10 9
20 48 10 10
20 49 9 9
20 50 10 9
20 51 10 9
20 52 9 9
20 53 10 9
20 54 9 10
20 55 10 10
20 56 10 9
20 57 9 10
20 58 10 9
20 59 10 9
20 60 10 10
20 61 9 9
20 62 10 9
20 63 9 10
20 64 10 10
20 65 9 9
20 66 10 9
20 67 9 10
20 68 9 10
20 69 9 10
20 70 9 9
20 71 9 9
20 72 10 10
20 73 10 10
20 74 9 10
20 75 10 10
20 76 9 10
20 77 9 10
20 78 10 10
20 79 10 9
20 80 10 9
20 81 9 9
20 82 9 10
20 83 10 10
20 84 9 9
20 85 9 9
20 86 10 10
20 87 10 9
20 88 10 9
20 89 9 10
20 90 10 10
20 91 10 9
20 92 9 10
20 93 10 9
20 94 9 10
20 95 10 9
20 96 10 9
20 97 10 9
20 98 10 9
20 99 10 9
21 22 100 93
21 23 97 94
21 24 10 9
21 25 10 10
21 26 9 10
21 27 9 9
21 28 10 9
21 29 9 10
21 30 10 10
21 31 10 9
21 32 9 10
21 33 9 10
21 34 10 9
21 35 10 9
21 36 9 10
21 37 10 9
21 38 10 10
21 39 9 10
21 40 9 9
21 41 9 9
21 42 9 10
21 43 10 9
21 44 9 9
21 45 9 10
21 46 10 10
21 47 10 9
21 48 9 9
21 49 10 10
21 50 10 9
21 51 10 10
21 52 9 9
21 53 10 9
21 54 10 10
21 55 9 10
21 56 9 10
21 57 10 10
21 58 10 9
21 59 10 9
21 60 10 9
21 61 9 10
21 62 10 9
21 63 9 9
21 64 10 10
21 65 9 9
21 66 9 10
21 67 10 10
21 68 9 9
21 69 9 9
21 70 10 10
21 71 9 9
21 72 10 10
21 73 9 10
21 74 10 9
21 75 9 9
21 76 9 10
21 77 9 9
21 78 10 10
21 79 10 9
21 80 9 9
21 81 10 9
21 82 9 9
21 83 10 9
21 84 10 9
21 85 10 10
21 86 9 10
21 87 9 9
21 88 9 9
21 89 9 9
21 90 10 10
21 91 10 9
21 92 10 9
21 93 9 9
21 94 9 9
21 95 10 9
21 96 10 10
21 97 10 9
21 98 9 9
21 99 9 10
22 23 97 99
22 24 10 9
22 25 9 10
22 26 10 10
22 27 9 10
22 28 10 9
22 29 10 10
22 30 10 10
22 31 10 10
22 32 9 9
22 33 9 9
22 34 9 9
22 35 9 9
22 36 10 9
22 37 9 9
22 38 10 9
22 39 9 9
22 40 9 10
22 41 10 10
22 42 10 10
22 43 9 9
22 44 10 9
22 45 9 10
22 46 10 9
22 47 9 10
22 48 10 9
22 49 9 10
22 50 10 9
22 51 9 9
22 52 9 9
22 53 10 10
22 54 9 10
22 55 9 10
22 56 9 9
22 57 9 9
22 58 9 10
22 59 9 10
22 60 10 10
22 61 10 10
22 62 9 9
22 63 9 10
22 64 10 10
22 65 10 9
22 66 9 9
22 67 9 10
22 68 10 10
22 69 10 9
22 70 10 9
22 71 10 9
22 72 9 9
22 73 10 10
22 74 10 10
22 75 10 9
22 76 10 10
22 77 10 10
22 78 10 9
22 79 10 9
22 80 10 9
22 81 10 10
22 82 10 9
22 83 10 10
22 84 9 10
22 85 10 9
22 86 10 9
22 87 10 9
22 88 9 9
22 89 9 10
22 90 10 9
22 91 9 9
22 92 10 9
22 93 9 9
22 94 9 10
22 95 10 10
22 96 10 9
22 97 9 10
22 98 10 10
22 99 10 9
23 24 9 9
23 25 9 9
23 26 10 10
23 27 9 10
23 28 9 9
23 29 10 10
23 30 10 9
23 31 9 10
23 32 9 9
23 33 9 9
23 34 9 9
23 35 9 9
23 36 9 10
23 37 10 10
23 38 10 9
23 39 10 10
23 40 10 9
23 41 10 10
23 42 9 10
23 43 9 10
23 44 9 10
23 45 10 9
23 46 9 10
23 47 9 9
23 48 10 10
23 49 9 10
23 50 9 10
23 51 10 9
23 52 9 10
23 53 10 9
23 54 9 9
23 55 10 10
23 56 10 10
23 57 9 10
23 58 9 10
23 59 10 9
23 60 10 10
23 61 10 9
23 62 9 10
23 63 10 10
23 64 9 10
23 65 10 9
23 66 9 9
23 67 9 9
23 68 10 9
23 69 10 10
23 70 10 9
23 71 9 10
23 72 9 10
23 73 9 10
23 74 9 10
23 75 10 10
23 76 10 9
23 77 10 9
23 78 10 10
23 79 9 9
23 80 10 10
23 81 10 9
23 82 9 9
23 83 9 10
23 84 10 9
23 85 9 10
23 86 10 10
23 87 9 10
23 88 9 9
23 89 9 9
23 90 9 10
23 91 9 9
23 92 9 10
23 93 10 9
23 94 10 9
23 95 9 9
23 96 10 10
23 97 10 9
23 98 9 9
23 99 10 9
24 25 98 91
24 26 94 99
24 27 96 93
24 28 9 10
24 29 10 10
24 30 9 9
24 31 10 10
24 32 9 10
24 33 10 9
24 34 10 10
24 35 9 10
24 36 9 9
24 37 10 10
24 38 9 9
24 39 10 9
24 40 10 10
24 41 9 9
24 42 9 9
24 43 10 9
24 44 10 9
24 45 9 10
24 46 9 10
24 47 10 9
24 48 10 9
24 49 9 9
24 50 9 9
24 51 9 10
24 52 9 10
24 53 9 10
24 54 9 9
24 55 10 10
24 56 10 9
24 57 9 9
24 58 9 10
24 59 10 9
24 60 10 9
24 61 10 9
24 62 10 9
24 63 9 9
24 64 10 10
24 65 10 10
24 66 9 10
24 67 10 9
24 68 10 10
24 69 9 10
24 70 9 9
24 71 10 10
24 72 9 9
24 73 10 10
24 74 9 10
24 75 10 9
24 76 10 10
24 77 9 9
24 78 9 9
24 79 9 9
24 80 9 10
24 81 9 10
24 82 10 10
24 83 10 10
24 84 9 10
24 85 9 9
24 86 9 10
24 87 10 9
24 88 9 10
24 89 9 9
24 90 10 9
24 91 10 9
24 92 10 9
24 93 10 9
24 94 10 10
24 95 9 9
24 96 9 10
24 97 10 10
24 98 9 10
24 99 10 9
25 26 91 92
25 27 98 92
25 28 10 10
25 29 10 9
25 30 9 9
25 31 9 10
25 32 9 10
25 33 10 9
25 34 10 9
25 35 9 9
25 36 9 9
25 37 10 10
25 38 9 9
25 39 9 9
25 40 9 9
25 41 9 10
25 42 9 10
25 43 9 10
25 44 9 10
25 45 9 9
25 46 10 9
25 47 10 9
25 48 10 10
25 49 9 9
25 50 10 10
25 51 9 9
25 52 10 10
25 53 10 9
25 54 10 10
25 55 9 9
25 56 10 10
25 57 9 9
25 58 9 9
25 59 9 10
25 60 9 9
25 61 10 9
25 62 10 10
25 63 10 10
25 64 10 10
25 65 10 9
25 66 9 10
25 67 9 10
25 68 9 9
25 69 9 10
25 70 10 9
25 71 10 10
25 72 10 9
25 73 10 10
25 74 9 9
25 75 10 9
25 76 10 9
25 77 10 9
25 78 9 9
25 79 9 10
25 80 9 10
25 81 10 10
25 82 9 9
25 83 10 9
25 84 10 10
25 85 9 9
25 86 10 9
25 87 9 10
25 88 9 9
25 89 10 9
25 90 9 9
25 91 9 9
25 92 9 10
25 93 10 9
25 94 9 10
25 95 9 10
25 96 9 10
25 97 10 10
25 98 9 9
25 99 9 10
26 27 100 92
26 28 10 9
26 29 9 9
26 30 9 9
26 31 9 9
26 32 10 10
26 33 9 9
26 34 10 9
26 35 9 9
26 36 9 10
26 37 9 9
26 38 9 9
26 39 10 9
26 40 10 10
26 41 10 9
26 42 9 9
26 43 9 10
26 44 9 9
26 45 10 10
26 46 10 9
26 47 9 9
26 48 10 10
26 49 10 10
26 50 10 10
26 51 10 9
26 52 10 10
26 53 9 10
26 54 9 9
26 55 9 10
26 56 9 9
26 57 9 9
26 58 10 10
26 59 9 10
26 60 9 9
26 61 9 10
26 62 10 9
26 63 9 10
26 64 10 9
26 65 9 9
26 66 9 9
26 67 9 9
26 68 10 10
26 69 10 10
26 70 9 10
26 71 10 9
26 72 10 10
26 73 10 10
26 74 10 10
26 75 9 9
26 76 10 9
26 77 9 10
26 78 10 9
26 79 10 9
26 80 10 9
26 81 10 10
26 82 10 10
26 83 9 10
26 84 10 9
26 85 9 10
26 86 10 9
26 87 10 9
26 88 10 9
26 89 10 9
26 90 10 10
26 91 9 10
26 92 10 10
26 93 9 9
26 94 10 10
26 95 9 10
26 96 9 10
26 97 10 10
26 98 10 10
26 99 10 10
27 28 9 9
27 29 10 10
27 30 10 10
27 31 9 9
27 32 9 9
27 33 10 10
27 34 10 10
27 35 9 10
27 36 9 9
27 37 10 9
27 38 10 9
27 39 10 9
27 40 10 9
27 41 9 10
27 42 9 9
27 43 9 9
27 44 10 9
27 45 9 10
27 46 9 9
27 47 9 10
27 48 9 9
27 49 10 9
27 50 9 9
27 51 10 9
27 52 10 10
27 53 10 10
27 54 10 9
27 55 9 9
27 56 10 9
27 57 9 9
27 58 10 10
27 59 10 9
27 60 10 9
27 61 9 10
27 62 10 10
27 63 9 10
27 64 9 9
27 65 10 9
27 66 9 9
27 67 10 9
27 68 9 10
27 69 10 9
27 70 10 9
27 71 9 9
27 72 10 9
27 73 9 9
27 74 9 9
27 75 9 10
27 76 9 9
27 77 9 9
27 78 9 9
27 79 10 10
27 80 9 9
27 81 9 9
27 82 9 10
27 83 10 9
27 84 10 10
27 85 9 10
27 86 10 9
27 87 10 9
27 88 10 9
27 89 9 9
27 90 10 10
27 91 10 10
27 92 9 10
27 93 9 10
27 94 10 10
27 95 10 9
27 96 9 9
27 97 9 10
27 98 10 9
27 99 10 10
28 29 96 97
28 30 97 93
28 31 93 98
28 32 9 10
28 33 10 10
28 34 9 10
28 35 10 9
28 36 9 9
28 37 9 9
28 38 9 9
28 39 9 10
28 40 9 9
28 41 9 10
28 42 10 9
28 43 10 9
28 44 9 9
28 45 10 9
28 46 10 10
28 47 9 9
28 48 9 10
28 49 9 10
28 50 10 10
28 51 9 9
28 52 9 10
28 53 10 9
28 54 9 9
28 55 10 9
28 56 9 9
28 57 10 9
28 58 10 9
28 59 9 9
28 60 10 10
28 61 9 10
28 62 10 10
28 63 10 9
28 64 9 10
28 65 9 10
28 66 10 9
28 67 10 9
28 68 10 10
28 69 10 9
28 70 9 10
28 71 10 10
28 72 10 10
28 73 10 9
28 74 10 10
28 75 9 9
28 76 9 10
28 77 10 9
28 78 10 9
28 79 9 9
28 80 9 10
28 81 9 9
28 82 9 10
28 83 10 10
28 84 9 10
28 85 9 10
28 86 10 10
28 87 10 10
28 88 9 9
28 89 10 9
28 90 10 10
28 91 10 9
28 92 10 10
28 93 9 10
28 94 10 10
28 95 9 9
28 96 10 9
28 97 9 9
28 98 10 9
28 99 9 10
29 30 97 93
29 31 99 96
29 32 10 10
29 33 9 9
29 34 9 10
29 35 9 9
29 36 9 9
29 37 10 9
29 38 9 10
29 39 9 10
29 40 10 10
29 41 9 10
29 42 10 10
29 43 10 9
29 44 9 9
29 45 9 9
29 46 10 9
29 47 9 9
29 48 9 10
29 49 9 9
29 50 9 9
29 51 10 10
29 52 10 10
29 53 10 9
29 54 10 10
29 55 10 10
29 56 9 9
29 57 10 10
29 58 9 10
29 59 9 10
29 60 9 9
29 61 9 9
29 62 9 10
29 63 9 10
29 64 10 10
29 65 10 9
29 66 10 10
29 67 10 9
29 68 10 10
29 69 9 10
29 70 9 9
29 71 10 10
29 72 9 9
29 73 10 9
29 74 10 9
29 75 9 10
29 76 9 10
29 77 9 10
29 78 10 9
29 79 9 9
29 80 10 10
29 81 9 9
29 82 10 9
29 83 10 9
29 84 10 10
29 85 9 10
29 86 10 9
29 87 9 9
29 88 10 9
29 89 10 10
29 90 10 9
29 91 9 9
29 92 10 9
29 93 10 9
29 94 10 9
29 95 9 10
29 96 10 9
29 97 9 9
29 98 9 9
29 99 10 10
30 31 93 94
30 32 9 10
30 33 9 10
30 34 10 10
30 35 10 10
30 36 10 10
30 37 9 10
30 38 9 10
30 39 9 9
30 40 9 10
30 41 10 9
30 42 10 10
30 43 9 10
30 44 10 9
30 45 10 10
30 46 9 9
30 47 10 9
30 48 9 9
30 49 9 10
30 50 9 10
30 51 9 10
30 52 9 9
30 53 10 9
30 54 9 9
30 55 9 9
30 56 9 9
30 57 9 10
30 58 9 10
30 59 9 10
30 60 10 10
30 61 9 9
30 62 10 10
30 63 10 10
30 64 9 9
30 65 9 10
30 66 9 9
30 67 9 10
30 68 9 10
30 69 10 10
30 70 9 9
30 71 10 9
30 72 9 9
30 73 9 9
30 74 9 9
30 75 9 10
30 76 9 9
30 77 10 9
30 78 9 9
30 79 9 10
30 80 10 9
30 81 10 10
30 82 9 9
30 83 9 9
30 84 9 9
30 85 9 9
30 86 10 9
30 87 10 9
30 88 9 9
30 89 10 10
30 90 9 10
30 91 9 10
30 92 9 10
30 93 10 9
30 94 10 9
30 95 9 9
30 96 9 10
30 97 9 9
30 98 9 10
30 99 10 10
31 32 10 10
31 33 10 10
31 34 10 9
31 35 10 9
31 36 10 9
31 37 10 10
31 38 9 9
31 39 10 9
31 40 10 10
31 41 9 10
31 42 10 10
31 43 9 10
31 44 9 10
31 45 9 9
31 46 10 10
31 47 10 9
31 48 9 10
31 49 10 10
31 50 10 9
31 51 10 10
31 52 9 10
31 53 10 9
31 54 10 10
31 55 9 10
31 56 9 9
31 57 9 9
31 58 10 10
31 59 10 9
31 60 10 10
31 61 10 9
31 62 10 9
31 63 9 9
31 64 9 9
31 65 10 10
31 66 10 10
31 67 9 9
31 68 10 9
31 69 10 10
31 70 10 10
31 71 10 9
31 72 10 9
31 73 10 9
31 74 10 9
31 75 10 10
31 76 9 9
31 77 10 9
31 78 10 9
31 79 9 9
31 80 10 9
31 81 10 10
31 82 10 9
31 83 9 10
31 84 10 10
31 85 10 10
31 86 10 10
31 87 10 10
31 88 9 9
31 89 10 9
31 90 10 9
31 91 10 10
31 92 9 9
31 93 9 10
31 94 10 9
31 95 10 10
31 96 9 9
31 97 10 9
31 98 10 10
31 99 9 9
32 33 95 94
32 34 100 100
32 35 93 93
32 36 10 10
32 37 9 10
32 38 10 10
32 39 10 10
32 40 9 9
32 41 9 9
32 42 10 10
32 43 9 10
32 44 10 10
32 45 10 9
32 46 10 10
32 47 10 10
32 48 9 10
32 49 9 9
32 50 10 9
32 51 10 10
32 52 10 10
32 53 10 10
32 54 9 9
32 55 9 10
32 56 9 10
32 57 9 9
32 58 10 10
32 59 9 10
32 60 9 10
32 61 10 10
32 62 10 9
32 63 10 9
32 64 9 9
32 65 9 9
32 66 10 9
32 67 9 10
32 68 9 9
32 69 9 9
32 70 10 9
32 71 9 10
32 72 10 9
32 73 9 10
32 74 9 9
32 75 10 10
32 76 10 10
32 77 10 10
32 78 10 9
32 79 10 10
32 80 10 10
32 81 10 10
32 82 9 10
32 83 9 9
32 84 10 9
32 85 10 10
32 86 10 9
32 87 9 9
32 88 10 10
32 89 10 10
32 90 10 10
32 91 9 9
32 92 10 10
32 93 9 9
32 94 10 9
32 95 9 9
32 96 9 10
32 97 10 10
32 98 9 10
32 99 9 10
33 34 97 99
33 35 100 99
33 36 10 10
33 37 9 9
33 38 10 9
33 39 10 10
33 40 10 10
33 41 10 10
33 42 10 9
33 43 9 9
33 44 9 9
33 45 10 10
33 46 9 10
33 47 10 10
33 48 9 9
33 49 10 10
33 50 10 10
33 51 10 9
33 52 10 10
33 53 10 10
33 54 9 10
33 55 9 9
33 56 10 9
33 57 9 10
33 58 9 10
33 59 9 9
33 60 9 10
33 61 10 10
33 62 10 10
33 63 10 10
33 64 10 9
33 65 10 10
33 66 10 10
33 67 9 10
33 68 9 10
33 69 10 10
33 70 10 9
33 71 10 9
33 72 10 9
33 73 9 10
33 74 10 10
33 75 10 9
33 76 10 10
33 77 10 9
33 78 10 9
33 79 9 10
33 80 10 9
33 81 10 10
33 82 10 10
33 83 10 9
33 84 10 9
33 85 10 9
33 86 9 9
33 87 9 9
33 88 9 10
33 89 9 9
33 90 9 10
33 91 10 10
33 92 10 9
33 93 10 10
33 94 9 10
33 95 10 9
33 96 9 9
33 97 9 9
33 98 9 10
33 99 10 9
34 35 96 95
34 36 9 10
34 37 9 10
34 38 10 10
34 39 10 9
34 40 9 10
34 41 9 9
34 42 9 10
34 43 9 9
34 44 10 9
34 45 9 9
34 46 10 9
34 47 10 10
34 48 10 10
34 49 10 9
34 50 9 9
34 51 10 10
34 52 9 9
34 53 10 9
34 54 9 10
34 55 10 10
34 56 9 10
34 57 9 10
34 58 10 9
34 59 9 10
34 60 9 9
34 61 9 9
34 62 9 10
34 63 10 9
34 64 10 10
34 65 9 10
34 66 10 10
34 67 10 9
34 68 9 9
34 69 10 9
34 70 10 9
34 71 10 9
34 72 9 10
34 73 9 9
34 74 9 10
34 75 9 10
34 76 10 10
34 77 9 10
34 78 10 10
34 79 10 10
34 80 10 10
34 81 9 10
34 82 10 9
34 83 9 9
34 84 10 10
34 85 10 10
34 86 10 10
34 87 9 9
34 88 9 10
34 89 9 10
34 90 10 9
34 91 9 10
34 92 10 9
34 93 9 10
34 94 10 10
34 95 10 10
34 96 9 10
34 97 9 10
34 98 10 9
34 99 10 10
35 36 9 10
35 37 10 10
35 38 10 10
35 39 10 10
35 40 10 10
35 41 9 9
35 42 10 10
35 43 9 9
35 44 10 9
35 45 10 10
35 46 10 9
35 47 10 10
35 48 9 9
35 49 9 9
35 50 10 9
35 51 10 9
35 52 10 10
35 53 9 10
35 54 10 10
35 55 9 10
35 56 10 9
35 57 10 9
35 58 9 9
35 59 9 9
35 60 9 9
35 61 9 10
35 62 10 10
35 63 10 9
35 64 9 10
35 65 10 9
35 66 9 10
35 67 9 9
35 68 10 10
35 69 9 9
35 70 10 9
35 71 10 9
35 72 10 10
35 73 9 10
35 74 10 10
35 75 10 9
35 76 10 10
35 77 9 9
35 78 10 10
35 79 10 10
35 80 9 10
35 81 9 9
35 82 10 9
35 83 9 9
35 84 9 10
35 85 10 10
35 86 10 9
35 87 9 10
35 88 9 9
35 89 9 10
35 90 10 10
35 91 10 10
35 92 9 9
35 93 9 10
35 94 9 9
35 95 10 9
35 96 9 9
35 97 10 9
35 98 9 9
35 99 10 9
36 37 99 94
36 38 96 95
36 39 93 92
36 40 9 10
36 41 9 9
36 42 9 9
36 43 10 9
36 44 9 10
36 45 10 10
36 46 9 10
36 47 9 10
36 48 10 9
36 49 9 10
36 50 9 9
36 51 9 9
36 52 9 9
36 53 9 9
36 54 9 10
36 55 10 9
36 56 9 9
36 57 9 9
36 58 9 9
36 59 10 10
36 60 10 10
36 61 10 9
36 62 9 10
36 63 10 10
36 64 9 9
36 65 10 10
36 66 10 10
36 67 9 9
36 68 10 10
36 69 10 9
36 70 9 10
36 71 10 9
36 72 9 9
36 73 10 10
36 74 10 10
36 75 9 9
36 76 9 9
36 77 10 9
36 78 10 9
36 79 9 9
36 80 10 10
36 81 9 9
36 82 9 10
36 83 9 10
36 84 10 9
36 85 10 9
36 86 9 10
36 87 10 10
36 88 9 10
36 89 10 10
36 90 9 9
36 91 9 9
36 92 10 9
36 93 9 10
36 94 10 9
36 95 9 9
36 96 9 10
36 97 10 9
36 98 10 9
36 99 10 10
37 38 98 93
37 39 97 99
37 40 10 9
37 41 9 10
37 42 9 10
37 43 9 9
37 44 9 9
37 45 9 10
37 46 10 9
37 47 10 9
37 48 10 9
37 49 9 9
37 50 10 10
37 51 9 9
37 52 9 10
37 53 9 10
37 54 10 9
37 55 10 10
37 56 9 10
37 57 10 10
37 58 10 10
37 59 9 9
37 60 10 10
37 61 10 10
37 62 10 9
37 63 9 9
37 64 9 10
37 65 10 9
37 66 10 10
37 67 10 10
37 68 10 10
37 69 9 9
37 70 9 10
37 71 9 10
37 72 9 9
37 73 10 9
37 74 10 10
37 75 9 10
37 76 9 9
37 77 10 9
37 78 10 9
37 79 9 9
37 80 10 9
37 81 10 10
37 82 9 10
37 83 9 10
37 84 10 10
37 85 10 9
37 86 9 10
37 87 9 10
37 88 9 10
37 89 10 9
37 90 10 10
37 91 9 10
37 92 9 10
37 93 10 10
37 94 9 10
37 95 10 10
37 96 9 9
37 97 10 10
37 98 9 10
37 99 9 9
38 39 94 99
38 40 10 10
38 41 9 9
38 42 9 9
38 43 9 10
38 44 9 10
38 45 10 10
38 46 9 10
38 47 9 9
38 48 10 9
38 49 9 10
38 50 9 10
38 51 9 9
38 52 10 9
38 53 9 9
38 54 10 10
38 55 9 9
38 56 10 10
38 57 10 10
38 58 10 10
38 59 10 10
38 60 10 9
38 61 10 9
38 62 9 9
38 63 9 10
38 64 9 10
38 65 10 9
38 66 9 9
38 67 9 9
38 68 10 10
38 69 9 10
38 70 10 10
38 71 9 9
38 72 9 9
38 73 9 10
38 74 10 9
38 75 9 10
38 76 9 10
38 77 9 9
38 78 10 10
38 79 9 10
38 80 9 9
38 81 10 10
38 82 9 10
38 83 10 9
38 84 10 10
38 85 9 10
38 86 10 10
38 87 9 9
38 88 9 9
38 89 10 10
38 90 9 9
38 91 9 9
38 92 9 10
38 93 10 10
38 94 10 10
38 95 9 9
38 96 9 10
38 97 10 9
38 98 10 10
38 99 10 9
39 40 9 9
39 41 9 9
39 42 9 9
39 43 10 9
39 44 9 10
39 45 9 9
39 46 9 9
39 47 10 9
39 48 10 10
39 49 9 9
39 50 10 9
39 51 9 10
39 52 9 10
39 53 10 10
39 54 10 9
39 55 9 10
39 56 9 9
39 57 10 9
39 58 9 9
39 59 10 9
39 60 10 10
39 61 10 9
39 62 10 9
39 63 9 9
39 64 10 9
39 65 10 9
39 66 10 10
39 67 9 10
39 68 10 10
39 69 9 10
39 70 10 9
39 71 10 9
39 72 9 10
39 73 10 10
39 74 10 9
39 75 9 9
39 76 9 10
39 77 10 10
39 78 9 9
39 79 10 10
39 80 9 9
39 81 9 9
39 82 10 9
39 83 9 10
39 84 10 9
39 85 10 10
39 86 9 9
39 87 10 9
39 88 9 10
39 89 9 9
39 90 10 9
39 91 10 9
39 92 9 10
39 93 9 9
39 94 10 10
39 95 10 9
39 96 9 10
39 97 10 9
39 98 10 9
39 99 9 10
40 41 92 94
40 42 97 98
40 43 92 91
40 44 9 9
40 45 9 10
40 46 9 10
40 47 9 9
40 48 9 9
40 49 9 9
40 50 10 9
40 51 10 10
40 52 9 10
40 53 10 9
40 54 9 9
40 55 9 9
40 56 10 9
40 57 10 9
40 58 9 9
40 59 9 9
40 60 9 9
40 61 9 10
40 62 10 10
40 63 10 9
40 64 9 9
40 65 9 9
40 66 10 9
40 67 9 10
40 68 9 10
40 69 9 9
40 70 9 9
40 71 10 10
40 72 9 10
40 73 9 9
40 74 10 9
40 75 10 9
40 76 10 10
40 77 10 10
40 78 9 10
40 79 9 10
40 80 10 9
40 81 9 10
40 82 10 10
40 83 10 10
40 84 9 10
40 85 9 10
40 86 9 10
40 87 9 10
40 88 9 10
40 89 9 10
40 90 10 9
40 91 10 10
40 92 9 9
40 93 10 10
40 94 10 9
40 95 10 9
40 96 10 10
40 97 9 10
40 98 10 10
40 99 10 10
41 42 99 100
41 43 94 92
41 44 9 10
41 45 9 9
41 46 9 9
41 47 10 9
41 48 10 9
41 49 10 10
41 50 10 9
41 51 9 10
41 52 10 10
41 53 9 9
41 54 10 9
41 55 10 9
41 56 9 10
41 57 9 9
41 58 10 10
41 59 9 10
41 60 10 10
41 61 10 10
41 62 9 9
41 63 9 9
41 64 9 10
41 65 9 9
41 66 10 10
41 67 10 9
41 68 10 9
41 69 9 10
41 70 10 10
41 71 10 9
41 72 10 10
41 73 9 9
41 74 9 10
41 75 10 9
41 76 10 10
41 77 10 9
41 78 9 10
41 79 9 9
41 80 9 9
41 81 9 10
41 82 10 9
41 83 10 10
41 84 10 10
41 85 9 10
41 86 9 9
41 87 10 9
41 88 9 10
41 89 9 10
41 90 10 10
41 91 10 9
41 92 10 9
41 93 9 9
41 94 9 9
41 95 9 9
41 96 9 10
41 97 9 9
41 98 9 10
41 99 9 10
42 43 97 91
42 44 9 9
42 45 10 9
42 46 10 10
42 47 9 9
42 48 9 10
42 49 9 9
42 50 9 9
42 51 9 9
42 52 10 10
42 53 10 10
42 54 9 10
42 55 9 10
42 56 9 9
42 57 9 10
42 58 9 9
42 59 10 9
42 60 10 10
42 61 10 10
42 62 9 10
42 63 10 9
42 64 9 9
42 65 9 10
42 66 9 10
42 67 10 9
42 68 10 10
42 69 9 9
42 70 10 9
42 71 9 10
42 72 9 10
42 73 9 9
42 74 10 10
42 75 10 9
42 76 10 10
42 77 10 9
42 78 10 10
42 79 10 10
42 80 10 9
42 81 9 9
42 82 10 9
42 83 9 10
42 84 10 10
42 85 9 9
42 86 10 10
42 87 9 9
42 88 9 10
42 89 9 9
42 90 9 10
42 91 10 10
42 92 9 9
42 93 9 9
42 94 10 10
42 95 10 9
42 96 10 10
42 97 9 9
42 98 9 10
42 99 9 10
43 44 9 10
43 45 9 9
43 46 10 9
43 47 10 10
43 48 9 10
43 49 9 9
43 50 10 10
43 51 9 9
43 52 9 10
43 53 10 10
43 54 10 9
43 55 10 9
43 56 9 10
43 57 10 10
43 58 9 10
43 59 9 10
43 60 9 10
43 61 10 10
43 62 9 10
43 63 9 10
43 64 9 10
43 65 10 9
43 66 9 9
43 67 9 10
43 68 10 9
43 69 9 9
43 70 10 9
43 71 9 9
43 72 9 10
43 73 10 9
43 74 9 10
43 75 9 10
43 76 10 10
43 77 10 10
43 78 9 9
43 79 9 9
43 80 9 10
43 81 10 10
43 82 9 9
43 83 10 10
43 84 10 9
43 85 10 10
43 86 9 9
43 87 9 10
43 88 9 10
43 89 9 10
43 90 10 10
43 91 10 10
43 92 10 10
43 93 10 9
43 94 10 9
43 95 10 10
43 96 10 9
43 97 10 10
43 98 9 9
43 99 9 9
44 45 94 96
44 46 99 99
44 47 98 96
44 48 9 9
44 49 10 10
44 50 10 9
44 51 9 10
44 52 9 10
44 53 10 9
44 54 10 10
44 55 10 10
44 56 10 10
44 57 10 9
44 58 10 10
44 59 9 10
44 60 10 9
44 61 9 10
44 62 9 10
44 63 9 9
44 64 10 10
44 65 10 9
44 66 9 9
44 67 9 10
44 68 9 10
44 69 10 9
44 70 10 9
44 71 9 9
44 72 10 9
44 73 9 9
44 74 10 10
44 75 10 9
44 76 10 9
44 77 10 10
44 78 10 9
44 79 9 9
44 80 10 10
44 81 10 10
44 82 9 9
44 83 10 10
44 84 10 10
44 85 9 9
44 86 10 10
44 87 9 9
44 88 9 10
44 89 9 10
44 90 9 9
44 91 10 9
44 92 9 9
44 93 10 10
44 94 10 9
44 95 9 10
44 96 9 9
44 97 10 10
44 98 10 9
44 99 10 10
45 46 91 99
45 47 94 99
45 48 10 9
45 49 9 9
45 50 10 10
45 51 9 10
45 52 10 9
45 53 9 9
45 54 10 10
45 55 9 9
45 56 10 9
45 57 10 9
45 58 10 9
45 59 9 9
45 60 9 9
45 61 9 9
45 62 9 10
45 63 9 10
45 64 10 10
45 65 10 10
45 66 10 10
45 67 9 10
45 68 9 10
45 69 9 10
45 70 9 9
45 71 10 10
45 72 9 9
45 73 9 10
45 74 10 10
45 75 9 10
45 76 9 9
45 77 9 9
45 78 9 10
45 79 9 10
45 80 9 10
45 81 9 9
45 82 10 10
45 83 9 9
45 84 10 10
45 85 9 9
45 86 9 10
45 87 9 9
45 88 10 9
45 89 10 9
45 90 10 9
45 91 9 10
45 92 10 9
45 93 10 9
45 94 9 9
45 95 9 9
45 96 10 9
45 97 10 9
45 98 10 9
45 99 9 9
46 47 92 93
46 48 9 9
46 49 9 9
46 50 9 9
46 51 9 10
46 52 10 10
46 53 10 9
46 54 9 10
46 55 9 9
46 56 10 10
46 57 10 10
46 58 9 9
46 59 10 10
46 60 10 9
46 61 9 9
46 62 9 10
46 63 9 10
46 64 9 9
46 65 10 10
46 66 9 9
46 67 10 9
46 68 9 10
46 69 10 10
46 70 9 9
46 71 10 10
46 72 9 10
46 73 9 9
46 74 10 10
46 75 10 9
46 76 9 9
46 77 9 10
46 78 10 10
46 79 9 10
46 80 9 9
46 81 9 10
46 82 10 10
46 83 9 9
46 84 9 9
46 85 9 10
46 86 9 9
46 87 9 10
46 88 10 9
46 89 9 10
46 90 9 9
46 91 10 10
46 92 9 9
46 93 10 9
46 94 10 9
46 95 10 9
46 96 10 9
46 97 10 10
46 98 9 10
46 99 10 10
47 48 10 10
47 49 9 10
47 50 9 10
47 51 10 9
47 52 9 9
47 53 9 9
47 54 9 9
47 55 9 9
47 56 10 10
47 57 9 9
47 58 9 9
47 59 10 10
47 60 10 10
47 61 10 9
47 62 9 10
47 63 10 9
47 64 9 10
47 65 9 9
47 66 9 9
47 67 9 10
47 68 9 10
47 69 9 10
47 70 9 10
47 71 9 10
47 72 10 10
47 73 9 9
47 74 9 10
47 75 9 10
47 76 10 9
47 77 9 9
47 78 9 10
47 79 9 10
47 80 10 10
47 81 9 10
47 82 9 9
47 83 9 9
47 84 10 10
47 85 9 9
47 86 10 9
47 87 10 9
47 88 10 10
47 89 10 10
47 90 9 10
47 91 10 10
47 92 9 9
47 93 10 9
47 94 9 10
47 95 10 10
47 96 10 9
47 97 10 10
47 98 10 10
47 99 10 10
48 49 95 96
48 50 92 94
48 51 97 100
48 52 10 9
48 53 9 9
48 54 10 9
48 55 10 9
48 56 10 10
48 57 9 10
48 58 10 10
48 59 10 10
48 60 9 9
48 61 9 10
48 62 9 10
48 63 9 9
48 64 9 9
48 65 9 10
48 66 9 10
48 67 9 10
48 68 10 10
48 69 9 10
48 70 9 10
48 71 9 10
48 72 10 10
48 73 10 9
48 74 9 9
48 75 9 9
48 76 9 10
48 77 9 10
48 78 9 10
48 79 9 10
48 80 9 10
48 81 9 9
48 82 9 9
48 83 9 10
48 84 9 10
48 85 10 10
48 86 10 10
48 87 10 9
48 88 10 9
48 89 9 10
48 90 9 9
48 91 10 10
48 92 9 9
48 93 10 10
48 94 9 10
48 95 10 9
48 96 9 9
48 97 9 10
48 98 9 10
48 99 10 10
49 50 92 96
49 51 97 96
49 52 9 9
49 53 9 9
49 54 9 10
49 55 10 10
49 56 10 10
49 57 9 9
49 58 9 9
49 59 9 9
49 60 10 10
49 61 9 9
49 62 9 10
49 63 9 9
49 64 10 10
49 65 10 9
49 66 10 10
49 67 9 9
49 68 9 9
49 69 9 9
49 70 9 9
49 71 9 9
49 72 10 9
49 73 9 9
49 74 10 10
49 75 10 10
49 76 9 9
49 77 9 10
49 78 9 10
49 79 9 10
49 80 9 9
49 81 9 9
49 82 10 9
49 83 9 9
49 84 9 10
49 85 9 9
49 86 10 10
49 87 9 10
49 88 9 9
49 89 10 10
49 90 10 10
49 91 9 9
49 92 10 10
49 93 9 9
49 94 10 10
49 95 9 10
49 96 9 10
49 97 10 10
49 98 9 10
49 99 9 9
50 51 91 93
50 52 10 10
50 53 9 10
50 54 9 9
50 55 10 9
50 56 9 10
50 57 10 10
50 58 9 9
50 59 10 9
50 60 9 10
50 61 10 9
50 62 9 10
50 63 10 9
50 64 9 9
50 65 10 10
50 66 10 10
50 67 9 9
50 68 9 10
50 69 10 10
50 70 9 9
50 71 10 10
50 72 10 10
50 73 10 9
50 74 10 10
50 75 9 9
50 76 10 9
50 77 9 10
50 78 10 9
50 79 9 9
50 80 10 9
50 81 9 9
50 82 9 9
50 83 10 10
50 84 9 10
50 85 9 9
50 86 9 9
50 87 9 10
50 88 10 10
50 89 10 10
50 90 10 10
50 91 9 10
50 92 9 9
50 93 10 10
50 94 9 10
50 95 10 9
50 96 10 10
50 97 10 9
50 98 9 10
50 99 10 10
51 52 9 9
51 53 10 10
51 54 9 9
51 55 10 9
51 56 10 9
51 57 10 10
51 58 9 10
51 59 9 10
51 60 10 9
51 61 9 9
51 62 9 9
51 63 10 10
51 64 9 9
51 65 9 9
51 66 9 9
51 67 10 10
51 68 9 9
51 69 10 9
51 70 10 9
51 71 10 10
51 72 9 9
51 73 10 9
51 74 9 9
51 75 9 9
51 76 9 9
51 77 10 10
51 78 9 10
51 79 10 10
51 80 10 10
51 81 10 9
51 82 9 10
51 83 10 10
51 84 9 10
51 85 10 10
51 86 10 10
51 87 10 10
51 88 9 10
51 89 9 9
51 90 9 9
51 91 9 10
51 92 10 9
51 93 10 10
51 94 9 9
51 95 10 9
51 96 10 10
51 97 9 10
51 98 9 10
51 99 10 10
52 53 92 96
52 54 93 100
52 55 96 97
52 56 10 9
52 57 9 10
52 58 9 10
52 59 9 10
52 60 10 10
52 61 9 9
52 62 9 10
52 63 10 10
52 64 9 10
52 65 10 9
52 66 9 10
52 67 10 9
52 68 9 9
52 69 9 9
52 70 9 9
52 71 9 9
52 72 10 9
52 73 9 10
52 74 9 10
52 75 9 9
52 76 9 9
52 77 9 9
52 78 10 9
52 79 10 9
52 80 9 10
52 81 10 10
52 82 10 10
52 83 9 9
52 84 10 10
52 85 10 9
52 86 10 9
52 87 10 10
52 88 10 9
52 89 9 10
52 90 9 9
52 91 10 9
52 92 10 9
52 93 10 9
52 94 10 10
52 95 9 9
52 96 10 10
52 97 9 10
52 98 9 10
52 99 9 9
53 54 96 97
53 55 94 93
53 56 9 10
53 57 9 10
53 58 9 10
53 59 10 9
53 60 10 10
53 61 9 9
53 62 9 9
53 63 10 9
53 64 9 10
53 65 10 9
53 66 9 9
53 67 9 10
53 68 10 10
53 69 10 9
53 70 9 10
53 71 9 9
53 72 9 9
53 73 9 9
53 74 10 10
53 75 9 10
53 76 10 9
53 77 10 10
53 78 10 9
53 79 10 9
53 80 9 10
53 81 9 9
53 82 9 10
53 83 10 10
53 84 10 9
53 85 10 10
53 86 9 9
53 87 9 9
53 88 9 10
53 89 10 10
53 90 9 10
53 91 10 10
53 92 10 9
53 93 10 9
53 94 10 9
53 95 10 9
53 96 9 9
53 97 10 10
53 98 9 9
53 99 9 9
54 55 96 93
54 56 10 9
54 57 10 10
54 58 10 9
54 59 9 9
54 60 10 10
54 61 9 10
54 62 10 9
54 63 9 10
54 64 10 9
54 65 10 10
54 66 10 9
54 67 9 9
54 68 9 9
54 69 10 10
54 70 10 10
54 71 9 10
54 72 9 9
54 73 9 10
54 74 10 9
54 75 9 10
54 76 10 10
54 77 10 10
54 78 9 10
54 79 9 9
54 80 9 9
54 81 9 10
54 82 10 9
54 83 10 9
54 84 9 9
54 85 10 10
54 86 9 10
54 87 10 9
54 88 10 9
54 89 10 10
54 90 9 10
54 91 10 9
54 92 9 9
54 93 9 9
54 94 9 9
54 95 9 9
54 96 9 9
54 97 9 10
54 98 10 10
54 99 10 10
55 56 9 10
55 57 9 10
55 58 9 9
55 59 9 9
55 60 10 9
55 61 9 9
55 62 10 9
55 63 10 10
55 64 9 9
55 65 9 10
55 66 9 9
55 67 9 10
55 68 9 10
55 69 9 9
55 70 9 9
55 71 10 10
55 72 10 9
55 73 9 9
55 74 9 9
55 75 9 9
55 76 9 9
55 77 9 10
55 78 9 9
55 79 10 10
55 80 10 10
55 81 9 9
55 82 9 10
55 83 9 9
55 84 10 10
55 85 9 9
55 86 9 10
55 87 9 9
55 88 9 10
55 89 9 9
55 90 10 9
55 91 9 10
55 92 10 9
55 93 10 10
55 94 9 10
55 95 9 9
55 96 9 10
55 97 10 9
55 98 9 10
55 99 10 9
56 57 96 96
56 58 93 92
56 59 96 96
56 60 10 9
56 61 10 9
56 62 10 10
56 63 9 10
56 64 9 9
56 65 9 9
56 66 9 10
56 67 10 10
56 68 10 10
56 69 9 9
56 70 10 10
56 71 9 10
56 72 10 10
56 73 10 9
56 74 9 10
56 75 10 10
56 76 9 9
56 77 10 9
56 78 9 9
56 79 9 10
56 80 9 9
56 81 10 9
56 82 10 10
56 83 10 10
56 84 9 10
56 85 9 10
56 86 10 10
56 87 9 9
56 88 10 10
56 89 10 9
56 90 9 10
56 91 10 10
56 92 10 9
56 93 9 10
56 94 9 9
56 95 10 9
56 96 9 10
56 97 9 9
56 98 9 9
56 99 10 10
57 58 99 100
57 59 93 93
57 60 10 9
57 61 9 10
57 62 9 10
57 63 9 10
57 64 10 9
57 65 10 10
57 66 10 10
57 67 9 9
57 68 9 10
57 69 10 10
57 70 10 9
57 71 10 9
57 72 9 9
57 73 10 10
57 74 9 10
57 75 9 9
57 76 10 9
57 77 10 9
57 78 9 10
57 79 9 9
57 80 9 10
57 81 9 9
57 82 10 9
57 83 10 10
57 84 9 10
57 85 9 9
57 86 10 10
57 87 10 10
57 88 9 10
57 89 9 9
57 90 10 10
57 91 9 10
57 92 10 9
57 93 9 9
57 94 9 10
57 95 9 9
57 96 9 9
57 97 10 9
57 98 9 10
57 99 10 9
58 59 92 95
58 60 10 9
58 61 10 9
58 62 9 10
58 63 9 9
58 64 10 10
58 65 10 10
58 66 9 10
58 67 9 10
58 68 9 9
58 69 9 9
58 70 9 9
58 71 10 10
58 72 9 10
58 73 10 9
58 74 10 10
58 75 10 9
58 76 9 10
58 77 9 9
58 78 10 9
58 79 10 10
58 80 10 10
58 81 9 10
58 82 10 9
58 83 10 10
58 84 9 9
58 85 9 9
58 86 9 10
58 87 10 10
58 88 9 9
58 89 9 10
58 90 9 10
58 91 9 9
58 92 9 10
58 93 9 10
58 94 10 9
58 95 10 9
58 96 9 10
58 97 9 9
58 98 9 9
58 99 10 9
59 60 10 10
59 61 10 10
59 62 9 10
59 63 9 10
59 64 9 10
59 65 10 10
59 66 9 10
59 67 10 10
59 68 10 9
59 69 9 9
59 70 10 9
59 71 9 9
59 72 10 9
59 73 9 9
59 74 10 9
59 75 9 9
59 76 9 10
59 77 9 10
59 78 10 10
59 79 10 10
59 80 10 10
59 81 9 9
59 82 10 9
59 83 10 9
59 84 10 10
59 85 9 9
59 86 9 10
59 87 9 10
59 88 9 9
59 89 10 9
59 90 10 10
59 91 9 9
59 92 9 9
59 93 9 9
59 94 10 10
59 95 9 9
59 96 9 9
59 97 10 10
59 98 10 10
59 99 9 10
60 61 93 97
60 62 93 93
60 63 98 94
60 64 10 9
60 65 10 9
60 66 9 9
60 67 10 10
60 68 9 9
60 69 9 9
60 70 10 9
60 71 9 10
60 72 9 10
60 73 10 9
60 74 10 9
60 75 10 10
60 76 9 9
60 77 10 9
60 78 10 10
60 79 9 9
60 80 10 10
60 81 10 10
60 82 9 10
60 83 9 10
60 84 10 10
60 85 10 10
60 86 9 10
60 87 10 9
60 88 9 10
60 89 9 10
60 90 10 9
60 91 9 10
60 92 10 9
60 93 9 9
60 94 10 9
60 95 9 10
60 96 10 10
60 97 10 10
60 98 10 10
60 99 9 9
61 62 92 94
61 63 96 96
61 64 9 10
61 65 9 10
61 66 10 10
61 67 10 10
61 68 10 9
61 69 10 10
61 70 9 9
61 71 10 10
61 72 9 9
61 73 9 10
61 74 10 9
61 75 9 9
61 76 10 10
61 77 10 10
61 78 10 10
61 79 9 9
61 80 9 9
61 81 10 9
61 82 9 10
61 83 9 10
61 84 10 9
61 85 9 9
61 86 10 9
61 87 10 10
61 88 9 9
61 89 10 9
61 90 10 9
61 91 10 9
61 92 10 10
61 93 10 9
61 94 10 9
61 95 9 9
61 96 10 9
61 97 10 9
61 98 10 10
61 99 10 9
62 63 93 91
62 64 10 10
62 65 10 9
62 66 9 9
62 67 10 10
62 68 9 10
62 69 10 9
62 70 9 10
62 71 10 9
62 72 9 9
62 73 9 10
62 74 10 10
62 75 10 10
62 76 10 9
62 77 10 9
62 78 9 9
62 79 10 9
62 80 10 10
62 81 10 10
62 82 9 9
62 83 9 9
62 84 10 9
62 85 10 9
62 86 9 9
62 87 9 10
62 88 9 9
62 89 10 9
62 90 10 9
62 91 10 10
62 92 10 10
62 93 9 9
62 94 10 10
62 95 9 9
62 96 10 9
62 97 10 9
62 98 9 10
62 99 10 9
63 64 10 9
63 65 9 10
63 66 9 10
63 67 10 9
63 68 9 9
63 69 10 9
63 70 10 10
63 71 9 9
63 72 9 10
63 73 10 9
63 74 10 10
63 75 10 9
63 76 10 10
63 77 10 10
63 78 9 9
63 79 10 9
63 80 9 10
63 81 10 10
63 82 9 10
63 83 9 9
63 84 9 10
63 85 9 10
63 86 10 9
63 87 9 9
63 88 10 10
63 89 9 9
63 90 9 10
63 91 10 9
63 92 10 9
63 93 10 9
63 94 10 10
63 95 10 10
63 96 9 10
63 97 10 9
63 98 10 9
63 99 10 9
64 65 94 96
64 66 94 99
64 67 95 97
64 68 10 10
64 69 10 10
64 70 9 9
64 71 9 9
64 72 9 9
64 73 9 9
64 74 10 9
64 75 9 9
64 76 10 9
64 77 10 10
64 78 10 9
64 79 9 10
64 80 10 10
64 81 9 9
64 82 9 9
64 83 10 10
64 84 10 10
64 85 10 9
64 86 9 9
64 87 9 10
64 88 9 9
64 89 9 9
64 90 10 9
64 91 10 10
64 92 10 9
64 93 10 9
64 94 9 9
64 95 9 9
64 96 9 9
64 97 10 9
64 98 9 10
64 99 9 10
65 66 100 94
65 67 94 94
65 68 10 9
65 69 10 10
65 70 10 9
65 71 9 10
65 72 10 10
65 73 9 10
65 74 9 10
65 75 10 9
65 76 9 10
65 77 10 9
65 78 9 10
65 79 9 10
65 80 10 9
65 81 10 10
65 82 9 10
65 83 9 10
65 84 9 9
65 85 10 9
65 86 9 9
65 87 9 10
65 88 10 9
65 89 9 9
65 90 9 9
65 91 9 9
65 92 10 10
65 93 9 9
65 94 9 9
65 95 9 9
65 96 9 9
65 97 10 10
65 98 10 10
65 99 10 10
66 67 97 92
66 68 9 9
66 69 9 10
66 70 10 9
66 71 9 10
66 72 10 9
66 73 10 10
66 74 10 9
66 75 10 10
66 76 10 10
66 77 10 10
66 78 9 10
66 79 9 9
66 80 10 9
66 81 9 9
66 82 10 10
66 83 10 9
66 84 9 10
66 85 10 10
66 86 10 10
66 87 10 10
66 88 9 9
66 89 10 10
66 90 9 10
66 91 9 10
66 92 10 9
66 93 9 10
66 94 9 10
66 95 9 10
66 96 9 10
66 97 10 9
66 98 9 10
66 99 10 10
67 68 10 9
67 69 9 9
67 70 10 10
67 71 9 9
67 72 10 10
67 73 9 10
67 74 9 9
67 75 9 9
67 76 10 9
67 77 10 10
67 78 10 9
67 79 10 9
67 80 9 10
67 81 9 9
67 82 10 10
67 83 9 10
67 84 9 9
67 85 9 10
67 86 10 9
67 87 9 10
67 88 9 10
67 89 10 10
67 90 10 9
67 91 9 9
67 92 10 10
67 93 10 10
67 94 9 9
67 95 10 9
67 96 10 10
67 97 9 9
67 98 10 9
67 99 10 9
68 69 96 95
68 70 98 94
68 71 100 93
68 72 9 10
68 73 10 9
68 74 9 9
68 75 9 10
68 76 10 9
68 77 9 10
68 78 10 9
68 79 9 10
68 80 9 9
68 81 10 10
68 82 9 9
68 83 10 9
68 84 9 10
68 85 9 9
68 86 10 10
68 87 9 10
68 88 10 10
68 89 10 10
68 90 9 9
68 91 10 10
68 92 10 10
68 93 10 10
68 94 9 9
68 95 9 10
68 96 10 10
68 97 10 9
68 98 9 9
68 99 10 10
69 70 96 95
69 71 98 92
69 72 10 10
69 73 10 9
69 74 10 10
69 75 10 10
69 76 10 9
69 77 9 10
69 78 10 9
69 79 10 10
69 80 10 9
69 81 9 10
69 82 9 9
69 83 10 10
69 84 9 9
69 85 9 10
69 86 10 10
69 87 9 10
69 88 10 9
69 89 9 10
69 90 10 9
69 91 10 9
69 92 10 9
69 93 9 10
69 94 9 9
69 95 9 10
69 96 10 9
69 97 9 9
69 98 10 10
69 99 9 9
70 71 99 98
70 72 10 10
70 73 10 9
70 74 9 10
70 75 10 9
70 76 9 9
70 77 10 10
70 78 10 9
70 79 10 9
70 80 9 9
70 81 9 9
70 82 10 9
70 83 10 9
70 84 9 10
70 85 10 10
70 86 10 10
70 87 10 9
70 88 10 9
70 89 9 10
70 90 9 9
70 91 9 10
70 92 9 10
70 93 9 10
70 94 9 9
70 95 10 10
70 96 9 9
70 97 10 9
70 98 9 10
70 99 9 10
71 72 10 9
71 73 9 10
71 74 9 10
71 75 9 9
71 76 10 10
71 77 9 10
71 78 9 10
71 79 9 9
71 80 9 10
71 81 10 10
71 82 10 9
71 83 10 10
71 84 9 10
71 85 10 9
71 86 9 9
71 87 9 10
71 88 10 9
71 89 10 9
71 90 9 9
71 91 10 9
71 92 10 10
71 93 9 10
71 94 10 10
71 95 9 10
71 96 9 10
71 97 10 10
71 98 10 9
71 99 9 9
72 73 93 96
72 74 97 91
72 75 99 96
72 76 10 10
72 77 10 9
72 78 9 10
72 79 10 10
72 80 10 10
72 81 9 9
72 82 9 9
72 83 9 10
72 84 9 9
72 85 10 9
72 86 10 9
72 87 10 9
72 88 9 9
72 89 9 10
72 90 10 10
72 91 9 10
72 92 10 9
72 93 10 9
72 94 9 10
72 95 10 10
72 96 10 9
72 97 9 10
72 98 10 10
72 99 10 10
73 74 100 92
73 75 94 100
73 76 9 9
73 77 10 9
73 78 10 9
73 79 10 9
73 80 9 10
73 81 9 9
73 82 10 9
73 83 10 9
73 84 9 10
73 85 9 10
73 86 9 9
73 87 10 10
73 88 9 10
73 89 10 9
73 90 9 9
73 91 9 9
73 92 9 10
73 93 9 10
73 94 9 9
73 95 9 10
73 96 9 10
73 97 10 10
73 98 10 9
73 99 10 10
74 75 91 99
74 76 10 10
74 77 9 9
74 78 9 9
74 79 9 10
74 80 10 10
74 81 10 10
74 82 9 9
74 83 9 9
74 84 10 10
74 85 9 10
74 86 9 10
74 87 9 9
74 88 9 9
74 89 9 9
74 90 10 10
74 91 9 10
74 92 9 10
74 93 9 10
74 94 10 10
74 95 10 10
74 96 9 9
74 97 10 9
74 98 9 10
74 99 9 9
75 76 10 9
75 77 9 9
75 78 9 9
75 79 9 10
75 80 10 9
75 81 10 9
75 82 10 10
75 83 10 10
75 84 10 9
75 85 10 9
75 86 9 10
75 87 9 9
75 88 9 10
75 89 9 9
75 90 10 10
75 91 10 9
75 92 10 9
75 93 9 10
75 94 10 9
75 95 9 9
75 96 10 10
75 97 10 9
75 98 9 9
75 99 10 9
76 77 97 94
76 78 100 97
76 79 91 97
76 80 9 9
76 81 9 9
76 82 9 10
76 83 10 9
76 84 10 9
76 85 10 10
76 86 10 9
76 87 10 9
76 88 10 9
76 89 9 10
76 90 10 9
76 91 10 10
76 92 10 9
76 93 10 10
76 94 10 10
76 95 10 10
76 96 10 9
76 97 9 10
76 98 9 10
76 99 9 9
77 78 93 94
77 79 99 96
77 80 10 10
77 81 10 10
77 82 9 10
77 83 9 9
77 84 9 9
77 85 10 10
77 86 9 10
77 87 10 10
77 88 9 10
77 89 9 10
77 90 10 10
77 91 10 10
77 92 10 10
77 93 10 10
77 94 9 9
77 95 9 10
77 96 10 10
77 97 9 9
77 98 10 9
77 99 9 10
78 79 97 100
78 80 9 9
78 81 10 10
78 82 9 10
78 83 10 9
78 84 10 9
78 85 9 9
78 86 10 9
78 87 9 10
78 88 10 9
78 89 10 10
78 90 9 10
78 91 10 9
78 92 10 10
78 93 10 9
78 94 10 10
78 95 10 9
78 96 10 10
78 97 9 10
78 98 10 9
78 99 9 9
79 80 9 9
79 81 9 10
79 82 10 10
79 83 10 10
79 84 9 10
79 85 9 10
79 86 10 10
79 87 10 9
79 88 10 10
79 89 10 9
79 90 10 9
79 91 9 9
79 92 9 10
79 93 10 9
79 94 9 10
79 95 10 10
79 96 10 9
79 97 10 10
79 98 9 9
79 99 9 10
80 81 91 93
80 82 92 98
80 83 91 100
80 84 10 9
80 85 10 10
80 86 9 10
80 87 10 9
80 88 10 9
80 89 10 10
80 90 9 10
80 91 9 10
80 92 10 9
80 93 9 10
80 94 9 9
80 95 9 10
80 96 9 9
80 97 10 10
80 98 10 9
80 99 10 9
81 82 98 96
81 83 92 100
81 84 9 9
81 85 10 10
81 86 10 10
81 87 9 9
81 88 9 10
81 89 9 9
81 90 9 10
81 91 9 10
81 92 9 10
81 93 10 10
81 94 9 10
81 95 10 9
81 96 10 10
81 97 9 9
81 98 9 10
81 99 10 10
82 83 96 96
82 84 10 9
82 85 9 9
82 86 10 9
82 87 9 10
82 88 9 10
82 89 9 9
82 90 9 10
82 91 9 10
82 92 9 10
82 93 9 10
82 94 10 9
82 95 9 10
82 96 10 10
82 97 9 9
82 98 9 9
82 99 10 9
83 84 9 9
83 85 10 9
83 86 10 9
83 87 9 9
83 88 10 10
83 89 9 10
83 90 9 9
83 91 10 10
83 92 9 9
83 93 10 10
83 94 9 9
83 95 9 9
83 96 10 10
83 97 10 9
83 98 10 9
83 99 10 10
84 85 91 95
84 86 92 97
84 87 96 93
84 88 10 10
84 89 10 10
84 90 9 10
84 91 10 9
84 92 9 10
84 93 9 9
84 94 10 10
84 95 10 10
84 96 9 9
84 97 9 9
84 98 9 10
84 99 10 9
85 86 94 98
85 87 91 94
85 88 9 9
85 89 9 9
85 90 10 10
85 91 9 10
85 92 10 9
85 93 10 9
85 94 10 9
85 95 9 10
85 96 10 9
85 97 10 10
85 98 9 9
85 99 10 10
86 87 97 94
86 88 9 10
86 89 9 10
86 90 9 9
86 91 9 9
86 92 9 9
86 93 9 10
86 94 9 10
86 95 9 10
86 96 10 10
86 97 10 9
86 98 9 9
86 99 10 10
87 88 9 9
87 89 10 9
87 90 9 10
87 91 9 9
87 92 10 9
87 93 9 9
87 94 10 10
87 95 10 10
87 96 10 10
87 97 9 10
87 98 9 10
87 99 10 9
88 89 92 95
88 90 93 95
88 91 98 94
88 92 10 9
88 93 10 10
88 94 10 10
88 95 10 9
88 96 10 9
88 97 10 9
88 98 9 9
88 99 9 9
89 90 95 92
89 91 95 97
89 92 10 9
89 93 10 9
89 94 9 10
89 95 10 9
89 96 10 10
89 97 10 9
89 98 9 9
89 99 9 10
90 91 92 97
90 92 9 9
90 93 10 10
90 94 9 9
90 95 9 9
90 96 10 10
90 97 9 10
90 98 9 9
90 99 9 10
91 92 9 10
91 93 9 9
91 94 10 10
91 95 10 9
91 96 9 9
91 97 9 9
91 98 9 10
91 99 10 10
92 93 93 92
92 94 93 94
92 95 99 97
92 96 10 9
92 97 10 10
92 98 9 9
92 99 10 10
93 94 94 97
93 95 97 91
93 96 9 9
93 97 9 10
93 98 10 9
93 99 10 10
94 95 97 95
94 96 10 9
94 97 10 10
94 98 9 10
94 99 9 9
95 96 9 9
95 97 10 9
95 98 10 9
95 99 9 9
96 97 99 91
96 98 93 95
96 99 95 91
97 98 97 92
97 99 92 91
98 99 94 94
0
3
882 973
891 891
973 882
