10
0 1 6 6
0 2 0 94
0 3 95 99
0 4 10 8
0 5 8 7
0 6 12 6
0 7 14 7
0 8 12 12
0 9 12 14
1 2 94 0
1 3 98 95
1 4 14 14
1 5 11 6
1 6 7 6
1 7 8 13
1 8 12 10
1 9 14 15
2 3 99 100
2 4 7 15
2 5 8 14
2 6 8 11
2 7 14 11
2 8 6 10
2 9 11 11
3 4 6 9
3 5 10 12
3 6 11 6
3 7 12 10
3 8 12 10
3 9 12 8
4 5 94 99
4 6 100 95
4 7 100 98
4 8 12 14
4 9 6 13
5 6 100 98
5 7 98 98
5 8 6 6
5 9 9 15
6 7 100 97
6 8 6 10
6 9 15 12
7 8 8 6
7 9 15 6
8 9 97 95
0
27
51 169
52 165
54 162
55 158
56 156
57 155
58 81
60 78
61 74
62 72
63 71
64 69
67 68
68 67
69 66
70 64
73 62
76 61
80 60
152 59
155 58
156 57
157 56
158 54
161 52
164 51
168 50
