10
0 1 16 16
0 2 0 84
0 3 100 100
0 4 21 17
0 5 25 17
0 6 22 23
0 7 19 19
0 8 19 17
0 9 24 20
1 2 84 0
1 3 84 85
1 4 27 18
1 5 24 18
1 6 22 24
1 7 17 25
1 8 22 17
1 9 18 20
2 3 87 85
2 4 27 20
2 5 17 24
2 6 19 22
2 7 25 23
2 8 16 27
2 9 23 21
3 4 19 21
3 5 26 18
3 6 19 22
3 7 17 23
3 8 20 23
3 9 22 16
4 5 100 96
4 6 94 85
4 7 96 97
4 8 23 23
4 9 21 25
5 6 99 90
5 7 100 85
5 8 18 26
5 9 16 22
6 7 99 86
6 8 19 24
6 9 21 26
7 8 22 18
7 9 16 22
8 9 84 84
0
56
136 261
137 257
138 256
139 251
140 247
141 246
142 243
143 242
144 241
145 240
146 239
147 236
148 235
150 233
153 202
154 197
155 194
156 190
157 187
158 186
159 183
160 182
161 181
162 180
163 179
164 176
165 175
166 174
167 173
169 171
172 170
175 169
176 168
177 167
178 166
181 165
185 164
189 163
193 162
197 161
226 159
227 158
228 157
229 156
230 155
231 152
232 151
234 149
237 148
240 147
241 146
242 145
243 144
246 143
251 142
254 141
