10
0 1 16 16
0 2 0 84
0 3 99 93
0 4 23 26
0 5 20 18
0 6 26 27
0 7 24 19
0 8 16 19
0 9 25 16
1 2 84 0
1 3 100 95
1 4 24 20
1 5 23 18
1 6 17 16
1 7 26 26
1 8 23 16
1 9 23 23
2 3 98 99
2 4 26 27
2 5 27 25
2 6 26 23
2 7 27 24
2 8 23 16
2 9 20 23
3 4 19 21
3 5 27 20
3 6 21 27
3 7 16 16
3 8 17 17
3 9 20 19
4 5 91 93
4 6 99 92
4 7 91 96
4 8 18 17
4 9 22 17
5 6 100 95
5 7 87 93
5 8 21 23
5 9 18 17
6 7 93 90
6 8 22 22
6 9 25 27
7 8 25 25
7 9 27 27
8 9 84 100
0
20
138 220
140 219
143 218
145 217
147 216
150 215
158 159
160 158
161 152
163 151
166 150
168 149
170 148
173 147
222 136
224 135
227 134
229 133
231 132
234 131
