10
0 1 6 6
0 2 0 94
0 3 100 95
0 4 14 14
0 5 6 15
0 6 6 12
0 7 10 14
0 8 10 15
0 9 6 6
1 2 94 0
1 3 94 97
1 4 14 13
1 5 7 14
1 6 12 9
1 7 7 9
1 8 15 13
1 9 11 11
2 3 95 96
2 4 9 9
2 5 9 9
2 6 8 11
2 7 8 10
2 8 8 14
2 9 8 14
3 4 13 11
3 5 14 11
3 6 13 15
3 7 9 6
3 8 13 7
3 9 9 6
4 5 96 96
4 6 99 97
4 7 95 100
4 8 6 8
4 9 15 9
5 6 98 94
5 7 98 96
5 8 13 9
5 9 15 15
6 7 100 98
6 8 12 7
6 9 10 10
7 8 6 15
7 9 12 15
8 9 94 96
0
27
52 171
53 170
54 168
55 165
56 164
57 162
58 159
60 87
61 86
62 84
63 81
64 80
65 78
66 75
68 72
70 71
71 70
72 69
74 67
78 65
79 64
154 62
156 61
157 60
159 59
160 57
164 55
