10
0 1 16 16
0 2 0 84
0 3 89 94
0 4 17 25
0 5 22 23
0 6 26 20
0 7 25 18
0 8 25 21
0 9 26 22
1 2 84 0
1 3 94 86
1 4 17 26
1 5 18 27
1 6 27 23
1 7 25 27
1 8 20 25
1 9 20 20
2 3 97 100
2 4 17 17
2 5 25 24
2 6 19 17
2 7 22 26
2 8 17 20
2 9 19 20
3 4 26 25
3 5 17 21
3 6 25 21
3 7 25 20
3 8 17 27
3 9 16 25
4 5 88 98
4 6 90 100
4 7 100 99
4 8 18 21
4 9 23 17
5 6 89 98
5 7 100 97
5 8 21 24
5 9 24 25
6 7 97 94
6 8 17 22
6 9 16 25
7 8 22 17
7 9 24 23
8 9 100 93
0
19
138 247
140 242
143 237
147 234
152 232
155 188
157 183
160 178
163 173
167 170
172 168
176 165
181 163
224 158
227 153
231 150
236 148
240 145
248 143
