10
0 1 6 6
0 2 0 94
0 3 95 98
0 4 9 11
0 5 11 8
0 6 12 15
0 7 8 13
0 8 6 14
0 9 11 6
1 2 94 0
1 3 94 97
1 4 14 8
1 5 15 11
1 6 14 14
1 7 14 13
1 8 12 8
1 9 14 6
2 3 95 97
2 4 13 15
2 5 14 10
2 6 10 14
2 7 12 6
2 8 13 15
2 9 9 6
3 4 12 7
3 5 14 11
3 6 14 11
3 7 12 11
3 8 14 12
3 9 6 12
4 5 99 97
4 6 99 97
4 7 99 98
4 8 12 14
4 9 8 12
5 6 100 99
5 7 98 95
5 8 10 10
5 9 7 10
6 7 95 99
6 8 10 7
6 9 6 11
7 8 13 7
7 9 10 11
8 9 100 95
0
38
56 178
57 177
58 176
59 175
60 171
61 170
62 169
63 168
64 164
65 95
66 91
67 90
68 89
69 88
70 84
71 83
72 82
73 81
74 79
75 76
76 75
79 71
82 70
83 69
85 68
86 67
89 66
90 65
93 64
94 63
97 62
98 61
172 60
173 59
176 58
177 57
180 56
181 55
