10
0 1 6 6
0 2 0 94
0 3 95 100
0 4 13 8
0 5 15 8
0 6 11 8
0 7 9 7
0 8 7 10
0 9 11 15
1 2 94 0
1 3 100 96
1 4 10 14
1 5 13 15
1 6 8 10
1 7 8 13
1 8 14 13
1 9 6 10
2 3 97 99
2 4 14 13
2 5 15 10
2 6 14 12
2 7 14 15
2 8 11 14
2 9 6 15
3 4 14 12
3 5 7 6
3 6 6 8
3 7 10 12
3 8 7 6
3 9 7 13
4 5 95 100
4 6 97 98
4 7 99 96
4 8 15 8
4 9 9 11
5 6 95 96
5 7 94 95
5 8 13 14
5 9 15 15
6 7 96 98
6 8 9 9
6 9 11 7
7 8 11 12
7 9 11 13
8 9 97 99
0
15
56 164
57 158
61 155
62 85
63 79
67 76
71 73
76 71
79 70
80 68
85 66
151 64
155 61
159 58
164 56
