10
0 1 16 16
0 2 0 84
0 3 91 100
0 4 23 23
0 5 22 27
0 6 25 22
0 7 18 27
0 8 17 25
0 9 17 17
1 2 84 0
1 3 98 100
1 4 17 22
1 5 22 17
1 6 17 27
1 7 19 19
1 8 16 22
1 9 27 26
2 3 86 91
2 4 18 19
2 5 23 20
2 6 25 20
2 7 16 20
2 8 19 17
2 9 16 25
3 4 19 16
3 5 20 26
3 6 22 20
3 7 27 19
3 8 21 25
3 9 23 21
4 5 97 87
4 6 98 99
4 7 89 93
4 8 17 25
4 9 22 24
5 6 92 97
5 7 97 97
5 8 25 22
5 9 16 20
6 7 92 96
6 8 26 20
6 9 19 17
7 8 21 21
7 9 19 16
8 9 100 86
0
28
133 252
134 244
135 241
136 234
137 231
139 229
140 226
142 225
143 222
149 219
150 185
151 182
152 175
153 172
154 169
155 166
156 163
158 161
159 158
165 155
176 154
220 150
221 147
223 145
224 142
226 141
227 138
233 135
