10
0 1 13 13
0 2 0 87
0 3 88 95
0 4 16 14
0 5 16 15
0 6 14 20
0 7 15 16
0 8 16 18
0 9 18 19
1 2 87 0
1 3 96 95
1 4 14 15
1 5 13 20
1 6 20 15
1 7 14 16
1 8 19 16
1 9 13 18
2 3 88 96
2 4 17 20
2 5 15 18
2 6 16 13
2 7 17 18
2 8 20 17
2 9 20 15
3 4 18 14
3 5 13 17
3 6 14 15
3 7 18 17
3 8 20 18
3 9 13 18
4 5 98 100
4 6 99 95
4 7 97 98
4 8 18 20
4 9 15 16
5 6 96 99
5 7 92 87
5 8 20 20
5 9 18 18
6 7 90 88
6 8 20 19
6 9 19 18
7 8 15 20
7 9 17 18
8 9 89 93
0
34
109 219
110 217
112 214
113 212
115 210
117 209
118 208
120 207
121 206
123 205
124 150
125 145
126 143
128 141
129 140
131 138
133 137
134 136
136 135
138 134
139 133
141 132
146 131
197 130
199 127
200 125
202 123
204 122
205 121
207 120
208 119
210 118
214 117
219 116
