10
0 1 16 16
0 2 0 84
0 3 90 95
0 4 25 27
0 5 21 22
0 6 21 25
0 7 26 21
0 8 19 18
0 9 22 16
1 2 84 0
1 3 100 85
1 4 16 19
1 5 16 27
1 6 22 19
1 7 27 17
1 8 23 24
1 9 19 23
2 3 87 97
2 4 26 26
2 5 26 20
2 6 22 21
2 7 19 23
2 8 27 21
2 9 22 19
3 4 19 22
3 5 25 21
3 6 17 18
3 7 27 21
3 8 16 27
3 9 24 25
4 5 100 89
4 6 99 87
4 7 100 88
4 8 20 21
4 9 19 16
5 6 98 99
5 7 99 96
5 8 20 25
5 9 24 26
6 7 100 84
6 8 16 25
6 9 22 25
7 8 16 21
7 9 19 27
8 9 97 94
0
42
134 253
135 244
138 241
140 239
141 238
143 236
146 233
150 232
151 231
152 230
153 192
154 183
157 179
159 178
160 176
162 174
163 173
165 171
168 168
172 167
173 166
174 165
178 164
179 163
184 162
185 161
189 160
190 159
222 157
224 155
225 154
227 152
230 149
234 148
235 147
236 146
240 145
241 144
246 143
247 142
251 141
252 140
