20
0 1 2 2
0 2 0 97
0 3 98 100
0 4 5 2
0 5 7 3
0 6 8 2
0 7 4 9
0 8 4 8
0 9 10 3
0 10 9 4
0 11 3 4
0 12 7 8
0 13 7 3
0 14 10 10
0 15 3 9
0 16 10 4
0 17 3 4
0 18 3 6
0 19 8 7
1 2 97 0
1 3 100 97
1 4 6 4
1 5 9 6
1 6 9 2
1 7 3 8
1 8 3 8
1 9 8 2
1 10 2 4
1 11 6 5
1 12 4 6
1 13 2 3
1 14 2 10
1 15 5 3
1 16 10 4
1 17 5 5
1 18 9 10
1 19 5 2
2 3 97 98
2 4 7 6
2 5 3 8
2 6 10 3
2 7 6 8
2 8 10 4
2 9 8 6
2 10 5 8
2 11 10 4
2 12 9 8
2 13 10 10
2 14 10 10
2 15 4 4
2 16 4 9
2 17 10 6
2 18 8 7
2 19 7 4
3 4 2 7
3 5 8 9
3 6 6 10
3 7 6 5
3 8 10 10
3 9 7 5
3 10 6 4
3 11 5 4
3 12 2 4
3 13 2 10
3 14 3 4
3 15 10 4
3 16 9 8
3 17 8 6
3 18 4 2
3 19 6 5
4 5 99 99
4 6 97 98
4 7 99 97
4 8 2 10
4 9 2 5
4 10 2 6
4 11 8 5
4 12 7 8
4 13 5 7
4 14 5 5
4 15 7 4
4 16 7 3
4 17 10 2
4 18 8 4
4 19 9 10
5 6 98 99
5 7 97 98
5 8 7 3
5 9 5 5
5 10 2 3
5 11 9 9
5 12 6 6
5 13 3 2
5 14 10 6
5 15 5 4
5 16 9 8
5 17 6 3
5 18 9 4
5 19 10 4
6 7 97 100
6 8 4 5
6 9 9 3
6 10 5 5
6 11 4 8
6 12 9 2
6 13 7 5
6 14 9 2
6 15 9 8
6 16 9 6
6 17 4 3
6 18 8 9
6 19 7 10
7 8 9 4
7 9 3 8
7 10 4 3
7 11 4 6
7 12 6 2
7 13 6 9
7 14 4 6
7 15 4 9
7 16 7 10
7 17 3 3
7 18 8 8
7 19 10 7
8 9 99 97
8 10 98 100
8 11 98 99
8 12 6 4
8 13 3 6
8 14 9 5
8 15 7 2
8 16 10 10
8 17 3 3
8 18 8 3
8 19 7 9
9 10 100 97
9 11 99 97
9 12 3 3
9 13 4 9
9 14 8 3
9 15 6 4
9 16 8 10
9 17 3 10
9 18 2 4
9 19 5 9
10 11 100 98
10 12 9 4
10 13 8 8
10 14 5 3
10 15 7 2
10 16 10 6
10 17 10 5
10 18 2 9
10 19 7 4
11 12 7 2
11 13 5 9
11 14 2 9
11 15 7 3
11 16 9 7
11 17 3 10
11 18 3 9
11 19 8 8
12 13 98 98
12 14 98 100
12 15 99 100
12 16 2 2
12 17 3 8
12 18 4 3
12 19 5 9
13 14 97 99
13 15 100 100
13 16 7 8
13 17 4 3
13 18 9 9
13 19 6 2
14 15 99 97
14 16 7 6
14 17 2 3
14 18 7 2
14 19 3 8
15 16 10 10
15 17 9 2
15 18 8 2
15 19 10 9
16 17 97 99
16 18 97 100
16 19 99 100
17 18 97 99
17 19 99 100
18 19 100 100
0
40
41 192
42 185
43 179
44 103
45 96
46 90
47 85
48 80
49 76
50 74
51 70
52 68
53 65
54 63
55 61
56 60
57 59
58 58
59 57
60 56
61 55
63 54
64 53
66 52
68 51
70 50
72 49
75 48
78 47
82 46
86 45
91 44
96 43
102 42
108 41
115 40
122 39
195 38
202 37
209 36
