20
0 1 10 10
0 2 0 90
0 3 95 99
0 4 14 16
0 5 27 19
0 6 18 12
0 7 17 25
0 8 18 13
0 9 23 20
0 10 11 16
0 11 26 26
0 12 24 25
0 13 17 16
0 14 15 20
0 15 25 12
0 16 26 27
0 17 22 20
0 18 20 27
0 19 25 24
1 2 90 0
1 3 90 90
1 4 15 23
1 5 27 20
1 6 18 15
1 7 24 13
1 8 23 23
1 9 20 22
1 10 22 16
1 11 17 27
1 12 21 20
1 13 19 16
1 14 20 15
1 15 13 15
1 16 23 23
1 17 12 20
1 18 20 17
1 19 17 23
2 3 96 100
2 4 16 18
2 5 17 10
2 6 19 10
2 7 23 11
2 8 20 15
2 9 16 10
2 10 12 27
2 11 20 22
2 12 13 13
2 13 25 17
2 14 16 21
2 15 12 16
2 16 11 22
2 17 21 16
2 18 16 21
2 19 18 22
3 4 27 25
3 5 22 16
3 6 26 15
3 7 18 18
3 8 21 22
3 9 16 23
3 10 19 25
3 11 15 22
3 12 26 11
3 13 11 14
3 14 22 12
3 15 18 21
3 16 22 11
3 17 10 10
3 18 20 18
3 19 22 17
4 5 97 97
4 6 96 91
4 7 93 92
4 8 16 11
4 9 23 23
4 10 22 12
4 11 20 10
4 12 25 16
4 13 11 24
4 14 20 21
4 15 26 26
4 16 14 21
4 17 27 14
4 18 21 19
4 19 21 14
5 6 92 100
5 7 90 96
5 8 25 26
5 9 21 13
5 10 25 16
5 11 24 20
5 12 17 14
5 13 18 14
5 14 20 17
5 15 26 10
5 16 10 25
5 17 26 12
5 18 16 25
5 19 15 25
6 7 91 91
6 8 27 10
6 9 21 16
6 10 20 16
6 11 12 13
6 12 17 10
6 13 17 14
6 14 18 24
6 15 16 26
6 16 26 27
6 17 15 25
6 18 25 13
6 19 20 24
7 8 15 24
7 9 19 18
7 10 19 22
7 11 14 19
7 12 22 25
7 13 25 14
7 14 13 27
7 15 17 19
7 16 27 23
7 17 21 15
7 18 19 27
7 19 13 16
8 9 95 99
8 10 95 99
8 11 99 99
8 12 14 23
8 13 17 23
8 14 13 26
8 15 17 18
8 16 15 12
8 17 13 12
8 18 14 17
8 19 12 22
9 10 97 100
9 11 95 96
9 12 13 24
9 13 14 16
9 14 12 11
9 15 23 13
9 16 21 14
9 17 24 25
9 18 27 11
9 19 18 11
10 11 94 91
10 12 19 13
10 13 24 22
10 14 16 10
10 15 27 16
10 16 20 23
10 17 13 25
10 18 10 16
10 19 22 15
11 12 21 22
11 13 16 16
11 14 26 25
11 15 18 20
11 16 20 16
11 17 22 10
11 18 17 18
11 19 22 24
12 13 96 91
12 14 94 90
12 15 93 92
12 16 11 27
12 17 27 15
12 18 25 10
12 19 19 17
13 14 94 93
13 15 99 94
13 16 16 25
13 17 16 25
13 18 18 26
13 19 13 10
14 15 91 95
14 16 18 17
14 17 14 27
14 18 25 20
14 19 25 14
15 16 26 26
15 17 12 26
15 18 11 25
15 19 24 21
16 17 92 98
16 18 91 90
16 19 91 90
17 18 94 95
17 19 100 96
18 19 96 93
0
91
207 414
208 404
209 395
210 387
211 381
212 373
213 372
214 367
215 364
216 363
217 358
218 356
219 340
220 330
221 322
222 316
223 308
224 306
225 298
227 292
228 289
229 288
230 283
231 281
232 279
233 275
234 273
235 270
236 267
237 265
238 262
239 260
241 256
242 255
243 252
244 250
245 247
246 245
248 241
249 240
250 239
251 236
252 235
254 234
255 231
256 230
258 229
261 228
262 227
263 226
265 225
268 224
269 223
271 222
273 221
275 220
278 219
279 218
281 217
286 216
287 215
288 214
292 213
294 212
296 211
300 210
301 209
303 208
307 207
309 206
314 205
315 204
316 203
322 202
325 201
331 200
337 199
340 198
347 197
375 196
379 195
381 194
386 193
387 192
388 191
394 190
397 189
403 188
409 187
412 186
419 185
