20
0 1 2 2
0 2 0 97
0 3 98 100
0 4 8 10
0 5 10 8
0 6 10 4
0 7 3 3
0 8 3 4
0 9 10 7
0 10 2 4
0 11 5 9
0 12 8 6
0 13 5 4
0 14 9 6
0 15 9 3
0 16 7 8
0 17 2 8
0 18 2 2
0 19 7 9
1 2 97 0
1 3 99 99
1 4 4 5
1 5 4 5
1 6 7 5
1 7 5 4
1 8 8 5
1 9 6 2
1 10 2 10
1 11 6 5
1 12 3 5
1 13 7 9
1 14 4 2
1 15 6 4
1 16 8 4
1 17 4 2
1 18 9 10
1 19 4 2
2 3 99 100
2 4 3 8
2 5 7 7
2 6 8 4
2 7 10 10
2 8 2 10
2 9 10 4
2 10 2 9
2 11 7 8
2 12 7 8
2 13 8 9
2 14 10 3
2 15 3 2
2 16 3 10
2 17 8 3
2 18 2 9
2 19 5 3
3 4 4 10
3 5 8 10
3 6 10 6
3 7 10 10
3 8 5 7
3 9 3 4
3 10 3 7
3 11 10 9
3 12 4 5
3 13 5 10
3 14 4 4
3 15 10 5
3 16 4 8
3 17 6 2
3 18 4 9
3 19 10 7
4 5 99 98
4 6 99 98
4 7 98 99
4 8 2 2
4 9 6 10
4 10 4 8
4 11 4 10
4 12 4 4
4 13 4 5
4 14 4 4
4 15 8 10
4 16 7 8
4 17 5 9
4 18 8 8
4 19 7 7
5 6 98 100
5 7 98 100
5 8 3 8
5 9 6 10
5 10 9 10
5 11 10 9
5 12 5 10
5 13 9 5
5 14 4 9
5 15 9 4
5 16 3 4
5 17 3 8
5 18 10 5
5 19 7 7
6 7 98 98
6 8 10 2
6 9 9 9
6 10 6 10
6 11 4 10
6 12 8 9
6 13 8 5
6 14 8 9
6 15 4 6
6 16 2 4
6 17 4 7
6 18 4 5
6 19 9 4
7 8 10 8
7 9 7 4
7 10 2 7
7 11 3 8
7 12 7 10
7 13 6 9
7 14 8 7
7 15 7 5
7 16 5 2
7 17 6 2
7 18 9 8
7 19 6 7
8 9 99 99
8 10 97 97
8 11 98 100
8 12 4 7
8 13 5 9
8 14 7 3
8 15 3 9
8 16 10 6
8 17 6 3
8 18 5 3
8 19 8 10
9 10 97 98
9 11 97 100
9 12 3 6
9 13 4 6
9 14 10 9
9 15 9 2
9 16 9 6
9 17 9 10
9 18 10 10
9 19 8 6
10 11 98 99
10 12 4 2
10 13 3 7
10 14 10 6
10 15 6 8
10 16 3 9
10 17 9 9
10 18 2 8
10 19 5 4
11 12 10 4
11 13 2 8
11 14 2 8
11 15 2 7
11 16 7 10
11 17 7 2
11 18 5 6
11 19 8 6
12 13 100 100
12 14 97 98
12 15 98 100
12 16 9 3
12 17 2 5
12 18 10 3
12 19 10 2
13 14 99 100
13 15 100 97
13 16 5 3
13 17 6 3
13 18 8 2
13 19 2 2
14 15 99 100
14 16 6 7
14 17 5 8
14 18 4 5
14 19 10 3
15 16 8 8
15 17 4 6
15 18 3 2
15 19 5 9
16 17 97 98
16 18 99 97
16 19 98 97
17 18 100 98
17 19 99 97
18 19 99 99
0
31
41 190
42 184
43 102
44 95
45 89
46 85
47 82
48 79
49 76
50 73
51 70
52 67
53 64
54 61
55 59
56 58
57 56
59 54
61 53
62 51
64 49
66 48
67 47
69 46
72 45
77 44
80 43
85 42
88 41
179 40
182 39
