20
0 1 10 10
0 2 0 90
0 3 95 98
0 4 12 20
0 5 20 19
0 6 27 13
0 7 26 20
0 8 23 10
0 9 13 20
0 10 20 11
0 11 15 14
0 12 18 21
0 13 21 18
0 14 14 24
0 15 24 17
0 16 19 17
0 17 21 10
0 18 15 22
0 19 21 13
1 2 90 0
1 3 95 90
1 4 21 25
1 5 26 18
1 6 25 16
1 7 26 19
1 8 26 27
1 9 22 10
1 10 12 13
1 11 20 16
1 12 24 27
1 13 17 15
1 14 21 20
1 15 18 15
1 16 19 15
1 17 26 21
1 18 12 11
1 19 22 23
2 3 98 90
2 4 11 22
2 5 10 26
2 6 10 17
2 7 16 14
2 8 12 26
2 9 20 20
2 10 17 21
2 11 14 26
2 12 20 12
2 13 16 23
2 14 11 12
2 15 26 24
2 16 11 13
2 17 10 12
2 18 16 24
2 19 14 24
3 4 18 23
3 5 17 18
3 6 24 12
3 7 12 18
3 8 19 17
3 9 13 25
3 10 16 15
3 11 11 18
3 12 10 23
3 13 19 14
3 14 13 22
3 15 21 19
3 16 18 24
3 17 27 27
3 18 15 16
3 19 10 21
4 5 91 96
4 6 97 95
4 7 96 99
4 8 23 11
4 9 21 23
4 10 24 25
4 11 10 21
4 12 25 25
4 13 20 21
4 14 26 10
4 15 19 23
4 16 18 11
4 17 17 14
4 18 26 13
4 19 21 12
5 6 94 99
5 7 94 94
5 8 19 21
5 9 23 10
5 10 16 27
5 11 19 17
5 12 20 18
5 13 14 21
5 14 15 12
5 15 22 21
5 16 19 11
5 17 14 20
5 18 25 19
5 19 20 21
6 7 92 94
6 8 17 12
6 9 22 12
6 10 19 25
6 11 25 12
6 12 21 20
6 13 11 23
6 14 25 20
6 15 21 16
6 16 19 22
6 17 19 26
6 18 20 19
6 19 23 18
7 8 18 15
7 9 15 27
7 10 10 16
7 11 23 24
7 12 22 18
7 13 14 26
7 14 23 20
7 15 23 10
7 16 26 17
7 17 22 18
7 18 22 20
7 19 20 26
8 9 96 98
8 10 100 100
8 11 92 100
8 12 18 14
8 13 24 14
8 14 24 14
8 15 20 15
8 16 22 16
8 17 23 19
8 18 18 13
8 19 18 27
9 10 93 96
9 11 98 97
9 12 21 27
9 13 17 27
9 14 17 21
9 15 23 16
9 16 10 26
9 17 22 26
9 18 12 10
9 19 14 13
10 11 95 100
10 12 21 15
10 13 24 15
10 14 26 10
10 15 25 26
10 16 15 20
10 17 18 26
10 18 24 27
10 19 21 17
11 12 11 20
11 13 22 25
11 14 11 15
11 15 26 16
11 16 19 27
11 17 15 17
11 18 23 23
11 19 22 11
12 13 93 97
12 14 99 99
12 15 98 100
12 16 23 22
12 17 19 21
12 18 13 15
12 19 20 14
13 14 94 100
13 15 92 95
13 16 15 14
13 17 16 25
13 18 10 20
13 19 15 24
14 15 94 96
14 16 20 23
14 17 11 14
14 18 15 14
14 19 21 26
15 16 15 15
15 17 17 11
15 18 19 26
15 19 25 12
16 17 94 98
16 18 97 100
16 19 91 93
17 18 100 95
17 19 98 90
18 19 94 99
0
97
194 417
195 404
196 401
197 389
198 386
199 385
200 381
202 375
203 372
204 371
205 367
206 338
207 325
208 322
209 317
210 314
211 311
212 309
213 307
214 303
215 300
216 297
217 295
218 293
219 289
220 286
221 283
222 281
223 279
224 276
225 275
226 272
227 271
228 269
230 268
231 265
233 263
234 262
235 261
236 259
238 258
239 255
241 253
243 252
244 249
247 248
248 247
249 246
250 245
254 243
255 242
258 241
261 240
262 239
263 238
266 237
267 236
268 235
271 234
274 233
275 232
278 231
280 230
281 229
284 228
287 227
288 226
291 225
295 224
296 223
299 222
302 221
306 220
307 219
311 218
315 217
319 216
323 215
329 214
331 213
337 212
344 211
351 210
359 209
369 208
384 207
388 206
392 205
398 204
400 203
406 202
411 201
417 200
424 199
431 198
439 197
449 196
