20
0 1 10 10
0 2 0 90
0 3 96 97
0 4 25 21
0 5 13 17
0 6 13 25
0 7 21 12
0 8 14 13
0 9 15 12
0 10 11 18
0 11 27 27
0 12 23 12
0 13 19 15
0 14 26 20
0 15 19 15
0 16 16 18
0 17 22 17
0 18 24 27
0 19 24 25
1 2 90 0
1 3 100 93
1 4 27 11
1 5 25 18
1 6 23 21
1 7 18 21
1 8 13 19
1 9 13 17
1 10 16 22
1 11 18 13
1 12 17 20
1 13 14 16
1 14 20 14
1 15 19 13
1 16 11 19
1 17 13 21
1 18 10 22
1 19 14 26
2 3 99 98
2 4 27 27
2 5 15 16
2 6 25 20
2 7 15 24
2 8 23 12
2 9 22 13
2 10 14 24
2 11 20 23
2 12 20 17
2 13 14 15
2 14 14 14
2 15 14 26
2 16 16 16
2 17 10 12
2 18 12 10
2 19 22 19
3 4 11 22
3 5 14 12
3 6 21 25
3 7 21 14
3 8 17 24
3 9 22 17
3 10 10 13
3 11 17 15
3 12 17 18
3 13 22 25
3 14 25 10
3 15 13 11
3 16 18 17
3 17 17 23
3 18 10 13
3 19 12 19
4 5 95 90
4 6 93 98
4 7 97 94
4 8 14 10
4 9 11 11
4 10 27 16
4 11 15 26
4 12 17 13
4 13 14 27
4 14 18 19
4 15 27 14
4 16 11 22
4 17 25 20
4 18 21 11
4 19 15 12
5 6 99 98
5 7 93 97
5 8 21 22
5 9 18 21
5 10 15 19
5 11 10 26
5 12 12 14
5 13 26 13
5 14 20 12
5 15 13 13
5 16 24 12
5 17 13 23
5 18 10 18
5 19 25 14
6 7 97 90
6 8 13 13
6 9 24 26
6 10 13 22
6 11 26 19
6 12 20 12
6 13 27 12
6 14 23 17
6 15 14 22
6 16 21 13
6 17 17 12
6 18 19 16
6 19 18 24
7 8 19 12
7 9 21 17
7 10 16 24
7 11 20 18
7 12 10 14
7 13 24 16
7 14 15 17
7 15 16 13
7 16 22 11
7 17 25 17
7 18 27 24
7 19 11 10
8 9 90 96
8 10 91 90
8 11 91 94
8 12 23 15
8 13 18 24
8 14 17 12
8 15 22 19
8 16 18 23
8 17 13 10
8 18 20 11
8 19 24 20
9 10 98 96
9 11 91 97
9 12 19 23
9 13 11 21
9 14 23 22
9 15 10 18
9 16 15 17
9 17 22 10
9 18 12 24
9 19 26 26
10 11 97 98
10 12 25 21
10 13 25 20
10 14 22 10
10 15 13 10
10 16 22 22
10 17 22 16
10 18 12 23
10 19 13 27
11 12 23 22
11 13 25 22
11 14 13 17
11 15 15 18
11 16 14 25
11 17 18 21
11 18 27 22
11 19 27 23
12 13 92 92
12 14 96 91
12 15 99 92
12 16 27 27
12 17 12 24
12 18 18 26
12 19 26 13
13 14 100 93
13 15 98 91
13 16 25 17
13 17 17 25
13 18 12 25
13 19 21 18
14 15 94 100
14 16 10 21
14 17 14 11
14 18 24 18
14 19 26 20
15 16 15 23
15 17 21 27
15 18 20 20
15 19 25 22
16 17 97 98
16 18 93 98
16 19 100 93
17 18 90 91
17 19 97 94
18 19 94 98
0
73
193 377
194 373
195 365
196 361
197 353
199 351
200 344
201 343
203 336
204 334
205 297
206 293
207 285
208 281
210 276
211 272
212 271
213 268
214 264
215 262
217 258
218 256
219 254
220 253
221 250
222 248
224 245
225 243
226 242
227 240
228 238
229 237
230 236
232 235
233 234
234 233
235 232
237 231
238 230
240 229
241 228
243 227
244 226
245 225
246 224
248 223
249 222
251 221
252 220
256 219
262 218
264 217
268 216
274 215
277 214
281 213
287 212
291 211
301 210
312 209
324 208
331 207
337 206
339 205
343 204
349 203
352 202
356 201
362 200
366 199
376 198
387 197
399 196
