20
0 1 5 5
0 2 0 95
0 3 99 99
0 4 9 6
0 5 9 7
0 6 15 9
0 7 15 7
0 8 11 12
0 9 10 15
0 10 6 5
0 11 6 12
0 12 5 5
0 13 8 11
0 14 9 13
0 15 9 11
0 16 9 9
0 17 6 5
0 18 13 7
0 19 6 6
1 2 95 0
1 3 100 95
1 4 6 8
1 5 13 8
1 6 6 10
1 7 14 8
1 8 6 10
1 9 8 14
1 10 8 14
1 11 5 15
1 12 10 6
1 13 5 8
1 14 9 15
1 15 8 11
1 16 12 13
1 17 14 15
1 18 5 8
1 19 14 5
2 3 95 95
2 4 14 8
2 5 7 5
2 6 13 8
2 7 15 9
2 8 14 5
2 9 13 14
2 10 14 10
2 11 10 11
2 12 9 14
2 13 6 6
2 14 12 6
2 15 13 11
2 16 14 7
2 17 10 7
2 18 12 7
2 19 14 14
3 4 14 7
3 5 5 14
3 6 5 12
3 7 6 7
3 8 5 11
3 9 8 7
3 10 14 6
3 11 13 13
3 12 12 8
3 13 14 11
3 14 8 13
3 15 15 10
3 16 11 14
3 17 8 13
3 18 8 12
3 19 8 5
4 5 95 100
4 6 95 99
4 7 95 98
4 8 11 12
4 9 6 9
4 10 12 12
4 11 6 14
4 12 8 11
4 13 14 5
4 14 14 6
4 15 9 10
4 16 9 6
4 17 10 13
4 18 13 14
4 19 8 7
5 6 97 100
5 7 98 99
5 8 9 8
5 9 5 9
5 10 12 8
5 11 6 10
5 12 9 12
5 13 15 11
5 14 10 8
5 15 9 12
5 16 11 15
5 17 13 10
5 18 8 7
5 19 11 13
6 7 98 95
6 8 15 9
6 9 8 7
6 10 10 12
6 11 12 12
6 12 5 5
6 13 11 13
6 14 13 7
6 15 5 13
6 16 6 12
6 17 15 11
6 18 7 8
6 19 11 9
7 8 13 14
7 9 14 6
7 10 5 12
7 11 11 9
7 12 12 15
7 13 11 7
7 14 12 7
7 15 10 11
7 16 12 12
7 17 5 13
7 18 12 10
7 19 6 7
8 9 100 95
8 10 99 97
8 11 97 97
8 12 14 6
8 13 12 15
8 14 7 5
8 15 6 8
8 16 6 11
8 17 15 8
8 18 15 7
8 19 15 15
9 10 95 99
9 11 97 97
9 12 12 8
9 13 11 11
9 14 11 8
9 15 5 6
9 16 14 15
9 17 15 6
9 18 11 14
9 19 7 13
10 11 97 98
10 12 12 9
10 13 14 5
10 14 7 11
10 15 13 10
10 16 9 13
10 17 11 10
10 18 6 14
10 19 6 13
11 12 6 14
11 13 7 13
11 14 15 9
11 15 13 14
11 16 13 12
11 17 8 8
11 18 11 8
11 19 8 11
12 13 98 98
12 14 96 99
12 15 100 96
12 16 7 9
12 17 5 13
12 18 7 6
12 19 9 6
13 14 97 96
13 15 96 97
13 16 8 6
13 17 6 10
13 18 11 7
13 19 13 11
14 15 95 100
14 16 8 10
14 17 5 10
14 18 9 10
14 19 8 13
15 16 11 9
15 17 8 5
15 18 14 15
15 19 12 5
16 17 98 95
16 18 100 96
16 19 99 99
17 18 95 97
17 19 100 99
18 19 100 100
0
41
93 265
94 257
95 249
96 244
97 239
98 234
99 176
100 168
101 160
102 155
103 150
104 145
105 140
106 137
107 134
108 131
109 129
110 126
111 124
113 122
114 120
116 118
118 116
120 114
122 113
123 112
126 111
127 110
131 109
133 108
135 107
140 106
145 105
151 104
159 103
219 102
221 101
226 100
232 99
240 98
248 97
