20
0 1 10 10
0 2 0 90
0 3 90 100
0 4 14 14
0 5 12 12
0 6 20 18
0 7 14 18
0 8 21 27
0 9 11 20
0 10 10 22
0 11 25 10
0 12 16 22
0 13 19 19
0 14 13 24
0 15 14 12
0 16 25 18
0 17 20 22
0 18 26 20
0 19 10 24
1 2 90 0
1 3 93 95
1 4 15 26
1 5 13 25
1 6 22 25
1 7 27 22
1 8 10 25
1 9 17 16
1 10 14 20
1 11 15 18
1 12 25 27
1 13 10 18
1 14 19 19
1 15 11 20
1 16 15 22
1 17 26 17
1 18 19 24
1 19 27 12
2 3 94 94
2 4 20 20
2 5 10 17
2 6 22 26
2 7 10 24
2 8 10 20
2 9 20 26
2 10 27 21
2 11 11 22
2 12 14 11
2 13 17 27
2 14 15 14
2 15 22 26
2 16 27 21
2 17 11 23
2 18 20 24
2 19 21 14
3 4 12 20
3 5 27 26
3 6 19 13
3 7 21 10
3 8 25 22
3 9 12 11
3 10 14 26
3 11 17 15
3 12 15 27
3 13 25 15
3 14 12 22
3 15 25 27
3 16 14 25
3 17 22 23
3 18 20 18
3 19 22 25
4 5 99 98
4 6 95 92
4 7 91 99
4 8 21 16
4 9 18 17
4 10 15 10
4 11 26 14
4 12 19 22
4 13 12 23
4 14 14 14
4 15 15 19
4 16 24 13
4 17 17 27
4 18 22 17
4 19 16 13
5 6 95 92
5 7 99 99
5 8 10 23
5 9 27 16
5 10 22 15
5 11 18 25
5 12 14 20
5 13 20 18
5 14 13 10
5 15 14 21
5 16 21 25
5 17 19 14
5 18 21 20
5 19 26 27
6 7 95 95
6 8 19 23
6 9 11 24
6 10 23 27
6 11 25 23
6 12 10 26
6 13 17 16
6 14 14 21
6 15 21 16
6 16 24 15
6 17 24 23
6 18 16 23
6 19 19 27
7 8 27 23
7 9 20 23
7 10 21 18
7 11 11 20
7 12 15 22
7 13 18 16
7 14 21 24
7 15 27 27
7 16 25 23
7 17 18 19
7 18 20 22
7 19 10 12
8 9 91 94
8 10 94 96
8 11 97 90
8 12 13 16
8 13 23 14
8 14 16 12
8 15 15 13
8 16 26 21
8 17 24 14
8 18 26 12
8 19 22 20
9 10 95 99
9 11 99 97
9 12 14 22
9 13 24 18
9 14 12 24
9 15 22 12
9 16 19 13
9 17 17 23
9 18 19 22
9 19 21 22
10 11 99 90
10 12 22 23
10 13 16 12
10 14 25 17
10 15 14 18
10 16 19 21
10 17 11 18
10 18 21 26
10 19 17 19
11 12 21 14
11 13 11 18
11 14 18 10
11 15 21 26
11 16 17 23
11 17 14 16
11 18 13 16
11 19 19 17
12 13 99 90
12 14 97 92
12 15 92 100
12 16 24 16
12 17 19 20
12 18 12 24
12 19 11 18
13 14 100 92
13 15 95 98
13 16 13 27
13 17 21 18
13 18 20 27
13 19 17 22
14 15 96 94
14 16 14 18
14 17 23 26
14 18 15 11
14 19 10 15
15 16 22 27
15 17 27 12
15 18 24 23
15 19 24 22
16 17 96 95
16 18 97 97
16 19 93 90
17 18 97 96
17 19 94 90
18 19 98 95
0
100
194 430
195 421
196 413
197 409
198 407
199 399
200 397
201 393
202 389
203 387
204 364
205 355
206 347
207 343
208 335
209 331
210 329
211 321
212 319
213 315
214 311
215 309
216 306
217 303
218 301
219 298
220 296
221 294
222 291
223 289
224 288
225 286
226 283
227 281
229 279
230 277
231 276
232 274
233 273
234 272
235 270
236 269
237 268
238 266
239 265
240 263
241 262
242 261
243 260
244 259
245 258
246 257
247 255
248 254
249 253
250 252
252 250
253 249
254 248
255 247
257 245
258 244
259 243
260 242
262 240
263 239
264 238
265 237
267 236
268 234
269 233
271 232
272 231
274 230
276 229
277 228
279 227
282 226
284 225
288 224
292 223
296 222
302 221
304 220
315 219
317 218
348 217
349 216
351 215
352 214
354 213
357 212
359 211
363 210
367 209
371 208
377 207
379 206
390 205
392 204
