20
0 1 2 2
0 2 0 97
0 3 100 100
0 4 5 7
0 5 10 9
0 6 6 10
0 7 5 9
0 8 8 3
0 9 4 4
0 10 4 6
0 11 5 4
0 12 6 9
0 13 2 7
0 14 10 10
0 15 8 8
0 16 5 6
0 17 9 7
0 18 3 10
0 19 10 4
1 2 97 0
1 3 100 98
1 4 9 5
1 5 3 6
1 6 3 4
1 7 10 7
1 8 5 5
1 9 5 5
1 10 7 3
1 11 5 9
1 12 8 5
1 13 3 4
1 14 3 9
1 15 3 7
1 16 10 6
1 17 6 10
1 18 6 9
1 19 3 10
2 3 100 98
2 4 4 10
2 5 5 2
2 6 8 6
2 7 4 10
2 8 9 9
2 9 4 5
2 10 8 8
2 11 5 10
2 12 10 6
2 13 6 3
2 14 4 8
2 15 2 9
2 16 6 9
2 17 6 5
2 18 10 7
2 19 7 9
3 4 9 4
3 5 5 4
3 6 10 10
3 7 7 9
3 8 7 4
3 9 10 5
3 10 7 5
3 11 10 10
3 12 2 9
3 13 6 10
3 14 3 9
3 15 8 8
3 16 8 7
3 17 3 10
3 18 9 10
3 19 7 4
4 5 99 99
4 6 100 99
4 7 97 97
4 8 6 2
4 9 8 8
4 10 9 9
4 11 6 8
4 12 3 8
4 13 4 2
4 14 8 7
4 15 10 7
4 16 3 8
4 17 3 5
4 18 9 7
4 19 9 3
5 6 97 99
5 7 100 100
5 8 9 10
5 9 8 2
5 10 5 4
5 11 4 9
5 12 6 3
5 13 4 5
5 14 8 10
5 15 6 10
5 16 6 7
5 17 8 9
5 18 2 3
5 19 8 5
6 7 97 100
6 8 3 6
6 9 9 3
6 10 4 3
6 11 9 9
6 12 7 9
6 13 7 7
6 14 3 7
6 15 6 3
6 16 5 5
6 17 10 8
6 18 10 4
6 19 7 3
7 8 7 3
7 9 9 7
7 10 4 2
7 11 10 6
7 12 5 7
7 13 2 10
7 14 3 6
7 15 9 4
7 16 10 4
7 17 3 8
7 18 10 7
7 19 2 4
8 9 99 98
8 10 97 99
8 11 100 99
8 12 5 10
8 13 6 3
8 14 7 6
8 15 2 5
8 16 2 3
8 17 7 10
8 18 5 9
8 19 8 2
9 10 100 98
9 11 97 97
9 12 5 9
9 13 10 5
9 14 4 5
9 15 3 3
9 16 9 3
9 17 6 5
9 18 7 9
9 19 10 4
10 11 98 98
10 12 9 8
10 13 8 5
10 14 10 10
10 15 4 7
10 16 5 9
10 17 8 6
10 18 4 5
10 19 6 7
11 12 2 2
11 13 4 5
11 14 5 6
11 15 6 9
11 16 10 10
11 17 4 2
11 18 4 8
11 19 8 9
12 13 98 99
12 14 99 100
12 15 100 98
12 16 2 6
12 17 10 5
12 18 9 2
12 19 6 8
13 14 100 100
13 15 100 99
13 16 8 6
13 17 4 4
13 18 3 6
13 19 5 10
14 15 97 98
14 16 9 9
14 17 4 4
14 18 9 5
14 19 10 7
15 16 4 2
15 17 5 5
15 18 9 4
15 19 5 3
16 17 99 100
16 18 98 98
16 19 98 98
17 18 100 98
17 19 98 97
18 19 100 100
0
36
44 191
45 185
46 182
47 100
48 94
49 90
50 87
51 83
52 80
53 78
54 76
55 73
56 71
57 70
58 68
59 66
60 65
61 63
62 62
63 61
64 60
65 59
66 58
67 57
68 56
69 55
71 54
73 53
75 52
78 51
81 50
85 49
89 48
172 47
175 46
179 45
