30
0 1 3 3
0 2 0 97
0 3 99 97
0 4 17 3
0 5 4 9
0 6 13 3
0 7 17 3
0 8 16 12
0 9 18 5
0 10 16 11
0 11 12 3
0 12 6 17
0 13 14 6
0 14 6 8
0 15 17 10
0 16 12 10
0 17 12 5
0 18 7 11
0 19 10 5
0 20 11 11
0 21 11 6
0 22 12 9
0 23 6 9
0 24 18 5
0 25 11 16
0 26 14 4
0 27 16 17
0 28 18 11
0 29 4 5
1 2 97 0
1 3 98 97
1 4 12 10
1 5 10 6
1 6 12 14
1 7 14 3
1 8 17 6
1 9 12 9
1 10 9 5
1 11 16 12
1 12 11 15
1 13 15 3
1 14 12 10
1 15 4 10
1 16 8 3
1 17 18 10
1 18 5 16
1 19 10 14
1 20 7 17
1 21 17 16
1 22 13 12
1 23 17 11
1 24 16 10
1 25 17 6
1 26 12 14
1 27 16 4
1 28 11 12
1 29 4 4
2 3 97 99
2 4 11 8
2 5 5 11
2 6 15 7
2 7 8 6
2 8 18 12
2 9 5 17
2 10 9 15
2 11 10 7
2 12 7 7
2 13 14 5
2 14 11 7
2 15 17 8
2 16 8 9
2 17 17 9
2 18 10 17
2 19 11 3
2 20 6 13
2 21 11 3
2 22 17 16
2 23 6 17
2 24 9 8
2 25 15 15
2 26 4 6
2 27 4 8
2 28 11 15
2 29 11 3
3 4 4 9
3 5 8 9
3 6 15 6
3 7 16 6
3 8 4 8
3 9 6 7
3 10 3 14
3 11 7 17
3 12 11 11
3 13 15 17
3 14 16 11
3 15 14 18
3 16 15 15
3 17 7 7
3 18 11 15
3 19 7 12
3 20 5 12
3 21 3 17
3 22 15 16
3 23 5 16
3 24 5 8
3 25 4 5
3 26 4 9
3 27 4 12
3 28 17 16
3 29 11 14
4 5 99 100
4 6 99 99
4 7 100 100
4 8 9 10
4 9 14 13
4 10 4 17
4 11 6 4
4 12 15 18
4 13 17 17
4 14 15 3
4 15 7 16
4 16 6 8
4 17 6 7
4 18 17 4
4 19 4 9
4 20 16 10
4 21 12 10
4 22 12 11
4 23 9 18
4 24 3 5
4 25 12 4
4 26 3 15
4 27 5 15
4 28 14 3
4 29 14 10
5 6 97 100
5 7 98 100
5 8 7 11
5 9 10 5
5 10 13 12
5 11 12 10
5 12 3 5
5 13 17 13
5 14 14 8
5 15 12 14
5 16 10 6
5 17 15 10
5 18 18 17
5 19 6 14
5 20 17 17
5 21 5 17
5 22 16 10
5 23 5 4
5 24 3 12
5 25 7 13
5 26 5 16
5 27 4 6
5 28 18 18
5 29 16 13
6 7 97 99
6 8 8 14
6 9 12 4
6 10 5 12
6 11 18 9
6 12 7 16
6 13 7 9
6 14 15 5
6 15 17 17
6 16 6 17
6 17 10 10
6 18 11 13
6 19 7 12
6 20 16 7
6 21 11 13
6 22 17 16
6 23 3 7
6 24 11 13
6 25 8 14
6 26 6 8
6 27 4 10
6 28 5 8
6 29 16 17
7 8 10 14
7 9 15 14
7 10 12 7
7 11 5 4
7 12 17 10
7 13 13 14
7 14 14 6
7 15 8 12
7 16 3 8
7 17 16 11
7 18 18 6
7 19 6 5
7 20 11 7
7 21 12 13
7 22 13 10
7 23 12 4
7 24 5 8
7 25 15 15
7 26 12 18
7 27 16 10
7 28 9 11
7 29 5 4
8 9 100 100
8 10 99 100
8 11 98 97
8 12 6 15
8 13 14 10
8 14 18 6
8 15 14 11
8 16 16 8
8 17 18 9
8 18 10 5
8 19 15 6
8 20 17 8
8 21 5 14
8 22 16 11
8 23 6 18
8 24 12 17
8 25 10 7
8 26 12 7
8 27 15 16
8 28 3 10
8 29 7 18
9 10 99 100
9 11 97 100
9 12 8 10
9 13 17 15
9 14 12 13
9 15 18 10
9 16 18 5
9 17 6 15
9 18 13 9
9 19 15 7
9 20 8 6
9 21 11 17
9 22 10 7
9 23 14 10
9 24 14 18
9 25 10 8
9 26 18 18
9 27 15 7
9 28 9 13
9 29 3 3
10 11 97 100
10 12 10 7
10 13 4 13
10 14 3 15
10 15 4 15
10 16 3 9
10 17 18 11
10 18 7 9
10 19 15 3
10 20 17 10
10 21 18 8
10 22 15 17
10 23 7 11
10 24 5 13
10 25 6 5
10 26 13 10
10 27 5 5
10 28 14 6
10 29 15 15
11 12 18 16
11 13 11 18
11 14 6 11
11 15 10 11
11 16 17 6
11 17 11 15
11 18 13 10
11 19 4 9
11 20 9 8
11 21 18 11
11 22 3 5
11 23 14 13
11 24 12 16
11 25 15 8
11 26 3 12
11 27 4 3
11 28 9 12
11 29 18 13
12 13 98 100
12 14 99 97
12 15 99 99
12 16 15 8
12 17 4 17
12 18 14 10
12 19 6 13
12 20 3 6
12 21 15 14
12 22 17 9
12 23 11 13
12 24 14 11
12 25 6 15
12 26 11 13
12 27 8 11
12 28 7 10
12 29 18 9
13 14 100 98
13 15 97 100
13 16 17 4
13 17 4 13
13 18 12 8
13 19 7 12
13 20 11 4
13 21 7 9
13 22 10 15
13 23 4 5
13 24 7 7
13 25 17 16
13 26 17 6
13 27 8 5
13 28 13 7
13 29 11 4
14 15 98 97
14 16 8 15
14 17 13 9
14 18 9 6
14 19 14 13
14 20 15 7
14 21 14 3
14 22 13 5
14 23 15 14
14 24 7 3
14 25 3 5
14 26 16 17
14 27 9 5
14 28 4 3
14 29 9 12
15 16 5 7
15 17 5 10
15 18 3 15
15 19 16 9
15 20 18 12
15 21 3 14
15 22 16 15
15 23 14 10
15 24 17 10
15 25 6 6
15 26 10 6
15 27 8 8
15 28 4 14
15 29 10 5
16 17 97 99
16 18 97 99
16 19 99 99
16 20 8 5
16 21 13 5
16 22 11 12
16 23 14 11
16 24 7 11
16 25 7 18
16 26 3 6
16 27 9 6
16 28 9 16
16 29 9 14
17 18 99 100
17 19 100 99
17 20 13 6
17 21 11 9
17 22 4 13
17 23 7 9
17 24 15 17
17 25 11 7
17 26 10 7
17 27 15 14
17 28 15 4
17 29 13 15
18 19 97 97
18 20 18 13
18 21 16 8
18 22 8 3
18 23 16 15
18 24 13 10
18 25 18 5
18 26 16 3
18 27 15 4
18 28 9 11
18 29 18 18
19 20 15 9
19 21 6 11
19 22 4 18
19 23 12 14
19 24 15 16
19 25 14 14
19 26 10 11
19 27 4 16
19 28 11 17
19 29 12 5
20 21 98 98
20 22 97 99
20 23 98 97
20 24 6 3
20 25 11 5
20 26 18 7
20 27 11 5
20 28 16 12
20 29 4 9
21 22 97 98
21 23 97 100
21 24 12 14
21 25 10 13
21 26 11 3
21 27 11 5
21 28 5 16
21 29 14 10
22 23 100 97
22 24 10 5
22 25 7 3
22 26 7 6
22 27 7 15
22 28 8 4
22 29 8 10
23 24 11 12
23 25 7 15
23 26 11 16
23 27 10 18
23 28 10 3
23 29 18 18
24 25 99 99
24 26 97 98
24 27 98 100
24 28 4 3
24 29 16 9
25 26 97 98
25 27 98 98
25 28 16 18
25 29 9 5
26 27 99 99
26 28 14 13
26 29 13 6
27 28 11 5
27 29 6 18
28 29 99 99
0
84
92 336
93 324
94 314
95 306
96 248
97 236
98 226
99 218
100 211
101 205
102 200
103 196
104 192
105 189
106 186
107 183
108 180
109 177
110 174
111 172
112 170
113 168
114 165
115 162
116 160
117 158
118 156
119 154
120 152
121 151
122 150
123 149
124 147
125 146
126 145
127 143
128 141
129 140
130 139
131 138
132 137
133 136
134 135
135 134
136 133
137 132
140 131
142 130
143 129
146 128
148 127
150 126
153 125
155 124
157 123
160 122
162 121
165 120
167 119
170 118
172 117
175 116
178 115
180 114
183 113
186 112
189 111
192 110
196 109
201 108
206 107
211 106
217 105
222 104
228 103
233 102
240 101
248 100
256 99
265 98
278 97
341 96
349 95
358 94
