30
0 1 1 1
0 2 0 98
0 3 98 99
0 4 9 9
0 5 9 2
0 6 3 1
0 7 6 6
0 8 5 1
0 9 3 7
0 10 7 9
0 11 4 7
0 12 8 3
0 13 7 1
0 14 4 9
0 15 2 2
0 16 7 2
0 17 9 4
0 18 5 8
0 19 2 9
0 20 1 9
0 21 9 1
0 22 1 1
0 23 6 7
0 24 1 1
0 25 5 1
0 26 8 4
0 27 8 2
0 28 5 9
0 29 6 5
1 2 98 0
1 3 98 99
1 4 4 6
1 5 6 8
1 6 4 4
1 7 7 2
1 8 3 5
1 9 2 9
1 10 6 1
1 11 6 2
1 12 8 4
1 13 2 2
1 14 8 3
1 15 4 6
1 16 4 5
1 17 5 9
1 18 1 1
1 19 1 1
1 20 3 6
1 21 3 1
1 22 3 6
1 23 2 1
1 24 5 3
1 25 4 9
1 26 3 5
1 27 1 4
1 28 2 6
1 29 2 5
2 3 100 100
2 4 1 4
2 5 8 7
2 6 3 1
2 7 7 1
2 8 8 1
2 9 4 2
2 10 5 4
2 11 9 8
2 12 4 5
2 13 4 7
2 14 4 2
2 15 7 8
2 16 1 2
2 17 3 4
2 18 3 7
2 19 6 6
2 20 5 4
2 21 1 7
2 22 1 3
2 23 1 8
2 24 8 5
2 25 6 1
2 26 1 1
2 27 3 5
2 28 5 7
2 29 1 7
3 4 8 7
3 5 8 1
3 6 5 9
3 7 7 8
3 8 9 4
3 9 9 4
3 10 7 3
3 11 5 7
3 12 1 6
3 13 7 1
3 14 2 5
3 15 7 2
3 16 3 5
3 17 1 1
3 18 5 2
3 19 5 1
3 20 1 8
3 21 7 2
3 22 6 5
3 23 8 5
3 24 3 5
3 25 4 4
3 26 7 9
3 27 4 7
3 28 6 4
3 29 8 3
4 5 100 100
4 6 100 98
4 7 99 100
4 8 8 2
4 9 2 3
4 10 6 3
4 11 7 9
4 12 5 2
4 13 4 3
4 14 8 6
4 15 7 5
4 16 9 7
4 17 6 6
4 18 3 6
4 19 3 8
4 20 8 6
4 21 3 7
4 22 3 3
4 23 8 3
4 24 3 5
4 25 5 7
4 26 4 7
4 27 9 7
4 28 5 4
4 29 2 7
5 6 99 99
5 7 99 99
5 8 8 2
5 9 9 4
5 10 7 5
5 11 5 4
5 12 8 7
5 13 5 6
5 14 9 5
5 15 6 5
5 16 4 2
5 17 2 3
5 18 2 3
5 19 3 1
5 20 8 6
5 21 8 7
5 22 7 8
5 23 7 5
5 24 5 1
5 25 1 7
5 26 1 4
5 27 3 9
5 28 3 9
5 29 7 4
6 7 99 99
6 8 1 5
6 9 3 3
6 10 9 3
6 11 2 4
6 12 6 8
6 13 4 8
6 14 4 9
6 15 1 4
6 16 9 2
6 17 5 8
6 18 1 8
6 19 8 4
6 20 1 2
6 21 1 8
6 22 6 4
6 23 6 7
6 24 1 2
6 25 8 1
6 26 5 4
6 27 2 3
6 28 2 9
6 29 5 5
7 8 7 4
7 9 3 4
7 10 9 5
7 11 4 3
7 12 7 7
7 13 3 6
7 14 2 3
7 15 1 9
7 16 2 1
7 17 9 7
7 18 1 8
7 19 2 6
7 20 3 9
7 21 9 6
7 22 3 2
7 23 2 1
7 24 2 2
7 25 6 5
7 26 4 9
7 27 1 9
7 28 5 6
7 29 4 7
8 9 98 99
8 10 100 98
8 11 99 99
8 12 8 6
8 13 3 8
8 14 7 9
8 15 8 4
8 16 3 3
8 17 9 7
8 18 7 9
8 19 4 5
8 20 8 5
8 21 3 5
8 22 2 7
8 23 7 2
8 24 2 6
8 25 9 2
8 26 4 9
8 27 9 4
8 28 6 8
8 29 1 9
9 10 98 100
9 11 100 100
9 12 3 8
9 13 3 7
9 14 2 1
9 15 6 5
9 16 2 8
9 17 8 5
9 18 1 6
9 19 3 5
9 20 7 6
9 21 2 5
9 22 4 9
9 23 1 1
9 24 5 4
9 25 5 4
9 26 9 5
9 27 7 2
9 28 4 3
9 29 3 3
10 11 100 100
10 12 5 6
10 13 2 2
10 14 6 5
10 15 5 1
10 16 1 1
10 17 1 4
10 18 2 2
10 19 9 1
10 20 6 6
10 21 6 9
10 22 9 9
10 23 3 7
10 24 2 5
10 25 4 3
10 26 1 9
10 27 6 9
10 28 4 3
10 29 9 7
11 12 8 6
11 13 2 4
11 14 2 9
11 15 1 2
11 16 2 7
11 17 1 6
11 18 3 2
11 19 4 9
11 20 2 1
11 21 6 9
11 22 7 3
11 23 9 5
11 24 2 9
11 25 6 8
11 26 8 2
11 27 7 8
11 28 7 8
11 29 6 1
12 13 99 98
12 14 100 99
12 15 98 99
12 16 2 1
12 17 5 8
12 18 4 5
12 19 6 6
12 20 8 3
12 21 1 7
12 22 7 3
12 23 9 1
12 24 1 6
12 25 9 4
12 26 8 9
12 27 4 3
12 28 5 4
12 29 8 3
13 14 98 99
13 15 98 98
13 16 2 3
13 17 7 7
13 18 5 8
13 19 8 9
13 20 8 8
13 21 5 6
13 22 5 9
13 23 8 7
13 24 4 2
13 25 8 8
13 26 4 6
13 27 5 6
13 28 3 5
13 29 4 5
14 15 100 99
14 16 2 1
14 17 1 8
14 18 1 7
14 19 9 4
14 20 2 2
14 21 2 7
14 22 8 3
14 23 3 9
14 24 4 8
14 25 5 6
14 26 6 9
14 27 5 3
14 28 9 9
14 29 2 9
15 16 5 6
15 17 9 2
15 18 9 8
15 19 3 4
15 20 8 7
15 21 4 4
15 22 2 2
15 23 4 9
15 24 3 7
15 25 5 1
15 26 7 3
15 27 8 2
15 28 8 8
15 29 9 1
16 17 98 100
16 18 99 99
16 19 99 98
16 20 6 9
16 21 4 9
16 22 4 6
16 23 4 5
16 24 3 9
16 25 9 9
16 26 5 2
16 27 6 9
16 28 8 5
16 29 6 8
17 18 98 100
17 19 99 98
17 20 1 2
17 21 4 3
17 22 1 2
17 23 6 5
17 24 7 9
17 25 3 5
17 26 4 2
17 27 7 2
17 28 6 4
17 29 3 5
18 19 98 99
18 20 5 2
18 21 3 2
18 22 1 7
18 23 8 7
18 24 6 7
18 25 8 6
18 26 1 5
18 27 4 4
18 28 2 7
18 29 4 7
19 20 6 5
19 21 4 3
19 22 9 3
19 23 4 9
19 24 8 8
19 25 2 1
19 26 9 6
19 27 8 5
19 28 9 7
19 29 6 5
20 21 98 100
20 22 100 98
20 23 98 100
20 24 4 3
20 25 9 9
20 26 9 1
20 27 4 2
20 28 5 7
20 29 2 8
21 22 99 99
21 23 98 99
21 24 3 8
21 25 4 3
21 26 3 3
21 27 3 8
21 28 4 3
21 29 5 3
22 23 100 98
22 24 1 2
22 25 2 3
22 26 1 8
22 27 1 2
22 28 8 5
22 29 4 1
23 24 7 9
23 25 4 1
23 26 9 9
23 27 2 1
23 28 2 7
23 29 1 7
24 25 100 100
24 26 100 99
24 27 100 98
24 28 9 7
24 29 7 2
25 26 100 99
25 27 98 99
25 28 2 8
25 29 9 2
26 27 98 99
26 28 4 8
26 29 4 3
27 28 1 8
27 29 4 5
28 29 98 99
0
33
29 194
30 99
31 92
32 86
33 80
34 75
35 70
36 67
37 64
38 61
39 59
40 57
41 55
42 53
43 51
44 50
45 48
46 47
47 45
48 44
49 43
50 42
51 41
52 40
53 39
55 38
57 37
60 36
64 35
68 34
73 33
78 32
173 31
