30
0 1 12 12
0 2 0 88
0 3 88 94
0 4 19 13
0 5 12 16
0 6 16 24
0 7 25 14
0 8 16 21
0 9 26 12
0 10 22 16
0 11 27 26
0 12 24 26
0 13 25 13
0 14 14 27
0 15 25 27
0 16 24 13
0 17 13 26
0 18 16 18
0 19 24 23
0 20 19 24
0 21 12 24
0 22 21 25
0 23 26 25
0 24 18 24
0 25 25 13
0 26 12 24
0 27 27 24
0 28 22 24
0 29 25 25
1 2 88 0
1 3 88 100
1 4 24 20
1 5 24 25
1 6 18 12
1 7 15 14
1 8 24 23
1 9 27 24
1 10 19 20
1 11 21 17
1 12 17 12
1 13 13 15
1 14 13 14
1 15 27 12
1 16 26 22
1 17 25 24
1 18 19 21
1 19 18 15
1 20 13 14
1 21 12 19
1 22 15 16
1 23 21 27
1 24 27 20
1 25 23 18
1 26 12 16
1 27 23 18
1 28 16 24
1 29 21 17
2 3 90 94
2 4 18 25
2 5 14 15
2 6 21 21
2 7 24 27
2 8 24 25
2 9 14 25
2 10 16 17
2 11 13 25
2 12 16 12
2 13 18 27
2 14 18 18
2 15 15 13
2 16 24 20
2 17 25 17
2 18 25 24
2 19 26 15
2 20 21 12
2 21 18 14
2 22 22 14
2 23 13 18
2 24 27 15
2 25 15 15
2 26 20 16
2 27 13 24
2 28 16 19
2 29 23 22
3 4 25 27
3 5 23 22
3 6 19 21
3 7 27 16
3 8 17 25
3 9 20 26
3 10 26 26
3 11 12 20
3 12 13 13
3 13 26 12
3 14 17 14
3 15 16 25
3 16 18 17
3 17 22 23
3 18 24 17
3 19 17 21
3 20 16 13
3 21 15 23
3 22 22 15
3 23 12 27
3 24 12 20
3 25 25 26
3 26 18 25
3 27 18 19
3 28 26 17
3 29 20 15
4 5 94 96
4 6 98 97
4 7 95 98
4 8 20 25
4 9 12 26
4 10 18 17
4 11 27 22
4 12 12 21
4 13 25 12
4 14 20 25
4 15 20 17
4 16 24 27
4 17 14 14
4 18 18 12
4 19 19 26
4 20 16 26
4 21 22 17
4 22 24 23
4 23 12 16
4 24 20 12
4 25 14 27
4 26 17 13
4 27 21 18
4 28 22 18
4 29 18 14
5 6 99 96
5 7 93 91
5 8 26 21
5 9 14 16
5 10 22 21
5 11 15 26
5 12 20 25
5 13 15 16
5 14 21 15
5 15 20 13
5 16 15 23
5 17 12 21
5 18 24 21
5 19 27 19
5 20 27 17
5 21 21 15
5 22 16 13
5 23 14 14
5 24 22 16
5 25 19 16
5 26 26 22
5 27 14 18
5 28 19 17
5 29 22 12
6 7 95 100
6 8 14 24
6 9 25 14
6 10 17 22
6 11 24 16
6 12 13 23
6 13 21 22
6 14 26 26
6 15 23 13
6 16 12 18
6 17 17 19
6 18 22 15
6 19 13 25
6 20 21 21
6 21 14 15
6 22 21 23
6 23 18 23
6 24 19 15
6 25 26 24
6 26 25 22
6 27 12 26
6 28 17 21
6 29 21 16
7 8 19 16
7 9 17 20
7 10 22 22
7 11 27 17
7 12 26 13
7 13 14 19
7 14 22 16
7 15 23 15
7 16 27 13
7 17 27 18
7 18 16 25
7 19 14 14
7 20 19 14
7 21 12 24
7 22 24 21
7 23 12 15
7 24 26 17
7 25 23 20
7 26 12 23
7 27 25 26
7 28 24 27
7 29 17 18
8 9 100 88
8 10 99 88
8 11 88 91
8 12 22 18
8 13 17 24
8 14 20 24
8 15 27 20
8 16 21 23
8 17 14 21
8 18 26 12
8 19 27 22
8 20 20 27
8 21 17 18
8 22 25 13
8 23 17 14
8 24 19 21
8 25 15 12
8 26 25 16
8 27 21 19
8 28 22 26
8 29 15 14
9 10 98 88
9 11 98 90
9 12 25 25
9 13 25 24
9 14 25 24
9 15 18 17
9 16 23 23
9 17 23 20
9 18 24 13
9 19 23 15
9 20 22 26
9 21 15 19
9 22 14 24
9 23 26 25
9 24 23 14
9 25 27 18
9 26 16 22
9 27 22 14
9 28 19 19
9 29 26 16
10 11 89 93
10 12 22 27
10 13 27 17
10 14 20 23
10 15 18 15
10 16 26 13
10 17 13 13
10 18 20 15
10 19 26 19
10 20 12 21
10 21 21 12
10 22 27 25
10 23 22 21
10 24 27 14
10 25 12 25
10 26 18 16
10 27 13 12
10 28 16 12
10 29 18 24
11 12 23 24
11 13 27 21
11 14 25 12
11 15 23 18
11 16 15 21
11 17 25 16
11 18 14 18
11 19 16 13
11 20 15 26
11 21 22 15
11 22 12 22
11 23 12 19
11 24 27 14
11 25 19 15
11 26 14 25
11 27 27 26
11 28 22 26
11 29 19 19
12 13 94 98
12 14 92 96
12 15 88 91
12 16 17 25
12 17 12 21
12 18 26 16
12 19 20 20
12 20 19 20
12 21 15 19
12 22 27 14
12 23 21 19
12 24 17 24
12 25 16 16
12 26 22 26
12 27 14 13
12 28 18 12
12 29 16 15
13 14 91 96
13 15 98 93
13 16 25 26
13 17 12 23
13 18 14 20
13 19 16 21
13 20 13 19
13 21 13 12
13 22 21 22
13 23 19 26
13 24 18 24
13 25 14 12
13 26 22 16
13 27 14 12
13 28 16 18
13 29 16 17
14 15 94 94
14 16 24 14
14 17 12 25
14 18 26 15
14 19 17 14
14 20 24 18
14 21 21 25
14 22 19 14
14 23 20 26
14 24 12 26
14 25 22 14
14 26 27 17
14 27 18 13
14 28 17 22
14 29 19 21
15 16 27 24
15 17 23 24
15 18 27 24
15 19 21 25
15 20 27 26
15 21 27 23
15 22 17 20
15 23 21 24
15 24 22 13
15 25 22 22
15 26 27 17
15 27 24 26
15 28 22 14
15 29 27 27
16 17 90 98
16 18 88 99
16 19 89 94
16 20 19 14
16 21 12 12
16 22 27 27
16 23 27 26
16 24 23 16
16 25 18 16
16 26 12 12
16 27 17 22
16 28 22 16
16 29 27 18
17 18 95 98
17 19 98 95
17 20 21 16
17 21 21 14
17 22 27 24
17 23 18 19
17 24 26 19
17 25 19 25
17 26 18 18
17 27 23 13
17 28 22 13
17 29 17 22
18 19 94 89
18 20 17 23
18 21 27 16
18 22 13 14
18 23 26 21
18 24 16 19
18 25 25 25
18 26 21 24
18 27 21 27
18 28 15 19
18 29 18 23
19 20 16 25
19 21 13 27
19 22 26 24
19 23 12 16
19 24 18 13
19 25 26 23
19 26 24 25
19 27 12 25
19 28 27 26
19 29 18 16
20 21 98 93
20 22 91 91
20 23 93 89
20 24 25 15
20 25 14 16
20 26 26 19
20 27 13 12
20 28 18 27
20 29 24 19
21 22 90 89
21 23 92 91
21 24 26 17
21 25 27 26
21 26 14 27
21 27 24 21
21 28 15 13
21 29 24 16
22 23 97 91
22 24 27 24
22 25 12 14
22 26 12 26
22 27 21 13
22 28 26 27
22 29 13 22
23 24 18 16
23 25 25 27
23 26 18 23
23 27 16 18
23 28 21 18
23 29 17 17
24 25 94 96
24 26 100 93
24 27 88 98
24 28 20 24
24 29 13 20
25 26 94 97
25 27 96 99
25 28 15 17
25 29 18 16
26 27 91 96
26 28 21 25
26 29 24 27
27 28 20 12
27 29 17 13
28 29 88 88
0
94
346 605
347 592
348 580
349 569
350 558
351 549
352 540
353 532
354 525
355 522
356 515
357 512
358 505
359 502
360 497
361 495
362 491
363 488
364 479
365 470
366 462
367 455
368 452
369 445
370 442
371 435
372 432
373 427
374 424
375 421
376 418
377 415
378 412
379 410
380 408
381 407
382 405
383 404
384 402
385 401
386 399
387 398
388 396
389 395
390 394
391 393
392 392
393 391
394 389
395 388
396 387
397 386
398 385
399 384
401 383
402 382
403 381
405 380
406 379
407 378
409 377
411 376
413 375
415 374
417 373
419 372
422 371
425 370
429 369
431 368
434 367
437 366
441 365
445 364
450 363
455 362
460 361
467 360
475 359
487 358
499 357
502 356
505 355
508 354
512 353
516 352
521 351
526 350
531 349
538 348
546 347
558 346
570 345
583 344
