30
0 1 3 3
0 2 0 97
0 3 100 97
0 4 6 7
0 5 18 15
0 6 11 15
0 7 8 8
0 8 5 9
0 9 9 13
0 10 15 10
0 11 17 18
0 12 10 4
0 13 4 18
0 14 15 9
0 15 7 5
0 16 9 10
0 17 9 7
0 18 14 14
0 19 14 16
0 20 8 4
0 21 4 15
0 22 3 8
0 23 8 15
0 24 6 14
0 25 16 13
0 26 7 5
0 27 10 17
0 28 7 18
0 29 17 6
1 2 97 0
1 3 99 97
1 4 17 6
1 5 8 13
1 6 6 4
1 7 14 11
1 8 11 9
1 9 9 4
1 10 11 17
1 11 3 13
1 12 4 12
1 13 17 4
1 14 13 14
1 15 11 14
1 16 11 17
1 17 14 18
1 18 16 6
1 19 3 16
1 20 11 12
1 21 5 16
1 22 16 11
1 23 15 6
1 24 17 13
1 25 14 3
1 26 4 6
1 27 18 13
1 28 18 15
1 29 18 6
2 3 98 100
2 4 18 4
2 5 18 6
2 6 15 5
2 7 8 13
2 8 8 14
2 9 18 6
2 10 16 17
2 11 13 6
2 12 14 5
2 13 10 12
2 14 9 16
2 15 7 8
2 16 5 16
2 17 12 15
2 18 7 12
2 19 9 7
2 20 8 9
2 21 11 3
2 22 4 8
2 23 7 13
2 24 12 10
2 25 18 3
2 26 14 17
2 27 12 8
2 28 12 5
2 29 16 5
3 4 3 9
3 5 13 8
3 6 3 15
3 7 18 16
3 8 5 4
3 9 10 6
3 10 16 16
3 11 7 13
3 12 3 8
3 13 16 3
3 14 9 12
3 15 9 6
3 16 4 11
3 17 14 10
3 18 6 10
3 19 9 13
3 20 15 13
3 21 12 3
3 22 8 8
3 23 5 17
3 24 14 16
3 25 15 10
3 26 9 8
3 27 15 4
3 28 14 9
3 29 18 3
4 5 99 98
4 6 100 98
4 7 98 100
4 8 12 18
4 9 7 6
4 10 18 6
4 11 10 12
4 12 18 14
4 13 15 14
4 14 3 16
4 15 15 10
4 16 3 10
4 17 13 12
4 18 3 5
4 19 3 4
4 20 5 16
4 21 6 7
4 22 14 10
4 23 5 11
4 24 15 6
4 25 10 12
4 26 10 13
4 27 17 6
4 28 8 6
4 29 7 14
5 6 100 98
5 7 99 99
5 8 11 9
5 9 4 7
5 10 4 12
5 11 17 4
5 12 3 16
5 13 7 10
5 14 13 3
5 15 7 5
5 16 4 13
5 17 5 17
5 18 14 4
5 19 7 10
5 20 11 7
5 21 4 14
5 22 7 12
5 23 16 17
5 24 15 16
5 25 15 14
5 26 3 13
5 27 14 13
5 28 14 12
5 29 6 5
6 7 100 100
6 8 8 7
6 9 13 11
6 10 13 11
6 11 6 5
6 12 14 17
6 13 14 13
6 14 11 4
6 15 10 14
6 16 15 9
6 17 15 14
6 18 16 16
6 19 3 4
6 20 11 16
6 21 12 8
6 22 13 17
6 23 4 3
6 24 4 18
6 25 13 4
6 26 12 11
6 27 9 5
6 28 5 14
6 29 14 7
7 8 14 18
7 9 14 8
7 10 11 8
7 11 8 15
7 12 9 3
7 13 9 15
7 14 18 14
7 15 13 16
7 16 11 16
7 17 4 12
7 18 14 4
7 19 18 14
7 20 17 16
7 21 3 14
7 22 4 11
7 23 8 16
7 24 6 8
7 25 10 8
7 26 6 14
7 27 18 11
7 28 9 4
7 29 17 8
8 9 99 100
8 10 100 100
8 11 97 98
8 12 4 5
8 13 18 18
8 14 15 16
8 15 5 5
8 16 14 3
8 17 6 8
8 18 9 16
8 19 7 17
8 20 10 8
8 21 8 13
8 22 4 11
8 23 5 9
8 24 13 7
8 25 16 17
8 26 16 6
8 27 16 16
8 28 7 7
8 29 18 5
9 10 97 100
9 11 100 100
9 12 8 15
9 13 12 18
9 14 12 4
9 15 11 11
9 16 14 12
9 17 7 3
9 18 17 7
9 19 3 4
9 20 15 17
9 21 3 8
9 22 5 18
9 23 7 18
9 24 6 8
9 25 6 3
9 26 3 17
9 27 9 8
9 28 16 9
9 29 5 11
10 11 99 99
10 12 8 4
10 13 4 15
10 14 3 6
10 15 3 7
10 16 12 7
10 17 9 17
10 18 11 13
10 19 5 7
10 20 4 14
10 21 10 11
10 22 17 5
10 23 5 5
10 24 13 6
10 25 14 12
10 26 14 11
10 27 8 9
10 28 7 18
10 29 11 3
11 12 17 17
11 13 7 3
11 14 8 14
11 15 7 4
11 16 12 11
11 17 8 17
11 18 4 7
11 19 10 3
11 20 14 8
11 21 14 11
11 22 7 18
11 23 13 3
11 24 11 12
11 25 9 3
11 26 4 3
11 27 10 6
11 28 13 5
11 29 9 17
12 13 99 97
12 14 98 98
12 15 98 99
12 16 13 9
12 17 7 14
12 18 4 14
12 19 5 3
12 20 8 8
12 21 10 14
12 22 13 7
12 23 15 15
12 24 3 13
12 25 9 15
12 26 4 13
12 27 16 3
12 28 5 3
12 29 3 12
13 14 100 100
13 15 98 98
13 16 16 4
13 17 11 3
13 18 11 13
13 19 3 3
13 20 9 9
13 21 4 6
13 22 18 10
13 23 14 11
13 24 15 8
13 25 7 18
13 26 14 12
13 27 17 15
13 28 7 8
13 29 11 9
14 15 100 98
14 16 7 18
14 17 3 8
14 18 7 14
14 19 4 11
14 20 15 18
14 21 18 17
14 22 6 17
14 23 12 11
14 24 12 13
14 25 3 4
14 26 15 9
14 27 17 12
14 28 8 18
14 29 3 5
15 16 11 9
15 17 15 18
15 18 4 16
15 19 11 12
15 20 8 6
15 21 6 5
15 22 11 8
15 23 13 5
15 24 18 7
15 25 6 9
15 26 13 10
15 27 10 4
15 28 11 4
15 29 10 3
16 17 100 99
16 18 97 99
16 19 100 97
16 20 12 3
16 21 12 13
16 22 6 14
16 23 11 8
16 24 11 5
16 25 3 4
16 26 18 12
16 27 4 12
16 28 6 6
16 29 12 6
17 18 100 97
17 19 98 97
17 20 14 16
17 21 6 18
17 22 14 11
17 23 16 9
17 24 9 10
17 25 17 6
17 26 12 11
17 27 3 13
17 28 17 10
17 29 14 14
18 19 100 99
18 20 13 10
18 21 12 3
18 22 6 7
18 23 7 6
18 24 10 13
18 25 3 16
18 26 13 4
18 27 6 11
18 28 9 13
18 29 11 11
19 20 15 6
19 21 4 10
19 22 4 12
19 23 6 8
19 24 4 9
19 25 6 5
19 26 17 17
19 27 5 7
19 28 12 14
19 29 7 15
20 21 97 99
20 22 97 98
20 23 98 100
20 24 5 16
20 25 8 12
20 26 17 3
20 27 4 15
20 28 4 18
20 29 4 10
21 22 98 97
21 23 98 98
21 24 11 5
21 25 17 12
21 26 12 14
21 27 6 10
21 28 16 8
21 29 17 10
22 23 99 99
22 24 16 5
22 25 13 13
22 26 6 6
22 27 8 3
22 28 4 3
22 29 17 18
23 24 15 5
23 25 13 4
23 26 11 12
23 27 18 10
23 28 12 13
23 29 14 3
24 25 99 97
24 26 98 98
24 27 97 100
24 28 17 6
24 29 15 7
25 26 98 98
25 27 100 98
25 28 9 12
25 29 8 18
26 27 99 99
26 28 17 12
26 29 4 9
27 28 17 14
27 29 7 18
28 29 100 98
0
80
88 316
89 303
90 294
91 287
92 227
93 214
94 205
95 198
96 192
97 188
98 184
99 181
100 178
101 175
102 172
103 169
104 167
105 164
106 162
107 160
108 158
109 156
110 155
111 153
112 152
113 150
114 148
115 147
116 146
117 144
118 142
119 141
120 140
121 138
122 137
123 136
124 134
125 133
126 132
127 131
128 129
129 128
130 127
131 126
132 125
133 124
135 122
137 121
139 120
140 119
142 117
144 116
146 115
148 114
149 113
151 112
153 111
155 110
158 109
161 108
164 107
167 106
170 105
174 104
177 103
181 102
185 101
189 100
193 99
199 98
204 97
210 96
217 95
225 94
235 93
246 92
260 91
317 90
327 89
341 88
