30
0 1 12 12
0 2 0 88
0 3 91 99
0 4 19 12
0 5 18 24
0 6 26 21
0 7 18 15
0 8 23 19
0 9 13 20
0 10 12 14
0 11 25 16
0 12 12 23
0 13 23 21
0 14 19 15
0 15 13 16
0 16 12 12
0 17 16 20
0 18 18 16
0 19 14 12
0 20 22 17
0 21 22 12
0 22 27 27
0 23 18 25
0 24 14 22
0 25 13 21
0 26 14 13
0 27 20 15
0 28 21 22
0 29 13 24
1 2 88 0
1 3 100 90
1 4 18 20
1 5 16 27
1 6 13 16
1 7 24 20
1 8 26 15
1 9 13 26
1 10 16 25
1 11 14 19
1 12 18 16
1 13 12 25
1 14 13 14
1 15 25 13
1 16 26 21
1 17 13 21
1 18 13 24
1 19 12 21
1 20 19 16
1 21 17 18
1 22 17 24
1 23 16 21
1 24 23 23
1 25 23 26
1 26 17 24
1 27 17 17
1 28 21 21
1 29 22 24
2 3 98 95
2 4 12 24
2 5 17 15
2 6 16 19
2 7 17 18
2 8 26 27
2 9 24 12
2 10 18 23
2 11 22 24
2 12 22 25
2 13 22 12
2 14 13 13
2 15 14 21
2 16 19 23
2 17 27 14
2 18 19 22
2 19 18 25
2 20 27 12
2 21 21 17
2 22 18 16
2 23 18 23
2 24 26 25
2 25 25 22
2 26 14 19
2 27 12 18
2 28 21 13
2 29 25 12
3 4 25 24
3 5 18 14
3 6 27 13
3 7 15 14
3 8 25 24
3 9 13 15
3 10 20 23
3 11 14 22
3 12 12 17
3 13 17 19
3 14 25 27
3 15 15 19
3 16 18 14
3 17 24 19
3 18 20 14
3 19 23 27
3 20 12 19
3 21 26 21
3 22 14 27
3 23 20 14
3 24 17 22
3 25 22 25
3 26 14 18
3 27 27 15
3 28 16 16
3 29 16 16
4 5 95 94
4 6 99 92
4 7 97 93
4 8 20 25
4 9 16 25
4 10 16 19
4 11 14 22
4 12 24 19
4 13 25 27
4 14 21 13
4 15 22 25
4 16 24 17
4 17 24 21
4 18 15 27
4 19 13 12
4 20 16 16
4 21 19 23
4 22 24 26
4 23 14 12
4 24 26 14
4 25 14 23
4 26 20 22
4 27 21 19
4 28 22 22
4 29 18 19
5 6 91 95
5 7 90 93
5 8 20 16
5 9 14 16
5 10 23 12
5 11 16 27
5 12 15 13
5 13 23 21
5 14 19 14
5 15 20 20
5 16 17 20
5 17 19 25
5 18 24 19
5 19 15 14
5 20 27 18
5 21 12 18
5 22 20 27
5 23 20 16
5 24 19 25
5 25 20 12
5 26 20 15
5 27 17 25
5 28 14 14
5 29 12 16
6 7 98 90
6 8 26 16
6 9 15 24
6 10 22 12
6 11 19 20
6 12 25 21
6 13 27 13
6 14 22 24
6 15 12 23
6 16 18 13
6 17 22 25
6 18 23 18
6 19 13 25
6 20 22 26
6 21 25 13
6 22 14 13
6 23 19 16
6 24 17 14
6 25 18 21
6 26 21 13
6 27 17 24
6 28 24 21
6 29 14 23
7 8 27 20
7 9 14 27
7 10 16 13
7 11 13 12
7 12 21 15
7 13 18 16
7 14 21 23
7 15 15 16
7 16 19 14
7 17 14 14
7 18 13 12
7 19 18 26
7 20 23 24
7 21 13 20
7 22 22 27
7 23 25 14
7 24 23 23
7 25 16 18
7 26 13 27
7 27 21 16
7 28 12 21
7 29 23 21
8 9 94 96
8 10 96 100
8 11 95 98
8 12 18 24
8 13 21 23
8 14 25 20
8 15 23 18
8 16 25 24
8 17 27 13
8 18 25 24
8 19 20 19
8 20 21 23
8 21 19 13
8 22 20 21
8 23 15 23
8 24 18 18
8 25 17 18
8 26 27 24
8 27 17 22
8 28 21 25
8 29 16 18
9 10 90 90
9 11 98 90
9 12 25 15
9 13 23 22
9 14 15 14
9 15 13 20
9 16 23 19
9 17 17 27
9 18 14 25
9 19 24 13
9 20 27 25
9 21 15 16
9 22 23 14
9 23 21 16
9 24 16 19
9 25 20 19
9 26 12 20
9 27 26 25
9 28 23 27
9 29 23 20
10 11 96 90
10 12 20 18
10 13 18 26
10 14 14 13
10 15 15 21
10 16 21 18
10 17 20 22
10 18 16 26
10 19 22 23
10 20 27 21
10 21 20 25
10 22 12 25
10 23 21 16
10 24 16 16
10 25 27 25
10 26 26 19
10 27 17 16
10 28 22 15
10 29 17 21
11 12 20 19
11 13 25 25
11 14 22 27
11 15 22 15
11 16 16 13
11 17 24 21
11 18 16 17
11 19 21 14
11 20 24 12
11 21 23 20
11 22 24 22
11 23 25 25
11 24 13 27
11 25 23 12
11 26 21 24
11 27 13 17
11 28 16 12
11 29 14 14
12 13 92 88
12 14 90 91
12 15 95 89
12 16 13 26
12 17 14 25
12 18 12 27
12 19 26 14
12 20 12 17
12 21 15 15
12 22 16 17
12 23 17 17
12 24 19 25
12 25 13 15
12 26 27 14
12 27 27 24
12 28 23 22
12 29 26 20
13 14 94 100
13 15 95 89
13 16 13 25
13 17 14 21
13 18 22 24
13 19 23 26
13 20 16 15
13 21 18 20
13 22 13 20
13 23 23 16
13 24 17 12
13 25 17 23
13 26 13 16
13 27 23 21
13 28 16 22
13 29 18 23
14 15 90 92
14 16 27 15
14 17 18 14
14 18 18 23
14 19 16 16
14 20 18 22
14 21 21 22
14 22 17 16
14 23 13 23
14 24 22 12
14 25 15 13
14 26 16 19
14 27 17 13
14 28 23 22
14 29 14 13
15 16 21 20
15 17 25 22
15 18 24 16
15 19 13 25
15 20 15 26
15 21 27 14
15 22 27 21
15 23 20 23
15 24 15 25
15 25 19 13
15 26 15 23
15 27 18 18
15 28 26 24
15 29 23 25
16 17 98 94
16 18 88 88
16 19 98 91
16 20 13 17
16 21 22 26
16 22 19 12
16 23 16 12
16 24 12 16
16 25 22 23
16 26 22 24
16 27 14 22
16 28 18 24
16 29 24 17
17 18 89 91
17 19 100 88
17 20 15 26
17 21 27 19
17 22 12 26
17 23 22 24
17 24 24 18
17 25 22 23
17 26 17 23
17 27 21 22
17 28 17 24
17 29 26 20
18 19 93 93
18 20 22 14
18 21 16 19
18 22 24 16
18 23 15 23
18 24 16 12
18 25 18 19
18 26 27 26
18 27 21 24
18 28 22 12
18 29 25 19
19 20 22 20
19 21 12 25
19 22 15 21
19 23 16 17
19 24 22 13
19 25 13 21
19 26 14 18
19 27 12 25
19 28 17 16
19 29 24 22
20 21 91 92
20 22 95 92
20 23 92 100
20 24 22 24
20 25 25 19
20 26 23 24
20 27 12 27
20 28 22 16
20 29 14 16
21 22 88 96
21 23 98 89
21 24 26 27
21 25 18 25
21 26 24 25
21 27 27 20
21 28 26 27
21 29 12 19
22 23 94 97
22 24 12 12
22 25 17 21
22 26 17 19
22 27 27 14
22 28 15 23
22 29 19 22
23 24 13 12
23 25 22 27
23 26 22 21
23 27 14 23
23 28 27 16
23 29 21 13
24 25 91 97
24 26 93 99
24 27 100 94
24 28 24 22
24 29 13 22
25 26 96 100
25 27 97 97
25 28 19 18
25 29 15 25
26 27 94 91
26 28 13 27
26 29 23 26
27 28 13 13
27 29 21 17
28 29 94 88
0
96
346 593
347 579
348 567
349 558
350 551
351 545
352 539
353 533
354 527
355 521
356 516
357 512
358 507
359 503
360 499
361 493
362 484
363 477
364 471
365 465
366 459
367 453
368 447
369 442
370 438
371 433
372 429
373 425
374 422
375 419
376 416
377 415
378 412
379 411
380 408
381 407
382 404
383 403
384 402
385 399
386 398
387 397
388 396
389 395
390 394
391 393
392 392
393 391
394 390
395 389
396 388
397 387
398 386
399 385
400 384
401 383
402 382
403 381
404 380
406 379
408 378
410 377
412 376
414 375
416 374
419 373
421 372
423 371
427 370
429 369
431 368
435 367
437 366
441 365
446 364
450 363
456 362
464 361
472 360
481 359
490 358
499 357
503 356
505 355
507 354
511 353
513 352
520 351
522 350
530 349
538 348
547 347
556 346
567 345
579 344
592 343
