30
0 1 3 3
0 2 0 97
0 3 97 100
0 4 4 18
0 5 15 5
0 6 3 5
0 7 17 18
0 8 7 6
0 9 8 8
0 10 7 9
0 11 3 11
0 12 12 8
0 13 3 16
0 14 13 10
0 15 15 5
0 16 7 15
0 17 6 4
0 18 4 14
0 19 4 6
0 20 14 17
0 21 12 10
0 22 12 14
0 23 10 16
0 24 17 4
0 25 5 15
0 26 14 15
0 27 10 17
0 28 9 4
0 29 18 17
1 2 97 0
1 3 100 99
1 4 3 5
1 5 5 4
1 6 17 15
1 7 11 6
1 8 12 13
1 9 15 4
1 10 11 14
1 11 13 10
1 12 5 15
1 13 14 4
1 14 16 8
1 15 4 6
1 16 9 16
1 17 14 12
1 18 10 13
1 19 10 17
1 20 14 17
1 21 13 3
1 22 5 17
1 23 3 8
1 24 9 18
1 25 8 16
1 26 16 5
1 27 18 9
1 28 16 14
1 29 17 13
2 3 100 99
2 4 8 18
2 5 16 15
2 6 4 10
2 7 3 3
2 8 8 17
2 9 15 12
2 10 7 14
2 11 4 5
2 12 14 9
2 13 13 12
2 14 18 13
2 15 11 16
2 16 8 6
2 17 9 12
2 18 11 7
2 19 15 7
2 20 13 5
2 21 12 8
2 22 15 4
2 23 3 15
2 24 15 17
2 25 16 12
2 26 18 4
2 27 16 10
2 28 10 8
2 29 6 14
3 4 18 16
3 5 17 6
3 6 16 14
3 7 8 13
3 8 10 16
3 9 16 14
3 10 6 13
3 11 12 15
3 12 5 17
3 13 12 12
3 14 3 15
3 15 12 11
3 16 16 4
3 17 17 11
3 18 15 16
3 19 18 15
3 20 13 5
3 21 7 3
3 22 7 8
3 23 16 6
3 24 15 10
3 25 5 18
3 26 3 8
3 27 15 12
3 28 4 9
3 29 6 15
4 5 97 100
4 6 99 99
4 7 99 98
4 8 11 18
4 9 10 5
4 10 11 14
4 11 8 5
4 12 13 18
4 13 14 14
4 14 9 10
4 15 13 8
4 16 10 3
4 17 5 12
4 18 16 12
4 19 12 3
4 20 13 14
4 21 9 11
4 22 8 4
4 23 18 5
4 24 12 6
4 25 9 9
4 26 4 6
4 27 16 5
4 28 3 16
4 29 8 8
5 6 97 97
5 7 98 100
5 8 16 4
5 9 13 14
5 10 8 12
5 11 13 12
5 12 18 18
5 13 17 18
5 14 10 4
5 15 18 17
5 16 3 15
5 17 10 15
5 18 4 9
5 19 7 18
5 20 13 16
5 21 17 11
5 22 9 6
5 23 17 7
5 24 12 7
5 25 10 3
5 26 15 8
5 27 6 10
5 28 17 12
5 29 5 13
6 7 97 100
6 8 4 9
6 9 11 14
6 10 5 10
6 11 14 12
6 12 3 12
6 13 6 17
6 14 10 10
6 15 13 12
6 16 7 13
6 17 7 6
6 18 13 11
6 19 17 17
6 20 4 8
6 21 6 9
6 22 10 4
6 23 11 16
6 24 9 6
6 25 14 9
6 26 4 6
6 27 8 15
6 28 5 18
6 29 10 17
7 8 7 14
7 9 12 7
7 10 16 4
7 11 9 10
7 12 14 18
7 13 6 15
7 14 10 11
7 15 14 15
7 16 10 3
7 17 4 15
7 18 15 6
7 19 17 13
7 20 12 14
7 21 18 8
7 22 6 4
7 23 6 12
7 24 18 10
7 25 4 7
7 26 18 10
7 27 14 15
7 28 13 4
7 29 6 11
8 9 99 100
8 10 99 98
8 11 99 98
8 12 18 9
8 13 4 5
8 14 5 9
8 15 18 6
8 16 9 16
8 17 18 6
8 18 7 13
8 19 11 17
8 20 3 6
8 21 8 17
8 22 10 11
8 23 3 7
8 24 4 17
8 25 16 8
8 26 10 12
8 27 15 7
8 28 10 17
8 29 18 9
9 10 98 98
9 11 97 100
9 12 6 4
9 13 12 6
9 14 8 18
9 15 10 3
9 16 12 3
9 17 14 12
9 18 18 4
9 19 13 5
9 20 18 4
9 21 14 4
9 22 17 13
9 23 7 17
9 24 5 5
9 25 10 8
9 26 4 3
9 27 4 5
9 28 13 9
9 29 15 15
10 11 100 99
10 12 10 10
10 13 13 15
10 14 13 10
10 15 12 8
10 16 16 9
10 17 3 13
10 18 11 10
10 19 16 4
10 20 18 11
10 21 5 16
10 22 7 17
10 23 6 18
10 24 3 6
10 25 9 5
10 26 15 14
10 27 3 7
10 28 3 10
10 29 6 10
11 12 4 12
11 13 7 7
11 14 3 3
11 15 6 18
11 16 15 4
11 17 17 11
11 18 14 3
11 19 5 15
11 20 18 4
11 21 11 17
11 22 6 13
11 23 4 14
11 24 11 3
11 25 5 3
11 26 17 9
11 27 10 8
11 28 15 13
11 29 8 13
12 13 99 100
12 14 97 100
12 15 97 99
12 16 5 17
12 17 9 10
12 18 13 11
12 19 3 13
12 20 13 11
12 21 11 6
12 22 14 5
12 23 7 7
12 24 7 16
12 25 18 15
12 26 13 4
12 27 3 3
12 28 10 9
12 29 13 13
13 14 100 97
13 15 99 97
13 16 15 7
13 17 6 11
13 18 4 17
13 19 5 4
13 20 15 8
13 21 15 16
13 22 14 17
13 23 12 16
13 24 9 13
13 25 16 17
13 26 8 18
13 27 15 5
13 28 12 6
13 29 12 5
14 15 97 97
14 16 6 12
14 17 7 4
14 18 18 11
14 19 17 4
14 20 12 10
14 21 5 9
14 22 9 15
14 23 5 8
14 24 9 4
14 25 12 14
14 26 3 15
14 27 6 9
14 28 16 4
14 29 10 14
15 16 7 6
15 17 16 4
15 18 11 10
15 19 6 14
15 20 9 12
15 21 9 9
15 22 11 9
15 23 4 7
15 24 9 17
15 25 16 14
15 26 14 3
15 27 9 9
15 28 4 11
15 29 7 6
16 17 100 98
16 18 100 97
16 19 97 97
16 20 13 12
16 21 6 12
16 22 15 13
16 23 16 12
16 24 14 16
16 25 7 3
16 26 14 4
16 27 4 18
16 28 18 18
16 29 3 12
17 18 99 99
17 19 97 97
17 20 11 13
17 21 16 15
17 22 17 12
17 23 10 5
17 24 18 9
17 25 17 13
17 26 18 18
17 27 14 17
17 28 17 14
17 29 13 9
18 19 97 99
18 20 16 14
18 21 5 15
18 22 7 11
18 23 17 8
18 24 12 17
18 25 10 8
18 26 13 13
18 27 13 16
18 28 17 14
18 29 3 7
19 20 3 14
19 21 9 9
19 22 13 14
19 23 15 11
19 24 9 6
19 25 6 16
19 26 14 15
19 27 11 8
19 28 7 7
19 29 10 8
20 21 99 97
20 22 100 99
20 23 100 97
20 24 15 3
20 25 8 12
20 26 3 14
20 27 10 18
20 28 13 15
20 29 5 6
21 22 97 97
21 23 100 97
21 24 11 17
21 25 17 15
21 26 13 5
21 27 17 8
21 28 12 9
21 29 7 7
22 23 100 98
22 24 6 3
22 25 3 11
22 26 11 12
22 27 7 7
22 28 12 9
22 29 12 4
23 24 4 10
23 25 13 18
23 26 16 15
23 27 16 3
23 28 11 8
23 29 10 18
24 25 99 100
24 26 98 98
24 27 97 98
24 28 13 10
24 29 14 14
25 26 98 98
25 27 98 100
25 28 17 18
25 29 4 6
26 27 99 100
26 28 10 7
26 29 3 15
27 28 7 14
27 29 7 18
28 29 97 98
0
79
89 334
90 323
91 314
92 252
93 241
94 231
95 222
96 214
97 207
98 201
99 195
100 190
101 186
102 184
103 180
104 177
105 175
106 171
107 169
108 166
109 163
110 161
111 158
112 156
113 154
114 152
115 149
116 147
117 145
118 143
119 142
120 141
121 140
123 139
124 137
126 135
128 134
129 133
131 132
134 131
135 130
137 129
139 128
141 127
144 126
145 125
147 124
150 123
153 122
155 121
158 120
161 119
164 118
166 117
169 116
172 115
175 114
179 113
182 112
185 111
188 110
192 109
195 108
199 107
202 106
207 105
210 104
214 103
219 102
222 101
227 100
233 99
240 98
247 97
259 96
325 95
332 94
339 93
351 92
