30
0 1 12 12
0 2 0 88
0 3 94 98
0 4 21 16
0 5 23 27
0 6 19 16
0 7 16 27
0 8 18 24
0 9 14 13
0 10 19 20
0 11 16 25
0 12 23 25
0 13 15 24
0 14 24 18
0 15 23 24
0 16 24 22
0 17 22 21
0 18 25 19
0 19 16 17
0 20 16 25
0 21 20 27
0 22 20 27
0 23 15 26
0 24 13 17
0 25 24 21
0 26 26 25
0 27 15 23
0 28 27 16
0 29 27 14
1 2 88 0
1 3 97 97
1 4 13 20
1 5 14 17
1 6 25 19
1 7 12 25
1 8 27 12
1 9 15 25
1 10 18 21
1 11 16 26
1 12 14 21
1 13 17 19
1 14 17 23
1 15 21 25
1 16 27 18
1 17 14 20
1 18 26 21
1 19 24 25
1 20 23 23
1 21 21 16
1 22 16 22
1 23 26 25
1 24 25 14
1 25 13 16
1 26 20 15
1 27 13 26
1 28 17 27
1 29 24 14
2 3 98 98
2 4 19 26
2 5 22 26
2 6 12 26
2 7 26 20
2 8 16 27
2 9 20 13
2 10 25 14
2 11 12 27
2 12 23 25
2 13 22 23
2 14 24 16
2 15 16 19
2 16 16 23
2 17 16 24
2 18 14 19
2 19 14 26
2 20 24 22
2 21 23 15
2 22 26 19
2 23 25 16
2 24 21 17
2 25 22 27
2 26 13 12
2 27 14 25
2 28 25 19
2 29 27 14
3 4 18 12
3 5 22 14
3 6 18 25
3 7 22 20
3 8 12 22
3 9 17 21
3 10 24 14
3 11 15 22
3 12 17 18
3 13 23 21
3 14 23 15
3 15 23 20
3 16 19 25
3 17 23 22
3 18 22 12
3 19 22 16
3 20 14 19
3 21 22 27
3 22 22 14
3 23 20 24
3 24 18 17
3 25 14 14
3 26 15 25
3 27 26 16
3 28 13 17
3 29 14 16
4 5 91 100
4 6 91 96
4 7 93 90
4 8 21 17
4 9 12 23
4 10 14 20
4 11 17 21
4 12 17 24
4 13 26 12
4 14 17 21
4 15 14 24
4 16 27 19
4 17 12 13
4 18 13 27
4 19 14 15
4 20 19 27
4 21 22 24
4 22 24 27
4 23 27 22
4 24 12 19
4 25 25 13
4 26 19 21
4 27 16 20
4 28 22 19
4 29 17 12
5 6 95 89
5 7 94 91
5 8 23 20
5 9 23 24
5 10 21 25
5 11 18 15
5 12 17 18
5 13 26 24
5 14 13 14
5 15 12 16
5 16 13 24
5 17 21 17
5 18 21 21
5 19 18 19
5 20 13 23
5 21 21 13
5 22 19 27
5 23 26 24
5 24 21 19
5 25 19 24
5 26 15 16
5 27 21 17
5 28 22 13
5 29 15 15
6 7 89 98
6 8 17 23
6 9 27 24
6 10 22 13
6 11 15 18
6 12 17 27
6 13 17 24
6 14 16 21
6 15 23 14
6 16 22 27
6 17 24 26
6 18 13 23
6 19 23 20
6 20 26 15
6 21 23 19
6 22 19 21
6 23 16 14
6 24 15 19
6 25 13 18
6 26 21 14
6 27 26 24
6 28 24 23
6 29 15 27
7 8 12 24
7 9 15 26
7 10 17 14
7 11 22 24
7 12 22 15
7 13 12 19
7 14 18 12
7 15 19 15
7 16 16 22
7 17 19 26
7 18 21 18
7 19 17 14
7 20 14 27
7 21 26 14
7 22 16 20
7 23 21 12
7 24 22 13
7 25 18 17
7 26 16 15
7 27 16 12
7 28 25 17
7 29 22 14
8 9 100 89
8 10 92 93
8 11 100 88
8 12 22 23
8 13 22 23
8 14 23 16
8 15 16 18
8 16 20 18
8 17 27 23
8 18 22 14
8 19 17 27
8 20 23 19
8 21 15 20
8 22 14 12
8 23 18 15
8 24 25 12
8 25 25 25
8 26 24 13
8 27 26 21
8 28 15 24
8 29 21 12
9 10 93 93
9 11 93 96
9 12 17 26
9 13 13 23
9 14 18 12
9 15 22 14
9 16 21 22
9 17 20 13
9 18 18 24
9 19 14 18
9 20 18 20
9 21 22 17
9 22 17 21
9 23 19 23
9 24 14 13
9 25 14 18
9 26 12 27
9 27 14 25
9 28 18 26
9 29 16 23
10 11 92 88
10 12 22 20
10 13 21 14
10 14 16 22
10 15 14 27
10 16 13 19
10 17 27 15
10 18 23 13
10 19 22 14
10 20 21 15
10 21 20 27
10 22 22 19
10 23 21 19
10 24 21 16
10 25 14 24
10 26 13 22
10 27 18 19
10 28 25 22
10 29 21 20
11 12 27 14
11 13 19 13
11 14 26 27
11 15 14 17
11 16 15 20
11 17 12 16
11 18 26 26
11 19 15 24
11 20 20 22
11 21 12 24
11 22 26 27
11 23 25 14
11 24 18 24
11 25 21 16
11 26 21 19
11 27 22 20
11 28 24 14
11 29 20 18
12 13 91 93
12 14 93 97
12 15 94 91
12 16 19 15
12 17 19 13
12 18 26 26
12 19 20 12
12 20 13 15
12 21 14 15
12 22 14 19
12 23 17 24
12 24 19 17
12 25 16 12
12 26 22 19
12 27 17 25
12 28 26 18
12 29 18 16
13 14 96 98
13 15 96 98
13 16 16 23
13 17 13 19
13 18 15 27
13 19 22 14
13 20 20 21
13 21 14 27
13 22 22 26
13 23 25 26
13 24 19 12
13 25 15 16
13 26 20 18
13 27 13 20
13 28 23 20
13 29 27 18
14 15 95 88
14 16 15 15
14 17 25 20
14 18 26 27
14 19 23 18
14 20 15 15
14 21 26 17
14 22 15 27
14 23 22 25
14 24 12 20
14 25 12 27
14 26 12 16
14 27 20 26
14 28 18 22
14 29 21 16
15 16 14 16
15 17 18 24
15 18 23 12
15 19 15 16
15 20 19 21
15 21 13 15
15 22 17 15
15 23 26 22
15 24 24 15
15 25 23 25
15 26 13 16
15 27 21 26
15 28 24 14
15 29 26 13
16 17 96 98
16 18 89 96
16 19 88 94
16 20 18 17
16 21 24 23
16 22 13 17
16 23 17 23
16 24 19 17
16 25 25 13
16 26 23 21
16 27 22 19
16 28 21 14
16 29 12 15
17 18 97 94
17 19 95 98
17 20 23 23
17 21 17 14
17 22 24 18
17 23 21 27
17 24 18 20
17 25 14 22
17 26 13 19
17 27 25 19
17 28 25 17
17 29 16 26
18 19 91 95
18 20 13 25
18 21 25 27
18 22 19 27
18 23 13 27
18 24 23 19
18 25 17 24
18 26 25 20
18 27 23 19
18 28 15 14
18 29 13 18
19 20 20 13
19 21 25 22
19 22 17 12
19 23 18 18
19 24 15 24
19 25 21 26
19 26 22 20
19 27 13 20
19 28 27 15
19 29 19 27
20 21 94 98
20 22 92 100
20 23 99 95
20 24 13 25
20 25 25 16
20 26 17 14
20 27 20 23
20 28 24 18
20 29 27 27
21 22 88 96
21 23 98 96
21 24 13 21
21 25 26 12
21 26 12 23
21 27 23 14
21 28 24 20
21 29 27 19
22 23 93 88
22 24 27 17
22 25 27 20
22 26 17 22
22 27 14 23
22 28 25 12
22 29 18 25
23 24 12 15
23 25 20 18
23 26 26 13
23 27 19 19
23 28 12 14
23 29 23 13
24 25 96 99
24 26 95 99
24 27 90 90
24 28 18 25
24 29 26 22
25 26 90 99
25 27 95 100
25 28 17 13
25 29 13 23
26 27 97 88
26 28 15 22
26 29 14 24
27 28 12 21
27 29 26 18
28 29 90 97
0
119
344 629
345 614
346 603
347 593
348 585
349 577
350 569
351 561
352 556
353 551
354 546
355 541
356 538
357 534
358 531
359 528
360 522
361 514
362 506
363 498
364 490
365 485
366 480
367 475
368 470
369 466
370 463
371 460
372 457
373 455
374 453
375 450
376 448
377 446
378 444
379 442
380 440
381 438
382 436
383 435
384 433
385 432
386 431
387 429
388 428
389 426
390 425
391 424
392 422
393 421
394 420
395 418
396 417
397 416
398 415
399 413
400 412
401 411
402 410
403 408
404 407
406 405
407 404
409 403
410 401
411 400
413 399
414 397
416 396
418 394
419 393
422 391
424 390
427 389
428 388
430 387
433 386
435 385
437 384
440 383
442 382
445 381
448 380
451 379
454 378
457 377
460 376
463 375
467 374
470 373
474 372
477 371
481 370
484 369
488 368
492 367
497 366
502 365
509 364
515 363
522 362
528 361
535 360
542 359
545 358
549 357
552 356
556 355
560 354
565 353
570 352
577 351
583 350
590 349
596 348
603 347
611 346
619 345
632 344
