50
0 1 3 3
0 2 0 97
0 3 98 99
0 4 9 28
0 5 19 13
0 6 7 27
0 7 6 13
0 8 13 8
0 9 19 9
0 10 28 3
0 11 14 30
0 12 11 4
0 13 11 11
0 14 4 21
0 15 4 21
0 16 11 25
0 17 21 19
0 18 6 22
0 19 17 13
0 20 20 5
0 21 7 9
0 22 30 10
0 23 19 24
0 24 15 19
0 25 30 25
0 26 19 13
0 27 24 12
0 28 27 17
0 29 20 28
0 30 7 21
0 31 30 28
0 32 27 20
0 33 16 3
0 34 11 15
0 35 25 12
0 36 17 13
0 37 30 28
0 38 20 18
0 39 22 16
0 40 18 21
0 41 11 19
0 42 16 16
0 43 28 12
0 44 30 28
0 45 21 19
0 46 3 20
0 47 16 27
0 48 21 13
0 49 11 13
1 2 97 0
1 3 99 99
1 4 22 24
1 5 27 22
1 6 5 16
1 7 21 8
1 8 30 21
1 9 27 22
1 10 9 24
1 11 7 6
1 12 17 19
1 13 4 7
1 14 19 4
1 15 8 4
1 16 28 26
1 17 26 21
1 18 8 5
1 19 7 27
1 20 26 4
1 21 30 12
1 22 17 5
1 23 18 28
1 24 23 26
1 25 19 28
1 26 3 8
1 27 16 17
1 28 8 28
1 29 5 24
1 30 30 10
1 31 9 11
1 32 5 4
1 33 28 10
1 34 18 18
1 35 18 25
1 36 19 30
1 37 7 5
1 38 4 22
1 39 3 24
1 40 28 3
1 41 6 28
1 42 20 19
1 43 15 25
1 44 17 28
1 45 30 28
1 46 20 20
1 47 20 22
1 48 6 3
1 49 13 21
2 3 100 98
2 4 16 6
2 5 11 4
2 6 20 12
2 7 7 4
2 8 17 5
2 9 5 4
2 10 3 6
2 11 4 27
2 12 13 18
2 13 25 24
2 14 27 26
2 15 14 28
2 16 28 17
2 17 28 11
2 18 7 28
2 19 4 4
2 20 3 13
2 21 5 20
2 22 6 9
2 23 6 5
2 24 11 20
2 25 6 23
2 26 23 8
2 27 19 5
2 28 7 25
2 29 27 16
2 30 20 22
2 31 14 30
2 32 8 12
2 33 10 12
2 34 9 12
2 35 26 21
2 36 6 28
2 37 22 9
2 38 19 25
2 39 11 11
2 40 14 27
2 41 4 7
2 42 4 4
2 43 21 20
2 44 11 28
2 45 5 12
2 46 20 16
2 47 12 9
2 48 9 3
2 49 3 15
3 4 24 26
3 5 17 27
3 6 7 9
3 7 18 23
3 8 3 10
3 9 16 27
3 10 6 28
3 11 15 7
3 12 30 17
3 13 25 10
3 14 16 11
3 15 20 17
3 16 25 13
3 17 8 3
3 18 13 8
3 19 28 7
3 20 15 14
3 21 3 19
3 22 20 30
3 23 24 5
3 24 10 9
3 25 13 13
3 26 7 25
3 27 30 18
3 28 11 8
3 29 10 8
3 30 16 11
3 31 7 10
3 32 21 12
3 33 11 3
3 34 17 20
3 35 19 28
3 36 3 4
3 37 28 5
3 38 3 22
3 39 7 10
3 40 12 17
3 41 21 28
3 42 23 4
3 43 28 3
3 44 9 7
3 45 9 22
3 46 15 13
3 47 30 17
3 48 22 22
3 49 17 20
4 5 97 100
4 6 100 97
4 7 97 98
4 8 25 19
4 9 4 13
4 10 27 13
4 11 27 28
4 12 23 19
4 13 30 20
4 14 4 8
4 15 24 10
4 16 11 20
4 17 4 22
4 18 6 7
4 19 25 4
4 20 24 17
4 21 19 7
4 22 10 7
4 23 16 4
4 24 24 17
4 25 15 4
4 26 12 23
4 27 30 4
4 28 24 13
4 29 5 25
4 30 30 10
4 31 16 10
4 32 27 17
4 33 30 14
4 34 5 8
4 35 15 10
4 36 23 16
4 37 14 30
4 38 20 27
4 39 15 13
4 40 26 27
4 41 14 7
4 42 4 25
4 43 20 9
4 44 7 22
4 45 3 6
4 46 13 28
4 47 26 9
4 48 26 9
4 49 4 28
5 6 100 98
5 7 97 100
5 8 13 18
5 9 17 3
5 10 26 30
5 11 25 21
5 12 10 9
5 13 25 11
5 14 3 26
5 15 17 20
5 16 28 28
5 17 7 11
5 18 26 30
5 19 28 21
5 20 8 30
5 21 30 4
5 22 12 6
5 23 7 22
5 24 5 22
5 25 22 28
5 26 21 17
5 27 19 12
5 28 7 26
5 29 21 19
5 30 5 19
5 31 8 4
5 32 30 25
5 33 24 25
5 34 24 23
5 35 28 14
5 36 6 27
5 37 15 15
5 38 15 3
5 39 19 17
5 40 22 22
5 41 15 24
5 42 20 16
5 43 6 24
5 44 23 8
5 45 25 9
5 46 8 14
5 47 10 7
5 48 8 16
5 49 14 14
6 7 98 97
6 8 25 7
6 9 19 21
6 10 4 3
6 11 21 20
6 12 30 25
6 13 11 26
6 14 18 28
6 15 11 5
6 16 6 15
6 17 10 28
6 18 22 28
6 19 12 13
6 20 4 17
6 21 10 15
6 22 28 27
6 23 7 6
6 24 4 8
6 25 24 5
6 26 20 27
6 27 22 19
6 28 21 14
6 29 15 8
6 30 24 7
6 31 23 28
6 32 4 30
6 33 25 23
6 34 27 18
6 35 17 13
6 36 5 25
6 37 9 14
6 38 21 14
6 39 30 6
6 40 3 23
6 41 8 20
6 42 3 11
6 43 21 21
6 44 23 17
6 45 11 16
6 46 21 3
6 47 13 22
6 48 14 20
6 49 26 23
7 8 7 13
7 9 5 21
7 10 19 11
7 11 17 9
7 12 6 16
7 13 25 18
7 14 20 30
7 15 20 21
7 16 11 10
7 17 11 15
7 18 24 3
7 19 28 14
7 20 3 23
7 21 18 15
7 22 24 13
7 23 19 12
7 24 7 21
7 25 3 23
7 26 13 28
7 27 14 28
7 28 14 8
7 29 16 3
7 30 19 5
7 31 5 27
7 32 12 26
7 33 11 17
7 34 26 21
7 35 13 27
7 36 25 28
7 37 23 18
7 38 22 11
7 39 11 27
7 40 13 23
7 41 3 23
7 42 21 26
7 43 21 4
7 44 3 19
7 45 17 4
7 46 21 3
7 47 28 15
7 48 26 21
7 49 28 22
8 9 97 97
8 10 100 99
8 11 98 100
8 12 16 12
8 13 30 24
8 14 20 12
8 15 28 20
8 16 16 19
8 17 28 19
8 18 5 12
8 19 7 3
8 20 13 25
8 21 3 23
8 22 9 27
8 23 13 20
8 24 30 17
8 25 12 28
8 26 3 30
8 27 20 28
8 28 11 3
8 29 5 12
8 30 24 3
8 31 13 21
8 32 20 10
8 33 9 6
8 34 20 13
8 35 6 30
8 36 8 18
8 37 22 26
8 38 26 16
8 39 27 25
8 40 30 9
8 41 23 14
8 42 8 24
8 43 11 28
8 44 8 26
8 45 9 13
8 46 26 3
8 47 4 27
8 48 11 10
8 49 30 28
9 10 99 99
9 11 97 100
9 12 5 15
9 13 17 28
9 14 12 14
9 15 7 24
9 16 20 11
9 17 7 9
9 18 5 28
9 19 6 22
9 20 23 24
9 21 17 30
9 22 24 18
9 23 11 16
9 24 9 22
9 25 25 11
9 26 9 6
9 27 30 23
9 28 30 28
9 29 20 11
9 30 24 24
9 31 4 25
9 32 5 21
9 33 3 19
9 34 30 18
9 35 22 22
9 36 23 8
9 37 5 16
9 38 7 13
9 39 30 14
9 40 17 24
9 41 22 23
9 42 11 6
9 43 27 22
9 44 4 16
9 45 15 9
9 46 22 28
9 47 3 8
9 48 18 15
9 49 8 17
10 11 100 97
10 12 20 22
10 13 17 7
10 14 19 21
10 15 28 30
10 16 16 15
10 17 8 20
10 18 19 28
10 19 23 15
10 20 20 8
10 21 28 4
10 22 14 4
10 23 28 26
10 24 21 28
10 25 10 10
10 26 27 9
10 27 18 17
10 28 12 4
10 29 5 12
10 30 7 3
10 31 12 20
10 32 16 17
10 33 9 4
10 34 14 13
10 35 17 3
10 36 30 27
10 37 16 25
10 38 12 27
10 39 20 14
10 40 25 27
10 41 21 5
10 42 17 8
10 43 3 10
10 44 10 5
10 45 20 26
10 46 6 28
10 47 27 3
10 48 27 18
10 49 16 22
11 12 28 14
11 13 7 12
11 14 22 20
11 15 6 3
11 16 28 8
11 17 14 6
11 18 16 16
11 19 9 15
11 20 22 9
11 21 22 13
11 22 12 23
11 23 8 27
11 24 5 16
11 25 27 28
11 26 3 12
11 27 21 13
11 28 24 25
11 29 22 15
11 30 26 9
11 31 28 24
11 32 14 23
11 33 27 28
11 34 9 5
11 35 12 28
11 36 24 15
11 37 22 5
11 38 8 27
11 39 28 10
11 40 12 9
11 41 21 25
11 42 18 11
11 43 7 23
11 44 17 26
11 45 20 12
11 46 16 17
11 47 17 28
11 48 21 14
11 49 9 27
12 13 98 100
12 14 98 99
12 15 100 97
12 16 7 3
12 17 7 17
12 18 23 17
12 19 23 13
12 20 11 23
12 21 21 27
12 22 27 19
12 23 6 16
12 24 12 19
12 25 14 27
12 26 28 5
12 27 22 18
12 28 13 3
12 29 17 19
12 30 6 13
12 31 15 10
12 32 25 4
12 33 9 17
12 34 18 13
12 35 11 10
12 36 17 13
12 37 18 14
12 38 28 21
12 39 11 11
12 40 9 23
12 41 7 19
12 42 9 10
12 43 6 19
12 44 10 21
12 45 19 13
12 46 15 16
12 47 5 21
12 48 17 11
12 49 20 16
13 14 99 98
13 15 97 98
13 16 11 22
13 17 15 9
13 18 12 23
13 19 28 30
13 20 27 17
13 21 18 17
13 22 24 22
13 23 18 4
13 24 24 6
13 25 26 20
13 26 3 28
13 27 10 17
13 28 20 27
13 29 14 23
13 30 9 30
13 31 24 17
13 32 21 8
13 33 7 14
13 34 28 6
13 35 26 9
13 36 20 25
13 37 23 14
13 38 16 10
13 39 27 21
13 40 26 22
13 41 22 26
13 42 4 14
13 43 25 21
13 44 22 20
13 45 25 28
13 46 20 18
13 47 14 10
13 48 7 19
13 49 6 5
14 15 100 99
14 16 23 23
14 17 23 15
14 18 18 21
14 19 23 14
14 20 23 30
14 21 18 15
14 22 25 19
14 23 10 19
14 24 21 28
14 25 9 16
14 26 11 10
14 27 15 22
14 28 17 20
14 29 22 4
14 30 6 9
14 31 30 26
14 32 30 7
14 33 10 28
14 34 9 14
14 35 25 28
14 36 13 12
14 37 25 20
14 38 12 4
14 39 20 30
14 40 15 10
14 41 27 23
14 42 17 24
14 43 26 16
14 44 13 30
14 45 17 16
14 46 8 28
14 47 23 19
14 48 5 14
14 49 30 11
15 16 26 24
15 17 21 20
15 18 17 28
15 19 21 26
15 20 13 11
15 21 9 25
15 22 18 18
15 23 28 17
15 24 11 25
15 25 30 21
15 26 8 16
15 27 18 25
15 28 14 10
15 29 14 28
15 30 21 13
15 31 20 28
15 32 18 23
15 33 30 4
15 34 20 20
15 35 11 30
15 36 12 28
15 37 9 28
15 38 16 7
15 39 26 24
15 40 13 25
15 41 26 30
15 42 10 25
15 43 25 6
15 44 4 20
15 45 15 7
15 46 14 5
15 47 16 28
15 48 25 15
15 49 14 26
16 17 99 100
16 18 99 100
16 19 98 97
16 20 7 18
16 21 20 30
16 22 11 14
16 23 24 19
16 24 14 16
16 25 13 20
16 26 19 27
16 27 9 15
16 28 15 20
16 29 17 28
16 30 30 23
16 31 13 13
16 32 30 11
16 33 16 9
16 34 6 5
16 35 21 11
16 36 20 22
16 37 22 13
16 38 6 16
16 39 13 28
16 40 13 23
16 41 30 13
16 42 3 8
16 43 25 15
16 44 9 24
16 45 13 8
16 46 16 7
16 47 30 16
16 48 15 15
16 49 6 18
17 18 99 98
17 19 100 97
17 20 16 30
17 21 13 3
17 22 27 23
17 23 13 9
17 24 15 12
17 25 3 28
17 26 28 25
17 27 12 7
17 28 18 22
17 29 24 16
17 30 26 23
17 31 13 22
17 32 19 16
17 33 22 17
17 34 9 28
17 35 17 6
17 36 12 27
17 37 18 20
17 38 19 28
17 39 10 16
17 40 21 10
17 41 13 19
17 42 5 6
17 43 7 4
17 44 26 28
17 45 17 5
17 46 4 27
17 47 9 20
17 48 12 28
17 49 19 3
18 19 100 99
18 20 6 4
18 21 30 22
18 22 5 30
18 23 19 13
18 24 27 22
18 25 4 9
18 26 10 18
18 27 25 15
18 28 20 20
18 29 24 6
18 30 6 26
18 31 3 24
18 32 27 24
18 33 21 15
18 34 24 28
18 35 30 28
18 36 14 28
18 37 3 16
18 38 12 3
18 39 10 9
18 40 22 12
18 41 27 30
18 42 27 21
18 43 26 28
18 44 22 3
18 45 4 26
18 46 26 16
18 47 3 7
18 48 9 22
18 49 3 15
19 20 4 14
19 21 24 15
19 22 12 24
19 23 12 6
19 24 24 20
19 25 12 16
19 26 28 8
19 27 27 9
19 28 27 6
19 29 7 30
19 30 6 20
19 31 25 14
19 32 5 10
19 33 18 23
19 34 28 30
19 35 7 14
19 36 14 12
19 37 10 7
19 38 5 19
19 39 10 27
19 40 8 3
19 41 24 18
19 42 21 20
19 43 9 28
19 44 23 13
19 45 28 26
19 46 30 7
19 47 9 16
19 48 14 8
19 49 8 12
20 21 98 99
20 22 97 97
20 23 100 100
20 24 19 21
20 25 30 11
20 26 17 20
20 27 11 10
20 28 7 13
20 29 11 25
20 30 11 3
20 31 7 9
20 32 10 18
20 33 13 28
20 34 3 24
20 35 6 21
20 36 17 23
20 37 27 21
20 38 7 14
20 39 4 8
20 40 4 3
20 41 16 30
20 42 20 8
20 43 21 9
20 44 19 28
20 45 3 27
20 46 28 20
20 47 17 21
20 48 7 27
20 49 19 20
21 22 98 100
21 23 100 100
21 24 27 18
21 25 8 15
21 26 13 21
21 27 20 27
21 28 22 17
21 29 26 23
21 30 23 17
21 31 13 23
21 32 15 26
21 33 19 26
21 34 27 6
21 35 28 15
21 36 14 16
21 37 4 16
21 38 19 7
21 39 15 15
21 40 6 5
21 41 12 17
21 42 23 28
21 43 13 26
21 44 16 20
21 45 3 20
21 46 6 25
21 47 12 3
21 48 4 12
21 49 10 28
22 23 97 97
22 24 13 11
22 25 20 26
22 26 8 20
22 27 3 20
22 28 5 6
22 29 6 26
22 30 20 27
22 31 24 14
22 32 6 21
22 33 4 6
22 34 10 19
22 35 13 19
22 36 3 14
22 37 28 10
22 38 12 25
22 39 26 6
22 40 17 27
22 41 28 22
22 42 17 13
22 43 24 3
22 44 17 27
22 45 26 18
22 46 23 3
22 47 14 11
22 48 22 27
22 49 26 28
23 24 27 8
23 25 30 28
23 26 4 12
23 27 19 13
23 28 6 27
23 29 28 21
23 30 23 26
23 31 24 21
23 32 21 17
23 33 21 19
23 34 14 28
23 35 18 18
23 36 13 28
23 37 26 4
23 38 25 6
23 39 14 22
23 40 11 13
23 41 3 24
23 42 22 19
23 43 6 10
23 44 15 15
23 45 12 20
23 46 23 5
23 47 10 13
23 48 20 13
23 49 28 15
24 25 100 98
24 26 100 98
24 27 97 100
24 28 5 21
24 29 25 28
24 30 24 17
24 31 11 8
24 32 11 15
24 33 25 26
24 34 6 21
24 35 11 15
24 36 10 3
24 37 28 30
24 38 13 18
24 39 12 23
24 40 14 3
24 41 8 26
24 42 17 4
24 43 17 19
24 44 7 11
24 45 28 12
24 46 25 22
24 47 18 5
24 48 6 24
24 49 28 21
25 26 100 99
25 27 99 100
25 28 21 3
25 29 5 3
25 30 3 26
25 31 7 26
25 32 10 24
25 33 21 24
25 34 10 7
25 35 25 14
25 36 15 23
25 37 7 10
25 38 14 6
25 39 24 28
25 40 27 22
25 41 19 23
25 42 12 21
25 43 26 30
25 44 6 28
25 45 14 18
25 46 7 18
25 47 13 14
25 48 12 16
25 49 8 19
26 27 98 100
26 28 14 17
26 29 22 30
26 30 8 6
26 31 6 28
26 32 4 30
26 33 5 21
26 34 22 14
26 35 23 28
26 36 26 10
26 37 10 9
26 38 9 14
26 39 9 4
26 40 26 30
26 41 17 3
26 42 30 18
26 43 30 13
26 44 4 5
26 45 24 9
26 46 8 27
26 47 20 22
26 48 11 22
26 49 24 14
27 28 17 16
27 29 13 12
27 30 8 20
27 31 3 14
27 32 4 21
27 33 15 11
27 34 20 13
27 35 23 19
27 36 28 6
27 37 13 14
27 38 8 6
27 39 5 26
27 40 15 22
27 41 17 23
27 42 25 10
27 43 6 11
27 44 7 16
27 45 5 24
27 46 18 17
27 47 8 3
27 48 7 4
27 49 11 8
28 29 97 97
28 30 98 99
28 31 100 100
28 32 8 23
28 33 5 22
28 34 18 28
28 35 13 4
28 36 21 7
28 37 23 9
28 38 28 28
28 39 6 14
28 40 21 21
28 41 12 10
28 42 5 28
28 43 24 13
28 44 5 20
28 45 25 10
28 46 26 12
28 47 9 15
28 48 5 23
28 49 7 20
29 30 100 99
29 31 100 98
29 32 6 26
29 33 30 15
29 34 7 6
29 35 10 10
29 36 8 19
29 37 28 11
29 38 16 6
29 39 5 18
29 40 7 12
29 41 9 30
29 42 21 27
29 43 27 7
29 44 3 15
29 45 9 6
29 46 13 12
29 47 28 28
29 48 19 11
29 49 12 8
30 31 100 97
30 32 27 4
30 33 19 9
30 34 12 4
30 35 13 26
30 36 3 17
30 37 7 9
30 38 28 26
30 39 17 25
30 40 14 18
30 41 9 20
30 42 5 3
30 43 13 30
30 44 28 14
30 45 23 22
30 46 3 18
30 47 11 27
30 48 19 27
30 49 5 12
31 32 13 15
31 33 8 13
31 34 14 24
31 35 20 12
31 36 19 18
31 37 18 15
31 38 17 8
31 39 4 20
31 40 8 27
31 41 3 6
31 42 10 23
31 43 26 10
31 44 11 18
31 45 18 27
31 46 26 20
31 47 21 8
31 48 17 26
31 49 19 28
32 33 97 98
32 34 99 98
32 35 97 98
32 36 16 6
32 37 25 28
32 38 23 30
32 39 25 7
32 40 6 16
32 41 28 13
32 42 23 8
32 43 28 22
32 44 16 7
32 45 12 6
32 46 13 10
32 47 13 13
32 48 7 14
32 49 14 9
33 34 97 100
33 35 100 98
33 36 17 20
33 37 26 9
33 38 19 5
33 39 14 6
33 40 18 23
33 41 16 23
33 42 28 25
33 43 14 25
33 44 14 7
33 45 13 8
33 46 14 23
33 47 18 30
33 48 18 13
33 49 8 14
34 35 98 97
34 36 11 27
34 37 20 19
34 38 17 21
34 39 5 12
34 40 24 20
34 41 4 22
34 42 24 13
34 43 28 20
34 44 20 11
34 45 24 30
34 46 16 8
34 47 6 15
34 48 19 22
34 49 25 9
35 36 17 19
35 37 9 10
35 38 27 11
35 39 26 25
35 40 28 12
35 41 19 22
35 42 13 4
35 43 25 7
35 44 15 23
35 45 24 4
35 46 3 28
35 47 15 28
35 48 6 18
35 49 13 7
36 37 99 98
36 38 99 98
36 39 98 97
36 40 15 16
36 41 11 22
36 42 10 21
36 43 3 26
36 44 25 25
36 45 28 19
36 46 28 24
36 47 11 6
36 48 9 24
36 49 5 21
37 38 100 98
37 39 98 98
37 40 24 23
37 41 21 18
37 42 28 10
37 43 19 24
37 44 23 27
37 45 27 3
37 46 30 11
37 47 10 24
37 48 5 19
37 49 12 4
38 39 98 99
38 40 7 30
38 41 14 21
38 42 4 17
38 43 11 6
38 44 18 16
38 45 26 9
38 46 4 23
38 47 16 20
38 48 28 21
38 49 28 24
39 40 5 27
39 41 4 12
39 42 20 6
39 43 13 14
39 44 19 6
39 45 16 8
39 46 18 11
39 47 26 19
39 48 25 6
39 49 6 12
40 41 98 99
40 42 100 99
40 43 99 98
40 44 6 30
40 45 18 3
40 46 23 20
40 47 12 8
40 48 13 13
40 49 12 7
41 42 98 98
41 43 97 99
41 44 17 26
41 45 28 25
41 46 26 23
41 47 28 30
41 48 17 13
41 49 12 16
42 43 97 97
42 44 25 18
42 45 14 24
42 46 3 19
42 47 25 12
42 48 8 8
42 49 6 28
43 44 12 12
43 45 11 4
43 46 30 9
43 47 11 28
43 48 3 19
43 49 21 28
44 45 100 97
44 46 97 97
44 47 99 98
44 48 23 27
44 49 7 19
45 46 99 97
45 47 97 97
45 48 28 24
45 49 16 4
46 47 97 100
46 48 25 3
46 49 11 24
47 48 9 4
47 49 22 10
48 49 98 99
0
207
153 843
154 822
155 802
156 769
157 748
158 728
159 708
160 690
161 673
162 657
163 643
164 630
165 617
166 605
167 595
168 583
169 576
170 566
171 559
172 549
173 542
174 533
175 526
176 517
177 510
178 503
179 496
180 491
181 484
182 479
183 473
184 468
185 463
186 457
187 452
188 449
189 444
190 441
191 435
192 430
193 427
194 422
195 420
196 415
197 412
198 407
199 405
200 400
201 397
202 393
203 390
204 386
205 383
206 379
207 376
208 372
209 369
210 365
211 362
212 359
213 355
214 352
215 350
216 346
217 343
218 341
219 339
220 335
221 332
222 330
223 328
224 324
225 321
226 319
227 317
228 313
229 311
230 309
231 307
232 305
233 302
234 301
235 298
236 297
237 296
238 293
239 292
240 290
241 288
242 287
243 285
244 284
245 282
246 280
247 279
248 278
249 276
250 274
251 273
252 272
253 270
254 268
255 267
256 266
257 265
258 263
259 261
260 260
262 258
263 257
264 256
265 255
266 254
267 253
268 252
269 250
270 248
271 247
273 245
274 244
275 243
276 242
278 240
279 239
281 238
282 237
283 236
284 235
285 234
287 233
288 232
289 231
290 230
292 229
293 228
294 227
296 226
297 225
298 224
300 223
302 222
303 221
304 220
306 219
309 217
311 216
314 215
315 214
317 213
319 212
321 211
323 210
325 209
327 208
329 207
331 206
333 205
335 204
337 203
339 202
342 201
344 200
346 199
349 198
351 197
353 196
357 195
359 194
361 193
365 192
367 191
370 190
374 189
376 188
380 187
383 186
387 185
390 184
394 183
398 182
402 181
408 180
412 179
418 178
424 177
430 176
436 175
442 174
449 173
455 172
461 171
468 170
475 169
482 168
491 167
501 166
512 165
524 164
536 163
550 162
565 161
582 160
601 159
623 158
670 157
689 156
711 155
