50
0 1 3 3
0 2 0 97
0 3 97 99
0 4 22 25
0 5 12 15
0 6 28 5
0 7 26 28
0 8 16 15
0 9 16 28
0 10 9 14
0 11 11 11
0 12 28 17
0 13 13 4
0 14 3 28
0 15 15 22
0 16 30 19
0 17 16 20
0 18 21 8
0 19 19 3
0 20 12 17
0 21 7 20
0 22 4 19
0 23 20 15
0 24 18 30
0 25 5 8
0 26 21 5
0 27 5 23
0 28 15 16
0 29 8 4
0 30 22 9
0 31 11 10
0 32 26 10
0 33 11 3
0 34 7 10
0 35 28 5
0 36 25 30
0 37 30 16
0 38 17 11
0 39 11 9
0 40 10 4
0 41 18 13
0 42 6 28
0 43 21 19
0 44 23 9
0 45 3 4
0 46 20 18
0 47 30 6
0 48 6 26
0 49 17 28
1 2 97 0
1 3 99 98
1 4 7 22
1 5 15 30
1 6 21 12
1 7 25 13
1 8 28 8
1 9 8 25
1 10 19 5
1 11 23 8
1 12 21 21
1 13 19 10
1 14 23 16
1 15 25 28
1 16 25 26
1 17 20 4
1 18 21 6
1 19 24 26
1 20 17 8
1 21 23 28
1 22 3 20
1 23 18 20
1 24 17 16
1 25 28 27
1 26 13 14
1 27 23 5
1 28 23 10
1 29 6 25
1 30 21 30
1 31 30 8
1 32 7 21
1 33 30 11
1 34 7 14
1 35 5 3
1 36 8 17
1 37 19 21
1 38 6 11
1 39 27 5
1 40 23 27
1 41 21 28
1 42 6 6
1 43 15 13
1 44 22 14
1 45 20 16
1 46 28 27
1 47 27 22
1 48 4 12
1 49 12 18
2 3 97 98
2 4 30 16
2 5 4 3
2 6 20 25
2 7 14 10
2 8 17 24
2 9 13 27
2 10 26 28
2 11 28 25
2 12 16 25
2 13 22 14
2 14 10 6
2 15 13 12
2 16 20 11
2 17 20 26
2 18 19 13
2 19 17 15
2 20 28 27
2 21 12 10
2 22 12 6
2 23 26 4
2 24 15 3
2 25 26 25
2 26 20 4
2 27 15 22
2 28 25 4
2 29 21 19
2 30 11 11
2 31 14 7
2 32 28 26
2 33 3 19
2 34 22 21
2 35 27 23
2 36 13 11
2 37 8 30
2 38 9 13
2 39 12 12
2 40 30 18
2 41 10 30
2 42 21 3
2 43 30 28
2 44 27 9
2 45 13 3
2 46 30 3
2 47 24 28
2 48 3 20
2 49 23 20
3 4 26 28
3 5 28 18
3 6 22 21
3 7 15 25
3 8 3 5
3 9 13 10
3 10 15 5
3 11 30 21
3 12 14 18
3 13 17 13
3 14 18 30
3 15 24 14
3 16 15 10
3 17 22 7
3 18 27 17
3 19 25 8
3 20 20 30
3 21 3 30
3 22 28 11
3 23 30 17
3 24 24 15
3 25 30 30
3 26 28 28
3 27 10 19
3 28 21 22
3 29 25 17
3 30 4 4
3 31 24 18
3 32 21 14
3 33 30 28
3 34 23 6
3 35 5 7
3 36 8 8
3 37 18 20
3 38 17 22
3 39 10 21
3 40 21 26
3 41 30 17
3 42 28 7
3 43 12 7
3 44 7 4
3 45 14 28
3 46 24 21
3 47 4 15
3 48 7 14
3 49 18 23
4 5 100 98
4 6 99 99
4 7 99 98
4 8 28 10
4 9 11 24
4 10 26 28
4 11 14 14
4 12 30 5
4 13 9 12
4 14 6 23
4 15 12 30
4 16 19 4
4 17 22 21
4 18 3 6
4 19 5 27
4 20 14 23
4 21 16 25
4 22 3 21
4 23 24 27
4 24 6 23
4 25 11 3
4 26 15 24
4 27 8 28
4 28 16 13
4 29 30 25
4 30 17 21
4 31 11 21
4 32 26 28
4 33 15 11
4 34 18 21
4 35 18 28
4 36 7 17
4 37 16 23
4 38 27 19
4 39 11 30
4 40 28 11
4 41 3 3
4 42 6 7
4 43 7 17
4 44 6 24
4 45 11 7
4 46 11 21
4 47 8 22
4 48 30 18
4 49 30 19
5 6 100 97
5 7 99 98
5 8 23 26
5 9 14 19
5 10 17 13
5 11 16 14
5 12 26 24
5 13 5 9
5 14 8 20
5 15 28 13
5 16 6 19
5 17 24 12
5 18 13 13
5 19 13 4
5 20 20 28
5 21 30 18
5 22 13 7
5 23 17 30
5 24 3 13
5 25 27 20
5 26 16 12
5 27 17 5
5 28 23 18
5 29 14 13
5 30 17 4
5 31 21 27
5 32 28 24
5 33 15 12
5 34 17 23
5 35 22 26
5 36 30 6
5 37 27 11
5 38 21 4
5 39 4 20
5 40 22 21
5 41 5 25
5 42 11 30
5 43 26 4
5 44 27 3
5 45 26 18
5 46 15 10
5 47 12 5
5 48 14 25
5 49 14 10
6 7 97 100
6 8 25 22
6 9 5 28
6 10 11 24
6 11 21 24
6 12 22 16
6 13 7 26
6 14 16 15
6 15 13 24
6 16 13 26
6 17 20 12
6 18 13 5
6 19 16 20
6 20 27 3
6 21 13 4
6 22 9 3
6 23 25 7
6 24 18 13
6 25 22 20
6 26 3 22
6 27 25 19
6 28 9 15
6 29 12 7
6 30 9 10
6 31 28 18
6 32 9 14
6 33 16 20
6 34 5 30
6 35 23 15
6 36 28 16
6 37 28 11
6 38 25 22
6 39 28 27
6 40 17 13
6 41 21 14
6 42 26 30
6 43 16 24
6 44 20 26
6 45 15 3
6 46 8 4
6 47 24 6
6 48 11 25
6 49 13 10
7 8 8 10
7 9 25 11
7 10 12 23
7 11 28 26
7 12 24 9
7 13 22 11
7 14 20 4
7 15 11 14
7 16 22 28
7 17 9 24
7 18 9 14
7 19 22 14
7 20 27 9
7 21 21 28
7 22 3 9
7 23 21 6
7 24 7 22
7 25 17 28
7 26 6 12
7 27 17 27
7 28 5 25
7 29 5 28
7 30 5 6
7 31 3 10
7 32 25 6
7 33 23 28
7 34 10 20
7 35 6 10
7 36 18 17
7 37 3 8
7 38 5 5
7 39 16 24
7 40 8 16
7 41 12 5
7 42 15 8
7 43 11 14
7 44 9 23
7 45 27 22
7 46 22 9
7 47 6 17
7 48 8 28
7 49 4 11
8 9 100 99
8 10 100 97
8 11 98 99
8 12 28 11
8 13 25 7
8 14 26 4
8 15 4 18
8 16 23 24
8 17 25 14
8 18 19 22
8 19 17 9
8 20 7 22
8 21 8 18
8 22 23 3
8 23 25 28
8 24 30 4
8 25 28 5
8 26 28 28
8 27 23 27
8 28 9 13
8 29 27 12
8 30 8 20
8 31 13 5
8 32 7 20
8 33 28 28
8 34 25 13
8 35 24 6
8 36 27 21
8 37 27 10
8 38 3 19
8 39 6 27
8 40 14 27
8 41 11 8
8 42 3 11
8 43 28 24
8 44 19 16
8 45 20 24
8 46 5 28
8 47 19 20
8 48 20 25
8 49 17 19
9 10 99 97
9 11 98 100
9 12 19 18
9 13 24 5
9 14 28 28
9 15 27 12
9 16 25 12
9 17 9 23
9 18 17 25
9 19 21 12
9 20 9 8
9 21 19 4
9 22 17 30
9 23 4 14
9 24 6 27
9 25 30 22
9 26 22 13
9 27 24 4
9 28 8 20
9 29 30 26
9 30 5 18
9 31 6 18
9 32 20 23
9 33 22 19
9 34 30 17
9 35 8 21
9 36 23 15
9 37 10 14
9 38 21 25
9 39 18 7
9 40 25 5
9 41 19 5
9 42 22 15
9 43 26 22
9 44 19 4
9 45 30 26
9 46 9 23
9 47 21 13
9 48 22 4
9 49 17 23
10 11 100 98
10 12 12 20
10 13 15 25
10 14 8 15
10 15 4 12
10 16 24 9
10 17 15 3
10 18 6 11
10 19 6 26
10 20 13 15
10 21 21 7
10 22 16 4
10 23 7 14
10 24 3 5
10 25 7 15
10 26 23 25
10 27 21 7
10 28 20 17
10 29 6 12
10 30 28 14
10 31 10 4
10 32 10 14
10 33 19 8
10 34 25 28
10 35 12 20
10 36 6 5
10 37 18 28
10 38 4 13
10 39 15 23
10 40 13 28
10 41 18 4
10 42 5 3
10 43 15 6
10 44 10 6
10 45 22 27
10 46 28 17
10 47 3 28
10 48 26 22
10 49 26 21
11 12 28 22
11 13 21 27
11 14 20 14
11 15 25 20
11 16 30 10
11 17 16 22
11 18 9 9
11 19 26 22
11 20 30 5
11 21 30 21
11 22 10 26
11 23 8 10
11 24 22 12
11 25 28 8
11 26 24 25
11 27 28 3
11 28 15 15
11 29 15 10
11 30 13 22
11 31 22 28
11 32 24 3
11 33 17 8
11 34 15 16
11 35 5 30
11 36 18 13
11 37 4 18
11 38 11 16
11 39 14 24
11 40 8 28
11 41 16 8
11 42 6 16
11 43 14 18
11 44 21 20
11 45 22 11
11 46 14 14
11 47 30 4
11 48 6 11
11 49 11 19
12 13 98 99
12 14 97 98
12 15 98 98
12 16 5 16
12 17 19 6
12 18 26 20
12 19 28 28
12 20 24 15
12 21 12 15
12 22 11 19
12 23 5 23
12 24 17 8
12 25 17 15
12 26 28 28
12 27 25 20
12 28 11 3
12 29 9 15
12 30 12 22
12 31 5 19
12 32 7 6
12 33 27 10
12 34 20 30
12 35 28 27
12 36 17 10
12 37 22 12
12 38 7 19
12 39 19 14
12 40 17 9
12 41 26 10
12 42 10 24
12 43 24 7
12 44 16 22
12 45 22 7
12 46 20 21
12 47 24 12
12 48 30 9
12 49 7 19
13 14 98 99
13 15 98 98
13 16 26 5
13 17 13 5
13 18 26 30
13 19 15 26
13 20 24 28
13 21 18 11
13 22 5 24
13 23 15 23
13 24 9 8
13 25 6 12
13 26 16 30
13 27 7 18
13 28 28 3
13 29 20 3
13 30 15 15
13 31 11 16
13 32 9 7
13 33 25 18
13 34 14 28
13 35 28 26
13 36 8 9
13 37 14 4
13 38 7 28
13 39 3 26
13 40 4 20
13 41 28 13
13 42 15 14
13 43 26 13
13 44 30 6
13 45 5 6
13 46 15 10
13 47 4 27
13 48 23 24
13 49 28 17
14 15 99 98
14 16 26 27
14 17 19 28
14 18 21 5
14 19 25 19
14 20 3 13
14 21 14 27
14 22 19 24
14 23 12 28
14 24 11 23
14 25 21 18
14 26 27 13
14 27 4 6
14 28 10 26
14 29 21 11
14 30 14 5
14 31 3 18
14 32 12 22
14 33 30 11
14 34 19 21
14 35 14 21
14 36 14 10
14 37 16 8
14 38 24 9
14 39 15 13
14 40 8 25
14 41 28 8
14 42 21 4
14 43 9 11
14 44 26 24
14 45 17 7
14 46 19 18
14 47 15 27
14 48 5 19
14 49 16 5
15 16 6 28
15 17 5 19
15 18 5 23
15 19 6 4
15 20 6 7
15 21 26 23
15 22 7 9
15 23 20 23
15 24 13 20
15 25 5 3
15 26 3 21
15 27 15 9
15 28 20 18
15 29 10 8
15 30 20 10
15 31 8 12
15 32 28 11
15 33 3 23
15 34 28 11
15 35 5 4
15 36 16 4
15 37 20 13
15 38 12 8
15 39 17 3
15 40 25 10
15 41 28 30
15 42 27 13
15 43 3 30
15 44 20 25
15 45 16 9
15 46 28 8
15 47 12 15
15 48 19 7
15 49 12 7
16 17 97 97
16 18 99 98
16 19 98 98
16 20 3 3
16 21 20 21
16 22 16 12
16 23 21 21
16 24 11 28
16 25 28 20
16 26 11 17
16 27 28 12
16 28 18 10
16 29 24 5
16 30 5 9
16 31 23 22
16 32 3 26
16 33 28 28
16 34 6 13
16 35 21 26
16 36 14 28
16 37 28 3
16 38 3 16
16 39 11 5
16 40 14 19
16 41 23 5
16 42 28 3
16 43 28 5
16 44 6 14
16 45 27 12
16 46 20 18
16 47 3 4
16 48 21 20
16 49 22 3
17 18 99 100
17 19 98 97
17 20 28 4
17 21 10 28
17 22 28 6
17 23 20 15
17 24 27 13
17 25 28 13
17 26 12 27
17 27 23 26
17 28 16 17
17 29 6 24
17 30 15 4
17 31 30 30
17 32 26 24
17 33 13 24
17 34 16 30
17 35 4 28
17 36 21 19
17 37 28 26
17 38 23 6
17 39 25 30
17 40 6 6
17 41 22 8
17 42 22 17
17 43 30 14
17 44 23 6
17 45 24 5
17 46 21 17
17 47 12 10
17 48 15 14
17 49 13 8
18 19 100 98
18 20 9 3
18 21 7 30
18 22 19 7
18 23 21 7
18 24 12 16
18 25 19 10
18 26 17 17
18 27 14 25
18 28 20 6
18 29 4 23
18 30 3 11
18 31 16 20
18 32 30 14
18 33 8 25
18 34 16 26
18 35 27 24
18 36 30 15
18 37 13 25
18 38 23 5
18 39 30 3
18 40 26 4
18 41 11 25
18 42 10 23
18 43 6 10
18 44 21 24
18 45 18 20
18 46 3 27
18 47 26 17
18 48 14 25
18 49 22 24
19 20 18 11
19 21 15 6
19 22 28 26
19 23 7 26
19 24 10 27
19 25 13 8
19 26 8 19
19 27 22 26
19 28 14 15
19 29 20 25
19 30 21 10
19 31 8 14
19 32 20 20
19 33 26 17
19 34 21 15
19 35 26 25
19 36 27 8
19 37 16 6
19 38 3 21
19 39 9 15
19 40 18 25
19 41 28 14
19 42 5 6
19 43 25 30
19 44 14 19
19 45 21 16
19 46 14 30
19 47 30 22
19 48 24 21
19 49 11 10
20 21 99 99
20 22 99 98
20 23 100 99
20 24 24 13
20 25 28 17
20 26 4 15
20 27 26 14
20 28 11 4
20 29 15 21
20 30 12 10
20 31 28 30
20 32 30 26
20 33 28 25
20 34 22 15
20 35 30 5
20 36 21 21
20 37 25 28
20 38 4 21
20 39 24 22
20 40 20 4
20 41 24 19
20 42 15 8
20 43 11 23
20 44 26 11
20 45 6 27
20 46 5 23
20 47 25 12
20 48 7 6
20 49 10 22
21 22 99 100
21 23 100 100
21 24 8 25
21 25 27 13
21 26 20 6
21 27 7 22
21 28 16 21
21 29 14 14
21 30 23 30
21 31 28 28
21 32 30 4
21 33 28 6
21 34 10 21
21 35 7 28
21 36 22 6
21 37 25 18
21 38 11 4
21 39 12 12
21 40 4 28
21 41 9 28
21 42 28 6
21 43 8 10
21 44 19 19
21 45 22 15
21 46 19 17
21 47 27 13
21 48 9 28
21 49 7 6
22 23 97 98
22 24 21 12
22 25 15 15
22 26 10 11
22 27 13 30
22 28 9 6
22 29 10 25
22 30 12 28
22 31 25 15
22 32 22 19
22 33 7 10
22 34 22 22
22 35 23 30
22 36 3 22
22 37 25 28
22 38 15 15
22 39 7 22
22 40 9 4
22 41 11 25
22 42 8 11
22 43 12 16
22 44 9 11
22 45 30 8
22 46 25 6
22 47 14 11
22 48 28 10
22 49 3 30
23 24 7 16
23 25 4 14
23 26 5 24
23 27 20 6
23 28 12 18
23 29 22 11
23 30 26 9
23 31 13 6
23 32 20 15
23 33 23 6
23 34 11 7
23 35 14 7
23 36 20 24
23 37 30 20
23 38 16 15
23 39 25 24
23 40 5 4
23 41 5 18
23 42 26 28
23 43 27 28
23 44 16 9
23 45 3 25
23 46 28 5
23 47 19 15
23 48 15 16
23 49 10 9
24 25 97 100
24 26 97 99
24 27 97 97
24 28 23 19
24 29 28 10
24 30 28 17
24 31 13 10
24 32 19 24
24 33 30 9
24 34 28 23
24 35 3 30
24 36 17 3
24 37 6 18
24 38 8 30
24 39 13 26
24 40 24 4
24 41 4 24
24 42 20 19
24 43 4 28
24 44 6 11
24 45 20 6
24 46 13 28
24 47 13 24
24 48 9 11
24 49 5 20
25 26 100 98
25 27 97 100
25 28 24 19
25 29 20 7
25 30 21 19
25 31 10 15
25 32 3 24
25 33 16 14
25 34 17 4
25 35 20 9
25 36 24 3
25 37 6 10
25 38 4 7
25 39 19 3
25 40 21 25
25 41 16 6
25 42 9 24
25 43 3 14
25 44 20 20
25 45 23 7
25 46 14 15
25 47 18 15
25 48 22 24
25 49 16 10
26 27 100 98
26 28 4 22
26 29 16 10
26 30 5 18
26 31 21 5
26 32 23 21
26 33 4 16
26 34 5 25
26 35 12 3
26 36 13 19
26 37 25 25
26 38 28 25
26 39 18 18
26 40 11 9
26 41 28 17
26 42 11 13
26 43 21 16
26 44 20 4
26 45 23 23
26 46 5 26
26 47 11 11
26 48 24 28
26 49 20 22
27 28 10 13
27 29 7 7
27 30 10 18
27 31 5 16
27 32 22 21
27 33 3 28
27 34 4 12
27 35 26 25
27 36 22 10
27 37 23 22
27 38 12 25
27 39 28 30
27 40 12 28
27 41 25 19
27 42 26 21
27 43 9 14
27 44 8 15
27 45 24 14
27 46 22 5
27 47 25 11
27 48 3 7
27 49 12 3
28 29 98 99
28 30 97 100
28 31 100 98
28 32 15 25
28 33 15 24
28 34 4 30
28 35 6 4
28 36 16 9
28 37 6 16
28 38 14 14
28 39 13 9
28 40 10 7
28 41 4 20
28 42 20 28
28 43 20 28
28 44 28 10
28 45 26 24
28 46 28 4
28 47 18 18
28 48 25 19
28 49 17 18
29 30 97 97
29 31 97 98
29 32 25 3
29 33 16 25
29 34 6 30
29 35 6 17
29 36 30 12
29 37 18 4
29 38 17 6
29 39 21 10
29 40 4 4
29 41 22 14
29 42 16 21
29 43 12 25
29 44 22 28
29 45 7 5
29 46 20 15
29 47 26 27
29 48 14 19
29 49 25 4
30 31 100 99
30 32 23 9
30 33 22 13
30 34 18 10
30 35 5 13
30 36 21 11
30 37 20 13
30 38 25 9
30 39 21 12
30 40 21 7
30 41 21 21
30 42 3 6
30 43 21 16
30 44 18 26
30 45 5 9
30 46 20 14
30 47 8 24
30 48 16 18
30 49 9 16
31 32 15 8
31 33 8 20
31 34 6 28
31 35 20 27
31 36 6 27
31 37 9 19
31 38 11 28
31 39 9 28
31 40 22 8
31 41 16 28
31 42 23 21
31 43 22 5
31 44 11 8
31 45 9 3
31 46 7 19
31 47 21 10
31 48 26 25
31 49 18 27
32 33 100 99
32 34 98 100
32 35 98 99
32 36 17 15
32 37 23 28
32 38 13 14
32 39 20 17
32 40 20 18
32 41 12 11
32 42 16 5
32 43 11 13
32 44 25 24
32 45 30 16
32 46 4 18
32 47 11 26
32 48 26 17
32 49 9 23
33 34 100 100
33 35 98 100
33 36 3 25
33 37 16 30
33 38 12 7
33 39 13 8
33 40 8 28
33 41 10 28
33 42 20 24
33 43 6 23
33 44 3 3
33 45 13 11
33 46 10 12
33 47 5 3
33 48 26 11
33 49 5 7
34 35 97 100
34 36 28 3
34 37 18 25
34 38 23 20
34 39 4 6
34 40 30 6
34 41 10 30
34 42 4 25
34 43 28 20
34 44 10 15
34 45 6 8
34 46 11 18
34 47 21 15
34 48 22 4
34 49 24 14
35 36 27 4
35 37 8 23
35 38 17 3
35 39 21 11
35 40 28 18
35 41 25 14
35 42 28 12
35 43 16 21
35 44 9 26
35 45 17 28
35 46 21 13
35 47 19 25
35 48 17 13
35 49 12 4
36 37 99 99
36 38 98 100
36 39 100 98
36 40 5 8
36 41 11 11
36 42 25 24
36 43 26 27
36 44 21 27
36 45 25 15
36 46 7 27
36 47 30 21
36 48 17 25
36 49 3 16
37 38 98 99
37 39 100 98
37 40 23 12
37 41 15 3
37 42 4 30
37 43 20 22
37 44 27 28
37 45 28 30
37 46 12 27
37 47 11 4
37 48 11 4
37 49 19 22
38 39 97 99
38 40 20 22
38 41 27 9
38 42 8 25
38 43 22 7
38 44 30 20
38 45 5 30
38 46 6 23
38 47 28 27
38 48 3 16
38 49 3 26
39 40 8 24
39 41 21 5
39 42 28 18
39 43 8 30
39 44 5 4
39 45 7 11
39 46 26 19
39 47 9 13
39 48 18 21
39 49 6 8
40 41 99 97
40 42 99 100
40 43 100 100
40 44 10 30
40 45 7 14
40 46 14 20
40 47 21 10
40 48 27 3
40 49 26 27
41 42 99 97
41 43 100 99
41 44 16 3
41 45 17 3
41 46 7 27
41 47 9 13
41 48 21 22
41 49 15 12
42 43 97 98
42 44 3 25
42 45 13 16
42 46 13 21
42 47 30 22
42 48 26 15
42 49 14 12
43 44 24 14
43 45 28 11
43 46 28 25
43 47 25 24
43 48 5 4
43 49 16 24
44 45 99 99
44 46 97 99
44 47 100 97
44 48 21 30
44 49 21 18
45 46 99 98
45 47 97 97
45 48 15 23
45 49 25 12
46 47 100 100
46 48 27 17
46 49 25 5
47 48 18 24
47 49 23 28
48 49 99 100
0
195
154 822
155 797
156 778
157 745
158 720
159 701
160 685
161 674
162 658
163 647
164 636
165 625
166 614
167 603
168 593
169 583
170 573
171 564
172 555
173 547
174 538
175 530
176 522
177 514
178 506
179 498
180 490
181 482
182 475
183 467
184 460
185 453
186 447
187 440
188 434
189 428
190 422
191 416
192 410
193 404
194 398
195 392
196 386
197 382
198 376
199 372
200 368
201 364
202 361
203 356
204 352
205 349
206 345
207 341
208 338
209 334
210 331
211 328
212 325
213 322
214 319
215 315
216 312
217 310
218 308
219 305
220 303
221 301
222 299
223 297
224 294
225 292
226 290
227 288
228 286
229 284
230 283
231 281
232 279
233 277
234 276
235 274
236 273
237 271
238 270
239 269
240 267
241 265
242 264
243 262
244 261
245 260
246 258
247 257
248 256
249 254
250 253
251 252
252 251
253 250
254 248
255 247
256 246
257 245
258 244
259 243
260 241
261 240
262 239
264 238
265 237
266 236
267 235
268 234
270 233
271 232
273 231
274 230
275 229
276 228
278 227
279 226
281 225
283 224
284 223
286 222
288 221
290 220
292 219
294 218
296 217
298 216
300 215
302 214
304 213
307 212
308 211
312 210
314 209
316 208
318 207
322 206
323 205
326 204
329 203
331 202
333 201
337 200
340 199
341 198
345 197
348 196
350 195
354 194
357 193
359 192
363 191
366 190
370 189
374 188
378 187
382 186
386 185
390 184
395 183
401 182
406 181
412 180
419 179
424 178
430 177
437 176
443 175
450 174
457 173
466 172
473 171
483 170
493 169
503 168
514 167
525 166
536 165
548 164
561 163
575 162
591 161
607 160
627 159
649 158
671 157
695 156
729 155
751 154
775 153
