50
0 1 10 10
0 2 0 90
0 3 97 99
0 4 31 26
0 5 18 47
0 6 23 38
0 7 26 41
0 8 13 11
0 9 39 26
0 10 21 45
0 11 43 16
0 12 36 35
0 13 28 33
0 14 37 37
0 15 39 48
0 16 41 40
0 17 34 16
0 18 31 31
0 19 43 46
0 20 20 12
0 21 42 25
0 22 25 39
0 23 47 49
0 24 35 48
0 25 41 14
0 26 39 15
0 27 18 37
0 28 28 12
0 29 21 18
0 30 31 26
0 31 10 31
0 32 45 50
0 33 28 44
0 34 35 41
0 35 31 11
0 36 26 41
0 37 11 16
0 38 28 48
0 39 15 15
0 40 39 46
0 41 18 40
0 42 39 31
0 43 44 39
0 44 23 46
0 45 20 14
0 46 20 22
0 47 39 39
0 48 23 31
0 49 28 20
1 2 90 0
1 3 93 98
1 4 48 16
1 5 17 25
1 6 36 14
1 7 10 19
1 8 26 16
1 9 22 47
1 10 24 49
1 11 40 39
1 12 26 22
1 13 40 15
1 14 43 33
1 15 45 22
1 16 49 31
1 17 40 49
1 18 50 27
1 19 40 49
1 20 23 25
1 21 28 10
1 22 33 28
1 23 44 32
1 24 28 28
1 25 36 49
1 26 50 16
1 27 46 39
1 28 15 35
1 29 16 19
1 30 50 22
1 31 21 10
1 32 23 28
1 33 16 24
1 34 23 10
1 35 20 14
1 36 43 50
1 37 47 40
1 38 35 14
1 39 49 14
1 40 20 14
1 41 43 32
1 42 22 16
1 43 41 33
1 44 49 22
1 45 14 41
1 46 13 26
1 47 45 39
1 48 15 42
1 49 19 28
2 3 90 93
2 4 49 43
2 5 43 30
2 6 16 32
2 7 50 24
2 8 14 19
2 9 39 42
2 10 11 33
2 11 40 21
2 12 28 47
2 13 46 21
2 14 22 44
2 15 35 40
2 16 19 26
2 17 41 38
2 18 20 42
2 19 18 13
2 20 19 13
2 21 42 35
2 22 23 45
2 23 49 43
2 24 49 36
2 25 40 28
2 26 41 33
2 27 44 50
2 28 19 45
2 29 42 25
2 30 33 40
2 31 28 28
2 32 30 45
2 33 23 31
2 34 42 39
2 35 32 23
2 36 35 42
2 37 26 16
2 38 20 10
2 39 33 50
2 40 13 40
2 41 43 11
2 42 21 13
2 43 43 18
2 44 37 26
2 45 15 43
2 46 32 24
2 47 27 27
2 48 31 43
2 49 13 37
3 4 37 22
3 5 30 22
3 6 11 17
3 7 34 16
3 8 28 30
3 9 25 10
3 10 35 39
3 11 42 22
3 12 46 12
3 13 23 37
3 14 28 36
3 15 14 13
3 16 21 40
3 17 50 45
3 18 26 47
3 19 25 41
3 20 35 28
3 21 27 28
3 22 13 17
3 23 47 33
3 24 21 23
3 25 22 18
3 26 42 35
3 27 41 37
3 28 21 41
3 29 46 42
3 30 41 22
3 31 34 26
3 32 43 49
3 33 28 43
3 34 44 10
3 35 42 46
3 36 23 33
3 37 18 35
3 38 50 44
3 39 32 49
3 40 14 16
3 41 35 31
3 42 38 28
3 43 27 49
3 44 41 49
3 45 18 47
3 46 48 23
3 47 33 39
3 48 38 48
3 49 13 14
4 5 98 90
4 6 94 100
4 7 99 96
4 8 31 15
4 9 49 26
4 10 26 16
4 11 28 15
4 12 50 21
4 13 14 28
4 14 45 12
4 15 24 45
4 16 13 14
4 17 20 26
4 18 30 17
4 19 36 17
4 20 44 35
4 21 20 32
4 22 35 35
4 23 19 48
4 24 13 22
4 25 18 40
4 26 35 28
4 27 28 49
4 28 20 26
4 29 47 30
4 30 11 20
4 31 45 14
4 32 21 40
4 33 33 50
4 34 19 50
4 35 35 49
4 36 40 32
4 37 15 32
4 38 28 38
4 39 36 25
4 40 15 21
4 41 23 28
4 42 40 17
4 43 33 40
4 44 19 12
4 45 33 50
4 46 43 28
4 47 50 25
4 48 10 15
4 49 18 43
5 6 90 94
5 7 94 90
5 8 32 11
5 9 22 38
5 10 22 19
5 11 43 19
5 12 16 26
5 13 25 49
5 14 28 42
5 15 45 12
5 16 28 15
5 17 40 12
5 18 37 48
5 19 35 10
5 20 33 46
5 21 24 45
5 22 31 14
5 23 21 44
5 24 46 25
5 25 27 30
5 26 46 45
5 27 26 14
5 28 49 15
5 29 28 41
5 30 39 28
5 31 34 32
5 32 21 39
5 33 22 15
5 34 47 28
5 35 43 17
5 36 15 50
5 37 25 23
5 38 42 35
5 39 49 50
5 40 43 49
5 41 22 20
5 42 37 37
5 43 14 39
5 44 23 48
5 45 34 45
5 46 45 14
5 47 12 34
5 48 46 50
5 49 33 40
6 7 97 100
6 8 24 34
6 9 14 46
6 10 37 28
6 11 35 49
6 12 11 43
6 13 46 13
6 14 24 41
6 15 47 37
6 16 26 32
6 17 47 22
6 18 21 37
6 19 42 23
6 20 28 49
6 21 14 20
6 22 17 49
6 23 12 41
6 24 25 40
6 25 42 37
6 26 12 21
6 27 28 40
6 28 46 20
6 29 32 41
6 30 22 18
6 31 28 21
6 32 38 17
6 33 30 26
6 34 20 23
6 35 17 37
6 36 22 15
6 37 28 37
6 38 48 49
6 39 46 16
6 40 15 37
6 41 36 47
6 42 16 11
6 43 18 16
6 44 31 19
6 45 42 25
6 46 18 16
6 47 27 42
6 48 25 36
6 49 15 46
7 8 39 47
7 9 32 38
7 10 24 12
7 11 21 30
7 12 33 49
7 13 17 39
7 14 23 15
7 15 33 44
7 16 38 43
7 17 50 48
7 18 21 12
7 19 49 44
7 20 42 15
7 21 32 22
7 22 11 43
7 23 33 43
7 24 33 49
7 25 12 14
7 26 45 13
7 27 10 18
7 28 49 18
7 29 28 20
7 30 46 48
7 31 22 36
7 32 30 26
7 33 45 36
7 34 28 50
7 35 32 38
7 36 30 25
7 37 50 28
7 38 23 24
7 39 33 16
7 40 13 35
7 41 33 43
7 42 10 25
7 43 14 41
7 44 14 39
7 45 50 22
7 46 27 17
7 47 26 16
7 48 43 10
7 49 12 41
8 9 91 98
8 10 93 91
8 11 97 99
8 12 34 26
8 13 34 28
8 14 14 12
8 15 31 48
8 16 24 40
8 17 12 24
8 18 44 46
8 19 21 39
8 20 37 38
8 21 49 25
8 22 38 10
8 23 24 15
8 24 47 10
8 25 14 20
8 26 13 13
8 27 20 13
8 28 41 28
8 29 13 26
8 30 37 26
8 31 49 42
8 32 14 34
8 33 12 34
8 34 46 42
8 35 35 40
8 36 18 42
8 37 17 27
8 38 35 34
8 39 37 22
8 40 41 24
8 41 37 33
8 42 26 30
8 43 14 17
8 44 38 30
8 45 42 35
8 46 23 50
8 47 13 30
8 48 35 25
8 49 49 46
9 10 95 95
9 11 99 99
9 12 30 36
9 13 10 47
9 14 42 11
9 15 24 44
9 16 47 31
9 17 32 21
9 18 43 22
9 19 32 46
9 20 21 27
9 21 48 30
9 22 49 48
9 23 32 30
9 24 48 34
9 25 34 45
9 26 43 28
9 27 15 15
9 28 22 36
9 29 47 34
9 30 30 44
9 31 14 21
9 32 36 17
9 33 18 19
9 34 16 38
9 35 25 15
9 36 38 38
9 37 30 48
9 38 19 32
9 39 42 26
9 40 48 27
9 41 25 31
9 42 37 19
9 43 16 13
9 44 34 34
9 45 47 48
9 46 21 49
9 47 20 11
9 48 11 25
9 49 40 45
10 11 92 98
10 12 48 11
10 13 25 45
10 14 14 28
10 15 37 40
10 16 39 31
10 17 40 14
10 18 44 49
10 19 36 44
10 20 33 33
10 21 26 20
10 22 30 12
10 23 47 17
10 24 27 15
10 25 19 37
10 26 22 45
10 27 12 14
10 28 33 15
10 29 25 25
10 30 39 30
10 31 50 39
10 32 49 12
10 33 38 39
10 34 18 38
10 35 28 16
10 36 35 16
10 37 17 45
10 38 30 26
10 39 23 21
10 40 19 17
10 41 11 30
10 42 20 36
10 43 28 28
10 44 20 50
10 45 17 13
10 46 31 12
10 47 24 28
10 48 46 41
10 49 31 45
11 12 36 13
11 13 22 28
11 14 15 14
11 15 31 36
11 16 17 42
11 17 48 41
11 18 46 41
11 19 39 30
11 20 42 10
11 21 25 28
11 22 42 12
11 23 37 26
11 24 16 49
11 25 18 43
11 26 48 28
11 27 13 17
11 28 18 43
11 29 43 15
11 30 45 32
11 31 49 23
11 32 12 42
11 33 49 42
11 34 45 32
11 35 44 23
11 36 31 42
11 37 36 43
11 38 37 48
11 39 19 31
11 40 41 49
11 41 50 32
11 42 24 25
11 43 20 44
11 44 50 23
11 45 21 47
11 46 17 11
11 47 45 33
11 48 23 33
11 49 34 38
12 13 95 100
12 14 95 91
12 15 90 92
12 16 21 14
12 17 44 15
12 18 15 35
12 19 39 13
12 20 45 46
12 21 24 50
12 22 12 10
12 23 43 48
12 24 35 44
12 25 20 38
12 26 47 24
12 27 21 39
12 28 42 31
12 29 45 11
12 30 26 24
12 31 18 21
12 32 39 26
12 33 47 46
12 34 42 32
12 35 24 35
12 36 32 16
12 37 36 15
12 38 47 12
12 39 10 19
12 40 45 36
12 41 12 42
12 42 31 34
12 43 18 23
12 44 13 42
12 45 45 41
12 46 50 30
12 47 46 45
12 48 24 28
12 49 19 17
13 14 100 95
13 15 99 92
13 16 13 44
13 17 43 47
13 18 32 11
13 19 47 28
13 20 45 48
13 21 35 35
13 22 24 40
13 23 39 28
13 24 47 46
13 25 25 35
13 26 28 23
13 27 32 47
13 28 14 45
13 29 18 33
13 30 42 20
13 31 27 21
13 32 22 50
13 33 23 33
13 34 35 39
13 35 19 43
13 36 43 39
13 37 12 32
13 38 35 28
13 39 48 13
13 40 23 24
13 41 27 12
13 42 33 31
13 43 21 12
13 44 15 22
13 45 17 14
13 46 21 28
13 47 31 36
13 48 15 19
13 49 36 36
14 15 96 98
14 16 36 43
14 17 47 47
14 18 21 19
14 19 43 14
14 20 10 44
14 21 25 43
14 22 17 13
14 23 36 20
14 24 17 50
14 25 15 27
14 26 40 35
14 27 39 25
14 28 33 17
14 29 37 15
14 30 28 34
14 31 32 41
14 32 41 36
14 33 32 25
14 34 40 36
14 35 32 16
14 36 10 20
14 37 14 15
14 38 21 28
14 39 46 22
14 40 36 12
14 41 39 21
14 42 20 14
14 43 39 32
14 44 32 40
14 45 27 34
14 46 32 17
14 47 48 15
14 48 11 10
14 49 34 41
15 16 28 42
15 17 47 44
15 18 18 42
15 19 46 40
15 20 19 36
15 21 35 16
15 22 33 10
15 23 16 20
15 24 28 38
15 25 35 39
15 26 40 43
15 27 31 14
15 28 15 47
15 29 47 39
15 30 33 38
15 31 21 45
15 32 28 25
15 33 18 19
15 34 11 25
15 35 26 47
15 36 28 36
15 37 46 30
15 38 17 17
15 39 26 49
15 40 46 21
15 41 18 28
15 42 34 15
15 43 16 45
15 44 16 14
15 45 34 39
15 46 16 46
15 47 26 30
15 48 36 13
15 49 40 15
16 17 97 92
16 18 95 97
16 19 91 95
16 20 49 36
16 21 23 22
16 22 16 21
16 23 37 25
16 24 50 12
16 25 13 49
16 26 47 50
16 27 19 19
16 28 35 25
16 29 12 15
16 30 32 43
16 31 44 49
16 32 20 35
16 33 45 22
16 34 19 16
16 35 47 40
16 36 40 36
16 37 38 21
16 38 41 31
16 39 50 45
16 40 32 43
16 41 45 33
16 42 16 14
16 43 42 22
16 44 33 38
16 45 46 15
16 46 25 44
16 47 43 28
16 48 31 33
16 49 32 26
17 18 92 93
17 19 100 100
17 20 21 19
17 21 12 47
17 22 36 24
17 23 42 19
17 24 19 50
17 25 32 41
17 26 36 40
17 27 19 32
17 28 43 25
17 29 28 35
17 30 19 16
17 31 34 24
17 32 28 35
17 33 45 39
17 34 20 42
17 35 28 25
17 36 13 27
17 37 24 40
17 38 48 39
17 39 13 36
17 40 23 12
17 41 28 14
17 42 37 28
17 43 27 41
17 44 50 18
17 45 14 28
17 46 28 21
17 47 47 28
17 48 20 35
17 49 23 47
18 19 98 94
18 20 36 14
18 21 28 47
18 22 39 18
18 23 18 46
18 24 12 10
18 25 21 11
18 26 15 21
18 27 33 20
18 28 12 48
18 29 12 48
18 30 16 28
18 31 15 50
18 32 46 33
18 33 45 39
18 34 21 35
18 35 47 13
18 36 22 34
18 37 46 34
18 38 23 47
18 39 27 19
18 40 50 27
18 41 27 49
18 42 48 31
18 43 43 42
18 44 20 14
18 45 42 33
18 46 31 22
18 47 42 21
18 48 17 37
18 49 38 13
19 20 38 24
19 21 33 16
19 22 45 18
19 23 45 30
19 24 30 45
19 25 12 21
19 26 23 42
19 27 44 17
19 28 35 49
19 29 26 11
19 30 41 39
19 31 14 35
19 32 32 13
19 33 23 22
19 34 50 12
19 35 13 49
19 36 47 15
19 37 34 22
19 38 38 46
19 39 43 41
19 40 23 21
19 41 22 20
19 42 42 36
19 43 36 14
19 44 45 33
19 45 26 37
19 46 39 50
19 47 48 47
19 48 31 22
19 49 50 25
20 21 100 93
20 22 93 96
20 23 95 98
20 24 12 22
20 25 28 10
20 26 18 39
20 27 37 44
20 28 47 22
20 29 43 39
20 30 47 16
20 31 48 21
20 32 18 46
20 33 43 49
20 34 40 38
20 35 47 36
20 36 47 33
20 37 19 47
20 38 42 42
20 39 43 46
20 40 16 34
20 41 19 45
20 42 43 10
20 43 40 11
20 44 13 17
20 45 49 41
20 46 39 32
20 47 25 50
20 48 41 41
20 49 32 38
21 22 96 100
21 23 98 100
21 24 41 39
21 25 41 17
21 26 14 37
21 27 24 16
21 28 41 12
21 29 50 48
21 30 34 41
21 31 27 41
21 32 31 33
21 33 12 33
21 34 48 48
21 35 32 28
21 36 16 18
21 37 34 21
21 38 12 32
21 39 33 17
21 40 47 32
21 41 15 41
21 42 27 35
21 43 33 12
21 44 18 49
21 45 43 50
21 46 36 42
21 47 38 32
21 48 20 30
21 49 22 26
22 23 90 96
22 24 16 31
22 25 12 12
22 26 14 10
22 27 43 42
22 28 30 26
22 29 30 39
22 30 33 47
22 31 50 47
22 32 42 11
22 33 44 43
22 34 21 17
22 35 34 42
22 36 23 12
22 37 35 37
22 38 26 32
22 39 15 10
22 40 18 13
22 41 28 47
22 42 20 34
22 43 17 39
22 44 35 46
22 45 41 38
22 46 26 28
22 47 25 11
22 48 12 22
22 49 39 17
23 24 26 41
23 25 36 34
23 26 24 38
23 27 23 11
23 28 21 40
23 29 50 45
23 30 37 37
23 31 40 18
23 32 25 23
23 33 43 25
23 34 31 38
23 35 43 19
23 36 24 49
23 37 44 47
23 38 32 32
23 39 44 23
23 40 47 28
23 41 42 15
23 42 17 28
23 43 12 13
23 44 34 33
23 45 14 32
23 46 45 34
23 47 42 47
23 48 23 39
23 49 17 16
24 25 99 100
24 26 96 91
24 27 98 98
24 28 50 48
24 29 42 18
24 30 40 37
24 31 31 16
24 32 30 33
24 33 32 28
24 34 36 10
24 35 47 21
24 36 50 41
24 37 30 22
24 38 10 25
24 39 13 18
24 40 33 28
24 41 36 20
24 42 50 19
24 43 37 35
24 44 47 24
24 45 44 33
24 46 22 45
24 47 27 10
24 48 20 48
24 49 38 16
25 26 94 98
25 27 90 95
25 28 18 45
25 29 11 12
25 30 16 36
25 31 26 14
25 32 45 38
25 33 13 20
25 34 27 35
25 35 20 15
25 36 30 23
25 37 23 26
25 38 12 32
25 39 48 19
25 40 41 13
25 41 28 43
25 42 10 43
25 43 41 27
25 44 13 34
25 45 16 49
25 46 43 26
25 47 49 43
25 48 34 13
25 49 38 49
26 27 96 94
26 28 48 50
26 29 48 30
26 30 26 25
26 31 24 38
26 32 10 46
26 33 13 44
26 34 26 43
26 35 34 48
26 36 20 18
26 37 35 14
26 38 14 30
26 39 42 37
26 40 12 18
26 41 27 21
26 42 45 48
26 43 39 35
26 44 39 45
26 45 12 10
26 46 33 40
26 47 42 28
26 48 35 27
26 49 28 20
27 28 25 39
27 29 42 34
27 30 37 17
27 31 10 22
27 32 48 43
27 33 16 24
27 34 46 38
27 35 40 18
27 36 25 31
27 37 45 24
27 38 44 40
27 39 16 43
27 40 28 39
27 41 14 20
27 42 39 27
27 43 41 32
27 44 45 25
27 45 43 11
27 46 45 15
27 47 41 24
27 48 47 40
27 49 45 24
28 29 100 97
28 30 90 100
28 31 94 96
28 32 35 40
28 33 28 30
28 34 50 18
28 35 37 36
28 36 39 24
28 37 32 16
28 38 27 32
28 39 40 31
28 40 38 44
28 41 10 36
28 42 16 41
28 43 47 32
28 44 50 21
28 45 26 20
28 46 25 16
28 47 17 32
28 48 22 25
28 49 16 13
29 30 97 97
29 31 94 92
29 32 13 30
29 33 14 47
29 34 36 31
29 35 11 13
29 36 32 30
29 37 16 30
29 38 45 25
29 39 36 28
29 40 32 35
29 41 36 24
29 42 13 35
29 43 28 22
29 44 44 40
29 45 26 44
29 46 15 50
29 47 26 18
29 48 49 42
29 49 35 15
30 31 94 93
30 32 50 38
30 33 49 41
30 34 11 37
30 35 10 40
30 36 25 14
30 37 40 30
30 38 17 35
30 39 15 49
30 40 32 43
30 41 33 47
30 42 25 27
30 43 45 23
30 44 25 20
30 45 10 42
30 46 32 24
30 47 20 35
30 48 22 14
30 49 15 37
31 32 41 27
31 33 12 46
31 34 41 35
31 35 11 24
31 36 13 19
31 37 39 31
31 38 36 18
31 39 39 43
31 40 37 48
31 41 34 11
31 42 41 41
31 43 34 24
31 44 25 40
31 45 41 50
31 46 16 26
31 47 25 11
31 48 12 13
31 49 43 26
32 33 97 91
32 34 94 92
32 35 100 95
32 36 50 30
32 37 49 41
32 38 43 16
32 39 47 28
32 40 34 20
32 41 45 20
32 42 32 25
32 43 19 44
32 44 14 15
32 45 48 31
32 46 26 41
32 47 28 33
32 48 35 32
32 49 37 37
33 34 93 91
33 35 92 95
33 36 31 32
33 37 34 14
33 38 40 26
33 39 50 25
33 40 40 20
33 41 34 34
33 42 16 41
33 43 20 13
33 44 31 43
33 45 18 37
33 46 17 40
33 47 37 23
33 48 13 22
33 49 39 44
34 35 94 94
34 36 48 36
34 37 14 16
34 38 47 48
34 39 35 48
34 40 22 42
34 41 27 47
34 42 18 25
34 43 28 35
34 44 26 34
34 45 47 48
34 46 44 49
34 47 34 30
34 48 30 15
34 49 32 18
35 36 19 22
35 37 11 12
35 38 40 44
35 39 40 48
35 40 14 30
35 41 28 28
35 42 31 19
35 43 42 25
35 44 39 38
35 45 21 18
35 46 17 30
35 47 27 48
35 48 20 11
35 49 31 30
36 37 95 96
36 38 91 90
36 39 96 96
36 40 39 20
36 41 23 21
36 42 25 17
36 43 43 37
36 44 44 27
36 45 39 50
36 46 32 48
36 47 31 10
36 48 12 20
36 49 44 42
37 38 91 97
37 39 91 100
37 40 15 13
37 41 17 14
37 42 17 17
37 43 45 50
37 44 24 28
37 45 22 20
37 46 12 15
37 47 12 31
37 48 25 39
37 49 28 18
38 39 99 100
38 40 18 17
38 41 49 36
38 42 49 46
38 43 17 20
38 44 48 33
38 45 20 40
38 46 34 45
38 47 25 17
38 48 11 37
38 49 10 18
39 40 35 19
39 41 47 33
39 42 48 50
39 43 15 40
39 44 24 22
39 45 14 42
39 46 48 22
39 47 24 39
39 48 34 32
39 49 12 27
40 41 95 98
40 42 95 99
40 43 94 90
40 44 42 40
40 45 13 17
40 46 50 27
40 47 31 50
40 48 46 31
40 49 20 38
41 42 100 98
41 43 92 92
41 44 38 31
41 45 14 44
41 46 50 12
41 47 50 26
41 48 49 21
41 49 22 25
42 43 91 98
42 44 18 39
42 45 26 38
42 46 32 45
42 47 26 23
42 48 50 21
42 49 37 22
43 44 43 34
43 45 35 16
43 46 15 31
43 47 31 28
43 48 47 15
43 49 42 20
44 45 92 92
44 46 95 98
44 47 91 93
44 48 45 40
44 49 43 30
45 46 98 96
45 47 99 90
45 48 48 24
45 49 45 40
46 47 92 95
46 48 50 32
46 49 20 50
47 48 26 42
47 49 26 13
48 49 92 98
0
304
529 1336
530 1305
531 1278
532 1253
533 1230
534 1208
535 1189
536 1174
537 1161
538 1147
539 1134
540 1123
541 1110
542 1102
543 1093
544 1080
545 1073
546 1064
547 1051
548 1047
549 1036
550 1027
551 1020
552 1012
553 1005
554 996
555 992
556 981
557 977
558 969
559 965
560 962
561 956
562 952
563 949
564 946
565 939
566 935
567 924
568 920
569 912
570 908
571 905
572 898
573 894
574 891
575 885
576 881
577 878
578 875
579 871
580 868
581 862
582 858
583 855
584 852
585 848
586 845
587 843
588 839
589 836
590 834
591 831
592 828
593 826
594 823
595 821
596 818
597 816
598 813
599 811
600 808
601 806
602 803
603 801
604 798
605 796
606 793
607 791
608 788
609 786
610 784
611 781
612 779
613 777
614 774
615 772
616 770
617 767
618 765
619 763
620 761
621 759
622 757
623 755
624 753
625 751
626 749
627 747
628 745
629 743
630 741
631 739
632 738
633 736
634 734
635 732
636 730
637 728
638 727
639 725
640 723
641 721
642 719
643 718
644 716
645 714
646 713
647 711
648 710
649 708
650 707
651 705
652 704
653 702
654 701
655 699
656 698
657 696
658 695
659 694
660 693
661 691
662 690
663 688
664 687
665 686
666 685
667 684
668 683
669 682
670 680
671 679
672 678
673 677
674 676
675 675
676 674
677 673
678 672
679 671
680 670
681 669
682 668
683 667
684 666
685 665
686 664
687 663
689 662
690 661
691 660
692 659
693 658
694 657
695 656
697 655
698 654
700 653
701 652
702 651
704 650
705 649
707 648
708 647
709 646
711 645
712 644
714 643
716 642
717 641
718 640
720 639
721 638
723 637
724 636
726 635
728 634
729 633
730 632
732 631
733 630
736 629
737 628
738 627
741 626
742 625
743 624
745 623
746 622
749 621
750 620
751 619
754 618
755 617
757 616
759 615
760 614
762 613
764 612
766 611
768 610
770 609
771 608
774 607
775 606
777 605
779 604
781 603
783 602
785 601
788 600
791 599
792 598
795 597
798 596
801 595
802 594
805 593
808 592
811 591
814 590
817 589
821 588
824 587
827 586
831 585
834 584
838 583
841 582
846 581
849 580
854 579
857 578
862 577
866 576
871 575
876 574
881 573
886 572
892 571
899 570
905 569
911 568
918 567
925 566
929 565
934 564
938 563
943 562
948 561
953 560
958 559
964 558
971 557
977 556
983 555
990 554
997 553
1004 552
1010 551
1017 550
1024 549
1031 548
1038 547
1045 546
1052 545
1059 544
1066 543
1074 542
1081 541
1088 540
1096 539
1103 538
1112 537
1119 536
1130 535
1141 534
1152 533
1165 532
1178 531
1194 530
1207 529
1224 528
1238 527
1255 526
1274 525
1292 524
1311 523
1332 522
1353 521
1377 520
1401 519
1435 518
