50
0 1 1 1
0 2 0 99
0 3 99 100
0 4 2 9
0 5 12 5
0 6 6 7
0 7 8 8
0 8 2 9
0 9 8 13
0 10 7 5
0 11 13 9
0 12 1 12
0 13 1 5
0 14 14 7
0 15 10 12
0 16 15 2
0 17 12 14
0 18 14 7
0 19 13 8
0 20 8 12
0 21 1 1
0 22 1 10
0 23 6 14
0 24 4 14
0 25 12 3
0 26 1 11
0 27 14 14
0 28 7 13
0 29 2 15
0 30 2 11
0 31 8 7
0 32 4 7
0 33 1 14
0 34 13 14
0 35 7 12
0 36 4 15
0 37 7 2
0 38 4 5
0 39 10 10
0 40 15 13
0 41 9 1
0 42 3 3
0 43 3 6
0 44 9 13
0 45 1 12
0 46 9 1
0 47 7 5
0 48 15 1
0 49 14 14
1 2 99 0
1 3 100 100
1 4 3 15
1 5 13 12
1 6 10 11
1 7 3 13
1 8 7 5
1 9 7 4
1 10 14 5
1 11 6 8
1 12 9 4
1 13 7 2
1 14 7 11
1 15 4 11
1 16 10 12
1 17 8 14
1 18 4 14
1 19 8 1
1 20 8 9
1 21 3 4
1 22 10 9
1 23 12 12
1 24 14 3
1 25 11 11
1 26 12 10
1 27 3 5
1 28 6 4
1 29 5 5
1 30 12 8
1 31 3 15
1 32 12 14
1 33 1 3
1 34 13 15
1 35 1 14
1 36 11 9
1 37 7 9
1 38 12 4
1 39 8 7
1 40 4 1
1 41 1 10
1 42 5 12
1 43 10 1
1 44 7 3
1 45 5 8
1 46 13 5
1 47 10 13
1 48 4 10
1 49 12 14
2 3 100 100
2 4 4 2
2 5 13 9
2 6 4 8
2 7 10 14
2 8 2 1
2 9 7 10
2 10 4 14
2 11 10 13
2 12 7 4
2 13 6 5
2 14 12 5
2 15 10 6
2 16 6 13
2 17 3 1
2 18 7 14
2 19 3 10
2 20 3 11
2 21 6 6
2 22 10 10
2 23 3 12
2 24 7 7
2 25 14 2
2 26 6 8
2 27 1 11
2 28 10 13
2 29 15 9
2 30 12 2
2 31 7 3
2 32 7 10
2 33 4 10
2 34 2 7
2 35 13 10
2 36 10 10
2 37 5 15
2 38 5 9
2 39 12 14
2 40 15 1
2 41 2 5
2 42 3 9
2 43 4 11
2 44 4 8
2 45 3 2
2 46 11 1
2 47 1 6
2 48 9 15
2 49 12 7
3 4 3 2
3 5 15 7
3 6 1 5
3 7 14 12
3 8 11 7
3 9 3 15
3 10 12 1
3 11 7 8
3 12 13 14
3 13 9 6
3 14 1 12
3 15 7 15
3 16 6 9
3 17 1 9
3 18 13 1
3 19 2 14
3 20 8 2
3 21 10 12
3 22 11 4
3 23 6 10
3 24 10 11
3 25 15 7
3 26 11 11
3 27 10 2
3 28 7 11
3 29 15 5
3 30 4 9
3 31 1 7
3 32 9 9
3 33 3 14
3 34 6 15
3 35 4 15
3 36 9 7
3 37 4 10
3 38 3 14
3 39 14 7
3 40 8 15
3 41 6 6
3 42 12 15
3 43 9 14
3 44 5 6
3 45 8 5
3 46 9 10
3 47 10 15
3 48 7 8
3 49 2 7
4 5 99 100
4 6 99 100
4 7 99 100
4 8 14 14
4 9 3 3
4 10 8 3
4 11 4 15
4 12 8 4
4 13 11 11
4 14 5 15
4 15 13 14
4 16 9 4
4 17 4 1
4 18 7 13
4 19 11 12
4 20 8 6
4 21 3 4
4 22 10 4
4 23 8 13
4 24 2 6
4 25 4 6
4 26 5 6
4 27 2 2
4 28 1 8
4 29 12 8
4 30 7 9
4 31 14 11
4 32 5 15
4 33 5 5
4 34 4 12
4 35 10 6
4 36 12 14
4 37 11 10
4 38 14 1
4 39 13 12
4 40 6 11
4 41 5 9
4 42 9 7
4 43 11 3
4 44 14 4
4 45 5 2
4 46 11 1
4 47 1 3
4 48 6 10
4 49 8 3
5 6 99 99
5 7 99 100
5 8 3 5
5 9 10 15
5 10 9 1
5 11 5 1
5 12 9 5
5 13 11 4
5 14 7 10
5 15 3 14
5 16 12 11
5 17 15 11
5 18 9 14
5 19 8 13
5 20 9 9
5 21 10 13
5 22 7 12
5 23 6 7
5 24 3 14
5 25 12 8
5 26 11 14
5 27 3 13
5 28 3 10
5 29 5 3
5 30 9 9
5 31 8 11
5 32 10 3
5 33 11 8
5 34 2 5
5 35 2 12
5 36 13 3
5 37 4 4
5 38 10 1
5 39 2 12
5 40 7 2
5 41 5 13
5 42 4 13
5 43 15 2
5 44 6 7
5 45 6 14
5 46 7 2
5 47 2 5
5 48 9 1
5 49 12 14
6 7 100 100
6 8 7 6
6 9 11 4
6 10 3 11
6 11 11 3
6 12 4 6
6 13 7 14
6 14 10 4
6 15 9 15
6 16 8 12
6 17 4 13
6 18 5 7
6 19 13 4
6 20 13 9
6 21 14 8
6 22 9 13
6 23 1 2
6 24 15 1
6 25 10 3
6 26 14 7
6 27 10 2
6 28 2 10
6 29 13 3
6 30 9 1
6 31 5 5
6 32 9 9
6 33 12 7
6 34 3 9
6 35 4 13
6 36 13 3
6 37 11 10
6 38 12 7
6 39 12 13
6 40 13 10
6 41 5 12
6 42 7 6
6 43 4 12
6 44 7 15
6 45 9 14
6 46 14 7
6 47 7 7
6 48 14 7
6 49 7 3
7 8 5 10
7 9 4 13
7 10 14 11
7 11 7 12
7 12 10 10
7 13 10 4
7 14 14 9
7 15 8 14
7 16 7 8
7 17 7 12
7 18 9 13
7 19 5 3
7 20 4 15
7 21 11 9
7 22 2 11
7 23 6 5
7 24 13 9
7 25 10 9
7 26 15 12
7 27 12 1
7 28 15 8
7 29 12 14
7 30 3 10
7 31 7 4
7 32 6 7
7 33 15 2
7 34 5 6
7 35 15 4
7 36 5 10
7 37 12 9
7 38 2 15
7 39 9 2
7 40 1 14
7 41 13 8
7 42 5 4
7 43 10 7
7 44 3 10
7 45 14 1
7 46 6 12
7 47 4 11
7 48 10 14
7 49 10 6
8 9 100 100
8 10 100 99
8 11 99 100
8 12 3 3
8 13 8 5
8 14 15 11
8 15 2 10
8 16 6 12
8 17 15 11
8 18 2 5
8 19 14 7
8 20 3 1
8 21 15 4
8 22 7 7
8 23 11 12
8 24 15 12
8 25 13 14
8 26 5 13
8 27 12 7
8 28 1 7
8 29 13 11
8 30 12 11
8 31 11 10
8 32 8 14
8 33 3 12
8 34 2 6
8 35 12 12
8 36 9 7
8 37 12 14
8 38 5 6
8 39 12 12
8 40 3 5
8 41 11 2
8 42 11 11
8 43 12 10
8 44 12 9
8 45 6 11
8 46 13 6
8 47 12 9
8 48 6 7
8 49 12 14
9 10 100 100
9 11 99 100
9 12 1 10
9 13 10 3
9 14 3 3
9 15 6 15
9 16 12 6
9 17 14 5
9 18 6 15
9 19 7 1
9 20 5 4
9 21 3 7
9 22 7 3
9 23 13 13
9 24 2 7
9 25 3 11
9 26 6 14
9 27 9 6
9 28 14 9
9 29 6 5
9 30 2 4
9 31 4 10
9 32 14 7
9 33 10 6
9 34 4 11
9 35 6 14
9 36 6 14
9 37 15 13
9 38 6 7
9 39 1 9
9 40 8 4
9 41 12 15
9 42 15 3
9 43 3 6
9 44 3 14
9 45 8 6
9 46 15 8
9 47 13 3
9 48 8 1
9 49 1 1
10 11 99 100
10 12 8 5
10 13 7 15
10 14 12 6
10 15 13 3
10 16 5 5
10 17 10 13
10 18 12 4
10 19 7 1
10 20 15 4
10 21 1 9
10 22 5 12
10 23 3 12
10 24 11 4
10 25 1 6
10 26 6 3
10 27 11 1
10 28 14 5
10 29 1 2
10 30 1 7
10 31 2 2
10 32 2 2
10 33 11 1
10 34 13 5
10 35 1 11
10 36 8 8
10 37 1 2
10 38 11 12
10 39 1 8
10 40 12 3
10 41 4 8
10 42 11 12
10 43 7 3
10 44 15 13
10 45 7 12
10 46 10 10
10 47 2 8
10 48 4 13
10 49 7 5
11 12 11 3
11 13 11 10
11 14 9 4
11 15 3 15
11 16 14 14
11 17 8 14
11 18 3 6
11 19 12 15
11 20 1 10
11 21 6 7
11 22 1 1
11 23 1 10
11 24 11 7
11 25 5 11
11 26 14 7
11 27 8 15
11 28 4 5
11 29 12 5
11 30 8 13
11 31 10 15
11 32 4 3
11 33 7 4
11 34 2 13
11 35 2 6
11 36 14 14
11 37 12 7
11 38 11 3
11 39 4 6
11 40 15 15
11 41 4 11
11 42 6 5
11 43 8 2
11 44 7 8
11 45 1 5
11 46 12 13
11 47 11 15
11 48 6 10
11 49 15 6
12 13 100 99
12 14 99 100
12 15 100 100
12 16 3 8
12 17 4 11
12 18 12 2
12 19 1 1
12 20 2 9
12 21 8 5
12 22 13 13
12 23 11 11
12 24 11 11
12 25 1 15
12 26 3 13
12 27 13 6
12 28 9 8
12 29 5 11
12 30 6 1
12 31 14 15
12 32 12 12
12 33 14 2
12 34 15 3
12 35 3 12
12 36 15 8
12 37 5 9
12 38 2 5
12 39 5 7
12 40 11 2
12 41 3 2
12 42 7 15
12 43 2 8
12 44 13 7
12 45 8 14
12 46 6 9
12 47 15 3
12 48 1 6
12 49 5 2
13 14 99 99
13 15 100 99
13 16 13 1
13 17 4 11
13 18 10 7
13 19 11 14
13 20 12 12
13 21 5 8
13 22 2 10
13 23 9 9
13 24 9 10
13 25 1 1
13 26 12 14
13 27 5 5
13 28 13 13
13 29 6 5
13 30 8 4
13 31 7 7
13 32 2 12
13 33 4 6
13 34 14 14
13 35 1 10
13 36 7 3
13 37 10 12
13 38 12 4
13 39 10 11
13 40 2 8
13 41 4 15
13 42 8 5
13 43 10 9
13 44 5 4
13 45 8 7
13 46 12 13
13 47 5 14
13 48 10 1
13 49 10 11
14 15 99 99
14 16 13 14
14 17 3 15
14 18 3 5
14 19 6 12
14 20 8 3
14 21 6 11
14 22 6 4
14 23 4 9
14 24 7 11
14 25 3 7
14 26 2 11
14 27 3 3
14 28 9 5
14 29 14 10
14 30 6 7
14 31 4 12
14 32 1 6
14 33 10 5
14 34 12 15
14 35 5 1
14 36 1 15
14 37 14 15
14 38 15 3
14 39 7 4
14 40 14 11
14 41 12 7
14 42 13 6
14 43 6 12
14 44 10 2
14 45 8 5
14 46 3 14
14 47 1 1
14 48 8 9
14 49 3 2
15 16 14 8
15 17 12 12
15 18 11 14
15 19 8 5
15 20 13 11
15 21 12 10
15 22 11 11
15 23 9 4
15 24 11 14
15 25 6 6
15 26 15 7
15 27 3 4
15 28 6 11
15 29 11 3
15 30 11 7
15 31 1 6
15 32 6 2
15 33 4 9
15 34 7 4
15 35 13 5
15 36 8 4
15 37 1 13
15 38 7 11
15 39 9 4
15 40 6 4
15 41 14 8
15 42 2 10
15 43 11 13
15 44 7 15
15 45 2 11
15 46 12 10
15 47 5 5
15 48 8 5
15 49 8 8
16 17 100 100
16 18 100 100
16 19 100 99
16 20 10 1
16 21 12 15
16 22 1 1
16 23 4 11
16 24 2 11
16 25 10 13
16 26 5 4
16 27 13 11
16 28 13 12
16 29 3 2
16 30 13 15
16 31 2 13
16 32 8 3
16 33 4 9
16 34 2 5
16 35 12 4
16 36 15 9
16 37 3 2
16 38 4 7
16 39 9 14
16 40 2 13
16 41 7 9
16 42 6 14
16 43 5 9
16 44 7 10
16 45 2 5
16 46 10 2
16 47 13 14
16 48 5 7
16 49 15 14
17 18 100 99
17 19 100 99
17 20 9 2
17 21 4 12
17 22 11 14
17 23 12 13
17 24 13 6
17 25 4 5
17 26 12 11
17 27 2 1
17 28 3 1
17 29 4 14
17 30 12 11
17 31 12 5
17 32 15 2
17 33 5 11
17 34 13 6
17 35 4 1
17 36 9 9
17 37 10 1
17 38 10 3
17 39 12 2
17 40 7 6
17 41 13 11
17 42 6 7
17 43 3 9
17 44 3 1
17 45 3 12
17 46 8 12
17 47 4 7
17 48 2 8
17 49 13 3
18 19 99 100
18 20 11 7
18 21 5 10
18 22 4 4
18 23 1 6
18 24 3 10
18 25 10 2
18 26 6 15
18 27 5 12
18 28 8 9
18 29 2 12
18 30 9 9
18 31 9 11
18 32 10 1
18 33 4 10
18 34 13 2
18 35 9 3
18 36 6 2
18 37 8 12
18 38 10 5
18 39 3 14
18 40 12 6
18 41 1 2
18 42 2 7
18 43 11 6
18 44 12 5
18 45 3 13
18 46 14 14
18 47 13 2
18 48 6 12
18 49 14 10
19 20 4 6
19 21 14 6
19 22 14 10
19 23 11 12
19 24 11 8
19 25 7 7
19 26 1 13
19 27 13 7
19 28 14 15
19 29 5 13
19 30 7 7
19 31 9 11
19 32 5 9
19 33 1 12
19 34 5 2
19 35 9 9
19 36 1 10
19 37 11 1
19 38 2 12
19 39 9 13
19 40 4 15
19 41 3 1
19 42 7 14
19 43 1 13
19 44 15 3
19 45 14 3
19 46 13 10
19 47 11 8
19 48 11 1
19 49 11 11
20 21 100 100
20 22 99 99
20 23 100 99
20 24 2 10
20 25 2 10
20 26 5 10
20 27 4 7
20 28 3 2
20 29 14 5
20 30 10 1
20 31 7 13
20 32 7 11
20 33 11 1
20 34 5 4
20 35 9 8
20 36 9 4
20 37 12 7
20 38 15 3
20 39 14 2
20 40 13 5
20 41 2 13
20 42 6 8
20 43 13 11
20 44 6 10
20 45 8 13
20 46 9 1
20 47 12 6
20 48 1 1
20 49 3 8
21 22 100 100
21 23 99 99
21 24 5 13
21 25 2 4
21 26 15 8
21 27 15 11
21 28 6 4
21 29 3 8
21 30 11 2
21 31 5 9
21 32 12 5
21 33 10 5
21 34 5 6
21 35 9 10
21 36 9 10
21 37 11 10
21 38 9 13
21 39 1 5
21 40 4 8
21 41 4 8
21 42 15 8
21 43 13 3
21 44 4 2
21 45 7 5
21 46 3 11
21 47 2 15
21 48 12 4
21 49 10 9
22 23 99 99
22 24 12 15
22 25 14 6
22 26 9 8
22 27 13 3
22 28 1 13
22 29 5 1
22 30 13 14
22 31 7 1
22 32 15 12
22 33 13 14
22 34 12 2
22 35 12 13
22 36 12 4
22 37 2 12
22 38 1 12
22 39 15 1
22 40 4 2
22 41 1 6
22 42 2 1
22 43 4 13
22 44 10 10
22 45 3 6
22 46 12 2
22 47 4 10
22 48 14 15
22 49 4 5
23 24 10 15
23 25 12 7
23 26 7 1
23 27 12 3
23 28 12 10
23 29 14 10
23 30 1 9
23 31 3 15
23 32 12 11
23 33 10 9
23 34 6 15
23 35 2 13
23 36 6 5
23 37 8 8
23 38 6 7
23 39 4 13
23 40 12 3
23 41 2 1
23 42 5 5
23 43 1 15
23 44 2 6
23 45 12 1
23 46 10 15
23 47 3 7
23 48 14 12
23 49 12 14
24 25 99 100
24 26 99 100
24 27 99 99
24 28 11 9
24 29 4 4
24 30 15 3
24 31 1 11
24 32 3 3
24 33 8 4
24 34 10 2
24 35 2 1
24 36 9 11
24 37 6 2
24 38 9 4
24 39 14 9
24 40 15 11
24 41 1 1
24 42 11 12
24 43 11 13
24 44 12 9
24 45 12 10
24 46 14 5
24 47 6 6
24 48 5 4
24 49 8 5
25 26 100 100
25 27 100 100
25 28 6 13
25 29 7 5
25 30 8 8
25 31 10 2
25 32 12 5
25 33 9 15
25 34 5 7
25 35 11 5
25 36 6 12
25 37 6 12
25 38 2 8
25 39 5 10
25 40 6 6
25 41 1 15
25 42 4 14
25 43 15 11
25 44 10 12
25 45 3 4
25 46 3 4
25 47 12 9
25 48 5 11
25 49 10 1
26 27 99 100
26 28 12 12
26 29 10 3
26 30 5 14
26 31 8 5
26 32 1 12
26 33 2 10
26 34 14 1
26 35 7 14
26 36 12 6
26 37 4 14
26 38 15 14
26 39 4 3
26 40 1 15
26 41 8 9
26 42 5 15
26 43 4 8
26 44 11 9
26 45 5 7
26 46 13 8
26 47 8 10
26 48 2 13
26 49 10 2
27 28 3 14
27 29 4 10
27 30 7 5
27 31 6 3
27 32 11 7
27 33 9 2
27 34 7 12
27 35 14 3
27 36 9 1
27 37 2 13
27 38 8 11
27 39 15 2
27 40 2 3
27 41 10 11
27 42 5 15
27 43 13 9
27 44 1 13
27 45 3 12
27 46 10 6
27 47 9 5
27 48 10 6
27 49 6 14
28 29 99 100
28 30 100 99
28 31 99 100
28 32 14 5
28 33 5 13
28 34 5 14
28 35 11 10
28 36 4 2
28 37 12 2
28 38 6 3
28 39 5 12
28 40 2 6
28 41 2 3
28 42 10 9
28 43 2 8
28 44 11 4
28 45 12 2
28 46 14 13
28 47 10 1
28 48 7 7
28 49 4 7
29 30 100 99
29 31 99 100
29 32 3 4
29 33 12 4
29 34 12 13
29 35 15 15
29 36 9 14
29 37 9 14
29 38 3 9
29 39 4 8
29 40 15 9
29 41 15 7
29 42 4 2
29 43 4 13
29 44 6 14
29 45 4 5
29 46 8 9
29 47 12 13
29 48 3 11
29 49 1 12
30 31 100 100
30 32 13 5
30 33 2 4
30 34 2 10
30 35 12 4
30 36 2 3
30 37 9 9
30 38 2 12
30 39 1 14
30 40 3 14
30 41 1 15
30 42 15 3
30 43 5 3
30 44 9 1
30 45 2 14
30 46 14 12
30 47 12 8
30 48 11 7
30 49 12 8
31 32 5 9
31 33 9 6
31 34 2 13
31 35 6 5
31 36 14 8
31 37 7 2
31 38 13 7
31 39 13 8
31 40 1 14
31 41 13 5
31 42 3 13
31 43 14 11
31 44 13 6
31 45 3 3
31 46 13 2
31 47 2 1
31 48 12 14
31 49 8 6
32 33 100 99
32 34 99 99
32 35 100 100
32 36 3 2
32 37 7 11
32 38 10 9
32 39 4 3
32 40 6 2
32 41 3 5
32 42 2 11
32 43 11 15
32 44 14 1
32 45 4 6
32 46 12 4
32 47 1 1
32 48 8 9
32 49 12 15
33 34 99 100
33 35 99 99
33 36 7 14
33 37 6 4
33 38 4 6
33 39 1 8
33 40 4 15
33 41 2 11
33 42 1 1
33 43 5 5
33 44 15 6
33 45 3 12
33 46 12 14
33 47 13 14
33 48 4 10
33 49 2 9
34 35 100 99
34 36 14 1
34 37 7 1
34 38 10 2
34 39 1 2
34 40 7 14
34 41 11 3
34 42 4 13
34 43 8 5
34 44 10 9
34 45 11 6
34 46 13 15
34 47 7 2
34 48 9 6
34 49 12 6
35 36 4 5
35 37 5 11
35 38 8 6
35 39 3 5
35 40 7 12
35 41 2 5
35 42 12 7
35 43 3 8
35 44 2 14
35 45 5 6
35 46 12 14
35 47 7 15
35 48 10 14
35 49 14 7
36 37 100 99
36 38 99 99
36 39 100 99
36 40 15 14
36 41 8 1
36 42 15 15
36 43 6 10
36 44 10 13
36 45 11 15
36 46 2 4
36 47 11 9
36 48 10 1
36 49 14 13
37 38 99 100
37 39 99 100
37 40 5 7
37 41 11 9
37 42 1 5
37 43 9 15
37 44 6 15
37 45 14 6
37 46 1 4
37 47 9 7
37 48 14 6
37 49 10 3
38 39 99 99
38 40 9 8
38 41 7 12
38 42 2 9
38 43 1 13
38 44 15 4
38 45 15 11
38 46 1 3
38 47 9 14
38 48 2 9
38 49 12 2
39 40 2 14
39 41 13 13
39 42 7 5
39 43 1 14
39 44 15 5
39 45 9 11
39 46 9 1
39 47 3 4
39 48 6 14
39 49 9 9
40 41 100 100
40 42 99 100
40 43 100 99
40 44 12 1
40 45 6 6
40 46 4 8
40 47 8 12
40 48 10 1
40 49 8 12
41 42 99 100
41 43 100 100
41 44 9 1
41 45 8 9
41 46 9 3
41 47 12 6
41 48 3 5
41 49 9 14
42 43 100 100
42 44 10 15
42 45 8 6
42 46 2 5
42 47 9 14
42 48 10 13
42 49 12 4
43 44 10 10
43 45 10 4
43 46 8 4
43 47 14 14
43 48 15 3
43 49 11 1
44 45 100 100
44 46 100 99
44 47 100 100
44 48 14 12
44 49 14 14
45 46 99 99
45 47 99 100
45 48 4 9
45 49 13 6
46 47 99 99
46 48 5 11
46 49 10 5
47 48 8 1
47 49 3 5
48 49 100 100
0
93
49 356
50 269
51 258
52 247
53 237
54 228
55 220
56 213
57 206
58 199
59 192
60 187
61 182
62 177
63 172
64 167
65 162
66 158
67 154
68 151
69 148
70 146
71 143
72 140
73 138
74 135
75 132
76 130
77 127
78 125
79 122
80 120
81 117
82 115
83 113
84 111
85 110
86 108
87 107
88 105
89 104
90 102
91 101
92 99
93 98
94 97
95 95
96 94
97 93
98 92
99 91
100 90
101 89
102 88
104 87
105 86
106 85
108 84
109 83
111 82
112 81
114 80
116 79
118 78
120 77
122 76
124 75
126 74
129 73
131 72
134 71
136 70
139 69
142 68
144 67
147 66
150 65
154 64
157 63
161 62
165 61
170 60
174 59
179 58
184 57
190 56
198 55
206 54
215 53
224 52
233 51
242 50
333 49
