100
0 1 88 66
0 2 39 37
0 3 45 58
0 4 19 35
0 5 61 76
0 6 61 37
0 7 49 50
0 8 65 27
0 9 57 25
0 10 89 65
0 11 0 33
0 12 21 42
0 13 47 53
0 14 70 38
0 15 92 65
0 16 53 19
0 17 90 90
0 18 93 65
0 19 58 74
0 20 24 32
0 21 44 10
0 22 61 91
0 23 66 34
0 24 76 61
0 25 14 25
0 26 31 60
0 27 9 11
0 28 90 90
0 29 6 59
0 30 62 13
0 31 93 79
0 32 88 68
0 33 86 76
0 34 33 29
0 35 48 38
0 36 92 85
0 37 27 6
0 38 2 48
0 39 83 56
0 40 27 48
0 41 25 67
0 42 76 27
0 43 2 21
0 44 51 50
0 45 94 86
0 46 22 72
0 47 89 89
0 48 85 88
0 49 5 6
0 50 5 63
0 51 12 49
0 52 68 81
0 53 36 44
0 54 83 88
0 55 83 96
0 56 53 54
0 57 23 24
0 58 2 77
0 59 81 48
0 60 67 83
0 61 22 65
0 62 40 51
0 63 9 15
0 64 16 13
0 65 95 90
0 66 94 56
0 67 4 49
0 68 55 42
0 69 49 38
0 70 68 37
0 71 42 22
0 72 95 36
0 73 3 6
0 74 69 93
0 75 45 10
0 76 24 26
0 77 29 38
0 78 49 12
0 79 71 34
0 80 98 89
0 81 38 56
0 82 2 44
0 83 59 55
0 84 46 58
0 85 45 61
0 86 40 33
0 87 85 75
0 88 3 44
0 89 96 49
0 90 45 52
0 91 20 31
0 92 42 69
0 93 53 80
0 94 61 79
0 95 83 54
0 96 15 69
0 97 52 26
0 98 97 59
0 99 8 36
1 2 33 36
1 3 40 77
1 4 72 65
1 5 24 61
1 6 99 59
1 7 67 51
1 8 72 75
1 9 39 14
1 10 98 67
1 11 98 39
1 12 11 31
1 13 35 56
1 14 10 16
1 15 38 71
1 16 80 61
1 17 81 35
1 18 87 54
1 19 39 42
1 20 22 38
1 21 41 59
1 22 91 87
1 23 17 67
1 24 42 40
1 25 7 42
1 26 65 19
1 27 79 42
1 28 31 24
1 29 37 40
1 30 50 80
1 31 66 38
1 32 94 61
1 33 69 57
1 34 29 35
1 35 48 17
1 36 50 55
1 37 34 35
1 38 68 41
1 39 24 73
1 40 41 34
1 41 19 59
1 42 55 65
1 43 60 72
1 44 70 51
1 45 96 31
1 46 75 94
1 47 89 61
1 48 17 62
1 49 47 60
1 50 18 66
1 51 53 30
1 52 93 74
1 53 30 6
1 54 80 21
1 55 86 66
1 56 56 55
1 57 55 37
1 58 64 62
1 59 12 57
1 60 40 10
1 61 95 87
1 62 46 49
1 63 86 94
1 64 85 79
1 65 72 59
1 66 96 39
1 67 7 70
1 68 40 53
1 69 64 52
1 70 2 36
1 71 96 87
1 72 66 63
1 73 68 49
1 74 60 21
1 75 15 31
1 76 29 61
1 77 77 57
1 78 49 63
1 79 62 83
1 80 64 29
1 81 73 39
1 82 43 73
1 83 69 83
1 84 79 84
1 85 56 67
1 86 85 60
1 87 24 77
1 88 29 84
1 89 63 22
1 90 40 24
1 91 0 54
1 92 38 80
1 93 1 78
1 94 75 82
1 95 47 72
1 96 89 27
1 97 97 30
1 98 79 63
1 99 76 44
2 3 53 10
2 4 11 23
2 5 48 35
2 6 30 83
2 7 25 58
2 8 94 47
2 9 53 54
2 10 30 39
2 11 3 20
2 12 21 64
2 13 48 14
2 14 48 38
2 15 94 56
2 16 29 79
2 17 24 60
2 18 58 34
2 19 87 70
2 20 96 68
2 21 11 5
2 22 62 37
2 23 11 28
2 24 0 58
2 25 28 47
2 26 35 9
2 27 20 41
2 28 59 57
2 29 1 70
2 30 35 74
2 31 57 26
2 32 49 82
2 33 86 38
2 34 21 20
2 35 67 26
2 36 72 52
2 37 64 80
2 38 71 89
2 39 86 18
2 40 62 51
2 41 31 53
2 42 95 20
2 43 75 89
2 44 21 13
2 45 81 17
2 46 49 29
2 47 54 61
2 48 22 68
2 49 11 80
2 50 9 15
2 51 11 4
2 52 29 74
2 53 26 30
2 54 13 51
2 55 91 88
2 56 87 56
2 57 38 84
2 58 64 74
2 59 23 45
2 60 18 38
2 61 84 34
2 62 79 18
2 63 51 47
2 64 87 74
2 65 9 18
2 66 85 66
2 67 86 39
2 68 78 90
2 69 32 29
2 70 34 49
2 71 48 82
2 72 4 6
2 73 99 53
2 74 6 65
2 75 49 11
2 76 8 49
2 77 33 79
2 78 78 52
2 79 66 76
2 80 8 30
2 81 14 75
2 82 95 64
2 83 80 95
2 84 96 87
2 85 57 72
2 86 54 43
2 87 74 83
2 88 56 52
2 89 65 26
2 90 23 18
2 91 51 45
2 92 32 20
2 93 46 56
2 94 45 19
2 95 16 10
2 96 68 93
2 97 86 76
2 98 57 82
2 99 60 81
3 4 26 75
3 5 92 96
3 6 5 38
3 7 70 54
3 8 87 94
3 9 62 36
3 10 44 65
3 11 43 56
3 12 92 79
3 13 70 34
3 14 42 19
3 15 18 25
3 16 12 22
3 17 19 44
3 18 20 84
3 19 12 47
3 20 51 88
3 21 93 84
3 22 12 6
3 23 63 83
3 24 13 78
3 25 85 95
3 26 29 48
3 27 79 20
3 28 81 79
3 29 80 91
3 30 94 84
3 31 90 91
3 32 55 89
3 33 46 80
3 34 22 42
3 35 12 61
3 36 8 39
3 37 14 11
3 38 2 10
3 39 60 18
3 40 48 32
3 41 13 81
3 42 97 84
3 43 94 95
3 44 73 40
3 45 77 30
3 46 25 53
3 47 29 22
3 48 9 72
3 49 84 26
3 50 68 81
3 51 11 63
3 52 7 3
3 53 69 21
3 54 60 88
3 55 95 54
3 56 58 34
3 57 79 90
3 58 37 61
3 59 14 25
3 60 89 18
3 61 59 24
3 62 13 57
3 63 8 2
3 64 89 71
3 65 79 74
3 66 92 24
3 67 34 67
3 68 21 55
3 69 56 86
3 70 99 66
3 71 98 36
3 72 68 55
3 73 5 32
3 74 3 1
3 75 37 76
3 76 83 55
3 77 67 47
3 78 18 18
3 79 45 58
3 80 33 77
3 81 51 15
3 82 9 37
3 83 14 25
3 84 36 73
3 85 36 73
3 86 8 65
3 87 11 7
3 88 24 30
3 89 86 73
3 90 10 60
3 91 86 37
3 92 73 63
3 93 83 17
3 94 26 13
3 95 91 97
3 96 56 51
3 97 15 70
3 98 1 63
3 99 36 11
4 5 77 33
4 6 23 15
4 7 74 55
4 8 96 41
4 9 95 68
4 10 75 70
4 11 73 29
4 12 74 93
4 13 44 71
4 14 1 41
4 15 90 82
4 16 47 51
4 17 21 35
4 18 23 53
4 19 66 33
4 20 90 30
4 21 28 27
4 22 90 43
4 23 87 68
4 24 44 26
4 25 48 25
4 26 10 78
4 27 15 4
4 28 37 85
4 29 60 88
4 30 10 66
4 31 79 53
4 32 24 35
4 33 59 17
4 34 86 37
4 35 42 47
4 36 4 42
4 37 95 70
4 38 90 87
4 39 86 22
4 40 77 91
4 41 38 39
4 42 43 31
4 43 67 32
4 44 52 52
4 45 1 44
4 46 4 31
4 47 9 62
4 48 36 39
4 49 10 60
4 50 96 25
4 51 85 57
4 52 5 57
4 53 47 32
4 54 99 71
4 55 5 65
4 56 15 80
4 57 38 38
4 58 91 75
4 59 10 21
4 60 56 36
4 61 40 71
4 62 40 37
4 63 81 31
4 64 23 25
4 65 53 35
4 66 12 30
4 67 6 28
4 68 30 75
4 69 74 64
4 70 26 73
4 71 62 52
4 72 21 59
4 73 48 59
4 74 9 38
4 75 58 90
4 76 95 57
4 77 25 26
4 78 59 84
4 79 32 36
4 80 55 40
4 81 24 72
4 82 26 24
4 83 64 58
4 84 88 58
4 85 96 42
4 86 94 96
4 87 97 37
4 88 44 30
4 89 24 49
4 90 50 49
4 91 77 78
4 92 46 62
4 93 98 82
4 94 12 5
4 95 14 8
4 96 56 21
4 97 51 14
4 98 5 16
4 99 50 22
5 6 60 40
5 7 63 58
5 8 19 32
5 9 52 52
5 10 9 13
5 11 2 26
5 12 87 94
5 13 60 71
5 14 48 30
5 15 10 13
5 16 78 36
5 17 7 81
5 18 23 84
5 19 51 89
5 20 56 48
5 21 27 32
5 22 62 46
5 23 54 70
5 24 1 5
5 25 49 80
5 26 21 54
5 27 68 69
5 28 68 82
5 29 68 76
5 30 65 74
5 31 74 34
5 32 7 55
5 33 23 77
5 34 71 84
5 35 59 19
5 36 35 72
5 37 61 74
5 38 0 68
5 39 73 40
5 40 31 69
5 41 85 60
5 42 36 39
5 43 72 20
5 44 54 72
5 45 30 17
5 46 11 46
5 47 76 62
5 48 32 9
5 49 2 55
5 50 38 28
5 51 96 45
5 52 4 51
5 53 24 28
5 54 10 54
5 55 64 83
5 56 35 23
5 57 45 48
5 58 63 71
5 59 56 76
5 60 95 54
5 61 44 30
5 62 77 49
5 63 3 17
5 64 45 70
5 65 75 87
5 66 52 43
5 67 11 55
5 68 13 10
5 69 59 64
5 70 23 52
5 71 34 44
5 72 79 17
5 73 94 53
5 74 51 65
5 75 4 28
5 76 84 34
5 77 2 52
5 78 35 73
5 79 15 66
5 80 46 31
5 81 65 22
5 82 71 19
5 83 68 53
5 84 80 79
5 85 19 6
5 86 49 82
5 87 6 73
5 88 36 9
5 89 1 67
5 90 59 76
5 91 4 78
5 92 81 54
5 93 68 56
5 94 68 79
5 95 28 35
5 96 22 15
5 97 4 49
5 98 86 59
5 99 80 53
6 7 47 28
6 8 10 15
6 9 3 60
6 10 6 42
6 11 14 28
6 12 78 19
6 13 4 3
6 14 76 54
6 15 96 40
6 16 1 78
6 17 7 41
6 18 60 47
6 19 26 46
6 20 76 29
6 21 79 93
6 22 16 63
6 23 6 53
6 24 98 65
6 25 0 5
6 26 48 64
6 27 43 62
6 28 45 32
6 29 57 72
6 30 61 23
6 31 25 46
6 32 19 37
6 33 70 41
6 34 1 30
6 35 16 38
6 36 1 41
6 37 37 48
6 38 71 78
6 39 13 24
6 40 67 57
6 41 38 26
6 42 41 52
6 43 56 81
6 44 87 73
6 45 10 44
6 46 23 52
6 47 25 76
6 48 27 13
6 49 88 73
6 50 35 22
6 51 44 45
6 52 96 89
6 53 6 46
6 54 82 35
6 55 23 42
6 56 28 70
6 57 48 26
6 58 25 54
6 59 5 40
6 60 45 68
6 61 7 27
6 62 16 67
6 63 92 76
6 64 5 47
6 65 56 12
6 66 63 54
6 67 25 59
6 68 82 19
6 69 5 57
6 70 7 50
6 71 56 71
6 72 90 87
6 73 51 51
6 74 95 64
6 75 11 62
6 76 9 47
6 77 13 53
6 78 47 75
6 79 41 45
6 80 82 17
6 81 5 3
6 82 55 48
6 83 28 41
6 84 30 54
6 85 44 84
6 86 94 66
6 87 8 71
6 88 34 41
6 89 98 36
6 90 6 37
6 91 3 34
6 92 96 64
6 93 3 15
6 94 14 45
6 95 35 22
6 96 24 55
6 97 43 46
6 98 18 31
6 99 32 6
7 8 89 77
7 9 98 57
7 10 14 49
7 11 27 23
7 12 88 67
7 13 94 43
7 14 56 33
7 15 82 80
7 16 87 52
7 17 18 68
7 18 17 50
7 19 66 23
7 20 71 66
7 21 87 93
7 22 42 73
7 23 66 81
7 24 3 42
7 25 48 81
7 26 10 71
7 27 21 43
7 28 82 49
7 29 98 46
7 30 73 79
7 31 4 48
7 32 93 84
7 33 55 49
7 34 26 45
7 35 30 78
7 36 10 60
7 37 85 70
7 38 86 72
7 39 5 43
7 40 39 67
7 41 2 71
7 42 21 24
7 43 86 92
7 44 91 70
7 45 92 66
7 46 72 63
7 47 19 26
7 48 52 69
7 49 89 37
7 50 96 70
7 51 45 45
7 52 24 78
7 53 74 60
7 54 63 80
7 55 93 36
7 56 13 21
7 57 34 61
7 58 78 57
7 59 25 77
7 60 76 92
7 61 3 44
7 62 12 23
7 63 95 30
7 64 8 75
7 65 77 92
7 66 34 75
7 67 87 28
7 68 23 34
7 69 28 18
7 70 8 39
7 71 2 76
7 72 11 81
7 73 59 84
7 74 29 57
7 75 15 15
7 76 8 50
7 77 80 60
7 78 53 82
7 79 78 84
7 80 46 32
7 81 52 44
7 82 42 48
7 83 41 15
7 84 23 72
7 85 52 36
7 86 21 29
7 87 44 38
7 88 56 36
7 89 35 15
7 90 6 30
7 91 48 17
7 92 62 35
7 93 63 26
7 94 43 41
7 95 13 8
7 96 49 25
7 97 85 49
7 98 11 53
7 99 48 42
8 9 27 66
8 10 55 35
8 11 34 74
8 12 77 39
8 13 43 34
8 14 62 19
8 15 48 69
8 16 9 67
8 17 27 31
8 18 55 35
8 19 73 75
8 20 25 40
8 21 65 67
8 22 34 38
8 23 74 75
8 24 9 3
8 25 91 93
8 26 41 74
8 27 6 18
8 28 40 10
8 29 80 31
8 30 32 78
8 31 44 34
8 32 79 28
8 33 1 21
8 34 53 84
8 35 48 20
8 36 35 18
8 37 1 78
8 38 57 82
8 39 51 62
8 40 11 37
8 41 92 80
8 42 29 31
8 43 98 24
8 44 45 28
8 45 31 49
8 46 5 42
8 47 75 52
8 48 71 74
8 49 49 80
8 50 80 43
8 51 91 45
8 52 47 44
8 53 81 94
8 54 70 65
8 55 23 49
8 56 30 58
8 57 35 67
8 58 42 37
8 59 94 81
8 60 70 93
8 61 2 53
8 62 35 9
8 63 47 72
8 64 42 74
8 65 71 52
8 66 83 76
8 67 13 70
8 68 63 77
8 69 91 57
8 70 47 40
8 71 45 34
8 72 76 16
8 73 71 70
8 74 28 66
8 75 93 93
8 76 98 37
8 77 46 26
8 78 15 42
8 79 76 38
8 80 78 35
8 81 2 65
8 82 39 51
8 83 36 49
8 84 75 37
8 85 27 24
8 86 15 24
8 87 70 33
8 88 26 54
8 89 28 11
8 90 69 91
8 91 19 24
8 92 82 89
8 93 92 24
8 94 98 66
8 95 41 30
8 96 94 86
8 97 39 63
8 98 92 48
8 99 15 78
9 10 0 52
9 11 94 89
9 12 43 72
9 13 25 76
9 14 10 72
9 15 27 45
9 16 71 38
9 17 39 67
9 18 78 21
9 19 4 20
9 20 93 92
9 21 24 59
9 22 99 30
9 23 59 50
9 24 38 59
9 25 15 3
9 26 15 18
9 27 54 77
9 28 4 65
9 29 89 28
9 30 40 81
9 31 24 9
9 32 62 36
9 33 35 52
9 34 38 87
9 35 68 58
9 36 67 15
9 37 29 38
9 38 95 67
9 39 56 40
9 40 29 56
9 41 12 62
9 42 2 69
9 43 41 69
9 44 55 80
9 45 53 46
9 46 65 77
9 47 60 25
9 48 79 85
9 49 0 69
9 50 27 40
9 51 53 82
9 52 2 42
9 53 74 81
9 54 27 18
9 55 1 26
9 56 11 70
9 57 71 68
9 58 36 8
9 59 11 35
9 60 85 31
9 61 99 69
9 62 77 21
9 63 82 92
9 64 48 69
9 65 15 18
9 66 50 65
9 67 21 75
9 68 58 12
9 69 56 44
9 70 72 28
9 71 35 20
9 72 58 23
9 73 44 28
9 74 33 23
9 75 81 82
9 76 42 82
9 77 81 25
9 78 59 53
9 79 56 34
9 80 72 27
9 81 37 10
9 82 4 78
9 83 75 86
9 84 25 49
9 85 82 80
9 86 48 26
9 87 34 14
9 88 10 66
9 89 13 4
9 90 56 49
9 91 24 25
9 92 15 22
9 93 9 2
9 94 88 26
9 95 99 75
9 96 59 34
9 97 18 32
9 98 99 30
9 99 59 81
10 11 55 31
10 12 61 28
10 13 10 12
10 14 62 78
10 15 60 85
10 16 38 80
10 17 78 67
10 18 22 49
10 19 51 48
10 20 24 40
10 21 99 30
10 22 47 25
10 23 6 15
10 24 81 25
10 25 47 80
10 26 30 77
10 27 12 57
10 28 42 42
10 29 54 13
10 30 59 64
10 31 70 64
10 32 44 80
10 33 5 23
10 34 68 82
10 35 45 72
10 36 22 9
10 37 99 96
10 38 37 55
10 39 53 11
10 40 47 50
10 41 79 58
10 42 4 63
10 43 84 62
10 44 29 66
10 45 1 55
10 46 61 73
10 47 48 16
10 48 40 26
10 49 60 84
10 50 58 78
10 51 61 43
10 52 67 63
10 53 23 56
10 54 36 49
10 55 87 67
10 56 25 18
10 57 79 53
10 58 62 86
10 59 16 36
10 60 96 20
10 61 63 74
10 62 86 64
10 63 10 69
10 64 40 29
10 65 44 38
10 66 68 80
10 67 34 23
10 68 41 83
10 69 26 13
10 70 43 37
10 71 39 63
10 72 94 51
10 73 13 34
10 74 81 79
10 75 26 11
10 76 51 65
10 77 19 71
10 78 76 79
10 79 64 24
10 80 43 79
10 81 72 73
10 82 12 40
10 83 31 17
10 84 51 82
10 85 11 29
10 86 96 80
10 87 34 43
10 88 2 38
10 89 64 42
10 90 34 84
10 91 12 2
10 92 59 12
10 93 63 47
10 94 35 43
10 95 14 55
10 96 46 46
10 97 99 99
10 98 7 69
10 99 11 43
11 12 37 14
11 13 30 59
11 14 29 85
11 15 28 8
11 16 43 64
11 17 53 11
11 18 85 78
11 19 91 41
11 20 90 71
11 21 60 87
11 22 64 20
11 23 47 16
11 24 81 74
11 25 79 26
11 26 72 40
11 27 11 47
11 28 9 27
11 29 62 75
11 30 4 75
11 31 38 36
11 32 27 43
11 33 7 47
11 34 91 36
11 35 37 39
11 36 10 29
11 37 45 11
11 38 57 34
11 39 92 92
11 40 50 44
11 41 37 49
11 42 64 28
11 43 70 79
11 44 85 76
11 45 39 43
11 46 59 70
11 47 90 21
11 48 85 76
11 49 29 18
11 50 12 79
11 51 27 23
11 52 33 64
11 53 95 76
11 54 59 64
11 55 7 64
11 56 18 5
11 57 63 83
11 58 56 58
11 59 6 61
11 60 74 67
11 61 67 74
11 62 22 29
11 63 67 90
11 64 10 28
11 65 42 42
11 66 0 62
11 67 95 24
11 68 73 53
11 69 90 38
11 70 39 44
11 71 72 16
11 72 24 50
11 73 62 40
11 74 55 53
11 75 90 22
11 76 5 5
11 77 61 74
11 78 48 19
11 79 52 51
11 80 1 42
11 81 9 11
11 82 4 68
11 83 19 55
11 84 50 11
11 85 56 54
11 86 44 40
11 87 34 35
11 88 89 61
11 89 65 85
11 90 69 90
11 91 75 85
11 92 51 83
11 93 20 23
11 94 48 18
11 95 45 11
11 96 54 56
11 97 75 16
11 98 4 51
11 99 14 38
12 13 95 20
12 14 87 93
12 15 62 16
12 16 45 46
12 17 97 29
12 18 75 55
12 19 68 25
12 20 82 86
12 21 79 28
12 22 6 30
12 23 17 66
12 24 13 67
12 25 3 47
12 26 92 96
12 27 0 32
12 28 76 19
12 29 77 61
12 30 47 42
12 31 22 35
12 32 90 74
12 33 18 65
12 34 74 78
12 35 36 38
12 36 54 38
12 37 49 33
12 38 69 63
12 39 60 81
12 40 75 58
12 41 91 49
12 42 13 26
12 43 54 19
12 44 10 53
12 45 67 87
12 46 90 70
12 47 22 13
12 48 62 51
12 49 85 55
12 50 59 72
12 51 68 62
12 52 89 90
12 53 30 70
12 54 9 48
12 55 39 45
12 56 22 64
12 57 54 33
12 58 32 43
12 59 35 59
12 60 38 35
12 61 89 48
12 62 11 31
12 63 94 23
12 64 55 28
12 65 70 16
12 66 76 63
12 67 26 16
12 68 70 87
12 69 78 23
12 70 10 26
12 71 41 74
12 72 64 84
12 73 92 68
12 74 79 88
12 75 36 77
12 76 29 83
12 77 51 24
12 78 22 16
12 79 6 37
12 80 88 22
12 81 26 23
12 82 90 71
12 83 70 51
12 84 95 73
12 85 76 41
12 86 52 45
12 87 46 54
12 88 11 7
12 89 80 40
12 90 89 97
12 91 76 54
12 92 30 18
12 93 64 64
12 94 71 82
12 95 7 22
12 96 43 69
12 97 55 46
12 98 69 90
12 99 56 20
13 14 94 79
13 15 93 80
13 16 95 40
13 17 65 56
13 18 95 85
13 19 65 52
13 20 12 6
13 21 64 43
13 22 75 82
13 23 65 90
13 24 42 52
13 25 94 59
13 26 47 59
13 27 93 63
13 28 2 68
13 29 69 68
13 30 70 35
13 31 60 47
13 32 83 39
13 33 51 64
13 34 46 41
13 35 55 12
13 36 57 79
13 37 83 52
13 38 95 77
13 39 66 71
13 40 3 64
13 41 49 35
13 42 60 88
13 43 4 44
13 44 38 19
13 45 57 61
13 46 54 39
13 47 25 55
13 48 35 36
13 49 80 18
13 50 26 59
13 51 85 43
13 52 22 37
13 53 12 63
13 54 20 58
13 55 90 86
13 56 15 70
13 57 44 30
13 58 70 46
13 59 96 35
13 60 91 60
13 61 25 5
13 62 59 30
13 63 77 60
13 64 30 50
13 65 65 79
13 66 37 17
13 67 5 44
13 68 51 18
13 69 70 66
13 70 31 43
13 71 35 75
13 72 34 69
13 73 88 79
13 74 0 9
13 75 11 76
13 76 76 59
13 77 51 82
13 78 61 43
13 79 40 24
13 80 70 19
13 81 78 71
13 82 48 28
13 83 5 58
13 84 61 77
13 85 36 27
13 86 21 14
13 87 33 48
13 88 13 9
13 89 35 61
13 90 93 65
13 91 79 41
13 92 18 7
13 93 70 41
13 94 13 13
13 95 77 66
13 96 27 22
13 97 1 25
13 98 5 8
13 99 89 83
14 15 24 52
14 16 42 27
14 17 78 69
14 18 68 45
14 19 0 68
14 20 73 32
14 21 0 15
14 22 57 52
14 23 95 81
14 24 76 73
14 25 41 37
14 26 60 16
14 27 13 15
14 28 47 57
14 29 68 87
14 30 38 37
14 31 94 96
14 32 56 77
14 33 58 35
14 34 14 40
14 35 59 90
14 36 87 45
14 37 76 38
14 38 45 40
14 39 64 53
14 40 48 26
14 41 74 49
14 42 69 43
14 43 34 59
14 44 75 61
14 45 82 72
14 46 79 66
14 47 9 51
14 48 50 78
14 49 72 88
14 50 74 39
14 51 31 80
14 52 44 12
14 53 69 74
14 54 1 28
14 55 17 17
14 56 57 87
14 57 83 21
14 58 8 54
14 59 78 38
14 60 63 52
14 61 2 27
14 62 88 71
14 63 79 84
14 64 31 12
14 65 60 83
14 66 26 23
14 67 15 57
14 68 3 69
14 69 36 15
14 70 78 79
14 71 79 85
14 72 12 55
14 73 47 25
14 74 19 78
14 75 3 27
14 76 82 41
14 77 35 37
14 78 72 46
14 79 44 10
14 80 23 30
14 81 83 87
14 82 56 48
14 83 88 64
14 84 47 26
14 85 35 23
14 86 68 19
14 87 6 29
14 88 31 15
14 89 52 74
14 90 48 41
14 91 83 31
14 92 59 45
14 93 66 46
14 94 81 41
14 95 38 71
14 96 96 85
14 97 82 59
14 98 11 34
14 99 87 89
15 16 47 73
15 17 68 63
15 18 29 64
15 19 44 25
15 20 60 45
15 21 97 63
15 22 57 80
15 23 22 60
15 24 29 62
15 25 50 87
15 26 29 8
15 27 90 89
15 28 16 52
15 29 63 66
15 30 21 33
15 31 37 23
15 32 47 14
15 33 19 83
15 34 60 60
15 35 1 52
15 36 94 23
15 37 89 62
15 38 68 26
15 39 92 31
15 40 27 33
15 41 55 15
15 42 14 44
15 43 2 57
15 44 99 56
15 45 19 55
15 46 50 19
15 47 37 41
15 48 50 21
15 49 18 7
15 50 87 70
15 51 16 38
15 52 4 25
15 53 8 8
15 54 49 13
15 55 59 12
15 56 87 17
15 57 63 89
15 58 79 76
15 59 51 48
15 60 43 14
15 61 75 47
15 62 87 85
15 63 25 35
15 64 8 11
15 65 98 40
15 66 95 30
15 67 95 72
15 68 86 75
15 69 38 77
15 70 42 84
15 71 26 55
15 72 46 23
15 73 16 39
15 74 40 50
15 75 16 67
15 76 65 54
15 77 38 43
15 78 71 15
15 79 15 29
15 80 89 63
15 81 79 27
15 82 4 46
15 83 67 87
15 84 77 31
15 85 83 71
15 86 44 45
15 87 48 19
15 88 59 39
15 89 55 42
15 90 90 80
15 91 5 48
15 92 76 45
15 93 91 77
15 94 75 60
15 95 36 84
15 96 73 38
15 97 81 66
15 98 57 18
15 99 86 78
16 17 8 46
16 18 65 32
16 19 83 95
16 20 8 45
16 21 56 90
16 22 69 82
16 23 62 88
16 24 3 63
16 25 28 12
16 26 9 67
16 27 61 37
16 28 73 48
16 29 26 17
16 30 23 38
16 31 32 31
16 32 31 84
16 33 4 51
16 34 94 74
16 35 51 54
16 36 34 73
16 37 99 46
16 38 36 20
16 39 51 82
16 40 19 42
16 41 34 80
16 42 71 40
16 43 66 71
16 44 93 83
16 45 33 44
16 46 43 71
16 47 11 71
16 48 45 73
16 49 11 12
16 50 92 53
16 51 97 92
16 52 82 90
16 53 16 80
16 54 62 90
16 55 24 26
16 56 29 32
16 57 87 64
16 58 58 68
16 59 18 49
16 60 93 55
16 61 5 26
16 62 88 71
16 63 74 55
16 64 67 29
16 65 61 73
16 66 7 77
16 67 40 63
16 68 59 39
16 69 0 54
16 70 15 56
16 71 22 33
16 72 58 49
16 73 93 19
16 74 95 81
16 75 55 36
16 76 9 23
16 77 99 77
16 78 36 87
16 79 67 23
16 80 3 57
16 81 36 40
16 82 63 84
16 83 68 47
16 84 67 45
16 85 22 78
16 86 58 29
16 87 5 13
16 88 48 33
16 89 48 55
16 90 23 45
16 91 66 59
16 92 83 23
16 93 62 33
16 94 78 58
16 95 97 67
16 96 81 74
16 97 38 74
16 98 7 30
16 99 49 72
17 18 64 17
17 19 67 75
17 20 81 91
17 21 65 18
17 22 12 20
17 23 18 61
17 24 39 85
17 25 84 75
17 26 52 70
17 27 80 55
17 28 37 16
17 29 24 53
17 30 80 74
17 31 66 67
17 32 53 49
17 33 8 69
17 34 52 56
17 35 46 50
17 36 94 20
17 37 45 64
17 38 47 30
17 39 26 35
17 40 46 16
17 41 93 56
17 42 29 62
17 43 32 85
17 44 1 3
17 45 17 15
17 46 19 43
17 47 15 38
17 48 54 26
17 49 2 53
17 50 25 10
17 51 7 38
17 52 12 10
17 53 53 75
17 54 50 88
17 55 41 17
17 56 10 62
17 57 11 70
17 58 22 60
17 59 82 42
17 60 16 73
17 61 2 36
17 62 9 12
17 63 89 29
17 64 50 22
17 65 45 82
17 66 22 36
17 67 73 26
17 68 44 78
17 69 84 89
17 70 18 49
17 71 93 80
17 72 2 37
17 73 75 61
17 74 45 20
17 75 13 70
17 76 97 91
17 77 16 42
17 78 85 74
17 79 60 23
17 80 42 53
17 81 57 74
17 82 11 47
17 83 19 21
17 84 34 27
17 85 6 5
17 86 77 75
17 87 57 17
17 88 58 77
17 89 2 52
17 90 72 49
17 91 85 21
17 92 43 76
17 93 56 41
17 94 11 51
17 95 61 67
17 96 50 30
17 97 1 71
17 98 86 21
17 99 52 76
18 19 82 89
18 20 95 36
18 21 84 73
18 22 52 32
18 23 76 20
18 24 0 27
18 25 38 25
18 26 87 43
18 27 64 82
18 28 55 57
18 29 20 55
18 30 2 51
18 31 57 23
18 32 98 32
18 33 44 80
18 34 30 25
18 35 62 82
18 36 17 3
18 37 53 54
18 38 27 74
18 39 41 41
18 40 69 30
18 41 97 26
18 42 67 77
18 43 36 52
18 44 16 70
18 45 69 77
18 46 44 33
18 47 44 81
18 48 54 83
18 49 27 46
18 50 46 59
18 51 4 38
18 52 87 24
18 53 47 46
18 54 60 75
18 55 27 15
18 56 86 53
18 57 24 82
18 58 6 38
18 59 88 32
18 60 90 93
18 61 15 38
18 62 20 4
18 63 3 30
18 64 10 14
18 65 70 22
18 66 45 63
18 67 53 36
18 68 47 86
18 69 55 80
18 70 18 42
18 71 6 55
18 72 16 66
18 73 16 33
18 74 42 27
18 75 10 45
18 76 90 78
18 77 26 38
18 78 62 87
18 79 53 31
18 80 28 85
18 81 31 20
18 82 67 74
18 83 24 27
18 84 49 32
18 85 2 46
18 86 10 54
18 87 60 52
18 88 76 48
18 89 65 16
18 90 13 76
18 91 12 75
18 92 78 94
18 93 29 57
18 94 72 55
18 95 15 8
18 96 29 21
18 97 60 77
18 98 60 62
18 99 78 73
19 20 70 89
19 21 53 76
19 22 35 50
19 23 33 77
19 24 62 90
19 25 65 59
19 26 53 31
19 27 15 27
19 28 79 52
19 29 5 24
19 30 49 85
19 31 38 67
19 32 3 5
19 33 12 20
19 34 91 96
19 35 87 78
19 36 3 25
19 37 50 16
19 38 90 21
19 39 98 90
19 40 39 34
19 41 29 62
19 42 78 20
19 43 66 27
19 44 22 47
19 45 19 38
19 46 71 83
19 47 10 62
19 48 95 56
19 49 87 30
19 50 65 83
19 51 98 49
19 52 40 17
19 53 27 61
19 54 92 97
19 55 99 44
19 56 12 8
19 57 85 24
19 58 36 75
19 59 41 26
19 60 8 9
19 61 85 71
19 62 10 70
19 63 87 85
19 64 28 8
19 65 25 31
19 66 64 71
19 67 50 21
19 68 33 10
19 69 3 1
19 70 59 23
19 71 40 65
19 72 77 76
19 73 46 12
19 74 16 33
19 75 8 63
19 76 42 9
19 77 89 68
19 78 60 88
19 79 52 89
19 80 51 45
19 81 22 38
19 82 65 42
19 83 19 54
19 84 11 63
19 85 34 43
19 86 88 47
19 87 85 19
19 88 11 3
19 89 1 39
19 90 98 86
19 91 10 12
19 92 24 68
19 93 50 14
19 94 76 41
19 95 30 81
19 96 38 13
19 97 65 82
19 98 60 43
19 99 57 59
20 21 60 80
20 22 28 63
20 23 2 6
20 24 60 69
20 25 49 54
20 26 83 50
20 27 73 50
20 28 59 16
20 29 32 15
20 30 53 22
20 31 74 78
20 32 46 25
20 33 91 23
20 34 75 30
20 35 18 37
20 36 30 6
20 37 46 58
20 38 56 55
20 39 45 25
20 40 24 70
20 41 94 70
20 42 54 41
20 43 14 51
20 44 0 8
20 45 62 86
20 46 77 25
20 47 76 39
20 48 98 34
20 49 8 33
20 50 66 65
20 51 29 51
20 52 58 33
20 53 82 83
20 54 2 14
20 55 81 23
20 56 66 64
20 57 43 40
20 58 83 28
20 59 46 75
20 60 66 19
20 61 96 19
20 62 11 68
20 63 56 70
20 64 24 32
20 65 89 26
20 66 71 53
20 67 99 60
20 68 21 43
20 69 92 62
20 70 58 18
20 71 42 82
20 72 41 29
20 73 6 77
20 74 55 65
20 75 87 83
20 76 65 76
20 77 67 92
20 78 69 47
20 79 71 87
20 80 80 63
20 81 62 33
20 82 48 14
20 83 95 93
20 84 85 54
20 85 22 37
20 86 87 58
20 87 46 82
20 88 42 13
20 89 59 17
20 90 43 64
20 91 61 37
20 92 9 72
20 93 98 68
20 94 83 47
20 95 91 62
20 96 9 67
20 97 11 76
20 98 95 28
20 99 84 72
21 22 69 86
21 23 9 76
21 24 46 65
21 25 22 79
21 26 43 40
21 27 65 84
21 28 75 46
21 29 40 43
21 30 26 62
21 31 3 54
21 32 42 20
21 33 24 72
21 34 10 11
21 35 50 17
21 36 37 19
21 37 59 72
21 38 37 63
21 39 58 34
21 40 70 37
21 41 13 51
21 42 48 20
21 43 19 57
21 44 88 74
21 45 64 24
21 46 45 31
21 47 16 10
21 48 66 15
21 49 7 21
21 50 50 62
21 51 90 64
21 52 12 24
21 53 86 18
21 54 20 67
21 55 62 24
21 56 33 54
21 57 77 43
21 58 58 82
21 59 54 17
21 60 5 16
21 61 37 67
21 62 53 15
21 63 98 40
21 64 94 96
21 65 52 48
21 66 23 70
21 67 43 33
21 68 74 86
21 69 52 39
21 70 36 37
21 71 96 53
21 72 46 42
21 73 35 44
21 74 82 50
21 75 77 20
21 76 83 93
21 77 47 20
21 78 84 52
21 79 62 55
21 80 89 55
21 81 15 60
21 82 30 31
21 83 47 39
21 84 54 47
21 85 69 35
21 86 55 49
21 87 46 52
21 88 18 9
21 89 30 39
21 90 38 14
21 91 45 30
21 92 89 80
21 93 25 46
21 94 50 63
21 95 58 67
21 96 4 52
21 97 8 68
21 98 16 79
21 99 2 70
22 23 18 23
22 24 1 56
22 25 48 74
22 26 5 52
22 27 9 62
22 28 41 65
22 29 81 20
22 30 10 8
22 31 77 17
22 32 67 69
22 33 42 56
22 34 93 77
22 35 33 21
22 36 94 60
22 37 23 6
22 38 75 72
22 39 18 82
22 40 8 66
22 41 92 74
22 42 88 48
22 43 27 55
22 44 47 38
22 45 93 27
22 46 55 37
22 47 59 51
22 48 53 54
22 49 97 20
22 50 95 98
22 51 57 81
22 52 98 51
22 53 21 47
22 54 45 84
22 55 71 56
22 56 50 44
22 57 85 38
22 58 86 79
22 59 95 91
22 60 93 64
22 61 90 41
22 62 66 31
22 63 86 96
22 64 95 24
22 65 85 28
22 66 89 61
22 67 3 43
22 68 50 73
22 69 4 44
22 70 84 78
22 71 99 81
22 72 39 70
22 73 95 28
22 74 92 75
22 75 79 88
22 76 49 22
22 77 58 68
22 78 66 54
22 79 25 68
22 80 32 43
22 81 85 38
22 82 40 27
22 83 96 77
22 84 72 67
22 85 15 41
22 86 96 32
22 87 65 39
22 88 8 61
22 89 11 71
22 90 70 22
22 91 77 22
22 92 24 33
22 93 76 83
22 94 20 43
22 95 52 56
22 96 57 82
22 97 24 84
22 98 57 86
22 99 8 1
23 24 79 37
23 25 57 20
23 26 41 28
23 27 70 61
23 28 39 71
23 29 42 41
23 30 57 79
23 31 35 83
23 32 34 54
23 33 21 20
23 34 21 16
23 35 66 30
23 36 43 76
23 37 93 35
23 38 11 14
23 39 70 66
23 40 87 37
23 41 58 13
23 42 48 10
23 43 67 50
23 44 26 84
23 45 96 40
23 46 55 65
23 47 25 6
23 48 84 95
23 49 52 35
23 50 83 71
23 51 33 75
23 52 28 28
23 53 25 32
23 54 32 64
23 55 30 54
23 56 76 72
23 57 12 66
23 58 9 76
23 59 5 7
23 60 43 21
23 61 81 60
23 62 54 51
23 63 96 34
23 64 28 64
23 65 72 43
23 66 94 32
23 67 38 59
23 68 97 28
23 69 83 25
23 70 66 28
23 71 34 78
23 72 45 38
23 73 47 88
23 74 8 42
23 75 55 36
23 76 83 76
23 77 49 20
23 78 79 52
23 79 56 69
23 80 34 34
23 81 95 96
23 82 75 60
23 83 1 28
23 84 98 88
23 85 0 4
23 86 37 87
23 87 86 76
23 88 60 90
23 89 68 63
23 90 14 33
23 91 44 70
23 92 38 35
23 93 52 28
23 94 80 20
23 95 53 19
23 96 41 68
23 97 40 77
23 98 89 87
23 99 84 69
24 25 10 32
24 26 32 51
24 27 86 27
24 28 17 59
24 29 72 53
24 30 61 25
24 31 39 19
24 32 89 81
24 33 61 49
24 34 35 36
24 35 66 29
24 36 90 43
24 37 1 19
24 38 76 63
24 39 15 15
24 40 19 72
24 41 87 51
24 42 57 11
24 43 16 72
24 44 24 31
24 45 50 50
24 46 8 40
24 47 43 84
24 48 95 96
24 49 14 13
24 50 83 51
24 51 54 14
24 52 69 29
24 53 69 17
24 54 43 25
24 55 75 19
24 56 76 60
24 57 78 70
24 58 68 68
24 59 63 73
24 60 35 12
24 61 48 45
24 62 40 84
24 63 1 74
24 64 93 61
24 65 50 19
24 66 40 70
24 67 53 81
24 68 90 96
24 69 27 57
24 70 79 74
24 71 67 46
24 72 77 78
24 73 68 80
24 74 53 42
24 75 59 72
24 76 36 25
24 77 91 42
24 78 69 16
24 79 65 56
24 80 95 34
24 81 41 72
24 82 59 52
24 83 18 61
24 84 86 89
24 85 7 67
24 86 58 88
24 87 13 71
24 88 53 68
24 89 45 65
24 90 54 43
24 91 14 17
24 92 75 20
24 93 77 24
24 94 22 35
24 95 1 51
24 96 67 26
24 97 59 52
24 98 32 47
24 99 76 83
25 26 17 57
25 27 35 63
25 28 99 62
25 29 85 92
25 30 62 28
25 31 84 42
25 32 11 71
25 33 79 47
25 34 80 65
25 35 84 85
25 36 55 81
25 37 91 21
25 38 32 80
25 39 39 70
25 40 28 25
25 41 88 39
25 42 25 42
25 43 97 47
25 44 19 77
25 45 43 55
25 46 16 16
25 47 91 78
25 48 83 70
25 49 69 55
25 50 25 30
25 51 75 34
25 52 20 11
25 53 27 81
25 54 57 82
25 55 42 27
25 56 59 84
25 57 24 45
25 58 75 32
25 59 9 61
25 60 13 14
25 61 49 81
25 62 2 46
25 63 82 76
25 64 71 53
25 65 49 10
25 66 1 45
25 67 82 62
25 68 83 55
25 69 39 71
25 70 86 74
25 71 56 51
25 72 36 79
25 73 51 16
25 74 0 20
25 75 2 63
25 76 1 49
25 77 13 37
25 78 29 77
25 79 33 24
25 80 93 76
25 81 36 13
25 82 37 57
25 83 16 23
25 84 2 58
25 85 51 13
25 86 8 57
25 87 30 18
25 88 42 81
25 89 21 57
25 90 76 26
25 91 21 16
25 92 5 40
25 93 30 12
25 94 80 28
25 95 26 22
25 96 18 61
25 97 57 32
25 98 25 12
25 99 7 22
26 27 41 45
26 28 14 41
26 29 82 71
26 30 83 21
26 31 67 37
26 32 36 29
26 33 93 35
26 34 38 48
26 35 86 22
26 36 66 91
26 37 13 11
26 38 20 10
26 39 23 7
26 40 61 38
26 41 49 71
26 42 90 58
26 43 35 20
26 44 94 22
26 45 95 74
26 46 82 94
26 47 77 92
26 48 56 49
26 49 39 9
26 50 33 17
26 51 68 46
26 52 23 44
26 53 26 75
26 54 93 93
26 55 83 91
26 56 22 22
26 57 17 56
26 58 8 28
26 59 12 18
26 60 9 59
26 61 83 24
26 62 2 38
26 63 2 14
26 64 77 63
26 65 65 24
26 66 52 52
26 67 6 35
26 68 39 15
26 69 74 20
26 70 33 57
26 71 78 41
26 72 58 78
26 73 62 42
26 74 28 15
26 75 49 45
26 76 20 16
26 77 24 27
26 78 39 59
26 79 19 53
26 80 6 52
26 81 33 53
26 82 67 49
26 83 34 46
26 84 59 22
26 85 36 43
26 86 48 10
26 87 18 80
26 88 62 62
26 89 90 71
26 90 14 12
26 91 43 87
26 92 61 82
26 93 70 47
26 94 73 20
26 95 46 51
26 96 55 32
26 97 52 55
26 98 43 55
26 99 68 69
27 28 2 12
27 29 79 42
27 30 75 29
27 31 51 37
27 32 67 76
27 33 54 58
27 34 60 64
27 35 7 65
27 36 18 65
27 37 34 61
27 38 74 41
27 39 45 19
27 40 78 24
27 41 43 28
27 42 74 94
27 43 32 83
27 44 52 67
27 45 83 74
27 46 44 84
27 47 97 58
27 48 33 53
27 49 66 58
27 50 41 14
27 51 18 46
27 52 70 93
27 53 70 37
27 54 63 34
27 55 6 64
27 56 49 85
27 57 38 69
27 58 39 86
27 59 57 83
27 60 70 35
27 61 55 29
27 62 63 37
27 63 60 31
27 64 2 48
27 65 48 20
27 66 6 68
27 67 95 33
27 68 50 86
27 69 46 83
27 70 27 36
27 71 72 84
27 72 26 44
27 73 63 91
27 74 16 65
27 75 37 56
27 76 9 27
27 77 78 19
27 78 41 14
27 79 32 32
27 80 17 20
27 81 38 61
27 82 14 73
27 83 16 12
27 84 13 75
27 85 69 40
27 86 91 20
27 87 28 65
27 88 19 66
27 89 3 37
27 90 38 12
27 91 95 43
27 92 30 53
27 93 6 66
27 94 83 65
27 95 65 45
27 96 99 70
27 97 93 62
27 98 42 62
27 99 98 97
28 29 6 68
28 30 94 25
28 31 34 51
28 32 54 27
28 33 17 50
28 34 39 66
28 35 59 24
28 36 84 49
28 37 94 23
28 38 29 21
28 39 22 73
28 40 91 90
28 41 74 61
28 42 87 82
28 43 45 12
28 44 62 86
28 45 9 73
28 46 77 29
28 47 95 20
28 48 82 47
28 49 42 72
28 50 14 7
28 51 94 80
28 52 12 71
28 53 74 51
28 54 65 19
28 55 50 58
28 56 29 61
28 57 95 80
28 58 90 96
28 59 14 68
28 60 72 46
28 61 61 30
28 62 13 71
28 63 85 72
28 64 93 32
28 65 78 56
28 66 98 52
28 67 38 36
28 68 91 49
28 69 88 34
28 70 51 46
28 71 72 76
28 72 26 49
28 73 99 77
28 74 37 64
28 75 2 76
28 76 5 13
28 77 23 61
28 78 51 48
28 79 73 21
28 80 30 59
28 81 39 65
28 82 93 86
28 83 5 73
28 84 49 15
28 85 91 86
28 86 81 35
28 87 49 21
28 88 91 24
28 89 96 25
28 90 78 41
28 91 11 66
28 92 56 46
28 93 26 20
28 94 8 22
28 95 94 74
28 96 64 39
28 97 16 22
28 98 87 66
28 99 71 27
29 30 55 34
29 31 90 36
29 32 50 25
29 33 62 22
29 34 23 29
29 35 72 17
29 36 10 52
29 37 43 53
29 38 96 24
29 39 18 19
29 40 85 61
29 41 26 74
29 42 81 93
29 43 44 64
29 44 19 6
29 45 57 68
29 46 48 72
29 47 75 89
29 48 86 58
29 49 74 18
29 50 34 32
29 51 44 20
29 52 17 65
29 53 10 40
29 54 48 79
29 55 41 55
29 56 84 85
29 57 39 19
29 58 24 70
29 59 27 76
29 60 19 74
29 61 54 51
29 62 24 47
29 63 80 32
29 64 83 67
29 65 58 29
29 66 77 68
29 67 49 16
29 68 20 52
29 69 85 43
29 70 63 19
29 71 39 17
29 72 40 81
29 73 48 51
29 74 5 70
29 75 33 12
29 76 89 25
29 77 20 50
29 78 4 11
29 79 26 20
29 80 61 24
29 81 43 36
29 82 18 50
29 83 3 7
29 84 7 27
29 85 81 38
29 86 66 65
29 87 45 22
29 88 60 42
29 89 35 20
29 90 97 30
29 91 65 46
29 92 95 58
29 93 12 28
29 94 96 29
29 95 31 65
29 96 75 50
29 97 6 3
29 98 74 22
29 99 99 98
30 31 66 25
30 32 39 12
30 33 56 61
30 34 59 78
30 35 94 53
30 36 70 71
30 37 18 28
30 38 29 13
30 39 23 77
30 40 5 33
30 41 0 18
30 42 71 32
30 43 60 32
30 44 86 80
30 45 52 25
30 46 65 13
30 47 8 37
30 48 47 37
30 49 27 54
30 50 10 35
30 51 29 16
30 52 83 86
30 53 36 58
30 54 86 74
30 55 44 28
30 56 7 53
30 57 6 30
30 58 17 65
30 59 47 47
30 60 70 30
30 61 85 50
30 62 60 34
30 63 33 58
30 64 62 54
30 65 4 29
30 66 56 42
30 67 87 66
30 68 15 71
30 69 70 35
30 70 75 42
30 71 36 27
30 72 51 69
30 73 94 25
30 74 25 42
30 75 29 75
30 76 59 32
30 77 80 43
30 78 3 52
30 79 73 23
30 80 20 5
30 81 53 89
30 82 2 15
30 83 50 26
30 84 35 54
30 85 42 15
30 86 16 44
30 87 66 48
30 88 97 44
30 89 27 58
30 90 5 42
30 91 0 35
30 92 99 87
30 93 60 42
30 94 19 45
30 95 38 53
30 96 21 11
30 97 25 57
30 98 37 81
30 99 74 50
31 32 6 18
31 33 10 19
31 34 21 67
31 35 91 62
31 36 16 81
31 37 21 34
31 38 34 75
31 39 17 77
31 40 49 87
31 41 33 33
31 42 43 78
31 43 99 67
31 44 55 26
31 45 12 15
31 46 21 80
31 47 17 64
31 48 43 34
31 49 15 25
31 50 99 96
31 51 94 63
31 52 26 28
31 53 2 8
31 54 21 60
31 55 84 20
31 56 51 25
31 57 41 28
31 58 93 28
31 59 29 38
31 60 74 58
31 61 65 66
31 62 78 55
31 63 19 71
31 64 99 23
31 65 38 58
31 66 30 80
31 67 91 82
31 68 41 16
31 69 17 38
31 70 34 65
31 71 43 78
31 72 77 67
31 73 78 90
31 74 46 23
31 75 38 58
31 76 65 69
31 77 50 11
31 78 10 60
31 79 89 48
31 80 3 9
31 81 50 11
31 82 25 7
31 83 55 46
31 84 41 37
31 85 6 7
31 86 34 18
31 87 75 74
31 88 72 81
31 89 17 41
31 90 41 78
31 91 18 80
31 92 14 9
31 93 8 19
31 94 19 14
31 95 47 38
31 96 30 26
31 97 0 31
31 98 48 48
31 99 15 73
32 33 19 23
32 34 95 28
32 35 87 68
32 36 71 40
32 37 27 11
32 38 99 76
32 39 27 57
32 40 76 16
32 41 97 45
32 42 0 75
32 43 75 89
32 44 26 5
32 45 3 52
32 46 31 72
32 47 66 62
32 48 51 39
32 49 91 33
32 50 22 84
32 51 18 77
32 52 52 84
32 53 41 46
32 54 26 52
32 55 26 36
32 56 55 12
32 57 21 4
32 58 44 88
32 59 72 42
32 60 36 33
32 61 35 31
32 62 19 60
32 63 3 49
32 64 7 30
32 65 26 30
32 66 48 80
32 67 45 15
32 68 44 66
32 69 43 11
32 70 72 27
32 71 7 18
32 72 45 48
32 73 87 92
32 74 8 81
32 75 35 32
32 76 72 42
32 77 48 67
32 78 32 44
32 79 75 69
32 80 69 55
32 81 36 50
32 82 95 72
32 83 98 35
32 84 86 19
32 85 86 35
32 86 23 70
32 87 54 43
32 88 98 66
32 89 2 64
32 90 39 78
32 91 44 8
32 92 52 22
32 93 85 46
32 94 44 12
32 95 38 10
32 96 93 85
32 97 57 15
32 98 76 73
32 99 94 28
33 34 55 20
33 35 31 51
33 36 31 65
33 37 0 72
33 38 26 84
33 39 18 45
33 40 11 28
33 41 78 49
33 42 68 14
33 43 12 76
33 44 87 60
33 45 64 22
33 46 78 16
33 47 25 43
33 48 5 63
33 49 4 59
33 50 8 53
33 51 42 19
33 52 59 87
33 53 58 50
33 54 42 76
33 55 50 77
33 56 27 84
33 57 25 56
33 58 30 11
33 59 87 32
33 60 34 27
33 61 64 47
33 62 35 66
33 63 25 83
33 64 26 33
33 65 96 47
33 66 64 54
33 67 62 49
33 68 92 64
33 69 78 66
33 70 39 67
33 71 88 52
33 72 3 55
33 73 51 57
33 74 47 32
33 75 77 49
33 76 5 34
33 77 10 24
33 78 17 44
33 79 32 26
33 80 59 63
33 81 8 12
33 82 21 65
33 83 57 28
33 84 75 91
33 85 16 35
33 86 31 41
33 87 49 76
33 88 93 52
33 89 96 76
33 90 46 45
33 91 75 29
33 92 48 41
33 93 1 52
33 94 60 17
33 95 51 41
33 96 70 29
33 97 82 52
33 98 50 81
33 99 66 84
34 35 8 26
34 36 16 40
34 37 79 16
34 38 99 41
34 39 30 18
34 40 17 46
34 41 39 16
34 42 0 79
34 43 11 36
34 44 90 68
34 45 68 86
34 46 7 35
34 47 14 81
34 48 12 11
34 49 57 42
34 50 25 38
34 51 33 14
34 52 12 53
34 53 11 52
34 54 24 81
34 55 49 75
34 56 31 25
34 57 46 57
34 58 41 84
34 59 19 79
34 60 40 46
34 61 56 26
34 62 37 39
34 63 66 18
34 64 92 39
34 65 84 87
34 66 48 44
34 67 1 15
34 68 22 34
34 69 12 60
34 70 1 3
34 71 6 13
34 72 68 29
34 73 87 31
34 74 75 91
34 75 22 71
34 76 99 29
34 77 11 54
34 78 74 66
34 79 0 57
34 80 45 48
34 81 37 41
34 82 8 14
34 83 69 19
34 84 33 8
34 85 24 8
34 86 92 44
34 87 68 22
34 88 0 22
34 89 28 35
34 90 73 57
34 91 75 92
34 92 90 78
34 93 58 88
34 94 43 44
34 95 38 68
34 96 29 8
34 97 63 70
34 98 41 19
34 99 86 96
35 36 11 13
35 37 17 76
35 38 11 42
35 39 60 87
35 40 53 54
35 41 64 30
35 42 17 81
35 43 10 42
35 44 55 54
35 45 26 63
35 46 25 23
35 47 97 43
35 48 79 49
35 49 79 75
35 50 68 43
35 51 78 39
35 52 34 12
35 53 28 83
35 54 29 63
35 55 38 16
35 56 83 67
35 57 38 11
35 58 77 81
35 59 92 59
35 60 41 84
35 61 66 34
35 62 6 33
35 63 92 59
35 64 86 73
35 65 29 44
35 66 8 3
35 67 34 79
35 68 25 64
35 69 90 20
35 70 92 62
35 71 84 57
35 72 31 58
35 73 50 15
35 74 52 21
35 75 91 19
35 76 95 60
35 77 90 38
35 78 72 24
35 79 21 8
35 80 16 23
35 81 25 16
35 82 28 46
35 83 58 41
35 84 44 34
35 85 16 13
35 86 12 32
35 87 16 40
35 88 66 59
35 89 40 42
35 90 30 48
35 91 78 88
35 92 50 14
35 93 53 69
35 94 80 32
35 95 16 67
35 96 91 81
35 97 15 61
35 98 22 47
35 99 38 83
36 37 53 85
36 38 60 48
36 39 43 23
36 40 33 75
36 41 81 67
36 42 39 47
36 43 99 93
36 44 56 17
36 45 3 61
36 46 9 65
36 47 98 21
36 48 85 51
36 49 95 90
36 50 57 51
36 51 30 46
36 52 58 44
36 53 59 62
36 54 43 69
36 55 28 85
36 56 80 22
36 57 38 37
36 58 35 56
36 59 47 76
36 60 27 63
36 61 28 46
36 62 29 6
36 63 48 11
36 64 75 36
36 65 26 44
36 66 25 72
36 67 10 28
36 68 35 80
36 69 60 62
36 70 28 57
36 71 72 79
36 72 74 33
36 73 72 56
36 74 67 92
36 75 14 51
36 76 17 33
36 77 85 83
36 78 18 60
36 79 1 67
36 80 28 53
36 81 58 51
36 82 19 39
36 83 73 26
36 84 76 53
36 85 75 28
36 86 96 38
36 87 20 24
36 88 85 89
36 89 28 16
36 90 96 96
36 91 16 77
36 92 18 22
36 93 30 9
36 94 1 0
36 95 7 33
36 96 73 30
36 97 26 11
36 98 75 44
36 99 56 22
37 38 29 27
37 39 22 75
37 40 7 52
37 41 59 30
37 42 51 28
37 43 51 38
37 44 72 55
37 45 31 8
37 46 15 13
37 47 42 81
37 48 14 77
37 49 60 49
37 50 36 65
37 51 64 47
37 52 17 9
37 53 71 28
37 54 1 33
37 55 3 79
37 56 99 80
37 57 73 29
37 58 55 50
37 59 40 22
37 60 47 35
37 61 92 84
37 62 6 59
37 63 91 26
37 64 55 84
37 65 72 62
37 66 68 23
37 67 18 71
37 68 80 23
37 69 82 35
37 70 47 73
37 71 81 69
37 72 45 58
37 73 91 91
37 74 69 72
37 75 53 46
37 76 74 85
37 77 49 55
37 78 19 40
37 79 0 57
37 80 53 60
37 81 12 3
37 82 45 80
37 83 68 34
37 84 51 80
37 85 97 89
37 86 9 25
37 87 85 68
37 88 0 2
37 89 8 24
37 90 51 34
37 91 75 62
37 92 73 37
37 93 50 73
37 94 99 42
37 95 75 88
37 96 49 10
37 97 91 82
37 98 19 26
37 99 13 31
38 39 57 25
38 40 97 53
38 41 16 39
38 42 59 81
38 43 18 7
38 44 63 54
38 45 47 38
38 46 45 63
38 47 6 58
38 48 50 25
38 49 78 42
38 50 43 79
38 51 58 89
38 52 68 79
38 53 43 35
38 54 33 15
38 55 36 75
38 56 62 74
38 57 97 35
38 58 42 16
38 59 4 19
38 60 37 36
38 61 14 35
38 62 10 14
38 63 75 69
38 64 8 14
38 65 84 75
38 66 54 78
38 67 10 2
38 68 70 22
38 69 49 34
38 70 3 56
38 71 32 86
38 72 51 38
38 73 18 43
38 74 55 48
38 75 22 25
38 76 68 74
38 77 37 69
38 78 37 46
38 79 16 63
38 80 54 66
38 81 93 42
38 82 92 79
38 83 20 28
38 84 21 58
38 85 26 51
38 86 74 75
38 87 27 83
38 88 83 52
38 89 84 26
38 90 36 65
38 91 74 36
38 92 14 3
38 93 67 25
38 94 6 2
38 95 41 30
38 96 56 26
38 97 6 34
38 98 2 44
38 99 13 35
39 40 90 90
39 41 34 32
39 42 81 21
39 43 79 33
39 44 49 31
39 45 45 74
39 46 90 35
39 47 53 80
39 48 70 22
39 49 80 28
39 50 98 22
39 51 79 18
39 52 17 46
39 53 2 5
39 54 58 82
39 55 4 38
39 56 67 16
39 57 22 78
39 58 98 27
39 59 77 91
39 60 45 85
39 61 38 57
39 62 31 30
39 63 38 61
39 64 26 13
39 65 3 68
39 66 9 62
39 67 1 74
39 68 87 20
39 69 67 22
39 70 58 27
39 71 48 59
39 72 72 56
39 73 12 78
39 74 47 61
39 75 27 14
39 76 97 95
39 77 49 60
39 78 35 71
39 79 26 74
39 80 3 28
39 81 64 63
39 82 89 79
39 83 94 50
39 84 83 62
39 85 14 38
39 86 92 51
39 87 82 46
39 88 8 49
39 89 69 86
39 90 42 47
39 91 72 25
39 92 99 54
39 93 55 24
39 94 77 28
39 95 92 20
39 96 3 32
39 97 20 82
39 98 45 50
39 99 64 36
40 41 46 16
40 42 49 15
40 43 21 12
40 44 34 19
40 45 0 23
40 46 67 42
40 47 63 55
40 48 83 84
40 49 78 40
40 50 82 87
40 51 24 20
40 52 5 46
40 53 91 30
40 54 72 85
40 55 40 22
40 56 81 39
40 57 8 51
40 58 15 32
40 59 84 26
40 60 22 79
40 61 1 59
40 62 61 29
40 63 76 89
40 64 44 28
40 65 22 38
40 66 87 76
40 67 29 28
40 68 54 41
40 69 81 24
40 70 56 42
40 71 45 83
40 72 92 35
40 73 49 42
40 74 36 25
40 75 86 68
40 76 1 6
40 77 49 29
40 78 93 46
40 79 15 4
40 80 96 92
40 81 17 14
40 82 3 50
40 83 59 31
40 84 79 46
40 85 32 39
40 86 61 91
40 87 46 53
40 88 96 29
40 89 27 36
40 90 24 33
40 91 8 72
40 92 81 64
40 93 5 36
40 94 56 35
40 95 78 77
40 96 94 87
40 97 93 74
40 98 2 1
40 99 77 25
41 42 0 21
41 43 28 59
41 44 5 29
41 45 25 77
41 46 37 42
41 47 77 24
41 48 32 47
41 49 4 10
41 50 43 31
41 51 42 32
41 52 16 68
41 53 62 89
41 54 98 60
41 55 26 53
41 56 7 78
41 57 20 61
41 58 97 23
41 59 0 28
41 60 75 26
41 61 19 80
41 62 60 47
41 63 22 19
41 64 13 49
41 65 16 5
41 66 35 51
41 67 28 47
41 68 72 67
41 69 62 77
41 70 91 43
41 71 63 31
41 72 55 17
41 73 67 85
41 74 29 16
41 75 45 11
41 76 40 39
41 77 52 79
41 78 58 58
41 79 89 83
41 80 52 15
41 81 88 68
41 82 40 60
41 83 25 66
41 84 5 4
41 85 79 38
41 86 73 68
41 87 95 79
41 88 67 36
41 89 85 19
41 90 50 35
41 91 36 29
41 92 65 49
41 93 94 74
41 94 48 89
41 95 38 49
41 96 83 36
41 97 16 63
41 98 68 50
41 99 9 19
42 43 2 18
42 44 40 64
42 45 84 85
42 46 92 68
42 47 31 79
42 48 31 37
42 49 36 33
42 50 87 74
42 51 38 54
42 52 45 18
42 53 0 4
42 54 54 36
42 55 96 39
42 56 67 31
42 57 91 62
42 58 74 52
42 59 96 25
42 60 30 77
42 61 72 70
42 62 89 63
42 63 67 88
42 64 55 52
42 65 90 56
42 66 39 86
42 67 95 67
42 68 7 10
42 69 13 70
42 70 96 79
42 71 75 81
42 72 16 55
42 73 29 8
42 74 17 49
42 75 21 32
42 76 26 50
42 77 23 79
42 78 45 63
42 79 23 11
42 80 93 82
42 81 42 52
42 82 9 22
42 83 39 25
42 84 34 40
42 85 47 77
42 86 77 79
42 87 89 77
42 88 76 38
42 89 13 62
42 90 95 80
42 91 55 64
42 92 64 41
42 93 13 20
42 94 68 92
42 95 85 81
42 96 54 29
42 97 14 16
42 98 63 42
42 99 5 44
43 44 55 17
43 45 10 40
43 46 44 61
43 47 73 15
43 48 28 5
43 49 25 64
43 50 87 87
43 51 39 84
43 52 6 75
43 53 32 83
43 54 41 10
43 55 25 24
43 56 28 75
43 57 59 47
43 58 57 57
43 59 57 49
43 60 6 60
43 61 82 53
43 62 74 66
43 63 60 74
43 64 51 66
43 65 45 35
43 66 96 30
43 67 70 20
43 68 79 46
43 69 94 22
43 70 98 42
43 71 46 63
43 72 54 64
43 73 83 30
43 74 40 32
43 75 81 41
43 76 15 18
43 77 88 38
43 78 72 91
43 79 96 22
43 80 86 96
43 81 29 80
43 82 64 32
43 83 98 90
43 84 63 31
43 85 1 10
43 86 38 84
43 87 0 7
43 88 49 30
43 89 40 52
43 90 32 17
43 91 30 78
43 92 18 60
43 93 70 88
43 94 46 78
43 95 99 44
43 96 73 63
43 97 66 16
43 98 47 63
43 99 97 89
44 45 9 42
44 46 81 79
44 47 61 20
44 48 3 1
44 49 89 26
44 50 61 77
44 51 0 5
44 52 21 40
44 53 13 10
44 54 48 87
44 55 23 28
44 56 26 51
44 57 84 60
44 58 63 23
44 59 61 18
44 60 40 10
44 61 4 10
44 62 89 47
44 63 98 69
44 64 80 47
44 65 74 64
44 66 13 47
44 67 28 69
44 68 37 51
44 69 10 62
44 70 93 79
44 71 86 35
44 72 63 20
44 73 90 51
44 74 15 42
44 75 35 52
44 76 60 32
44 77 71 82
44 78 30 24
44 79 40 8
44 80 90 92
44 81 42 79
44 82 98 36
44 83 77 40
44 84 93 20
44 85 96 47
44 86 9 73
44 87 57 73
44 88 26 17
44 89 81 93
44 90 80 60
44 91 67 59
44 92 44 82
44 93 1 56
44 94 38 53
44 95 34 37
44 96 65 15
44 97 43 62
44 98 97 63
44 99 67 44
45 46 60 62
45 47 72 25
45 48 88 50
45 49 71 69
45 50 12 64
45 51 26 72
45 52 50 85
45 53 43 76
45 54 79 26
45 55 88 82
45 56 10 30
45 57 36 73
45 58 8 23
45 59 25 34
45 60 64 34
45 61 19 44
45 62 86 65
45 63 75 89
45 64 43 30
45 65 17 73
45 66 79 30
45 67 9 51
45 68 74 24
45 69 19 82
45 70 45 37
45 71 92 94
45 72 94 58
45 73 16 21
45 74 1 75
45 75 47 44
45 76 22 26
45 77 85 63
45 78 11 79
45 79 86 18
45 80 82 29
45 81 11 63
45 82 1 50
45 83 1 9
45 84 56 23
45 85 45 17
45 86 58 24
45 87 4 67
45 88 20 27
45 89 14 56
45 90 12 71
45 91 78 57
45 92 31 33
45 93 58 80
45 94 34 40
45 95 2 43
45 96 80 48
45 97 49 56
45 98 16 32
45 99 57 61
46 47 91 57
46 48 64 16
46 49 69 86
46 50 0 10
46 51 73 63
46 52 89 51
46 53 95 86
46 54 14 53
46 55 32 45
46 56 60 14
46 57 84 18
46 58 86 88
46 59 77 18
46 60 59 26
46 61 34 74
46 62 57 20
46 63 74 28
46 64 43 46
46 65 69 77
46 66 72 25
46 67 65 83
46 68 62 70
46 69 41 81
46 70 33 37
46 71 97 44
46 72 66 37
46 73 44 33
46 74 10 62
46 75 15 81
46 76 74 56
46 77 46 11
46 78 21 16
46 79 66 43
46 80 50 34
46 81 74 20
46 82 11 5
46 83 51 21
46 84 89 19
46 85 40 12
46 86 38 26
46 87 41 14
46 88 34 78
46 89 4 46
46 90 28 79
46 91 67 33
46 92 53 17
46 93 46 24
46 94 17 24
46 95 13 22
46 96 1 28
46 97 54 71
46 98 39 86
46 99 18 40
47 48 32 17
47 49 16 39
47 50 67 77
47 51 50 26
47 52 11 21
47 53 60 18
47 54 11 21
47 55 39 22
47 56 90 54
47 57 87 81
47 58 96 74
47 59 68 87
47 60 78 89
47 61 37 60
47 62 97 98
47 63 48 20
47 64 31 67
47 65 83 91
47 66 46 73
47 67 55 71
47 68 14 12
47 69 52 57
47 70 38 57
47 71 23 77
47 72 55 72
47 73 51 83
47 74 25 35
47 75 78 58
47 76 65 22
47 77 25 59
47 78 76 92
47 79 52 43
47 80 68 61
47 81 92 81
47 82 74 16
47 83 27 78
47 84 11 82
47 85 36 47
47 86 42 29
47 87 19 64
47 88 56 78
47 89 49 64
47 90 66 71
47 91 84 26
47 92 43 23
47 93 39 47
47 94 21 17
47 95 20 40
47 96 20 37
47 97 68 33
47 98 18 68
47 99 86 47
48 49 23 66
48 50 68 84
48 51 44 78
48 52 7 41
48 53 9 56
48 54 76 51
48 55 85 67
48 56 3 65
48 57 55 72
48 58 17 5
48 59 41 47
48 60 96 96
48 61 73 66
48 62 48 51
48 63 49 49
48 64 86 64
48 65 97 37
48 66 23 69
48 67 84 22
48 68 37 86
48 69 32 33
48 70 33 32
48 71 27 78
48 72 56 36
48 73 61 51
48 74 61 35
48 75 78 83
48 76 32 7
48 77 93 25
48 78 80 21
48 79 78 44
48 80 10 15
48 81 46 16
48 82 28 28
48 83 66 31
48 84 68 32
48 85 10 61
48 86 79 82
48 87 78 83
48 88 61 56
48 89 46 82
48 90 74 18
48 91 42 58
48 92 23 38
48 93 66 26
48 94 21 76
48 95 74 26
48 96 23 7
48 97 90 62
48 98 60 55
48 99 71 88
49 50 55 22
49 51 45 50
49 52 69 79
49 53 84 93
49 54 50 85
49 55 29 7
49 56 99 27
49 57 94 77
49 58 5 11
49 59 14 61
49 60 99 97
49 61 70 20
49 62 74 94
49 63 39 16
49 64 32 14
49 65 21 67
49 66 17 19
49 67 99 79
49 68 46 48
49 69 19 54
49 70 66 51
49 71 60 40
49 72 44 58
49 73 43 50
49 74 22 31
49 75 3 4
49 76 61 32
49 77 20 44
49 78 70 30
49 79 71 67
49 80 97 57
49 81 2 59
49 82 32 20
49 83 57 60
49 84 60 47
49 85 93 68
49 86 84 35
49 87 33 14
49 88 35 25
49 89 95 78
49 90 28 42
49 91 33 34
49 92 81 18
49 93 47 47
49 94 70 39
49 95 83 85
49 96 6 14
49 97 59 17
49 98 39 18
49 99 93 72
50 51 42 84
50 52 51 70
50 53 81 38
50 54 76 17
50 55 80 53
50 56 17 47
50 57 88 97
50 58 56 59
50 59 42 80
50 60 16 30
50 61 50 55
50 62 41 36
50 63 92 68
50 64 36 75
50 65 31 12
50 66 36 80
50 67 47 14
50 68 46 70
50 69 68 31
50 70 47 28
50 71 80 93
50 72 94 24
50 73 23 21
50 74 49 52
50 75 19 29
50 76 5 74
50 77 88 50
50 78 76 59
50 79 28 27
50 80 84 17
50 81 37 47
50 82 30 63
50 83 14 10
50 84 72 75
50 85 78 78
50 86 15 81
50 87 98 25
50 88 18 51
50 89 29 36
50 90 76 84
50 91 74 52
50 92 75 42
50 93 19 12
50 94 99 29
50 95 51 12
50 96 7 48
50 97 4 52
50 98 88 64
50 99 8 55
51 52 31 31
51 53 5 11
51 54 10 24
51 55 40 37
51 56 19 77
51 57 96 66
51 58 90 85
51 59 7 48
51 60 36 80
51 61 54 83
51 62 88 79
51 63 24 44
51 64 98 50
51 65 42 21
51 66 69 51
51 67 53 10
51 68 71 54
51 69 39 49
51 70 56 90
51 71 40 87
51 72 21 31
51 73 75 27
51 74 76 48
51 75 1 42
51 76 67 59
51 77 74 63
51 78 74 48
51 79 74 63
51 80 79 80
51 81 77 33
51 82 76 40
51 83 7 59
51 84 76 35
51 85 94 98
51 86 1 46
51 87 17 78
51 88 38 59
51 89 55 56
51 90 75 75
51 91 36 59
51 92 90 45
51 93 27 48
51 94 71 78
51 95 21 50
51 96 20 29
51 97 36 60
51 98 24 46
51 99 54 31
52 53 67 83
52 54 18 13
52 55 48 27
52 56 79 39
52 57 86 58
52 58 46 73
52 59 60 59
52 60 96 97
52 61 29 49
52 62 32 14
52 63 81 46
52 64 55 53
52 65 31 15
52 66 86 26
52 67 26 26
52 68 30 31
52 69 91 38
52 70 11 81
52 71 6 70
52 72 15 83
52 73 94 97
52 74 18 40
52 75 23 16
52 76 0 44
52 77 75 70
52 78 21 49
52 79 59 70
52 80 9 73
52 81 8 25
52 82 79 42
52 83 79 58
52 84 75 69
52 85 84 18
52 86 54 68
52 87 66 60
52 88 4 49
52 89 17 36
52 90 64 42
52 91 43 64
52 92 83 84
52 93 16 80
52 94 24 30
52 95 60 52
52 96 57 78
52 97 1 43
52 98 18 72
52 99 40 10
53 54 57 62
53 55 83 83
53 56 22 9
53 57 91 23
53 58 84 81
53 59 19 35
53 60 19 58
53 61 86 63
53 62 93 58
53 63 64 51
53 64 58 23
53 65 84 24
53 66 51 19
53 67 38 12
53 68 25 35
53 69 87 65
53 70 8 11
53 71 44 36
53 72 59 49
53 73 59 43
53 74 62 89
53 75 32 26
53 76 12 53
53 77 88 96
53 78 76 35
53 79 0 49
53 80 21 51
53 81 97 21
53 82 29 18
53 83 34 44
53 84 55 49
53 85 48 15
53 86 96 52
53 87 23 79
53 88 20 77
53 89 70 26
53 90 94 83
53 91 10 2
53 92 6 79
53 93 75 76
53 94 81 27
53 95 84 47
53 96 69 19
53 97 86 72
53 98 74 27
53 99 59 91
54 55 28 66
54 56 90 58
54 57 89 90
54 58 85 19
54 59 38 73
54 60 10 74
54 61 33 8
54 62 20 30
54 63 59 15
54 64 28 37
54 65 28 28
54 66 80 25
54 67 82 62
54 68 63 40
54 69 58 41
54 70 22 41
54 71 4 64
54 72 1 1
54 73 34 50
54 74 26 14
54 75 46 80
54 76 88 83
54 77 64 70
54 78 78 58
54 79 8 37
54 80 34 37
54 81 42 77
54 82 1 24
54 83 97 86
54 84 5 31
54 85 83 60
54 86 60 82
54 87 25 54
54 88 68 67
54 89 76 54
54 90 86 95
54 91 11 5
54 92 83 20
54 93 23 35
54 94 91 92
54 95 16 6
54 96 26 10
54 97 1 59
54 98 24 79
54 99 58 64
55 56 61 46
55 57 56 66
55 58 49 23
55 59 40 83
55 60 64 45
55 61 48 36
55 62 39 50
55 63 26 42
55 64 73 25
55 65 59 59
55 66 91 38
55 67 6 78
55 68 45 41
55 69 11 69
55 70 0 36
55 71 20 71
55 72 53 71
55 73 59 35
55 74 65 74
55 75 39 38
55 76 58 30
55 77 8 57
55 78 0 71
55 79 19 22
55 80 87 19
55 81 97 93
55 82 65 47
55 83 18 71
55 84 59 11
55 85 11 7
55 86 34 74
55 87 87 79
55 88 28 81
55 89 5 28
55 90 59 21
55 91 54 34
55 92 38 23
55 93 52 65
55 94 22 12
55 95 22 19
55 96 10 43
55 97 79 34
55 98 35 47
55 99 23 16
56 57 56 40
56 58 33 15
56 59 75 93
56 60 34 60
56 61 72 42
56 62 52 35
56 63 15 11
56 64 19 40
56 65 72 80
56 66 74 66
56 67 44 69
56 68 70 42
56 69 49 32
56 70 45 44
56 71 79 55
56 72 8 47
56 73 45 63
56 74 25 60
56 75 33 77
56 76 99 44
56 77 29 68
56 78 80 52
56 79 8 27
56 80 51 12
56 81 61 40
56 82 62 58
56 83 75 48
56 84 12 58
56 85 51 36
56 86 28 46
56 87 67 59
56 88 24 84
56 89 33 59
56 90 67 49
56 91 63 24
56 92 92 43
56 93 7 61
56 94 24 79
56 95 63 76
56 96 97 71
56 97 99 72
56 98 15 48
56 99 14 41
57 58 47 31
57 59 58 32
57 60 27 50
57 61 64 31
57 62 13 39
57 63 0 45
57 64 59 70
57 65 90 38
57 66 22 14
57 67 35 33
57 68 37 71
57 69 81 36
57 70 29 32
57 71 41 39
57 72 96 73
57 73 4 46
57 74 17 7
57 75 64 26
57 76 13 19
57 77 87 31
57 78 21 51
57 79 81 44
57 80 32 74
57 81 65 23
57 82 87 94
57 83 24 40
57 84 38 83
57 85 29 69
57 86 96 39
57 87 54 81
57 88 18 27
57 89 36 81
57 90 66 78
57 91 36 15
57 92 10 79
57 93 3 45
57 94 14 61
57 95 3 59
57 96 61 77
57 97 10 16
57 98 86 91
57 99 26 81
58 59 13 31
58 60 75 66
58 61 55 43
58 62 48 37
58 63 59 85
58 64 7 15
58 65 55 68
58 66 17 74
58 67 81 45
58 68 67 47
58 69 58 24
58 70 85 79
58 71 14 20
58 72 32 22
58 73 63 21
58 74 47 88
58 75 13 75
58 76 57 81
58 77 34 68
58 78 61 28
58 79 76 22
58 80 43 17
58 81 0 28
58 82 57 62
58 83 18 78
58 84 95 38
58 85 94 29
58 86 75 60
58 87 49 64
58 88 3 50
58 89 64 81
58 90 45 47
58 91 22 64
58 92 50 61
58 93 77 27
58 94 64 29
58 95 16 18
58 96 91 67
58 97 5 48
58 98 41 78
58 99 65 57
59 60 36 12
59 61 39 74
59 62 88 58
59 63 16 20
59 64 85 54
59 65 44 28
59 66 7 13
59 67 30 30
59 68 49 54
59 69 26 64
59 70 36 60
59 71 24 59
59 72 91 20
59 73 93 69
59 74 49 39
59 75 55 67
59 76 5 59
59 77 75 31
59 78 14 38
59 79 26 57
59 80 75 89
59 81 7 9
59 82 45 74
59 83 38 22
59 84 66 34
59 85 92 27
59 86 33 52
59 87 80 22
59 88 38 47
59 89 50 68
59 90 80 67
59 91 66 66
59 92 46 62
59 93 9 32
59 94 72 79
59 95 19 20
59 96 97 35
59 97 12 56
59 98 95 48
59 99 96 76
60 61 42 33
60 62 70 38
60 63 4 7
60 64 36 75
60 65 59 60
60 66 22 71
60 67 81 73
60 68 40 47
60 69 75 15
60 70 2 21
60 71 45 18
60 72 82 84
60 73 20 39
60 74 4 65
60 75 74 88
60 76 95 69
60 77 62 25
60 78 6 33
60 79 8 15
60 80 7 45
60 81 54 90
60 82 30 23
60 83 0 46
60 84 12 48
60 85 74 84
60 86 58 73
60 87 85 63
60 88 52 43
60 89 70 15
60 90 37 16
60 91 47 48
60 92 45 53
60 93 0 56
60 94 17 73
60 95 33 14
60 96 6 7
60 97 60 32
60 98 76 46
60 99 94 59
61 62 90 22
61 63 67 65
61 64 70 55
61 65 82 87
61 66 23 19
61 67 97 50
61 68 78 38
61 69 63 71
61 70 12 40
61 71 33 34
61 72 34 85
61 73 23 40
61 74 54 78
61 75 57 62
61 76 35 45
61 77 97 53
61 78 20 31
61 79 63 56
61 80 10 67
61 81 14 47
61 82 45 29
61 83 42 70
61 84 52 63
61 85 19 6
61 86 47 19
61 87 51 27
61 88 66 47
61 89 98 74
61 90 7 70
61 91 70 69
61 92 81 73
61 93 30 18
61 94 86 37
61 95 19 8
61 96 11 67
61 97 87 44
61 98 43 38
61 99 58 19
62 63 94 40
62 64 66 63
62 65 5 62
62 66 47 57
62 67 16 59
62 68 66 85
62 69 54 78
62 70 15 46
62 71 49 55
62 72 74 47
62 73 55 39
62 74 2 45
62 75 29 14
62 76 81 26
62 77 2 17
62 78 43 72
62 79 24 16
62 80 93 29
62 81 1 33
62 82 14 34
62 83 32 54
62 84 62 85
62 85 75 34
62 86 53 22
62 87 28 44
62 88 84 58
62 89 43 72
62 90 15 31
62 91 88 77
62 92 6 58
62 93 27 82
62 94 46 31
62 95 29 56
62 96 82 92
62 97 52 27
62 98 56 77
62 99 60 51
63 64 19 55
63 65 48 27
63 66 97 99
63 67 39 78
63 68 32 51
63 69 77 44
63 70 5 3
63 71 96 23
63 72 53 78
63 73 20 6
63 74 20 31
63 75 49 25
63 76 5 4
63 77 5 19
63 78 80 32
63 79 93 20
63 80 20 49
63 81 15 9
63 82 5 36
63 83 76 94
63 84 70 55
63 85 3 17
63 86 63 56
63 87 55 51
63 88 8 31
63 89 67 64
63 90 63 38
63 91 76 70
63 92 60 13
63 93 71 25
63 94 68 25
63 95 72 47
63 96 30 17
63 97 40 59
63 98 41 75
63 99 67 13
64 65 95 80
64 66 30 54
64 67 69 91
64 68 65 70
64 69 38 72
64 70 9 76
64 71 26 16
64 72 97 65
64 73 25 19
64 74 92 91
64 75 92 84
64 76 44 40
64 77 65 69
64 78 58 39
64 79 1 4
64 80 64 60
64 81 50 82
64 82 23 11
64 83 37 57
64 84 2 26
64 85 85 72
64 86 49 80
64 87 71 86
64 88 11 21
64 89 41 23
64 90 29 77
64 91 49 39
64 92 30 19
64 93 11 56
64 94 36 85
64 95 70 34
64 96 10 22
64 97 85 52
64 98 66 66
64 99 18 66
65 66 79 37
65 67 58 85
65 68 83 75
65 69 50 31
65 70 86 36
65 71 82 72
65 72 32 15
65 73 80 20
65 74 92 61
65 75 26 17
65 76 84 32
65 77 30 45
65 78 15 72
65 79 62 30
65 80 10 71
65 81 61 78
65 82 1 14
65 83 79 35
65 84 67 55
65 85 75 25
65 86 46 39
65 87 7 55
65 88 9 30
65 89 82 27
65 90 37 47
65 91 12 37
65 92 76 78
65 93 41 81
65 94 92 59
65 95 96 41
65 96 71 24
65 97 96 46
65 98 31 48
65 99 59 68
66 67 30 81
66 68 31 84
66 69 44 46
66 70 3 78
66 71 86 78
66 72 87 91
66 73 33 72
66 74 7 21
66 75 38 29
66 76 44 58
66 77 85 41
66 78 73 27
66 79 70 25
66 80 75 47
66 81 70 77
66 82 22 81
66 83 7 1
66 84 70 52
66 85 20 59
66 86 65 39
66 87 89 81
66 88 29 51
66 89 97 65
66 90 69 61
66 91 88 61
66 92 45 84
66 93 37 47
66 94 37 55
66 95 40 79
66 96 79 87
66 97 13 15
66 98 71 42
66 99 85 82
67 68 1 12
67 69 20 24
67 70 30 66
67 71 19 19
67 72 19 59
67 73 39 32
67 74 16 41
67 75 96 83
67 76 64 70
67 77 94 48
67 78 57 82
67 79 27 38
67 80 77 56
67 81 28 34
67 82 88 22
67 83 27 9
67 84 66 81
67 85 70 80
67 86 30 33
67 87 74 88
67 88 1 25
67 89 80 51
67 90 98 65
67 91 2 25
67 92 29 78
67 93 17 17
67 94 7 66
67 95 78 32
67 96 44 41
67 97 77 25
67 98 61 87
67 99 99 48
68 69 10 23
68 70 25 82
68 71 64 42
68 72 46 84
68 73 10 35
68 74 73 61
68 75 32 28
68 76 52 69
68 77 27 23
68 78 15 27
68 79 44 38
68 80 91 53
68 81 83 44
68 82 11 15
68 83 0 43
68 84 17 31
68 85 33 85
68 86 78 39
68 87 27 63
68 88 81 76
68 89 22 18
68 90 47 47
68 91 60 48
68 92 91 33
68 93 57 42
68 94 65 29
68 95 95 69
68 96 92 76
68 97 32 84
68 98 77 78
68 99 26 18
69 70 90 84
69 71 94 38
69 72 3 59
69 73 64 69
69 74 86 79
69 75 44 48
69 76 70 42
69 77 16 75
69 78 10 35
69 79 68 24
69 80 35 15
69 81 2 23
69 82 52 90
69 83 98 64
69 84 39 84
69 85 94 32
69 86 96 72
69 87 24 58
69 88 5 45
69 89 21 38
69 90 94 56
69 91 72 16
69 92 16 78
69 93 15 60
69 94 28 80
69 95 21 74
69 96 88 71
69 97 22 47
69 98 55 88
69 99 66 72
70 71 79 70
70 72 86 69
70 73 82 27
70 74 70 47
70 75 14 3
70 76 1 70
70 77 76 35
70 78 10 61
70 79 18 22
70 80 12 74
70 81 60 91
70 82 98 96
70 83 27 45
70 84 1 50
70 85 17 11
70 86 16 21
70 87 93 65
70 88 44 50
70 89 93 40
70 90 46 28
70 91 25 29
70 92 24 50
70 93 16 15
70 94 18 4
70 95 43 33
70 96 23 11
70 97 77 56
70 98 94 71
70 99 97 27
71 72 42 65
71 73 94 32
71 74 34 81
71 75 47 63
71 76 18 9
71 77 16 64
71 78 55 36
71 79 37 53
71 80 39 33
71 81 71 74
71 82 51 55
71 83 94 59
71 84 60 46
71 85 46 32
71 86 82 92
71 87 68 86
71 88 21 82
71 89 59 16
71 90 74 24
71 91 11 66
71 92 62 87
71 93 76 51
71 94 77 81
71 95 90 30
71 96 33 83
71 97 23 32
71 98 5 50
71 99 1 63
72 73 89 46
72 74 64 24
72 75 23 71
72 76 10 64
72 77 19 42
72 78 84 56
72 79 53 82
72 80 44 38
72 81 75 17
72 82 0 48
72 83 57 60
72 84 85 71
72 85 57 56
72 86 23 70
72 87 78 92
72 88 82 51
72 89 82 82
72 90 61 35
72 91 87 67
72 92 82 53
72 93 3 72
72 94 27 51
72 95 63 22
72 96 75 36
72 97 39 62
72 98 31 41
72 99 44 32
73 74 9 47
73 75 52 75
73 76 76 50
73 77 83 64
73 78 62 56
73 79 77 31
73 80 52 37
73 81 97 93
73 82 34 53
73 83 45 62
73 84 86 52
73 85 0 70
73 86 63 42
73 87 76 85
73 88 94 80
73 89 5 80
73 90 65 59
73 91 98 88
73 92 82 31
73 93 99 98
73 94 32 30
73 95 42 62
73 96 19 46
73 97 43 73
73 98 19 11
73 99 74 85
74 75 72 63
74 76 87 85
74 77 60 71
74 78 22 14
74 79 17 78
74 80 56 51
74 81 91 88
74 82 98 48
74 83 61 21
74 84 41 60
74 85 17 62
74 86 41 21
74 87 10 15
74 88 59 78
74 89 34 7
74 90 22 15
74 91 22 17
74 92 98 61
74 93 27 70
74 94 4 79
74 95 34 47
74 96 82 18
74 97 48 30
74 98 15 52
74 99 81 49
75 76 79 28
75 77 52 54
75 78 18 23
75 79 23 65
75 80 86 94
75 81 82 34
75 82 83 78
75 83 77 28
75 84 25 60
75 85 49 31
75 86 66 23
75 87 34 37
75 88 43 19
75 89 93 79
75 90 43 35
75 91 37 67
75 92 91 77
75 93 46 87
75 94 13 66
75 95 52 51
75 96 97 70
75 97 71 56
75 98 96 59
75 99 69 62
76 77 21 33
76 78 54 44
76 79 3 5
76 80 51 66
76 81 46 42
76 82 4 58
76 83 8 27
76 84 36 72
76 85 41 35
76 86 42 87
76 87 63 51
76 88 91 77
76 89 7 75
76 90 96 32
76 91 37 22
76 92 53 55
76 93 96 82
76 94 31 76
76 95 93 94
76 96 26 16
76 97 23 75
76 98 26 30
76 99 75 55
77 78 60 45
77 79 27 76
77 80 89 40
77 81 1 32
77 82 58 63
77 83 34 14
77 84 23 74
77 85 95 72
77 86 73 87
77 87 11 27
77 88 12 6
77 89 28 78
77 90 6 30
77 91 49 23
77 92 68 69
77 93 97 57
77 94 78 15
77 95 53 56
77 96 85 33
77 97 67 22
77 98 5 63
77 99 96 34
78 79 78 32
78 80 4 18
78 81 70 58
78 82 10 42
78 83 16 48
78 84 15 33
78 85 31 48
78 86 89 58
78 87 67 56
78 88 23 27
78 89 85 23
78 90 43 18
78 91 98 74
78 92 9 4
78 93 10 53
78 94 25 37
78 95 48 86
78 96 54 37
78 97 55 18
78 98 63 42
78 99 7 22
79 80 91 29
79 81 68 26
79 82 4 10
79 83 97 20
79 84 26 60
79 85 44 46
79 86 36 73
79 87 70 91
79 88 52 32
79 89 77 23
79 90 24 68
79 91 96 43
79 92 64 63
79 93 40 57
79 94 38 28
79 95 75 46
79 96 82 75
79 97 48 61
79 98 41 79
79 99 85 69
80 81 66 22
80 82 26 81
80 83 64 56
80 84 90 68
80 85 15 15
80 86 63 74
80 87 84 25
80 88 31 16
80 89 62 43
80 90 39 66
80 91 70 92
80 92 47 33
80 93 38 67
80 94 47 49
80 95 72 19
80 96 40 27
80 97 96 98
80 98 75 92
80 99 50 61
81 82 71 33
81 83 18 59
81 84 13 21
81 85 53 37
81 86 3 41
81 87 3 75
81 88 92 72
81 89 44 75
81 90 43 36
81 91 35 23
81 92 64 62
81 93 15 67
81 94 55 69
81 95 8 69
81 96 41 64
81 97 43 81
81 98 29 20
81 99 64 70
82 83 31 7
82 84 62 53
82 85 20 75
82 86 45 19
82 87 7 8
82 88 54 32
82 89 24 49
82 90 63 85
82 91 45 30
82 92 9 63
82 93 53 52
82 94 51 86
82 95 53 34
82 96 32 49
82 97 7 30
82 98 90 81
82 99 36 59
83 84 49 68
83 85 32 10
83 86 77 55
83 87 31 62
83 88 34 64
83 89 24 72
83 90 65 38
83 91 71 48
83 92 99 78
83 93 58 51
83 94 88 49
83 95 33 80
83 96 24 20
83 97 24 80
83 98 66 80
83 99 10 41
84 85 78 29
84 86 16 27
84 87 30 44
84 88 76 57
84 89 77 77
84 90 98 44
84 91 84 95
84 92 44 84
84 93 33 52
84 94 0 66
84 95 1 73
84 96 67 81
84 97 7 64
84 98 10 43
84 99 15 57
85 86 69 55
85 87 6 79
85 88 4 45
85 89 93 96
85 90 8 6
85 91 74 31
85 92 56 70
85 93 26 18
85 94 83 82
85 95 86 72
85 96 22 48
85 97 26 18
85 98 21 16
85 99 33 44
86 87 27 28
86 88 14 74
86 89 74 21
86 90 23 5
86 91 91 50
86 92 55 27
86 93 93 85
86 94 3 8
86 95 71 54
86 96 41 43
86 97 46 62
86 98 87 69
86 99 66 86
87 88 51 75
87 89 48 38
87 90 68 84
87 91 26 24
87 92 93 78
87 93 74 26
87 94 74 65
87 95 87 54
87 96 21 45
87 97 51 20
87 98 35 74
87 99 98 81
88 89 26 82
88 90 4 29
88 91 55 25
88 92 5 70
88 93 77 45
88 94 3 49
88 95 11 44
88 96 15 20
88 97 90 82
88 98 59 56
88 99 13 55
89 90 7 10
89 91 35 54
89 92 0 27
89 93 74 63
89 94 98 98
89 95 19 81
89 96 25 27
89 97 82 67
89 98 42 43
89 99 53 42
90 91 85 70
90 92 63 51
90 93 81 25
90 94 13 31
90 95 35 81
90 96 32 67
90 97 27 31
90 98 71 50
90 99 99 76
91 92 10 77
91 93 31 29
91 94 65 65
91 95 68 45
91 96 45 15
91 97 74 36
91 98 59 40
91 99 12 28
92 93 48 58
92 94 57 29
92 95 99 75
92 96 87 53
92 97 29 63
92 98 60 75
92 99 80 20
93 94 65 31
93 95 11 62
93 96 39 77
93 97 73 82
93 98 96 85
93 99 50 21
94 95 89 60
94 96 99 56
94 97 43 80
94 98 2 2
94 99 90 24
95 96 43 34
95 97 93 19
95 98 67 50
95 99 37 77
96 97 2 57
96 98 72 93
96 99 79 87
97 98 88 66
97 99 67 35
98 99 61 38
0
592
75 3560
76 3491
77 3438
78 3388
79 3348
80 3309
81 3272
82 3236
83 3204
84 3173
85 3141
86 3112
87 3087
88 3063
89 3038
90 3014
91 2990
92 2968
93 2944
94 2920
95 2899
96 2877
97 2853
98 2832
99 2812
100 2788
101 2767
102 2747
103 2724
104 2703
105 2683
106 2663
107 2643
108 2624
109 2605
110 2586
111 2569
112 2553
113 2536
114 2520
115 2504
116 2488
117 2473
118 2458
119 2443
120 2428
121 2413
122 2398
123 2383
124 2369
125 2354
126 2339
127 2326
128 2312
129 2297
130 2282
131 2269
132 2256
133 2241
134 2228
135 2215
136 2203
137 2189
138 2176
139 2163
140 2151
141 2138
142 2127
143 2116
144 2103
145 2093
146 2081
147 2071
148 2060
149 2049
150 2039
151 2028
152 2018
153 2010
154 2000
155 1992
156 1983
157 1975
158 1966
159 1956
160 1948
161 1938
162 1930
163 1921
164 1913
165 1905
166 1896
167 1888
168 1880
169 1872
170 1864
171 1855
172 1847
173 1841
174 1833
175 1825
176 1817
177 1809
178 1803
179 1795
180 1787
181 1780
182 1773
183 1765
184 1758
185 1751
186 1743
187 1736
188 1729
189 1722
190 1714
191 1708
192 1700
193 1694
194 1687
195 1680
196 1673
197 1665
198 1659
199 1651
200 1645
201 1638
202 1632
203 1625
204 1619
205 1612
206 1606
207 1600
208 1593
209 1587
210 1581
211 1575
212 1568
213 1562
214 1557
215 1550
216 1544
217 1539
218 1532
219 1526
220 1521
221 1516
222 1509
223 1503
224 1498
225 1491
226 1485
227 1480
228 1475
229 1468
230 1462
231 1457
232 1452
233 1446
234 1440
235 1434
236 1429
237 1424
238 1418
239 1413
240 1408
241 1403
242 1397
243 1392
244 1387
245 1382
246 1377
247 1372
248 1367
249 1362
250 1358
251 1352
252 1348
253 1343
254 1338
255 1333
256 1329
257 1323
258 1319
259 1314
260 1309
261 1304
262 1300
263 1296
264 1290
265 1286
266 1281
267 1276
268 1271
269 1267
270 1263
271 1257
272 1254
273 1249
274 1245
275 1240
276 1235
277 1232
278 1228
279 1223
280 1218
281 1214
282 1211
283 1206
284 1201
285 1197
286 1193
287 1189
288 1185
289 1180
290 1176
291 1173
292 1168
293 1164
294 1159
295 1157
296 1152
297 1147
298 1143
299 1141
300 1137
301 1131
302 1129
303 1125
304 1122
305 1118
306 1113
307 1111
308 1107
309 1104
310 1100
311 1096
312 1094
313 1090
314 1087
315 1083
316 1081
317 1077
318 1074
319 1071
320 1068
321 1065
322 1061
323 1059
324 1055
325 1052
326 1049
327 1046
328 1043
329 1040
330 1038
331 1034
332 1032
333 1029
334 1026
335 1023
336 1020
337 1017
338 1014
339 1011
340 1009
341 1005
342 1003
343 1000
344 997
345 994
346 991
347 988
348 986
349 982
350 980
351 977
352 975
353 971
355 968
356 965
357 962
358 960
359 957
360 954
361 951
363 948
364 945
365 943
366 940
367 937
368 934
370 931
371 928
372 926
373 924
374 920
376 917
377 914
378 911
379 909
380 907
381 906
382 903
383 901
384 897
385 895
387 891
388 889
389 886
390 884
391 882
392 881
393 878
394 876
395 872
397 870
398 866
399 865
400 863
401 859
402 858
403 857
404 853
405 852
406 851
407 848
408 845
410 842
411 839
412 838
413 837
414 834
415 832
417 828
418 826
419 825
420 823
421 820
422 819
423 818
424 815
425 813
427 809
428 807
429 806
430 804
431 802
432 800
434 796
435 794
437 791
438 789
440 787
441 783
443 781
444 778
446 776
447 775
448 772
449 770
451 767
453 764
455 762
456 759
458 757
459 756
460 753
462 751
463 749
464 748
465 746
466 745
467 743
469 740
470 739
471 738
472 736
473 735
474 733
475 732
476 730
477 729
478 728
479 726
480 725
481 724
482 722
483 720
484 719
485 718
486 716
487 715
488 714
489 712
490 711
491 709
492 708
493 706
495 704
496 702
497 701
498 700
499 698
500 696
502 694
503 693
504 692
505 691
506 688
507 687
508 686
509 685
510 684
511 683
512 682
513 679
514 678
515 677
516 676
517 675
518 674
519 673
520 670
522 668
524 666
526 664
528 662
529 660
530 659
531 658
532 657
533 656
534 655
535 654
536 653
537 652
538 651
539 649
541 647
543 645
544 644
545 643
546 642
547 641
548 640
549 639
550 638
551 637
552 636
553 634
555 632
557 630
559 628
561 626
563 625
565 623
567 621
569 619
571 617
573 616
575 614
577 612
579 610
581 609
583 607
585 605
587 603
589 602
591 600
593 599
594 598
596 597
597 596
598 595
600 594
601 593
603 592
604 591
605 590
607 589
608 588
609 587
611 586
613 585
614 584
615 583
617 582
619 580
621 579
623 578
625 576
628 575
630 574
631 573
633 572
634 571
636 570
638 569
640 567
643 566
645 565
646 564
648 563
651 562
652 561
654 560
657 559
658 558
660 557
663 556
664 555
666 554
668 553
671 552
672 551
674 550
677 549
678 548
680 547
683 546
684 545
686 544
689 543
691 542
692 541
695 540
697 539
700 538
701 537
704 536
706 535
709 534
712 533
713 532
717 531
718 530
722 529
724 528
728 527
730 526
733 525
736 524
739 523
743 522
745 521
749 520
751 519
754 518
757 517
760 516
764 515
766 514
770 513
772 512
776 511
780 510
782 509
786 508
790 507
792 506
796 505
801 504
805 503
807 502
811 501
816 500
822 499
828 498
834 497
840 496
846 495
853 494
860 493
867 492
877 491
884 490
892 489
902 488
911 487
921 486
928 485
936 484
946 483
958 482
972 481
987 480
1001 479
1016 478
1034 477
1056 476
1086 475
