100
0 1 60 55
0 2 62 61
0 3 85 72
0 4 70 45
0 5 26 53
0 6 87 51
0 7 69 72
0 8 25 28
0 9 98 63
0 10 32 36
0 11 30 50
0 12 30 54
0 13 51 58
0 14 70 85
0 15 32 57
0 16 93 62
0 17 62 48
0 18 12 49
0 19 49 63
0 20 91 80
0 21 8 49
0 22 50 72
0 23 7 48
0 24 39 34
0 25 38 51
0 26 5 29
0 27 41 58
0 28 70 54
0 29 42 23
0 30 97 50
0 31 36 49
0 32 18 56
0 33 5 28
0 34 84 89
0 35 25 39
0 36 54 56
0 37 60 78
0 38 12 50
0 39 36 40
0 40 28 48
0 41 22 54
0 42 49 35
0 43 38 56
0 44 42 66
0 45 31 28
0 46 38 37
0 47 56 41
0 48 47 56
0 49 23 52
0 50 34 18
0 51 70 45
0 52 41 56
0 53 97 65
0 54 45 49
0 55 25 38
0 56 75 77
0 57 2 44
0 58 47 48
0 59 81 81
0 60 45 33
0 61 39 62
0 62 98 82
0 63 41 36
0 64 73 81
0 65 79 50
0 66 84 48
0 67 42 35
0 68 15 48
0 69 15 33
0 70 79 84
0 71 34 48
0 72 4 23
0 73 38 19
0 74 74 69
0 75 54 73
0 76 11 26
0 77 83 79
0 78 27 46
0 79 89 93
0 80 92 70
0 81 71 48
0 82 97 50
0 83 10 50
0 84 9 19
0 85 38 24
0 86 23 36
0 87 39 27
0 88 90 57
0 89 21 24
0 90 15 27
0 91 17 25
0 92 66 46
0 93 61 80
0 94 42 39
0 95 82 64
0 96 62 81
0 97 65 38
0 98 33 21
0 99 81 84
1 2 27 54
1 3 48 44
1 4 79 45
1 5 25 48
1 6 23 32
1 7 48 40
1 8 55 70
1 9 54 65
1 10 31 45
1 11 12 34
1 12 87 72
1 13 48 59
1 14 68 51
1 15 44 67
1 16 86 86
1 17 5 15
1 18 39 66
1 19 11 54
1 20 63 63
1 21 83 78
1 22 93 48
1 23 9 52
1 24 49 65
1 25 79 48
1 26 60 76
1 27 34 57
1 28 85 89
1 29 74 44
1 30 67 79
1 31 96 70
1 32 45 53
1 33 39 22
1 34 28 44
1 35 91 95
1 36 54 68
1 37 41 37
1 38 0 15
1 39 87 53
1 40 57 42
1 41 40 48
1 42 51 32
1 43 77 74
1 44 66 42
1 45 88 53
1 46 87 63
1 47 49 45
1 48 81 41
1 49 21 23
1 50 83 84
1 51 28 61
1 52 39 58
1 53 12 45
1 54 54 74
1 55 17 36
1 56 78 42
1 57 0 27
1 58 16 40
1 59 12 21
1 60 63 55
1 61 35 44
1 62 25 54
1 63 79 64
1 64 37 43
1 65 25 15
1 66 37 26
1 67 27 14
1 68 36 44
1 69 66 49
1 70 4 38
1 71 7 50
1 72 16 15
1 73 82 81
1 74 82 63
1 75 84 47
1 76 75 68
1 77 43 63
1 78 38 51
1 79 41 45
1 80 75 72
1 81 22 32
1 82 10 27
1 83 79 87
1 84 42 47
1 85 53 64
1 86 30 33
1 87 52 59
1 88 18 53
1 89 46 26
1 90 48 49
1 91 88 74
1 92 1 40
1 93 13 11
1 94 3 47
1 95 10 13
1 96 58 62
1 97 86 59
1 98 20 55
1 99 97 56
2 3 83 73
2 4 83 63
2 5 5 29
2 6 64 36
2 7 42 21
2 8 23 54
2 9 91 53
2 10 21 41
2 11 57 30
2 12 38 47
2 13 5 47
2 14 34 33
2 15 48 26
2 16 55 38
2 17 37 51
2 18 36 47
2 19 5 12
2 20 75 85
2 21 99 84
2 22 94 93
2 23 7 25
2 24 86 61
2 25 21 23
2 26 11 23
2 27 70 73
2 28 3 25
2 29 19 45
2 30 78 62
2 31 67 51
2 32 5 49
2 33 90 57
2 34 5 40
2 35 33 17
2 36 80 40
2 37 10 20
2 38 64 61
2 39 68 83
2 40 13 45
2 41 19 38
2 42 47 32
2 43 33 35
2 44 83 83
2 45 32 32
2 46 28 35
2 47 27 22
2 48 67 54
2 49 83 44
2 50 81 55
2 51 36 29
2 52 49 29
2 53 13 7
2 54 37 39
2 55 6 46
2 56 43 48
2 57 58 67
2 58 22 51
2 59 39 34
2 60 27 30
2 61 66 47
2 62 23 37
2 63 4 51
2 64 1 8
2 65 18 53
2 66 89 73
2 67 95 53
2 68 47 50
2 69 9 35
2 70 50 45
2 71 82 79
2 72 26 29
2 73 29 47
2 74 24 53
2 75 94 72
2 76 71 39
2 77 85 74
2 78 62 33
2 79 71 85
2 80 95 79
2 81 15 26
2 82 67 70
2 83 2 43
2 84 33 65
2 85 96 62
2 86 0 44
2 87 86 70
2 88 15 11
2 89 8 11
2 90 4 29
2 91 32 48
2 92 57 72
2 93 2 38
2 94 73 48
2 95 70 71
2 96 13 34
2 97 90 54
2 98 97 55
2 99 82 51
3 4 54 42
3 5 63 65
3 6 92 46
3 7 67 42
3 8 18 18
3 9 68 44
3 10 12 45
3 11 23 45
3 12 83 58
3 13 58 64
3 14 17 46
3 15 57 29
3 16 93 95
3 17 91 70
3 18 56 72
3 19 18 40
3 20 77 84
3 21 31 49
3 22 68 80
3 23 3 30
3 24 44 46
3 25 96 86
3 26 92 47
3 27 90 69
3 28 91 78
3 29 68 51
3 30 93 81
3 31 78 46
3 32 14 54
3 33 99 58
3 34 15 18
3 35 16 32
3 36 68 46
3 37 62 77
3 38 66 77
3 39 99 53
3 40 28 57
3 41 67 81
3 42 38 24
3 43 26 21
3 44 89 68
3 45 45 56
3 46 51 35
3 47 99 94
3 48 84 87
3 49 59 39
3 50 44 40
3 51 16 51
3 52 7 19
3 53 86 92
3 54 55 34
3 55 60 38
3 56 97 80
3 57 58 41
3 58 36 54
3 59 19 43
3 60 78 50
3 61 5 17
3 62 79 48
3 63 15 28
3 64 13 46
3 65 87 80
3 66 54 74
3 67 84 60
3 68 37 31
3 69 82 74
3 70 17 19
3 71 71 61
3 72 12 18
3 73 79 86
3 74 98 53
3 75 59 46
3 76 8 8
3 77 96 95
3 78 22 27
3 79 72 61
3 80 3 15
3 81 61 78
3 82 61 50
3 83 12 15
3 84 0 19
3 85 81 82
3 86 14 48
3 87 96 86
3 88 88 51
3 89 24 18
3 90 25 13
3 91 69 82
3 92 62 31
3 93 83 46
3 94 48 32
3 95 71 58
3 96 38 59
3 97 6 26
3 98 57 34
3 99 29 35
4 5 5 44
4 6 3 8
4 7 94 61
4 8 91 76
4 9 73 63
4 10 39 62
4 11 47 36
4 12 6 34
4 13 13 9
4 14 89 88
4 15 8 51
4 16 72 79
4 17 44 42
4 18 86 79
4 19 9 24
4 20 16 15
4 21 87 83
4 22 36 56
4 23 61 56
4 24 49 70
4 25 26 21
4 26 16 46
4 27 89 60
4 28 7 25
4 29 54 66
4 30 77 52
4 31 48 29
4 32 7 23
4 33 58 72
4 34 59 58
4 35 40 62
4 36 6 5
4 37 61 40
4 38 99 70
4 39 11 50
4 40 70 75
4 41 15 24
4 42 94 62
4 43 13 30
4 44 86 74
4 45 3 10
4 46 71 67
4 47 63 75
4 48 24 45
4 49 40 56
4 50 21 44
4 51 84 49
4 52 16 29
4 53 54 47
4 54 60 75
4 55 83 44
4 56 49 25
4 57 75 80
4 58 50 40
4 59 83 60
4 60 27 58
4 61 59 42
4 62 30 37
4 63 47 26
4 64 66 71
4 65 49 44
4 66 36 58
4 67 33 57
4 68 2 3
4 69 44 62
4 70 69 47
4 71 48 55
4 72 96 77
4 73 8 13
4 74 97 90
4 75 50 36
4 76 72 84
4 77 33 40
4 78 97 91
4 79 89 74
4 80 49 25
4 81 99 67
4 82 23 60
4 83 39 46
4 84 0 47
4 85 67 62
4 86 22 15
4 87 15 53
4 88 23 16
4 89 95 79
4 90 15 43
4 91 10 31
4 92 40 61
4 93 35 34
4 94 43 71
4 95 31 36
4 96 47 50
4 97 29 46
4 98 10 18
4 99 91 56
5 6 19 39
5 7 62 37
5 8 68 44
5 9 35 62
5 10 69 60
5 11 68 36
5 12 84 68
5 13 89 61
5 14 16 54
5 15 64 64
5 16 23 13
5 17 40 61
5 18 17 52
5 19 76 56
5 20 56 49
5 21 60 64
5 22 52 53
5 23 57 55
5 24 89 74
5 25 72 56
5 26 2 15
5 27 94 65
5 28 59 74
5 29 36 26
5 30 61 50
5 31 77 75
5 32 16 47
5 33 25 22
5 34 34 23
5 35 53 37
5 36 74 77
5 37 17 31
5 38 43 29
5 39 21 37
5 40 87 69
5 41 9 44
5 42 58 70
5 43 16 41
5 44 75 40
5 45 50 46
5 46 7 40
5 47 69 76
5 48 75 76
5 49 45 28
5 50 53 65
5 51 56 57
5 52 15 55
5 53 82 89
5 54 14 39
5 55 1 21
5 56 16 12
5 57 61 39
5 58 30 62
5 59 84 59
5 60 59 38
5 61 16 31
5 62 33 39
5 63 25 30
5 64 19 29
5 65 49 66
5 66 67 53
5 67 49 60
5 68 12 40
5 69 99 54
5 70 31 60
5 71 97 66
5 72 6 4
5 73 16 44
5 74 45 45
5 75 67 77
5 76 34 56
5 77 53 26
5 78 94 53
5 79 32 49
5 80 12 18
5 81 89 91
5 82 17 47
5 83 12 43
5 84 56 69
5 85 64 64
5 86 38 29
5 87 94 62
5 88 94 80
5 89 68 65
5 90 2 38
5 91 54 34
5 92 42 46
5 93 99 62
5 94 50 40
5 95 15 8
5 96 44 25
5 97 4 36
5 98 45 28
5 99 79 76
6 7 5 35
6 8 56 51
6 9 29 15
6 10 31 40
6 11 79 79
6 12 17 12
6 13 14 19
6 14 4 25
6 15 39 29
6 16 14 52
6 17 61 57
6 18 94 50
6 19 0 26
6 20 98 67
6 21 99 50
6 22 61 35
6 23 47 45
6 24 97 86
6 25 5 20
6 26 66 80
6 27 48 35
6 28 54 32
6 29 38 37
6 30 43 44
6 31 68 41
6 32 64 69
6 33 46 58
6 34 59 44
6 35 8 10
6 36 38 37
6 37 28 49
6 38 84 79
6 39 61 69
6 40 89 54
6 41 99 57
6 42 69 51
6 43 18 22
6 44 60 70
6 45 0 6
6 46 77 78
6 47 5 4
6 48 46 67
6 49 94 73
6 50 49 68
6 51 11 33
6 52 78 61
6 53 11 15
6 54 58 37
6 55 17 13
6 56 94 63
6 57 54 56
6 58 47 27
6 59 27 42
6 60 32 33
6 61 5 15
6 62 16 24
6 63 28 49
6 64 88 71
6 65 54 33
6 66 35 47
6 67 70 77
6 68 87 84
6 69 72 47
6 70 85 44
6 71 17 22
6 72 66 40
6 73 3 29
6 74 45 44
6 75 53 44
6 76 29 29
6 77 49 47
6 78 17 28
6 79 81 81
6 80 34 51
6 81 26 42
6 82 69 63
6 83 42 55
6 84 54 39
6 85 66 62
6 86 95 66
6 87 35 66
6 88 42 60
6 89 64 79
6 90 27 41
6 91 65 46
6 92 83 78
6 93 96 87
6 94 35 41
6 95 87 65
6 96 6 16
6 97 28 46
6 98 24 45
6 99 82 69
7 8 72 53
7 9 82 47
7 10 28 16
7 11 76 74
7 12 30 54
7 13 36 51
7 14 47 49
7 15 93 74
7 16 22 20
7 17 53 71
7 18 67 53
7 19 98 81
7 20 74 57
7 21 63 58
7 22 8 21
7 23 64 46
7 24 97 58
7 25 1 23
7 26 14 12
7 27 76 71
7 28 54 67
7 29 74 79
7 30 2 24
7 31 22 41
7 32 30 24
7 33 62 45
7 34 5 45
7 35 66 81
7 36 74 52
7 37 54 43
7 38 88 68
7 39 48 65
7 40 17 32
7 41 23 35
7 42 42 50
7 43 6 50
7 44 50 34
7 45 22 27
7 46 16 38
7 47 54 30
7 48 89 71
7 49 90 70
7 50 55 76
7 51 58 58
7 52 64 40
7 53 79 83
7 54 68 82
7 55 30 58
7 56 65 49
7 57 87 57
7 58 75 51
7 59 82 42
7 60 82 50
7 61 79 77
7 62 94 93
7 63 58 47
7 64 33 37
7 65 25 45
7 66 1 40
7 67 34 53
7 68 80 69
7 69 26 17
7 70 22 36
7 71 84 87
7 72 37 37
7 73 24 48
7 74 51 41
7 75 68 44
7 76 0 36
7 77 61 51
7 78 6 11
7 79 26 38
7 80 9 26
7 81 13 33
7 82 94 96
7 83 19 45
7 84 66 51
7 85 3 18
7 86 61 45
7 87 6 48
7 88 24 38
7 89 92 84
7 90 92 77
7 91 7 8
7 92 16 14
7 93 13 55
7 94 57 38
7 95 82 65
7 96 14 42
7 97 53 62
7 98 35 31
7 99 40 25
8 9 94 66
8 10 19 54
8 11 0 17
8 12 75 62
8 13 68 50
8 14 32 60
8 15 34 22
8 16 75 84
8 17 16 37
8 18 64 46
8 19 44 62
8 20 68 80
8 21 48 43
8 22 78 83
8 23 78 41
8 24 15 11
8 25 92 47
8 26 70 74
8 27 55 38
8 28 73 36
8 29 15 41
8 30 74 84
8 31 58 64
8 32 82 84
8 33 60 73
8 34 51 49
8 35 37 25
8 36 32 38
8 37 91 88
8 38 50 27
8 39 49 35
8 40 83 90
8 41 72 80
8 42 15 22
8 43 89 89
8 44 63 47
8 45 69 38
8 46 41 45
8 47 54 33
8 48 25 43
8 49 18 55
8 50 77 57
8 51 72 56
8 52 50 25
8 53 90 60
8 54 70 53
8 55 6 42
8 56 90 66
8 57 92 88
8 58 68 77
8 59 91 76
8 60 77 79
8 61 1 43
8 62 21 59
8 63 19 36
8 64 56 32
8 65 84 59
8 66 39 39
8 67 54 68
8 68 22 44
8 69 93 66
8 70 17 54
8 71 77 69
8 72 46 45
8 73 40 22
8 74 47 38
8 75 32 65
8 76 63 67
8 77 83 45
8 78 46 71
8 79 78 88
8 80 97 55
8 81 82 52
8 82 4 13
8 83 15 13
8 84 4 41
8 85 43 51
8 86 40 39
8 87 83 86
8 88 68 73
8 89 62 63
8 90 57 48
8 91 31 18
8 92 85 68
8 93 42 60
8 94 20 50
8 95 76 39
8 96 96 96
8 97 17 52
8 98 95 70
8 99 52 47
9 10 81 71
9 11 1 23
9 12 89 70
9 13 91 73
9 14 49 55
9 15 9 10
9 16 5 8
9 17 99 60
9 18 76 64
9 19 83 70
9 20 97 94
9 21 18 13
9 22 27 55
9 23 29 62
9 24 38 54
9 25 61 39
9 26 39 66
9 27 15 38
9 28 71 46
9 29 76 53
9 30 91 72
9 31 75 43
9 32 57 45
9 33 24 16
9 34 17 13
9 35 58 76
9 36 23 35
9 37 8 33
9 38 31 42
9 39 87 48
9 40 28 51
9 41 35 32
9 42 10 16
9 43 44 46
9 44 26 16
9 45 7 20
9 46 97 69
9 47 0 30
9 48 17 56
9 49 24 27
9 50 4 6
9 51 54 76
9 52 94 89
9 53 51 67
9 54 53 30
9 55 40 30
9 56 72 47
9 57 89 53
9 58 7 28
9 59 98 67
9 60 38 65
9 61 18 53
9 62 15 13
9 63 85 62
9 64 52 28
9 65 36 61
9 66 94 59
9 67 50 57
9 68 13 25
9 69 15 21
9 70 44 30
9 71 28 27
9 72 3 21
9 73 79 52
9 74 0 31
9 75 93 60
9 76 66 48
9 77 16 28
9 78 44 48
9 79 68 36
9 80 13 27
9 81 82 50
9 82 30 45
9 83 52 67
9 84 99 90
9 85 25 13
9 86 71 54
9 87 8 28
9 88 25 14
9 89 32 41
9 90 25 51
9 91 43 55
9 92 6 32
9 93 28 19
9 94 95 61
9 95 60 55
9 96 58 60
9 97 85 83
9 98 89 81
9 99 84 42
10 11 86 84
10 12 40 42
10 13 75 85
10 14 93 77
10 15 74 75
10 16 18 36
10 17 18 43
10 18 41 27
10 19 3 35
10 20 49 43
10 21 48 37
10 22 13 33
10 23 26 57
10 24 17 14
10 25 39 27
10 26 91 64
10 27 0 34
10 28 35 52
10 29 7 34
10 30 40 69
10 31 67 44
10 32 12 16
10 33 21 26
10 34 98 75
10 35 74 50
10 36 44 44
10 37 69 82
10 38 7 31
10 39 44 37
10 40 70 56
10 41 68 50
10 42 26 56
10 43 84 58
10 44 19 30
10 45 22 45
10 46 70 48
10 47 80 79
10 48 70 61
10 49 82 51
10 50 20 22
10 51 33 38
10 52 69 37
10 53 42 67
10 54 76 83
10 55 91 82
10 56 25 22
10 57 71 72
10 58 28 48
10 59 33 59
10 60 91 90
10 61 45 34
10 62 60 68
10 63 49 59
10 64 33 52
10 65 13 48
10 66 61 38
10 67 24 48
10 68 70 36
10 69 7 35
10 70 81 84
10 71 60 71
10 72 14 37
10 73 68 55
10 74 7 51
10 75 50 64
10 76 19 22
10 77 86 70
10 78 31 40
10 79 25 43
10 80 49 59
10 81 26 38
10 82 89 75
10 83 8 52
10 84 25 13
10 85 16 36
10 86 73 38
10 87 20 11
10 88 30 57
10 89 30 52
10 90 54 49
10 91 94 63
10 92 95 54
10 93 18 54
10 94 10 7
10 95 7 43
10 96 22 26
10 97 15 35
10 98 11 34
10 99 81 75
11 12 31 45
11 13 43 41
11 14 79 68
11 15 52 46
11 16 32 52
11 17 25 15
11 18 82 67
11 19 23 25
11 20 34 39
11 21 47 51
11 22 88 85
11 23 6 24
11 24 28 53
11 25 43 51
11 26 61 32
11 27 7 47
11 28 96 53
11 29 2 51
11 30 46 40
11 31 58 43
11 32 69 81
11 33 33 22
11 34 46 37
11 35 3 42
11 36 23 40
11 37 17 56
11 38 93 59
11 39 73 53
11 40 73 74
11 41 4 31
11 42 47 31
11 43 35 50
11 44 9 35
11 45 51 37
11 46 12 43
11 47 25 25
11 48 16 45
11 49 66 45
11 50 0 49
11 51 52 52
11 52 70 80
11 53 41 68
11 54 74 73
11 55 95 73
11 56 49 27
11 57 97 51
11 58 47 69
11 59 95 60
11 60 45 71
11 61 43 56
11 62 48 57
11 63 29 55
11 64 19 35
11 65 64 80
11 66 68 83
11 67 56 59
11 68 44 64
11 69 26 17
11 70 77 88
11 71 70 44
11 72 9 4
11 73 42 27
11 74 5 35
11 75 8 48
11 76 1 44
11 77 97 56
11 78 23 33
11 79 95 85
11 80 79 55
11 81 76 47
11 82 39 54
11 83 39 33
11 84 16 50
11 85 46 62
11 86 23 40
11 87 98 67
11 88 68 37
11 89 81 47
11 90 32 49
11 91 67 74
11 92 29 41
11 93 68 36
11 94 12 10
11 95 81 45
11 96 38 24
11 97 53 71
11 98 81 90
11 99 68 63
12 13 38 41
12 14 71 39
12 15 36 18
12 16 43 59
12 17 35 46
12 18 17 41
12 19 97 91
12 20 78 65
12 21 56 50
12 22 56 77
12 23 72 65
12 24 85 68
12 25 70 64
12 26 68 59
12 27 17 58
12 28 34 22
12 29 65 33
12 30 33 25
12 31 38 48
12 32 48 58
12 33 45 72
12 34 61 48
12 35 62 32
12 36 80 66
12 37 82 52
12 38 81 70
12 39 60 35
12 40 55 47
12 41 20 39
12 42 37 26
12 43 75 87
12 44 73 59
12 45 1 2
12 46 97 84
12 47 4 30
12 48 58 57
12 49 76 82
12 50 55 32
12 51 74 57
12 52 91 72
12 53 61 66
12 54 59 63
12 55 68 82
12 56 60 47
12 57 3 39
12 58 14 18
12 59 26 42
12 60 6 36
12 61 87 50
12 62 6 16
12 63 14 7
12 64 56 58
12 65 92 83
12 66 86 86
12 67 17 34
12 68 69 81
12 69 24 49
12 70 40 62
12 71 74 47
12 72 46 37
12 73 94 94
12 74 93 95
12 75 16 50
12 76 65 57
12 77 38 34
12 78 39 22
12 79 26 55
12 80 76 76
12 81 44 53
12 82 5 29
12 83 49 74
12 84 39 32
12 85 34 19
12 86 2 30
12 87 3 10
12 88 42 25
12 89 32 46
12 90 0 26
12 91 54 37
12 92 80 49
12 93 86 82
12 94 85 55
12 95 34 56
12 96 25 30
12 97 45 58
12 98 11 7
12 99 93 89
13 14 15 26
13 15 18 40
13 16 78 56
13 17 40 24
13 18 99 55
13 19 49 48
13 20 6 18
13 21 35 25
13 22 76 51
13 23 68 73
13 24 38 27
13 25 62 63
13 26 86 86
13 27 14 31
13 28 97 68
13 29 75 80
13 30 81 53
13 31 18 51
13 32 89 68
13 33 37 51
13 34 93 53
13 35 58 63
13 36 88 88
13 37 63 70
13 38 68 68
13 39 89 52
13 40 61 54
13 41 9 11
13 42 79 58
13 43 82 76
13 44 13 55
13 45 87 65
13 46 24 32
13 47 0 15
13 48 57 67
13 49 95 60
13 50 62 61
13 51 65 54
13 52 39 20
13 53 62 52
13 54 1 18
13 55 97 98
13 56 11 45
13 57 30 61
13 58 69 78
13 59 24 23
13 60 72 85
13 61 94 59
13 62 7 49
13 63 3 3
13 64 19 39
13 65 47 39
13 66 46 67
13 67 6 32
13 68 90 66
13 69 65 55
13 70 22 20
13 71 20 56
13 72 70 48
13 73 51 67
13 74 45 24
13 75 66 62
13 76 3 13
13 77 78 60
13 78 94 85
13 79 9 27
13 80 17 23
13 81 81 48
13 82 66 58
13 83 12 21
13 84 81 89
13 85 74 37
13 86 90 82
13 87 41 43
13 88 56 67
13 89 7 46
13 90 16 31
13 91 58 38
13 92 25 60
13 93 27 55
13 94 66 35
13 95 62 77
13 96 61 36
13 97 12 43
13 98 20 30
13 99 76 39
14 15 46 70
14 16 52 35
14 17 14 31
14 18 4 41
14 19 72 38
14 20 65 57
14 21 48 48
14 22 26 49
14 23 76 52
14 24 94 84
14 25 89 86
14 26 77 51
14 27 41 31
14 28 46 71
14 29 5 4
14 30 98 88
14 31 1 6
14 32 4 23
14 33 48 31
14 34 91 68
14 35 38 22
14 36 8 34
14 37 59 72
14 38 16 38
14 39 7 40
14 40 99 64
14 41 53 71
14 42 32 52
14 43 48 71
14 44 21 29
14 45 29 26
14 46 17 48
14 47 39 44
14 48 9 6
14 49 32 64
14 50 80 43
14 51 20 57
14 52 0 2
14 53 46 58
14 54 36 64
14 55 63 73
14 56 16 18
14 57 73 63
14 58 75 44
14 59 70 47
14 60 62 50
14 61 51 38
14 62 38 45
14 63 28 35
14 64 70 49
14 65 55 77
14 66 22 55
14 67 81 43
14 68 90 66
14 69 65 39
14 70 14 29
14 71 36 59
14 72 84 60
14 73 91 62
14 74 5 46
14 75 47 68
14 76 46 48
14 77 21 11
14 78 11 14
14 79 26 36
14 80 97 70
14 81 5 11
14 82 72 76
14 83 98 94
14 84 30 21
14 85 3 22
14 86 83 88
14 87 83 56
14 88 79 85
14 89 45 25
14 90 53 49
14 91 64 40
14 92 30 42
14 93 90 80
14 94 72 81
14 95 44 64
14 96 64 32
14 97 53 65
14 98 94 77
14 99 76 60
15 16 64 57
15 17 74 37
15 18 40 29
15 19 49 41
15 20 91 63
15 21 72 53
15 22 39 48
15 23 38 23
15 24 92 63
15 25 13 37
15 26 25 55
15 27 27 58
15 28 24 42
15 29 89 83
15 30 21 21
15 31 50 48
15 32 81 60
15 33 95 50
15 34 78 76
15 35 8 51
15 36 31 64
15 37 1 43
15 38 81 43
15 39 2 12
15 40 56 49
15 41 14 44
15 42 21 40
15 43 42 53
15 44 31 48
15 45 82 77
15 46 71 38
15 47 64 70
15 48 34 54
15 49 23 29
15 50 80 73
15 51 97 51
15 52 44 53
15 53 63 42
15 54 91 87
15 55 21 57
15 56 67 68
15 57 53 75
15 58 9 22
15 59 56 37
15 60 87 83
15 61 21 52
15 62 10 54
15 63 36 60
15 64 94 53
15 65 63 41
15 66 52 46
15 67 93 82
15 68 87 93
15 69 15 52
15 70 81 55
15 71 40 69
15 72 8 29
15 73 6 45
15 74 77 57
15 75 53 52
15 76 15 44
15 77 34 54
15 78 76 49
15 79 74 56
15 80 53 70
15 81 92 59
15 82 90 61
15 83 91 57
15 84 58 71
15 85 82 54
15 86 85 87
15 87 34 42
15 88 82 69
15 89 38 54
15 90 61 42
15 91 35 67
15 92 84 52
15 93 18 28
15 94 72 77
15 95 41 31
15 96 90 87
15 97 69 56
15 98 72 70
15 99 87 60
16 17 29 59
16 18 79 70
16 19 79 50
16 20 36 23
16 21 59 70
16 22 23 43
16 23 82 46
16 24 51 66
16 25 65 50
16 26 1 34
16 27 32 41
16 28 13 32
16 29 36 20
16 30 92 47
16 31 72 79
16 32 34 65
16 33 61 54
16 34 39 65
16 35 1 16
16 36 30 59
16 37 65 46
16 38 66 81
16 39 70 65
16 40 61 77
16 41 58 52
16 42 32 27
16 43 27 59
16 44 31 57
16 45 15 30
16 46 51 36
16 47 26 29
16 48 70 68
16 49 63 41
16 50 83 45
16 51 68 78
16 52 76 65
16 53 32 65
16 54 16 25
16 55 81 80
16 56 91 65
16 57 49 62
16 58 86 57
16 59 17 35
16 60 78 55
16 61 62 51
16 62 41 37
16 63 50 69
16 64 49 36
16 65 79 53
16 66 40 23
16 67 63 42
16 68 13 56
16 69 57 54
16 70 65 35
16 71 98 63
16 72 16 52
16 73 51 40
16 74 29 35
16 75 84 87
16 76 31 49
16 77 20 25
16 78 79 71
16 79 77 55
16 80 79 69
16 81 68 75
16 82 12 17
16 83 88 46
16 84 27 58
16 85 47 60
16 86 28 52
16 87 63 63
16 88 1 28
16 89 28 25
16 90 62 40
16 91 81 47
16 92 46 24
16 93 99 92
16 94 91 89
16 95 70 76
16 96 17 12
16 97 72 53
16 98 98 62
16 99 10 18
17 18 65 51
17 19 29 57
17 20 0 17
17 21 95 52
17 22 66 72
17 23 41 26
17 24 7 35
17 25 94 61
17 26 22 21
17 27 71 61
17 28 19 32
17 29 44 23
17 30 18 26
17 31 50 34
17 32 31 63
17 33 87 89
17 34 65 33
17 35 94 51
17 36 36 60
17 37 95 88
17 38 97 79
17 39 6 25
17 40 3 26
17 41 33 20
17 42 97 64
17 43 87 76
17 44 72 69
17 45 70 53
17 46 54 64
17 47 22 27
17 48 85 56
17 49 7 53
17 50 18 16
17 51 19 11
17 52 6 15
17 53 44 24
17 54 77 88
17 55 10 30
17 56 39 34
17 57 86 86
17 58 23 35
17 59 69 49
17 60 69 38
17 61 41 31
17 62 36 51
17 63 86 91
17 64 77 57
17 65 76 70
17 66 77 85
17 67 16 50
17 68 88 78
17 69 93 69
17 70 35 17
17 71 19 37
17 72 78 56
17 73 10 6
17 74 2 34
17 75 26 59
17 76 55 71
17 77 41 59
17 78 9 16
17 79 44 53
17 80 51 67
17 81 51 62
17 82 63 73
17 83 93 54
17 84 87 55
17 85 22 33
17 86 7 40
17 87 83 42
17 88 37 53
17 89 91 89
17 90 16 44
17 91 81 57
17 92 28 39
17 93 94 92
17 94 64 72
17 95 16 50
17 96 27 46
17 97 74 52
17 98 72 48
17 99 12 34
18 19 85 62
18 20 29 18
18 21 63 59
18 22 65 49
18 23 45 38
18 24 7 46
18 25 77 62
18 26 10 23
18 27 48 27
18 28 1 34
18 29 13 31
18 30 36 55
18 31 21 42
18 32 33 17
18 33 65 65
18 34 4 6
18 35 73 45
18 36 80 69
18 37 7 18
18 38 93 91
18 39 29 39
18 40 32 27
18 41 82 84
18 42 8 43
18 43 6 7
18 44 39 48
18 45 23 29
18 46 87 81
18 47 3 20
18 48 45 71
18 49 24 17
18 50 27 38
18 51 83 78
18 52 55 47
18 53 9 13
18 54 91 67
18 55 8 37
18 56 38 36
18 57 91 81
18 58 14 43
18 59 10 49
18 60 90 60
18 61 93 49
18 62 38 33
18 63 62 57
18 64 27 40
18 65 40 36
18 66 72 50
18 67 6 43
18 68 47 43
18 69 91 72
18 70 67 53
18 71 8 24
18 72 95 90
18 73 38 36
18 74 43 25
18 75 50 38
18 76 82 79
18 77 27 49
18 78 88 81
18 79 9 46
18 80 16 52
18 81 36 63
18 82 53 56
18 83 22 41
18 84 54 38
18 85 39 50
18 86 88 52
18 87 39 48
18 88 82 69
18 89 34 41
18 90 3 41
18 91 80 59
18 92 60 34
18 93 79 44
18 94 2 20
18 95 55 48
18 96 78 87
18 97 44 22
18 98 59 77
18 99 72 37
19 20 73 64
19 21 30 24
19 22 53 33
19 23 36 43
19 24 17 12
19 25 42 48
19 26 60 50
19 27 54 70
19 28 53 50
19 29 44 28
19 30 36 31
19 31 46 23
19 32 10 27
19 33 81 64
19 34 82 41
19 35 67 46
19 36 75 82
19 37 96 60
19 38 67 79
19 39 73 83
19 40 48 64
19 41 94 89
19 42 92 63
19 43 3 34
19 44 7 39
19 45 6 28
19 46 55 57
19 47 32 64
19 48 82 70
19 49 63 79
19 50 49 73
19 51 11 43
19 52 82 69
19 53 14 46
19 54 43 68
19 55 87 47
19 56 89 55
19 57 8 35
19 58 1 10
19 59 19 16
19 60 9 21
19 61 5 6
19 62 55 60
19 63 69 79
19 64 28 29
19 65 16 33
19 66 1 20
19 67 57 72
19 68 82 64
19 69 44 45
19 70 16 19
19 71 47 44
19 72 31 26
19 73 61 51
19 74 40 41
19 75 77 64
19 76 79 44
19 77 0 9
19 78 73 74
19 79 82 80
19 80 89 51
19 81 44 24
19 82 60 37
19 83 19 30
19 84 34 19
19 85 49 69
19 86 51 69
19 87 30 46
19 88 94 58
19 89 45 55
19 90 2 19
19 91 74 78
19 92 67 49
19 93 36 61
19 94 52 39
19 95 42 21
19 96 23 43
19 97 96 58
19 98 18 17
19 99 73 48
20 21 5 20
20 22 30 52
20 23 96 81
20 24 34 34
20 25 5 44
20 26 51 63
20 27 48 27
20 28 77 77
20 29 37 48
20 30 2 20
20 31 55 43
20 32 83 62
20 33 33 59
20 34 65 72
20 35 98 49
20 36 66 78
20 37 19 12
20 38 8 51
20 39 64 54
20 40 82 64
20 41 7 27
20 42 42 55
20 43 61 40
20 44 31 35
20 45 89 47
20 46 88 70
20 47 69 78
20 48 56 48
20 49 46 48
20 50 57 74
20 51 62 49
20 52 66 46
20 53 1 27
20 54 63 63
20 55 85 80
20 56 75 53
20 57 82 55
20 58 57 39
20 59 75 53
20 60 75 38
20 61 61 71
20 62 85 87
20 63 34 54
20 64 39 58
20 65 68 47
20 66 17 40
20 67 53 72
20 68 96 95
20 69 54 41
20 70 91 56
20 71 88 61
20 72 54 69
20 73 30 43
20 74 79 69
20 75 33 38
20 76 80 84
20 77 9 36
20 78 90 78
20 79 79 60
20 80 22 17
20 81 78 40
20 82 8 54
20 83 79 55
20 84 93 76
20 85 12 14
20 86 23 44
20 87 0 13
20 88 28 55
20 89 62 64
20 90 78 88
20 91 53 40
20 92 47 35
20 93 46 69
20 94 85 68
20 95 4 14
20 96 70 80
20 97 1 30
20 98 50 62
20 99 15 46
21 22 50 28
21 23 46 72
21 24 93 74
21 25 44 44
21 26 30 40
21 27 31 39
21 28 81 57
21 29 60 70
21 30 77 67
21 31 24 28
21 32 79 71
21 33 64 77
21 34 60 35
21 35 74 67
21 36 85 80
21 37 87 47
21 38 93 94
21 39 25 13
21 40 85 54
21 41 0 32
21 42 34 54
21 43 63 61
21 44 43 26
21 45 20 56
21 46 40 51
21 47 91 94
21 48 77 52
21 49 67 45
21 50 64 67
21 51 19 48
21 52 46 36
21 53 95 72
21 54 14 37
21 55 96 70
21 56 84 45
21 57 8 16
21 58 2 28
21 59 45 24
21 60 99 58
21 61 41 37
21 62 96 63
21 63 43 44
21 64 46 52
21 65 66 45
21 66 77 58
21 67 65 79
21 68 17 26
21 69 27 48
21 70 22 39
21 71 86 69
21 72 21 24
21 73 60 35
21 74 68 66
21 75 86 49
21 76 37 44
21 77 59 65
21 78 46 27
21 79 75 80
21 80 12 45
21 81 24 15
21 82 29 37
21 83 73 42
21 84 52 28
21 85 80 83
21 86 55 45
21 87 60 42
21 88 4 50
21 89 89 54
21 90 61 42
21 91 19 41
21 92 5 20
21 93 15 54
21 94 93 67
21 95 84 74
21 96 56 32
21 97 86 44
21 98 38 31
21 99 30 61
22 23 91 62
22 24 41 45
22 25 70 60
22 26 98 55
22 27 85 68
22 28 1 23
22 29 31 58
22 30 13 55
22 31 6 22
22 32 57 64
22 33 42 41
22 34 73 66
22 35 74 68
22 36 76 52
22 37 52 37
22 38 54 39
22 39 62 55
22 40 34 53
22 41 28 33
22 42 51 42
22 43 92 62
22 44 13 51
22 45 32 18
22 46 55 52
22 47 98 49
22 48 52 75
22 49 4 20
22 50 9 12
22 51 55 48
22 52 80 58
22 53 14 13
22 54 50 74
22 55 27 15
22 56 18 51
22 57 20 59
22 58 19 15
22 59 17 28
22 60 43 46
22 61 13 29
22 62 31 57
22 63 56 58
22 64 31 61
22 65 28 60
22 66 22 26
22 67 91 47
22 68 87 92
22 69 64 55
22 70 86 61
22 71 86 68
22 72 93 57
22 73 60 48
22 74 79 76
22 75 64 81
22 76 48 33
22 77 86 81
22 78 77 49
22 79 74 41
22 80 80 78
22 81 6 19
22 82 6 39
22 83 63 60
22 84 90 74
22 85 37 32
22 86 33 17
22 87 96 62
22 88 47 30
22 89 5 44
22 90 89 57
22 91 40 41
22 92 73 81
22 93 20 35
22 94 35 42
22 95 52 67
22 96 98 94
22 97 96 93
22 98 37 28
22 99 9 26
23 24 77 52
23 25 27 60
23 26 44 39
23 27 22 25
23 28 22 26
23 29 23 17
23 30 90 82
23 31 71 64
23 32 52 43
23 33 12 44
23 34 25 22
23 35 72 63
23 36 58 62
23 37 90 89
23 38 31 26
23 39 72 38
23 40 49 55
23 41 98 61
23 42 13 35
23 43 43 24
23 44 93 82
23 45 53 56
23 46 64 46
23 47 98 51
23 48 77 48
23 49 35 55
23 50 27 47
23 51 49 27
23 52 98 50
23 53 12 27
23 54 1 41
23 55 42 25
23 56 62 41
23 57 6 35
23 58 96 66
23 59 55 28
23 60 7 33
23 61 41 55
23 62 30 22
23 63 27 26
23 64 45 52
23 65 8 40
23 66 91 62
23 67 50 46
23 68 77 83
23 69 3 6
23 70 1 27
23 71 21 56
23 72 61 69
23 73 34 53
23 74 83 58
23 75 2 9
23 76 44 62
23 77 75 47
23 78 91 56
23 79 72 63
23 80 51 32
23 81 57 35
23 82 40 43
23 83 97 90
23 84 41 64
23 85 75 40
23 86 40 68
23 87 99 87
23 88 58 33
23 89 16 27
23 90 27 53
23 91 98 79
23 92 72 49
23 93 78 64
23 94 46 58
23 95 19 55
23 96 7 11
23 97 1 33
23 98 51 72
23 99 35 46
24 25 57 76
24 26 18 40
24 27 41 46
24 28 86 49
24 29 88 46
24 30 30 19
24 31 13 29
24 32 84 77
24 33 17 26
24 34 3 18
24 35 16 50
24 36 7 4
24 37 33 41
24 38 35 22
24 39 10 32
24 40 1 11
24 41 82 62
24 42 93 89
24 43 35 23
24 44 65 62
24 45 0 30
24 46 67 47
24 47 65 56
24 48 66 44
24 49 48 71
24 50 59 68
24 51 17 24
24 52 30 40
24 53 99 95
24 54 77 46
24 55 99 92
24 56 21 15
24 57 64 51
24 58 69 59
24 59 21 58
24 60 10 10
24 61 66 71
24 62 2 31
24 63 3 21
24 64 86 46
24 65 55 66
24 66 26 60
24 67 6 50
24 68 30 53
24 69 31 57
24 70 22 46
24 71 2 18
24 72 55 65
24 73 74 80
24 74 95 90
24 75 83 83
24 76 38 65
24 77 27 21
24 78 15 37
24 79 69 83
24 80 36 63
24 81 77 55
24 82 8 7
24 83 59 65
24 84 30 61
24 85 99 95
24 86 64 59
24 87 48 38
24 88 16 34
24 89 36 68
24 90 31 36
24 91 11 39
24 92 42 48
24 93 27 53
24 94 69 59
24 95 55 60
24 96 40 20
24 97 50 73
24 98 92 71
24 99 97 54
25 26 96 96
25 27 11 9
25 28 46 26
25 29 54 64
25 30 12 40
25 31 14 38
25 32 45 67
25 33 42 66
25 34 33 42
25 35 33 27
25 36 12 19
25 37 6 17
25 38 93 93
25 39 81 79
25 40 28 16
25 41 65 78
25 42 91 66
25 43 72 61
25 44 55 32
25 45 58 40
25 46 17 27
25 47 64 59
25 48 9 19
25 49 95 78
25 50 48 54
25 51 40 52
25 52 25 16
25 53 44 67
25 54 47 52
25 55 27 19
25 56 82 80
25 57 8 39
25 58 18 29
25 59 57 72
25 60 80 49
25 61 99 70
25 62 29 54
25 63 14 12
25 64 97 86
25 65 11 10
25 66 90 62
25 67 45 59
25 68 85 85
25 69 3 4
25 70 79 51
25 71 43 31
25 72 60 31
25 73 21 17
25 74 98 99
25 75 49 37
25 76 31 19
25 77 63 49
25 78 9 7
25 79 78 66
25 80 66 60
25 81 21 33
25 82 85 77
25 83 81 45
25 84 55 58
25 85 53 33
25 86 3 22
25 87 87 69
25 88 15 51
25 89 5 41
25 90 14 34
25 91 24 39
25 92 33 59
25 93 71 73
25 94 52 43
25 95 74 77
25 96 48 54
25 97 64 68
25 98 68 79
25 99 46 71
26 27 99 56
26 28 9 48
26 29 18 18
26 30 87 76
26 31 37 57
26 32 67 66
26 33 27 36
26 34 48 29
26 35 93 57
26 36 73 73
26 37 66 70
26 38 39 25
26 39 14 41
26 40 76 80
26 41 6 41
26 42 59 51
26 43 89 74
26 44 99 97
26 45 76 71
26 46 36 38
26 47 83 68
26 48 33 41
26 49 9 34
26 50 46 43
26 51 15 47
26 52 68 76
26 53 81 64
26 54 1 47
26 55 92 87
26 56 25 33
26 57 45 38
26 58 51 74
26 59 54 35
26 60 72 57
26 61 92 88
26 62 53 73
26 63 23 14
26 64 27 62
26 65 16 51
26 66 82 43
26 67 99 51
26 68 34 49
26 69 28 57
26 70 94 56
26 71 9 47
26 72 78 53
26 73 63 57
26 74 52 66
26 75 45 44
26 76 19 12
26 77 10 32
26 78 3 47
26 79 30 37
26 80 2 23
26 81 65 58
26 82 34 55
26 83 80 59
26 84 82 70
26 85 42 37
26 86 52 58
26 87 39 51
26 88 48 63
26 89 29 36
26 90 39 61
26 91 49 42
26 92 53 69
26 93 4 46
26 94 25 46
26 95 44 38
26 96 78 50
26 97 8 51
26 98 34 36
26 99 90 92
27 28 5 14
27 29 74 83
27 30 4 41
27 31 76 64
27 32 52 59
27 33 85 66
27 34 20 43
27 35 76 87
27 36 63 59
27 37 85 54
27 38 73 70
27 39 28 22
27 40 16 46
27 41 71 71
27 42 74 77
27 43 8 23
27 44 15 47
27 45 46 46
27 46 43 24
27 47 53 67
27 48 6 38
27 49 42 22
27 50 10 17
27 51 64 36
27 52 9 46
27 53 70 69
27 54 91 78
27 55 52 26
27 56 61 48
27 57 51 62
27 58 13 22
27 59 54 38
27 60 46 25
27 61 96 48
27 62 78 83
27 63 46 31
27 64 85 85
27 65 15 26
27 66 13 26
27 67 43 64
27 68 89 76
27 69 26 44
27 70 82 58
27 71 73 62
27 72 70 38
27 73 48 58
27 74 15 53
27 75 89 89
27 76 14 40
27 77 34 31
27 78 4 10
27 79 30 29
27 80 54 35
27 81 86 89
27 82 91 49
27 83 78 71
27 84 16 18
27 85 98 74
27 86 76 78
27 87 11 15
27 88 55 39
27 89 21 54
27 90 64 75
27 91 30 52
27 92 16 10
27 93 0 4
27 94 29 16
27 95 87 45
27 96 90 70
27 97 51 38
27 98 15 32
27 99 69 39
28 29 42 51
28 30 16 22
28 31 65 42
28 32 57 40
28 33 43 30
28 34 36 61
28 35 27 24
28 36 29 53
28 37 78 65
28 38 79 84
28 39 61 51
28 40 81 87
28 41 25 20
28 42 85 53
28 43 38 62
28 44 2 7
28 45 74 79
28 46 31 43
28 47 84 49
28 48 89 70
28 49 67 40
28 50 83 82
28 51 69 55
28 52 39 52
28 53 96 94
28 54 68 78
28 55 42 70
28 56 10 18
28 57 22 54
28 58 94 52
28 59 95 85
28 60 69 84
28 61 32 60
28 62 49 58
28 63 79 73
28 64 63 47
28 65 39 48
28 66 35 48
28 67 80 69
28 68 53 52
28 69 33 28
28 70 82 87
28 71 81 43
28 72 56 44
28 73 92 52
28 74 28 18
28 75 67 50
28 76 83 42
28 77 8 9
28 78 27 53
28 79 28 47
28 80 81 84
28 81 68 72
28 82 59 34
28 83 93 50
28 84 67 45
28 85 50 66
28 86 84 69
28 87 79 56
28 88 59 57
28 89 17 39
28 90 49 53
28 91 25 60
28 92 78 70
28 93 58 66
28 94 44 47
28 95 99 80
28 96 64 50
28 97 73 52
28 98 6 8
28 99 17 22
29 30 39 20
29 31 55 49
29 32 46 71
29 33 69 75
29 34 16 32
29 35 18 57
29 36 39 27
29 37 65 52
29 38 4 18
29 39 82 49
29 40 28 27
29 41 24 23
29 42 39 54
29 43 31 20
29 44 95 55
29 45 99 59
29 46 93 74
29 47 61 45
29 48 83 48
29 49 19 29
29 50 86 65
29 51 34 57
29 52 88 56
29 53 27 42
29 54 10 6
29 55 81 43
29 56 41 39
29 57 54 45
29 58 94 81
29 59 66 52
29 60 89 59
29 61 3 5
29 62 63 40
29 63 15 52
29 64 29 61
29 65 22 60
29 66 12 6
29 67 38 59
29 68 67 57
29 69 3 8
29 70 27 44
29 71 69 62
29 72 52 73
29 73 17 56
29 74 95 71
29 75 82 41
29 76 77 72
29 77 73 68
29 78 33 44
29 79 38 28
29 80 10 31
29 81 34 29
29 82 46 62
29 83 33 62
29 84 24 45
29 85 27 41
29 86 25 37
29 87 60 61
29 88 86 73
29 89 97 68
29 90 60 66
29 91 65 67
29 92 15 11
29 93 73 74
29 94 55 55
29 95 90 57
29 96 2 8
29 97 3 42
29 98 30 63
29 99 51 65
30 31 70 51
30 32 14 21
30 33 53 52
30 34 38 67
30 35 88 71
30 36 99 61
30 37 52 46
30 38 24 49
30 39 90 54
30 40 82 85
30 41 41 57
30 42 75 41
30 43 21 44
30 44 23 52
30 45 17 22
30 46 25 42
30 47 77 40
30 48 96 90
30 49 44 27
30 50 6 18
30 51 80 48
30 52 27 42
30 53 11 27
30 54 48 36
30 55 11 11
30 56 55 52
30 57 71 40
30 58 62 76
30 59 31 59
30 60 8 17
30 61 46 32
30 62 15 46
30 63 29 22
30 64 42 44
30 65 93 87
30 66 69 49
30 67 71 60
30 68 50 63
30 69 31 27
30 70 5 13
30 71 53 62
30 72 18 48
30 73 75 83
30 74 45 61
30 75 53 41
30 76 15 12
30 77 57 76
30 78 57 69
30 79 12 13
30 80 64 36
30 81 21 25
30 82 65 62
30 83 21 29
30 84 3 8
30 85 57 50
30 86 96 66
30 87 74 64
30 88 64 47
30 89 27 40
30 90 96 54
30 91 79 40
30 92 22 26
30 93 42 60
30 94 67 63
30 95 40 54
30 96 55 69
30 97 80 79
30 98 87 69
30 99 27 53
31 32 32 20
31 33 6 35
31 34 3 36
31 35 43 28
31 36 99 76
31 37 18 59
31 38 53 73
31 39 19 47
31 40 74 82
31 41 76 53
31 42 36 20
31 43 20 41
31 44 49 30
31 45 89 50
31 46 61 45
31 47 68 47
31 48 67 60
31 49 56 40
31 50 8 49
31 51 89 78
31 52 27 45
31 53 18 28
31 54 41 50
31 55 19 19
31 56 95 71
31 57 36 59
31 58 82 85
31 59 90 67
31 60 40 40
31 61 19 35
31 62 55 58
31 63 81 81
31 64 2 39
31 65 22 45
31 66 85 87
31 67 90 48
31 68 55 35
31 69 33 41
31 70 43 36
31 71 62 37
31 72 63 47
31 73 85 71
31 74 49 58
31 75 4 46
31 76 40 42
31 77 18 54
31 78 7 37
31 79 73 41
31 80 74 45
31 81 17 51
31 82 92 79
31 83 28 57
31 84 43 42
31 85 78 43
31 86 53 43
31 87 63 75
31 88 44 28
31 89 79 63
31 90 59 74
31 91 25 34
31 92 96 76
31 93 27 63
31 94 99 66
31 95 16 51
31 96 98 88
31 97 32 27
31 98 8 44
31 99 81 76
32 33 84 42
32 34 61 37
32 35 75 53
32 36 89 61
32 37 88 51
32 38 23 58
32 39 99 60
32 40 55 30
32 41 11 47
32 42 74 67
32 43 18 43
32 44 18 14
32 45 90 66
32 46 29 60
32 47 61 44
32 48 32 48
32 49 19 36
32 50 76 67
32 51 65 48
32 52 31 30
32 53 53 45
32 54 91 89
32 55 71 36
32 56 89 67
32 57 71 63
32 58 19 25
32 59 47 63
32 60 54 61
32 61 72 53
32 62 11 54
32 63 51 30
32 64 76 83
32 65 49 68
32 66 45 23
32 67 53 71
32 68 63 80
32 69 98 82
32 70 58 42
32 71 97 68
32 72 28 47
32 73 23 60
32 74 2 38
32 75 83 85
32 76 57 31
32 77 54 32
32 78 33 21
32 79 30 49
32 80 63 45
32 81 8 35
32 82 31 44
32 83 63 42
32 84 58 34
32 85 7 40
32 86 82 81
32 87 73 69
32 88 50 34
32 89 33 18
32 90 70 80
32 91 14 49
32 92 38 23
32 93 54 46
32 94 13 15
32 95 91 93
32 96 39 62
32 97 1 28
32 98 31 21
32 99 94 51
33 34 87 57
33 35 69 64
33 36 38 49
33 37 22 59
33 38 45 52
33 39 9 42
33 40 98 57
33 41 70 74
33 42 79 89
33 43 59 36
33 44 40 49
33 45 86 49
33 46 4 45
33 47 27 44
33 48 18 56
33 49 35 53
33 50 86 58
33 51 54 43
33 52 11 46
33 53 10 8
33 54 82 42
33 55 0 44
33 56 75 86
33 57 48 58
33 58 72 66
33 59 59 59
33 60 2 29
33 61 40 64
33 62 76 68
33 63 39 38
33 64 26 21
33 65 24 37
33 66 1 34
33 67 96 97
33 68 32 61
33 69 54 27
33 70 72 61
33 71 85 53
33 72 63 63
33 73 85 65
33 74 11 13
33 75 81 73
33 76 81 48
33 77 17 48
33 78 16 28
33 79 96 82
33 80 94 57
33 81 94 67
33 82 53 65
33 83 81 56
33 84 88 79
33 85 58 71
33 86 90 45
33 87 61 62
33 88 19 55
33 89 36 19
33 90 72 40
33 91 28 52
33 92 47 26
33 93 3 29
33 94 38 54
33 95 77 77
33 96 45 59
33 97 44 32
33 98 69 81
33 99 52 48
34 35 48 41
34 36 30 29
34 37 84 70
34 38 72 76
34 39 81 89
34 40 21 12
34 41 75 43
34 42 22 42
34 43 82 89
34 44 70 84
34 45 82 47
34 46 14 12
34 47 59 46
34 48 71 38
34 49 31 19
34 50 28 25
34 51 20 16
34 52 98 83
34 53 24 54
34 54 17 20
34 55 15 54
34 56 89 81
34 57 69 35
34 58 1 29
34 59 90 74
34 60 74 72
34 61 31 49
34 62 6 42
34 63 43 31
34 64 12 39
34 65 65 35
34 66 51 35
34 67 0 2
34 68 96 50
34 69 11 25
34 70 28 59
34 71 66 42
34 72 2 16
34 73 59 43
34 74 18 17
34 75 51 49
34 76 40 52
34 77 99 80
34 78 87 63
34 79 76 65
34 80 97 91
34 81 78 80
34 82 40 29
34 83 81 67
34 84 26 22
34 85 92 92
34 86 95 58
34 87 24 44
34 88 49 25
34 89 71 40
34 90 79 86
34 91 51 66
34 92 16 22
34 93 80 85
34 94 88 60
34 95 51 61
34 96 36 65
34 97 93 62
34 98 22 54
34 99 20 14
35 36 99 98
35 37 87 88
35 38 51 52
35 39 93 76
35 40 72 47
35 41 8 8
35 42 51 52
35 43 41 60
35 44 79 50
35 45 50 43
35 46 34 61
35 47 27 19
35 48 8 5
35 49 17 10
35 50 36 23
35 51 92 66
35 52 76 40
35 53 85 52
35 54 43 34
35 55 0 40
35 56 27 20
35 57 4 44
35 58 82 61
35 59 77 47
35 60 70 40
35 61 49 50
35 62 66 38
35 63 58 78
35 64 18 11
35 65 69 49
35 66 30 35
35 67 3 19
35 68 74 50
35 69 94 92
35 70 57 40
35 71 35 38
35 72 37 58
35 73 15 53
35 74 9 43
35 75 1 31
35 76 39 50
35 77 60 61
35 78 90 67
35 79 37 61
35 80 19 35
35 81 72 83
35 82 90 61
35 83 48 59
35 84 32 58
35 85 86 83
35 86 10 8
35 87 33 46
35 88 59 59
35 89 69 54
35 90 41 64
35 91 46 65
35 92 32 17
35 93 67 68
35 94 8 53
35 95 76 75
35 96 38 32
35 97 26 38
35 98 43 58
35 99 65 65
36 37 84 59
36 38 60 57
36 39 27 57
36 40 23 59
36 41 64 48
36 42 58 37
36 43 8 32
36 44 53 74
36 45 54 45
36 46 1 33
36 47 31 20
36 48 64 76
36 49 72 60
36 50 46 73
36 51 35 41
36 52 70 39
36 53 39 43
36 54 51 38
36 55 41 36
36 56 67 36
36 57 0 32
36 58 82 73
36 59 58 40
36 60 62 57
36 61 62 61
36 62 65 34
36 63 49 68
36 64 51 53
36 65 98 74
36 66 34 19
36 67 24 34
36 68 53 27
36 69 81 51
36 70 36 58
36 71 42 46
36 72 63 53
36 73 58 69
36 74 34 58
36 75 45 45
36 76 45 43
36 77 36 50
36 78 48 55
36 79 45 28
36 80 1 2
36 81 61 73
36 82 62 53
36 83 75 61
36 84 37 31
36 85 1 48
36 86 8 12
36 87 26 20
36 88 56 59
36 89 80 80
36 90 56 61
36 91 48 37
36 92 17 40
36 93 29 56
36 94 34 51
36 95 83 80
36 96 74 57
36 97 42 50
36 98 11 14
36 99 35 28
37 38 96 60
37 39 29 42
37 40 78 71
37 41 6 22
37 42 72 47
37 43 10 7
37 44 64 49
37 45 82 66
37 46 99 81
37 47 63 65
37 48 20 10
37 49 72 63
37 50 81 75
37 51 9 5
37 52 32 63
37 53 87 85
37 54 76 68
37 55 9 32
37 56 11 26
37 57 39 30
37 58 74 38
37 59 71 76
37 60 81 63
37 61 19 49
37 62 17 54
37 63 8 24
37 64 76 68
37 65 95 73
37 66 7 8
37 67 24 30
37 68 81 89
37 69 75 54
37 70 36 55
37 71 43 27
37 72 2 16
37 73 86 89
37 74 5 25
37 75 24 48
37 76 25 15
37 77 9 47
37 78 37 36
37 79 31 55
37 80 62 74
37 81 12 30
37 82 90 57
37 83 29 41
37 84 15 42
37 85 25 20
37 86 68 58
37 87 56 69
37 88 29 41
37 89 59 61
37 90 20 15
37 91 92 90
37 92 95 91
37 93 45 32
37 94 52 64
37 95 91 88
37 96 60 52
37 97 64 72
37 98 30 28
37 99 37 60
38 39 62 44
38 40 42 56
38 41 19 28
38 42 96 63
38 43 59 71
38 44 12 25
38 45 80 76
38 46 89 64
38 47 48 41
38 48 95 47
38 49 61 33
38 50 7 46
38 51 48 60
38 52 72 78
38 53 11 41
38 54 78 61
38 55 99 65
38 56 42 39
38 57 65 69
38 58 97 75
38 59 97 81
38 60 86 44
38 61 56 33
38 62 2 11
38 63 71 60
38 64 14 45
38 65 22 58
38 66 58 51
38 67 84 47
38 68 32 53
38 69 40 25
38 70 70 56
38 71 65 32
38 72 44 61
38 73 5 21
38 74 6 9
38 75 59 60
38 76 46 50
38 77 55 68
38 78 36 47
38 79 84 50
38 80 61 56
38 81 75 86
38 82 75 40
38 83 32 27
38 84 59 63
38 85 33 32
38 86 54 27
38 87 64 46
38 88 29 34
38 89 47 38
38 90 13 39
38 91 16 54
38 92 10 51
38 93 98 96
38 94 53 51
38 95 88 50
38 96 25 60
38 97 24 21
38 98 68 40
38 99 90 87
39 40 32 35
39 41 62 43
39 42 48 34
39 43 32 66
39 44 22 60
39 45 24 44
39 46 97 70
39 47 88 84
39 48 52 40
39 49 25 54
39 50 91 73
39 51 13 15
39 52 67 50
39 53 26 62
39 54 25 34
39 55 22 41
39 56 51 63
39 57 64 59
39 58 28 30
39 59 70 47
39 60 39 69
39 61 48 51
39 62 13 48
39 63 44 62
39 64 40 25
39 65 54 56
39 66 75 49
39 67 28 19
39 68 38 29
39 69 73 76
39 70 23 23
39 71 22 21
39 72 33 50
39 73 2 36
39 74 64 40
39 75 40 49
39 76 57 48
39 77 10 51
39 78 89 50
39 79 46 59
39 80 5 40
39 81 59 54
39 82 21 52
39 83 58 34
39 84 97 80
39 85 64 49
39 86 81 68
39 87 0 30
39 88 84 84
39 89 64 34
39 90 8 20
39 91 57 54
39 92 58 55
39 93 25 36
39 94 2 44
39 95 30 19
39 96 62 67
39 97 75 68
39 98 97 95
39 99 67 33
40 41 57 49
40 42 91 47
40 43 93 48
40 44 96 85
40 45 1 24
40 46 74 56
40 47 55 58
40 48 1 19
40 49 22 38
40 50 9 44
40 51 9 25
40 52 25 29
40 53 20 33
40 54 13 33
40 55 63 59
40 56 68 48
40 57 91 80
40 58 15 35
40 59 39 24
40 60 48 53
40 61 6 25
40 62 23 12
40 63 55 71
40 64 62 43
40 65 69 66
40 66 79 44
40 67 23 15
40 68 63 33
40 69 76 56
40 70 57 37
40 71 75 59
40 72 87 46
40 73 84 88
40 74 60 31
40 75 12 14
40 76 40 43
40 77 20 25
40 78 7 6
40 79 2 7
40 80 27 36
40 81 93 84
40 82 8 25
40 83 98 65
40 84 85 62
40 85 80 47
40 86 47 47
40 87 55 67
40 88 96 53
40 89 83 48
40 90 57 46
40 91 66 44
40 92 17 51
40 93 32 22
40 94 68 50
40 95 88 66
40 96 60 60
40 97 64 42
40 98 23 12
40 99 3 37
41 42 78 67
41 43 7 48
41 44 64 70
41 45 37 38
41 46 12 51
41 47 47 44
41 48 55 51
41 49 77 52
41 50 34 21
41 51 32 42
41 52 74 41
41 53 88 61
41 54 66 81
41 55 17 55
41 56 40 58
41 57 21 34
41 58 39 49
41 59 43 70
41 60 88 45
41 61 71 35
41 62 75 42
41 63 58 36
41 64 87 75
41 65 79 60
41 66 67 64
41 67 19 53
41 68 24 17
41 69 41 29
41 70 36 64
41 71 31 31
41 72 30 56
41 73 12 11
41 74 84 52
41 75 10 15
41 76 28 63
41 77 50 36
41 78 23 22
41 79 3 51
41 80 68 52
41 81 53 43
41 82 90 72
41 83 53 40
41 84 32 58
41 85 91 52
41 86 48 59
41 87 44 39
41 88 99 63
41 89 55 51
41 90 53 27
41 91 82 71
41 92 13 50
41 93 21 25
41 94 66 82
41 95 34 57
41 96 6 40
41 97 48 26
41 98 80 79
41 99 27 44
42 43 29 24
42 44 25 24
42 45 45 39
42 46 20 52
42 47 64 65
42 48 60 78
42 49 19 59
42 50 70 72
42 51 62 80
42 52 19 35
42 53 44 31
42 54 5 28
42 55 57 67
42 56 90 62
42 57 57 72
42 58 90 57
42 59 82 57
42 60 79 48
42 61 27 57
42 62 25 33
42 63 28 59
42 64 89 89
42 65 91 66
42 66 47 68
42 67 79 65
42 68 53 30
42 69 3 49
42 70 37 27
42 71 1 26
42 72 78 49
42 73 92 56
42 74 76 46
42 75 54 60
42 76 71 83
42 77 48 49
42 78 49 51
42 79 35 65
42 80 25 23
42 81 90 83
42 82 92 53
42 83 52 55
42 84 13 45
42 85 82 45
42 86 16 18
42 87 6 31
42 88 8 35
42 89 14 23
42 90 7 6
42 91 65 67
42 92 17 51
42 93 87 45
42 94 4 3
42 95 58 42
42 96 40 26
42 97 98 62
42 98 13 14
42 99 37 51
43 44 74 66
43 45 62 33
43 46 3 41
43 47 73 82
43 48 67 62
43 49 61 47
43 50 9 46
43 51 82 64
43 52 28 25
43 53 98 79
43 54 28 62
43 55 43 53
43 56 34 62
43 57 93 66
43 58 74 45
43 59 90 87
43 60 24 34
43 61 92 84
43 62 0 27
43 63 57 53
43 64 77 81
43 65 69 35
43 66 97 81
43 67 78 54
43 68 99 77
43 69 65 45
43 70 34 18
43 71 47 43
43 72 1 45
43 73 10 38
43 74 12 26
43 75 80 53
43 76 79 62
43 77 10 14
43 78 48 25
43 79 61 59
43 80 10 45
43 81 4 27
43 82 26 48
43 83 5 19
43 84 40 42
43 85 58 67
43 86 4 50
43 87 13 34
43 88 77 70
43 89 72 58
43 90 88 61
43 91 51 74
43 92 52 66
43 93 91 61
43 94 27 31
43 95 36 67
43 96 88 81
43 97 80 63
43 98 91 74
43 99 20 13
44 45 31 24
44 46 61 43
44 47 56 68
44 48 19 15
44 49 58 45
44 50 87 56
44 51 86 85
44 52 34 43
44 53 43 43
44 54 59 78
44 55 45 30
44 56 10 7
44 57 59 71
44 58 18 43
44 59 95 79
44 60 28 23
44 61 76 43
44 62 45 27
44 63 47 30
44 64 60 76
44 65 56 60
44 66 24 45
44 67 15 56
44 68 82 85
44 69 16 37
44 70 46 36
44 71 6 43
44 72 86 66
44 73 67 33
44 74 40 32
44 75 24 25
44 76 52 65
44 77 86 63
44 78 83 65
44 79 60 77
44 80 78 87
44 81 23 56
44 82 82 68
44 83 90 91
44 84 90 63
44 85 41 40
44 86 89 60
44 87 44 65
44 88 66 80
44 89 72 55
44 90 58 53
44 91 53 29
44 92 32 25
44 93 42 44
44 94 29 61
44 95 53 75
44 96 73 48
44 97 11 6
44 98 84 73
44 99 74 58
45 46 97 52
45 47 0 6
45 48 91 57
45 49 55 56
45 50 60 73
45 51 47 66
45 52 39 30
45 53 91 92
45 54 88 47
45 55 14 17
45 56 30 62
45 57 15 50
45 58 92 50
45 59 44 57
45 60 61 48
45 61 34 59
45 62 4 6
45 63 62 53
45 64 51 55
45 65 38 43
45 66 96 95
45 67 83 84
45 68 53 62
45 69 38 25
45 70 80 49
45 71 10 30
45 72 80 84
45 73 64 46
45 74 75 61
45 75 95 54
45 76 0 44
45 77 87 91
45 78 57 54
45 79 1 10
45 80 74 43
45 81 38 50
45 82 38 23
45 83 16 32
45 84 62 38
45 85 64 77
45 86 38 65
45 87 14 13
45 88 8 33
45 89 12 55
45 90 71 75
45 91 46 56
45 92 73 82
45 93 57 53
45 94 59 77
45 95 30 60
45 96 11 47
45 97 96 84
45 98 71 41
45 99 88 71
46 47 86 72
46 48 45 63
46 49 76 75
46 50 60 67
46 51 60 59
46 52 54 41
46 53 35 40
46 54 4 4
46 55 48 29
46 56 25 17
46 57 35 56
46 58 53 33
46 59 18 51
46 60 67 54
46 61 18 41
46 62 33 58
46 63 76 68
46 64 85 85
46 65 76 85
46 66 56 78
46 67 38 67
46 68 93 80
46 69 67 46
46 70 35 49
46 71 54 36
46 72 83 52
46 73 53 72
46 74 74 58
46 75 44 23
46 76 34 41
46 77 33 52
46 78 27 28
46 79 61 68
46 80 11 22
46 81 39 53
46 82 4 10
46 83 61 75
46 84 46 66
46 85 61 44
46 86 57 72
46 87 59 65
46 88 3 27
46 89 43 54
46 90 97 98
46 91 32 36
46 92 68 53
46 93 37 23
46 94 15 35
46 95 89 92
46 96 35 42
46 97 10 18
46 98 53 46
46 99 56 66
47 48 89 44
47 49 87 90
47 50 5 46
47 51 27 45
47 52 6 21
47 53 18 55
47 54 7 29
47 55 8 49
47 56 55 67
47 57 75 41
47 58 29 37
47 59 28 24
47 60 13 11
47 61 89 80
47 62 16 28
47 63 41 24
47 64 26 17
47 65 28 15
47 66 8 43
47 67 68 79
47 68 53 28
47 69 60 32
47 70 21 11
47 71 4 33
47 72 47 64
47 73 65 52
47 74 48 69
47 75 32 54
47 76 27 58
47 77 86 48
47 78 67 55
47 79 59 37
47 80 49 38
47 81 43 48
47 82 69 37
47 83 31 39
47 84 50 63
47 85 32 48
47 86 85 64
47 87 65 41
47 88 46 65
47 89 58 44
47 90 29 45
47 91 73 58
47 92 81 78
47 93 67 72
47 94 74 64
47 95 28 16
47 96 57 53
47 97 70 60
47 98 35 25
47 99 5 4
48 49 42 63
48 50 65 79
48 51 80 46
48 52 32 17
48 53 88 52
48 54 96 55
48 55 87 83
48 56 90 66
48 57 90 66
48 58 57 35
48 59 49 34
48 60 17 28
48 61 4 11
48 62 80 84
48 63 76 48
48 64 44 28
48 65 15 43
48 66 75 83
48 67 89 54
48 68 4 37
48 69 77 79
48 70 38 31
48 71 61 61
48 72 27 32
48 73 3 30
48 74 64 56
48 75 38 24
48 76 82 55
48 77 66 33
48 78 25 40
48 79 66 39
48 80 30 26
48 81 83 77
48 82 6 30
48 83 30 53
48 84 46 58
48 85 48 38
48 86 26 32
48 87 68 36
48 88 67 42
48 89 79 68
48 90 54 53
48 91 11 44
48 92 53 60
48 93 62 60
48 94 15 16
48 95 56 40
48 96 1 20
48 97 24 23
48 98 16 36
48 99 81 76
49 50 96 48
49 51 1 35
49 52 58 32
49 53 93 55
49 54 11 52
49 55 76 48
49 56 27 24
49 57 47 55
49 58 2 10
49 59 17 14
49 60 58 65
49 61 57 47
49 62 96 87
49 63 82 80
49 64 46 31
49 65 33 32
49 66 92 70
49 67 50 74
49 68 76 61
49 69 37 44
49 70 13 54
49 71 57 33
49 72 82 73
49 73 40 27
49 74 94 65
49 75 60 41
49 76 95 76
49 77 99 69
49 78 98 66
49 79 7 42
49 80 8 38
49 81 97 94
49 82 77 69
49 83 6 17
49 84 78 66
49 85 4 24
49 86 61 54
49 87 76 50
49 88 97 56
49 89 27 31
49 90 82 41
49 91 22 28
49 92 3 37
49 93 24 60
49 94 66 48
49 95 76 51
49 96 87 56
49 97 92 84
49 98 40 31
49 99 9 13
50 51 37 23
50 52 37 20
50 53 66 36
50 54 8 7
50 55 1 41
50 56 41 57
50 57 89 92
50 58 41 43
50 59 95 78
50 60 50 67
50 61 14 8
50 62 95 61
50 63 89 93
50 64 76 45
50 65 61 52
50 66 24 28
50 67 70 71
50 68 58 43
50 69 66 79
50 70 90 60
50 71 58 47
50 72 53 38
50 73 96 84
50 74 91 58
50 75 63 69
50 76 79 89
50 77 15 40
50 78 59 57
50 79 4 7
50 80 90 70
50 81 28 48
50 82 54 34
50 83 7 52
50 84 53 75
50 85 2 12
50 86 54 42
50 87 51 74
50 88 83 69
50 89 92 93
50 90 72 46
50 91 74 39
50 92 14 13
50 93 85 54
50 94 79 58
50 95 72 75
50 96 25 19
50 97 64 57
50 98 59 32
50 99 68 80
51 52 57 36
51 53 18 13
51 54 8 41
51 55 82 60
51 56 35 55
51 57 58 33
51 58 16 16
51 59 88 70
51 60 89 75
51 61 79 55
51 62 63 62
51 63 32 62
51 64 14 17
51 65 63 52
51 66 86 82
51 67 38 61
51 68 21 37
51 69 88 72
51 70 93 53
51 71 18 35
51 72 56 29
51 73 79 64
51 74 62 52
51 75 20 31
51 76 39 57
51 77 97 84
51 78 68 46
51 79 77 51
51 80 88 61
51 81 62 31
51 82 67 51
51 83 61 33
51 84 62 39
51 85 79 63
51 86 96 81
51 87 46 72
51 88 88 90
51 89 39 30
51 90 87 61
51 91 20 39
51 92 19 49
51 93 47 29
51 94 37 27
51 95 3 9
51 96 9 33
51 97 42 31
51 98 39 27
51 99 23 50
52 53 82 74
52 54 9 11
52 55 23 16
52 56 80 77
52 57 60 35
52 58 24 59
52 59 93 96
52 60 8 16
52 61 65 81
52 62 33 60
52 63 89 80
52 64 21 27
52 65 94 82
52 66 73 37
52 67 22 59
52 68 2 49
52 69 93 96
52 70 92 83
52 71 44 57
52 72 38 57
52 73 13 43
52 74 57 41
52 75 91 51
52 76 33 20
52 77 33 55
52 78 27 50
52 79 19 25
52 80 19 27
52 81 69 82
52 82 8 7
52 83 59 37
52 84 5 9
52 85 55 71
52 86 33 30
52 87 20 24
52 88 75 52
52 89 23 28
52 90 58 58
52 91 88 57
52 92 79 69
52 93 64 32
52 94 32 51
52 95 6 45
52 96 78 72
52 97 24 45
52 98 66 72
52 99 7 28
53 54 40 61
53 55 59 78
53 56 7 38
53 57 24 46
53 58 23 25
53 59 61 53
53 60 30 39
53 61 64 52
53 62 95 70
53 63 52 57
53 64 53 51
53 65 17 49
53 66 14 30
53 67 53 48
53 68 92 57
53 69 37 43
53 70 45 41
53 71 48 68
53 72 68 82
53 73 79 68
53 74 5 7
53 75 6 27
53 76 69 68
53 77 76 85
53 78 89 87
53 79 43 44
53 80 43 66
53 81 68 55
53 82 43 58
53 83 35 34
53 84 50 33
53 85 31 46
53 86 35 19
53 87 70 57
53 88 61 63
53 89 31 20
53 90 41 65
53 91 21 42
53 92 37 54
53 93 85 58
53 94 16 23
53 95 84 55
53 96 6 33
53 97 97 92
53 98 11 35
53 99 40 44
54 55 21 44
54 56 1 17
54 57 28 57
54 58 70 47
54 59 8 48
54 60 45 57
54 61 90 78
54 62 12 6
54 63 87 75
54 64 4 6
54 65 8 8
54 66 41 47
54 67 72 45
54 68 45 50
54 69 96 90
54 70 74 66
54 71 12 14
54 72 44 51
54 73 42 65
54 74 67 77
54 75 51 26
54 76 35 37
54 77 41 64
54 78 6 52
54 79 16 40
54 80 86 69
54 81 1 44
54 82 67 72
54 83 82 60
54 84 58 77
54 85 33 61
54 86 31 65
54 87 53 28
54 88 27 47
54 89 24 55
54 90 53 72
54 91 58 52
54 92 32 22
54 93 87 46
54 94 10 13
54 95 6 52
54 96 83 50
54 97 82 84
54 98 76 85
54 99 11 25
55 56 83 57
55 57 67 44
55 58 75 73
55 59 52 47
55 60 40 55
55 61 8 28
55 62 6 3
55 63 70 49
55 64 43 51
55 65 31 45
55 66 51 33
55 67 89 49
55 68 46 41
55 69 90 84
55 70 4 2
55 71 46 36
55 72 50 69
55 73 47 25
55 74 91 90
55 75 9 50
55 76 26 21
55 77 96 68
55 78 78 52
55 79 3 34
55 80 60 43
55 81 59 35
55 82 6 31
55 83 84 62
55 84 76 80
55 85 57 41
55 86 41 24
55 87 9 27
55 88 30 59
55 89 78 73
55 90 7 28
55 91 56 56
55 92 35 61
55 93 49 29
55 94 69 80
55 95 39 67
55 96 90 63
55 97 75 77
55 98 82 48
55 99 59 76
56 57 95 57
56 58 97 48
56 59 9 40
56 60 83 49
56 61 66 40
56 62 49 57
56 63 41 54
56 64 70 71
56 65 31 18
56 66 3 28
56 67 90 62
56 68 54 47
56 69 53 42
56 70 94 70
56 71 62 67
56 72 34 47
56 73 66 81
56 74 0 16
56 75 46 64
56 76 33 54
56 77 40 36
56 78 73 65
56 79 90 70
56 80 26 57
56 81 31 37
56 82 75 63
56 83 98 65
56 84 89 78
56 85 26 55
56 86 90 70
56 87 40 52
56 88 74 59
56 89 87 79
56 90 89 87
56 91 64 73
56 92 79 86
56 93 83 86
56 94 18 16
56 95 54 48
56 96 21 57
56 97 24 61
56 98 53 30
56 99 63 72
57 58 6 11
57 59 77 63
57 60 40 42
57 61 28 34
57 62 8 33
57 63 81 55
57 64 94 57
57 65 79 68
57 66 78 53
57 67 63 72
57 68 25 20
57 69 90 80
57 70 91 47
57 71 1 19
57 72 21 15
57 73 39 22
57 74 82 70
57 75 40 62
57 76 54 71
57 77 99 86
57 78 60 60
57 79 28 58
57 80 67 76
57 81 57 77
57 82 83 73
57 83 62 46
57 84 49 38
57 85 66 49
57 86 36 42
57 87 12 39
57 88 58 75
57 89 81 73
57 90 57 36
57 91 28 41
57 92 23 19
57 93 48 32
57 94 88 56
57 95 35 60
57 96 70 72
57 97 71 54
57 98 2 41
57 99 88 76
58 59 20 20
58 60 89 82
58 61 96 79
58 62 63 71
58 63 30 29
58 64 79 88
58 65 50 70
58 66 99 53
58 67 24 47
58 68 86 47
58 69 14 12
58 70 74 60
58 71 24 22
58 72 47 34
58 73 6 16
58 74 49 67
58 75 45 63
58 76 27 46
58 77 10 6
58 78 52 38
58 79 35 50
58 80 16 57
58 81 24 52
58 82 83 45
58 83 42 35
58 84 88 49
58 85 58 71
58 86 21 49
58 87 50 66
58 88 47 64
58 89 1 6
58 90 31 56
58 91 29 20
58 92 89 61
58 93 76 38
58 94 20 38
58 95 1 7
58 96 70 75
58 97 25 22
58 98 91 74
58 99 55 52
59 60 31 39
59 61 95 81
59 62 70 48
59 63 4 26
59 64 4 38
59 65 18 22
59 66 93 90
59 67 56 41
59 68 19 52
59 69 33 18
59 70 34 54
59 71 39 53
59 72 73 60
59 73 20 20
59 74 21 28
59 75 67 58
59 76 15 22
59 77 88 71
59 78 35 60
59 79 5 6
59 80 98 66
59 81 47 67
59 82 81 44
59 83 88 68
59 84 45 42
59 85 73 76
59 86 73 85
59 87 17 12
59 88 28 15
59 89 99 65
59 90 84 63
59 91 15 40
59 92 88 74
59 93 73 69
59 94 74 78
59 95 95 89
59 96 56 73
59 97 50 71
59 98 34 36
59 99 28 21
60 61 64 53
60 62 77 65
60 63 6 8
60 64 27 28
60 65 58 66
60 66 22 43
60 67 87 47
60 68 67 72
60 69 52 64
60 70 77 50
60 71 47 39
60 72 62 47
60 73 68 53
60 74 48 28
60 75 89 65
60 76 38 56
60 77 66 68
60 78 49 69
60 79 4 13
60 80 58 68
60 81 11 36
60 82 47 65
60 83 82 70
60 84 4 3
60 85 88 60
60 86 8 5
60 87 59 44
60 88 99 89
60 89 79 58
60 90 33 24
60 91 90 54
60 92 14 27
60 93 81 76
60 94 0 28
60 95 97 92
60 96 32 59
60 97 26 48
60 98 68 44
60 99 24 17
61 62 49 65
61 63 18 21
61 64 81 42
61 65 97 70
61 66 38 34
61 67 51 37
61 68 26 19
61 69 2 12
61 70 45 57
61 71 4 52
61 72 85 91
61 73 47 28
61 74 99 94
61 75 91 84
61 76 3 16
61 77 40 49
61 78 92 78
61 79 67 75
61 80 23 54
61 81 61 56
61 82 60 33
61 83 53 30
61 84 31 57
61 85 8 18
61 86 66 73
61 87 5 20
61 88 23 42
61 89 52 45
61 90 19 51
61 91 93 75
61 92 97 86
61 93 82 58
61 94 66 61
61 95 31 20
61 96 74 76
61 97 35 61
61 98 64 77
61 99 89 55
62 63 12 16
62 64 79 60
62 65 94 62
62 66 43 43
62 67 73 66
62 68 84 76
62 69 67 54
62 70 25 38
62 71 99 71
62 72 81 84
62 73 40 31
62 74 98 66
62 75 16 32
62 76 55 67
62 77 68 39
62 78 88 77
62 79 23 52
62 80 39 37
62 81 41 59
62 82 53 33
62 83 27 37
62 84 83 70
62 85 14 37
62 86 17 16
62 87 76 86
62 88 56 78
62 89 90 89
62 90 53 70
62 91 80 83
62 92 35 56
62 93 9 10
62 94 14 7
62 95 29 31
62 96 50 56
62 97 20 13
62 98 12 40
62 99 12 28
63 64 87 73
63 65 61 37
63 66 35 63
63 67 91 74
63 68 67 67
63 69 64 40
63 70 97 78
63 71 22 25
63 72 9 22
63 73 45 48
63 74 54 60
63 75 75 72
63 76 50 71
63 77 31 31
63 78 48 50
63 79 83 65
63 80 51 63
63 81 69 65
63 82 15 33
63 83 44 71
63 84 48 29
63 85 80 59
63 86 20 10
63 87 5 45
63 88 44 45
63 89 51 48
63 90 56 51
63 91 9 37
63 92 32 25
63 93 35 33
63 94 32 58
63 95 10 11
63 96 31 32
63 97 31 46
63 98 1 40
63 99 8 8
64 65 17 46
64 66 25 14
64 67 56 40
64 68 18 20
64 69 56 52
64 70 27 30
64 71 4 6
64 72 38 34
64 73 62 65
64 74 22 59
64 75 3 26
64 76 56 58
64 77 50 68
64 78 2 40
64 79 55 71
64 80 58 52
64 81 91 87
64 82 74 47
64 83 13 45
64 84 53 37
64 85 45 28
64 86 45 53
64 87 65 63
64 88 35 53
64 89 92 66
64 90 67 52
64 91 72 53
64 92 39 64
64 93 99 97
64 94 53 46
64 95 9 43
64 96 85 55
64 97 7 6
64 98 31 31
64 99 74 71
65 66 94 48
65 67 18 22
65 68 51 32
65 69 31 43
65 70 20 36
65 71 41 35
65 72 98 67
65 73 46 66
65 74 37 28
65 75 73 52
65 76 9 9
65 77 5 52
65 78 52 37
65 79 24 34
65 80 35 38
65 81 39 54
65 82 80 54
65 83 5 13
65 84 79 89
65 85 38 48
65 86 73 54
65 87 53 36
65 88 50 39
65 89 4 13
65 90 14 54
65 91 33 58
65 92 72 51
65 93 15 47
65 94 70 56
65 95 70 71
65 96 87 47
65 97 17 25
65 98 78 71
65 99 21 49
66 67 78 60
66 68 68 56
66 69 34 65
66 70 73 81
66 71 32 30
66 72 48 60
66 73 95 66
66 74 81 52
66 75 13 40
66 76 44 52
66 77 98 80
66 78 12 16
66 79 25 54
66 80 17 55
66 81 95 93
66 82 37 32
66 83 82 90
66 84 5 44
66 85 59 57
66 86 94 51
66 87 17 26
66 88 40 56
66 89 99 98
66 90 65 52
66 91 53 70
66 92 35 63
66 93 81 45
66 94 78 79
66 95 44 32
66 96 57 78
66 97 39 35
66 98 69 81
66 99 15 17
67 68 12 45
67 69 32 29
67 70 9 11
67 71 90 90
67 72 72 36
67 73 35 60
67 74 93 61
67 75 91 63
67 76 28 52
67 77 15 12
67 78 79 82
67 79 36 47
67 80 83 91
67 81 56 37
67 82 38 44
67 83 36 21
67 84 8 21
67 85 49 47
67 86 77 79
67 87 32 49
67 88 14 29
67 89 87 62
67 90 6 39
67 91 5 12
67 92 66 47
67 93 68 75
67 94 55 32
67 95 84 45
67 96 96 78
67 97 59 72
67 98 91 45
67 99 3 10
68 69 28 42
68 70 75 57
68 71 34 26
68 72 79 53
68 73 44 55
68 74 23 18
68 75 9 51
68 76 29 49
68 77 99 75
68 78 99 88
68 79 64 60
68 80 78 83
68 81 96 74
68 82 59 53
68 83 2 41
68 84 35 17
68 85 6 19
68 86 94 79
68 87 32 36
68 88 34 40
68 89 89 75
68 90 1 30
68 91 77 52
68 92 83 53
68 93 88 70
68 94 48 29
68 95 47 33
68 96 82 85
68 97 12 9
68 98 30 40
68 99 37 63
69 70 62 64
69 71 80 44
69 72 27 14
69 73 80 62
69 74 84 82
69 75 62 60
69 76 24 20
69 77 0 37
69 78 88 85
69 79 89 51
69 80 68 38
69 81 1 9
69 82 86 59
69 83 83 89
69 84 94 97
69 85 54 65
69 86 70 83
69 87 37 53
69 88 85 73
69 89 51 41
69 90 24 41
69 91 4 46
69 92 70 76
69 93 6 36
69 94 99 53
69 95 99 99
69 96 53 61
69 97 44 66
69 98 84 65
69 99 4 20
70 71 42 49
70 72 58 55
70 73 35 22
70 74 99 65
70 75 31 18
70 76 15 56
70 77 14 50
70 78 54 74
70 79 34 64
70 80 43 56
70 81 71 65
70 82 86 93
70 83 90 57
70 84 69 62
70 85 6 11
70 86 95 78
70 87 91 62
70 88 65 35
70 89 53 44
70 90 42 28
70 91 83 81
70 92 1 26
70 93 1 5
70 94 52 36
70 95 62 39
70 96 30 63
70 97 54 60
70 98 89 62
70 99 78 49
71 72 6 35
71 73 77 45
71 74 34 42
71 75 35 37
71 76 16 30
71 77 76 61
71 78 45 72
71 79 39 65
71 80 74 69
71 81 3 18
71 82 60 36
71 83 89 70
71 84 61 63
71 85 62 40
71 86 83 55
71 87 94 49
71 88 1 8
71 89 99 74
71 90 80 59
71 91 9 34
71 92 40 51
71 93 14 30
71 94 17 27
71 95 49 69
71 96 12 19
71 97 58 31
71 98 51 30
71 99 21 39
72 73 22 41
72 74 44 54
72 75 64 32
72 76 89 55
72 77 97 92
72 78 21 50
72 79 99 80
72 80 46 27
72 81 38 55
72 82 22 34
72 83 37 31
72 84 56 29
72 85 85 45
72 86 82 89
72 87 38 48
72 88 14 53
72 89 71 78
72 90 93 68
72 91 77 66
72 92 21 42
72 93 27 55
72 94 73 48
72 95 70 35
72 96 58 63
72 97 51 32
72 98 66 50
72 99 54 30
73 74 26 61
73 75 42 37
73 76 52 27
73 77 80 90
73 78 48 34
73 79 99 75
73 80 99 81
73 81 37 67
73 82 10 48
73 83 41 39
73 84 29 22
73 85 20 12
73 86 54 60
73 87 51 52
73 88 50 62
73 89 8 13
73 90 9 39
73 91 38 28
73 92 32 28
73 93 5 52
73 94 30 23
73 95 99 54
73 96 90 58
73 97 25 13
73 98 30 63
73 99 79 42
74 75 43 67
74 76 80 61
74 77 41 31
74 78 93 61
74 79 90 83
74 80 58 31
74 81 40 25
74 82 88 64
74 83 84 65
74 84 76 65
74 85 64 52
74 86 47 65
74 87 61 43
74 88 18 42
74 89 59 67
74 90 14 15
74 91 3 45
74 92 81 66
74 93 99 57
74 94 8 31
74 95 17 57
74 96 36 58
74 97 4 10
74 98 51 33
74 99 85 52
75 76 36 45
75 77 2 1
75 78 76 82
75 79 81 75
75 80 48 29
75 81 57 75
75 82 52 41
75 83 12 43
75 84 79 85
75 85 48 67
75 86 8 49
75 87 17 11
75 88 15 12
75 89 92 53
75 90 32 58
75 91 12 52
75 92 97 83
75 93 33 18
75 94 83 67
75 95 65 32
75 96 38 52
75 97 18 50
75 98 7 47
75 99 88 52
76 77 58 56
76 78 27 37
76 79 12 45
76 80 50 45
76 81 45 63
76 82 50 63
76 83 50 37
76 84 81 48
76 85 46 47
76 86 21 28
76 87 88 91
76 88 96 87
76 89 2 33
76 90 59 46
76 91 78 59
76 92 39 62
76 93 92 56
76 94 45 64
76 95 14 53
76 96 17 56
76 97 45 60
76 98 32 30
76 99 91 81
77 78 18 10
77 79 49 25
77 80 67 69
77 81 36 54
77 82 96 66
77 83 64 44
77 84 50 50
77 85 39 34
77 86 92 90
77 87 35 45
77 88 80 67
77 89 78 84
77 90 74 86
77 91 19 35
77 92 63 70
77 93 89 75
77 94 42 44
77 95 44 55
77 96 84 43
77 97 59 66
77 98 71 55
77 99 79 54
78 79 62 48
78 80 60 41
78 81 64 76
78 82 19 18
78 83 42 45
78 84 47 68
78 85 82 78
78 86 79 51
78 87 28 29
78 88 49 50
78 89 92 60
78 90 22 11
78 91 79 69
78 92 56 45
78 93 21 56
78 94 21 56
78 95 99 90
78 96 46 49
78 97 99 69
78 98 37 46
78 99 39 28
79 80 80 85
79 81 78 48
79 82 99 90
79 83 30 39
79 84 15 9
79 85 97 90
79 86 62 60
79 87 68 34
79 88 86 60
79 89 98 60
79 90 64 81
79 91 47 54
79 92 9 30
79 93 71 59
79 94 75 70
79 95 68 45
79 96 35 49
79 97 53 75
79 98 53 50
79 99 82 78
80 81 35 62
80 82 33 62
80 83 56 75
80 84 60 61
80 85 67 77
80 86 98 79
80 87 53 43
80 88 79 67
80 89 75 81
80 90 78 54
80 91 28 56
80 92 5 38
80 93 88 76
80 94 76 84
80 95 99 78
80 96 73 65
80 97 95 85
80 98 28 28
80 99 39 65
81 82 15 30
81 83 55 35
81 84 24 53
81 85 67 62
81 86 96 66
81 87 80 67
81 88 96 94
81 89 12 26
81 90 64 64
81 91 4 23
81 92 87 48
81 93 96 92
81 94 65 77
81 95 29 23
81 96 44 54
81 97 72 37
81 98 79 57
81 99 65 73
82 83 83 60
82 84 13 37
82 85 30 30
82 86 14 29
82 87 92 69
82 88 70 77
82 89 36 50
82 90 65 39
82 91 59 52
82 92 89 84
82 93 52 69
82 94 75 39
82 95 99 74
82 96 38 45
82 97 49 67
82 98 56 35
82 99 27 42
83 84 59 61
83 85 31 35
83 86 41 25
83 87 1 20
83 88 76 43
83 89 69 75
83 90 69 43
83 91 72 75
83 92 44 42
83 93 15 28
83 94 28 59
83 95 56 51
83 96 78 68
83 97 59 75
83 98 83 60
83 99 61 39
84 85 26 27
84 86 90 52
84 87 47 62
84 88 65 40
84 89 83 56
84 90 65 46
84 91 70 82
84 92 88 78
84 93 72 45
84 94 96 86
84 95 60 51
84 96 3 39
84 97 74 54
84 98 30 46
84 99 98 61
85 86 39 51
85 87 82 88
85 88 72 62
85 89 9 27
85 90 69 41
85 91 23 52
85 92 38 55
85 93 89 51
85 94 20 51
85 95 45 36
85 96 95 51
85 97 25 12
85 98 13 32
85 99 21 54
86 87 30 29
86 88 3 45
86 89 66 60
86 90 11 26
86 91 84 53
86 92 50 73
86 93 95 55
86 94 81 72
86 95 80 79
86 96 81 41
86 97 55 54
86 98 98 85
86 99 72 65
87 88 79 45
87 89 95 57
87 90 49 71
87 91 39 41
87 92 7 43
87 93 33 35
87 94 91 72
87 95 90 75
87 96 99 64
87 97 42 52
87 98 57 48
87 99 35 41
88 89 95 81
88 90 83 51
88 91 95 55
88 92 56 38
88 93 81 58
88 94 89 56
88 95 13 51
88 96 54 32
88 97 80 51
88 98 3 20
88 99 7 40
89 90 42 43
89 91 4 7
89 92 74 42
89 93 33 23
89 94 63 42
89 95 19 44
89 96 99 90
89 97 77 51
89 98 31 56
89 99 58 73
90 91 6 47
90 92 16 16
90 93 94 67
90 94 73 73
90 95 47 31
90 96 3 27
90 97 42 23
90 98 6 43
90 99 53 43
91 92 17 30
91 93 95 63
91 94 70 76
91 95 37 27
91 96 54 52
91 97 2 1
91 98 71 56
91 99 74 70
92 93 65 49
92 94 25 23
92 95 59 65
92 96 72 69
92 97 9 19
92 98 72 72
92 99 38 38
93 94 38 55
93 95 38 61
93 96 55 63
93 97 91 74
93 98 21 24
93 99 78 87
94 95 21 44
94 96 55 40
94 97 97 73
94 98 42 47
94 99 63 52
95 96 7 52
95 97 78 51
95 98 19 17
95 99 36 46
96 97 82 70
96 98 75 38
96 99 11 51
97 98 60 45
97 99 60 45
98 99 67 77
0
419
94 2322
95 2284
96 2248
97 2215
98 2184
99 2153
100 2124
101 2097
102 2077
103 2058
104 2041
105 2028
106 2011
107 1998
108 1985
109 1971
110 1958
111 1945
112 1932
113 1919
114 1906
115 1893
116 1880
117 1867
118 1854
119 1843
120 1830
121 1820
122 1807
123 1797
124 1784
125 1774
126 1762
127 1752
128 1741
129 1730
130 1719
131 1709
132 1698
133 1687
134 1677
135 1666
136 1656
137 1646
138 1636
139 1627
140 1617
141 1607
142 1598
143 1589
144 1579
145 1569
146 1561
147 1551
148 1544
149 1534
150 1527
151 1520
152 1511
153 1504
154 1497
155 1488
156 1481
157 1474
158 1465
159 1458
160 1451
161 1443
162 1436
163 1429
164 1422
165 1416
166 1410
167 1404
168 1398
169 1393
170 1387
171 1381
172 1375
173 1370
174 1364
175 1358
176 1353
177 1348
178 1342
179 1337
180 1332
181 1327
182 1321
183 1316
184 1311
185 1306
186 1301
187 1295
188 1290
189 1286
190 1281
191 1275
192 1270
193 1266
194 1261
195 1255
196 1250
197 1246
198 1242
199 1237
200 1231
201 1226
202 1222
203 1218
204 1213
205 1209
206 1205
207 1201
208 1198
209 1194
210 1190
211 1186
212 1183
213 1179
214 1176
215 1173
216 1169
217 1166
218 1162
219 1159
220 1156
221 1152
222 1149
223 1145
224 1142
225 1139
226 1135
227 1132
228 1129
229 1125
230 1122
231 1119
232 1115
233 1112
234 1109
235 1105
236 1102
237 1099
238 1095
239 1092
240 1089
241 1085
242 1083
243 1079
244 1077
245 1073
246 1071
247 1068
248 1065
249 1063
250 1059
251 1057
252 1054
253 1051
254 1049
255 1046
256 1044
257 1041
258 1038
259 1036
260 1032
261 1030
262 1027
263 1024
264 1022
265 1019
266 1017
267 1014
268 1011
269 1009
270 1006
271 1003
272 1001
273 998
274 996
275 993
276 991
277 988
278 986
279 984
280 981
281 978
282 976
283 974
284 972
285 969
286 966
287 965
288 963
289 961
290 958
291 956
292 954
293 952
294 949
295 946
296 945
297 943
298 941
299 939
300 936
301 934
302 933
303 931
304 929
305 927
306 924
307 923
308 921
309 919
310 917
311 915
312 913
313 912
314 910
315 908
316 906
317 904
318 903
319 901
320 899
321 897
322 896
323 894
324 892
325 891
326 889
327 887
328 886
329 884
330 883
331 881
332 879
333 878
334 876
335 875
336 873
337 872
338 870
339 868
340 867
341 865
342 864
343 862
344 861
345 859
346 857
347 856
348 854
349 853
350 851
351 850
352 848
353 847
354 846
355 844
356 843
357 842
358 840
359 839
360 837
361 836
362 835
363 833
364 832
365 831
366 829
367 828
368 826
369 825
370 824
371 822
372 821
373 820
374 818
375 817
376 816
377 815
378 813
379 812
380 811
381 810
382 809
383 808
384 806
386 804
387 803
388 802
389 801
390 800
391 799
392 798
393 797
394 796
395 795
396 794
397 793
398 792
399 791
400 790
401 789
402 788
403 787
404 786
405 785
406 784
407 783
408 782
409 781
410 780
411 779
412 778
413 777
414 776
415 775
417 774
418 773
419 772
420 771
421 770
422 769
423 768
424 767
425 766
426 765
428 764
429 763
430 762
431 761
432 760
433 759
434 758
435 757
436 756
438 755
439 754
440 753
441 752
442 751
443 750
444 749
445 748
447 747
448 746
449 745
450 744
452 743
453 742
454 741
456 740
458 739
459 738
460 737
462 736
464 735
466 734
468 733
469 732
471 731
472 730
474 729
475 728
477 727
479 726
482 725
483 724
485 723
487 722
489 721
491 720
494 719
496 718
498 717
500 716
503 715
505 714
507 713
510 712
512 711
514 710
517 709
519 708
522 707
524 706
527 705
531 704
533 703
536 702
540 701
543 700
546 699
549 698
553 697
556 696
559 695
563 694
566 693
569 692
573 691
577 690
581 689
585 688
589 687
593 686
598 685
603 684
608 683
614 682
619 681
625 680
631 679
650 678
675 677
