100
0 1 88 21
0 2 48 80
0 3 62 29
0 4 3 9
0 5 45 73
0 6 45 22
0 7 79 69
0 8 13 47
0 9 1 20
0 10 91 37
0 11 6 79
0 12 95 68
0 13 71 69
0 14 29 24
0 15 8 45
0 16 70 70
0 17 36 68
0 18 70 32
0 19 82 92
0 20 31 45
0 21 85 55
0 22 79 77
0 23 2 66
0 24 41 15
0 25 94 41
0 26 4 20
0 27 46 64
0 28 98 44
0 29 51 66
0 30 41 34
0 31 43 62
0 32 47 37
0 33 0 79
0 34 66 15
0 35 48 49
0 36 91 89
0 37 42 84
0 38 79 84
0 39 18 59
0 40 58 37
0 41 93 66
0 42 28 78
0 43 58 70
0 44 56 72
0 45 52 28
0 46 53 25
0 47 29 52
0 48 19 17
0 49 91 30
0 50 29 51
0 51 65 53
0 52 84 41
0 53 65 23
0 54 12 73
0 55 66 64
0 56 21 15
0 57 83 79
0 58 99 50
0 59 65 50
0 60 35 66
0 61 49 15
0 62 51 70
0 63 88 86
0 64 62 73
0 65 39 81
0 66 67 25
0 67 39 13
0 68 96 67
0 69 18 25
0 70 24 44
0 71 73 63
0 72 58 62
0 73 8 1
0 74 81 22
0 75 33 60
0 76 18 40
0 77 89 32
0 78 74 62
0 79 93 42
0 80 39 87
0 81 39 50
0 82 61 27
0 83 89 61
0 84 88 65
0 85 72 81
0 86 7 74
0 87 14 58
0 88 78 19
0 89 98 83
0 90 40 69
0 91 39 38
0 92 44 29
0 93 8 7
0 94 18 43
0 95 37 67
0 96 4 49
0 97 88 26
0 98 27 40
0 99 17 58
1 2 77 54
1 3 32 49
1 4 55 20
1 5 4 28
1 6 89 27
1 7 90 20
1 8 41 40
1 9 62 29
1 10 41 78
1 11 52 13
1 12 89 38
1 13 92 76
1 14 1 74
1 15 76 69
1 16 7 42
1 17 84 53
1 18 78 62
1 19 97 53
1 20 55 67
1 21 31 79
1 22 23 43
1 23 72 31
1 24 17 69
1 25 4 10
1 26 39 79
1 27 43 20
1 28 50 52
1 29 68 53
1 30 84 41
1 31 24 33
1 32 8 38
1 33 12 74
1 34 68 74
1 35 32 45
1 36 9 18
1 37 87 57
1 38 58 60
1 39 62 37
1 40 63 47
1 41 1 47
1 42 29 64
1 43 36 28
1 44 15 69
1 45 68 17
1 46 70 75
1 47 30 69
1 48 30 52
1 49 51 33
1 50 90 78
1 51 2 74
1 52 20 33
1 53 66 20
1 54 14 44
1 55 80 80
1 56 70 43
1 57 23 13
1 58 81 92
1 59 97 34
1 60 38 47
1 61 89 41
1 62 74 58
1 63 1 46
1 64 83 71
1 65 87 68
1 66 48 85
1 67 73 22
1 68 51 51
1 69 41 78
1 70 4 24
1 71 6 44
1 72 47 11
1 73 57 71
1 74 73 61
1 75 11 15
1 76 39 82
1 77 28 57
1 78 9 63
1 79 11 72
1 80 88 43
1 81 28 11
1 82 36 51
1 83 31 31
1 84 80 37
1 85 97 76
1 86 64 17
1 87 50 52
1 88 79 86
1 89 32 10
1 90 8 44
1 91 45 60
1 92 31 86
1 93 42 59
1 94 79 44
1 95 26 28
1 96 69 91
1 97 57 21
1 98 64 78
1 99 41 21
2 3 31 23
2 4 36 17
2 5 65 65
2 6 65 60
2 7 92 24
2 8 21 24
2 9 63 84
2 10 58 28
2 11 32 53
2 12 97 63
2 13 64 48
2 14 21 67
2 15 97 45
2 16 28 23
2 17 45 26
2 18 30 79
2 19 79 24
2 20 58 38
2 21 16 63
2 22 34 50
2 23 44 88
2 24 55 62
2 25 13 34
2 26 47 18
2 27 3 52
2 28 59 53
2 29 42 32
2 30 20 30
2 31 52 25
2 32 2 5
2 33 11 73
2 34 11 6
2 35 38 87
2 36 58 37
2 37 37 54
2 38 68 41
2 39 71 63
2 40 11 12
2 41 45 32
2 42 8 24
2 43 96 23
2 44 75 18
2 45 65 50
2 46 64 80
2 47 99 45
2 48 17 69
2 49 48 36
2 50 72 63
2 51 46 75
2 52 87 53
2 53 30 72
2 54 20 58
2 55 12 25
2 56 19 40
2 57 89 62
2 58 26 78
2 59 90 47
2 60 22 76
2 61 44 80
2 62 9 77
2 63 19 6
2 64 86 27
2 65 22 52
2 66 64 65
2 67 71 37
2 68 83 28
2 69 66 34
2 70 92 19
2 71 72 91
2 72 52 19
2 73 41 11
2 74 35 36
2 75 9 12
2 76 30 30
2 77 62 90
2 78 4 9
2 79 73 75
2 80 21 62
2 81 17 9
2 82 10 56
2 83 87 55
2 84 78 80
2 85 4 24
2 86 77 89
2 87 17 83
2 88 13 81
2 89 91 83
2 90 42 56
2 91 88 77
2 92 74 41
2 93 11 19
2 94 17 49
2 95 79 21
2 96 21 10
2 97 6 22
2 98 6 35
2 99 4 62
3 4 67 47
3 5 88 95
3 6 39 13
3 7 72 79
3 8 29 39
3 9 46 18
3 10 31 40
3 11 16 15
3 12 64 37
3 13 78 15
3 14 32 45
3 15 48 86
3 16 43 25
3 17 27 59
3 18 89 69
3 19 7 41
3 20 84 95
3 21 99 21
3 22 70 55
3 23 9 36
3 24 9 4
3 25 10 18
3 26 3 13
3 27 60 70
3 28 94 36
3 29 22 48
3 30 23 5
3 31 19 43
3 32 15 70
3 33 18 38
3 34 32 9
3 35 25 52
3 36 85 92
3 37 52 85
3 38 98 89
3 39 53 78
3 40 63 72
3 41 60 41
3 42 60 82
3 43 28 60
3 44 42 50
3 45 34 13
3 46 53 77
3 47 42 44
3 48 29 26
3 49 4 44
3 50 74 17
3 51 23 83
3 52 50 43
3 53 27 24
3 54 63 43
3 55 67 46
3 56 51 89
3 57 17 31
3 58 27 21
3 59 74 72
3 60 83 92
3 61 76 94
3 62 73 27
3 63 88 83
3 64 41 50
3 65 64 21
3 66 81 53
3 67 78 25
3 68 7 72
3 69 66 86
3 70 9 17
3 71 99 85
3 72 97 66
3 73 64 92
3 74 28 28
3 75 32 24
3 76 10 34
3 77 17 43
3 78 94 62
3 79 71 16
3 80 53 75
3 81 14 40
3 82 78 64
3 83 95 47
3 84 94 28
3 85 36 82
3 86 91 25
3 87 10 63
3 88 11 28
3 89 21 76
3 90 14 57
3 91 75 18
3 92 80 74
3 93 3 66
3 94 30 50
3 95 6 6
3 96 94 89
3 97 75 88
3 98 28 79
3 99 61 74
4 5 41 80
4 6 78 47
4 7 71 70
4 8 18 64
4 9 81 31
4 10 91 55
4 11 79 38
4 12 57 87
4 13 41 68
4 14 25 57
4 15 81 66
4 16 63 91
4 17 84 37
4 18 23 43
4 19 76 19
4 20 38 80
4 21 44 76
4 22 87 69
4 23 78 47
4 24 28 17
4 25 59 77
4 26 84 41
4 27 81 23
4 28 29 28
4 29 32 82
4 30 22 54
4 31 3 24
4 32 71 48
4 33 1 51
4 34 20 17
4 35 92 22
4 36 57 80
4 37 95 41
4 38 77 69
4 39 21 42
4 40 10 47
4 41 34 20
4 42 75 52
4 43 88 67
4 44 16 71
4 45 83 25
4 46 71 26
4 47 45 65
4 48 88 39
4 49 24 76
4 50 30 31
4 51 43 9
4 52 9 54
4 53 14 68
4 54 38 55
4 55 10 15
4 56 88 85
4 57 57 23
4 58 99 40
4 59 44 67
4 60 24 67
4 61 61 52
4 62 59 43
4 63 90 69
4 64 55 72
4 65 74 30
4 66 40 31
4 67 10 68
4 68 81 24
4 69 29 38
4 70 76 89
4 71 32 85
4 72 33 54
4 73 53 28
4 74 82 68
4 75 35 53
4 76 96 95
4 77 37 39
4 78 2 61
4 79 82 45
4 80 99 70
4 81 85 92
4 82 83 60
4 83 2 49
4 84 57 15
4 85 88 45
4 86 3 35
4 87 92 56
4 88 13 74
4 89 65 86
4 90 92 83
4 91 19 73
4 92 8 34
4 93 19 36
4 94 41 88
4 95 31 39
4 96 62 39
4 97 75 88
4 98 81 40
4 99 60 21
5 6 43 43
5 7 4 26
5 8 78 38
5 9 96 38
5 10 14 35
5 11 14 13
5 12 31 59
5 13 63 19
5 14 47 29
5 15 86 89
5 16 62 51
5 17 75 73
5 18 11 2
5 19 53 78
5 20 4 7
5 21 22 33
5 22 95 72
5 23 27 52
5 24 10 74
5 25 59 54
5 26 39 77
5 27 42 66
5 28 88 96
5 29 87 74
5 30 57 49
5 31 39 15
5 32 66 88
5 33 1 16
5 34 18 12
5 35 99 26
5 36 4 20
5 37 77 93
5 38 23 64
5 39 18 66
5 40 62 79
5 41 67 52
5 42 48 62
5 43 37 82
5 44 97 81
5 45 75 88
5 46 59 71
5 47 10 65
5 48 5 63
5 49 54 67
5 50 10 75
5 51 78 82
5 52 80 50
5 53 11 16
5 54 99 73
5 55 55 50
5 56 37 76
5 57 86 48
5 58 45 11
5 59 1 74
5 60 42 32
5 61 26 20
5 62 92 45
5 63 7 26
5 64 72 37
5 65 6 32
5 66 7 66
5 67 79 50
5 68 2 68
5 69 97 27
5 70 83 56
5 71 24 84
5 72 85 25
5 73 16 15
5 74 55 76
5 75 97 63
5 76 20 6
5 77 83 30
5 78 96 92
5 79 65 13
5 80 45 24
5 81 45 67
5 82 44 38
5 83 23 39
5 84 94 30
5 85 56 37
5 86 66 56
5 87 60 28
5 88 25 39
5 89 7 67
5 90 7 81
5 91 67 29
5 92 14 40
5 93 40 21
5 94 52 84
5 95 23 44
5 96 58 66
5 97 66 75
5 98 25 16
5 99 38 27
6 7 2 9
6 8 2 60
6 9 61 78
6 10 66 55
6 11 34 31
6 12 18 32
6 13 18 77
6 14 54 51
6 15 9 23
6 16 80 17
6 17 31 25
6 18 9 11
6 19 58 45
6 20 23 82
6 21 28 35
6 22 66 20
6 23 95 97
6 24 80 86
6 25 82 89
6 26 27 35
6 27 23 16
6 28 75 47
6 29 52 38
6 30 68 50
6 31 62 60
6 32 89 78
6 33 71 54
6 34 66 51
6 35 42 41
6 36 24 49
6 37 49 65
6 38 20 73
6 39 40 75
6 40 71 88
6 41 80 69
6 42 0 58
6 43 50 29
6 44 50 33
6 45 55 55
6 46 73 58
6 47 86 44
6 48 25 56
6 49 0 8
6 50 68 15
6 51 55 81
6 52 87 76
6 53 32 82
6 54 85 95
6 55 26 64
6 56 37 56
6 57 47 30
6 58 79 19
6 59 8 72
6 60 87 43
6 61 84 86
6 62 61 47
6 63 9 41
6 64 98 75
6 65 95 44
6 66 42 46
6 67 65 76
6 68 12 26
6 69 3 49
6 70 81 27
6 71 16 12
6 72 89 86
6 73 1 78
6 74 1 37
6 75 41 30
6 76 76 63
6 77 80 38
6 78 40 29
6 79 81 79
6 80 3 17
6 81 75 71
6 82 53 85
6 83 24 28
6 84 20 6
6 85 28 62
6 86 74 67
6 87 95 23
6 88 39 25
6 89 86 68
6 90 44 81
6 91 3 61
6 92 45 43
6 93 32 16
6 94 74 69
6 95 68 70
6 96 10 51
6 97 43 15
6 98 32 12
6 99 89 85
7 8 17 21
7 9 0 32
7 10 52 36
7 11 65 23
7 12 39 62
7 13 76 45
7 14 18 79
7 15 40 67
7 16 24 63
7 17 11 29
7 18 80 80
7 19 35 10
7 20 54 78
7 21 88 25
7 22 63 27
7 23 98 66
7 24 24 77
7 25 13 78
7 26 62 63
7 27 8 18
7 28 39 46
7 29 0 60
7 30 92 79
7 31 62 45
7 32 42 58
7 33 6 38
7 34 23 47
7 35 4 21
7 36 93 52
7 37 21 7
7 38 79 36
7 39 84 74
7 40 36 11
7 41 89 47
7 42 7 51
7 43 31 37
7 44 38 29
7 45 45 81
7 46 94 90
7 47 9 76
7 48 1 26
7 49 51 83
7 50 94 67
7 51 84 67
7 52 11 13
7 53 36 56
7 54 59 91
7 55 5 72
7 56 86 78
7 57 66 72
7 58 53 59
7 59 88 25
7 60 70 84
7 61 92 82
7 62 17 64
7 63 88 87
7 64 11 27
7 65 11 24
7 66 90 39
7 67 43 25
7 68 92 29
7 69 14 57
7 70 96 97
7 71 72 38
7 72 32 8
7 73 85 91
7 74 60 66
7 75 97 96
7 76 42 62
7 77 89 75
7 78 48 52
7 79 20 67
7 80 56 19
7 81 52 13
7 82 91 68
7 83 86 39
7 84 71 23
7 85 7 48
7 86 99 38
7 87 33 58
7 88 77 15
7 89 84 23
7 90 42 74
7 91 22 51
7 92 15 41
7 93 40 18
7 94 85 54
7 95 61 66
7 96 80 59
7 97 32 18
7 98 62 85
7 99 62 47
8 9 46 48
8 10 10 58
8 11 27 75
8 12 31 83
8 13 5 74
8 14 11 75
8 15 46 18
8 16 54 54
8 17 25 51
8 18 6 38
8 19 19 27
8 20 20 5
8 21 62 79
8 22 37 79
8 23 31 77
8 24 15 27
8 25 97 28
8 26 76 35
8 27 84 90
8 28 0 8
8 29 6 49
8 30 47 19
8 31 43 26
8 32 11 15
8 33 92 92
8 34 71 59
8 35 9 77
8 36 86 65
8 37 35 16
8 38 18 59
8 39 98 68
8 40 19 34
8 41 94 94
8 42 49 12
8 43 16 54
8 44 0 71
8 45 14 53
8 46 2 19
8 47 22 20
8 48 97 87
8 49 36 13
8 50 57 32
8 51 81 35
8 52 71 26
8 53 64 20
8 54 93 33
8 55 72 32
8 56 99 72
8 57 51 31
8 58 11 74
8 59 80 51
8 60 64 28
8 61 11 39
8 62 64 53
8 63 34 41
8 64 14 52
8 65 77 75
8 66 31 14
8 67 63 65
8 68 9 74
8 69 89 83
8 70 99 57
8 71 61 64
8 72 68 63
8 73 70 87
8 74 83 71
8 75 7 66
8 76 58 86
8 77 38 22
8 78 70 73
8 79 50 43
8 80 15 23
8 81 23 7
8 82 53 51
8 83 78 37
8 84 63 51
8 85 0 54
8 86 62 53
8 87 49 37
8 88 11 70
8 89 61 91
8 90 78 45
8 91 28 39
8 92 22 15
8 93 24 44
8 94 68 58
8 95 70 66
8 96 7 38
8 97 10 31
8 98 42 43
8 99 12 22
9 10 11 43
9 11 37 15
9 12 52 46
9 13 25 52
9 14 26 81
9 15 38 73
9 16 68 14
9 17 77 21
9 18 2 8
9 19 15 58
9 20 65 83
9 21 68 70
9 22 48 38
9 23 57 67
9 24 75 46
9 25 65 24
9 26 29 58
9 27 28 45
9 28 13 37
9 29 94 74
9 30 33 76
9 31 9 60
9 32 50 21
9 33 79 65
9 34 19 43
9 35 40 41
9 36 13 41
9 37 45 75
9 38 47 37
9 39 60 47
9 40 98 36
9 41 72 25
9 42 19 58
9 43 91 35
9 44 15 64
9 45 17 49
9 46 34 48
9 47 37 56
9 48 1 18
9 49 32 79
9 50 43 31
9 51 1 45
9 52 74 41
9 53 10 55
9 54 67 74
9 55 20 38
9 56 34 81
9 57 39 50
9 58 63 81
9 59 19 83
9 60 1 30
9 61 44 39
9 62 56 67
9 63 90 78
9 64 23 74
9 65 75 48
9 66 88 94
9 67 75 57
9 68 81 47
9 69 53 77
9 70 53 74
9 71 79 75
9 72 3 34
9 73 45 85
9 74 95 73
9 75 70 53
9 76 86 57
9 77 79 71
9 78 84 73
9 79 5 15
9 80 73 90
9 81 32 23
9 82 82 89
9 83 97 98
9 84 89 43
9 85 25 25
9 86 25 24
9 87 26 32
9 88 65 17
9 89 8 43
9 90 72 26
9 91 61 59
9 92 17 70
9 93 99 34
9 94 97 37
9 95 32 53
9 96 82 30
9 97 35 10
9 98 65 54
9 99 56 60
10 11 59 46
10 12 30 31
10 13 48 32
10 14 16 62
10 15 80 72
10 16 36 70
10 17 53 51
10 18 18 14
10 19 10 38
10 20 14 21
10 21 37 76
10 22 51 29
10 23 88 38
10 24 32 28
10 25 79 40
10 26 19 18
10 27 77 84
10 28 80 48
10 29 53 62
10 30 63 14
10 31 18 52
10 32 90 89
10 33 40 15
10 34 88 55
10 35 32 49
10 36 70 35
10 37 34 31
10 38 8 60
10 39 26 72
10 40 55 49
10 41 50 19
10 42 71 14
10 43 49 45
10 44 32 69
10 45 36 14
10 46 43 58
10 47 89 40
10 48 27 63
10 49 75 55
10 50 44 41
10 51 48 71
10 52 24 77
10 53 23 25
10 54 35 45
10 55 92 95
10 56 73 34
10 57 97 42
10 58 42 65
10 59 88 85
10 60 88 36
10 61 6 7
10 62 60 87
10 63 41 31
10 64 89 46
10 65 93 79
10 66 85 65
10 67 35 77
10 68 78 31
10 69 21 35
10 70 92 69
10 71 44 16
10 72 29 22
10 73 18 67
10 74 62 90
10 75 91 47
10 76 44 36
10 77 64 65
10 78 41 17
10 79 2 44
10 80 24 57
10 81 51 26
10 82 31 65
10 83 89 26
10 84 47 88
10 85 43 53
10 86 69 59
10 87 99 40
10 88 31 20
10 89 7 41
10 90 17 31
10 91 47 50
10 92 6 43
10 93 53 39
10 94 30 41
10 95 29 10
10 96 41 44
10 97 54 89
10 98 3 31
10 99 66 32
11 12 67 50
11 13 97 64
11 14 0 59
11 15 6 71
11 16 34 27
11 17 47 22
11 18 36 25
11 19 46 65
11 20 41 24
11 21 64 87
11 22 16 55
11 23 23 36
11 24 35 54
11 25 84 29
11 26 59 32
11 27 9 65
11 28 75 60
11 29 30 38
11 30 71 43
11 31 31 48
11 32 17 62
11 33 46 13
11 34 67 40
11 35 85 25
11 36 54 75
11 37 3 3
11 38 63 29
11 39 75 26
11 40 94 68
11 41 22 27
11 42 27 13
11 43 75 40
11 44 65 40
11 45 97 54
11 46 76 35
11 47 38 86
11 48 29 54
11 49 88 26
11 50 58 50
11 51 83 32
11 52 26 58
11 53 5 62
11 54 43 31
11 55 75 48
11 56 87 75
11 57 37 78
11 58 35 17
11 59 58 33
11 60 34 51
11 61 37 47
11 62 96 52
11 63 30 42
11 64 84 83
11 65 27 53
11 66 45 69
11 67 91 66
11 68 69 61
11 69 43 50
11 70 89 37
11 71 1 8
11 72 2 26
11 73 18 82
11 74 26 46
11 75 92 91
11 76 12 62
11 77 62 75
11 78 82 95
11 79 0 1
11 80 6 54
11 81 57 49
11 82 37 76
11 83 73 26
11 84 70 75
11 85 73 29
11 86 57 43
11 87 8 14
11 88 65 19
11 89 63 34
11 90 61 13
11 91 93 38
11 92 96 57
11 93 68 85
11 94 38 79
11 95 90 87
11 96 54 82
11 97 73 73
11 98 41 9
11 99 26 26
12 13 72 55
12 14 70 47
12 15 21 16
12 16 26 8
12 17 6 6
12 18 87 80
12 19 60 18
12 20 39 54
12 21 85 64
12 22 81 23
12 23 28 43
12 24 32 36
12 25 49 65
12 26 18 52
12 27 10 60
12 28 98 82
12 29 55 61
12 30 38 74
12 31 56 32
12 32 74 32
12 33 55 36
12 34 62 17
12 35 86 33
12 36 26 69
12 37 49 23
12 38 93 82
12 39 51 55
12 40 76 58
12 41 42 83
12 42 90 39
12 43 45 64
12 44 82 80
12 45 70 66
12 46 30 55
12 47 90 67
12 48 57 42
12 49 16 11
12 50 30 75
12 51 38 38
12 52 24 64
12 53 72 66
12 54 9 70
12 55 70 53
12 56 2 17
12 57 25 20
12 58 48 26
12 59 72 50
12 60 50 64
12 61 23 47
12 62 47 75
12 63 95 87
12 64 24 20
12 65 96 52
12 66 97 56
12 67 53 85
12 68 14 33
12 69 74 85
12 70 83 81
12 71 20 10
12 72 26 58
12 73 92 79
12 74 64 86
12 75 24 78
12 76 42 83
12 77 49 55
12 78 35 10
12 79 58 35
12 80 35 31
12 81 97 34
12 82 83 69
12 83 16 3
12 84 69 89
12 85 53 20
12 86 37 71
12 87 23 83
12 88 38 67
12 89 29 76
12 90 70 19
12 91 9 48
12 92 72 24
12 93 6 51
12 94 5 25
12 95 94 90
12 96 70 29
12 97 30 9
12 98 27 22
12 99 77 21
13 14 53 32
13 15 40 46
13 16 57 70
13 17 32 48
13 18 57 38
13 19 97 53
13 20 76 68
13 21 37 17
13 22 29 23
13 23 87 30
13 24 71 35
13 25 16 58
13 26 21 43
13 27 68 81
13 28 73 72
13 29 7 47
13 30 21 22
13 31 54 61
13 32 29 36
13 33 85 96
13 34 51 39
13 35 98 97
13 36 36 55
13 37 37 79
13 38 7 80
13 39 52 55
13 40 67 52
13 41 23 32
13 42 48 14
13 43 72 67
13 44 69 34
13 45 96 26
13 46 91 43
13 47 12 18
13 48 93 81
13 49 91 34
13 50 3 74
13 51 6 67
13 52 37 77
13 53 25 73
13 54 57 44
13 55 6 16
13 56 89 75
13 57 26 19
13 58 85 21
13 59 42 20
13 60 2 33
13 61 87 92
13 62 53 48
13 63 28 84
13 64 98 36
13 65 15 36
13 66 77 80
13 67 21 54
13 68 85 25
13 69 75 65
13 70 44 79
13 71 60 65
13 72 46 60
13 73 52 32
13 74 48 59
13 75 6 44
13 76 21 12
13 77 85 89
13 78 9 15
13 79 88 95
13 80 14 52
13 81 89 41
13 82 22 48
13 83 49 53
13 84 95 56
13 85 18 51
13 86 25 41
13 87 6 33
13 88 86 50
13 89 51 14
13 90 45 50
13 91 68 86
13 92 8 39
13 93 19 75
13 94 28 44
13 95 35 61
13 96 53 86
13 97 61 41
13 98 81 86
13 99 97 55
14 15 86 82
14 16 91 56
14 17 72 81
14 18 77 23
14 19 57 17
14 20 61 57
14 21 96 34
14 22 85 65
14 23 11 16
14 24 86 33
14 25 97 59
14 26 59 47
14 27 62 63
14 28 29 19
14 29 8 54
14 30 94 72
14 31 5 76
14 32 68 51
14 33 89 56
14 34 53 90
14 35 12 9
14 36 13 20
14 37 23 45
14 38 51 39
14 39 16 40
14 40 48 69
14 41 81 91
14 42 70 48
14 43 75 74
14 44 79 27
14 45 79 19
14 46 61 80
14 47 17 38
14 48 19 77
14 49 45 73
14 50 52 36
14 51 1 34
14 52 89 32
14 53 2 0
14 54 51 86
14 55 22 7
14 56 13 46
14 57 82 36
14 58 94 75
14 59 77 35
14 60 39 50
14 61 74 73
14 62 89 35
14 63 51 66
14 64 51 48
14 65 41 68
14 66 35 69
14 67 45 17
14 68 95 67
14 69 37 51
14 70 87 37
14 71 95 22
14 72 41 38
14 73 97 82
14 74 37 30
14 75 43 28
14 76 93 29
14 77 49 19
14 78 28 75
14 79 50 70
14 80 60 25
14 81 11 19
14 82 3 54
14 83 26 71
14 84 83 75
14 85 26 73
14 86 76 43
14 87 48 36
14 88 24 32
14 89 99 87
14 90 50 87
14 91 16 38
14 92 72 24
14 93 6 28
14 94 71 43
14 95 17 70
14 96 87 57
14 97 16 76
14 98 49 12
14 99 81 78
15 16 49 80
15 17 42 52
15 18 55 33
15 19 29 42
15 20 61 73
15 21 89 47
15 22 56 21
15 23 57 22
15 24 39 9
15 25 33 39
15 26 88 21
15 27 64 20
15 28 74 37
15 29 19 39
15 30 26 66
15 31 80 59
15 32 6 63
15 33 82 49
15 34 55 40
15 35 51 42
15 36 69 78
15 37 60 70
15 38 41 13
15 39 84 34
15 40 96 24
15 41 48 53
15 42 58 17
15 43 12 34
15 44 29 8
15 45 57 51
15 46 76 94
15 47 37 71
15 48 84 94
15 49 70 34
15 50 27 33
15 51 14 79
15 52 23 68
15 53 8 38
15 54 28 51
15 55 21 73
15 56 23 84
15 57 20 78
15 58 79 50
15 59 73 43
15 60 22 29
15 61 51 87
15 62 41 44
15 63 0 24
15 64 9 3
15 65 24 49
15 66 96 58
15 67 96 72
15 68 82 37
15 69 97 46
15 70 24 27
15 71 61 80
15 72 55 43
15 73 65 84
15 74 4 66
15 75 0 69
15 76 12 44
15 77 15 65
15 78 48 85
15 79 95 97
15 80 27 35
15 81 70 52
15 82 39 37
15 83 58 32
15 84 36 15
15 85 0 26
15 86 72 89
15 87 76 70
15 88 33 19
15 89 22 83
15 90 17 63
15 91 41 22
15 92 44 62
15 93 69 81
15 94 17 39
15 95 95 78
15 96 30 46
15 97 18 15
15 98 55 16
15 99 23 5
16 17 20 28
16 18 71 73
16 19 35 86
16 20 70 57
16 21 39 69
16 22 48 89
16 23 97 52
16 24 99 64
16 25 68 70
16 26 54 13
16 27 53 25
16 28 92 88
16 29 41 35
16 30 39 71
16 31 47 50
16 32 0 23
16 33 98 55
16 34 16 3
16 35 28 28
16 36 71 58
16 37 65 92
16 38 29 69
16 39 5 19
16 40 37 54
16 41 96 49
16 42 98 90
16 43 39 59
16 44 51 18
16 45 50 10
16 46 93 29
16 47 4 40
16 48 2 48
16 49 60 84
16 50 13 75
16 51 31 33
16 52 55 19
16 53 32 57
16 54 62 15
16 55 42 81
16 56 41 29
16 57 15 73
16 58 16 28
16 59 36 87
16 60 18 44
16 61 1 79
16 62 32 8
16 63 12 54
16 64 40 54
16 65 31 68
16 66 15 8
16 67 63 43
16 68 39 23
16 69 75 30
16 70 74 25
16 71 75 47
16 72 73 62
16 73 67 74
16 74 97 40
16 75 13 8
16 76 68 80
16 77 55 26
16 78 78 84
16 79 40 55
16 80 1 5
16 81 75 76
16 82 95 80
16 83 14 16
16 84 67 61
16 85 16 45
16 86 2 37
16 87 69 25
16 88 30 16
16 89 2 61
16 90 22 46
16 91 8 27
16 92 62 37
16 93 16 39
16 94 83 25
16 95 4 17
16 96 9 38
16 97 16 49
16 98 86 57
16 99 59 42
17 18 12 22
17 19 18 22
17 20 53 30
17 21 92 33
17 22 1 24
17 23 78 41
17 24 37 33
17 25 47 50
17 26 63 52
17 27 63 52
17 28 88 48
17 29 38 26
17 30 91 76
17 31 41 26
17 32 2 21
17 33 42 66
17 34 79 35
17 35 14 72
17 36 16 76
17 37 16 63
17 38 17 56
17 39 40 35
17 40 94 92
17 41 40 59
17 42 96 29
17 43 44 8
17 44 88 82
17 45 39 19
17 46 12 60
17 47 95 91
17 48 46 47
17 49 79 28
17 50 10 32
17 51 95 67
17 52 24 37
17 53 99 83
17 54 99 92
17 55 61 46
17 56 33 20
17 57 78 69
17 58 59 60
17 59 64 34
17 60 33 73
17 61 57 40
17 62 77 21
17 63 95 94
17 64 55 19
17 65 35 44
17 66 50 30
17 67 17 8
17 68 52 78
17 69 72 40
17 70 19 40
17 71 87 88
17 72 15 14
17 73 1 14
17 74 89 80
17 75 67 58
17 76 74 54
17 77 24 72
17 78 12 3
17 79 83 21
17 80 17 38
17 81 25 83
17 82 3 63
17 83 73 49
17 84 38 38
17 85 96 31
17 86 9 69
17 87 10 8
17 88 80 35
17 89 76 18
17 90 63 73
17 91 77 94
17 92 73 30
17 93 29 35
17 94 41 80
17 95 65 52
17 96 35 8
17 97 4 33
17 98 88 77
17 99 39 74
18 19 30 46
18 20 82 32
18 21 80 47
18 22 41 71
18 23 67 67
18 24 46 47
18 25 47 83
18 26 43 79
18 27 60 71
18 28 11 3
18 29 77 52
18 30 77 16
18 31 37 70
18 32 59 31
18 33 18 10
18 34 52 83
18 35 57 44
18 36 42 26
18 37 19 77
18 38 67 33
18 39 63 71
18 40 71 43
18 41 67 88
18 42 25 80
18 43 76 78
18 44 60 81
18 45 42 34
18 46 60 35
18 47 16 46
18 48 99 25
18 49 49 66
18 50 96 29
18 51 23 26
18 52 10 11
18 53 98 50
18 54 55 41
18 55 28 78
18 56 64 85
18 57 6 40
18 58 15 7
18 59 2 57
18 60 44 74
18 61 20 65
18 62 66 80
18 63 41 23
18 64 65 47
18 65 89 54
18 66 70 79
18 67 53 65
18 68 55 47
18 69 45 37
18 70 87 76
18 71 50 13
18 72 3 23
18 73 72 17
18 74 33 6
18 75 47 35
18 76 55 37
18 77 19 27
18 78 56 26
18 79 64 18
18 80 95 37
18 81 43 31
18 82 35 86
18 83 78 94
18 84 71 77
18 85 71 50
18 86 6 53
18 87 41 50
18 88 82 71
18 89 44 43
18 90 30 15
18 91 85 92
18 92 29 48
18 93 28 84
18 94 24 35
18 95 82 94
18 96 91 66
18 97 22 72
18 98 29 16
18 99 65 69
19 20 78 57
19 21 54 45
19 22 43 26
19 23 50 19
19 24 48 77
19 25 70 67
19 26 64 50
19 27 86 64
19 28 55 56
19 29 28 67
19 30 69 43
19 31 75 88
19 32 88 85
19 33 43 14
19 34 20 53
19 35 89 76
19 36 23 68
19 37 28 83
19 38 46 73
19 39 60 88
19 40 15 43
19 41 42 23
19 42 26 73
19 43 97 70
19 44 82 69
19 45 6 37
19 46 52 29
19 47 11 10
19 48 7 15
19 49 67 22
19 50 58 28
19 51 58 45
19 52 22 68
19 53 92 38
19 54 19 67
19 55 53 27
19 56 64 20
19 57 16 31
19 58 97 70
19 59 61 85
19 60 38 24
19 61 96 88
19 62 12 36
19 63 73 76
19 64 23 75
19 65 83 53
19 66 41 12
19 67 22 78
19 68 52 84
19 69 79 33
19 70 63 85
19 71 20 72
19 72 93 90
19 73 8 74
19 74 63 51
19 75 41 17
19 76 48 56
19 77 38 18
19 78 22 55
19 79 7 24
19 80 62 14
19 81 45 30
19 82 15 46
19 83 94 77
19 84 75 57
19 85 78 36
19 86 56 37
19 87 73 37
19 88 47 47
19 89 73 37
19 90 15 62
19 91 11 12
19 92 57 14
19 93 65 60
19 94 10 45
19 95 16 26
19 96 65 44
19 97 99 75
19 98 42 80
19 99 46 37
20 21 90 42
20 22 39 86
20 23 13 69
20 24 5 55
20 25 24 76
20 26 34 86
20 27 75 23
20 28 96 71
20 29 35 35
20 30 15 43
20 31 43 84
20 32 82 92
20 33 78 37
20 34 46 77
20 35 81 55
20 36 60 72
20 37 60 25
20 38 38 15
20 39 67 39
20 40 96 43
20 41 97 72
20 42 87 82
20 43 77 58
20 44 24 21
20 45 93 45
20 46 95 76
20 47 47 38
20 48 13 45
20 49 93 49
20 50 30 68
20 51 68 66
20 52 0 76
20 53 63 41
20 54 72 49
20 55 31 14
20 56 64 50
20 57 7 78
20 58 33 54
20 59 41 43
20 60 65 52
20 61 21 79
20 62 54 76
20 63 45 55
20 64 74 17
20 65 88 32
20 66 68 64
20 67 74 71
20 68 67 26
20 69 86 92
20 70 97 74
20 71 98 82
20 72 87 27
20 73 51 73
20 74 67 59
20 75 59 52
20 76 22 23
20 77 49 45
20 78 90 57
20 79 57 37
20 80 45 36
20 81 82 35
20 82 39 37
20 83 14 25
20 84 74 70
20 85 88 66
20 86 89 28
20 87 41 87
20 88 51 86
20 89 53 22
20 90 87 76
20 91 20 54
20 92 72 89
20 93 97 58
20 94 42 14
20 95 81 45
20 96 2 77
20 97 75 57
20 98 73 58
20 99 65 81
21 22 36 78
21 23 84 84
21 24 9 2
21 25 98 76
21 26 2 64
21 27 87 31
21 28 15 68
21 29 7 1
21 30 12 7
21 31 22 32
21 32 93 34
21 33 72 58
21 34 41 61
21 35 39 68
21 36 81 61
21 37 41 70
21 38 7 41
21 39 70 62
21 40 69 60
21 41 58 21
21 42 88 85
21 43 48 69
21 44 57 67
21 45 89 69
21 46 41 40
21 47 54 89
21 48 9 78
21 49 10 78
21 50 32 48
21 51 48 65
21 52 23 72
21 53 94 30
21 54 44 42
21 55 85 96
21 56 14 68
21 57 33 74
21 58 31 79
21 59 22 71
21 60 14 51
21 61 19 29
21 62 59 37
21 63 29 12
21 64 0 3
21 65 16 78
21 66 15 52
21 67 78 49
21 68 49 42
21 69 33 35
21 70 2 11
21 71 24 71
21 72 59 84
21 73 95 22
21 74 79 37
21 75 70 19
21 76 57 34
21 77 81 43
21 78 97 80
21 79 14 81
21 80 43 27
21 81 17 54
21 82 82 30
21 83 64 64
21 84 55 88
21 85 2 10
21 86 89 86
21 87 32 27
21 88 63 81
21 89 16 54
21 90 11 77
21 91 63 82
21 92 91 65
21 93 55 27
21 94 84 25
21 95 77 82
21 96 52 44
21 97 24 62
21 98 71 82
21 99 42 53
22 23 71 93
22 24 60 52
22 25 34 81
22 26 53 65
22 27 11 25
22 28 90 77
22 29 58 69
22 30 73 84
22 31 18 70
22 32 89 88
22 33 2 1
22 34 0 72
22 35 2 63
22 36 88 22
22 37 24 43
22 38 66 91
22 39 14 26
22 40 60 47
22 41 35 68
22 42 2 55
22 43 79 19
22 44 76 52
22 45 56 28
22 46 13 66
22 47 1 10
22 48 5 72
22 49 1 23
22 50 43 79
22 51 56 38
22 52 9 72
22 53 46 40
22 54 38 75
22 55 44 41
22 56 1 63
22 57 60 60
22 58 33 66
22 59 11 80
22 60 52 10
22 61 29 30
22 62 61 19
22 63 37 45
22 64 60 51
22 65 30 68
22 66 49 60
22 67 7 3
22 68 28 17
22 69 79 74
22 70 74 27
22 71 73 37
22 72 13 54
22 73 95 83
22 74 0 27
22 75 2 59
22 76 58 77
22 77 84 40
22 78 79 35
22 79 49 20
22 80 96 78
22 81 63 73
22 82 7 48
22 83 36 38
22 84 98 93
22 85 30 14
22 86 78 65
22 87 42 79
22 88 83 33
22 89 34 40
22 90 7 61
22 91 55 27
22 92 7 73
22 93 25 6
22 94 46 43
22 95 31 59
22 96 11 46
22 97 35 17
22 98 12 48
22 99 69 56
23 24 86 95
23 25 36 66
23 26 95 61
23 27 74 55
23 28 71 15
23 29 85 65
23 30 18 33
23 31 29 16
23 32 3 41
23 33 18 16
23 34 24 61
23 35 19 16
23 36 66 51
23 37 72 28
23 38 73 83
23 39 70 58
23 40 92 33
23 41 18 24
23 42 91 39
23 43 94 64
23 44 61 24
23 45 1 16
23 46 70 72
23 47 74 57
23 48 39 32
23 49 11 64
23 50 22 80
23 51 83 79
23 52 31 36
23 53 78 51
23 54 92 49
23 55 61 74
23 56 20 65
23 57 66 62
23 58 72 81
23 59 10 74
23 60 66 18
23 61 57 56
23 62 14 54
23 63 39 64
23 64 50 55
23 65 74 90
23 66 28 59
23 67 80 35
23 68 3 36
23 69 69 22
23 70 50 22
23 71 38 65
23 72 51 29
23 73 81 42
23 74 23 39
23 75 37 26
23 76 26 49
23 77 59 67
23 78 11 27
23 79 21 62
23 80 0 48
23 81 70 32
23 82 16 42
23 83 67 88
23 84 3 50
23 85 16 57
23 86 68 84
23 87 80 94
23 88 18 52
23 89 54 44
23 90 99 35
23 91 20 26
23 92 74 86
23 93 75 93
23 94 62 67
23 95 87 63
23 96 23 36
23 97 99 26
23 98 96 35
23 99 17 21
24 25 32 67
24 26 93 67
24 27 37 45
24 28 16 20
24 29 13 37
24 30 50 83
24 31 65 43
24 32 84 74
24 33 67 20
24 34 25 74
24 35 80 29
24 36 33 15
24 37 54 24
24 38 60 63
24 39 17 64
24 40 30 20
24 41 14 3
24 42 38 60
24 43 81 31
24 44 63 49
24 45 37 12
24 46 3 64
24 47 82 28
24 48 47 87
24 49 75 68
24 50 27 55
24 51 90 89
24 52 88 49
24 53 19 54
24 54 80 80
24 55 88 87
24 56 76 46
24 57 36 57
24 58 5 76
24 59 0 67
24 60 35 78
24 61 59 53
24 62 39 21
24 63 58 56
24 64 85 49
24 65 46 75
24 66 21 49
24 67 44 31
24 68 69 44
24 69 57 81
24 70 24 68
24 71 3 28
24 72 6 5
24 73 72 82
24 74 83 68
24 75 2 72
24 76 67 55
24 77 80 82
24 78 24 58
24 79 46 50
24 80 23 42
24 81 81 28
24 82 10 13
24 83 0 26
24 84 69 21
24 85 99 30
24 86 79 91
24 87 84 37
24 88 51 19
24 89 85 81
24 90 87 86
24 91 93 92
24 92 62 50
24 93 34 85
24 94 67 82
24 95 47 69
24 96 21 5
24 97 10 33
24 98 58 23
24 99 34 73
25 26 95 24
25 27 67 88
25 28 53 50
25 29 58 46
25 30 55 13
25 31 28 16
25 32 79 41
25 33 75 87
25 34 96 90
25 35 66 29
25 36 34 34
25 37 21 7
25 38 10 49
25 39 10 11
25 40 22 42
25 41 15 11
25 42 89 27
25 43 24 77
25 44 4 22
25 45 82 38
25 46 42 63
25 47 72 54
25 48 65 59
25 49 84 20
25 50 61 44
25 51 65 22
25 52 44 43
25 53 19 54
25 54 0 25
25 55 46 44
25 56 90 66
25 57 28 66
25 58 29 83
25 59 46 30
25 60 36 38
25 61 55 46
25 62 33 10
25 63 47 12
25 64 74 55
25 65 10 78
25 66 21 53
25 67 41 36
25 68 93 58
25 69 88 34
25 70 34 77
25 71 55 27
25 72 66 88
25 73 56 65
25 74 49 16
25 75 49 81
25 76 40 73
25 77 64 22
25 78 94 50
25 79 95 63
25 80 52 65
25 81 28 38
25 82 86 70
25 83 74 93
25 84 9 27
25 85 93 91
25 86 71 75
25 87 33 21
25 88 10 14
25 89 30 70
25 90 40 83
25 91 76 26
25 92 95 68
25 93 28 57
25 94 25 10
25 95 60 15
25 96 43 33
25 97 96 39
25 98 60 74
25 99 28 23
26 27 90 54
26 28 79 19
26 29 52 26
26 30 76 54
26 31 6 19
26 32 93 58
26 33 85 63
26 34 25 18
26 35 75 43
26 36 31 54
26 37 87 78
26 38 97 34
26 39 88 30
26 40 48 49
26 41 51 26
26 42 6 72
26 43 6 57
26 44 23 45
26 45 90 66
26 46 19 15
26 47 39 44
26 48 92 69
26 49 55 11
26 50 22 63
26 51 22 43
26 52 81 36
26 53 59 85
26 54 0 57
26 55 1 71
26 56 22 62
26 57 92 98
26 58 1 60
26 59 29 9
26 60 29 77
26 61 76 63
26 62 79 82
26 63 29 38
26 64 13 4
26 65 57 26
26 66 35 66
26 67 80 26
26 68 79 19
26 69 30 19
26 70 21 69
26 71 2 7
26 72 22 11
26 73 88 74
26 74 7 42
26 75 2 66
26 76 64 72
26 77 11 32
26 78 84 58
26 79 76 51
26 80 42 29
26 81 4 16
26 82 86 35
26 83 67 84
26 84 9 46
26 85 11 44
26 86 75 69
26 87 23 62
26 88 48 63
26 89 51 28
26 90 62 13
26 91 9 25
26 92 70 51
26 93 24 70
26 94 0 29
26 95 12 78
26 96 18 35
26 97 53 75
26 98 97 94
26 99 32 10
27 28 87 71
27 29 83 90
27 30 25 52
27 31 32 37
27 32 95 73
27 33 20 19
27 34 11 17
27 35 32 80
27 36 93 34
27 37 79 22
27 38 69 82
27 39 3 12
27 40 87 41
27 41 6 54
27 42 29 56
27 43 66 39
27 44 27 69
27 45 89 42
27 46 75 61
27 47 35 57
27 48 20 35
27 49 93 59
27 50 63 49
27 51 3 22
27 52 36 15
27 53 62 39
27 54 97 19
27 55 57 12
27 56 96 94
27 57 11 66
27 58 37 87
27 59 58 34
27 60 60 22
27 61 68 49
27 62 13 73
27 63 91 62
27 64 24 73
27 65 23 35
27 66 20 64
27 67 8 36
27 68 67 14
27 69 66 24
27 70 9 36
27 71 82 79
27 72 93 73
27 73 70 22
27 74 81 63
27 75 54 44
27 76 77 52
27 77 28 40
27 78 41 69
27 79 38 25
27 80 10 48
27 81 23 26
27 82 80 91
27 83 16 52
27 84 94 92
27 85 12 69
27 86 27 17
27 87 34 79
27 88 46 25
27 89 0 42
27 90 55 26
27 91 71 14
27 92 17 30
27 93 6 27
27 94 30 38
27 95 13 20
27 96 79 27
27 97 49 56
27 98 30 47
27 99 90 69
28 29 96 34
28 30 58 60
28 31 58 27
28 32 89 63
28 33 22 18
28 34 40 59
28 35 96 52
28 36 68 70
28 37 85 62
28 38 88 24
28 39 15 47
28 40 78 52
28 41 99 69
28 42 59 33
28 43 74 15
28 44 39 73
28 45 66 49
28 46 83 58
28 47 25 33
28 48 37 29
28 49 21 67
28 50 32 34
28 51 40 71
28 52 64 83
28 53 10 49
28 54 7 81
28 55 71 85
28 56 79 45
28 57 82 33
28 58 11 74
28 59 56 58
28 60 14 55
28 61 42 67
28 62 0 31
28 63 76 27
28 64 94 35
28 65 94 64
28 66 73 33
28 67 98 66
28 68 57 44
28 69 37 31
28 70 55 89
28 71 87 21
28 72 34 67
28 73 56 42
28 74 26 46
28 75 84 36
28 76 97 26
28 77 50 12
28 78 65 45
28 79 83 56
28 80 23 82
28 81 18 30
28 82 9 13
28 83 61 17
28 84 84 18
28 85 86 17
28 86 39 16
28 87 21 65
28 88 15 8
28 89 35 70
28 90 35 12
28 91 30 86
28 92 63 33
28 93 34 25
28 94 19 9
28 95 15 43
28 96 15 37
28 97 92 90
28 98 46 45
28 99 33 37
29 30 92 35
29 31 78 61
29 32 78 87
29 33 27 43
29 34 81 49
29 35 66 59
29 36 68 74
29 37 83 52
29 38 62 86
29 39 71 16
29 40 94 74
29 41 52 56
29 42 66 74
29 43 45 38
29 44 50 42
29 45 68 42
29 46 83 35
29 47 36 74
29 48 46 62
29 49 32 58
29 50 27 53
29 51 67 18
29 52 82 69
29 53 36 49
29 54 63 28
29 55 83 24
29 56 12 70
29 57 64 35
29 58 33 78
29 59 66 88
29 60 96 95
29 61 15 60
29 62 2 66
29 63 34 34
29 64 40 28
29 65 0 26
29 66 80 55
29 67 51 47
29 68 94 82
29 69 74 37
29 70 61 73
29 71 51 37
29 72 95 96
29 73 60 15
29 74 91 37
29 75 39 8
29 76 73 76
29 77 75 86
29 78 82 69
29 79 40 70
29 80 83 86
29 81 36 51
29 82 68 34
29 83 61 44
29 84 51 63
29 85 4 58
29 86 1 55
29 87 57 18
29 88 34 55
29 89 67 67
29 90 23 40
29 91 98 44
29 92 8 17
29 93 56 34
29 94 75 48
29 95 6 52
29 96 51 56
29 97 88 88
29 98 71 62
29 99 93 61
30 31 28 75
30 32 40 80
30 33 77 77
30 34 37 11
30 35 79 86
30 36 94 86
30 37 23 69
30 38 38 53
30 39 14 82
30 40 36 68
30 41 42 60
30 42 17 41
30 43 98 24
30 44 53 38
30 45 43 30
30 46 20 17
30 47 90 74
30 48 53 52
30 49 67 37
30 50 66 79
30 51 18 34
30 52 47 42
30 53 52 13
30 54 41 50
30 55 70 92
30 56 15 10
30 57 83 20
30 58 24 60
30 59 29 6
30 60 68 92
30 61 34 62
30 62 57 12
30 63 76 33
30 64 69 28
30 65 74 61
30 66 70 17
30 67 51 72
30 68 42 18
30 69 80 32
30 70 79 51
30 71 77 88
30 72 15 43
30 73 12 71
30 74 66 19
30 75 30 18
30 76 48 23
30 77 39 28
30 78 95 37
30 79 69 18
30 80 28 82
30 81 40 60
30 82 23 34
30 83 25 6
30 84 98 74
30 85 84 78
30 86 52 35
30 87 19 73
30 88 66 75
30 89 20 38
30 90 9 63
30 91 2 12
30 92 32 48
30 93 59 71
30 94 56 76
30 95 94 56
30 96 47 88
30 97 85 45
30 98 60 74
30 99 14 64
31 32 28 77
31 33 82 37
31 34 52 36
31 35 56 71
31 36 6 66
31 37 68 28
31 38 74 50
31 39 72 21
31 40 1 33
31 41 58 22
31 42 12 58
31 43 92 61
31 44 38 51
31 45 74 26
31 46 25 10
31 47 89 97
31 48 51 27
31 49 63 51
31 50 45 45
31 51 62 41
31 52 36 16
31 53 76 52
31 54 85 20
31 55 94 71
31 56 64 84
31 57 51 12
31 58 49 16
31 59 7 59
31 60 9 39
31 61 18 32
31 62 46 24
31 63 23 8
31 64 31 68
31 65 23 82
31 66 55 74
31 67 34 52
31 68 28 53
31 69 10 6
31 70 54 52
31 71 62 84
31 72 91 95
31 73 54 16
31 74 44 73
31 75 98 46
31 76 92 31
31 77 51 72
31 78 64 89
31 79 82 42
31 80 70 89
31 81 73 30
31 82 54 82
31 83 48 40
31 84 32 7
31 85 93 20
31 86 25 25
31 87 93 43
31 88 48 28
31 89 40 80
31 90 75 29
31 91 65 50
31 92 26 28
31 93 6 54
31 94 29 72
31 95 26 5
31 96 21 53
31 97 70 54
31 98 7 25
31 99 60 77
32 33 41 25
32 34 4 30
32 35 11 23
32 36 54 43
32 37 86 66
32 38 52 43
32 39 51 66
32 40 75 77
32 41 75 46
32 42 15 33
32 43 79 53
32 44 37 67
32 45 63 43
32 46 11 41
32 47 29 41
32 48 51 32
32 49 70 54
32 50 11 53
32 51 67 78
32 52 88 81
32 53 14 4
32 54 19 29
32 55 69 18
32 56 92 96
32 57 93 23
32 58 3 54
32 59 48 36
32 60 50 52
32 61 79 77
32 62 43 41
32 63 1 16
32 64 96 42
32 65 31 80
32 66 19 59
32 67 14 33
32 68 2 16
32 69 37 20
32 70 70 20
32 71 76 27
32 72 29 63
32 73 47 61
32 74 8 57
32 75 49 43
32 76 33 80
32 77 73 35
32 78 97 65
32 79 57 63
32 80 24 6
32 81 7 58
32 82 76 68
32 83 19 34
32 84 50 54
32 85 89 69
32 86 5 68
32 87 90 66
32 88 39 16
32 89 54 22
32 90 84 43
32 91 81 27
32 92 24 27
32 93 55 27
32 94 79 22
32 95 89 80
32 96 19 69
32 97 88 39
32 98 10 32
32 99 87 80
33 34 58 58
33 35 92 92
33 36 65 41
33 37 7 78
33 38 66 50
33 39 49 45
33 40 7 33
33 41 72 46
33 42 17 67
33 43 40 69
33 44 98 72
33 45 16 79
33 46 1 69
33 47 29 40
33 48 21 57
33 49 28 62
33 50 38 20
33 51 58 85
33 52 78 50
33 53 37 36
33 54 90 98
33 55 21 70
33 56 12 80
33 57 86 44
33 58 0 54
33 59 33 10
33 60 74 34
33 61 43 82
33 62 29 31
33 63 41 37
33 64 68 61
33 65 68 63
33 66 33 33
33 67 27 16
33 68 59 39
33 69 95 66
33 70 85 74
33 71 36 35
33 72 21 81
33 73 56 13
33 74 84 22
33 75 2 79
33 76 28 35
33 77 62 66
33 78 33 27
33 79 64 15
33 80 83 62
33 81 28 14
33 82 57 22
33 83 49 52
33 84 43 45
33 85 28 13
33 86 26 79
33 87 51 43
33 88 87 61
33 89 36 8
33 90 30 17
33 91 45 81
33 92 24 49
33 93 95 99
33 94 1 69
33 95 10 23
33 96 91 38
33 97 75 50
33 98 92 62
33 99 1 69
34 35 99 68
34 36 69 92
34 37 50 61
34 38 62 56
34 39 62 38
34 40 34 81
34 41 80 83
34 42 28 5
34 43 40 40
34 44 51 21
34 45 25 21
34 46 46 85
34 47 41 29
34 48 68 14
34 49 77 76
34 50 12 35
34 51 99 31
34 52 67 52
34 53 67 64
34 54 86 79
34 55 59 19
34 56 18 74
34 57 9 33
34 58 55 39
34 59 53 50
34 60 4 38
34 61 20 80
34 62 92 57
34 63 96 82
34 64 24 70
34 65 79 18
34 66 60 22
34 67 35 84
34 68 57 83
34 69 87 76
34 70 88 67
34 71 93 60
34 72 84 37
34 73 87 82
34 74 44 23
34 75 7 50
34 76 2 41
34 77 75 90
34 78 67 40
34 79 47 38
34 80 94 70
34 81 20 23
34 82 23 18
34 83 72 24
34 84 35 51
34 85 99 69
34 86 22 4
34 87 24 41
34 88 14 11
34 89 47 62
34 90 76 24
34 91 5 34
34 92 56 36
34 93 21 25
34 94 96 58
34 95 6 66
34 96 30 35
34 97 29 72
34 98 39 77
34 99 16 31
35 36 50 18
35 37 27 64
35 38 43 65
35 39 80 58
35 40 27 42
35 41 29 49
35 42 92 71
35 43 20 11
35 44 87 75
35 45 61 30
35 46 90 41
35 47 68 67
35 48 16 9
35 49 58 29
35 50 65 43
35 51 73 93
35 52 83 56
35 53 16 29
35 54 97 56
35 55 42 8
35 56 97 75
35 57 39 45
35 58 74 47
35 59 58 47
35 60 14 54
35 61 37 78
35 62 33 54
35 63 34 14
35 64 70 42
35 65 79 71
35 66 78 39
35 67 17 39
35 68 24 83
35 69 42 64
35 70 51 70
35 71 80 42
35 72 58 91
35 73 76 22
35 74 56 25
35 75 85 91
35 76 24 42
35 77 64 79
35 78 73 55
35 79 69 16
35 80 9 42
35 81 59 34
35 82 92 67
35 83 92 44
35 84 75 61
35 85 38 78
35 86 25 52
35 87 32 76
35 88 99 36
35 89 0 7
35 90 93 35
35 91 93 52
35 92 37 34
35 93 58 42
35 94 92 87
35 95 9 39
35 96 87 82
35 97 5 75
35 98 81 88
35 99 38 66
36 37 21 35
36 38 80 78
36 39 96 92
36 40 27 46
36 41 50 89
36 42 22 31
36 43 27 9
36 44 90 90
36 45 75 84
36 46 56 76
36 47 2 22
36 48 23 54
36 49 79 71
36 50 62 47
36 51 65 21
36 52 63 74
36 53 95 52
36 54 86 91
36 55 68 67
36 56 40 39
36 57 3 53
36 58 49 58
36 59 73 51
36 60 11 34
36 61 23 11
36 62 2 12
36 63 56 17
36 64 73 89
36 65 58 78
36 66 92 57
36 67 14 59
36 68 46 51
36 69 67 34
36 70 74 33
36 71 94 68
36 72 78 79
36 73 49 85
36 74 32 44
36 75 20 80
36 76 87 64
36 77 90 38
36 78 31 35
36 79 36 79
36 80 84 39
36 81 36 59
36 82 59 60
36 83 18 16
36 84 7 6
36 85 13 68
36 86 5 27
36 87 24 37
36 88 72 34
36 89 99 41
36 90 78 63
36 91 22 10
36 92 53 63
36 93 74 65
36 94 42 27
36 95 29 45
36 96 93 44
36 97 27 69
36 98 46 55
36 99 95 55
37 38 41 83
37 39 60 51
37 40 45 79
37 41 76 82
37 42 2 67
37 43 54 18
37 44 54 50
37 45 89 75
37 46 49 26
37 47 66 23
37 48 76 27
37 49 63 87
37 50 65 30
37 51 40 48
37 52 8 77
37 53 76 57
37 54 57 44
37 55 57 29
37 56 1 23
37 57 60 43
37 58 35 64
37 59 4 51
37 60 90 79
37 61 46 72
37 62 47 23
37 63 36 36
37 64 42 31
37 65 59 71
37 66 15 40
37 67 56 62
37 68 77 45
37 69 20 8
37 70 45 55
37 71 99 92
37 72 57 27
37 73 23 39
37 74 50 41
37 75 94 94
37 76 44 72
37 77 50 85
37 78 78 77
37 79 4 30
37 80 92 93
37 81 6 79
37 82 89 37
37 83 48 66
37 84 60 82
37 85 83 84
37 86 73 86
37 87 33 28
37 88 22 9
37 89 78 76
37 90 4 65
37 91 92 85
37 92 87 43
37 93 37 56
37 94 79 31
37 95 56 13
37 96 26 16
37 97 6 41
37 98 51 53
37 99 39 55
38 39 91 50
38 40 51 38
38 41 19 55
38 42 53 19
38 43 76 20
38 44 38 16
38 45 33 29
38 46 6 24
38 47 8 67
38 48 15 16
38 49 33 18
38 50 54 23
38 51 84 78
38 52 14 12
38 53 91 27
38 54 77 68
38 55 56 58
38 56 0 36
38 57 43 28
38 58 8 54
38 59 73 56
38 60 44 36
38 61 12 12
38 62 65 23
38 63 40 67
38 64 16 67
38 65 49 53
38 66 67 77
38 67 75 46
38 68 24 5
38 69 57 54
38 70 62 81
38 71 93 49
38 72 69 19
38 73 43 32
38 74 92 29
38 75 53 26
38 76 61 72
38 77 21 11
38 78 43 57
38 79 41 63
38 80 50 88
38 81 23 71
38 82 46 50
38 83 32 14
38 84 72 24
38 85 45 42
38 86 7 30
38 87 57 57
38 88 40 38
38 89 62 89
38 90 99 51
38 91 94 77
38 92 60 36
38 93 64 23
38 94 45 50
38 95 19 10
38 96 37 58
38 97 65 15
38 98 78 55
38 99 3 61
39 40 95 80
39 41 17 75
39 42 62 32
39 43 0 18
39 44 75 42
39 45 77 76
39 46 62 19
39 47 90 29
39 48 83 17
39 49 84 22
39 50 37 77
39 51 91 82
39 52 70 55
39 53 21 49
39 54 76 28
39 55 8 57
39 56 62 72
39 57 45 38
39 58 15 75
39 59 12 26
39 60 99 97
39 61 76 80
39 62 35 8
39 63 39 59
39 64 52 65
39 65 19 34
39 66 59 22
39 67 10 37
39 68 36 33
39 69 17 59
39 70 57 84
39 71 50 42
39 72 13 32
39 73 8 20
39 74 38 70
39 75 76 26
39 76 1 21
39 77 74 27
39 78 85 58
39 79 19 22
39 80 58 51
39 81 42 38
39 82 61 87
39 83 86 92
39 84 39 31
39 85 97 54
39 86 69 36
39 87 16 9
39 88 84 31
39 89 88 33
39 90 41 43
39 91 42 55
39 92 69 67
39 93 55 74
39 94 43 58
39 95 83 31
39 96 96 57
39 97 40 39
39 98 25 54
39 99 89 40
40 41 48 59
40 42 61 34
40 43 78 44
40 44 12 81
40 45 71 51
40 46 94 52
40 47 58 88
40 48 64 87
40 49 85 83
40 50 8 54
40 51 52 33
40 52 75 92
40 53 20 50
40 54 49 13
40 55 48 45
40 56 56 45
40 57 72 48
40 58 65 75
40 59 51 42
40 60 16 73
40 61 49 81
40 62 91 40
40 63 85 22
40 64 99 42
40 65 91 86
40 66 2 77
40 67 18 72
40 68 33 39
40 69 88 77
40 70 9 5
40 71 84 24
40 72 63 72
40 73 6 25
40 74 93 27
40 75 35 72
40 76 5 44
40 77 97 69
40 78 70 52
40 79 89 42
40 80 39 12
40 81 29 80
40 82 11 11
40 83 61 73
40 84 99 71
40 85 76 92
40 86 40 73
40 87 47 69
40 88 71 25
40 89 76 23
40 90 14 3
40 91 2 40
40 92 89 84
40 93 66 68
40 94 19 45
40 95 46 46
40 96 41 42
40 97 4 48
40 98 54 88
40 99 25 68
41 42 5 66
41 43 3 1
41 44 4 58
41 45 71 34
41 46 11 19
41 47 15 26
41 48 22 70
41 49 35 61
41 50 53 81
41 51 46 10
41 52 5 53
41 53 68 26
41 54 65 90
41 55 7 7
41 56 58 90
41 57 15 65
41 58 56 72
41 59 20 67
41 60 55 57
41 61 34 46
41 62 31 82
41 63 63 18
41 64 31 12
41 65 24 67
41 66 10 57
41 67 7 27
41 68 62 74
41 69 16 47
41 70 74 47
41 71 91 29
41 72 92 71
41 73 83 81
41 74 69 75
41 75 54 72
41 76 9 36
41 77 47 84
41 78 82 64
41 79 37 19
41 80 46 18
41 81 64 45
41 82 37 11
41 83 70 43
41 84 31 83
41 85 84 91
41 86 39 83
41 87 54 11
41 88 42 76
41 89 62 75
41 90 32 38
41 91 9 12
41 92 28 37
41 93 19 23
41 94 45 69
41 95 39 45
41 96 24 16
41 97 12 75
41 98 9 72
41 99 78 52
42 43 36 13
42 44 57 40
42 45 31 49
42 46 52 74
42 47 4 57
42 48 55 54
42 49 61 46
42 50 31 76
42 51 12 10
42 52 88 39
42 53 95 76
42 54 80 35
42 55 9 77
42 56 17 61
42 57 77 73
42 58 19 9
42 59 27 65
42 60 42 37
42 61 18 38
42 62 98 28
42 63 44 17
42 64 88 42
42 65 41 59
42 66 29 17
42 67 73 62
42 68 18 52
42 69 3 74
42 70 52 82
42 71 79 91
42 72 92 24
42 73 70 85
42 74 49 70
42 75 87 43
42 76 15 56
42 77 86 52
42 78 5 37
42 79 27 58
42 80 12 82
42 81 93 24
42 82 82 84
42 83 68 93
42 84 47 42
42 85 98 29
42 86 32 20
42 87 66 42
42 88 77 52
42 89 85 93
42 90 17 33
42 91 16 60
42 92 1 60
42 93 71 65
42 94 70 31
42 95 87 85
42 96 63 92
42 97 28 39
42 98 55 35
42 99 62 17
43 44 52 30
43 45 79 58
43 46 20 61
43 47 70 33
43 48 98 62
43 49 53 26
43 50 23 26
43 51 23 5
43 52 39 58
43 53 77 39
43 54 65 82
43 55 14 33
43 56 20 74
43 57 64 92
43 58 16 6
43 59 22 73
43 60 82 63
43 61 27 8
43 62 24 35
43 63 50 44
43 64 91 34
43 65 65 87
43 66 89 45
43 67 64 34
43 68 63 28
43 69 55 62
43 70 28 54
43 71 46 34
43 72 39 84
43 73 61 61
43 74 76 47
43 75 37 34
43 76 22 70
43 77 52 74
43 78 98 89
43 79 59 55
43 80 88 46
43 81 9 72
43 82 45 30
43 83 36 20
43 84 59 84
43 85 80 80
43 86 12 54
43 87 76 81
43 88 37 72
43 89 11 36
43 90 21 82
43 91 51 59
43 92 26 81
43 93 73 62
43 94 41 58
43 95 23 17
43 96 84 43
43 97 15 22
43 98 80 82
43 99 41 31
44 45 55 53
44 46 50 19
44 47 73 92
44 48 62 32
44 49 82 82
44 50 7 17
44 51 75 27
44 52 9 62
44 53 60 80
44 54 27 43
44 55 69 30
44 56 74 80
44 57 51 11
44 58 47 48
44 59 98 40
44 60 64 45
44 61 24 73
44 62 92 75
44 63 43 11
44 64 16 77
44 65 20 31
44 66 79 68
44 67 43 47
44 68 40 33
44 69 41 69
44 70 88 26
44 71 6 71
44 72 78 89
44 73 20 65
44 74 12 22
44 75 97 65
44 76 29 67
44 77 60 33
44 78 62 86
44 79 99 68
44 80 52 59
44 81 29 27
44 82 6 15
44 83 91 68
44 84 44 46
44 85 95 60
44 86 10 75
44 87 65 55
44 88 11 15
44 89 95 87
44 90 16 17
44 91 37 72
44 92 84 40
44 93 49 64
44 94 76 74
44 95 81 34
44 96 85 93
44 97 67 18
44 98 72 73
44 99 40 45
45 46 11 50
45 47 75 79
45 48 38 44
45 49 78 36
45 50 16 56
45 51 63 48
45 52 18 43
45 53 10 64
45 54 98 68
45 55 46 15
45 56 53 75
45 57 72 23
45 58 33 15
45 59 42 59
45 60 91 79
45 61 23 68
45 62 35 67
45 63 36 43
45 64 92 75
45 65 15 49
45 66 0 39
45 67 63 77
45 68 41 24
45 69 19 59
45 70 47 35
45 71 99 97
45 72 58 80
45 73 8 18
45 74 18 61
45 75 61 83
45 76 76 80
45 77 76 46
45 78 37 41
45 79 98 80
45 80 37 16
45 81 72 65
45 82 65 58
45 83 36 61
45 84 95 38
45 85 40 80
45 86 18 48
45 87 82 54
45 88 5 57
45 89 21 82
45 90 72 15
45 91 50 49
45 92 79 31
45 93 93 46
45 94 29 53
45 95 79 83
45 96 60 90
45 97 71 15
45 98 76 39
45 99 16 12
46 47 12 20
46 48 10 40
46 49 11 35
46 50 73 27
46 51 4 34
46 52 24 43
46 53 93 62
46 54 89 96
46 55 87 21
46 56 25 43
46 57 3 77
46 58 57 39
46 59 60 71
46 60 77 31
46 61 46 89
46 62 62 44
46 63 64 92
46 64 73 74
46 65 69 85
46 66 58 60
46 67 63 20
46 68 55 32
46 69 85 46
46 70 34 15
46 71 93 72
46 72 92 65
46 73 11 5
46 74 10 19
46 75 60 56
46 76 38 12
46 77 61 24
46 78 40 44
46 79 87 60
46 80 14 77
46 81 93 62
46 82 28 84
46 83 46 30
46 84 38 76
46 85 96 85
46 86 6 48
46 87 94 45
46 88 63 50
46 89 72 29
46 90 80 77
46 91 66 37
46 92 76 61
46 93 72 52
46 94 19 41
46 95 91 85
46 96 56 78
46 97 75 66
46 98 9 30
46 99 15 50
47 48 78 64
47 49 33 54
47 50 72 36
47 51 89 50
47 52 95 47
47 53 1 55
47 54 68 73
47 55 35 23
47 56 62 64
47 57 92 88
47 58 11 2
47 59 34 10
47 60 53 27
47 61 99 99
47 62 18 20
47 63 47 46
47 64 84 63
47 65 34 86
47 66 93 21
47 67 23 44
47 68 97 24
47 69 96 62
47 70 87 58
47 71 45 15
47 72 43 73
47 73 0 57
47 74 9 5
47 75 25 74
47 76 25 36
47 77 17 67
47 78 18 40
47 79 6 4
47 80 14 55
47 81 16 70
47 82 1 50
47 83 63 41
47 84 6 47
47 85 96 74
47 86 69 75
47 87 90 94
47 88 48 60
47 89 57 27
47 90 50 82
47 91 82 38
47 92 51 71
47 93 76 80
47 94 4 8
47 95 20 54
47 96 58 13
47 97 11 75
47 98 3 75
47 99 31 85
48 49 91 68
48 50 72 81
48 51 17 39
48 52 71 46
48 53 35 60
48 54 16 60
48 55 43 57
48 56 38 10
48 57 21 48
48 58 9 77
48 59 8 35
48 60 33 36
48 61 0 5
48 62 12 51
48 63 31 20
48 64 63 63
48 65 6 59
48 66 28 76
48 67 21 49
48 68 32 77
48 69 21 29
48 70 37 20
48 71 63 46
48 72 50 63
48 73 74 90
48 74 39 23
48 75 66 22
48 76 12 54
48 77 89 60
48 78 2 3
48 79 80 90
48 80 16 48
48 81 82 39
48 82 97 92
48 83 31 24
48 84 21 8
48 85 82 69
48 86 59 51
48 87 90 20
48 88 97 52
48 89 89 32
48 90 75 36
48 91 89 20
48 92 31 83
48 93 14 17
48 94 68 83
48 95 58 31
48 96 90 74
48 97 92 50
48 98 86 57
48 99 4 15
49 50 69 70
49 51 17 44
49 52 11 66
49 53 3 60
49 54 67 28
49 55 41 26
49 56 93 55
49 57 34 67
49 58 54 13
49 59 56 41
49 60 20 31
49 61 61 41
49 62 64 30
49 63 24 83
49 64 75 51
49 65 36 79
49 66 92 42
49 67 1 77
49 68 53 62
49 69 47 19
49 70 71 19
49 71 1 34
49 72 28 23
49 73 83 56
49 74 80 51
49 75 90 31
49 76 69 48
49 77 9 4
49 78 1 28
49 79 32 37
49 80 5 26
49 81 91 54
49 82 6 21
49 83 62 57
49 84 63 32
49 85 76 44
49 86 42 86
49 87 56 25
49 88 50 15
49 89 81 33
49 90 4 1
49 91 40 63
49 92 50 45
49 93 0 14
49 94 13 2
49 95 64 42
49 96 92 50
49 97 87 67
49 98 52 38
49 99 39 20
50 51 95 54
50 52 92 77
50 53 32 81
50 54 42 86
50 55 7 66
50 56 7 38
50 57 32 84
50 58 52 34
50 59 76 69
50 60 6 45
50 61 74 18
50 62 86 62
50 63 32 13
50 64 21 66
50 65 14 27
50 66 77 90
50 67 84 68
50 68 80 79
50 69 21 28
50 70 56 27
50 71 68 83
50 72 60 85
50 73 72 45
50 74 55 54
50 75 10 2
50 76 48 10
50 77 36 58
50 78 65 48
50 79 23 74
50 80 62 68
50 81 20 77
50 82 95 54
50 83 77 84
50 84 1 61
50 85 8 21
50 86 7 51
50 87 4 7
50 88 33 56
50 89 46 83
50 90 19 42
50 91 60 15
50 92 43 33
50 93 54 73
50 94 26 32
50 95 81 62
50 96 32 66
50 97 57 43
50 98 42 71
50 99 66 60
51 52 52 66
51 53 57 84
51 54 48 57
51 55 86 43
51 56 43 27
51 57 75 86
51 58 91 54
51 59 42 29
51 60 63 60
51 61 20 58
51 62 37 77
51 63 76 84
51 64 58 56
51 65 78 59
51 66 13 55
51 67 66 67
51 68 43 20
51 69 53 24
51 70 1 39
51 71 20 42
51 72 57 27
51 73 31 75
51 74 3 54
51 75 16 75
51 76 25 16
51 77 57 66
51 78 92 20
51 79 63 14
51 80 28 69
51 81 30 63
51 82 34 73
51 83 95 84
51 84 68 45
51 85 2 62
51 86 83 58
51 87 55 43
51 88 93 28
51 89 89 93
51 90 85 58
51 91 45 34
51 92 88 45
51 93 54 72
51 94 17 76
51 95 37 58
51 96 91 97
51 97 94 48
51 98 12 24
51 99 89 69
52 53 77 39
52 54 80 22
52 55 17 18
52 56 47 63
52 57 1 70
52 58 83 64
52 59 10 23
52 60 7 53
52 61 33 44
52 62 78 85
52 63 7 51
52 64 49 58
52 65 32 49
52 66 94 39
52 67 28 48
52 68 3 41
52 69 22 9
52 70 68 25
52 71 98 33
52 72 4 60
52 73 78 60
52 74 3 19
52 75 25 50
52 76 34 55
52 77 83 45
52 78 89 66
52 79 91 66
52 80 80 43
52 81 50 20
52 82 15 5
52 83 64 62
52 84 75 54
52 85 29 40
52 86 42 55
52 87 63 32
52 88 91 93
52 89 12 23
52 90 33 16
52 91 64 52
52 92 37 60
52 93 31 29
52 94 54 72
52 95 55 88
52 96 68 80
52 97 85 47
52 98 36 75
52 99 24 42
53 54 72 44
53 55 47 87
53 56 49 81
53 57 81 45
53 58 24 24
53 59 79 57
53 60 73 54
53 61 39 72
53 62 62 57
53 63 32 16
53 64 39 19
53 65 64 39
53 66 58 39
53 67 36 23
53 68 63 35
53 69 15 76
53 70 20 80
53 71 21 10
53 72 81 61
53 73 93 31
53 74 68 15
53 75 39 20
53 76 72 17
53 77 3 79
53 78 62 41
53 79 6 55
53 80 89 50
53 81 79 71
53 82 63 62
53 83 77 71
53 84 45 88
53 85 41 41
53 86 10 3
53 87 3 45
53 88 1 3
53 89 29 80
53 90 65 51
53 91 83 72
53 92 23 68
53 93 47 21
53 94 89 78
53 95 86 85
53 96 4 66
53 97 1 16
53 98 14 50
53 99 7 75
54 55 94 43
54 56 97 88
54 57 37 19
54 58 95 76
54 59 66 78
54 60 17 53
54 61 88 19
54 62 52 78
54 63 12 23
54 64 31 25
54 65 15 52
54 66 53 81
54 67 25 22
54 68 94 26
54 69 37 8
54 70 0 0
54 71 24 43
54 72 19 48
54 73 90 43
54 74 37 73
54 75 89 21
54 76 13 48
54 77 91 28
54 78 47 37
54 79 28 24
54 80 25 7
54 81 23 35
54 82 27 43
54 83 40 87
54 84 75 44
54 85 41 74
54 86 32 70
54 87 45 81
54 88 19 5
54 89 49 69
54 90 2 39
54 91 95 90
54 92 17 12
54 93 22 18
54 94 21 79
54 95 46 48
54 96 13 30
54 97 74 74
54 98 55 57
54 99 51 45
55 56 99 72
55 57 1 70
55 58 80 37
55 59 56 28
55 60 20 62
55 61 8 71
55 62 11 28
55 63 41 32
55 64 91 31
55 65 7 24
55 66 18 36
55 67 49 86
55 68 23 11
55 69 69 16
55 70 26 56
55 71 71 50
55 72 45 50
55 73 79 26
55 74 20 83
55 75 86 27
55 76 28 25
55 77 46 38
55 78 38 13
55 79 20 83
55 80 14 29
55 81 42 79
55 82 52 37
55 83 56 62
55 84 29 39
55 85 26 49
55 86 1 30
55 87 51 15
55 88 79 85
55 89 64 40
55 90 63 47
55 91 96 86
55 92 73 81
55 93 4 59
55 94 32 28
55 95 48 62
55 96 60 69
55 97 85 59
55 98 73 56
55 99 48 58
56 57 78 78
56 58 91 44
56 59 58 76
56 60 25 25
56 61 71 79
56 62 16 44
56 63 46 67
56 64 91 42
56 65 96 63
56 66 0 20
56 67 23 24
56 68 80 37
56 69 13 35
56 70 76 93
56 71 24 46
56 72 86 81
56 73 89 89
56 74 34 13
56 75 73 79
56 76 85 22
56 77 34 10
56 78 84 92
56 79 31 29
56 80 50 40
56 81 44 78
56 82 48 32
56 83 9 19
56 84 88 32
56 85 72 28
56 86 33 19
56 87 20 6
56 88 12 3
56 89 0 47
56 90 43 53
56 91 66 66
56 92 40 32
56 93 82 43
56 94 39 22
56 95 2 67
56 96 67 76
56 97 35 79
56 98 27 9
56 99 26 33
57 58 44 57
57 59 57 29
57 60 89 73
57 61 28 33
57 62 61 47
57 63 24 71
57 64 91 79
57 65 48 73
57 66 29 77
57 67 19 83
57 68 49 74
57 69 70 18
57 70 26 68
57 71 64 57
57 72 95 60
57 73 7 1
57 74 73 29
57 75 25 21
57 76 84 91
57 77 62 37
57 78 61 66
57 79 22 9
57 80 11 55
57 81 71 55
57 82 83 42
57 83 87 19
57 84 86 74
57 85 48 66
57 86 8 69
57 87 94 65
57 88 32 40
57 89 67 20
57 90 56 19
57 91 87 72
57 92 91 21
57 93 27 67
57 94 21 8
57 95 65 32
57 96 6 79
57 97 76 57
57 98 94 29
57 99 9 15
58 59 93 30
58 60 71 72
58 61 8 40
58 62 99 40
58 63 53 18
58 64 43 72
58 65 94 39
58 66 90 45
58 67 95 39
58 68 69 66
58 69 35 75
58 70 5 1
58 71 49 42
58 72 52 24
58 73 0 26
58 74 79 83
58 75 39 51
58 76 87 47
58 77 19 58
58 78 67 76
58 79 99 30
58 80 70 77
58 81 70 74
58 82 88 76
58 83 54 13
58 84 88 23
58 85 55 79
58 86 64 72
58 87 90 49
58 88 27 70
58 89 85 41
58 90 57 59
58 91 15 22
58 92 67 38
58 93 13 34
58 94 7 75
58 95 92 94
58 96 64 85
58 97 12 5
58 98 32 17
58 99 94 78
59 60 32 86
59 61 53 43
59 62 5 30
59 63 41 12
59 64 62 36
59 65 48 31
59 66 37 54
59 67 18 74
59 68 11 68
59 69 83 71
59 70 33 19
59 71 33 40
59 72 52 61
59 73 79 33
59 74 68 17
59 75 8 48
59 76 54 55
59 77 71 60
59 78 48 70
59 79 13 76
59 80 51 30
59 81 19 16
59 82 33 9
59 83 61 75
59 84 16 8
59 85 6 66
59 86 24 13
59 87 34 51
59 88 50 27
59 89 3 6
59 90 88 38
59 91 38 30
59 92 7 77
59 93 99 53
59 94 57 56
59 95 44 42
59 96 7 11
59 97 85 55
59 98 96 26
59 99 53 80
60 61 38 54
60 62 86 25
60 63 28 75
60 64 18 31
60 65 35 45
60 66 47 82
60 67 63 17
60 68 37 57
60 69 42 42
60 70 24 47
60 71 99 24
60 72 16 40
60 73 96 45
60 74 70 78
60 75 1 58
60 76 5 70
60 77 88 61
60 78 75 42
60 79 0 59
60 80 15 34
60 81 22 32
60 82 9 31
60 83 16 22
60 84 50 12
60 85 11 71
60 86 56 51
60 87 29 81
60 88 38 54
60 89 69 88
60 90 18 12
60 91 38 18
60 92 69 86
60 93 96 23
60 94 47 23
60 95 43 66
60 96 17 32
60 97 17 82
60 98 7 23
60 99 23 81
61 62 9 19
61 63 88 73
61 64 60 65
61 65 43 66
61 66 32 43
61 67 97 27
61 68 41 44
61 69 68 26
61 70 67 79
61 71 12 30
61 72 4 34
61 73 59 35
61 74 99 46
61 75 33 36
61 76 78 80
61 77 84 39
61 78 64 36
61 79 73 31
61 80 40 16
61 81 4 51
61 82 35 79
61 83 51 60
61 84 91 70
61 85 26 13
61 86 50 74
61 87 12 58
61 88 55 74
61 89 96 39
61 90 53 48
61 91 32 75
61 92 58 69
61 93 40 79
61 94 66 57
61 95 98 89
61 96 78 48
61 97 39 66
61 98 78 71
61 99 38 45
62 63 86 62
62 64 91 48
62 65 63 24
62 66 9 14
62 67 87 80
62 68 97 30
62 69 72 38
62 70 91 51
62 71 38 26
62 72 78 88
62 73 84 83
62 74 96 92
62 75 19 20
62 76 89 87
62 77 56 28
62 78 13 57
62 79 86 19
62 80 25 82
62 81 42 20
62 82 94 25
62 83 77 21
62 84 43 79
62 85 26 31
62 86 84 96
62 87 58 72
62 88 14 44
62 89 51 61
62 90 47 32
62 91 39 9
62 92 9 52
62 93 92 41
62 94 78 77
62 95 56 16
62 96 90 55
62 97 90 24
62 98 43 78
62 99 47 70
63 64 74 76
63 65 16 3
63 66 12 27
63 67 39 25
63 68 82 49
63 69 37 45
63 70 23 75
63 71 31 49
63 72 15 65
63 73 91 79
63 74 43 87
63 75 96 26
63 76 95 90
63 77 33 20
63 78 89 69
63 79 6 20
63 80 10 16
63 81 88 31
63 82 97 55
63 83 52 51
63 84 5 69
63 85 4 62
63 86 87 37
63 87 65 19
63 88 29 45
63 89 59 29
63 90 11 28
63 91 74 36
63 92 39 75
63 93 49 84
63 94 52 69
63 95 22 45
63 96 76 33
63 97 26 28
63 98 10 35
63 99 13 81
64 65 70 17
64 66 5 69
64 67 50 29
64 68 20 11
64 69 6 34
64 70 53 27
64 71 56 16
64 72 11 9
64 73 51 48
64 74 68 18
64 75 66 20
64 76 57 30
64 77 28 69
64 78 79 62
64 79 60 41
64 80 78 79
64 81 37 20
64 82 25 46
64 83 6 21
64 84 11 39
64 85 0 25
64 86 83 85
64 87 35 24
64 88 94 83
64 89 10 12
64 90 36 31
64 91 94 34
64 92 62 89
64 93 65 22
64 94 13 30
64 95 21 63
64 96 58 61
64 97 30 34
64 98 87 62
64 99 49 73
65 66 22 11
65 67 61 35
65 68 22 32
65 69 15 52
65 70 92 69
65 71 21 58
65 72 70 63
65 73 94 39
65 74 24 71
65 75 37 8
65 76 96 34
65 77 78 46
65 78 21 62
65 79 51 63
65 80 74 69
65 81 3 64
65 82 37 31
65 83 62 31
65 84 10 63
65 85 78 54
65 86 75 25
65 87 37 50
65 88 60 26
65 89 6 55
65 90 40 8
65 91 75 88
65 92 33 31
65 93 74 19
65 94 27 70
65 95 80 85
65 96 82 23
65 97 56 79
65 98 64 84
65 99 28 30
66 67 64 23
66 68 62 48
66 69 45 14
66 70 83 66
66 71 72 83
66 72 35 86
66 73 9 41
66 74 92 41
66 75 62 35
66 76 40 28
66 77 78 94
66 78 50 42
66 79 60 82
66 80 46 52
66 81 69 80
66 82 42 50
66 83 41 37
66 84 43 51
66 85 85 37
66 86 28 54
66 87 78 79
66 88 76 78
66 89 96 58
66 90 73 66
66 91 81 44
66 92 48 76
66 93 54 55
66 94 82 76
66 95 88 37
66 96 38 10
66 97 60 57
66 98 19 10
66 99 77 61
67 68 79 18
67 69 9 58
67 70 39 35
67 71 5 65
67 72 16 28
67 73 66 92
67 74 17 78
67 75 10 64
67 76 23 44
67 77 7 24
67 78 22 66
67 79 15 22
67 80 56 89
67 81 87 20
67 82 49 20
67 83 86 74
67 84 85 77
67 85 72 62
67 86 29 42
67 87 29 16
67 88 70 46
67 89 25 15
67 90 76 81
67 91 71 80
67 92 64 20
67 93 38 22
67 94 82 81
67 95 34 76
67 96 54 48
67 97 63 71
67 98 37 43
67 99 56 16
68 69 29 54
68 70 96 77
68 71 61 45
68 72 42 78
68 73 5 34
68 74 69 40
68 75 42 80
68 76 49 71
68 77 95 98
68 78 4 69
68 79 92 65
68 80 14 57
68 81 59 44
68 82 75 38
68 83 49 31
68 84 66 19
68 85 0 8
68 86 79 69
68 87 33 34
68 88 32 14
68 89 2 15
68 90 19 59
68 91 55 82
68 92 74 31
68 93 15 24
68 94 60 53
68 95 44 48
68 96 22 24
68 97 57 89
68 98 87 74
68 99 68 19
69 70 30 29
69 71 70 31
69 72 47 68
69 73 6 76
69 74 52 88
69 75 55 50
69 76 56 86
69 77 6 38
69 78 0 63
69 79 43 43
69 80 27 80
69 81 68 60
69 82 24 53
69 83 71 71
69 84 58 42
69 85 52 31
69 86 54 12
69 87 42 49
69 88 50 11
69 89 10 65
69 90 24 24
69 91 12 48
69 92 30 35
69 93 52 33
69 94 94 53
69 95 17 59
69 96 65 61
69 97 61 56
69 98 64 92
69 99 60 64
70 71 18 8
70 72 70 60
70 73 84 29
70 74 10 5
70 75 53 80
70 76 67 57
70 77 7 41
70 78 28 32
70 79 38 53
70 80 36 50
70 81 66 43
70 82 55 29
70 83 72 49
70 84 41 38
70 85 34 59
70 86 9 64
70 87 19 62
70 88 20 4
70 89 52 55
70 90 68 89
70 91 77 89
70 92 2 20
70 93 56 91
70 94 70 78
70 95 96 29
70 96 28 68
70 97 84 75
70 98 30 20
70 99 28 53
71 72 41 43
71 73 31 17
71 74 15 77
71 75 64 82
71 76 63 53
71 77 23 18
71 78 97 43
71 79 54 63
71 80 0 22
71 81 64 49
71 82 84 74
71 83 96 80
71 84 68 26
71 85 54 35
71 86 28 14
71 87 31 52
71 88 97 91
71 89 36 35
71 90 68 57
71 91 11 50
71 92 21 72
71 93 64 73
71 94 18 23
71 95 85 52
71 96 23 30
71 97 1 7
71 98 16 54
71 99 96 70
72 73 26 34
72 74 37 83
72 75 57 36
72 76 28 12
72 77 80 94
72 78 30 71
72 79 40 72
72 80 75 90
72 81 58 57
72 82 86 26
72 83 13 39
72 84 39 28
72 85 29 51
72 86 66 69
72 87 48 14
72 88 44 56
72 89 7 71
72 90 66 40
72 91 54 52
72 92 68 83
72 93 44 76
72 94 51 52
72 95 0 78
72 96 14 49
72 97 55 44
72 98 43 68
72 99 63 44
73 74 38 20
73 75 70 83
73 76 74 81
73 77 47 20
73 78 18 51
73 79 22 6
73 80 18 28
73 81 34 35
73 82 52 25
73 83 0 41
73 84 20 38
73 85 87 88
73 86 61 48
73 87 28 11
73 88 2 35
73 89 21 27
73 90 16 9
73 91 53 17
73 92 81 46
73 93 44 61
73 94 48 80
73 95 62 89
73 96 40 15
73 97 49 42
73 98 34 17
73 99 47 28
74 75 88 76
74 76 72 86
74 77 54 75
74 78 78 74
74 79 9 21
74 80 86 73
74 81 77 17
74 82 58 21
74 83 76 79
74 84 50 23
74 85 1 4
74 86 49 23
74 87 28 35
74 88 91 47
74 89 37 16
74 90 87 94
74 91 29 27
74 92 24 24
74 93 0 75
74 94 61 81
74 95 28 27
74 96 18 80
74 97 85 94
74 98 10 71
74 99 37 72
75 76 16 57
75 77 8 77
75 78 55 50
75 79 4 5
75 80 92 69
75 81 65 26
75 82 12 20
75 83 5 69
75 84 98 91
75 85 70 63
75 86 32 69
75 87 68 61
75 88 58 49
75 89 59 88
75 90 47 33
75 91 74 47
75 92 40 42
75 93 94 97
75 94 65 88
75 95 44 55
75 96 67 79
75 97 24 52
75 98 43 60
75 99 48 67
76 77 39 68
76 78 80 65
76 79 98 56
76 80 12 82
76 81 7 6
76 82 95 78
76 83 13 58
76 84 77 55
76 85 96 67
76 86 25 5
76 87 68 63
76 88 19 33
76 89 43 22
76 90 52 51
76 91 52 49
76 92 40 66
76 93 89 34
76 94 29 84
76 95 30 15
76 96 50 52
76 97 49 20
76 98 74 45
76 99 99 87
77 78 66 64
77 79 67 14
77 80 69 30
77 81 16 58
77 82 76 91
77 83 72 71
77 84 49 42
77 85 55 76
77 86 28 34
77 87 51 65
77 88 21 4
77 89 50 55
77 90 47 22
77 91 7 45
77 92 44 15
77 93 35 81
77 94 77 70
77 95 96 75
77 96 60 58
77 97 88 95
77 98 26 31
77 99 24 63
78 79 36 57
78 80 3 49
78 81 13 4
78 82 95 75
78 83 81 70
78 84 19 78
78 85 60 78
78 86 77 16
78 87 70 34
78 88 6 19
78 89 51 52
78 90 76 80
78 91 98 86
78 92 93 60
78 93 34 38
78 94 70 66
78 95 56 52
78 96 22 70
78 97 19 64
78 98 69 79
78 99 23 49
79 80 27 20
79 81 91 47
79 82 57 16
79 83 61 40
79 84 81 92
79 85 13 38
79 86 17 47
79 87 81 24
79 88 33 23
79 89 96 93
79 90 8 77
79 91 71 16
79 92 98 23
79 93 85 48
79 94 14 33
79 95 3 72
79 96 14 67
79 97 25 20
79 98 5 28
79 99 63 62
80 81 48 67
80 82 39 25
80 83 32 36
80 84 23 67
80 85 45 21
80 86 67 91
80 87 48 34
80 88 9 16
80 89 70 62
80 90 1 9
80 91 24 61
80 92 69 84
80 93 26 41
80 94 52 38
80 95 9 17
80 96 80 16
80 97 75 74
80 98 14 52
80 99 78 58
81 82 0 60
81 83 78 73
81 84 20 75
81 85 96 41
81 86 6 54
81 87 35 74
81 88 97 87
81 89 95 68
81 90 44 15
81 91 69 48
81 92 76 37
81 93 28 46
81 94 73 65
81 95 52 18
81 96 96 92
81 97 29 6
81 98 98 22
81 99 69 79
82 83 91 38
82 84 74 60
82 85 87 88
82 86 32 55
82 87 33 80
82 88 60 33
82 89 39 53
82 90 23 51
82 91 21 51
82 92 15 37
82 93 79 33
82 94 28 19
82 95 41 26
82 96 19 16
82 97 41 24
82 98 27 44
82 99 74 38
83 84 88 54
83 85 6 71
83 86 25 40
83 87 40 63
83 88 96 42
83 89 62 40
83 90 16 64
83 91 86 60
83 92 45 40
83 93 47 18
83 94 87 35
83 95 95 80
83 96 70 26
83 97 82 81
83 98 21 78
83 99 62 33
84 85 93 45
84 86 46 72
84 87 53 54
84 88 75 40
84 89 52 71
84 90 6 10
84 91 60 61
84 92 28 50
84 93 91 96
84 94 76 38
84 95 24 47
84 96 56 28
84 97 13 22
84 98 23 6
84 99 61 42
85 86 15 63
85 87 91 77
85 88 15 53
85 89 27 35
85 90 23 9
85 91 66 35
85 92 72 35
85 93 28 44
85 94 80 69
85 95 74 47
85 96 99 56
85 97 50 73
85 98 97 74
85 99 23 41
86 87 49 28
86 88 38 37
86 89 83 77
86 90 30 83
86 91 34 23
86 92 68 87
86 93 87 47
86 94 95 35
86 95 53 48
86 96 91 91
86 97 98 27
86 98 52 31
86 99 77 21
87 88 29 66
87 89 21 83
87 90 79 47
87 91 63 35
87 92 88 63
87 93 47 82
87 94 53 80
87 95 35 39
87 96 16 3
87 97 62 26
87 98 47 73
87 99 99 23
88 89 97 94
88 90 18 73
88 91 60 29
88 92 74 18
88 93 56 58
88 94 32 29
88 95 50 41
88 96 50 80
88 97 14 67
88 98 73 27
88 99 63 31
89 90 52 48
89 91 26 62
89 92 82 45
89 93 74 28
89 94 91 74
89 95 35 34
89 96 56 85
89 97 33 12
89 98 94 93
89 99 62 18
90 91 16 43
90 92 20 75
90 93 62 64
90 94 90 73
90 95 56 19
90 96 97 31
90 97 29 40
90 98 14 70
90 99 0 79
91 92 87 94
91 93 72 69
91 94 73 58
91 95 52 76
91 96 82 93
91 97 21 38
91 98 0 68
91 99 71 20
92 93 84 68
92 94 52 78
92 95 51 20
92 96 43 85
92 97 80 42
92 98 90 43
92 99 54 38
93 94 48 82
93 95 62 40
93 96 33 49
93 97 16 4
93 98 46 13
93 99 16 71
94 95 89 49
94 96 82 75
94 97 16 53
94 98 53 85
94 99 84 85
95 96 65 74
95 97 94 55
95 98 0 21
95 99 98 75
96 97 88 25
96 98 58 25
96 99 79 69
97 98 27 81
97 99 54 50
98 99 41 24
0
679
72 3588
73 3536
74 3486
75 3437
76 3394
77 3354
78 3314
79 3281
80 3249
81 3222
82 3190
83 3163
84 3134
85 3110
86 3081
87 3059
88 3030
89 3008
90 2984
91 2962
92 2942
93 2920
94 2901
95 2881
96 2859
97 2840
98 2822
99 2805
100 2786
101 2768
102 2751
103 2733
104 2717
105 2699
106 2682
107 2664
108 2649
109 2631
110 2617
111 2599
112 2585
113 2567
114 2553
115 2535
116 2521
117 2503
118 2489
119 2471
120 2458
121 2440
122 2427
123 2412
124 2396
125 2383
126 2368
127 2355
128 2341
129 2327
130 2313
131 2300
132 2289
133 2275
134 2262
135 2249
136 2238
137 2224
138 2211
139 2200
140 2188
141 2175
142 2162
143 2150
144 2137
145 2126
146 2114
147 2101
148 2088
149 2079
150 2065
151 2052
152 2044
153 2030
154 2017
155 2008
156 1996
157 1983
158 1973
159 1961
160 1948
161 1939
162 1927
163 1914
164 1904
165 1894
166 1884
167 1878
168 1868
169 1860
170 1853
171 1844
172 1835
173 1825
174 1819
175 1809
176 1801
177 1794
178 1785
179 1779
180 1770
181 1763
182 1757
183 1748
184 1742
185 1735
186 1728
187 1720
188 1713
189 1707
190 1700
191 1693
192 1685
193 1679
194 1673
195 1665
196 1659
197 1654
198 1648
199 1642
200 1635
201 1629
202 1623
203 1618
204 1612
205 1606
206 1599
207 1593
208 1588
209 1582
210 1576
211 1570
212 1565
213 1559
214 1553
215 1548
216 1542
217 1536
218 1531
219 1525
220 1519
221 1513
222 1508
223 1502
224 1496
225 1491
226 1485
227 1481
228 1474
229 1470
230 1464
231 1459
232 1453
233 1449
234 1443
235 1438
236 1434
237 1428
238 1424
239 1420
240 1415
241 1410
242 1406
243 1400
244 1396
245 1392
246 1389
247 1383
248 1379
249 1375
250 1371
251 1366
252 1362
253 1358
254 1354
255 1349
256 1345
257 1341
258 1338
259 1334
260 1330
261 1326
262 1321
263 1317
264 1313
265 1310
266 1307
267 1303
268 1298
269 1294
270 1291
271 1289
272 1284
273 1280
274 1277
275 1274
276 1270
277 1266
278 1263
279 1260
280 1256
281 1252
282 1249
283 1246
284 1242
285 1239
286 1235
287 1232
288 1228
289 1225
290 1222
291 1218
292 1215
293 1211
294 1208
295 1204
296 1201
297 1198
298 1196
299 1191
300 1187
301 1184
302 1182
303 1179
304 1175
305 1172
306 1170
307 1166
308 1162
309 1160
310 1157
311 1155
312 1150
313 1148
314 1145
315 1143
316 1139
317 1135
319 1132
320 1129
321 1123
323 1122
324 1118
325 1114
327 1111
328 1107
329 1102
331 1101
332 1095
334 1093
335 1090
336 1086
338 1081
339 1080
340 1074
342 1073
343 1069
345 1065
346 1062
347 1061
348 1058
349 1053
351 1052
352 1048
354 1044
355 1041
356 1040
357 1037
358 1034
360 1032
361 1029
362 1028
363 1025
364 1022
365 1021
366 1019
367 1017
368 1016
369 1013
370 1010
371 1009
372 1007
373 1005
374 1004
375 1001
376 1000
377 997
378 995
380 992
381 990
382 988
383 986
384 985
385 983
386 981
387 980
388 978
389 976
391 974
392 972
393 970
394 969
395 967
396 965
397 964
398 962
399 960
400 959
401 958
402 956
403 955
404 953
405 951
406 950
407 948
408 946
409 945
410 943
411 942
412 941
413 939
414 938
415 936
416 934
417 933
418 931
419 929
420 928
421 927
422 926
423 924
424 923
425 921
426 920
427 918
428 917
429 915
430 914
431 913
432 911
433 910
434 908
435 906
436 905
437 904
438 903
439 901
440 900
441 898
442 897
443 895
444 894
445 892
446 891
447 890
448 888
449 887
450 885
451 883
452 882
453 881
454 880
455 878
456 877
457 875
458 874
459 872
460 871
461 869
462 868
463 867
464 865
465 864
466 863
467 861
468 860
469 858
470 857
471 855
472 854
473 853
474 851
475 850
476 849
477 847
478 846
479 844
480 843
481 842
482 840
483 839
484 837
485 836
486 835
487 834
488 832
489 831
490 829
491 828
492 826
493 825
494 824
495 823
496 821
497 820
498 818
499 817
500 816
501 814
502 813
503 812
504 811
505 809
506 808
507 806
508 805
509 804
510 803
511 801
512 800
513 799
514 798
515 797
516 795
517 794
518 792
520 790
522 787
524 785
525 784
526 783
527 782
528 780
529 779
531 777
533 775
534 774
535 772
538 770
539 769
541 768
542 766
544 764
545 763
546 761
548 760
549 759
551 758
552 757
553 755
555 753
557 752
558 751
559 749
562 747
564 746
565 745
566 743
568 741
571 739
573 737
575 735
578 733
579 732
580 731
582 730
583 729
584 728
586 726
588 724
590 723
591 722
593 720
595 718
598 716
600 714
602 713
603 712
605 711
606 710
607 709
608 708
609 707
610 706
612 705
613 704
614 703
615 702
617 701
618 700
620 699
622 697
623 696
624 695
627 693
629 691
632 689
634 688
636 687
637 685
639 684
641 683
642 682
644 680
646 679
647 678
650 677
651 676
652 674
655 673
657 672
658 671
660 669
663 668
664 667
666 665
668 664
670 663
672 662
674 661
675 659
678 658
680 657
681 656
682 655
683 654
686 653
687 652
689 650
691 649
694 648
695 647
697 646
699 644
701 643
703 642
705 640
708 639
710 638
711 637
714 636
715 635
716 634
717 633
720 632
721 631
723 630
726 629
727 628
728 627
731 626
732 625
733 624
735 623
738 622
739 621
741 620
743 619
744 618
746 617
748 616
750 615
751 614
754 613
756 612
757 611
759 610
761 609
762 608
765 607
766 606
768 605
770 604
772 603
774 602
776 601
777 600
780 599
781 598
783 597
785 596
787 595
790 594
791 593
793 592
795 591
796 590
799 589
801 588
802 587
805 586
806 585
809 584
811 583
812 582
815 581
817 580
820 579
822 578
825 577
828 576
831 575
835 574
838 573
841 572
844 571
847 570
851 569
854 568
858 567
861 566
864 565
867 564
870 563
874 562
878 561
881 560
884 559
888 558
892 557
895 556
899 555
903 554
907 553
911 552
914 551
918 550
923 549
926 548
930 547
935 546
941 545
946 544
951 543
956 542
962 541
967 540
973 539
978 538
985 537
990 536
997 535
1002 534
1009 533
1014 532
1022 531
1027 530
1034 529
1042 528
1047 527
1057 526
1064 525
1072 524
1077 523
1089 522
1094 521
1106 520
1113 519
1125 518
1133 517
1145 516
1159 515
1173 514
1190 513
1207 512
1224 511
1241 510
1258 509
1277 508
1309 507
1379 506
