10
0 1 45 39
0 2 46 39
0 3 51 52
0 4 67 56
0 5 0 19
0 6 38 35
0 7 74 69
0 8 8 32
0 9 37 62
1 2 45 42
1 3 32 16
1 4 56 65
1 5 81 20
1 6 87 69
1 7 94 64
1 8 47 31
1 9 77 65
2 3 12 11
2 4 36 24
2 5 73 54
2 6 89 21
2 7 64 41
2 8 99 65
2 9 90 29
3 4 21 54
3 5 36 38
3 6 80 20
3 7 5 67
3 8 83 24
3 9 40 63
4 5 41 61
4 6 32 78
4 7 59 47
4 8 74 43
4 9 45 32
5 6 72 53
5 7 93 74
5 8 83 93
5 9 49 81
6 7 29 30
6 8 68 89
6 9 0 39
7 8 81 63
7 9 93 67
8 9 23 63
0
25
130 331
143 306
145 301
154 299
158 276
160 273
169 269
185 266
187 265
191 244
198 241
200 238
202 237
209 234
233 229
235 226
243 223
244 222
278 211
317 210
323 204
353 203
368 201
398 196
443 193
