10
0 1 54 54
0 2 50 75
0 3 36 55
0 4 86 49
0 5 67 43
0 6 58 70
0 7 82 89
0 8 48 37
0 9 52 28
1 2 48 73
1 3 72 55
1 4 80 85
1 5 79 48
1 6 28 26
1 7 5 51
1 8 67 76
1 9 33 36
2 3 28 22
2 4 76 73
2 5 68 39
2 6 64 73
2 7 88 70
2 8 68 79
2 9 34 53
3 4 85 87
3 5 79 81
3 6 50 41
3 7 71 74
3 8 39 51
3 9 81 53
4 5 58 64
4 6 25 34
4 7 32 58
4 8 14 44
4 9 60 64
5 6 37 66
5 7 2 6
5 8 38 21
5 9 94 50
6 7 22 47
6 8 70 42
6 9 11 9
7 8 26 54
7 9 94 52
8 9 43 26
0
23
177 321
182 319
183 300
188 298
193 294
195 282
199 273
204 271
208 269
209 268
212 260
217 258
223 250
228 248
232 243
237 241
239 238
248 231
261 225
266 223
273 222
277 213
295 211
