10
0 1 82 75
0 2 86 55
0 3 14 27
0 4 19 6
0 5 87 31
0 6 16 68
0 7 43 81
0 8 37 18
0 9 56 51
1 2 9 75
1 3 49 38
1 4 97 20
1 5 2 50
1 6 40 71
1 7 34 30
1 8 98 46
1 9 62 72
2 3 43 71
2 4 16 29
2 5 17 42
2 6 1 19
2 7 30 10
2 8 29 29
2 9 54 55
3 4 14 70
3 5 56 68
3 6 88 32
3 7 39 40
3 8 96 46
3 9 32 68
4 5 35 35
4 6 88 97
4 7 78 84
4 8 18 78
4 9 29 32
5 6 98 92
5 7 41 12
5 8 4 58
5 9 23 39
6 7 55 50
6 8 11 78
6 9 39 51
7 8 39 70
7 9 11 17
8 9 97 27
0
21
94 384
96 382
99 320
105 313
106 291
107 287
113 280
114 258
120 255
126 245
134 234
138 228
145 226
147 218
153 215
163 199
171 188
195 179
203 168
266 158
347 156
