10
0 1 50 35
0 2 18 82
0 3 18 17
0 4 5 36
0 5 56 89
0 6 52 76
0 7 0 77
0 8 49 57
0 9 23 29
1 2 50 81
1 3 27 48
1 4 63 73
1 5 59 27
1 6 24 75
1 7 35 33
1 8 32 19
1 9 96 80
2 3 91 58
2 4 11 78
2 5 50 52
2 6 29 17
2 7 36 25
2 8 89 80
2 9 50 24
3 4 27 56
3 5 62 35
3 6 30 69
3 7 84 66
3 8 85 61
3 9 76 34
4 5 82 49
4 6 52 31
4 7 6 56
4 8 62 31
4 9 25 44
5 6 52 16
5 7 95 33
5 8 53 65
5 9 76 63
6 7 89 36
6 8 40 54
6 9 58 45
7 8 6 43
7 9 44 67
8 9 96 53
0
17
164 455
166 419
168 388
171 361
176 332
182 311
195 308
201 279
207 258
221 257
228 250
236 248
250 247
251 226
280 216
304 210
351 205
