10
0 1 27 72
0 2 85 62
0 3 68 22
0 4 51 68
0 5 72 48
0 6 84 22
0 7 54 10
0 8 29 45
0 9 37 87
1 2 70 83
1 3 47 11
1 4 16 48
1 5 29 29
1 6 6 12
1 7 52 45
1 8 67 64
1 9 52 69
2 3 51 24
2 4 53 84
2 5 53 76
2 6 26 15
2 7 20 71
2 8 32 58
2 9 74 72
3 4 45 36
3 5 58 50
3 6 85 68
3 7 32 79
3 8 96 89
3 9 80 71
4 5 46 29
4 6 19 13
4 7 87 70
4 8 17 5
4 9 62 56
5 6 93 21
5 7 95 69
5 8 22 39
5 9 4 19
6 7 78 73
6 8 16 68
6 9 64 54
7 8 39 78
7 9 71 45
8 9 65 46
0
18
169 423
170 360
172 333
173 325
175 298
182 288
186 282
187 265
188 255
190 230
197 220
215 195
222 185
224 169
231 159
263 146
270 136
334 128
