20
0 1 51 67
0 2 1 26
0 3 89 85
0 4 49 70
0 5 72 50
0 6 9 22
0 7 67 51
0 8 11 38
0 9 29 57
0 10 41 24
0 11 17 21
0 12 83 44
0 13 85 70
0 14 48 55
0 15 31 16
0 16 74 82
0 17 3 4
0 18 32 65
0 19 60 73
1 2 30 51
1 3 15 49
1 4 62 33
1 5 51 52
1 6 65 40
1 7 90 68
1 8 88 55
1 9 69 76
1 10 59 77
1 11 56 40
1 12 29 28
1 13 74 46
1 14 41 60
1 15 33 52
1 16 39 26
1 17 9 20
1 18 16 14
1 19 70 64
2 3 37 21
2 4 30 46
2 5 79 42
2 6 25 55
2 7 86 64
2 8 45 50
2 9 87 51
2 10 61 60
2 11 99 89
2 12 75 79
2 13 92 62
2 14 83 52
2 15 8 32
2 16 98 64
2 17 68 56
2 18 82 63
2 19 91 57
3 4 60 53
3 5 80 46
3 6 38 47
3 7 5 49
3 8 39 68
3 9 98 53
3 10 11 54
3 11 51 27
3 12 62 65
3 13 75 80
3 14 30 56
3 15 36 28
3 16 11 23
3 17 25 14
3 18 14 42
3 19 11 54
4 5 94 59
4 6 89 87
4 7 83 86
4 8 23 55
4 9 95 64
4 10 61 73
4 11 22 48
4 12 53 44
4 13 46 61
4 14 86 50
4 15 82 65
4 16 31 19
4 17 3 33
4 18 81 53
4 19 55 77
5 6 88 90
5 7 59 75
5 8 7 26
5 9 36 31
5 10 86 92
5 11 57 63
5 12 58 36
5 13 42 23
5 14 71 68
5 15 20 18
5 16 18 18
5 17 4 6
5 18 88 82
5 19 95 91
6 7 41 25
6 8 36 25
6 9 75 39
6 10 47 45
6 11 36 48
6 12 66 38
6 13 31 33
6 14 93 81
6 15 75 76
6 16 30 38
6 17 5 16
6 18 87 79
6 19 58 30
7 8 49 73
7 9 64 73
7 10 84 80
7 11 64 72
7 12 94 89
7 13 33 24
7 14 88 85
7 15 95 72
7 16 42 64
7 17 84 61
7 18 82 61
7 19 76 50
8 9 39 56
8 10 90 89
8 11 49 49
8 12 19 34
8 13 89 77
8 14 53 35
8 15 55 30
8 16 29 57
8 17 51 49
8 18 68 59
8 19 18 54
9 10 66 65
9 11 44 30
9 12 46 59
9 13 48 47
9 14 79 48
9 15 46 32
9 16 36 31
9 17 8 33
9 18 12 46
9 19 13 21
10 11 95 69
10 12 23 46
10 13 93 91
10 14 36 45
10 15 42 69
10 16 6 36
10 17 70 59
10 18 18 28
10 19 34 39
11 12 93 76
11 13 35 65
11 14 50 48
11 15 87 86
11 16 66 37
11 17 75 81
11 18 69 55
11 19 3 49
12 13 5 46
12 14 28 57
12 15 39 23
12 16 56 75
12 17 46 43
12 18 53 61
12 19 24 12
13 14 9 29
13 15 85 70
13 16 1 47
13 17 92 50
13 18 68 55
13 19 40 55
14 15 23 37
14 16 11 33
14 17 29 36
14 18 69 79
14 19 69 55
15 16 70 67
15 17 79 54
15 18 66 43
15 19 50 48
16 17 65 81
16 18 6 37
16 19 7 35
17 18 20 18
17 19 32 50
18 19 9 26
0
81
113 593
114 568
116 559
117 557
119 552
120 550
122 549
123 547
124 540
125 538
130 531
131 529
133 524
134 522
136 521
137 519
138 512
139 510
143 506
144 504
148 498
149 496
150 493
152 490
153 488
155 487
156 485
157 478
158 476
162 475
163 474
164 471
167 464
168 462
169 459
173 458
174 457
176 455
177 454
178 452
179 445
185 444
186 441
189 440
190 438
191 431
198 427
203 423
205 422
207 420
210 419
214 416
217 414
218 413
219 406
226 402
231 398
233 397
238 394
245 389
254 388
256 387
259 384
261 383
266 380
273 375
284 373
295 371
297 370
303 367
304 365
315 363
326 361
338 359
349 357
362 356
374 354
385 352
404 351
415 349
444 348
