20
0 1 53 55
0 2 64 67
0 3 79 80
0 4 92 90
0 5 29 38
0 6 88 78
0 7 90 77
0 8 0 3
0 9 16 15
0 10 47 48
0 11 2 12
0 12 34 41
0 13 99 94
0 14 69 72
0 15 34 42
0 16 7 11
0 17 60 63
0 18 57 54
0 19 17 21
1 2 92 83
1 3 99 91
1 4 41 46
1 5 94 93
1 6 30 27
1 7 10 14
1 8 91 89
1 9 14 14
1 10 76 72
1 11 2 12
1 12 10 14
1 13 42 42
1 14 51 48
1 15 1 3
1 16 71 72
1 17 55 60
1 18 81 77
1 19 38 39
2 3 17 17
2 4 19 21
2 5 61 52
2 6 89 78
2 7 5 17
2 8 46 51
2 9 10 23
2 10 67 62
2 11 50 55
2 12 68 66
2 13 81 74
2 14 47 51
2 15 82 83
2 16 80 80
2 17 39 34
2 18 1 7
2 19 62 58
3 4 50 56
3 5 77 75
3 6 35 30
3 7 38 33
3 8 63 62
3 9 12 24
3 10 96 86
3 11 58 58
3 12 49 52
3 13 71 73
3 14 95 92
3 15 75 72
3 16 95 89
3 17 91 86
3 18 82 82
3 19 87 75
4 5 69 73
4 6 16 24
4 7 34 30
4 8 69 74
4 9 33 40
4 10 93 94
4 11 99 86
4 12 20 18
4 13 37 44
4 14 99 95
4 15 86 78
4 16 80 70
4 17 21 19
4 18 9 18
4 19 7 14
5 6 66 67
5 7 64 67
5 8 35 44
5 9 19 23
5 10 80 82
5 11 29 37
5 12 65 60
5 13 46 42
5 14 22 29
5 15 64 66
5 16 68 70
5 17 9 9
5 18 82 76
5 19 80 69
6 7 83 75
6 8 81 77
6 9 42 40
6 10 84 71
6 11 40 36
6 12 80 73
6 13 39 46
6 14 9 9
6 15 90 82
6 16 2 15
6 17 82 79
6 18 30 40
6 19 34 34
7 8 73 68
7 9 70 68
7 10 33 42
7 11 70 65
7 12 48 43
7 13 32 35
7 14 57 57
7 15 43 43
7 16 69 60
7 17 65 63
7 18 98 92
7 19 14 23
8 9 35 43
8 10 26 32
8 11 55 55
8 12 31 29
8 13 38 42
8 14 54 59
8 15 64 58
8 16 50 56
8 17 54 58
8 18 61 61
8 19 11 16
9 10 84 83
9 11 20 19
9 12 28 30
9 13 98 90
9 14 34 32
9 15 17 17
9 16 77 76
9 17 50 51
9 18 8 15
9 19 23 24
10 11 26 22
10 12 88 89
10 13 58 54
10 14 69 68
10 15 79 71
10 16 32 31
10 17 96 96
10 18 38 40
10 19 56 50
11 12 65 60
11 13 2 9
11 14 91 92
11 15 90 76
11 16 30 33
11 17 48 45
11 18 0 7
11 19 50 46
12 13 49 52
12 14 52 54
12 15 20 21
12 16 66 64
12 17 73 67
12 18 62 58
12 19 61 66
13 14 69 63
13 15 20 24
13 16 32 41
13 17 82 70
13 18 20 28
13 19 55 48
14 15 11 18
14 16 13 22
14 17 50 55
14 18 80 75
14 19 73 69
15 16 8 21
15 17 18 26
15 18 98 88
15 19 89 89
16 17 45 50
16 18 32 28
16 19 54 46
17 18 1 3
17 19 63 61
18 19 71 67
0
7
113 224
115 222
118 217
120 215
123 214
125 212
131 211
