20
0 1 70 58
0 2 72 48
0 3 81 57
0 4 69 42
0 5 68 43
0 6 3 32
0 7 63 59
0 8 50 62
0 9 25 32
0 10 53 60
0 11 52 67
0 12 60 67
0 13 13 33
0 14 47 68
0 15 16 28
0 16 80 72
0 17 1 19
0 18 13 41
0 19 61 68
1 2 80 80
1 3 16 43
1 4 82 42
1 5 32 48
1 6 41 37
1 7 20 37
1 8 42 25
1 9 73 67
1 10 97 77
1 11 38 52
1 12 90 70
1 13 52 56
1 14 94 73
1 15 88 69
1 16 18 23
1 17 52 50
1 18 60 43
1 19 44 25
2 3 68 69
2 4 83 52
2 5 15 18
2 6 15 50
2 7 38 26
2 8 42 71
2 9 43 29
2 10 87 84
2 11 92 46
2 12 37 42
2 13 24 40
2 14 66 72
2 15 25 14
2 16 81 46
2 17 52 66
2 18 21 28
2 19 19 30
3 4 90 85
3 5 54 67
3 6 52 53
3 7 59 60
3 8 72 66
3 9 30 48
3 10 22 20
3 11 1 32
3 12 61 46
3 13 91 47
3 14 10 38
3 15 70 76
3 16 32 50
3 17 39 53
3 18 60 79
3 19 79 86
4 5 12 17
4 6 73 42
4 7 2 32
4 8 41 23
4 9 33 30
4 10 66 71
4 11 32 37
4 12 71 51
4 13 5 35
4 14 2 40
4 15 88 70
4 16 45 34
4 17 24 52
4 18 48 65
4 19 37 24
5 6 80 50
5 7 33 22
5 8 47 40
5 9 83 78
5 10 14 42
5 11 70 72
5 12 73 69
5 13 25 41
5 14 88 60
5 15 53 75
5 16 31 36
5 17 92 89
5 18 69 58
5 19 0 34
6 7 46 30
6 8 87 93
6 9 35 26
6 10 64 73
6 11 76 61
6 12 13 53
6 13 8 41
6 14 26 27
6 15 1 4
6 16 4 29
6 17 40 32
6 18 13 47
6 19 11 18
7 8 79 79
7 9 42 31
7 10 48 46
7 11 35 19
7 12 84 84
7 13 27 42
7 14 12 15
7 15 23 23
7 16 75 53
7 17 37 30
7 18 85 76
7 19 43 23
8 9 1 9
8 10 11 42
8 11 6 41
8 12 76 48
8 13 93 53
8 14 55 46
8 15 10 53
8 16 47 66
8 17 0 32
8 18 34 50
8 19 28 59
9 10 94 55
9 11 40 36
9 12 92 64
9 13 53 60
9 14 26 55
9 15 52 70
9 16 45 53
9 17 17 46
9 18 48 42
9 19 78 65
10 11 58 31
10 12 23 57
10 13 55 39
10 14 84 71
10 15 21 44
10 16 90 86
10 17 66 47
10 18 87 74
10 19 39 36
11 12 66 39
11 13 68 56
11 14 58 75
11 15 41 32
11 16 95 54
11 17 12 36
11 18 49 44
11 19 16 15
12 13 60 47
12 14 81 54
12 15 15 23
12 16 90 48
12 17 0 10
12 18 84 45
12 19 37 44
13 14 11 39
13 15 33 56
13 16 55 39
13 17 24 29
13 18 57 66
13 19 2 35
14 15 38 21
14 16 24 38
14 17 84 52
14 18 72 59
14 19 73 78
15 16 10 49
15 17 71 59
15 18 24 60
15 19 55 69
16 17 6 41
16 18 42 53
16 19 33 40
17 18 36 59
17 19 92 87
18 19 98 55
0
40
91 569
93 549
94 546
96 526
100 523
102 521
103 508
106 500
110 498
111 495
113 482
116 475
121 469
123 457
127 453
131 444
134 435
142 422
152 418
154 413
164 409
167 402
178 400
179 393
190 391
200 384
210 383
211 382
212 380
222 378
232 377
234 374
252 373
253 371
263 369
269 368
275 365
307 364
313 361
370 360
