20
0 1 48 10
0 2 7 38
0 3 8 50
0 4 1 74
0 5 86 52
0 6 9 48
0 7 22 26
0 8 36 75
0 9 75 64
0 10 60 44
0 11 24 38
0 12 21 68
0 13 28 22
0 14 49 80
0 15 35 24
0 16 47 38
0 17 63 38
0 18 8 44
0 19 78 83
1 2 2 43
1 3 20 80
1 4 34 80
1 5 95 25
1 6 54 15
1 7 30 76
1 8 86 87
1 9 13 81
1 10 49 27
1 11 57 87
1 12 27 78
1 13 34 46
1 14 25 29
1 15 9 39
1 16 94 49
1 17 82 26
1 18 59 82
1 19 34 63
2 3 31 41
2 4 86 82
2 5 75 48
2 6 57 87
2 7 58 90
2 8 98 59
2 9 4 17
2 10 28 64
2 11 5 50
2 12 81 61
2 13 21 23
2 14 33 27
2 15 97 88
2 16 13 54
2 17 2 34
2 18 0 43
2 19 0 78
3 4 59 79
3 5 7 80
3 6 30 71
3 7 43 72
3 8 94 41
3 9 42 49
3 10 14 50
3 11 44 86
3 12 58 78
3 13 66 35
3 14 62 73
3 15 30 71
3 16 28 22
3 17 91 29
3 18 51 58
3 19 95 85
4 5 97 69
4 6 16 7
4 7 10 21
4 8 77 61
4 9 22 29
4 10 73 82
4 11 37 59
4 12 93 44
4 13 65 66
4 14 85 88
4 15 52 36
4 16 78 40
4 17 66 14
4 18 17 52
4 19 32 41
5 6 69 41
5 7 37 78
5 8 67 60
5 9 2 38
5 10 37 10
5 11 14 72
5 12 49 78
5 13 86 25
5 14 83 30
5 15 7 71
5 16 19 66
5 17 50 20
5 18 28 11
5 19 45 23
6 7 51 61
6 8 42 65
6 9 16 28
6 10 88 96
6 11 68 23
6 12 35 12
6 13 9 68
6 14 64 87
6 15 38 18
6 16 25 69
6 17 89 92
6 18 16 32
6 19 59 44
7 8 96 97
7 9 94 35
7 10 70 64
7 11 58 45
7 12 25 23
7 13 12 33
7 14 84 43
7 15 45 88
7 16 32 44
7 17 60 40
7 18 79 40
7 19 76 47
8 9 33 60
8 10 60 75
8 11 74 36
8 12 28 15
8 13 50 39
8 14 85 29
8 15 84 45
8 16 90 39
8 17 19 19
8 18 58 80
8 19 78 35
9 10 12 7
9 11 70 74
9 12 17 54
9 13 91 93
9 14 19 6
9 15 89 70
9 16 18 56
9 17 65 48
9 18 27 18
9 19 98 82
10 11 49 47
10 12 37 35
10 13 89 24
10 14 17 8
10 15 5 10
10 16 98 39
10 17 30 51
10 18 62 13
10 19 73 38
11 12 40 23
11 13 96 21
11 14 1 1
11 15 30 53
11 16 13 30
11 17 0 14
11 18 76 89
11 19 26 55
12 13 40 60
12 14 38 21
12 15 78 94
12 16 38 79
12 17 31 46
12 18 28 41
12 19 46 64
13 14 76 83
13 15 39 48
13 16 24 70
13 17 49 85
13 18 80 21
13 19 45 38
14 15 43 23
14 16 24 84
14 17 25 18
14 18 36 27
14 19 74 42
15 16 44 84
15 17 46 20
15 18 10 80
15 19 99 35
16 17 86 57
16 18 14 75
16 19 76 18
17 18 76 42
17 19 43 40
18 19 92 25
0
142
115 781
116 751
117 749
118 719
119 716
120 714
121 684
123 682
124 652
128 643
130 641
131 611
138 607
139 580
142 572
146 565
147 554
150 546
154 534
157 526
162 521
165 520
166 516
169 508
171 506
172 500
174 498
177 495
179 493
181 490
183 488
188 486
189 480
191 478
192 472
194 470
197 467
199 465
201 462
203 460
208 458
210 456
212 455
213 453
215 451
216 450
217 445
219 443
220 440
222 438
224 435
226 433
229 430
231 428
233 425
235 423
237 417
239 415
242 412
244 410
246 407
248 405
252 403
254 401
257 398
259 396
261 393
263 390
265 385
267 383
270 380
272 378
274 375
276 373
281 371
283 369
285 368
286 367
287 366
289 363
291 361
293 359
295 357
299 355
301 353
305 352
306 351
307 350
308 347
310 345
314 343
316 341
318 339
320 337
324 335
326 333
328 331
330 329
333 327
335 325
339 323
341 321
343 319
345 317
349 315
351 313
356 311
358 309
362 308
364 306
366 304
368 303
370 302
371 301
372 300
374 298
376 296
379 294
381 292
385 290
387 288
389 286
391 284
395 282
397 280
416 279
421 275
423 273
430 272
449 271
452 270
454 268
461 267
480 266
484 263
486 261
493 260
512 259
531 258
533 256
540 255
592 254
