20
0 1 16 18
0 2 63 61
0 3 15 21
0 4 96 90
0 5 86 78
0 6 67 64
0 7 64 61
0 8 11 19
0 9 4 10
0 10 88 79
0 11 84 79
0 12 30 31
0 13 34 37
0 14 47 52
0 15 62 56
0 16 2 9
0 17 4 7
0 18 13 15
0 19 41 38
1 2 49 48
1 3 82 72
1 4 85 80
1 5 14 15
1 6 28 38
1 7 99 93
1 8 62 59
1 9 66 57
1 10 9 11
1 11 58 59
1 12 17 29
1 13 25 32
1 14 0 6
1 15 6 9
1 16 57 63
1 17 51 49
1 18 74 67
1 19 94 93
2 3 74 69
2 4 28 32
2 5 58 60
2 6 52 47
2 7 96 94
2 8 20 31
2 9 58 54
2 10 56 50
2 11 78 80
2 12 27 26
2 13 6 15
2 14 29 38
2 15 38 43
2 16 82 75
2 17 44 45
2 18 9 15
2 19 91 81
3 4 19 20
3 5 93 84
3 6 75 78
3 7 31 37
3 8 70 68
3 9 51 55
3 10 92 83
3 11 16 22
3 12 27 29
3 13 29 27
3 14 81 69
3 15 33 42
3 16 62 60
3 17 60 61
3 18 3 3
3 19 20 17
4 5 67 59
4 6 99 85
4 7 12 19
4 8 26 33
4 9 0 14
4 10 89 86
4 11 74 73
4 12 80 82
4 13 14 20
4 14 6 18
4 15 95 86
4 16 63 61
4 17 55 54
4 18 79 78
4 19 28 28
5 6 21 33
5 7 52 52
5 8 95 83
5 9 83 74
5 10 85 77
5 11 54 53
5 12 81 71
5 13 83 81
5 14 88 85
5 15 25 26
5 16 75 69
5 17 71 75
5 18 77 71
5 19 52 59
6 7 0 3
6 8 42 44
6 9 44 48
6 10 6 14
6 11 42 49
6 12 77 78
6 13 11 23
6 14 36 41
6 15 24 28
6 16 56 52
6 17 47 53
6 18 3 6
6 19 21 24
7 8 63 65
7 9 85 87
7 10 67 61
7 11 38 33
7 12 19 31
7 13 63 55
7 14 64 63
7 15 7 18
7 16 77 70
7 17 28 27
7 18 41 36
7 19 0 12
8 9 94 86
8 10 47 42
8 11 35 42
8 12 30 39
8 13 9 9
8 14 25 36
8 15 78 76
8 16 12 24
8 17 69 74
8 18 57 63
8 19 18 27
9 10 28 37
9 11 99 92
9 12 69 59
9 13 61 63
9 14 33 36
9 15 32 38
9 16 62 62
9 17 44 43
9 18 42 40
9 19 41 46
10 11 8 14
10 12 83 71
10 13 85 81
10 14 78 77
10 15 27 24
10 16 39 39
10 17 91 90
10 18 12 24
10 19 44 49
11 12 88 79
11 13 37 43
11 14 40 36
11 15 31 38
11 16 41 42
11 17 78 67
11 18 68 65
11 19 90 90
12 13 55 54
12 14 33 31
12 15 83 73
12 16 22 32
12 17 78 80
12 18 51 56
12 19 10 18
13 14 18 22
13 15 8 10
13 16 11 22
13 17 91 85
13 18 93 92
13 19 59 54
14 15 30 36
14 16 15 27
14 17 97 85
14 18 63 68
14 19 92 79
15 16 10 12
15 17 57 55
15 18 24 27
15 19 25 24
16 17 4 4
16 18 49 51
16 19 98 95
17 18 92 82
17 19 62 62
18 19 49 52
0
5
96 207
98 200
100 198
102 194
104 192
