20
0 1 19 38
0 2 27 38
0 3 6 32
0 4 40 28
0 5 95 49
0 6 49 38
0 7 40 60
0 8 53 75
0 9 44 41
0 10 98 55
0 11 75 53
0 12 89 57
0 13 7 22
0 14 28 60
0 15 77 59
0 16 0 45
0 17 29 11
0 18 61 31
0 19 23 53
1 2 41 16
1 3 52 73
1 4 57 26
1 5 59 81
1 6 6 30
1 7 44 78
1 8 54 79
1 9 67 57
1 10 52 49
1 11 5 25
1 12 28 75
1 13 9 76
1 14 67 18
1 15 30 7
1 16 4 28
1 17 31 27
1 18 6 65
1 19 78 57
2 3 88 61
2 4 90 73
2 5 29 43
2 6 4 52
2 7 91 62
2 8 78 75
2 9 73 16
2 10 5 76
2 11 51 37
2 12 11 60
2 13 15 38
2 14 24 78
2 15 61 18
2 16 68 15
2 17 98 30
2 18 8 73
2 19 59 15
3 4 55 64
3 5 43 81
3 6 76 51
3 7 22 54
3 8 34 59
3 9 19 16
3 10 3 44
3 11 98 42
3 12 70 32
3 13 49 33
3 14 40 60
3 15 74 25
3 16 56 62
3 17 65 14
3 18 91 94
3 19 23 25
4 5 91 86
4 6 1 2
4 7 44 59
4 8 99 66
4 9 39 72
4 10 70 75
4 11 44 56
4 12 72 58
4 13 70 67
4 14 62 82
4 15 9 51
4 16 80 83
4 17 73 20
4 18 98 39
4 19 14 20
5 6 77 40
5 7 30 16
5 8 50 80
5 9 59 80
5 10 92 23
5 11 68 92
5 12 91 55
5 13 60 27
5 14 45 43
5 15 96 62
5 16 53 21
5 17 91 91
5 18 65 79
5 19 43 55
6 7 14 56
6 8 2 63
6 9 98 84
6 10 4 56
6 11 65 59
6 12 80 59
6 13 89 89
6 14 63 83
6 15 46 37
6 16 11 57
6 17 29 30
6 18 63 48
6 19 20 72
7 8 81 19
7 9 21 68
7 10 37 57
7 11 46 65
7 12 24 64
7 13 2 30
7 14 31 63
7 15 69 83
7 16 8 45
7 17 18 60
7 18 89 89
7 19 82 88
8 9 42 23
8 10 66 39
8 11 7 13
8 12 57 31
8 13 82 39
8 14 25 19
8 15 0 60
8 16 9 19
8 17 51 67
8 18 29 67
8 19 9 1
9 10 71 17
9 11 5 37
9 12 74 43
9 13 24 12
9 14 66 53
9 15 31 34
9 16 82 87
9 17 38 53
9 18 82 43
9 19 36 10
10 11 35 39
10 12 28 23
10 13 38 66
10 14 67 62
10 15 47 40
10 16 48 58
10 17 77 69
10 18 53 12
10 19 67 88
11 12 99 24
11 13 92 82
11 14 12 27
11 15 66 17
11 16 14 16
11 17 36 43
11 18 58 18
11 19 81 40
12 13 15 29
12 14 12 36
12 15 99 71
12 16 87 25
12 17 47 26
12 18 85 27
12 19 75 30
13 14 41 10
13 15 49 79
13 16 32 59
13 17 72 72
13 18 8 51
13 19 22 42
14 15 50 80
14 16 29 69
14 17 87 54
14 18 62 23
14 19 23 73
15 16 16 30
15 17 91 86
15 18 24 33
15 19 70 15
16 17 95 85
16 18 99 68
16 19 74 64
17 18 32 52
17 19 40 16
18 19 12 76
0
157
128 750
129 723
130 699
131 682
132 675
133 658
135 644
137 625
139 611
142 604
144 602
146 595
148 576
150 562
153 555
155 553
157 549
158 546
161 545
163 543
164 541
165 539
166 532
169 525
171 523
173 519
174 516
177 515
179 513
180 509
182 506
183 502
185 500
187 496
188 493
191 492
192 490
193 487
195 486
196 483
197 481
199 479
201 475
202 472
204 471
206 467
207 464
210 462
212 460
213 458
214 457
215 454
217 453
218 450
221 448
223 446
225 443
226 440
230 439
231 436
233 434
234 432
236 430
239 428
241 425
242 422
244 420
247 418
249 416
251 415
252 412
255 410
257 409
259 405
260 402
265 399
270 398
272 397
273 394
275 393
277 391
278 390
280 389
281 388
283 385
284 384
285 381
286 380
290 378
291 375
296 372
301 371
303 369
304 367
308 364
309 363
310 362
311 359
315 357
316 354
317 353
321 351
322 350
328 349
329 346
330 345
334 342
337 341
339 339
340 338
341 335
342 332
347 329
354 327
355 324
360 321
366 320
368 318
370 314
371 311
376 308
383 306
384 303
389 300
399 297
400 294
405 291
423 290
430 289
433 288
435 286
438 285
443 283
448 280
461 279
476 277
481 274
494 273
499 271
502 270
515 269
527 268
530 267
532 265
535 264
548 263
553 261
566 260
581 258
586 255
599 254
611 253
624 252
639 251
652 250
681 249
735 248
