20
0 1 41 64
0 2 91 86
0 3 78 85
0 4 7 36
0 5 26 20
0 6 91 50
0 7 79 40
0 8 15 10
0 9 41 42
0 10 88 50
0 11 99 87
0 12 73 40
0 13 35 33
0 14 18 41
0 15 49 53
0 16 21 22
0 17 3 24
0 18 99 91
0 19 86 59
1 2 97 76
1 3 71 67
1 4 22 27
1 5 7 22
1 6 46 53
1 7 78 75
1 8 92 85
1 9 47 61
1 10 55 38
1 11 22 38
1 12 56 41
1 13 66 37
1 14 94 95
1 15 31 30
1 16 56 54
1 17 78 68
1 18 23 49
1 19 81 88
2 3 32 33
2 4 91 57
2 5 99 55
2 6 45 65
2 7 28 17
2 8 21 38
2 9 61 35
2 10 64 64
2 11 82 83
2 12 35 57
2 13 26 39
2 14 56 35
2 15 11 54
2 16 88 48
2 17 60 71
2 18 47 69
2 19 59 68
3 4 41 47
3 5 70 80
3 6 41 54
3 7 0 19
3 8 3 25
3 9 73 82
3 10 66 60
3 11 49 65
3 12 16 23
3 13 98 93
3 14 52 32
3 15 58 39
3 16 39 24
3 17 75 56
3 18 99 67
3 19 4 37
4 5 88 80
4 6 97 75
4 7 60 51
4 8 0 3
4 9 76 38
4 10 53 71
4 11 14 31
4 12 95 79
4 13 20 21
4 14 48 35
4 15 90 76
4 16 34 52
4 17 41 28
4 18 59 54
4 19 46 69
5 6 44 40
5 7 25 35
5 8 29 23
5 9 57 48
5 10 12 51
5 11 69 67
5 12 91 90
5 13 30 61
5 14 1 2
5 15 2 45
5 16 86 71
5 17 12 14
5 18 20 38
5 19 84 46
6 7 5 2
6 8 86 70
6 9 17 46
6 10 94 81
6 11 79 84
6 12 72 78
6 13 48 47
6 14 61 39
6 15 27 24
6 16 40 44
6 17 22 51
6 18 21 12
6 19 28 42
7 8 78 47
7 9 13 36
7 10 93 52
7 11 62 60
7 12 67 41
7 13 33 53
7 14 89 70
7 15 92 88
7 16 56 58
7 17 49 27
7 18 64 44
7 19 31 17
8 9 51 52
8 10 26 56
8 11 43 22
8 12 15 45
8 13 61 45
8 14 66 72
8 15 35 19
8 16 55 67
8 17 43 21
8 18 94 86
8 19 89 67
9 10 98 79
9 11 71 85
9 12 69 63
9 13 19 30
9 14 62 59
9 15 19 18
9 16 12 14
9 17 69 51
9 18 69 51
9 19 26 17
10 11 32 55
10 12 52 70
10 13 51 54
10 14 65 60
10 15 83 84
10 16 97 91
10 17 63 63
10 18 32 35
10 19 68 63
11 12 2 25
11 13 84 46
11 14 42 37
11 15 20 49
11 16 32 65
11 17 41 44
11 18 13 25
11 19 84 51
12 13 10 46
12 14 34 53
12 15 53 40
12 16 54 71
12 17 36 59
12 18 72 61
12 19 29 41
13 14 28 14
13 15 30 60
13 16 55 45
13 17 17 30
13 18 83 83
13 19 25 33
14 15 69 73
14 16 48 40
14 17 13 22
14 18 16 50
14 19 25 48
15 16 21 28
15 17 3 26
15 18 35 64
15 19 49 50
16 17 14 50
16 18 32 16
16 19 87 83
17 18 23 59
17 19 59 68
18 19 28 50
0
71
122 523
124 515
128 505
129 504
130 497
132 489
134 484
136 479
137 478
138 471
140 466
142 458
145 455
146 448
147 447
148 440
152 433
153 429
155 424
156 423
157 422
158 415
160 413
163 404
165 403
166 402
168 399
169 396
170 392
172 387
173 386
174 385
175 378
177 376
180 367
183 365
188 360
191 358
198 357
199 356
200 351
202 347
205 345
208 344
210 340
213 338
222 331
225 329
230 324
233 322
245 321
246 320
250 319
251 318
258 315
259 314
261 313
262 312
276 311
278 310
279 309
285 308
293 307
294 306
303 305
310 304
311 303
317 302
344 301
352 300
358 299
