20
0 1 23 56
0 2 91 78
0 3 97 53
0 4 85 46
0 5 4 40
0 6 80 79
0 7 16 33
0 8 95 84
0 9 34 49
0 10 58 44
0 11 64 71
0 12 45 66
0 13 77 56
0 14 55 52
0 15 38 30
0 16 93 89
0 17 48 68
0 18 51 51
0 19 97 94
1 2 24 49
1 3 61 46
1 4 17 37
1 5 90 93
1 6 18 47
1 7 21 40
1 8 77 79
1 9 47 41
1 10 22 57
1 11 26 57
1 12 11 24
1 13 60 45
1 14 98 74
1 15 14 22
1 16 6 36
1 17 60 71
1 18 79 42
1 19 44 63
2 3 71 38
2 4 55 50
2 5 31 27
2 6 58 69
2 7 98 96
2 8 0 24
2 9 39 54
2 10 73 85
2 11 38 50
2 12 27 40
2 13 91 68
2 14 79 74
2 15 88 49
2 16 44 67
2 17 7 8
2 18 96 96
2 19 1 29
3 4 40 21
3 5 34 56
3 6 62 70
3 7 70 68
3 8 80 81
3 9 19 42
3 10 99 61
3 11 80 83
3 12 60 31
3 13 54 37
3 14 67 82
3 15 62 72
3 16 16 16
3 17 75 77
3 18 10 37
3 19 77 86
4 5 8 5
4 6 61 57
4 7 36 38
4 8 32 34
4 9 90 90
4 10 82 83
4 11 48 45
4 12 14 40
4 13 73 53
4 14 3 39
4 15 93 89
4 16 88 51
4 17 96 80
4 18 14 42
4 19 42 52
5 6 23 19
5 7 89 63
5 8 5 43
5 9 40 47
5 10 74 71
5 11 28 55
5 12 99 90
5 13 70 36
5 14 99 89
5 15 42 48
5 16 66 70
5 17 33 33
5 18 61 63
5 19 25 38
6 7 35 22
6 8 70 47
6 9 37 41
6 10 0 9
6 11 94 64
6 12 52 62
6 13 63 76
6 14 11 32
6 15 44 56
6 16 77 65
6 17 82 52
6 18 62 49
6 19 13 30
7 8 21 47
7 9 84 89
7 10 16 14
7 11 61 48
7 12 40 42
7 13 46 63
7 14 82 74
7 15 90 80
7 16 44 42
7 17 72 52
7 18 74 75
7 19 21 51
8 9 11 24
8 10 87 55
8 11 15 55
8 12 29 58
8 13 89 79
8 14 22 56
8 15 62 34
8 16 81 67
8 17 15 45
8 18 66 77
8 19 29 43
9 10 55 47
9 11 8 13
9 12 0 38
9 13 76 69
9 14 14 9
9 15 95 96
9 16 83 85
9 17 91 77
9 18 40 44
9 19 15 54
10 11 31 56
10 12 50 63
10 13 14 50
10 14 68 38
10 15 94 69
10 16 83 65
10 17 78 83
10 18 52 68
10 19 80 71
11 12 83 63
11 13 72 74
11 14 36 43
11 15 90 82
11 16 63 75
11 17 44 42
11 18 56 39
11 19 61 36
12 13 39 66
12 14 8 19
12 15 33 43
12 16 43 44
12 17 95 58
12 18 97 67
12 19 48 34
13 14 25 16
13 15 43 70
13 16 97 95
13 17 71 53
13 18 58 41
13 19 98 89
14 15 7 38
14 16 15 19
14 17 73 46
14 18 97 81
14 19 55 41
15 16 40 41
15 17 37 31
15 18 24 41
15 19 53 26
16 17 5 31
16 18 64 39
16 19 2 32
17 18 56 34
17 19 16 51
18 19 47 72
0
52
122 571
124 545
126 522
128 520
131 510
132 503
134 501
136 498
137 488
139 486
141 485
142 476
143 469
145 467
147 464
148 457
150 453
152 451
154 447
155 441
157 439
159 436
161 431
162 428
164 424
166 422
168 419
169 412
171 410
173 407
175 405
178 404
181 399
184 397
185 394
188 393
189 392
191 390
193 387
194 386
195 385
198 384
202 379
204 377
214 372
216 370
231 368
234 367
243 361
265 358
311 355
363 352
