30
0 1 72 57
0 2 28 52
0 3 92 87
0 4 49 70
0 5 46 45
0 6 81 72
0 7 9 30
0 8 59 71
0 9 8 30
0 10 92 67
0 11 74 82
0 12 91 69
0 13 42 30
0 14 6 41
0 15 89 69
0 16 98 76
0 17 26 35
0 18 30 64
0 19 96 68
0 20 2 4
0 21 19 28
0 22 0 2
0 23 6 41
0 24 71 45
0 25 24 33
0 26 25 24
0 27 32 66
0 28 43 48
0 29 42 41
1 2 63 50
1 3 51 48
1 4 76 83
1 5 69 36
1 6 21 39
1 7 82 72
1 8 98 83
1 9 52 68
1 10 51 59
1 11 57 28
1 12 76 79
1 13 1 38
1 14 8 20
1 15 87 61
1 16 81 42
1 17 97 94
1 18 23 61
1 19 57 42
1 20 28 48
1 21 64 39
1 22 63 39
1 23 28 34
1 24 78 75
1 25 15 22
1 26 44 33
1 27 39 58
1 28 22 22
1 29 22 37
2 3 68 57
2 4 7 11
2 5 79 65
2 6 49 39
2 7 68 37
2 8 13 36
2 9 53 42
2 10 10 17
2 11 66 36
2 12 20 15
2 13 25 37
2 14 33 63
2 15 0 15
2 16 2 30
2 17 43 65
2 18 30 51
2 19 50 66
2 20 87 63
2 21 37 44
2 22 24 37
2 23 4 45
2 24 7 41
2 25 97 75
2 26 36 47
2 27 54 29
2 28 28 19
2 29 75 68
3 4 40 64
3 5 61 32
3 6 62 65
3 7 65 57
3 8 38 19
3 9 89 94
3 10 98 49
3 11 14 20
3 12 5 32
3 13 86 79
3 14 9 44
3 15 85 64
3 16 80 86
3 17 15 15
3 18 15 47
3 19 15 22
3 20 13 15
3 21 13 42
3 22 58 65
3 23 78 71
3 24 23 24
3 25 83 74
3 26 94 92
3 27 81 42
3 28 49 60
3 29 6 48
4 5 49 44
4 6 13 50
4 7 55 44
4 8 2 6
4 9 30 31
4 10 79 46
4 11 12 8
4 12 92 63
4 13 83 46
4 14 25 49
4 15 7 35
4 16 28 44
4 17 3 44
4 18 37 42
4 19 16 18
4 20 50 73
4 21 24 43
4 22 18 44
4 23 47 47
4 24 27 20
4 25 73 39
4 26 0 19
4 27 20 32
4 28 93 71
4 29 96 67
5 6 53 57
5 7 47 40
5 8 74 52
5 9 14 25
5 10 18 23
5 11 90 86
5 12 82 62
5 13 6 45
5 14 18 48
5 15 19 18
5 16 42 40
5 17 63 55
5 18 98 75
5 19 38 57
5 20 66 64
5 21 9 48
5 22 74 56
5 23 89 92
5 24 57 40
5 25 15 35
5 26 81 71
5 27 4 7
5 28 9 26
5 29 14 47
6 7 65 50
6 8 91 49
6 9 65 64
6 10 86 86
6 11 76 72
6 12 29 34
6 13 39 32
6 14 60 45
6 15 40 51
6 16 54 65
6 17 16 21
6 18 46 60
6 19 33 34
6 20 59 78
6 21 32 36
6 22 69 74
6 23 90 89
6 24 37 45
6 25 75 52
6 26 0 48
6 27 53 53
6 28 99 71
6 29 48 27
7 8 75 51
7 9 69 38
7 10 86 56
7 11 43 59
7 12 22 40
7 13 27 43
7 14 67 79
7 15 58 39
7 16 64 77
7 17 78 73
7 18 65 45
7 19 12 55
7 20 94 76
7 21 42 52
7 22 94 54
7 23 10 7
7 24 31 44
7 25 12 53
7 26 69 75
7 27 49 71
7 28 85 46
7 29 35 30
8 9 34 43
8 10 50 49
8 11 74 68
8 12 44 29
8 13 35 65
8 14 48 65
8 15 36 43
8 16 98 69
8 17 83 67
8 18 66 58
8 19 18 56
8 20 23 42
8 21 27 26
8 22 52 29
8 23 25 23
8 24 14 22
8 25 78 86
8 26 80 42
8 27 1 5
8 28 5 27
8 29 5 42
9 10 96 89
9 11 19 47
9 12 70 79
9 13 57 63
9 14 14 45
9 15 53 51
9 16 43 34
9 17 35 23
9 18 13 50
9 19 14 54
9 20 72 54
9 21 38 20
9 22 87 64
9 23 64 72
9 24 4 21
9 25 56 68
9 26 57 74
9 27 5 27
9 28 82 59
9 29 57 38
10 11 47 27
10 12 77 54
10 13 73 75
10 14 89 77
10 15 51 55
10 16 74 77
10 17 35 55
10 18 16 15
10 19 18 36
10 20 46 33
10 21 5 6
10 22 93 83
10 23 28 14
10 24 82 69
10 25 11 38
10 26 31 38
10 27 94 61
10 28 44 67
10 29 16 34
11 12 25 17
11 13 85 65
11 14 69 62
11 15 15 10
11 16 12 46
11 17 25 56
11 18 56 70
11 19 63 32
11 20 5 16
11 21 86 70
11 22 88 63
11 23 70 69
11 24 78 76
11 25 91 49
11 26 82 67
11 27 40 35
11 28 17 33
11 29 88 83
12 13 87 84
12 14 33 21
12 15 43 53
12 16 65 71
12 17 3 12
12 18 50 32
12 19 36 67
12 20 41 32
12 21 79 80
12 22 79 73
12 23 38 47
12 24 99 94
12 25 79 73
12 26 4 13
12 27 60 40
12 28 15 19
12 29 86 75
13 14 84 78
13 15 37 23
13 16 98 74
13 17 34 39
13 18 48 62
13 19 28 49
13 20 61 32
13 21 18 46
13 22 77 50
13 23 30 16
13 24 60 75
13 25 5 17
13 26 85 46
13 27 86 51
13 28 97 85
13 29 51 48
14 15 92 89
14 16 85 43
14 17 34 32
14 18 88 85
14 19 84 87
14 20 63 49
14 21 6 9
14 22 92 86
14 23 59 32
14 24 7 16
14 25 15 14
14 26 88 71
14 27 86 61
14 28 26 19
14 29 93 92
15 16 73 86
15 17 2 50
15 18 80 44
15 19 39 28
15 20 30 41
15 21 81 73
15 22 52 62
15 23 63 80
15 24 91 63
15 25 67 71
15 26 51 41
15 27 48 55
15 28 46 45
15 29 29 26
16 17 97 72
16 18 0 43
16 19 31 33
16 20 76 80
16 21 70 69
16 22 99 74
16 23 49 40
16 24 84 48
16 25 10 6
16 26 20 48
16 27 73 50
16 28 78 60
16 29 50 40
17 18 77 57
17 19 47 49
17 20 86 55
17 21 87 80
17 22 25 14
17 23 2 46
17 24 98 75
17 25 52 57
17 26 97 62
17 27 12 54
17 28 52 45
17 29 78 68
18 19 82 62
18 20 32 25
18 21 78 40
18 22 70 69
18 23 52 26
18 24 57 62
18 25 80 77
18 26 23 33
18 27 16 19
18 28 37 55
18 29 56 48
19 20 72 40
19 21 35 60
19 22 30 24
19 23 67 45
19 24 66 81
19 25 2 17
19 26 51 29
19 27 65 35
19 28 21 53
19 29 66 67
20 21 87 77
20 22 70 63
20 23 42 31
20 24 5 13
20 25 57 57
20 26 51 64
20 27 84 63
20 28 69 36
20 29 59 51
21 22 31 19
21 23 69 66
21 24 4 25
21 25 17 28
21 26 76 87
21 27 35 31
21 28 51 27
21 29 5 5
22 23 20 49
22 24 15 22
22 25 26 61
22 26 10 38
22 27 39 56
22 28 48 49
22 29 69 44
23 24 67 78
23 25 11 42
23 26 2 51
23 27 92 76
23 28 47 47
23 29 88 64
24 25 83 65
24 26 18 56
24 27 65 33
24 28 66 39
24 29 27 15
25 26 5 11
25 27 51 41
25 28 50 57
25 29 73 71
26 27 78 82
26 28 97 68
26 29 0 24
27 28 90 60
27 29 86 78
28 29 63 54
0
69
86 629
87 606
88 591
89 568
91 563
92 559
93 552
94 529
96 528
97 520
99 519
100 515
101 511
102 505
104 502
105 496
107 495
109 487
111 486
112 478
114 477
116 471
117 470
119 462
120 461
122 460
124 454
125 453
127 445
131 444
132 437
135 434
136 433
138 432
139 429
140 426
141 425
143 417
147 416
148 409
151 407
152 406
154 405
155 401
156 399
157 398
159 390
163 389
164 382
168 381
171 374
175 373
179 372
181 366
187 365
189 364
190 358
194 357
198 356
200 350
208 348
215 345
223 343
230 340
238 339
248 338
263 337
288 336
322 335
