30
0 1 4 24
0 2 17 43
0 3 10 8
0 4 32 35
0 5 19 16
0 6 28 18
0 7 89 52
0 8 31 64
0 9 59 72
0 10 18 53
0 11 40 58
0 12 52 59
0 13 92 75
0 14 77 39
0 15 99 74
0 16 71 84
0 17 54 62
0 18 24 26
0 19 18 35
0 20 89 54
0 21 64 61
0 22 17 9
0 23 51 30
0 24 69 60
0 25 66 68
0 26 68 57
0 27 61 72
0 28 99 88
0 29 40 45
1 2 45 30
1 3 5 8
1 4 22 27
1 5 17 11
1 6 98 69
1 7 99 62
1 8 39 57
1 9 46 50
1 10 11 53
1 11 65 35
1 12 67 78
1 13 36 51
1 14 13 31
1 15 51 44
1 16 41 41
1 17 61 74
1 18 12 55
1 19 64 35
1 20 72 79
1 21 61 56
1 22 50 69
1 23 28 24
1 24 59 69
1 25 61 36
1 26 85 43
1 27 0 28
1 28 72 79
1 29 71 80
2 3 58 77
2 4 33 60
2 5 36 37
2 6 14 33
2 7 71 59
2 8 30 26
2 9 9 18
2 10 6 53
2 11 21 19
2 12 94 48
2 13 70 35
2 14 62 40
2 15 35 61
2 16 56 49
2 17 63 61
2 18 68 79
2 19 23 44
2 20 70 40
2 21 70 60
2 22 35 66
2 23 30 51
2 24 27 46
2 25 88 82
2 26 63 79
2 27 79 40
2 28 98 64
2 29 79 43
3 4 10 39
3 5 88 72
3 6 88 48
3 7 82 60
3 8 27 32
3 9 59 38
3 10 13 46
3 11 3 31
3 12 2 37
3 13 38 68
3 14 22 40
3 15 60 57
3 16 74 54
3 17 58 76
3 18 82 47
3 19 9 41
3 20 73 40
3 21 33 40
3 22 50 54
3 23 94 75
3 24 88 73
3 25 4 24
3 26 10 6
3 27 43 60
3 28 33 54
3 29 8 28
4 5 57 70
4 6 43 37
4 7 45 46
4 8 63 52
4 9 75 75
4 10 91 82
4 11 2 29
4 12 94 61
4 13 51 64
4 14 1 7
4 15 3 9
4 16 69 36
4 17 5 45
4 18 12 42
4 19 30 41
4 20 81 83
4 21 26 27
4 22 41 29
4 23 83 70
4 24 36 24
4 25 8 6
4 26 75 49
4 27 69 44
4 28 41 53
4 29 85 86
5 6 90 67
5 7 59 42
5 8 4 6
5 9 68 41
5 10 83 80
5 11 58 65
5 12 50 48
5 13 4 44
5 14 64 69
5 15 93 86
5 16 67 71
5 17 78 80
5 18 28 33
5 19 11 14
5 20 79 75
5 21 35 49
5 22 80 87
5 23 86 73
5 24 57 77
5 25 7 15
5 26 66 33
5 27 14 34
5 28 80 60
5 29 4 27
6 7 68 75
6 8 10 51
6 9 38 59
6 10 27 29
6 11 48 29
6 12 41 49
6 13 92 67
6 14 92 95
6 15 99 76
6 16 19 41
6 17 19 42
6 18 84 83
6 19 70 39
6 20 30 62
6 21 67 46
6 22 45 43
6 23 58 41
6 24 74 61
6 25 71 53
6 26 79 81
6 27 9 46
6 28 39 65
6 29 6 36
7 8 90 73
7 9 77 52
7 10 25 34
7 11 41 27
7 12 93 64
7 13 93 93
7 14 25 23
7 15 90 57
7 16 59 61
7 17 42 65
7 18 77 50
7 19 92 70
7 20 35 65
7 21 47 59
7 22 22 53
7 23 52 66
7 24 36 34
7 25 94 66
7 26 44 35
7 27 72 41
7 28 49 24
7 29 4 51
8 9 5 22
8 10 97 52
8 11 39 56
8 12 6 3
8 13 68 39
8 14 6 16
8 15 28 57
8 16 75 74
8 17 54 28
8 18 53 43
8 19 51 48
8 20 72 52
8 21 59 74
8 22 5 47
8 23 4 23
8 24 81 53
8 25 26 32
8 26 0 7
8 27 44 64
8 28 37 61
8 29 71 80
9 10 80 44
9 11 14 25
9 12 94 92
9 13 74 86
9 14 90 76
9 15 38 63
9 16 61 57
9 17 33 19
9 18 3 19
9 19 75 67
9 20 54 71
9 21 38 19
9 22 66 64
9 23 45 61
9 24 44 64
9 25 67 56
9 26 45 35
9 27 53 43
9 28 44 61
9 29 73 49
10 11 90 64
10 12 68 56
10 13 66 82
10 14 91 57
10 15 47 48
10 16 16 11
10 17 24 46
10 18 72 65
10 19 5 26
10 20 60 38
10 21 9 50
10 22 32 32
10 23 44 61
10 24 39 39
10 25 92 79
10 26 94 68
10 27 81 75
10 28 18 30
10 29 36 34
11 12 40 37
11 13 7 32
11 14 89 51
11 15 25 14
11 16 82 64
11 17 5 11
11 18 39 34
11 19 51 40
11 20 88 65
11 21 1 49
11 22 36 51
11 23 67 78
11 24 85 53
11 25 56 73
11 26 49 61
11 27 55 53
11 28 21 49
11 29 63 35
12 13 6 18
12 14 21 42
12 15 15 46
12 16 46 25
12 17 24 40
12 18 82 82
12 19 64 32
12 20 10 39
12 21 13 35
12 22 67 69
12 23 53 67
12 24 91 91
12 25 17 43
12 26 71 44
12 27 61 36
12 28 75 73
12 29 40 59
13 14 38 51
13 15 75 57
13 16 90 50
13 17 36 32
13 18 0 18
13 19 83 60
13 20 24 19
13 21 90 80
13 22 65 80
13 23 7 26
13 24 66 49
13 25 95 91
13 26 18 54
13 27 96 62
13 28 37 19
13 29 62 72
14 15 87 70
14 16 58 51
14 17 98 52
14 18 90 68
14 19 99 90
14 20 34 18
14 21 9 34
14 22 92 51
14 23 35 33
14 24 31 20
14 25 97 86
14 26 4 24
14 27 13 40
14 28 0 8
14 29 6 12
15 16 69 45
15 17 65 75
15 18 85 47
15 19 64 51
15 20 3 18
15 21 85 60
15 22 36 22
15 23 46 38
15 24 79 44
15 25 45 41
15 26 9 30
15 27 68 36
15 28 38 26
15 29 16 11
16 17 41 37
16 18 74 82
16 19 5 34
16 20 89 93
16 21 27 24
16 22 9 37
16 23 34 24
16 24 37 24
16 25 27 56
16 26 98 80
16 27 84 46
16 28 19 42
16 29 98 77
17 18 28 49
17 19 22 23
17 20 80 64
17 21 10 13
17 22 81 41
17 23 59 37
17 24 29 25
17 25 54 31
17 26 40 66
17 27 71 36
17 28 83 43
17 29 24 32
18 19 73 75
18 20 75 56
18 21 42 37
18 22 40 27
18 23 7 29
18 24 62 50
18 25 45 32
18 26 30 65
18 27 24 53
18 28 17 20
18 29 35 48
19 20 90 69
19 21 15 48
19 22 48 70
19 23 17 24
19 24 20 24
19 25 44 24
19 26 5 29
19 27 5 25
19 28 70 68
19 29 24 44
20 21 47 47
20 22 51 45
20 23 16 14
20 24 3 16
20 25 41 62
20 26 84 76
20 27 73 51
20 28 78 47
20 29 85 64
21 22 16 9
21 23 46 64
21 24 50 37
21 25 70 39
21 26 47 39
21 27 88 71
21 28 55 46
21 29 94 60
22 23 35 23
22 24 4 45
22 25 17 57
22 26 11 14
22 27 75 41
22 28 26 43
22 29 10 14
23 24 46 60
23 25 55 56
23 26 81 79
23 27 29 57
23 28 5 46
23 29 78 40
24 25 73 45
24 26 39 24
24 27 25 55
24 28 49 51
24 29 14 24
25 26 62 53
25 27 76 83
25 28 29 16
25 29 1 24
26 27 77 54
26 28 74 82
26 29 38 68
27 28 20 45
27 29 91 46
28 29 97 98
0
114
91 734
92 712
93 708
94 691
95 677
96 673
97 656
98 649
99 643
100 637
101 631
102 624
103 620
104 616
105 612
106 606
107 600
108 593
109 589
110 585
111 581
112 579
113 575
114 574
115 570
116 564
117 557
118 553
119 549
120 545
121 543
122 539
123 538
124 535
125 531
126 527
127 525
128 521
129 520
130 519
131 515
132 511
133 509
134 505
135 504
137 501
138 497
139 493
140 492
143 488
144 486
145 482
146 481
148 478
149 474
150 470
151 469
154 467
155 463
156 459
157 458
161 456
162 454
163 453
164 450
165 449
168 447
169 443
170 439
171 438
175 436
176 435
177 431
178 430
182 428
183 426
184 425
185 422
186 421
189 419
190 415
191 411
192 410
196 408
197 407
198 406
199 405
202 404
203 402
204 401
208 399
209 398
210 397
211 396
213 393
214 392
218 390
219 389
220 388
221 387
224 386
225 384
226 383
230 381
231 380
232 379
233 378
236 377
237 376
238 375
241 374
251 373
263 372
273 371
