30
0 1 29 81
0 2 95 40
0 3 72 55
0 4 93 44
0 5 57 31
0 6 0 44
0 7 52 29
0 8 32 26
0 9 93 51
0 10 65 28
0 11 50 88
0 12 40 61
0 13 87 71
0 14 90 97
0 15 27 28
0 16 78 23
0 17 89 93
0 18 42 11
0 19 93 54
0 20 11 27
0 21 72 91
0 22 67 35
0 23 0 67
0 24 35 12
0 25 33 71
0 26 76 40
0 27 57 77
0 28 46 38
0 29 37 80
1 2 47 48
1 3 84 26
1 4 78 91
1 5 23 80
1 6 92 90
1 7 78 94
1 8 39 10
1 9 76 86
1 10 42 51
1 11 70 42
1 12 52 75
1 13 56 78
1 14 32 63
1 15 20 37
1 16 8 31
1 17 87 85
1 18 84 20
1 19 76 27
1 20 54 88
1 21 61 29
1 22 89 31
1 23 50 25
1 24 18 29
1 25 60 39
1 26 76 63
1 27 3 5
1 28 74 92
1 29 66 21
2 3 36 49
2 4 31 46
2 5 87 77
2 6 54 73
2 7 15 5
2 8 50 29
2 9 82 64
2 10 2 70
2 11 90 52
2 12 85 45
2 13 64 52
2 14 69 40
2 15 71 32
2 16 22 55
2 17 79 62
2 18 73 27
2 19 26 84
2 20 46 61
2 21 21 29
2 22 35 51
2 23 65 61
2 24 67 28
2 25 0 3
2 26 55 21
2 27 81 27
2 28 99 51
2 29 68 75
3 4 66 17
3 5 96 53
3 6 32 36
3 7 43 49
3 8 64 71
3 9 26 71
3 10 17 41
3 11 91 68
3 12 63 60
3 13 85 72
3 14 39 46
3 15 27 80
3 16 41 52
3 17 66 14
3 18 67 74
3 19 15 45
3 20 81 63
3 21 87 61
3 22 12 42
3 23 31 22
3 24 68 19
3 25 71 57
3 26 60 26
3 27 70 79
3 28 68 43
3 29 20 49
4 5 27 37
4 6 44 42
4 7 53 19
4 8 53 41
4 9 14 46
4 10 0 31
4 11 9 72
4 12 74 93
4 13 37 80
4 14 62 17
4 15 76 26
4 16 96 41
4 17 13 30
4 18 90 76
4 19 14 55
4 20 23 9
4 21 45 46
4 22 21 6
4 23 17 63
4 24 1 51
4 25 88 70
4 26 61 20
4 27 5 8
4 28 35 61
4 29 81 58
5 6 13 11
5 7 2 17
5 8 9 37
5 9 4 42
5 10 55 74
5 11 82 21
5 12 14 37
5 13 93 80
5 14 75 21
5 15 12 30
5 16 19 83
5 17 96 53
5 18 53 71
5 19 65 55
5 20 68 29
5 21 26 47
5 22 14 47
5 23 28 54
5 24 82 28
5 25 67 92
5 26 97 75
5 27 96 92
5 28 10 57
5 29 61 14
6 7 66 56
6 8 28 47
6 9 33 41
6 10 45 42
6 11 68 92
6 12 37 82
6 13 35 86
6 14 74 53
6 15 58 26
6 16 96 95
6 17 91 91
6 18 0 41
6 19 4 25
6 20 18 42
6 21 35 66
6 22 31 70
6 23 19 72
6 24 17 11
6 25 21 83
6 26 85 25
6 27 75 64
6 28 58 12
6 29 62 49
7 8 1 15
7 9 2 7
7 10 50 32
7 11 11 26
7 12 84 61
7 13 64 36
7 14 63 79
7 15 41 81
7 16 65 52
7 17 64 43
7 18 71 28
7 19 32 30
7 20 16 23
7 21 60 21
7 22 0 48
7 23 11 77
7 24 51 66
7 25 18 70
7 26 2 19
7 27 4 39
7 28 28 66
7 29 93 56
8 9 34 50
8 10 83 66
8 11 59 61
8 12 79 20
8 13 66 46
8 14 6 75
8 15 73 46
8 16 26 37
8 17 29 10
8 18 81 93
8 19 86 52
8 20 95 21
8 21 19 13
8 22 43 21
8 23 31 51
8 24 47 79
8 25 32 30
8 26 52 46
8 27 70 50
8 28 59 52
8 29 52 61
9 10 65 37
9 11 59 55
9 12 34 23
9 13 2 71
9 14 14 42
9 15 89 96
9 16 30 54
9 17 40 77
9 18 48 52
9 19 50 38
9 20 78 37
9 21 17 75
9 22 27 69
9 23 86 29
9 24 63 41
9 25 63 59
9 26 60 76
9 27 80 85
9 28 53 69
9 29 60 81
10 11 88 31
10 12 32 53
10 13 12 43
10 14 71 90
10 15 41 10
10 16 69 19
10 17 87 53
10 18 48 20
10 19 22 77
10 20 70 72
10 21 43 83
10 22 9 24
10 23 26 56
10 24 29 46
10 25 20 58
10 26 14 28
10 27 0 2
10 28 9 55
10 29 81 67
11 12 64 20
11 13 10 33
11 14 95 97
11 15 39 80
11 16 68 37
11 17 69 69
11 18 6 44
11 19 42 73
11 20 37 20
11 21 72 16
11 22 99 96
11 23 81 68
11 24 3 72
11 25 99 37
11 26 82 31
11 27 22 79
11 28 62 63
11 29 70 82
12 13 33 38
12 14 0 18
12 15 94 79
12 16 84 80
12 17 14 68
12 18 94 61
12 19 50 57
12 20 11 41
12 21 99 23
12 22 27 54
12 23 98 23
12 24 19 31
12 25 73 26
12 26 25 82
12 27 84 64
12 28 48 32
12 29 55 71
13 14 74 22
13 15 76 85
13 16 66 38
13 17 88 71
13 18 78 43
13 19 9 50
13 20 80 95
13 21 73 19
13 22 92 88
13 23 36 51
13 24 87 34
13 25 70 56
13 26 44 81
13 27 82 34
13 28 15 24
13 29 46 44
14 15 68 54
14 16 66 21
14 17 55 52
14 18 30 79
14 19 41 32
14 20 99 32
14 21 4 67
14 22 85 36
14 23 39 41
14 24 85 21
14 25 97 76
14 26 0 67
14 27 80 20
14 28 84 38
14 29 67 88
15 16 6 40
15 17 74 30
15 18 40 48
15 19 92 81
15 20 7 16
15 21 95 46
15 22 38 19
15 23 7 15
15 24 96 24
15 25 41 27
15 26 30 53
15 27 32 81
15 28 92 41
15 29 94 73
16 17 52 56
16 18 14 6
16 19 46 76
16 20 17 53
16 21 81 30
16 22 69 83
16 23 22 8
16 24 39 16
16 25 26 49
16 26 68 40
16 27 3 15
16 28 17 7
16 29 8 19
17 18 75 43
17 19 99 20
17 20 64 56
17 21 38 27
17 22 27 35
17 23 7 5
17 24 17 22
17 25 51 76
17 26 15 80
17 27 5 68
17 28 61 27
17 29 89 71
18 19 87 88
18 20 96 42
18 21 46 30
18 22 70 85
18 23 61 83
18 24 13 75
18 25 78 57
18 26 72 41
18 27 41 63
18 28 2 57
18 29 37 51
19 20 15 49
19 21 57 30
19 22 5 78
19 23 84 35
19 24 63 27
19 25 45 13
19 26 49 58
19 27 83 50
19 28 21 5
19 29 63 26
20 21 73 41
20 22 90 76
20 23 42 36
20 24 36 77
20 25 89 71
20 26 53 22
20 27 43 16
20 28 64 64
20 29 78 22
21 22 75 84
21 23 41 16
21 24 74 36
21 25 19 49
21 26 49 23
21 27 24 78
21 28 57 69
21 29 27 68
22 23 6 20
22 24 37 19
22 25 20 63
22 26 95 60
22 27 76 36
22 28 20 58
22 29 34 23
23 24 1 11
23 25 85 40
23 26 31 66
23 27 89 68
23 28 42 80
23 29 12 38
24 25 61 20
24 26 64 43
24 27 11 77
24 28 46 50
24 29 5 57
25 26 78 69
25 27 18 20
25 28 69 18
25 29 96 81
26 27 76 38
26 28 85 46
26 29 64 86
27 28 88 31
27 29 76 87
28 29 78 17
0
164
71 1085
72 1060
73 1022
74 997
76 978
77 959
79 940
80 931
82 912
85 900
87 889
90 874
92 871
93 862
95 847
98 835
100 824
103 809
105 806
106 797
108 786
111 774
113 768
114 763
116 753
117 748
119 741
120 736
121 730
122 725
124 718
125 713
126 712
127 707
129 700
130 695
132 694
134 685
135 680
136 676
137 671
139 664
140 659
141 658
142 653
144 646
145 641
148 640
149 631
150 626
152 621
154 613
155 609
156 608
157 603
159 596
160 591
163 589
164 581
165 576
168 572
169 563
173 557
174 554
176 550
178 539
180 537
183 530
185 528
186 526
188 524
189 513
192 509
194 504
197 500
200 496
201 495
202 491
205 487
206 483
209 479
210 477
211 474
213 473
214 470
215 468
217 466
218 464
220 462
221 460
222 457
223 455
225 453
226 451
227 450
229 447
230 446
231 445
232 443
233 442
234 438
237 434
238 433
241 429
242 428
246 423
251 419
253 418
254 415
256 414
257 413
259 409
261 408
265 403
270 399
273 395
276 394
278 389
286 387
289 383
293 381
294 377
302 374
309 369
313 368
317 366
318 362
325 361
333 354
340 353
349 347
356 346
368 345
375 341
376 340
383 339
391 338
402 334
409 333
411 332
418 331
430 328
437 326
444 325
464 323
465 320
472 319
499 315
506 314
534 311
535 310
542 309
570 306
577 305
595 304
621 303
623 301
630 300
653 299
674 298
681 296
688 295
725 294
732 293
