50
0 1 7 5
0 2 33 62
0 3 89 18
0 4 97 77
0 5 82 28
0 6 92 30
0 7 17 61
0 8 40 72
0 9 88 74
0 10 12 5
0 11 71 15
0 12 60 27
0 13 99 83
0 14 99 43
0 15 43 61
0 16 13 59
0 17 83 53
0 18 28 26
0 19 89 67
0 20 31 56
0 21 23 58
0 22 21 74
0 23 83 59
0 24 42 34
0 25 83 37
0 26 16 63
0 27 57 80
0 28 65 66
0 29 13 8
0 30 38 28
0 31 64 20
0 32 98 90
0 33 75 83
0 34 82 82
0 35 18 44
0 36 66 74
0 37 17 78
0 38 90 78
0 39 24 45
0 40 9 75
0 41 56 15
0 42 38 54
0 43 14 54
0 44 85 90
0 45 50 58
0 46 52 80
0 47 5 6
0 48 93 84
0 49 43 26
1 2 44 15
1 3 29 76
1 4 19 71
1 5 37 61
1 6 67 87
1 7 50 71
1 8 72 19
1 9 47 65
1 10 34 13
1 11 98 39
1 12 52 61
1 13 36 23
1 14 12 30
1 15 80 49
1 16 16 78
1 17 1 43
1 18 54 17
1 19 42 23
1 20 82 70
1 21 65 32
1 22 15 37
1 23 41 46
1 24 1 45
1 25 31 71
1 26 48 81
1 27 35 65
1 28 44 15
1 29 27 16
1 30 90 95
1 31 25 39
1 32 77 21
1 33 90 96
1 34 94 52
1 35 8 49
1 36 71 39
1 37 50 27
1 38 95 71
1 39 80 75
1 40 52 31
1 41 45 53
1 42 57 88
1 43 43 54
1 44 39 62
1 45 55 14
1 46 75 92
1 47 12 55
1 48 69 47
1 49 0 51
2 3 48 38
2 4 94 36
2 5 6 17
2 6 97 81
2 7 10 24
2 8 46 33
2 9 37 51
2 10 31 34
2 11 64 71
2 12 80 39
2 13 7 77
2 14 36 13
2 15 91 72
2 16 50 62
2 17 4 67
2 18 47 26
2 19 88 66
2 20 98 59
2 21 28 25
2 22 74 15
2 23 16 4
2 24 7 5
2 25 92 93
2 26 28 78
2 27 59 16
2 28 26 62
2 29 82 69
2 30 5 18
2 31 6 58
2 32 56 54
2 33 55 17
2 34 51 88
2 35 40 8
2 36 27 65
2 37 10 45
2 38 99 65
2 39 41 45
2 40 75 15
2 41 30 38
2 42 72 59
2 43 81 46
2 44 65 69
2 45 61 72
2 46 58 15
2 47 10 76
2 48 19 48
2 49 33 54
3 4 41 60
3 5 40 28
3 6 59 62
3 7 73 77
3 8 96 44
3 9 38 71
3 10 89 53
3 11 78 27
3 12 66 40
3 13 77 41
3 14 96 64
3 15 27 37
3 16 77 55
3 17 2 65
3 18 58 15
3 19 96 27
3 20 57 62
3 21 69 88
3 22 40 73
3 23 73 84
3 24 7 51
3 25 19 36
3 26 39 76
3 27 40 9
3 28 3 47
3 29 94 89
3 30 74 65
3 31 3 18
3 32 89 38
3 33 53 59
3 34 27 81
3 35 52 16
3 36 70 76
3 37 41 35
3 38 36 21
3 39 53 12
3 40 31 79
3 41 57 34
3 42 12 26
3 43 61 47
3 44 82 92
3 45 71 18
3 46 55 62
3 47 11 38
3 48 42 85
3 49 7 69
4 5 3 49
4 6 87 88
4 7 29 55
4 8 69 62
4 9 80 36
4 10 71 65
4 11 61 83
4 12 91 31
4 13 99 22
4 14 91 88
4 15 60 16
4 16 82 80
4 17 60 35
4 18 84 22
4 19 6 36
4 20 54 47
4 21 81 31
4 22 58 41
4 23 25 58
4 24 20 63
4 25 96 85
4 26 85 85
4 27 44 46
4 28 86 61
4 29 71 92
4 30 83 36
4 31 93 86
4 32 55 19
4 33 81 21
4 34 14 77
4 35 63 72
4 36 29 82
4 37 1 1
4 38 7 75
4 39 17 11
4 40 11 30
4 41 61 76
4 42 30 65
4 43 8 15
4 44 95 98
4 45 82 69
4 46 31 65
4 47 23 49
4 48 20 67
4 49 5 72
5 6 85 24
5 7 15 11
5 8 75 42
5 9 25 18
5 10 89 52
5 11 89 47
5 12 21 17
5 13 70 50
5 14 81 32
5 15 40 37
5 16 18 41
5 17 1 22
5 18 81 62
5 19 12 4
5 20 78 28
5 21 92 48
5 22 18 48
5 23 86 67
5 24 96 81
5 25 55 88
5 26 82 49
5 27 87 80
5 28 33 17
5 29 48 54
5 30 43 65
5 31 11 17
5 32 37 49
5 33 50 56
5 34 74 51
5 35 30 29
5 36 25 81
5 37 43 66
5 38 0 8
5 39 73 65
5 40 85 78
5 41 28 17
5 42 91 61
5 43 95 46
5 44 11 63
5 45 19 32
5 46 59 17
5 47 51 37
5 48 97 64
5 49 76 71
6 7 4 45
6 8 57 89
6 9 29 51
6 10 38 13
6 11 70 41
6 12 22 47
6 13 50 46
6 14 36 26
6 15 68 93
6 16 80 63
6 17 20 52
6 18 31 68
6 19 25 12
6 20 41 47
6 21 27 31
6 22 58 16
6 23 65 52
6 24 73 29
6 25 26 35
6 26 25 70
6 27 43 51
6 28 65 50
6 29 21 57
6 30 3 40
6 31 6 56
6 32 42 9
6 33 30 49
6 34 30 23
6 35 94 29
6 36 20 16
6 37 83 91
6 38 89 71
6 39 94 62
6 40 28 55
6 41 29 73
6 42 67 26
6 43 65 39
6 44 74 84
6 45 30 62
6 46 3 27
6 47 73 82
6 48 59 23
6 49 94 20
7 8 4 49
7 9 29 24
7 10 97 47
7 11 66 67
7 12 1 12
7 13 75 55
7 14 16 63
7 15 50 84
7 16 20 48
7 17 92 47
7 18 87 26
7 19 9 63
7 20 63 13
7 21 93 62
7 22 27 7
7 23 97 55
7 24 98 71
7 25 49 41
7 26 35 17
7 27 44 40
7 28 73 25
7 29 49 71
7 30 3 53
7 31 2 9
7 32 11 51
7 33 6 23
7 34 16 75
7 35 46 21
7 36 68 21
7 37 43 15
7 38 64 24
7 39 37 19
7 40 91 44
7 41 23 9
7 42 99 31
7 43 21 65
7 44 65 40
7 45 46 73
7 46 16 53
7 47 96 46
7 48 78 61
7 49 50 31
8 9 20 11
8 10 53 42
8 11 42 75
8 12 14 33
8 13 66 91
8 14 98 54
8 15 59 51
8 16 83 69
8 17 16 32
8 18 31 22
8 19 78 22
8 20 60 40
8 21 79 85
8 22 47 66
8 23 71 84
8 24 66 75
8 25 79 76
8 26 80 38
8 27 12 48
8 28 38 33
8 29 97 90
8 30 79 84
8 31 7 45
8 32 81 31
8 33 24 76
8 34 99 98
8 35 54 80
8 36 5 54
8 37 49 45
8 38 64 59
8 39 0 38
8 40 77 35
8 41 50 20
8 42 60 71
8 43 21 7
8 44 1 41
8 45 98 22
8 46 72 28
8 47 6 22
8 48 16 71
8 49 33 10
9 10 36 11
9 11 86 95
9 12 60 18
9 13 8 3
9 14 1 43
9 15 3 10
9 16 96 77
9 17 61 25
9 18 9 62
9 19 79 71
9 20 70 53
9 21 60 46
9 22 56 86
9 23 40 81
9 24 37 79
9 25 45 79
9 26 20 62
9 27 66 61
9 28 34 51
9 29 87 71
9 30 25 83
9 31 26 28
9 32 41 68
9 33 29 19
9 34 13 76
9 35 94 61
9 36 70 64
9 37 15 41
9 38 35 9
9 39 45 24
9 40 80 56
9 41 76 15
9 42 18 65
9 43 69 74
9 44 36 81
9 45 21 69
9 46 28 20
9 47 53 39
9 48 57 63
9 49 50 43
10 11 12 30
10 12 12 15
10 13 12 62
10 14 68 29
10 15 19 77
10 16 4 41
10 17 68 17
10 18 30 8
10 19 59 65
10 20 88 65
10 21 4 74
10 22 33 35
10 23 1 75
10 24 50 43
10 25 9 75
10 26 92 29
10 27 93 23
10 28 83 79
10 29 78 21
10 30 12 17
10 31 31 25
10 32 16 64
10 33 43 75
10 34 31 66
10 35 48 70
10 36 32 70
10 37 4 54
10 38 93 74
10 39 51 52
10 40 35 70
10 41 97 52
10 42 48 53
10 43 1 41
10 44 68 35
10 45 19 83
10 46 71 36
10 47 31 80
10 48 65 49
10 49 5 37
11 12 10 51
11 13 69 81
11 14 87 44
11 15 96 74
11 16 99 29
11 17 46 24
11 18 46 17
11 19 91 57
11 20 75 62
11 21 83 90
11 22 93 23
11 23 16 7
11 24 85 42
11 25 16 78
11 26 53 53
11 27 28 63
11 28 89 79
11 29 69 92
11 30 71 54
11 31 89 63
11 32 75 68
11 33 63 62
11 34 52 48
11 35 89 26
11 36 77 76
11 37 83 26
11 38 28 62
11 39 82 56
11 40 78 69
11 41 79 77
11 42 92 84
11 43 27 82
11 44 52 48
11 45 56 64
11 46 35 53
11 47 88 46
11 48 63 64
11 49 5 41
12 13 6 58
12 14 41 78
12 15 95 25
12 16 59 74
12 17 52 18
12 18 56 88
12 19 90 25
12 20 7 18
12 21 35 70
12 22 65 35
12 23 65 55
12 24 9 61
12 25 84 22
12 26 68 33
12 27 23 71
12 28 2 24
12 29 94 40
12 30 76 37
12 31 33 48
12 32 92 86
12 33 35 29
12 34 42 25
12 35 93 32
12 36 79 70
12 37 29 68
12 38 95 72
12 39 34 45
12 40 81 24
12 41 25 80
12 42 29 71
12 43 0 42
12 44 43 71
12 45 0 3
12 46 67 91
12 47 2 31
12 48 59 73
12 49 93 27
13 14 96 27
13 15 74 60
13 16 63 68
13 17 28 46
13 18 34 49
13 19 91 60
13 20 84 90
13 21 80 19
13 22 4 3
13 23 57 64
13 24 35 27
13 25 13 5
13 26 26 18
13 27 66 37
13 28 69 76
13 29 76 26
13 30 82 33
13 31 66 70
13 32 57 86
13 33 51 61
13 34 83 81
13 35 32 17
13 36 26 26
13 37 92 78
13 38 32 81
13 39 88 51
13 40 60 63
13 41 17 35
13 42 60 44
13 43 48 78
13 44 76 80
13 45 39 21
13 46 13 3
13 47 61 89
13 48 11 66
13 49 98 58
14 15 13 31
14 16 40 39
14 17 61 24
14 18 79 84
14 19 52 72
14 20 14 71
14 21 81 61
14 22 77 35
14 23 71 46
14 24 32 76
14 25 36 84
14 26 65 63
14 27 85 65
14 28 55 77
14 29 25 78
14 30 80 73
14 31 51 43
14 32 66 73
14 33 16 5
14 34 35 62
14 35 10 3
14 36 2 77
14 37 29 66
14 38 51 14
14 39 16 75
14 40 0 5
14 41 44 20
14 42 60 37
14 43 10 13
14 44 6 57
14 45 45 31
14 46 40 42
14 47 33 74
14 48 85 24
14 49 75 48
15 16 55 64
15 17 41 47
15 18 13 57
15 19 48 84
15 20 20 14
15 21 60 24
15 22 5 68
15 23 20 83
15 24 90 26
15 25 71 84
15 26 88 28
15 27 22 38
15 28 25 38
15 29 62 40
15 30 49 30
15 31 23 38
15 32 93 67
15 33 62 28
15 34 60 17
15 35 38 12
15 36 12 25
15 37 85 40
15 38 99 81
15 39 16 48
15 40 46 11
15 41 96 74
15 42 11 76
15 43 31 25
15 44 92 53
15 45 78 72
15 46 65 29
15 47 9 42
15 48 51 23
15 49 5 79
16 17 19 14
16 18 14 73
16 19 51 78
16 20 36 58
16 21 89 39
16 22 1 40
16 23 42 20
16 24 2 50
16 25 3 71
16 26 71 35
16 27 66 78
16 28 40 78
16 29 16 82
16 30 87 78
16 31 15 43
16 32 61 41
16 33 63 45
16 34 33 38
16 35 57 22
16 36 35 59
16 37 82 60
16 38 45 50
16 39 20 63
16 40 19 31
16 41 72 53
16 42 73 25
16 43 1 4
16 44 19 46
16 45 40 59
16 46 13 50
16 47 45 80
16 48 56 20
16 49 60 89
17 18 9 81
17 19 40 41
17 20 42 9
17 21 16 60
17 22 5 49
17 23 11 19
17 24 39 35
17 25 58 85
17 26 37 81
17 27 15 45
17 28 9 23
17 29 7 18
17 30 25 63
17 31 23 31
17 32 66 36
17 33 87 93
17 34 45 27
17 35 75 79
17 36 59 41
17 37 43 69
17 38 48 15
17 39 94 83
17 40 52 82
17 41 98 54
17 42 32 67
17 43 75 53
17 44 65 15
17 45 18 25
17 46 79 43
17 47 5 54
17 48 56 69
17 49 42 22
18 19 3 36
18 20 82 87
18 21 96 64
18 22 49 64
18 23 54 52
18 24 49 31
18 25 94 39
18 26 25 6
18 27 58 15
18 28 4 9
18 29 69 61
18 30 79 32
18 31 58 38
18 32 71 22
18 33 7 3
18 34 11 31
18 35 58 68
18 36 8 65
18 37 3 27
18 38 93 39
18 39 71 81
18 40 91 29
18 41 50 22
18 42 83 64
18 43 64 61
18 44 59 22
18 45 87 49
18 46 28 8
18 47 87 47
18 48 20 68
18 49 69 80
19 20 38 67
19 21 9 79
19 22 79 52
19 23 98 46
19 24 19 16
19 25 93 83
19 26 14 17
19 27 7 68
19 28 31 73
19 29 91 42
19 30 56 50
19 31 7 47
19 32 1 44
19 33 10 70
19 34 43 11
19 35 11 42
19 36 72 39
19 37 34 71
19 38 3 38
19 39 71 62
19 40 9 12
19 41 11 56
19 42 25 13
19 43 36 55
19 44 8 74
19 45 0 54
19 46 1 42
19 47 38 79
19 48 99 24
19 49 5 6
20 21 25 62
20 22 98 61
20 23 34 19
20 24 12 60
20 25 32 71
20 26 14 79
20 27 49 12
20 28 54 62
20 29 34 74
20 30 22 13
20 31 9 2
20 32 51 62
20 33 56 86
20 34 25 77
20 35 69 20
20 36 31 80
20 37 22 8
20 38 15 56
20 39 43 79
20 40 11 52
20 41 90 97
20 42 89 85
20 43 19 73
20 44 6 78
20 45 88 39
20 46 71 50
20 47 58 41
20 48 49 11
20 49 83 96
21 22 60 42
21 23 85 80
21 24 84 38
21 25 53 15
21 26 28 68
21 27 22 82
21 28 67 27
21 29 78 78
21 30 4 67
21 31 98 66
21 32 97 91
21 33 21 31
21 34 80 85
21 35 26 59
21 36 14 44
21 37 72 78
21 38 68 89
21 39 33 76
21 40 92 53
21 41 57 39
21 42 74 59
21 43 54 82
21 44 87 69
21 45 61 38
21 46 97 32
21 47 1 49
21 48 62 33
21 49 51 70
22 23 26 23
22 24 37 23
22 25 68 78
22 26 80 21
22 27 58 88
22 28 88 67
22 29 22 72
22 30 89 94
22 31 12 73
22 32 60 91
22 33 9 37
22 34 64 19
22 35 25 56
22 36 88 69
22 37 76 48
22 38 69 80
22 39 93 52
22 40 65 78
22 41 55 20
22 42 33 62
22 43 31 58
22 44 43 26
22 45 26 66
22 46 55 39
22 47 85 31
22 48 2 75
22 49 70 41
23 24 85 30
23 25 49 55
23 26 25 36
23 27 64 37
23 28 93 50
23 29 50 38
23 30 2 30
23 31 31 7
23 32 96 43
23 33 83 86
23 34 15 72
23 35 83 44
23 36 97 51
23 37 19 60
23 38 58 49
23 39 79 17
23 40 7 24
23 41 31 17
23 42 28 42
23 43 66 48
23 44 39 7
23 45 13 27
23 46 43 49
23 47 62 64
23 48 3 20
23 49 7 50
24 25 3 1
24 26 44 47
24 27 17 46
24 28 24 7
24 29 35 8
24 30 35 14
24 31 73 29
24 32 74 81
24 33 4 29
24 34 55 78
24 35 78 48
24 36 76 15
24 37 81 53
24 38 88 24
24 39 82 17
24 40 77 65
24 41 58 13
24 42 22 56
24 43 89 30
24 44 18 38
24 45 87 32
24 46 6 63
24 47 5 67
24 48 12 41
24 49 94 87
25 26 90 89
25 27 15 65
25 28 11 38
25 29 42 21
25 30 10 9
25 31 24 74
25 32 87 74
25 33 42 85
25 34 8 53
25 35 10 21
25 36 82 75
25 37 59 54
25 38 15 77
25 39 25 22
25 40 93 76
25 41 75 46
25 42 49 48
25 43 91 21
25 44 83 93
25 45 14 8
25 46 64 24
25 47 13 13
25 48 19 10
25 49 5 25
26 27 62 54
26 28 6 2
26 29 27 15
26 30 30 84
26 31 21 34
26 32 12 16
26 33 98 24
26 34 69 26
26 35 41 74
26 36 25 9
26 37 65 51
26 38 71 92
26 39 67 39
26 40 42 21
26 41 38 80
26 42 64 57
26 43 29 43
26 44 17 37
26 45 86 40
26 46 52 81
26 47 41 77
26 48 45 19
26 49 40 50
27 28 76 28
27 29 42 29
27 30 24 27
27 31 35 32
27 32 41 88
27 33 55 49
27 34 98 72
27 35 74 43
27 36 46 86
27 37 21 55
27 38 26 46
27 39 92 66
27 40 40 8
27 41 83 53
27 42 20 58
27 43 20 24
27 44 23 50
27 45 56 60
27 46 83 26
27 47 76 26
27 48 3 57
27 49 6 19
28 29 25 8
28 30 24 18
28 31 32 79
28 32 67 32
28 33 16 34
28 34 31 72
28 35 54 73
28 36 30 72
28 37 1 38
28 38 43 35
28 39 98 58
28 40 91 35
28 41 58 64
28 42 40 37
28 43 93 75
28 44 15 36
28 45 81 86
28 46 37 44
28 47 4 23
28 48 8 76
28 49 42 25
29 30 45 28
29 31 2 71
29 32 33 75
29 33 59 18
29 34 2 50
29 35 19 35
29 36 93 39
29 37 1 9
29 38 45 29
29 39 33 55
29 40 90 24
29 41 41 45
29 42 19 71
29 43 91 48
29 44 73 92
29 45 98 40
29 46 19 28
29 47 67 66
29 48 44 63
29 49 93 91
30 31 14 72
30 32 99 32
30 33 5 2
30 34 74 21
30 35 97 30
30 36 92 25
30 37 40 81
30 38 78 20
30 39 10 57
30 40 47 40
30 41 29 83
30 42 3 44
30 43 71 72
30 44 68 25
30 45 51 78
30 46 24 72
30 47 6 76
30 48 91 87
30 49 80 57
31 32 18 33
31 33 39 22
31 34 34 47
31 35 44 31
31 36 90 33
31 37 61 82
31 38 32 13
31 39 2 28
31 40 90 35
31 41 63 15
31 42 65 22
31 43 91 21
31 44 54 47
31 45 55 89
31 46 98 80
31 47 59 27
31 48 35 85
31 49 18 57
32 33 49 76
32 34 5 9
32 35 98 55
32 36 76 23
32 37 67 19
32 38 74 68
32 39 70 24
32 40 23 14
32 41 85 60
32 42 80 38
32 43 15 71
32 44 82 81
32 45 61 45
32 46 71 28
32 47 51 77
32 48 36 56
32 49 70 86
33 34 44 10
33 35 18 24
33 36 27 38
33 37 72 68
33 38 43 24
33 39 5 7
33 40 22 11
33 41 87 37
33 42 54 87
33 43 78 57
33 44 58 35
33 45 54 26
33 46 1 15
33 47 18 12
33 48 54 81
33 49 14 27
34 35 98 31
34 36 81 78
34 37 31 76
34 38 23 17
34 39 27 46
34 40 66 76
34 41 27 61
34 42 88 19
34 43 66 90
34 44 43 10
34 45 80 47
34 46 51 64
34 47 5 42
34 48 81 37
34 49 49 29
35 36 53 46
35 37 11 69
35 38 51 68
35 39 45 18
35 40 38 38
35 41 33 74
35 42 54 12
35 43 89 36
35 44 91 72
35 45 39 30
35 46 91 66
35 47 0 49
35 48 68 59
35 49 14 71
36 37 91 87
36 38 15 65
36 39 83 21
36 40 78 44
36 41 32 66
36 42 68 45
36 43 12 60
36 44 32 78
36 45 54 77
36 46 69 14
36 47 41 20
36 48 14 13
36 49 70 66
37 38 59 84
37 39 88 66
37 40 37 46
37 41 58 80
37 42 2 22
37 43 81 90
37 44 47 33
37 45 45 14
37 46 14 24
37 47 87 20
37 48 19 50
37 49 0 68
38 39 21 5
38 40 23 31
38 41 96 60
38 42 41 37
38 43 26 37
38 44 65 75
38 45 51 48
38 46 97 69
38 47 89 59
38 48 5 12
38 49 77 86
39 40 74 38
39 41 7 43
39 42 10 20
39 43 37 66
39 44 58 86
39 45 13 59
39 46 17 76
39 47 41 65
39 48 44 50
39 49 16 77
40 41 92 94
40 42 32 9
40 43 38 61
40 44 91 56
40 45 39 32
40 46 26 35
40 47 68 57
40 48 50 83
40 49 94 33
41 42 97 51
41 43 83 36
41 44 74 89
41 45 66 67
41 46 2 49
41 47 6 14
41 48 45 59
41 49 70 54
42 43 80 62
42 44 64 21
42 45 27 23
42 46 46 59
42 47 95 47
42 48 82 84
42 49 18 44
43 44 41 18
43 45 8 11
43 46 34 29
43 47 34 71
43 48 50 79
43 49 28 12
44 45 83 87
44 46 8 60
44 47 36 80
44 48 6 49
44 49 9 16
45 46 84 77
45 47 59 56
45 48 2 19
45 49 63 75
46 47 37 11
46 48 21 71
46 49 99 76
47 48 46 10
47 49 28 74
48 49 47 85
0
323
89 1659
90 1599
91 1550
92 1503
93 1485
94 1448
95 1430
96 1418
97 1397
98 1379
99 1377
100 1356
101 1338
102 1335
103 1317
104 1300
105 1294
106 1276
107 1270
108 1256
109 1238
110 1236
111 1220
112 1210
113 1198
114 1186
115 1182
116 1170
117 1163
118 1151
119 1147
120 1135
121 1128
122 1120
123 1112
124 1104
125 1096
126 1089
127 1081
128 1073
129 1066
130 1058
131 1050
132 1045
133 1037
134 1033
135 1026
136 1018
137 1010
138 1007
139 999
140 995
141 988
142 981
143 972
144 970
145 961
146 960
147 953
148 947
149 944
150 936
151 935
152 928
153 926
154 919
155 915
156 911
157 906
158 901
159 895
160 890
161 887
162 882
163 878
164 873
165 870
166 865
167 860
168 855
169 849
170 847
171 841
172 838
173 832
174 830
175 824
176 823
177 818
178 816
179 810
180 807
181 801
182 799
183 793
184 792
185 787
186 786
187 779
188 778
189 770
190 769
191 762
192 761
194 757
195 753
196 749
197 745
198 741
199 737
200 734
201 733
202 726
203 725
204 724
205 721
206 716
207 713
208 709
209 705
210 701
211 700
212 697
213 692
214 689
215 688
216 685
217 680
218 679
219 675
220 671
221 667
222 664
223 663
224 662
225 655
226 654
227 651
228 646
229 643
230 642
231 638
232 634
233 630
234 629
235 627
236 625
237 621
238 617
239 614
240 609
241 608
243 605
244 600
245 597
246 593
247 592
249 589
250 584
251 581
252 580
254 577
255 572
256 569
257 565
258 564
260 561
261 556
262 553
263 552
265 549
266 546
267 544
269 543
270 540
271 537
273 536
274 533
275 531
276 529
278 528
279 525
280 522
282 521
283 518
286 517
287 515
288 513
289 512
290 509
292 508
293 505
296 502
299 501
300 498
301 497
303 494
304 493
306 490
310 489
311 486
314 484
315 483
316 482
318 479
319 478
321 475
325 474
326 471
329 469
330 468
332 467
333 464
338 461
339 460
341 457
345 455
346 453
348 451
350 450
352 449
353 446
356 445
357 444
359 442
360 440
365 438
366 436
369 434
372 433
374 432
375 430
377 429
380 428
381 427
382 425
386 423
388 421
391 419
394 418
396 417
397 415
400 414
402 413
403 412
406 411
408 410
409 408
414 406
417 405
418 404
423 401
429 400
431 399
434 397
439 395
443 394
444 393
446 392
448 391
453 388
459 387
464 384
469 383
471 382
473 381
476 380
478 378
484 377
489 374
495 373
500 372
501 370
506 369
512 367
518 365
523 363
529 362
531 361
535 359
540 358
546 357
548 356
552 354
559 353
563 352
565 350
570 349
576 348
581 347
582 345
593 343
599 342
602 341
605 340
612 338
619 336
630 334
635 333
642 331
649 329
659 328
663 327
668 326
672 324
685 323
686 322
693 321
696 320
698 319
710 318
712 317
719 316
726 315
733 314
744 313
747 312
763 311
765 310
788 309
794 308
818 307
843 306
