50
0 1 50 50
0 2 61 57
0 3 84 77
0 4 81 72
0 5 44 46
0 6 26 32
0 7 95 90
0 8 62 56
0 9 31 28
0 10 42 42
0 11 19 20
0 12 29 38
0 13 57 53
0 14 79 69
0 15 38 33
0 16 56 61
0 17 82 73
0 18 6 19
0 19 66 60
0 20 44 41
0 21 63 67
0 22 3 16
0 23 82 72
0 24 26 26
0 25 6 17
0 26 0 0
0 27 76 74
0 28 33 38
0 29 15 15
0 30 66 66
0 31 7 11
0 32 90 80
0 33 75 73
0 34 48 42
0 35 90 90
0 36 46 49
0 37 41 37
0 38 72 70
0 39 3 8
0 40 64 55
0 41 98 90
0 42 23 29
0 43 71 70
0 44 98 95
0 45 85 86
0 46 69 68
0 47 8 17
0 48 84 72
0 49 3 6
1 2 32 29
1 3 15 22
1 4 16 24
1 5 38 43
1 6 63 54
1 7 18 21
1 8 10 15
1 9 38 44
1 10 80 79
1 11 67 69
1 12 17 20
1 13 95 95
1 14 9 21
1 15 48 45
1 16 89 83
1 17 80 72
1 18 12 13
1 19 30 39
1 20 77 80
1 21 24 27
1 22 77 69
1 23 98 90
1 24 86 74
1 25 66 63
1 26 7 7
1 27 10 9
1 28 57 49
1 29 21 22
1 30 8 9
1 31 4 6
1 32 12 24
1 33 65 56
1 34 77 73
1 35 67 70
1 36 73 72
1 37 59 63
1 38 43 42
1 39 36 38
1 40 78 70
1 41 48 52
1 42 15 27
1 43 95 84
1 44 85 72
1 45 93 86
1 46 69 68
1 47 2 13
1 48 72 66
1 49 92 90
2 3 92 81
2 4 49 43
2 5 88 84
2 6 86 79
2 7 41 50
2 8 40 45
2 9 50 45
2 10 78 76
2 11 34 32
2 12 76 70
2 13 25 25
2 14 91 88
2 15 78 71
2 16 99 89
2 17 20 23
2 18 17 15
2 19 59 55
2 20 20 18
2 21 58 57
2 22 17 23
2 23 34 38
2 24 88 76
2 25 28 32
2 26 68 62
2 27 6 14
2 28 24 26
2 29 18 16
2 30 56 58
2 31 41 43
2 32 45 50
2 33 61 62
2 34 82 76
2 35 58 61
2 36 77 72
2 37 26 35
2 38 47 52
2 39 81 69
2 40 78 69
2 41 16 28
2 42 30 35
2 43 96 96
2 44 39 36
2 45 50 53
2 46 8 13
2 47 12 12
2 48 83 73
2 49 38 34
3 4 36 36
3 5 99 95
3 6 83 70
3 7 6 13
3 8 3 10
3 9 62 56
3 10 12 10
3 11 20 28
3 12 94 92
3 13 59 54
3 14 32 34
3 15 71 74
3 16 17 29
3 17 14 19
3 18 26 33
3 19 33 31
3 20 93 91
3 21 85 86
3 22 35 31
3 23 90 82
3 24 31 34
3 25 37 33
3 26 25 31
3 27 25 29
3 28 33 30
3 29 89 83
3 30 44 48
3 31 4 12
3 32 83 84
3 33 65 55
3 34 87 85
3 35 87 87
3 36 64 63
3 37 1 14
3 38 5 16
3 39 79 79
3 40 85 74
3 41 36 32
3 42 52 51
3 43 28 30
3 44 25 34
3 45 74 65
3 46 47 54
3 47 62 58
3 48 33 43
3 49 86 76
4 5 55 60
4 6 34 42
4 7 7 7
4 8 11 20
4 9 37 45
4 10 14 22
4 11 82 75
4 12 66 61
4 13 91 87
4 14 90 81
4 15 53 53
4 16 25 29
4 17 10 10
4 18 91 80
4 19 34 42
4 20 26 24
4 21 54 54
4 22 84 79
4 23 16 18
4 24 57 52
4 25 85 77
4 26 86 78
4 27 97 94
4 28 68 72
4 29 30 37
4 30 7 11
4 31 74 71
4 32 78 76
4 33 82 81
4 34 18 18
4 35 74 68
4 36 6 14
4 37 48 46
4 38 7 12
4 39 96 86
4 40 52 44
4 41 89 83
4 42 90 77
4 43 22 26
4 44 76 66
4 45 41 44
4 46 71 63
4 47 93 86
4 48 15 20
4 49 30 30
5 6 73 76
5 7 69 65
5 8 74 70
5 9 71 62
5 10 79 81
5 11 53 48
5 12 79 72
5 13 46 41
5 14 49 49
5 15 57 53
5 16 3 11
5 17 92 93
5 18 1 3
5 19 7 10
5 20 94 86
5 21 80 77
5 22 40 42
5 23 80 70
5 24 49 45
5 25 55 60
5 26 94 92
5 27 18 25
5 28 18 28
5 29 84 74
5 30 39 36
5 31 58 49
5 32 82 78
5 33 85 74
5 34 59 64
5 35 19 19
5 36 96 87
5 37 65 63
5 38 93 92
5 39 56 58
5 40 24 29
5 41 78 69
5 42 70 71
5 43 80 73
5 44 55 50
5 45 42 41
5 46 1 9
5 47 34 30
5 48 34 44
5 49 3 17
6 7 47 49
6 8 62 58
6 9 28 38
6 10 86 84
6 11 16 26
6 12 68 66
6 13 98 93
6 14 99 88
6 15 90 81
6 16 89 77
6 17 83 82
6 18 9 16
6 19 26 27
6 20 17 24
6 21 66 71
6 22 34 43
6 23 38 40
6 24 77 76
6 25 16 22
6 26 48 55
6 27 29 31
6 28 85 79
6 29 94 89
6 30 27 32
6 31 64 59
6 32 61 61
6 33 61 58
6 34 65 55
6 35 8 9
6 36 25 26
6 37 19 18
6 38 37 37
6 39 42 44
6 40 61 58
6 41 81 82
6 42 18 16
6 43 41 40
6 44 48 52
6 45 39 46
6 46 3 15
6 47 31 39
6 48 5 6
6 49 36 34
7 8 51 45
7 9 67 59
7 10 50 51
7 11 35 36
7 12 60 52
7 13 4 16
7 14 82 71
7 15 42 43
7 16 16 25
7 17 87 86
7 18 51 53
7 19 35 31
7 20 2 6
7 21 16 25
7 22 35 38
7 23 27 31
7 24 98 91
7 25 74 68
7 26 75 66
7 27 37 42
7 28 4 16
7 29 38 44
7 30 18 23
7 31 65 68
7 32 18 22
7 33 28 35
7 34 32 28
7 35 36 42
7 36 69 63
7 37 38 41
7 38 79 73
7 39 45 53
7 40 3 14
7 41 3 8
7 42 81 80
7 43 99 97
7 44 59 59
7 45 44 43
7 46 98 93
7 47 36 34
7 48 45 39
7 49 78 77
8 9 68 69
8 10 20 32
8 11 49 44
8 12 91 80
8 13 74 71
8 14 96 84
8 15 32 33
8 16 56 49
8 17 8 11
8 18 92 82
8 19 45 42
8 20 87 87
8 21 83 74
8 22 52 48
8 23 20 32
8 24 22 19
8 25 94 80
8 26 4 12
8 27 92 93
8 28 39 44
8 29 88 88
8 30 44 46
8 31 10 16
8 32 69 59
8 33 18 26
8 34 17 23
8 35 12 25
8 36 1 11
8 37 20 17
8 38 14 16
8 39 62 58
8 40 33 35
8 41 47 53
8 42 55 47
8 43 47 50
8 44 0 14
8 45 9 12
8 46 5 19
8 47 47 51
8 48 42 41
8 49 84 79
9 10 16 24
9 11 28 26
9 12 2 14
9 13 92 92
9 14 17 24
9 15 1 14
9 16 37 37
9 17 31 34
9 18 74 64
9 19 7 11
9 20 18 24
9 21 51 47
9 22 19 20
9 23 88 88
9 24 79 74
9 25 7 17
9 26 87 74
9 27 18 29
9 28 21 27
9 29 10 20
9 30 48 41
9 31 68 70
9 32 19 21
9 33 55 62
9 34 25 35
9 35 29 28
9 36 76 66
9 37 71 70
9 38 64 58
9 39 95 82
9 40 50 53
9 41 45 43
9 42 8 19
9 43 42 38
9 44 38 44
9 45 15 16
9 46 73 72
9 47 49 46
9 48 76 67
9 49 26 30
10 11 9 22
10 12 43 47
10 13 79 76
10 14 38 37
10 15 6 6
10 16 65 57
10 17 21 23
10 18 62 55
10 19 5 16
10 20 74 67
10 21 76 78
10 22 61 65
10 23 97 85
10 24 5 11
10 25 40 48
10 26 28 25
10 27 98 88
10 28 27 34
10 29 87 78
10 30 41 47
10 31 86 88
10 32 73 64
10 33 46 47
10 34 14 19
10 35 21 18
10 36 4 6
10 37 79 71
10 38 19 17
10 39 74 73
10 40 20 29
10 41 83 82
10 42 74 69
10 43 36 44
10 44 49 46
10 45 52 47
10 46 50 56
10 47 9 16
10 48 50 55
10 49 35 39
11 12 70 68
11 13 29 39
11 14 89 86
11 15 11 19
11 16 92 83
11 17 38 45
11 18 90 84
11 19 75 70
11 20 93 90
11 21 69 71
11 22 92 92
11 23 4 4
11 24 90 90
11 25 25 29
11 26 54 48
11 27 92 93
11 28 59 52
11 29 61 55
11 30 76 66
11 31 25 24
11 32 81 69
11 33 64 57
11 34 59 55
11 35 39 47
11 36 41 46
11 37 15 24
11 38 13 15
11 39 85 81
11 40 41 36
11 41 30 33
11 42 87 84
11 43 83 73
11 44 47 54
11 45 70 65
11 46 63 63
11 47 18 22
11 48 75 66
11 49 24 34
12 13 41 47
12 14 19 17
12 15 28 38
12 16 62 63
12 17 24 32
12 18 6 11
12 19 32 34
12 20 58 59
12 21 76 76
12 22 44 50
12 23 24 26
12 24 94 89
12 25 79 67
12 26 58 61
12 27 99 95
12 28 58 59
12 29 75 67
12 30 93 84
12 31 25 24
12 32 86 79
12 33 61 58
12 34 93 89
12 35 10 22
12 36 2 2
12 37 50 48
12 38 2 5
12 39 31 36
12 40 98 96
12 41 23 33
12 42 82 75
12 43 98 91
12 44 13 25
12 45 47 50
12 46 28 28
12 47 18 19
12 48 42 42
12 49 7 18
13 14 45 38
13 15 15 16
13 16 93 88
13 17 24 26
13 18 32 36
13 19 12 15
13 20 43 40
13 21 85 81
13 22 36 44
13 23 54 47
13 24 16 28
13 25 15 19
13 26 75 70
13 27 84 80
13 28 3 7
13 29 26 29
13 30 62 67
13 31 15 19
13 32 34 41
13 33 23 25
13 34 12 19
13 35 0 3
13 36 10 11
13 37 26 30
13 38 45 52
13 39 81 82
13 40 83 85
13 41 77 74
13 42 83 83
13 43 42 49
13 44 63 68
13 45 91 87
13 46 42 40
13 47 9 12
13 48 18 20
13 49 1 3
14 15 70 71
14 16 68 60
14 17 82 78
14 18 48 43
14 19 20 28
14 20 14 21
14 21 46 48
14 22 92 84
14 23 35 43
14 24 81 75
14 25 54 57
14 26 18 26
14 27 88 84
14 28 97 86
14 29 69 69
14 30 16 20
14 31 38 43
14 32 47 41
14 33 67 67
14 34 46 40
14 35 63 61
14 36 3 3
14 37 43 39
14 38 67 57
14 39 16 18
14 40 55 54
14 41 75 70
14 42 18 22
14 43 95 85
14 44 23 32
14 45 6 10
14 46 11 16
14 47 9 23
14 48 83 83
14 49 80 77
15 16 22 32
15 17 24 34
15 18 32 32
15 19 38 43
15 20 79 75
15 21 37 41
15 22 65 58
15 23 84 76
15 24 81 82
15 25 53 55
15 26 71 64
15 27 50 52
15 28 30 30
15 29 59 54
15 30 3 5
15 31 10 8
15 32 42 46
15 33 4 18
15 34 39 43
15 35 15 24
15 36 48 42
15 37 94 91
15 38 28 34
15 39 67 71
15 40 9 8
15 41 75 68
15 42 73 64
15 43 13 14
15 44 7 10
15 45 37 32
15 46 84 71
15 47 70 63
15 48 21 21
15 49 67 57
16 17 48 52
16 18 44 46
16 19 92 87
16 20 58 55
16 21 26 24
16 22 77 71
16 23 66 67
16 24 63 57
16 25 19 31
16 26 65 55
16 27 59 58
16 28 5 19
16 29 14 23
16 30 27 33
16 31 49 50
16 32 19 27
16 33 54 57
16 34 2 10
16 35 57 57
16 36 48 54
16 37 43 51
16 38 50 46
16 39 46 54
16 40 3 11
16 41 37 42
16 42 53 57
16 43 91 87
16 44 33 41
16 45 51 48
16 46 66 58
16 47 44 41
16 48 36 41
16 49 85 75
17 18 84 85
17 19 91 90
17 20 33 41
17 21 88 79
17 22 21 18
17 23 97 89
17 24 36 32
17 25 3 3
17 26 57 52
17 27 5 17
17 28 60 64
17 29 50 52
17 30 24 30
17 31 3 8
17 32 39 37
17 33 37 37
17 34 54 48
17 35 39 36
17 36 35 44
17 37 92 86
17 38 57 56
17 39 34 30
17 40 60 58
17 41 89 84
17 42 12 21
17 43 63 67
17 44 94 84
17 45 70 66
17 46 37 42
17 47 31 39
17 48 37 33
17 49 38 39
18 19 27 36
18 20 37 35
18 21 57 60
18 22 7 12
18 23 86 79
18 24 31 39
18 25 45 43
18 26 87 83
18 27 62 56
18 28 30 34
18 29 42 46
18 30 24 23
18 31 77 79
18 32 43 49
18 33 59 61
18 34 79 76
18 35 45 46
18 36 90 86
18 37 9 8
18 38 58 50
18 39 72 68
18 40 12 12
18 41 67 64
18 42 49 51
18 43 21 29
18 44 76 80
18 45 87 75
18 46 91 79
18 47 19 22
18 48 8 8
18 49 97 90
19 20 14 22
19 21 95 93
19 22 99 93
19 23 31 31
19 24 80 72
19 25 76 65
19 26 66 65
19 27 36 32
19 28 50 56
19 29 37 35
19 30 42 46
19 31 87 81
19 32 51 51
19 33 77 75
19 34 24 31
19 35 72 71
19 36 66 62
19 37 97 88
19 38 73 72
19 39 54 50
19 40 12 22
19 41 59 64
19 42 64 69
19 43 76 68
19 44 15 14
19 45 59 64
19 46 95 93
19 47 14 15
19 48 36 40
19 49 69 64
20 21 10 12
20 22 74 77
20 23 57 61
20 24 57 57
20 25 6 12
20 26 85 76
20 27 70 72
20 28 28 38
20 29 95 93
20 30 21 24
20 31 44 50
20 32 7 7
20 33 96 94
20 34 63 62
20 35 84 72
20 36 85 78
20 37 37 36
20 38 7 20
20 39 91 89
20 40 62 59
20 41 77 78
20 42 47 47
20 43 31 27
20 44 95 85
20 45 15 28
20 46 6 10
20 47 28 35
20 48 76 65
20 49 65 64
21 22 32 40
21 23 46 52
21 24 19 30
21 25 26 36
21 26 23 31
21 27 68 66
21 28 67 68
21 29 5 10
21 30 53 53
21 31 40 47
21 32 61 58
21 33 36 40
21 34 12 11
21 35 96 83
21 36 83 73
21 37 37 33
21 38 43 38
21 39 87 83
21 40 6 16
21 41 9 16
21 42 85 77
21 43 98 97
21 44 25 34
21 45 14 13
21 46 95 88
21 47 65 70
21 48 39 35
21 49 23 24
22 23 46 51
22 24 84 80
22 25 1 5
22 26 32 35
22 27 21 19
22 28 89 79
22 29 62 59
22 30 64 61
22 31 62 58
22 32 25 34
22 33 58 64
22 34 15 18
22 35 36 42
22 36 82 84
22 37 91 82
22 38 75 64
22 39 30 29
22 40 40 36
22 41 43 47
22 42 82 79
22 43 45 50
22 44 39 46
22 45 72 75
22 46 30 30
22 47 11 18
22 48 41 48
22 49 34 43
23 24 85 86
23 25 60 61
23 26 97 90
23 27 20 27
23 28 75 78
23 29 46 52
23 30 35 33
23 31 74 70
23 32 84 82
23 33 55 54
23 34 49 47
23 35 29 37
23 36 59 58
23 37 65 56
23 38 5 4
23 39 96 95
23 40 73 70
23 41 19 27
23 42 27 29
23 43 71 69
23 44 81 77
23 45 98 96
23 46 65 61
23 47 66 71
23 48 46 50
23 49 45 43
24 25 34 31
24 26 43 49
24 27 85 84
24 28 1 9
24 29 26 22
24 30 44 44
24 31 17 14
24 32 42 39
24 33 38 47
24 34 83 81
24 35 20 30
24 36 86 80
24 37 56 61
24 38 13 17
24 39 14 23
24 40 8 10
24 41 24 31
24 42 22 33
24 43 67 71
24 44 64 65
24 45 9 17
24 46 76 76
24 47 85 76
24 48 63 66
24 49 81 84
25 26 21 31
25 27 80 81
25 28 25 30
25 29 22 34
25 30 19 19
25 31 60 62
25 32 80 77
25 33 23 30
25 34 75 77
25 35 36 36
25 36 34 44
25 37 13 12
25 38 89 76
25 39 6 7
25 40 3 11
25 41 61 54
25 42 3 17
25 43 14 21
25 44 52 59
25 45 30 37
25 46 63 64
25 47 60 51
25 48 45 39
25 49 41 49
26 27 15 22
26 28 32 33
26 29 0 1
26 30 97 96
26 31 8 18
26 32 98 95
26 33 47 48
26 34 78 70
26 35 72 69
26 36 54 49
26 37 47 48
26 38 70 65
26 39 84 83
26 40 70 61
26 41 52 57
26 42 4 18
26 43 65 57
26 44 67 63
26 45 26 29
26 46 30 36
26 47 86 74
26 48 98 95
26 49 27 33
27 28 76 71
27 29 61 60
27 30 35 31
27 31 28 30
27 32 3 12
27 33 22 26
27 34 30 36
27 35 68 63
27 36 52 45
27 37 13 20
27 38 54 51
27 39 70 73
27 40 70 63
27 41 53 59
27 42 67 71
27 43 90 82
27 44 94 93
27 45 36 37
27 46 61 64
27 47 41 41
27 48 61 64
27 49 90 78
28 29 81 77
28 30 38 47
28 31 27 36
28 32 16 26
28 33 31 41
28 34 2 16
28 35 16 18
28 36 71 75
28 37 95 87
28 38 64 62
28 39 40 37
28 40 60 53
28 41 50 46
28 42 15 21
28 43 77 66
28 44 66 70
28 45 53 55
28 46 88 85
28 47 85 81
28 48 99 87
28 49 0 8
29 30 59 63
29 31 29 38
29 32 78 66
29 33 96 93
29 34 77 73
29 35 58 52
29 36 1 7
29 37 47 44
29 38 58 61
29 39 24 20
29 40 26 22
29 41 3 14
29 42 82 79
29 43 81 81
29 44 31 39
29 45 34 33
29 46 8 22
29 47 24 30
29 48 77 67
29 49 31 33
30 31 28 30
30 32 28 34
30 33 80 72
30 34 1 4
30 35 67 67
30 36 44 51
30 37 87 81
30 38 84 79
30 39 20 20
30 40 94 90
30 41 9 13
30 42 22 24
30 43 65 63
30 44 14 14
30 45 68 59
30 46 2 10
30 47 77 77
30 48 94 88
30 49 1 3
31 32 56 57
31 33 84 81
31 34 11 22
31 35 40 36
31 36 55 47
31 37 35 32
31 38 14 19
31 39 24 27
31 40 76 73
31 41 93 89
31 42 53 49
31 43 88 88
31 44 26 31
31 45 95 90
31 46 77 69
31 47 72 65
31 48 49 53
31 49 52 51
32 33 70 73
32 34 85 76
32 35 20 19
32 36 69 73
32 37 40 41
32 38 58 51
32 39 86 87
32 40 40 44
32 41 87 81
32 42 31 33
32 43 48 54
32 44 33 38
32 45 88 78
32 46 67 60
32 47 56 49
32 48 66 63
32 49 38 41
33 34 27 24
33 35 69 65
33 36 78 81
33 37 79 78
33 38 49 55
33 39 81 79
33 40 29 27
33 41 81 75
33 42 65 59
33 43 75 67
33 44 89 82
33 45 79 78
33 46 95 90
33 47 90 81
33 48 35 30
33 49 15 18
34 35 50 53
34 36 11 17
34 37 38 42
34 38 90 84
34 39 52 59
34 40 64 67
34 41 15 19
34 42 35 40
34 43 73 69
34 44 63 56
34 45 94 91
34 46 31 32
34 47 33 32
34 48 66 69
34 49 69 70
35 36 68 62
35 37 35 36
35 38 48 54
35 39 86 87
35 40 1 1
35 41 71 64
35 42 27 28
35 43 50 46
35 44 5 8
35 45 70 68
35 46 32 32
35 47 71 74
35 48 84 75
35 49 59 51
36 37 34 37
36 38 24 27
36 39 79 78
36 40 10 18
36 41 58 53
36 42 13 13
36 43 25 31
36 44 60 62
36 45 33 36
36 46 80 71
36 47 74 71
36 48 79 76
36 49 90 79
37 38 38 44
37 39 56 60
37 40 13 16
37 41 76 75
37 42 15 19
37 43 65 68
37 44 73 62
37 45 27 35
37 46 28 29
37 47 48 41
37 48 13 14
37 49 73 76
38 39 35 35
38 40 69 73
38 41 8 12
38 42 23 20
38 43 98 93
38 44 94 84
38 45 45 49
38 46 76 74
38 47 66 67
38 48 25 31
38 49 12 20
39 40 41 42
39 41 38 46
39 42 61 63
39 43 46 41
39 44 73 71
39 45 16 22
39 46 56 51
39 47 82 84
39 48 34 37
39 49 68 70
40 41 98 84
40 42 0 6
40 43 91 91
40 44 36 40
40 45 8 8
40 46 35 32
40 47 47 51
40 48 91 91
40 49 81 80
41 42 90 85
41 43 54 56
41 44 42 37
41 45 62 60
41 46 37 43
41 47 66 56
41 48 43 48
41 49 14 15
42 43 55 51
42 44 33 30
42 45 73 64
42 46 86 76
42 47 17 17
42 48 1 5
42 49 1 14
43 44 64 62
43 45 63 66
43 46 14 26
43 47 74 64
43 48 25 23
43 49 2 5
44 45 75 65
44 46 41 38
44 47 3 9
44 48 50 44
44 49 21 24
45 46 22 26
45 47 91 84
45 48 74 66
45 49 63 58
46 47 41 41
46 48 97 94
46 49 87 83
47 48 52 58
47 49 55 59
48 49 33 43
0
37
115 404
116 396
117 389
118 384
119 379
120 374
121 370
122 365
123 363
124 359
125 357
127 355
128 353
130 351
131 349
133 347
135 345
136 343
138 341
140 340
143 339
144 337
146 335
148 334
151 333
152 332
154 331
157 330
159 329
161 328
164 327
167 326
170 325
174 324
178 323
183 322
194 321
