50
0 1 62 31
0 2 55 26
0 3 6 65
0 4 85 96
0 5 39 74
0 6 57 49
0 7 44 46
0 8 32 22
0 9 76 93
0 10 68 76
0 11 18 9
0 12 69 40
0 13 30 59
0 14 89 40
0 15 88 34
0 16 53 59
0 17 58 89
0 18 63 39
0 19 22 53
0 20 18 25
0 21 74 67
0 22 58 81
0 23 91 67
0 24 24 68
0 25 67 66
0 26 25 70
0 27 47 66
0 28 42 28
0 29 74 41
0 30 96 24
0 31 42 72
0 32 74 54
0 33 49 20
0 34 72 41
0 35 31 79
0 36 64 18
0 37 29 27
0 38 70 82
0 39 20 37
0 40 55 18
0 41 43 40
0 42 3 47
0 43 4 37
0 44 76 47
0 45 10 42
0 46 93 61
0 47 78 31
0 48 24 22
0 49 95 70
1 2 12 4
1 3 93 57
1 4 14 77
1 5 32 54
1 6 39 58
1 7 60 77
1 8 62 26
1 9 69 15
1 10 29 6
1 11 86 48
1 12 14 43
1 13 8 32
1 14 12 23
1 15 99 90
1 16 19 10
1 17 44 49
1 18 6 37
1 19 71 93
1 20 67 48
1 21 66 61
1 22 88 74
1 23 89 80
1 24 11 7
1 25 59 31
1 26 37 68
1 27 21 50
1 28 21 27
1 29 31 60
1 30 30 70
1 31 42 77
1 32 63 91
1 33 5 28
1 34 63 83
1 35 51 59
1 36 1 75
1 37 54 89
1 38 70 59
1 39 11 42
1 40 48 71
1 41 9 11
1 42 81 90
1 43 79 22
1 44 11 79
1 45 88 83
1 46 12 70
1 47 99 99
1 48 97 79
1 49 10 54
2 3 11 59
2 4 66 91
2 5 42 43
2 6 28 31
2 7 12 51
2 8 6 17
2 9 70 93
2 10 41 11
2 11 41 25
2 12 91 44
2 13 21 67
2 14 64 15
2 15 59 55
2 16 72 52
2 17 7 45
2 18 28 48
2 19 88 51
2 20 86 48
2 21 79 66
2 22 36 64
2 23 69 81
2 24 28 70
2 25 20 83
2 26 28 70
2 27 32 62
2 28 43 57
2 29 50 79
2 30 65 25
2 31 88 55
2 32 15 55
2 33 58 20
2 34 27 82
2 35 90 83
2 36 88 61
2 37 50 74
2 38 90 40
2 39 11 47
2 40 86 30
2 41 55 49
2 42 59 21
2 43 90 51
2 44 69 19
2 45 61 83
2 46 25 6
2 47 35 67
2 48 96 40
2 49 39 85
3 4 51 47
3 5 19 41
3 6 23 35
3 7 98 98
3 8 15 43
3 9 2 3
3 10 80 86
3 11 78 52
3 12 28 57
3 13 74 81
3 14 68 19
3 15 74 29
3 16 81 16
3 17 4 31
3 18 2 48
3 19 3 9
3 20 96 34
3 21 72 86
3 22 80 94
3 23 10 62
3 24 75 77
3 25 62 19
3 26 24 32
3 27 23 13
3 28 48 32
3 29 68 57
3 30 46 71
3 31 8 73
3 32 88 71
3 33 83 31
3 34 34 70
3 35 91 45
3 36 73 20
3 37 5 24
3 38 84 58
3 39 26 18
3 40 34 36
3 41 89 81
3 42 70 25
3 43 3 2
3 44 66 91
3 45 25 68
3 46 57 68
3 47 41 26
3 48 84 51
3 49 87 41
4 5 53 56
4 6 80 94
4 7 39 21
4 8 11 34
4 9 7 45
4 10 2 76
4 11 60 68
4 12 3 41
4 13 57 69
4 14 70 48
4 15 9 34
4 16 22 39
4 17 18 75
4 18 84 75
4 19 4 73
4 20 13 60
4 21 2 15
4 22 44 57
4 23 45 75
4 24 89 19
4 25 3 73
4 26 22 62
4 27 36 27
4 28 14 16
4 29 61 88
4 30 44 55
4 31 87 59
4 32 48 11
4 33 69 71
4 34 34 22
4 35 31 10
4 36 12 59
4 37 58 56
4 38 8 15
4 39 75 44
4 40 65 13
4 41 82 26
4 42 86 95
4 43 81 81
4 44 24 51
4 45 86 87
4 46 76 31
4 47 18 74
4 48 30 42
4 49 97 61
5 6 22 62
5 7 22 16
5 8 97 41
5 9 93 22
5 10 56 22
5 11 73 88
5 12 50 47
5 13 8 5
5 14 85 24
5 15 95 78
5 16 99 27
5 17 43 86
5 18 13 3
5 19 59 19
5 20 51 14
5 21 22 10
5 22 6 63
5 23 13 60
5 24 3 67
5 25 84 23
5 26 31 36
5 27 11 7
5 28 7 21
5 29 5 39
5 30 86 51
5 31 75 94
5 32 59 65
5 33 15 11
5 34 60 49
5 35 27 57
5 36 11 20
5 37 36 56
5 38 24 46
5 39 73 72
5 40 77 41
5 41 92 78
5 42 92 86
5 43 26 43
5 44 3 24
5 45 10 16
5 46 41 55
5 47 96 26
5 48 18 65
5 49 21 30
6 7 64 92
6 8 99 75
6 9 49 34
6 10 19 22
6 11 23 56
6 12 64 66
6 13 27 25
6 14 44 47
6 15 27 13
6 16 83 44
6 17 16 19
6 18 14 74
6 19 53 87
6 20 92 45
6 21 46 79
6 22 77 66
6 23 12 32
6 24 63 59
6 25 65 42
6 26 45 72
6 27 75 77
6 28 34 68
6 29 13 42
6 30 5 67
6 31 37 25
6 32 12 45
6 33 40 12
6 34 64 46
6 35 81 28
6 36 8 39
6 37 68 76
6 38 24 55
6 39 78 74
6 40 78 80
6 41 45 40
6 42 99 36
6 43 8 37
6 44 97 49
6 45 12 41
6 46 81 67
6 47 85 45
6 48 43 23
6 49 68 58
7 8 15 69
7 9 76 78
7 10 97 34
7 11 57 48
7 12 67 46
7 13 91 61
7 14 95 61
7 15 24 14
7 16 53 77
7 17 17 58
7 18 29 10
7 19 96 26
7 20 54 82
7 21 16 10
7 22 23 11
7 23 39 9
7 24 47 85
7 25 54 79
7 26 29 84
7 27 97 95
7 28 35 7
7 29 23 10
7 30 6 68
7 31 84 60
7 32 65 60
7 33 47 42
7 34 42 53
7 35 33 33
7 36 4 38
7 37 1 1
7 38 90 51
7 39 90 44
7 40 75 53
7 41 43 85
7 42 53 51
7 43 71 32
7 44 88 36
7 45 1 37
7 46 33 82
7 47 38 19
7 48 34 80
7 49 50 40
8 9 82 28
8 10 86 57
8 11 78 16
8 12 81 40
8 13 35 36
8 14 87 39
8 15 93 86
8 16 82 93
8 17 51 46
8 18 36 41
8 19 61 90
8 20 32 55
8 21 33 46
8 22 30 66
8 23 70 89
8 24 96 48
8 25 41 47
8 26 9 47
8 27 2 64
8 28 12 64
8 29 27 32
8 30 23 84
8 31 44 66
8 32 45 22
8 33 95 69
8 34 83 86
8 35 11 48
8 36 12 27
8 37 25 39
8 38 83 66
8 39 38 9
8 40 71 54
8 41 70 38
8 42 13 39
8 43 80 74
8 44 8 74
8 45 82 80
8 46 98 78
8 47 36 62
8 48 48 33
8 49 72 27
9 10 68 62
9 11 69 46
9 12 8 16
9 13 15 3
9 14 62 60
9 15 45 27
9 16 5 1
9 17 52 22
9 18 89 48
9 19 29 51
9 20 97 27
9 21 19 49
9 22 38 22
9 23 99 97
9 24 99 72
9 25 20 64
9 26 74 82
9 27 72 44
9 28 41 59
9 29 63 51
9 30 79 36
9 31 58 76
9 32 73 88
9 33 36 37
9 34 29 35
9 35 59 80
9 36 10 33
9 37 79 65
9 38 3 47
9 39 31 30
9 40 34 70
9 41 83 17
9 42 46 78
9 43 32 26
9 44 56 40
9 45 81 65
9 46 52 12
9 47 73 39
9 48 98 50
9 49 15 14
10 11 54 51
10 12 12 7
10 13 9 60
10 14 83 39
10 15 33 73
10 16 60 72
10 17 84 37
10 18 78 64
10 19 17 44
10 20 41 52
10 21 13 20
10 22 14 9
10 23 0 63
10 24 47 75
10 25 89 69
10 26 56 21
10 27 9 12
10 28 56 33
10 29 79 61
10 30 80 16
10 31 91 43
10 32 47 85
10 33 32 25
10 34 90 96
10 35 57 81
10 36 86 62
10 37 61 38
10 38 34 61
10 39 77 77
10 40 91 64
10 41 90 22
10 42 28 14
10 43 18 17
10 44 70 53
10 45 66 42
10 46 40 52
10 47 53 51
10 48 88 38
10 49 25 14
11 12 80 22
11 13 96 26
11 14 86 69
11 15 63 56
11 16 30 14
11 17 32 49
11 18 60 43
11 19 69 15
11 20 70 56
11 21 18 81
11 22 94 29
11 23 78 73
11 24 61 68
11 25 91 80
11 26 1 23
11 27 81 18
11 28 88 22
11 29 9 56
11 30 6 12
11 31 13 55
11 32 8 11
11 33 82 61
11 34 25 60
11 35 66 43
11 36 23 62
11 37 65 91
11 38 60 49
11 39 49 15
11 40 84 71
11 41 55 54
11 42 87 86
11 43 62 46
11 44 74 47
11 45 12 48
11 46 38 52
11 47 82 92
11 48 77 78
11 49 84 69
12 13 71 47
12 14 8 46
12 15 16 36
12 16 88 59
12 17 3 32
12 18 22 84
12 19 36 49
12 20 48 20
12 21 38 49
12 22 94 24
12 23 26 65
12 24 42 20
12 25 54 81
12 26 72 36
12 27 78 19
12 28 97 78
12 29 97 42
12 30 1 48
12 31 75 25
12 32 80 50
12 33 65 63
12 34 14 60
12 35 83 88
12 36 59 54
12 37 5 27
12 38 95 92
12 39 41 77
12 40 83 59
12 41 2 7
12 42 77 35
12 43 91 76
12 44 16 9
12 45 60 82
12 46 41 65
12 47 46 14
12 48 79 44
12 49 63 79
13 14 35 43
13 15 43 38
13 16 25 35
13 17 75 89
13 18 21 70
13 19 5 30
13 20 81 36
13 21 24 14
13 22 10 81
13 23 37 72
13 24 4 45
13 25 13 67
13 26 38 83
13 27 60 48
13 28 46 31
13 29 11 58
13 30 38 79
13 31 86 82
13 32 62 63
13 33 61 74
13 34 24 52
13 35 35 36
13 36 96 82
13 37 86 31
13 38 96 97
13 39 41 35
13 40 82 75
13 41 62 88
13 42 25 61
13 43 52 62
13 44 6 51
13 45 25 57
13 46 50 81
13 47 8 75
13 48 73 69
13 49 69 53
14 15 0 42
14 16 48 87
14 17 37 28
14 18 78 80
14 19 8 81
14 20 33 18
14 21 65 69
14 22 43 9
14 23 27 25
14 24 64 70
14 25 66 45
14 26 71 77
14 27 66 44
14 28 13 27
14 29 74 79
14 30 73 58
14 31 44 45
14 32 85 63
14 33 81 95
14 34 31 65
14 35 73 15
14 36 93 20
14 37 52 63
14 38 74 35
14 39 13 14
14 40 75 66
14 41 86 77
14 42 95 66
14 43 12 46
14 44 8 69
14 45 56 88
14 46 53 15
14 47 50 30
14 48 83 67
14 49 31 77
15 16 3 41
15 17 32 74
15 18 83 66
15 19 1 16
15 20 11 32
15 21 79 82
15 22 71 54
15 23 59 17
15 24 9 22
15 25 35 56
15 26 12 12
15 27 12 47
15 28 82 37
15 29 5 77
15 30 64 71
15 31 90 35
15 32 56 59
15 33 57 37
15 34 44 35
15 35 93 32
15 36 17 4
15 37 92 84
15 38 5 47
15 39 52 23
15 40 43 36
15 41 89 28
15 42 46 13
15 43 67 28
15 44 3 21
15 45 37 20
15 46 2 79
15 47 0 57
15 48 65 81
15 49 80 54
16 17 47 49
16 18 77 90
16 19 50 37
16 20 38 34
16 21 1 9
16 22 49 43
16 23 16 14
16 24 15 51
16 25 58 82
16 26 28 79
16 27 31 60
16 28 31 15
16 29 19 18
16 30 50 57
16 31 83 26
16 32 60 80
16 33 77 83
16 34 50 77
16 35 72 66
16 36 49 79
16 37 33 20
16 38 68 40
16 39 44 69
16 40 7 37
16 41 26 17
16 42 2 9
16 43 74 56
16 44 44 66
16 45 11 25
16 46 42 20
16 47 17 31
16 48 83 47
16 49 16 29
17 18 69 92
17 19 78 39
17 20 48 31
17 21 26 56
17 22 29 71
17 23 73 82
17 24 16 52
17 25 88 62
17 26 19 16
17 27 41 75
17 28 75 85
17 29 71 58
17 30 11 22
17 31 57 27
17 32 86 64
17 33 49 83
17 34 17 5
17 35 41 57
17 36 53 64
17 37 21 69
17 38 89 82
17 39 66 38
17 40 78 80
17 41 27 50
17 42 88 20
17 43 5 21
17 44 90 66
17 45 86 25
17 46 10 65
17 47 45 80
17 48 9 71
17 49 70 37
18 19 8 33
18 20 70 31
18 21 83 88
18 22 77 75
18 23 26 60
18 24 46 21
18 25 25 23
18 26 83 32
18 27 61 30
18 28 35 53
18 29 77 78
18 30 97 49
18 31 54 83
18 32 32 64
18 33 82 95
18 34 21 30
18 35 92 24
18 36 46 16
18 37 5 6
18 38 60 27
18 39 77 36
18 40 35 47
18 41 60 35
18 42 42 25
18 43 86 57
18 44 82 92
18 45 18 45
18 46 3 41
18 47 84 32
18 48 71 76
18 49 33 58
19 20 80 16
19 21 82 66
19 22 23 77
19 23 81 64
19 24 82 89
19 25 72 68
19 26 77 41
19 27 80 39
19 28 41 51
19 29 98 80
19 30 27 58
19 31 27 16
19 32 51 27
19 33 32 56
19 34 53 81
19 35 35 66
19 36 71 63
19 37 6 75
19 38 48 43
19 39 56 83
19 40 9 51
19 41 42 27
19 42 16 44
19 43 72 40
19 44 98 40
19 45 77 69
19 46 26 85
19 47 50 67
19 48 34 59
19 49 50 55
20 21 29 56
20 22 54 77
20 23 6 18
20 24 8 9
20 25 42 72
20 26 91 86
20 27 26 23
20 28 25 62
20 29 69 87
20 30 0 8
20 31 15 9
20 32 42 60
20 33 9 79
20 34 67 41
20 35 49 23
20 36 7 72
20 37 78 49
20 38 32 44
20 39 77 44
20 40 59 52
20 41 37 49
20 42 20 69
20 43 50 61
20 44 44 50
20 45 74 62
20 46 39 37
20 47 15 67
20 48 31 54
20 49 35 27
21 22 63 21
21 23 65 62
21 24 71 58
21 25 35 50
21 26 65 24
21 27 68 20
21 28 87 59
21 29 13 41
21 30 73 40
21 31 93 40
21 32 42 43
21 33 21 52
21 34 45 67
21 35 55 59
21 36 63 69
21 37 34 31
21 38 18 72
21 39 22 53
21 40 26 46
21 41 62 59
21 42 6 2
21 43 20 60
21 44 39 24
21 45 85 60
21 46 7 31
21 47 49 45
21 48 87 24
21 49 58 78
22 23 79 45
22 24 81 88
22 25 0 69
22 26 98 23
22 27 40 69
22 28 98 31
22 29 7 62
22 30 32 73
22 31 42 49
22 32 24 68
22 33 91 74
22 34 18 78
22 35 97 43
22 36 72 59
22 37 63 42
22 38 16 52
22 39 87 46
22 40 40 80
22 41 7 31
22 42 9 51
22 43 67 55
22 44 8 15
22 45 95 70
22 46 34 11
22 47 46 13
22 48 71 18
22 49 94 19
23 24 21 29
23 25 3 48
23 26 27 56
23 27 51 60
23 28 55 33
23 29 22 21
23 30 50 32
23 31 39 85
23 32 30 69
23 33 20 49
23 34 18 46
23 35 55 55
23 36 75 46
23 37 3 40
23 38 29 11
23 39 72 82
23 40 29 80
23 41 72 35
23 42 65 19
23 43 24 49
23 44 38 72
23 45 46 42
23 46 56 11
23 47 78 68
23 48 78 47
23 49 64 66
24 25 33 8
24 26 19 5
24 27 67 42
24 28 51 82
24 29 63 31
24 30 26 13
24 31 43 80
24 32 41 82
24 33 73 46
24 34 94 47
24 35 26 71
24 36 21 13
24 37 18 64
24 38 46 28
24 39 28 81
24 40 81 26
24 41 60 45
24 42 41 62
24 43 27 31
24 44 48 11
24 45 77 92
24 46 43 51
24 47 19 80
24 48 71 44
24 49 23 35
25 26 13 24
25 27 89 52
25 28 6 50
25 29 42 50
25 30 76 87
25 31 72 87
25 32 64 50
25 33 71 34
25 34 62 36
25 35 86 80
25 36 8 64
25 37 55 57
25 38 69 60
25 39 91 40
25 40 95 50
25 41 75 25
25 42 57 22
25 43 64 88
25 44 14 11
25 45 52 14
25 46 9 36
25 47 66 41
25 48 81 76
25 49 97 64
26 27 41 68
26 28 61 27
26 29 36 31
26 30 8 76
26 31 98 20
26 32 76 17
26 33 65 52
26 34 79 31
26 35 8 78
26 36 57 57
26 37 69 41
26 38 21 35
26 39 84 85
26 40 24 10
26 41 12 47
26 42 10 4
26 43 5 75
26 44 6 58
26 45 68 21
26 46 60 45
26 47 74 16
26 48 5 54
26 49 27 41
27 28 98 21
27 29 84 25
27 30 97 44
27 31 92 83
27 32 77 28
27 33 20 76
27 34 1 19
27 35 18 7
27 36 13 64
27 37 48 49
27 38 58 80
27 39 54 29
27 40 33 27
27 41 71 73
27 42 34 25
27 43 2 51
27 44 82 31
27 45 33 75
27 46 25 10
27 47 79 66
27 48 79 28
27 49 50 12
28 29 5 47
28 30 53 38
28 31 1 30
28 32 53 35
28 33 80 76
28 34 42 14
28 35 13 55
28 36 99 70
28 37 26 78
28 38 95 23
28 39 88 70
28 40 4 22
28 41 35 9
28 42 59 33
28 43 96 91
28 44 48 30
28 45 34 63
28 46 67 47
28 47 94 32
28 48 76 82
28 49 66 84
29 30 98 43
29 31 43 47
29 32 37 38
29 33 83 64
29 34 62 76
29 35 9 36
29 36 51 24
29 37 64 70
29 38 30 53
29 39 99 27
29 40 77 35
29 41 18 21
29 42 22 51
29 43 43 79
29 44 63 87
29 45 23 32
29 46 35 31
29 47 1 22
29 48 45 38
29 49 64 83
30 31 46 40
30 32 97 64
30 33 51 33
30 34 69 32
30 35 46 60
30 36 33 41
30 37 62 71
30 38 2 21
30 39 48 81
30 40 75 51
30 41 51 43
30 42 73 36
30 43 86 20
30 44 28 79
30 45 81 72
30 46 8 33
30 47 20 30
30 48 68 74
30 49 15 48
31 32 93 73
31 33 3 36
31 34 21 12
31 35 65 53
31 36 58 87
31 37 44 38
31 38 85 95
31 39 6 52
31 40 41 73
31 41 92 77
31 42 4 38
31 43 42 41
31 44 52 50
31 45 31 17
31 46 31 74
31 47 21 24
31 48 48 64
31 49 44 29
32 33 72 44
32 34 35 40
32 35 82 58
32 36 88 19
32 37 5 43
32 38 5 7
32 39 76 63
32 40 46 48
32 41 95 86
32 42 33 30
32 43 80 33
32 44 5 16
32 45 23 74
32 46 27 56
32 47 23 58
32 48 29 16
32 49 13 25
33 34 33 60
33 35 35 16
33 36 3 16
33 37 44 42
33 38 99 56
33 39 62 86
33 40 36 66
33 41 64 60
33 42 99 22
33 43 72 36
33 44 15 25
33 45 51 65
33 46 26 71
33 47 86 87
33 48 3 5
33 49 13 32
34 35 97 23
34 36 45 80
34 37 63 14
34 38 56 41
34 39 2 4
34 40 46 85
34 41 85 94
34 42 51 34
34 43 26 79
34 44 13 4
34 45 38 64
34 46 27 66
34 47 4 16
34 48 99 41
34 49 24 62
35 36 14 80
35 37 4 69
35 38 97 45
35 39 36 48
35 40 23 78
35 41 18 68
35 42 59 86
35 43 11 72
35 44 73 46
35 45 17 70
35 46 61 77
35 47 55 34
35 48 26 15
35 49 61 39
36 37 64 54
36 38 48 43
36 39 11 21
36 40 97 21
36 41 72 39
36 42 92 60
36 43 60 16
36 44 22 74
36 45 64 76
36 46 39 79
36 47 71 44
36 48 75 89
36 49 89 54
37 38 42 31
37 39 38 28
37 40 77 84
37 41 83 80
37 42 71 54
37 43 46 77
37 44 5 1
37 45 86 95
37 46 10 26
37 47 97 21
37 48 6 59
37 49 48 78
38 39 96 23
38 40 69 81
38 41 28 73
38 42 29 59
38 43 98 75
38 44 98 53
38 45 93 31
38 46 32 50
38 47 26 82
38 48 72 60
38 49 44 54
39 40 34 85
39 41 3 61
39 42 72 33
39 43 7 17
39 44 48 28
39 45 64 75
39 46 32 23
39 47 41 74
39 48 34 39
39 49 50 21
40 41 64 90
40 42 62 35
40 43 14 52
40 44 66 54
40 45 26 76
40 46 79 75
40 47 35 25
40 48 92 92
40 49 57 86
41 42 76 69
41 43 48 41
41 44 41 46
41 45 85 82
41 46 8 29
41 47 10 23
41 48 89 48
41 49 39 62
42 43 94 94
42 44 79 25
42 45 67 59
42 46 4 47
42 47 23 11
42 48 28 20
42 49 93 54
43 44 23 77
43 45 68 39
43 46 93 49
43 47 28 44
43 48 17 60
43 49 94 36
44 45 9 49
44 46 26 54
44 47 9 47
44 48 72 49
44 49 82 47
45 46 65 61
45 47 0 16
45 48 23 81
45 49 26 43
46 47 68 87
46 48 23 71
46 49 42 77
47 48 65 56
47 49 79 71
48 49 92 94
0
336
118 1673
119 1631
120 1593
121 1558
122 1543
123 1518
124 1503
125 1481
126 1468
127 1446
128 1436
129 1421
130 1404
131 1394
132 1379
133 1369
134 1357
135 1347
136 1332
137 1322
138 1312
139 1301
140 1291
141 1276
142 1266
143 1261
144 1246
145 1236
146 1230
147 1217
148 1207
149 1200
150 1192
151 1181
152 1171
153 1170
154 1156
155 1146
156 1144
157 1134
158 1124
159 1119
160 1113
161 1107
162 1097
163 1091
164 1086
165 1080
166 1070
167 1064
168 1058
169 1053
170 1043
171 1037
172 1031
173 1026
174 1020
175 1010
176 1009
177 999
178 993
179 992
180 982
181 977
182 971
183 966
184 959
185 950
186 948
187 939
188 933
189 931
190 922
191 920
192 912
193 909
194 899
195 898
196 888
197 882
198 881
199 871
201 861
203 854
205 846
206 845
207 841
208 838
209 834
210 830
211 826
212 824
213 821
214 817
215 816
216 809
217 808
218 804
219 801
220 797
221 793
222 789
223 788
224 784
225 780
226 779
227 773
228 772
229 768
230 764
231 760
232 759
233 755
234 752
235 750
236 744
237 743
238 740
239 735
240 734
241 732
242 730
243 725
244 723
245 722
246 718
247 715
248 713
249 711
250 708
251 706
252 703
253 701
254 698
255 696
256 695
257 693
258 690
259 688
260 685
261 683
262 680
263 678
264 677
265 675
266 673
267 670
268 668
269 667
270 664
271 662
272 659
273 657
274 655
275 652
276 650
277 649
278 647
279 645
280 643
281 641
282 639
283 636
284 634
285 631
286 629
287 628
288 626
289 624
290 622
291 621
292 619
293 617
294 615
295 612
296 610
297 607
298 605
299 603
300 601
301 600
302 598
303 596
304 594
305 593
306 591
307 589
308 587
309 584
310 582
311 579
312 577
313 576
314 574
315 572
316 570
317 569
318 567
319 565
320 564
321 562
322 560
323 559
324 557
325 555
326 554
327 552
329 549
330 548
331 547
332 545
333 543
334 542
335 540
336 539
337 537
338 536
339 534
340 533
341 531
343 528
345 526
346 525
347 523
348 522
349 520
350 519
351 517
352 516
353 514
354 513
355 511
357 508
359 507
360 506
361 504
362 503
363 501
364 500
365 498
366 497
367 495
369 492
370 491
372 488
374 487
375 486
376 484
377 483
378 481
379 480
380 479
381 477
382 475
384 472
386 471
388 468
390 466
391 465
394 460
397 459
398 456
400 454
403 453
404 450
407 449
410 448
411 445
414 443
418 442
421 438
425 437
428 436
431 432
434 431
438 430
441 426
445 425
448 424
451 422
452 420
456 419
459 418
462 416
463 414
467 413
470 412
473 410
474 408
481 406
484 404
486 403
491 402
493 401
495 399
502 397
505 395
507 394
512 393
514 392
516 391
517 390
523 389
524 388
528 386
535 384
541 383
547 381
554 379
560 378
567 376
573 375
577 374
579 373
586 371
592 370
599 368
609 366
612 365
622 363
631 362
638 361
641 360
651 358
660 357
668 356
670 355
681 353
690 352
700 350
713 349
735 348
748 347
771 346
800 345
823 344
