50
0 1 93 82
0 2 55 48
0 3 24 32
0 4 62 56
0 5 17 18
0 6 45 48
0 7 80 77
0 8 11 16
0 9 19 24
0 10 88 87
0 11 32 42
0 12 91 90
0 13 71 66
0 14 26 25
0 15 75 64
0 16 24 34
0 17 52 56
0 18 63 60
0 19 80 71
0 20 92 92
0 21 61 53
0 22 49 46
0 23 19 26
0 24 40 47
0 25 2 12
0 26 98 95
0 27 84 82
0 28 41 46
0 29 55 60
0 30 22 20
0 31 0 6
0 32 83 74
0 33 26 25
0 34 53 60
0 35 28 31
0 36 68 62
0 37 18 24
0 38 59 53
0 39 5 19
0 40 72 67
0 41 51 50
0 42 73 73
0 43 31 27
0 44 94 81
0 45 90 78
0 46 95 82
0 47 32 38
0 48 53 58
0 49 23 30
1 2 21 22
1 3 42 47
1 4 46 44
1 5 84 81
1 6 75 71
1 7 59 65
1 8 39 45
1 9 14 22
1 10 68 70
1 11 41 42
1 12 91 83
1 13 40 48
1 14 88 80
1 15 18 23
1 16 58 51
1 17 60 61
1 18 54 59
1 19 7 18
1 20 37 40
1 21 6 7
1 22 16 25
1 23 43 38
1 24 36 35
1 25 71 68
1 26 77 75
1 27 50 48
1 28 80 80
1 29 63 61
1 30 31 35
1 31 37 44
1 32 4 12
1 33 55 54
1 34 31 28
1 35 80 82
1 36 85 83
1 37 22 30
1 38 49 51
1 39 8 21
1 40 11 17
1 41 28 33
1 42 1 4
1 43 21 28
1 44 28 36
1 45 12 14
1 46 91 85
1 47 23 29
1 48 69 65
1 49 84 85
2 3 75 76
2 4 79 68
2 5 3 12
2 6 63 60
2 7 4 8
2 8 61 62
2 9 6 11
2 10 15 23
2 11 40 35
2 12 60 63
2 13 39 38
2 14 8 11
2 15 4 14
2 16 31 28
2 17 46 49
2 18 80 76
2 19 14 14
2 20 34 32
2 21 62 59
2 22 49 45
2 23 2 5
2 24 34 41
2 25 74 65
2 26 21 24
2 27 99 98
2 28 35 39
2 29 43 40
2 30 12 18
2 31 68 58
2 32 78 70
2 33 28 34
2 34 94 85
2 35 55 57
2 36 14 14
2 37 36 34
2 38 25 30
2 39 42 36
2 40 94 87
2 41 96 95
2 42 90 91
2 43 34 38
2 44 70 61
2 45 5 13
2 46 44 50
2 47 17 24
2 48 71 67
2 49 88 78
3 4 80 75
3 5 82 76
3 6 57 57
3 7 55 52
3 8 78 70
3 9 60 60
3 10 77 74
3 11 50 52
3 12 79 80
3 13 98 86
3 14 51 47
3 15 52 49
3 16 67 65
3 17 76 71
3 18 7 6
3 19 54 48
3 20 73 70
3 21 78 71
3 22 6 8
3 23 82 72
3 24 48 53
3 25 0 5
3 26 33 31
3 27 38 42
3 28 50 43
3 29 40 40
3 30 13 19
3 31 14 15
3 32 61 66
3 33 25 27
3 34 95 81
3 35 51 48
3 36 75 69
3 37 26 29
3 38 59 51
3 39 52 50
3 40 65 61
3 41 78 72
3 42 40 40
3 43 31 41
3 44 49 47
3 45 46 50
3 46 73 71
3 47 0 8
3 48 1 3
3 49 84 82
4 5 4 15
4 6 34 42
4 7 55 58
4 8 71 64
4 9 66 59
4 10 89 84
4 11 39 44
4 12 51 57
4 13 61 60
4 14 22 31
4 15 72 69
4 16 26 30
4 17 97 86
4 18 48 45
4 19 5 6
4 20 62 56
4 21 71 75
4 22 7 10
4 23 97 90
4 24 1 5
4 25 70 73
4 26 70 63
4 27 80 82
4 28 40 47
4 29 81 80
4 30 52 51
4 31 0 8
4 32 99 96
4 33 48 53
4 34 48 48
4 35 85 79
4 36 62 64
4 37 15 25
4 38 98 87
4 39 83 75
4 40 36 44
4 41 48 48
4 42 57 54
4 43 16 17
4 44 85 86
4 45 89 88
4 46 98 89
4 47 41 36
4 48 13 13
4 49 64 64
5 6 0 3
5 7 82 83
5 8 82 84
5 9 8 19
5 10 57 50
5 11 30 27
5 12 99 95
5 13 33 33
5 14 13 19
5 15 79 80
5 16 13 24
5 17 66 62
5 18 40 40
5 19 34 33
5 20 97 86
5 21 76 69
5 22 59 61
5 23 7 19
5 24 37 41
5 25 46 49
5 26 18 18
5 27 88 86
5 28 6 10
5 29 28 33
5 30 71 73
5 31 21 28
5 32 66 64
5 33 6 11
5 34 82 80
5 35 6 16
5 36 45 41
5 37 97 93
5 38 46 42
5 39 74 72
5 40 90 78
5 41 50 50
5 42 86 73
5 43 96 97
5 44 15 23
5 45 56 57
5 46 0 6
5 47 58 57
5 48 98 91
5 49 61 57
6 7 82 79
6 8 57 53
6 9 64 60
6 10 63 63
6 11 60 51
6 12 95 82
6 13 12 18
6 14 31 32
6 15 40 34
6 16 46 43
6 17 77 67
6 18 5 7
6 19 51 49
6 20 83 85
6 21 7 7
6 22 4 12
6 23 82 81
6 24 85 75
6 25 11 13
6 26 7 12
6 27 47 52
6 28 22 30
6 29 80 74
6 30 10 20
6 31 7 10
6 32 87 79
6 33 7 15
6 34 68 69
6 35 27 29
6 36 84 82
6 37 1 11
6 38 60 56
6 39 19 18
6 40 43 43
6 41 95 84
6 42 37 39
6 43 63 58
6 44 86 77
6 45 38 44
6 46 60 51
6 47 98 85
6 48 29 26
6 49 59 62
7 8 38 36
7 9 52 47
7 10 7 17
7 11 8 18
7 12 36 37
7 13 78 74
7 14 45 52
7 15 45 41
7 16 25 21
7 17 8 10
7 18 75 76
7 19 36 42
7 20 98 98
7 21 48 41
7 22 96 95
7 23 7 14
7 24 12 24
7 25 93 92
7 26 53 58
7 27 52 48
7 28 10 21
7 29 71 70
7 30 31 27
7 31 27 36
7 32 22 33
7 33 2 15
7 34 6 11
7 35 92 86
7 36 61 58
7 37 41 45
7 38 92 88
7 39 53 57
7 40 77 66
7 41 70 62
7 42 42 45
7 43 28 30
7 44 8 15
7 45 27 38
7 46 30 30
7 47 43 46
7 48 74 73
7 49 99 91
8 9 55 55
8 10 39 37
8 11 0 7
8 12 35 42
8 13 51 53
8 14 61 52
8 15 57 57
8 16 94 93
8 17 24 25
8 18 56 53
8 19 64 64
8 20 79 69
8 21 29 37
8 22 35 37
8 23 0 11
8 24 31 34
8 25 21 32
8 26 31 31
8 27 2 12
8 28 28 36
8 29 63 63
8 30 84 77
8 31 61 62
8 32 37 44
8 33 39 45
8 34 76 74
8 35 77 75
8 36 71 65
8 37 1 3
8 38 43 48
8 39 96 89
8 40 14 23
8 41 38 32
8 42 68 72
8 43 38 47
8 44 2 10
8 45 19 18
8 46 48 44
8 47 85 76
8 48 51 55
8 49 6 10
9 10 12 25
9 11 51 52
9 12 51 45
9 13 47 42
9 14 40 38
9 15 62 60
9 16 35 35
9 17 90 79
9 18 28 34
9 19 80 82
9 20 8 20
9 21 99 84
9 22 13 25
9 23 88 81
9 24 63 65
9 25 16 28
9 26 23 33
9 27 55 48
9 28 14 20
9 29 43 48
9 30 40 41
9 31 18 22
9 32 17 26
9 33 4 6
9 34 18 24
9 35 62 59
9 36 54 49
9 37 44 37
9 38 16 25
9 39 23 27
9 40 70 71
9 41 70 67
9 42 76 67
9 43 39 41
9 44 5 14
9 45 16 26
9 46 35 36
9 47 97 87
9 48 92 90
9 49 50 52
10 11 50 48
10 12 1 13
10 13 2 10
10 14 67 60
10 15 83 76
10 16 15 16
10 17 80 72
10 18 0 2
10 19 30 34
10 20 85 74
10 21 9 17
10 22 42 46
10 23 2 11
10 24 8 11
10 25 62 66
10 26 85 81
10 27 37 39
10 28 75 78
10 29 43 48
10 30 56 61
10 31 38 35
10 32 59 60
10 33 90 83
10 34 8 18
10 35 51 44
10 36 25 26
10 37 48 43
10 38 53 59
10 39 38 44
10 40 97 83
10 41 80 79
10 42 38 43
10 43 73 66
10 44 87 78
10 45 48 47
10 46 39 36
10 47 77 77
10 48 41 44
10 49 32 37
11 12 79 75
11 13 70 66
11 14 14 25
11 15 53 55
11 16 91 77
11 17 35 36
11 18 48 52
11 19 16 18
11 20 75 65
11 21 3 5
11 22 42 40
11 23 48 48
11 24 60 58
11 25 37 44
11 26 69 68
11 27 65 60
11 28 76 66
11 29 28 31
11 30 69 61
11 31 52 47
11 32 16 25
11 33 59 65
11 34 62 64
11 35 62 66
11 36 34 30
11 37 63 63
11 38 99 92
11 39 80 77
11 40 85 80
11 41 55 61
11 42 23 25
11 43 67 72
11 44 60 56
11 45 16 21
11 46 87 77
11 47 65 58
11 48 86 77
11 49 97 95
12 13 16 24
12 14 18 29
12 15 7 11
12 16 25 25
12 17 20 23
12 18 53 57
12 19 61 57
12 20 12 23
12 21 74 70
12 22 21 24
12 23 82 76
12 24 27 25
12 25 8 18
12 26 42 50
12 27 88 81
12 28 9 13
12 29 68 68
12 30 99 93
12 31 65 56
12 32 66 60
12 33 82 78
12 34 98 89
12 35 71 69
12 36 23 31
12 37 23 27
12 38 31 33
12 39 63 55
12 40 6 16
12 41 27 23
12 42 10 21
12 43 55 52
12 44 77 72
12 45 95 88
12 46 16 19
12 47 67 69
12 48 68 59
12 49 73 76
13 14 43 51
13 15 90 80
13 16 89 77
13 17 61 52
13 18 88 83
13 19 0 0
13 20 3 10
13 21 40 44
13 22 0 14
13 23 91 86
13 24 83 82
13 25 74 70
13 26 30 38
13 27 17 29
13 28 17 29
13 29 28 38
13 30 21 25
13 31 22 19
13 32 52 54
13 33 43 39
13 34 58 58
13 35 3 4
13 36 6 10
13 37 77 70
13 38 71 70
13 39 66 66
13 40 57 54
13 41 61 64
13 42 45 45
13 43 79 71
13 44 36 42
13 45 59 54
13 46 40 47
13 47 67 64
13 48 2 4
13 49 34 40
14 15 62 56
14 16 91 91
14 17 60 54
14 18 70 73
14 19 12 22
14 20 70 71
14 21 19 21
14 22 90 83
14 23 0 3
14 24 66 59
14 25 15 22
14 26 71 64
14 27 54 55
14 28 18 17
14 29 4 7
14 30 72 61
14 31 24 21
14 32 66 67
14 33 77 66
14 34 28 37
14 35 85 77
14 36 6 19
14 37 53 59
14 38 70 71
14 39 37 35
14 40 89 84
14 41 88 88
14 42 72 72
14 43 10 15
14 44 3 7
14 45 87 74
14 46 22 27
14 47 1 15
14 48 85 86
14 49 42 49
15 16 86 85
15 17 87 85
15 18 64 62
15 19 9 18
15 20 20 23
15 21 65 68
15 22 59 55
15 23 73 73
15 24 63 59
15 25 46 50
15 26 28 27
15 27 80 71
15 28 26 32
15 29 34 37
15 30 81 69
15 31 95 94
15 32 63 66
15 33 90 79
15 34 31 30
15 35 55 60
15 36 1 14
15 37 57 49
15 38 12 21
15 39 39 39
15 40 49 48
15 41 45 52
15 42 15 13
15 43 80 69
15 44 44 48
15 45 90 88
15 46 62 66
15 47 46 40
15 48 31 36
15 49 80 76
16 17 2 14
16 18 20 23
16 19 97 91
16 20 93 85
16 21 83 82
16 22 29 36
16 23 79 71
16 24 60 65
16 25 54 49
16 26 86 76
16 27 91 85
16 28 50 50
16 29 58 58
16 30 80 75
16 31 6 9
16 32 66 58
16 33 17 18
16 34 60 51
16 35 51 55
16 36 4 11
16 37 58 61
16 38 63 59
16 39 64 54
16 40 76 76
16 41 80 76
16 42 21 20
16 43 88 80
16 44 45 49
16 45 37 38
16 46 97 95
16 47 5 12
16 48 63 61
16 49 91 80
17 18 87 74
17 19 44 42
17 20 46 50
17 21 21 31
17 22 50 54
17 23 92 93
17 24 3 7
17 25 68 68
17 26 78 74
17 27 85 77
17 28 46 49
17 29 43 43
17 30 82 75
17 31 28 30
17 32 0 12
17 33 58 54
17 34 53 51
17 35 89 90
17 36 26 33
17 37 27 24
17 38 55 54
17 39 88 87
17 40 6 6
17 41 30 35
17 42 50 50
17 43 10 9
17 44 48 43
17 45 62 58
17 46 58 52
17 47 98 85
17 48 74 67
17 49 74 74
18 19 43 42
18 20 27 34
18 21 49 54
18 22 58 60
18 23 48 43
18 24 22 33
18 25 48 45
18 26 6 13
18 27 80 78
18 28 16 17
18 29 60 52
18 30 93 89
18 31 44 48
18 32 13 14
18 33 59 56
18 34 35 34
18 35 31 36
18 36 73 69
18 37 88 77
18 38 32 42
18 39 94 92
18 40 78 69
18 41 17 20
18 42 60 56
18 43 17 29
18 44 37 34
18 45 83 78
18 46 11 14
18 47 21 30
18 48 87 75
18 49 83 72
19 20 53 57
19 21 24 28
19 22 47 44
19 23 79 78
19 24 70 74
19 25 42 48
19 26 44 44
19 27 82 81
19 28 37 40
19 29 25 34
19 30 7 12
19 31 76 78
19 32 78 66
19 33 24 26
19 34 76 72
19 35 68 70
19 36 33 34
19 37 45 47
19 38 91 77
19 39 4 16
19 40 79 80
19 41 94 89
19 42 68 65
19 43 59 53
19 44 88 83
19 45 91 91
19 46 51 51
19 47 81 75
19 48 1 13
19 49 1 6
20 21 62 53
20 22 39 44
20 23 56 61
20 24 60 61
20 25 30 38
20 26 37 34
20 27 22 33
20 28 30 38
20 29 42 47
20 30 97 91
20 31 19 19
20 32 16 20
20 33 64 64
20 34 41 41
20 35 72 63
20 36 34 39
20 37 94 91
20 38 88 85
20 39 60 57
20 40 2 8
20 41 18 28
20 42 88 87
20 43 6 12
20 44 42 45
20 45 54 58
20 46 31 30
20 47 65 66
20 48 7 19
20 49 38 43
21 22 59 60
21 23 73 68
21 24 42 45
21 25 5 4
21 26 20 23
21 27 45 46
21 28 13 20
21 29 59 60
21 30 7 17
21 31 87 81
21 32 41 48
21 33 68 60
21 34 86 78
21 35 13 19
21 36 12 15
21 37 26 29
21 38 27 29
21 39 49 56
21 40 86 86
21 41 28 25
21 42 35 43
21 43 9 17
21 44 69 65
21 45 2 10
21 46 15 17
21 47 50 49
21 48 61 66
21 49 81 78
22 23 74 65
22 24 48 48
22 25 40 36
22 26 11 15
22 27 35 33
22 28 53 59
22 29 71 72
22 30 11 19
22 31 16 25
22 32 1 8
22 33 25 33
22 34 96 87
22 35 1 11
22 36 81 72
22 37 5 16
22 38 59 54
22 39 57 60
22 40 11 16
22 41 48 46
22 42 96 91
22 43 3 11
22 44 57 54
22 45 87 74
22 46 28 25
22 47 89 77
22 48 41 46
22 49 86 87
23 24 38 42
23 25 48 41
23 26 78 79
23 27 10 20
23 28 17 25
23 29 48 51
23 30 45 45
23 31 17 28
23 32 2 10
23 33 51 50
23 34 36 37
23 35 69 61
23 36 67 65
23 37 30 28
23 38 86 74
23 39 30 27
23 40 63 62
23 41 68 67
23 42 49 43
23 43 67 66
23 44 78 74
23 45 94 85
23 46 63 58
23 47 81 81
23 48 51 44
23 49 33 29
24 25 11 16
24 26 16 17
24 27 37 40
24 28 15 21
24 29 37 43
24 30 41 38
24 31 74 73
24 32 16 18
24 33 77 71
24 34 74 75
24 35 57 53
24 36 69 73
24 37 30 25
24 38 40 47
24 39 52 50
24 40 2 14
24 41 60 64
24 42 93 82
24 43 31 34
24 44 62 66
24 45 15 15
24 46 54 48
24 47 48 49
24 48 45 41
24 49 15 24
25 26 34 44
25 27 98 91
25 28 71 65
25 29 33 38
25 30 36 40
25 31 14 15
25 32 78 79
25 33 46 47
25 34 55 48
25 35 21 26
25 36 82 74
25 37 78 71
25 38 86 79
25 39 20 28
25 40 60 57
25 41 80 77
25 42 38 45
25 43 2 4
25 44 3 11
25 45 82 72
25 46 91 90
25 47 33 31
25 48 69 64
25 49 91 83
26 27 31 38
26 28 52 52
26 29 70 69
26 30 38 39
26 31 5 9
26 32 16 28
26 33 87 83
26 34 52 50
26 35 11 19
26 36 35 33
26 37 56 53
26 38 12 24
26 39 16 28
26 40 48 41
26 41 54 61
26 42 90 91
26 43 78 68
26 44 98 97
26 45 31 39
26 46 62 57
26 47 13 22
26 48 43 44
26 49 34 34
27 28 25 29
27 29 18 28
27 30 16 26
27 31 3 14
27 32 71 73
27 33 52 50
27 34 17 15
27 35 57 54
27 36 4 6
27 37 11 14
27 38 48 45
27 39 53 54
27 40 32 29
27 41 0 7
27 42 46 43
27 43 22 27
27 44 41 45
27 45 36 44
27 46 66 59
27 47 41 49
27 48 79 77
27 49 29 39
28 29 44 40
28 30 17 18
28 31 25 28
28 32 68 67
28 33 76 75
28 34 12 15
28 35 91 83
28 36 54 52
28 37 37 34
28 38 66 58
28 39 58 56
28 40 31 30
28 41 89 81
28 42 3 12
28 43 25 22
28 44 73 74
28 45 5 13
28 46 27 31
28 47 49 55
28 48 21 32
28 49 96 92
29 30 8 7
29 31 55 61
29 32 87 78
29 33 24 22
29 34 8 16
29 35 77 77
29 36 96 85
29 37 7 19
29 38 90 90
29 39 74 68
29 40 4 12
29 41 98 97
29 42 81 71
29 43 21 20
29 44 96 85
29 45 17 25
29 46 76 69
29 47 27 31
29 48 7 20
29 49 84 83
30 31 14 16
30 32 32 41
30 33 25 30
30 34 97 96
30 35 74 73
30 36 28 37
30 37 65 64
30 38 12 13
30 39 19 16
30 40 6 13
30 41 72 68
30 42 24 29
30 43 17 21
30 44 39 43
30 45 15 23
30 46 53 58
30 47 31 28
30 48 45 46
30 49 3 7
31 32 95 94
31 33 96 89
31 34 9 9
31 35 34 42
31 36 50 45
31 37 81 73
31 38 22 23
31 39 92 85
31 40 66 69
31 41 72 74
31 42 19 29
31 43 89 86
31 44 98 87
31 45 77 78
31 46 54 52
31 47 25 22
31 48 65 63
31 49 2 4
32 33 2 15
32 34 78 79
32 35 48 54
32 36 19 30
32 37 65 69
32 38 9 17
32 39 69 65
32 40 85 86
32 41 71 75
32 42 83 73
32 43 51 53
32 44 21 30
32 45 97 90
32 46 74 73
32 47 48 43
32 48 30 27
32 49 53 56
33 34 68 69
33 35 57 64
33 36 43 48
33 37 16 20
33 38 45 50
33 39 1 5
33 40 4 6
33 41 43 46
33 42 15 19
33 43 0 13
33 44 51 50
33 45 93 88
33 46 93 85
33 47 52 56
33 48 73 67
33 49 34 44
34 35 84 82
34 36 43 42
34 37 76 75
34 38 93 85
34 39 63 57
34 40 72 73
34 41 92 86
34 42 7 18
34 43 68 60
34 44 97 95
34 45 92 79
34 46 27 33
34 47 51 52
34 48 95 94
34 49 12 11
35 36 71 69
35 37 30 31
35 38 31 28
35 39 92 84
35 40 57 62
35 41 29 29
35 42 11 20
35 43 48 49
35 44 54 59
35 45 31 34
35 46 29 32
35 47 42 50
35 48 62 60
35 49 43 50
36 37 57 59
36 38 40 41
36 39 75 65
36 40 7 16
36 41 12 12
36 42 83 76
36 43 83 75
36 44 86 87
36 45 84 74
36 46 86 84
36 47 59 51
36 48 1 12
36 49 4 10
37 38 97 87
37 39 30 34
37 40 0 9
37 41 19 29
37 42 59 54
37 43 51 44
37 44 25 23
37 45 74 72
37 46 56 55
37 47 1 13
37 48 19 21
37 49 60 59
38 39 78 68
38 40 6 10
38 41 71 73
38 42 17 28
38 43 6 19
38 44 81 80
38 45 1 7
38 46 7 20
38 47 73 74
38 48 8 9
38 49 23 32
39 40 3 4
39 41 31 38
39 42 93 80
39 43 74 74
39 44 61 54
39 45 13 23
39 46 32 38
39 47 22 31
39 48 82 79
39 49 41 37
40 41 0 5
40 42 78 78
40 43 36 31
40 44 24 25
40 45 68 71
40 46 43 44
40 47 5 9
40 48 55 50
40 49 14 25
41 42 40 40
41 43 13 13
41 44 39 37
41 45 89 82
41 46 82 72
41 47 22 20
41 48 92 78
41 49 94 92
42 43 36 35
42 44 90 77
42 45 64 55
42 46 82 70
42 47 49 55
42 48 95 96
42 49 15 17
43 44 82 81
43 45 58 57
43 46 58 61
43 47 13 24
43 48 45 47
43 49 38 46
44 45 33 30
44 46 29 25
44 47 6 12
44 48 0 0
44 49 37 40
45 46 85 81
45 47 88 80
45 48 51 56
45 49 31 34
46 47 41 35
46 48 21 31
46 49 86 81
47 48 74 72
47 49 75 66
48 49 71 74
0
52
63 386
64 377
65 374
66 368
67 367
68 361
69 358
70 354
71 351
72 349
73 346
74 345
75 342
76 340
77 339
78 336
79 334
80 333
81 330
82 329
83 327
84 326
85 324
86 323
87 322
88 320
89 319
90 318
91 317
92 316
93 315
94 314
95 313
96 312
98 311
99 310
100 309
101 308
103 307
104 306
106 305
107 304
110 303
111 302
113 301
116 300
117 299
119 298
122 297
123 296
128 294
134 293
