50
0 1 22 11
0 2 91 61
0 3 53 40
0 4 95 89
0 5 37 31
0 6 54 33
0 7 43 70
0 8 52 40
0 9 74 79
0 10 0 11
0 11 61 79
0 12 59 76
0 13 95 65
0 14 40 49
0 15 6 39
0 16 57 77
0 17 33 32
0 18 30 53
0 19 73 77
0 20 44 33
0 21 0 43
0 22 94 91
0 23 82 56
0 24 12 7
0 25 32 18
0 26 76 73
0 27 73 69
0 28 11 11
0 29 65 34
0 30 26 41
0 31 81 89
0 32 52 59
0 33 30 23
0 34 69 71
0 35 64 50
0 36 54 68
0 37 93 81
0 38 23 26
0 39 98 69
0 40 92 61
0 41 6 43
0 42 99 54
0 43 33 61
0 44 3 3
0 45 47 57
0 46 74 48
0 47 41 32
0 48 81 50
0 49 24 44
1 2 44 54
1 3 85 65
1 4 49 59
1 5 29 39
1 6 9 20
1 7 0 33
1 8 36 64
1 9 93 64
1 10 46 48
1 11 4 10
1 12 34 49
1 13 62 80
1 14 69 44
1 15 9 13
1 16 12 14
1 17 47 53
1 18 80 54
1 19 66 61
1 20 97 58
1 21 97 65
1 22 65 70
1 23 94 59
1 24 90 71
1 25 53 30
1 26 17 52
1 27 84 83
1 28 3 49
1 29 48 46
1 30 61 35
1 31 22 23
1 32 56 67
1 33 6 21
1 34 59 38
1 35 63 53
1 36 47 31
1 37 22 56
1 38 87 85
1 39 79 58
1 40 91 89
1 41 71 67
1 42 21 25
1 43 78 51
1 44 4 40
1 45 67 60
1 46 79 45
1 47 51 59
1 48 30 63
1 49 98 74
2 3 21 53
2 4 97 89
2 5 23 33
2 6 65 74
2 7 16 53
2 8 69 45
2 9 76 83
2 10 54 59
2 11 88 85
2 12 81 85
2 13 83 45
2 14 54 36
2 15 18 49
2 16 30 50
2 17 96 79
2 18 77 81
2 19 35 41
2 20 18 13
2 21 48 72
2 22 14 31
2 23 94 63
2 24 80 49
2 25 43 50
2 26 6 20
2 27 46 32
2 28 70 42
2 29 43 34
2 30 45 68
2 31 29 40
2 32 23 35
2 33 26 61
2 34 61 47
2 35 23 13
2 36 38 23
2 37 69 77
2 38 34 33
2 39 2 17
2 40 50 63
2 41 31 45
2 42 33 17
2 43 39 62
2 44 31 33
2 45 65 51
2 46 59 47
2 47 43 26
2 48 14 32
2 49 49 66
3 4 83 85
3 5 34 46
3 6 52 31
3 7 50 67
3 8 22 31
3 9 49 25
3 10 74 59
3 11 3 3
3 12 84 70
3 13 85 59
3 14 52 49
3 15 28 37
3 16 45 36
3 17 24 42
3 18 94 79
3 19 15 8
3 20 12 23
3 21 22 35
3 22 16 10
3 23 28 32
3 24 62 68
3 25 67 59
3 26 75 65
3 27 19 52
3 28 39 58
3 29 66 37
3 30 65 80
3 31 95 73
3 32 0 48
3 33 92 52
3 34 22 38
3 35 72 43
3 36 77 82
3 37 91 72
3 38 63 64
3 39 17 52
3 40 2 19
3 41 93 72
3 42 95 97
3 43 90 65
3 44 66 59
3 45 75 77
3 46 44 68
3 47 20 43
3 48 26 34
3 49 58 36
4 5 32 63
4 6 59 53
4 7 63 61
4 8 61 49
4 9 82 79
4 10 88 55
4 11 45 56
4 12 30 38
4 13 62 66
4 14 80 41
4 15 51 62
4 16 40 21
4 17 44 57
4 18 62 75
4 19 88 50
4 20 42 59
4 21 98 92
4 22 34 38
4 23 40 66
4 24 81 62
4 25 74 44
4 26 22 13
4 27 18 53
4 28 58 59
4 29 33 29
4 30 8 13
4 31 61 62
4 32 34 47
4 33 50 31
4 34 34 45
4 35 47 72
4 36 19 28
4 37 11 6
4 38 87 61
4 39 9 43
4 40 58 49
4 41 24 16
4 42 51 71
4 43 72 66
4 44 47 58
4 45 58 45
4 46 55 65
4 47 80 43
4 48 76 83
4 49 7 30
5 6 60 66
5 7 79 54
5 8 63 38
5 9 44 33
5 10 65 75
5 11 5 18
5 12 40 50
5 13 91 75
5 14 77 64
5 15 58 30
5 16 65 69
5 17 9 35
5 18 49 36
5 19 22 22
5 20 78 63
5 21 51 52
5 22 88 87
5 23 11 33
5 24 29 31
5 25 31 55
5 26 27 50
5 27 75 58
5 28 0 36
5 29 53 46
5 30 7 44
5 31 10 32
5 32 18 10
5 33 89 51
5 34 3 34
5 35 36 54
5 36 96 79
5 37 44 44
5 38 60 68
5 39 7 32
5 40 30 53
5 41 94 83
5 42 4 33
5 43 1 21
5 44 75 53
5 45 5 6
5 46 50 66
5 47 74 56
5 48 87 87
5 49 39 23
6 7 53 52
6 8 6 35
6 9 51 32
6 10 75 60
6 11 90 58
6 12 26 32
6 13 13 7
6 14 79 68
6 15 1 3
6 16 77 44
6 17 62 79
6 18 64 57
6 19 92 67
6 20 67 50
6 21 76 69
6 22 25 43
6 23 49 31
6 24 44 24
6 25 57 52
6 26 46 61
6 27 21 50
6 28 13 14
6 29 14 25
6 30 31 57
6 31 65 33
6 32 90 57
6 33 12 27
6 34 83 50
6 35 77 60
6 36 81 75
6 37 35 35
6 38 92 51
6 39 60 61
6 40 90 79
6 41 56 60
6 42 51 40
6 43 0 26
6 44 16 29
6 45 80 45
6 46 92 48
6 47 30 33
6 48 57 35
6 49 37 52
7 8 62 63
7 9 99 97
7 10 26 28
7 11 68 58
7 12 74 50
7 13 88 51
7 14 67 40
7 15 60 51
7 16 86 57
7 17 60 64
7 18 97 68
7 19 27 53
7 20 17 21
7 21 57 43
7 22 58 42
7 23 5 19
7 24 76 59
7 25 50 43
7 26 63 80
7 27 8 53
7 28 45 30
7 29 64 48
7 30 22 43
7 31 71 38
7 32 11 38
7 33 58 41
7 34 93 60
7 35 8 4
7 36 33 31
7 37 27 28
7 38 26 28
7 39 94 56
7 40 28 37
7 41 57 55
7 42 48 65
7 43 76 55
7 44 30 58
7 45 77 79
7 46 76 67
7 47 16 53
7 48 56 75
7 49 94 87
8 9 58 40
8 10 64 51
8 11 71 60
8 12 37 53
8 13 68 41
8 14 40 42
8 15 4 48
8 16 21 57
8 17 2 29
8 18 90 61
8 19 51 71
8 20 7 51
8 21 30 27
8 22 31 20
8 23 71 49
8 24 42 67
8 25 53 50
8 26 36 53
8 27 21 43
8 28 34 38
8 29 68 73
8 30 52 34
8 31 45 59
8 32 93 54
8 33 75 48
8 34 21 56
8 35 7 32
8 36 11 48
8 37 49 42
8 38 78 45
8 39 93 53
8 40 53 72
8 41 21 40
8 42 70 38
8 43 38 37
8 44 93 69
8 45 77 52
8 46 94 67
8 47 65 61
8 48 93 82
8 49 69 69
9 10 45 25
9 11 27 59
9 12 47 31
9 13 35 34
9 14 63 52
9 15 74 59
9 16 20 39
9 17 39 62
9 18 52 51
9 19 94 79
9 20 32 43
9 21 19 32
9 22 1 46
9 23 70 83
9 24 4 51
9 25 22 16
9 26 33 55
9 27 48 25
9 28 17 41
9 29 19 43
9 30 48 27
9 31 57 69
9 32 68 36
9 33 50 62
9 34 42 64
9 35 38 25
9 36 16 56
9 37 70 73
9 38 66 73
9 39 97 90
9 40 33 43
9 41 19 18
9 42 84 61
9 43 74 48
9 44 24 58
9 45 99 85
9 46 72 53
9 47 64 74
9 48 16 27
9 49 79 89
10 11 48 43
10 12 55 53
10 13 20 47
10 14 43 34
10 15 96 96
10 16 82 84
10 17 24 54
10 18 55 61
10 19 24 20
10 20 48 25
10 21 47 33
10 22 68 70
10 23 71 57
10 24 22 22
10 25 73 56
10 26 64 78
10 27 36 48
10 28 4 20
10 29 38 55
10 30 5 17
10 31 2 4
10 32 63 34
10 33 7 31
10 34 19 15
10 35 73 71
10 36 93 92
10 37 78 51
10 38 1 44
10 39 26 32
10 40 70 54
10 41 11 47
10 42 99 54
10 43 88 85
10 44 99 93
10 45 75 76
10 46 13 31
10 47 95 51
10 48 46 30
10 49 21 11
11 12 45 54
11 13 66 43
11 14 33 28
11 15 14 17
11 16 80 44
11 17 54 71
11 18 10 46
11 19 12 23
11 20 97 73
11 21 69 35
11 22 65 72
11 23 92 80
11 24 51 54
11 25 6 8
11 26 65 46
11 27 46 69
11 28 22 26
11 29 88 46
11 30 21 13
11 31 21 34
11 32 17 16
11 33 78 88
11 34 15 48
11 35 29 29
11 36 9 54
11 37 53 48
11 38 38 52
11 39 78 46
11 40 69 58
11 41 56 54
11 42 60 37
11 43 28 47
11 44 26 26
11 45 88 85
11 46 27 51
11 47 25 18
11 48 36 35
11 49 70 42
12 13 41 36
12 14 44 42
12 15 50 44
12 16 24 36
12 17 58 29
12 18 4 33
12 19 69 74
12 20 18 45
12 21 97 92
12 22 29 59
12 23 2 12
12 24 38 22
12 25 58 35
12 26 80 40
12 27 83 77
12 28 81 85
12 29 5 38
12 30 64 49
12 31 11 16
12 32 85 80
12 33 65 35
12 34 20 17
12 35 6 29
12 36 84 82
12 37 82 85
12 38 27 14
12 39 7 7
12 40 50 73
12 41 82 42
12 42 38 51
12 43 90 86
12 44 79 54
12 45 51 69
12 46 54 29
12 47 15 55
12 48 91 88
12 49 86 53
13 14 70 62
13 15 61 38
13 16 57 58
13 17 87 76
13 18 54 35
13 19 97 75
13 20 74 70
13 21 67 68
13 22 59 73
13 23 31 45
13 24 89 72
13 25 97 51
13 26 67 59
13 27 84 65
13 28 15 9
13 29 80 71
13 30 86 64
13 31 18 39
13 32 57 58
13 33 32 42
13 34 50 64
13 35 62 38
13 36 50 61
13 37 51 49
13 38 58 59
13 39 48 57
13 40 75 67
13 41 91 52
13 42 14 9
13 43 33 33
13 44 36 60
13 45 92 71
13 46 65 57
13 47 10 8
13 48 16 11
13 49 37 61
14 15 70 51
14 16 90 75
14 17 64 73
14 18 52 61
14 19 86 85
14 20 55 67
14 21 57 78
14 22 60 32
14 23 47 58
14 24 35 52
14 25 3 24
14 26 40 64
14 27 61 69
14 28 27 55
14 29 69 63
14 30 38 58
14 31 97 57
14 32 95 52
14 33 85 63
14 34 25 15
14 35 62 64
14 36 73 78
14 37 49 33
14 38 4 31
14 39 72 74
14 40 88 57
14 41 45 23
14 42 9 32
14 43 91 87
14 44 7 44
14 45 96 57
14 46 28 64
14 47 95 47
14 48 60 62
14 49 76 57
15 16 30 25
15 17 78 40
15 18 76 57
15 19 86 58
15 20 55 32
15 21 18 12
15 22 79 48
15 23 78 86
15 24 78 69
15 25 6 34
15 26 31 45
15 27 93 57
15 28 88 70
15 29 13 20
15 30 54 28
15 31 35 52
15 32 20 37
15 33 83 47
15 34 73 60
15 35 95 75
15 36 22 24
15 37 42 61
15 38 99 88
15 39 5 20
15 40 51 34
15 41 44 50
15 42 80 54
15 43 89 56
15 44 66 68
15 45 72 69
15 46 83 81
15 47 30 20
15 48 91 93
15 49 44 44
16 17 75 83
16 18 38 68
16 19 52 58
16 20 96 61
16 21 49 40
16 22 89 64
16 23 25 44
16 24 86 87
16 25 66 65
16 26 55 73
16 27 65 34
16 28 50 60
16 29 46 29
16 30 75 86
16 31 21 56
16 32 55 42
16 33 75 84
16 34 3 42
16 35 81 72
16 36 9 39
16 37 93 77
16 38 84 55
16 39 26 32
16 40 0 1
16 41 96 77
16 42 79 71
16 43 22 20
16 44 9 8
16 45 70 79
16 46 98 79
16 47 36 50
16 48 59 77
16 49 7 3
17 18 30 19
17 19 26 16
17 20 43 58
17 21 72 40
17 22 36 48
17 23 23 26
17 24 0 44
17 25 22 11
17 26 54 50
17 27 46 37
17 28 45 67
17 29 27 42
17 30 14 38
17 31 60 70
17 32 43 47
17 33 65 62
17 34 9 21
17 35 83 46
17 36 83 44
17 37 91 71
17 38 35 29
17 39 15 38
17 40 28 49
17 41 52 59
17 42 11 16
17 43 14 30
17 44 31 55
17 45 62 63
17 46 42 60
17 47 30 32
17 48 35 54
17 49 86 92
18 19 10 44
18 20 52 70
18 21 83 55
18 22 39 63
18 23 46 51
18 24 3 35
18 25 32 51
18 26 89 60
18 27 20 52
18 28 69 54
18 29 64 33
18 30 20 41
18 31 98 58
18 32 41 50
18 33 14 30
18 34 26 24
18 35 61 67
18 36 3 44
18 37 41 38
18 38 13 49
18 39 32 34
18 40 27 47
18 41 51 44
18 42 16 46
18 43 36 35
18 44 43 49
18 45 99 69
18 46 47 54
18 47 17 45
18 48 45 57
18 49 17 10
19 20 44 65
19 21 78 51
19 22 2 42
19 23 56 29
19 24 87 82
19 25 97 55
19 26 20 59
19 27 45 62
19 28 93 80
19 29 31 52
19 30 27 18
19 31 99 57
19 32 47 67
19 33 13 27
19 34 9 29
19 35 63 35
19 36 36 39
19 37 32 24
19 38 91 86
19 39 27 19
19 40 72 69
19 41 54 35
19 42 24 35
19 43 99 75
19 44 16 53
19 45 17 49
19 46 2 10
19 47 19 32
19 48 86 56
19 49 48 53
20 21 23 32
20 22 56 49
20 23 25 22
20 24 32 46
20 25 33 63
20 26 16 27
20 27 78 87
20 28 41 69
20 29 50 72
20 30 98 76
20 31 18 34
20 32 35 29
20 33 51 56
20 34 12 55
20 35 32 63
20 36 21 12
20 37 44 48
20 38 36 51
20 39 30 52
20 40 18 30
20 41 26 13
20 42 29 28
20 43 81 68
20 44 6 24
20 45 5 15
20 46 93 71
20 47 89 76
20 48 93 71
20 49 27 33
21 22 77 53
21 23 89 49
21 24 89 83
21 25 32 21
21 26 45 51
21 27 59 33
21 28 9 49
21 29 9 26
21 30 39 22
21 31 39 67
21 32 61 58
21 33 3 41
21 34 83 76
21 35 38 67
21 36 17 18
21 37 34 34
21 38 20 59
21 39 99 62
21 40 13 55
21 41 0 7
21 42 89 64
21 43 0 41
21 44 59 30
21 45 95 87
21 46 91 53
21 47 52 41
21 48 83 62
21 49 79 65
22 23 28 31
22 24 24 13
22 25 95 78
22 26 18 20
22 27 83 84
22 28 78 70
22 29 37 67
22 30 5 52
22 31 42 40
22 32 57 65
22 33 60 76
22 34 90 64
22 35 86 55
22 36 10 50
22 37 65 40
22 38 35 29
22 39 58 61
22 40 52 36
22 41 50 33
22 42 74 47
22 43 22 55
22 44 9 24
22 45 33 56
22 46 86 71
22 47 68 46
22 48 38 61
22 49 93 65
23 24 23 58
23 25 80 42
23 26 49 36
23 27 8 47
23 28 85 89
23 29 5 6
23 30 63 32
23 31 76 80
23 32 28 59
23 33 98 86
23 34 24 54
23 35 10 19
23 36 0 47
23 37 51 66
23 38 25 47
23 39 11 17
23 40 96 86
23 41 92 65
23 42 62 48
23 43 42 39
23 44 92 57
23 45 63 71
23 46 7 25
23 47 99 55
23 48 60 49
23 49 0 6
24 25 54 75
24 26 7 50
24 27 28 42
24 28 56 61
24 29 85 87
24 30 38 53
24 31 96 50
24 32 8 28
24 33 83 75
24 34 6 8
24 35 83 61
24 36 78 78
24 37 67 71
24 38 79 41
24 39 12 36
24 40 92 75
24 41 28 43
24 42 20 40
24 43 21 57
24 44 56 65
24 45 35 59
24 46 57 76
24 47 12 19
24 48 64 71
24 49 54 65
25 26 76 84
25 27 92 67
25 28 12 45
25 29 34 62
25 30 19 36
25 31 68 53
25 32 35 39
25 33 27 56
25 34 72 58
25 35 28 23
25 36 80 66
25 37 66 77
25 38 83 84
25 39 40 24
25 40 20 48
25 41 28 24
25 42 49 44
25 43 62 81
25 44 35 52
25 45 46 56
25 46 8 30
25 47 13 48
25 48 89 81
25 49 58 68
26 27 40 23
26 28 93 50
26 29 52 56
26 30 75 83
26 31 73 66
26 32 12 11
26 33 46 42
26 34 51 58
26 35 20 41
26 36 65 43
26 37 22 32
26 38 9 6
26 39 96 66
26 40 17 39
26 41 0 38
26 42 17 41
26 43 97 69
26 44 19 38
26 45 51 51
26 46 76 75
26 47 36 33
26 48 49 45
26 49 45 34
27 28 73 76
27 29 97 84
27 30 51 60
27 31 82 86
27 32 99 92
27 33 14 10
27 34 17 49
27 35 67 42
27 36 4 46
27 37 22 57
27 38 73 59
27 39 33 51
27 40 75 42
27 41 12 25
27 42 91 92
27 43 63 81
27 44 48 26
27 45 12 27
27 46 78 87
27 47 55 49
27 48 40 42
27 49 51 51
28 29 89 58
28 30 72 43
28 31 96 48
28 32 82 75
28 33 82 90
28 34 72 66
28 35 88 56
28 36 81 64
28 37 95 64
28 38 4 50
28 39 6 20
28 40 51 70
28 41 23 32
28 42 21 30
28 43 59 36
28 44 56 43
28 45 78 84
28 46 31 60
28 47 37 47
28 48 71 59
28 49 64 78
29 30 94 81
29 31 73 82
29 32 91 74
29 33 13 24
29 34 87 65
29 35 25 15
29 36 5 38
29 37 83 43
29 38 99 87
29 39 5 25
29 40 90 64
29 41 26 23
29 42 11 26
29 43 26 46
29 44 55 54
29 45 69 45
29 46 57 64
29 47 1 41
29 48 95 86
29 49 44 50
30 31 54 35
30 32 77 41
30 33 36 41
30 34 53 42
30 35 87 54
30 36 94 97
30 37 53 63
30 38 95 93
30 39 59 57
30 40 15 44
30 41 28 58
30 42 94 79
30 43 85 44
30 44 92 92
30 45 31 48
30 46 88 80
30 47 87 63
30 48 36 19
30 49 16 16
31 32 28 59
31 33 76 75
31 34 52 26
31 35 80 85
31 36 74 66
31 37 57 43
31 38 88 53
31 39 34 33
31 40 54 51
31 41 49 57
31 42 14 50
31 43 95 61
31 44 45 44
31 45 42 62
31 46 23 34
31 47 41 24
31 48 84 54
31 49 45 47
32 33 79 42
32 34 82 42
32 35 12 24
32 36 86 77
32 37 33 17
32 38 46 58
32 39 11 45
32 40 20 43
32 41 6 52
32 42 56 29
32 43 57 42
32 44 47 36
32 45 41 61
32 46 67 77
32 47 4 19
32 48 2 33
32 49 43 34
33 34 1 29
33 35 34 57
33 36 31 54
33 37 24 30
33 38 70 39
33 39 16 20
33 40 79 62
33 41 53 75
33 42 83 59
33 43 11 49
33 44 62 66
33 45 77 59
33 46 39 55
33 47 94 64
33 48 22 52
33 49 5 37
34 35 57 74
34 36 64 65
34 37 59 34
34 38 89 51
34 39 65 75
34 40 8 28
34 41 23 20
34 42 67 46
34 43 99 73
34 44 64 77
34 45 5 35
34 46 89 79
34 47 21 42
34 48 2 19
34 49 78 86
35 36 49 41
35 37 50 47
35 38 13 53
35 39 63 36
35 40 69 38
35 41 48 38
35 42 80 49
35 43 18 46
35 44 45 53
35 45 73 46
35 46 64 58
35 47 96 92
35 48 8 25
35 49 94 84
36 37 75 49
36 38 58 39
36 39 0 11
36 40 65 76
36 41 13 8
36 42 34 18
36 43 94 61
36 44 0 35
36 45 76 76
36 46 90 77
36 47 41 63
36 48 93 55
36 49 53 41
37 38 10 39
37 39 85 49
37 40 79 43
37 41 73 45
37 42 14 41
37 43 54 57
37 44 7 52
37 45 35 30
37 46 8 44
37 47 75 44
37 48 17 46
37 49 51 40
38 39 25 21
38 40 12 9
38 41 76 64
38 42 13 31
38 43 34 19
38 44 31 45
38 45 81 75
38 46 42 42
38 47 14 32
38 48 65 75
38 49 6 34
39 40 73 49
39 41 60 77
39 42 67 79
39 43 71 81
39 44 60 60
39 45 78 80
39 46 17 55
39 47 31 34
39 48 32 37
39 49 4 34
40 41 27 53
40 42 74 78
40 43 61 76
40 44 43 54
40 45 25 42
40 46 45 27
40 47 10 52
40 48 96 70
40 49 21 60
41 42 35 66
41 43 65 42
41 44 24 14
41 45 86 90
41 46 67 45
41 47 1 5
41 48 19 12
41 49 1 22
42 43 91 53
42 44 4 12
42 45 3 39
42 46 97 55
42 47 59 37
42 48 49 55
42 49 36 49
43 44 90 83
43 45 73 55
43 46 62 54
43 47 76 41
43 48 45 26
43 49 4 32
44 45 55 58
44 46 27 26
44 47 94 56
44 48 19 24
44 49 44 41
45 46 95 79
45 47 18 41
45 48 24 31
45 49 9 35
46 47 95 66
46 48 16 39
46 49 40 23
47 48 89 45
47 49 50 40
48 49 93 91
0
233
103 1342
104 1303
105 1286
106 1270
107 1253
108 1238
109 1226
110 1209
111 1194
112 1183
113 1169
114 1158
115 1146
116 1133
117 1123
118 1110
119 1100
120 1087
121 1079
122 1064
123 1061
124 1052
125 1038
126 1029
127 1026
128 1018
129 1003
130 1001
131 999
132 987
133 980
134 973
135 971
136 958
137 956
138 950
139 945
140 935
141 933
143 922
144 920
145 912
146 909
147 901
148 897
149 895
150 888
151 884
152 882
153 874
154 872
155 863
156 861
157 859
158 858
159 851
160 845
161 843
163 838
164 833
165 827
166 825
167 823
168 822
169 815
170 809
171 807
173 805
174 797
175 795
176 791
177 789
178 788
179 782
180 779
181 777
182 775
183 770
184 768
185 764
186 762
187 761
188 756
189 752
190 750
191 748
192 746
193 744
194 738
195 736
196 734
197 732
198 729
199 727
200 724
201 720
202 718
203 715
204 713
205 710
206 708
207 706
208 704
209 701
210 697
211 695
212 692
213 690
215 689
216 683
217 681
218 678
219 676
220 675
221 673
222 672
223 669
224 666
225 664
226 661
227 659
229 658
230 655
231 652
232 650
233 647
234 645
236 644
237 641
238 639
239 636
240 634
242 633
243 631
244 628
245 626
246 625
247 622
249 621
250 619
251 616
252 614
253 611
256 608
257 606
258 603
260 602
261 600
262 598
263 597
265 594
266 592
267 590
269 588
270 586
271 583
274 580
275 578
276 575
278 574
279 572
280 570
281 569
283 566
284 564
285 562
287 561
288 560
289 556
291 555
292 553
294 552
295 551
296 547
299 545
301 542
303 541
304 538
307 536
308 533
311 531
312 530
315 527
316 525
319 523
323 519
326 517
330 515
334 514
336 511
339 509
343 507
347 506
350 503
353 501
357 499
361 498
364 496
368 494
374 493
375 492
378 491
379 490
383 489
386 487
390 485
396 484
400 482
404 481
408 479
414 478
418 476
424 475
429 473
433 472
437 470
443 469
447 467
453 466
459 465
463 463
469 462
475 461
479 459
488 458
492 457
495 456
504 455
508 454
517 453
527 452
548 451
560 450
