50
0 1 7 20
0 2 28 57
0 3 64 41
0 4 26 41
0 5 55 50
0 6 96 70
0 7 40 26
0 8 36 19
0 9 18 11
0 10 16 36
0 11 97 59
0 12 30 54
0 13 4 23
0 14 66 51
0 15 79 55
0 16 89 83
0 17 0 2
0 18 74 69
0 19 69 83
0 20 60 79
0 21 75 64
0 22 31 52
0 23 89 81
0 24 5 47
0 25 32 57
0 26 71 71
0 27 24 20
0 28 13 25
0 29 42 45
0 30 37 19
0 31 34 63
0 32 41 47
0 33 87 76
0 34 35 37
0 35 14 8
0 36 77 49
0 37 21 40
0 38 88 82
0 39 13 16
0 40 14 39
0 41 8 11
0 42 93 61
0 43 99 76
0 44 30 21
0 45 54 33
0 46 49 61
0 47 7 39
0 48 26 24
0 49 81 64
1 2 43 22
1 3 71 55
1 4 40 67
1 5 84 76
1 6 89 76
1 7 63 64
1 8 37 41
1 9 84 69
1 10 27 38
1 11 81 66
1 12 88 64
1 13 85 79
1 14 7 45
1 15 94 51
1 16 33 33
1 17 61 46
1 18 92 93
1 19 2 12
1 20 13 41
1 21 14 29
1 22 17 28
1 23 37 45
1 24 84 59
1 25 49 59
1 26 34 50
1 27 67 34
1 28 5 51
1 29 96 53
1 30 49 72
1 31 89 89
1 32 97 89
1 33 19 27
1 34 24 36
1 35 53 34
1 36 91 52
1 37 26 29
1 38 24 59
1 39 20 22
1 40 99 69
1 41 89 71
1 42 70 58
1 43 32 28
1 44 60 74
1 45 62 68
1 46 32 26
1 47 3 18
1 48 39 49
1 49 30 64
2 3 80 71
2 4 1 14
2 5 7 13
2 6 16 9
2 7 66 45
2 8 42 29
2 9 92 53
2 10 51 75
2 11 87 54
2 12 4 20
2 13 2 25
2 14 27 22
2 15 71 60
2 16 30 22
2 17 24 61
2 18 77 85
2 19 42 49
2 20 12 40
2 21 11 30
2 22 66 58
2 23 95 53
2 24 99 60
2 25 67 68
2 26 69 70
2 27 39 41
2 28 36 37
2 29 25 44
2 30 35 22
2 31 73 55
2 32 76 80
2 33 77 68
2 34 54 28
2 35 10 19
2 36 51 45
2 37 94 78
2 38 7 27
2 39 30 33
2 40 56 69
2 41 38 41
2 42 61 50
2 43 31 32
2 44 50 59
2 45 45 51
2 46 89 84
2 47 11 41
2 48 35 27
2 49 40 43
3 4 68 81
3 5 31 29
3 6 40 64
3 7 63 35
3 8 94 60
3 9 33 36
3 10 48 61
3 11 7 45
3 12 49 25
3 13 12 18
3 14 20 52
3 15 10 25
3 16 55 61
3 17 32 21
3 18 17 15
3 19 66 62
3 20 88 57
3 21 36 21
3 22 4 43
3 23 99 54
3 24 51 34
3 25 19 13
3 26 39 55
3 27 73 77
3 28 52 70
3 29 27 31
3 30 42 39
3 31 88 77
3 32 75 84
3 33 39 58
3 34 21 45
3 35 88 59
3 36 73 85
3 37 15 52
3 38 78 85
3 39 57 67
3 40 86 71
3 41 13 33
3 42 44 45
3 43 30 41
3 44 83 52
3 45 24 43
3 46 64 65
3 47 58 57
3 48 38 56
3 49 23 34
4 5 78 60
4 6 91 69
4 7 0 7
4 8 8 9
4 9 14 30
4 10 70 53
4 11 95 76
4 12 29 45
4 13 44 49
4 14 92 84
4 15 2 5
4 16 15 26
4 17 19 31
4 18 92 63
4 19 71 52
4 20 78 49
4 21 3 39
4 22 19 9
4 23 41 23
4 24 49 74
4 25 0 47
4 26 82 48
4 27 6 15
4 28 18 24
4 29 49 38
4 30 82 70
4 31 41 23
4 32 92 92
4 33 92 78
4 34 80 48
4 35 79 64
4 36 67 45
4 37 37 50
4 38 88 92
4 39 28 31
4 40 73 72
4 41 91 86
4 42 79 64
4 43 66 78
4 44 95 70
4 45 60 45
4 46 62 43
4 47 18 51
4 48 46 46
4 49 40 68
5 6 70 76
5 7 15 51
5 8 78 83
5 9 80 46
5 10 61 68
5 11 71 59
5 12 11 37
5 13 63 78
5 14 33 32
5 15 40 49
5 16 35 59
5 17 99 72
5 18 73 69
5 19 51 56
5 20 25 38
5 21 74 49
5 22 79 79
5 23 7 49
5 24 96 87
5 25 34 59
5 26 49 63
5 27 16 45
5 28 25 30
5 29 58 75
5 30 79 66
5 31 85 43
5 32 35 42
5 33 93 54
5 34 77 46
5 35 34 39
5 36 3 5
5 37 56 68
5 38 8 31
5 39 36 46
5 40 23 27
5 41 29 30
5 42 27 34
5 43 29 38
5 44 97 51
5 45 66 55
5 46 76 82
5 47 62 71
5 48 24 55
5 49 35 32
6 7 46 25
6 8 84 61
6 9 22 59
6 10 40 31
6 11 46 72
6 12 36 61
6 13 45 60
6 14 22 58
6 15 85 75
6 16 58 56
6 17 0 21
6 18 90 58
6 19 13 29
6 20 6 53
6 21 62 34
6 22 60 44
6 23 32 22
6 24 83 83
6 25 70 81
6 26 1 16
6 27 12 40
6 28 27 33
6 29 75 55
6 30 84 48
6 31 84 84
6 32 72 36
6 33 15 13
6 34 88 87
6 35 55 67
6 36 40 69
6 37 78 74
6 38 15 14
6 39 37 48
6 40 66 40
6 41 42 24
6 42 11 15
6 43 11 12
6 44 86 84
6 45 59 61
6 46 16 10
6 47 14 16
6 48 54 35
6 49 26 49
7 8 45 45
7 9 16 46
7 10 4 45
7 11 67 56
7 12 39 36
7 13 3 22
7 14 28 30
7 15 16 24
7 16 79 52
7 17 45 47
7 18 89 74
7 19 95 52
7 20 49 63
7 21 24 46
7 22 33 43
7 23 68 49
7 24 83 45
7 25 19 45
7 26 54 67
7 27 4 52
7 28 7 50
7 29 27 60
7 30 8 5
7 31 61 37
7 32 98 52
7 33 6 28
7 34 43 34
7 35 27 35
7 36 71 47
7 37 30 29
7 38 30 45
7 39 16 9
7 40 5 31
7 41 1 41
7 42 73 50
7 43 59 77
7 44 63 50
7 45 13 12
7 46 25 58
7 47 81 89
7 48 24 40
7 49 44 62
8 9 38 40
8 10 54 44
8 11 17 44
8 12 61 71
8 13 53 45
8 14 79 59
8 15 56 32
8 16 40 26
8 17 35 17
8 18 49 60
8 19 10 51
8 20 24 28
8 21 54 66
8 22 98 83
8 23 61 35
8 24 89 59
8 25 8 34
8 26 90 48
8 27 66 38
8 28 65 55
8 29 6 49
8 30 93 74
8 31 28 25
8 32 84 82
8 33 22 40
8 34 3 12
8 35 43 59
8 36 66 36
8 37 54 38
8 38 31 21
8 39 42 44
8 40 26 53
8 41 36 25
8 42 91 51
8 43 51 39
8 44 70 61
8 45 28 21
8 46 79 58
8 47 66 46
8 48 23 45
8 49 0 32
9 10 7 24
9 11 69 68
9 12 39 36
9 13 16 19
9 14 62 76
9 15 65 44
9 16 35 20
9 17 60 75
9 18 8 28
9 19 45 30
9 20 75 78
9 21 93 49
9 22 27 41
9 23 62 35
9 24 18 27
9 25 1 1
9 26 53 63
9 27 43 62
9 28 23 37
9 29 26 49
9 30 96 50
9 31 58 56
9 32 49 66
9 33 60 65
9 34 43 28
9 35 69 40
9 36 64 54
9 37 10 32
9 38 73 57
9 39 76 46
9 40 19 58
9 41 11 26
9 42 20 18
9 43 85 87
9 44 24 35
9 45 99 84
9 46 75 57
9 47 88 56
9 48 98 74
9 49 15 52
10 11 84 53
10 12 79 86
10 13 96 90
10 14 62 52
10 15 39 44
10 16 45 62
10 17 83 46
10 18 5 30
10 19 55 48
10 20 57 78
10 21 37 43
10 22 91 74
10 23 79 76
10 24 49 66
10 25 63 59
10 26 65 44
10 27 23 19
10 28 3 6
10 29 15 53
10 30 32 39
10 31 32 44
10 32 32 16
10 33 46 27
10 34 93 64
10 35 58 51
10 36 67 68
10 37 19 21
10 38 91 87
10 39 69 70
10 40 55 71
10 41 62 66
10 42 76 62
10 43 76 73
10 44 58 46
10 45 85 88
10 46 95 73
10 47 35 31
10 48 86 46
10 49 56 65
11 12 0 35
11 13 74 45
11 14 16 26
11 15 18 42
11 16 59 62
11 17 89 91
11 18 72 64
11 19 73 47
11 20 16 10
11 21 4 3
11 22 53 37
11 23 96 93
11 24 64 77
11 25 91 57
11 26 24 15
11 27 54 50
11 28 42 51
11 29 54 34
11 30 10 32
11 31 2 26
11 32 98 50
11 33 55 36
11 34 35 55
11 35 14 18
11 36 68 63
11 37 56 70
11 38 63 80
11 39 86 91
11 40 58 52
11 41 68 53
11 42 70 84
11 43 67 74
11 44 31 65
11 45 81 59
11 46 34 24
11 47 50 69
11 48 19 29
11 49 13 25
12 13 5 18
12 14 10 18
12 15 34 58
12 16 30 32
12 17 95 63
12 18 92 57
12 19 15 42
12 20 86 47
12 21 62 33
12 22 84 46
12 23 7 37
12 24 43 32
12 25 92 82
12 26 55 51
12 27 86 91
12 28 21 19
12 29 75 45
12 30 15 39
12 31 98 74
12 32 88 46
12 33 71 81
12 34 5 49
12 35 60 48
12 36 5 2
12 37 8 45
12 38 2 20
12 39 66 82
12 40 36 57
12 41 61 35
12 42 62 78
12 43 51 50
12 44 35 57
12 45 23 39
12 46 51 46
12 47 49 51
12 48 14 37
12 49 38 46
13 14 36 46
13 15 94 75
13 16 75 61
13 17 63 40
13 18 66 66
13 19 26 53
13 20 36 66
13 21 51 42
13 22 58 73
13 23 78 85
13 24 86 60
13 25 98 64
13 26 12 28
13 27 17 41
13 28 82 43
13 29 15 50
13 30 75 62
13 31 68 79
13 32 1 6
13 33 78 60
13 34 64 36
13 35 96 60
13 36 36 66
13 37 47 24
13 38 79 82
13 39 69 43
13 40 39 45
13 41 41 67
13 42 23 28
13 43 2 12
13 44 15 16
13 45 99 55
13 46 49 25
13 47 40 54
13 48 37 29
13 49 6 4
14 15 72 58
14 16 73 38
14 17 60 73
14 18 92 62
14 19 48 64
14 20 15 53
14 21 90 80
14 22 88 57
14 23 24 45
14 24 82 44
14 25 78 84
14 26 86 63
14 27 77 83
14 28 50 39
14 29 85 73
14 30 45 47
14 31 27 31
14 32 67 82
14 33 14 31
14 34 46 51
14 35 34 17
14 36 17 48
14 37 37 24
14 38 17 55
14 39 61 67
14 40 83 71
14 41 83 45
14 42 11 40
14 43 8 25
14 44 10 49
14 45 25 34
14 46 25 27
14 47 82 55
14 48 58 30
14 49 44 56
15 16 89 65
15 17 9 37
15 18 94 69
15 19 31 40
15 20 47 59
15 21 24 33
15 22 38 46
15 23 78 73
15 24 21 56
15 25 18 56
15 26 52 71
15 27 71 75
15 28 1 14
15 29 11 20
15 30 13 43
15 31 55 32
15 32 71 51
15 33 77 83
15 34 13 12
15 35 95 77
15 36 85 81
15 37 66 33
15 38 23 45
15 39 67 60
15 40 7 23
15 41 54 36
15 42 33 30
15 43 70 61
15 44 48 70
15 45 26 58
15 46 47 57
15 47 2 11
15 48 0 46
15 49 36 38
16 17 41 63
16 18 64 37
16 19 27 25
16 20 71 62
16 21 74 43
16 22 57 63
16 23 40 67
16 24 74 61
16 25 33 51
16 26 17 21
16 27 37 28
16 28 8 36
16 29 85 74
16 30 38 43
16 31 46 42
16 32 22 18
16 33 61 71
16 34 48 64
16 35 50 35
16 36 90 47
16 37 37 60
16 38 96 71
16 39 24 17
16 40 53 47
16 41 55 60
16 42 78 63
16 43 48 52
16 44 12 30
16 45 73 67
16 46 32 26
16 47 25 46
16 48 94 67
16 49 4 49
17 18 81 41
17 19 98 86
17 20 29 45
17 21 31 25
17 22 46 36
17 23 48 70
17 24 70 63
17 25 30 59
17 26 65 67
17 27 84 73
17 28 72 45
17 29 67 73
17 30 17 26
17 31 42 59
17 32 5 6
17 33 54 28
17 34 39 35
17 35 51 51
17 36 28 23
17 37 65 65
17 38 88 50
17 39 51 45
17 40 8 53
17 41 38 43
17 42 90 83
17 43 76 49
17 44 70 67
17 45 6 20
17 46 8 53
17 47 71 73
17 48 0 44
17 49 76 45
18 19 97 94
18 20 93 63
18 21 95 96
18 22 49 51
18 23 4 12
18 24 31 24
18 25 61 80
18 26 59 30
18 27 11 9
18 28 87 63
18 29 57 70
18 30 38 31
18 31 72 54
18 32 66 78
18 33 74 61
18 34 35 34
18 35 0 7
18 36 98 93
18 37 93 49
18 38 76 44
18 39 97 88
18 40 65 66
18 41 18 31
18 42 46 40
18 43 27 53
18 44 30 35
18 45 63 66
18 46 34 37
18 47 13 29
18 48 2 48
18 49 77 70
19 20 36 42
19 21 73 74
19 22 82 82
19 23 14 18
19 24 73 41
19 25 91 71
19 26 29 46
19 27 48 60
19 28 59 44
19 29 49 57
19 30 76 41
19 31 79 48
19 32 29 18
19 33 95 63
19 34 50 54
19 35 30 25
19 36 35 52
19 37 64 64
19 38 9 35
19 39 49 73
19 40 80 66
19 41 69 38
19 42 33 54
19 43 19 41
19 44 54 32
19 45 69 65
19 46 28 15
19 47 65 61
19 48 93 47
19 49 16 40
20 21 11 39
20 22 15 27
20 23 1 15
20 24 51 63
20 25 79 67
20 26 59 56
20 27 82 58
20 28 77 57
20 29 94 65
20 30 91 90
20 31 19 32
20 32 55 49
20 33 77 75
20 34 16 8
20 35 65 56
20 36 77 42
20 37 82 88
20 38 15 17
20 39 40 51
20 40 67 60
20 41 45 47
20 42 55 50
20 43 66 62
20 44 11 50
20 45 10 25
20 46 18 29
20 47 3 26
20 48 94 87
20 49 56 56
21 22 82 51
21 23 90 63
21 24 91 82
21 25 0 13
21 26 18 19
21 27 97 84
21 28 15 33
21 29 34 31
21 30 35 66
21 31 96 50
21 32 12 45
21 33 73 45
21 34 0 32
21 35 48 63
21 36 94 72
21 37 55 39
21 38 97 79
21 39 98 98
21 40 39 61
21 41 36 65
21 42 29 64
21 43 85 43
21 44 50 28
21 45 78 45
21 46 37 22
21 47 37 21
21 48 90 66
21 49 13 49
22 23 11 15
22 24 77 51
22 25 68 71
22 26 65 51
22 27 61 31
22 28 46 53
22 29 22 26
22 30 6 30
22 31 96 53
22 32 9 42
22 33 78 49
22 34 39 44
22 35 89 50
22 36 39 53
22 37 64 45
22 38 62 48
22 39 83 81
22 40 20 30
22 41 31 59
22 42 12 21
22 43 62 60
22 44 19 15
22 45 21 35
22 46 96 50
22 47 31 51
22 48 75 73
22 49 8 44
23 24 66 80
23 25 87 65
23 26 61 67
23 27 2 11
23 28 22 33
23 29 98 87
23 30 99 66
23 31 89 50
23 32 32 19
23 33 73 42
23 34 35 64
23 35 23 45
23 36 36 65
23 37 83 64
23 38 41 34
23 39 52 52
23 40 3 12
23 41 37 55
23 42 15 35
23 43 1 46
23 44 79 59
23 45 69 70
23 46 2 17
23 47 91 76
23 48 99 83
23 49 44 59
24 25 48 63
24 26 8 14
24 27 55 75
24 28 64 33
24 29 45 57
24 30 64 58
24 31 9 31
24 32 42 23
24 33 65 53
24 34 1 1
24 35 48 29
24 36 6 52
24 37 64 48
24 38 55 34
24 39 52 73
24 40 90 88
24 41 94 87
24 42 0 14
24 43 90 75
24 44 8 40
24 45 4 23
24 46 83 91
24 47 82 57
24 48 16 24
24 49 87 89
25 26 75 86
25 27 49 45
25 28 11 50
25 29 52 48
25 30 72 71
25 31 17 38
25 32 34 43
25 33 32 26
25 34 68 75
25 35 4 21
25 36 87 86
25 37 82 62
25 38 98 59
25 39 78 40
25 40 87 58
25 41 28 61
25 42 48 54
25 43 55 44
25 44 13 15
25 45 77 85
25 46 0 45
25 47 72 54
25 48 88 48
25 49 49 27
26 27 45 30
26 28 86 85
26 29 74 61
26 30 95 56
26 31 31 40
26 32 99 64
26 33 85 51
26 34 67 77
26 35 94 92
26 36 76 46
26 37 67 68
26 38 38 54
26 39 8 51
26 40 10 6
26 41 78 68
26 42 78 60
26 43 17 30
26 44 82 86
26 45 55 42
26 46 36 30
26 47 1 24
26 48 40 56
26 49 80 50
27 28 70 42
27 29 67 55
27 30 84 81
27 31 99 95
27 32 11 10
27 33 94 54
27 34 36 34
27 35 86 50
27 36 91 59
27 37 36 49
27 38 96 69
27 39 67 37
27 40 81 57
27 41 38 44
27 42 22 49
27 43 2 12
27 44 72 36
27 45 8 39
27 46 78 58
27 47 21 57
27 48 45 42
27 49 61 49
28 29 47 51
28 30 82 42
28 31 83 43
28 32 34 63
28 33 90 66
28 34 88 76
28 35 28 48
28 36 51 30
28 37 38 49
28 38 60 62
28 39 83 71
28 40 93 83
28 41 89 93
28 42 83 78
28 43 69 78
28 44 85 65
28 45 16 38
28 46 54 38
28 47 36 52
28 48 57 33
28 49 85 50
29 30 3 36
29 31 48 72
29 32 44 26
29 33 92 87
29 34 66 66
29 35 74 69
29 36 95 52
29 37 51 67
29 38 88 72
29 39 66 46
29 40 34 24
29 41 73 83
29 42 67 37
29 43 51 36
29 44 15 35
29 45 49 69
29 46 79 63
29 47 58 38
29 48 26 17
29 49 41 23
30 31 88 45
30 32 61 68
30 33 48 36
30 34 35 53
30 35 90 69
30 36 99 66
30 37 78 79
30 38 82 56
30 39 47 46
30 40 30 50
30 41 17 31
30 42 12 44
30 43 62 71
30 44 13 37
30 45 55 52
30 46 56 59
30 47 90 62
30 48 51 26
30 49 92 49
31 32 0 20
31 33 42 36
31 34 52 56
31 35 5 15
31 36 67 62
31 37 90 87
31 38 90 76
31 39 16 48
31 40 48 29
31 41 44 57
31 42 30 49
31 43 48 36
31 44 86 49
31 45 6 44
31 46 56 70
31 47 71 54
31 48 41 35
31 49 67 47
32 33 28 39
32 34 5 15
32 35 47 73
32 36 85 45
32 37 37 51
32 38 15 53
32 39 81 41
32 40 50 49
32 41 76 62
32 42 16 29
32 43 61 36
32 44 62 76
32 45 11 34
32 46 10 30
32 47 99 92
32 48 32 28
32 49 14 53
33 34 12 8
33 35 17 43
33 36 18 20
33 37 31 16
33 38 6 39
33 39 86 79
33 40 3 20
33 41 4 37
33 42 76 82
33 43 27 62
33 44 12 16
33 45 3 27
33 46 41 30
33 47 95 52
33 48 92 54
33 49 38 59
34 35 80 49
34 36 4 44
34 37 48 47
34 38 25 23
34 39 19 29
34 40 79 65
34 41 81 66
34 42 43 38
34 43 25 55
34 44 91 46
34 45 50 44
34 46 15 18
34 47 84 51
34 48 90 70
34 49 47 36
35 36 68 58
35 37 71 36
35 38 73 39
35 39 6 45
35 40 77 41
35 41 72 39
35 42 96 49
35 43 52 39
35 44 17 40
35 45 18 40
35 46 69 60
35 47 72 76
35 48 70 43
35 49 57 30
36 37 27 42
36 38 16 54
36 39 6 9
36 40 1 14
36 41 49 51
36 42 75 59
36 43 1 2
36 44 4 16
36 45 66 74
36 46 32 18
36 47 27 62
36 48 42 65
36 49 28 51
37 38 1 6
37 39 46 53
37 40 53 73
37 41 68 54
37 42 61 61
37 43 3 2
37 44 67 50
37 45 58 77
37 46 56 35
37 47 31 27
37 48 82 75
37 49 59 72
38 39 82 46
38 40 68 36
38 41 86 69
38 42 9 51
38 43 8 29
38 44 40 56
38 45 33 48
38 46 3 36
38 47 56 66
38 48 93 68
38 49 64 50
39 40 45 49
39 41 36 56
39 42 43 71
39 43 31 43
39 44 32 19
39 45 75 66
39 46 1 6
39 47 40 49
39 48 92 65
39 49 4 25
40 41 30 55
40 42 38 44
40 43 90 57
40 44 90 67
40 45 3 29
40 46 89 80
40 47 4 47
40 48 80 83
40 49 0 10
41 42 22 33
41 43 29 38
41 44 91 80
41 45 93 75
41 46 45 41
41 47 57 37
41 48 68 79
41 49 13 6
42 43 93 57
42 44 65 60
42 45 24 21
42 46 34 29
42 47 40 63
42 48 80 87
42 49 96 49
43 44 21 34
43 45 86 67
43 46 67 57
43 47 67 36
43 48 25 56
43 49 34 22
44 45 98 70
44 46 47 59
44 47 22 51
44 48 12 24
44 49 8 16
45 46 12 20
45 47 15 20
45 48 21 23
45 49 11 27
46 47 84 68
46 48 64 64
46 49 79 87
47 48 21 44
47 49 83 47
48 49 11 21
0
192
79 1076
80 1042
81 1018
82 998
83 974
84 954
85 938
86 918
87 903
88 883
89 878
90 861
91 850
92 841
93 828
94 819
95 811
96 807
97 796
98 792
99 788
100 777
101 773
102 770
103 759
104 755
105 752
106 748
107 746
108 742
109 738
110 729
111 725
112 722
113 718
114 716
115 712
116 708
117 705
118 701
119 699
120 695
121 692
122 688
123 686
124 682
125 680
126 676
127 673
128 670
129 667
130 663
131 661
132 657
133 655
134 652
135 648
136 646
137 642
138 641
139 637
140 636
141 634
142 631
143 629
144 627
145 626
146 622
147 621
148 619
149 617
150 614
151 612
152 611
153 608
154 606
155 604
156 603
157 599
158 598
159 596
160 594
161 591
162 589
163 588
164 586
165 583
166 581
167 580
168 578
169 575
170 573
171 572
172 570
173 567
174 565
175 564
176 562
177 561
178 559
179 558
180 556
181 555
182 552
183 550
184 549
185 547
187 545
188 544
189 543
190 541
191 540
192 537
193 535
194 534
195 532
197 530
199 529
200 527
201 525
202 523
203 522
204 520
206 518
208 517
209 515
210 514
211 512
213 510
215 509
216 507
218 505
220 504
221 502
223 500
225 499
227 498
228 496
230 494
232 493
233 491
235 489
238 488
240 486
241 485
242 484
243 483
246 482
247 481
248 480
250 478
253 477
255 475
257 474
259 473
262 472
264 470
266 469
270 468
271 467
273 466
276 465
279 463
281 462
285 461
286 460
288 459
291 458
294 457
296 456
300 455
301 454
303 453
306 452
312 451
313 450
315 449
321 448
325 447
328 446
330 445
336 444
340 443
343 442
345 441
354 440
363 439
370 438
379 437
388 436
397 435
421 434
