50
0 1 85 47
0 2 14 11
0 3 91 58
0 4 58 84
0 5 25 40
0 6 4 63
0 7 1 44
0 8 25 73
0 9 21 24
0 10 76 76
0 11 23 20
0 12 46 39
0 13 25 75
0 14 26 79
0 15 7 7
0 16 19 38
0 17 76 62
0 18 86 51
0 19 57 85
0 20 6 48
0 21 58 36
0 22 19 72
0 23 45 10
0 24 19 11
0 25 4 5
0 26 89 56
0 27 2 47
0 28 18 20
0 29 33 54
0 30 18 66
0 31 36 39
0 32 73 65
0 33 43 73
0 34 39 39
0 35 19 8
0 36 9 72
0 37 12 58
0 38 30 9
0 39 88 97
0 40 8 46
0 41 66 87
0 42 85 88
0 43 13 36
0 44 74 25
0 45 96 45
0 46 86 91
0 47 63 68
0 48 3 36
0 49 94 65
1 2 92 75
1 3 5 40
1 4 91 72
1 5 70 58
1 6 86 68
1 7 59 77
1 8 94 54
1 9 80 28
1 10 19 66
1 11 30 32
1 12 47 42
1 13 88 30
1 14 90 55
1 15 25 22
1 16 37 15
1 17 65 54
1 18 30 41
1 19 40 80
1 20 8 19
1 21 64 42
1 22 97 24
1 23 15 65
1 24 83 63
1 25 88 76
1 26 44 23
1 27 24 28
1 28 27 41
1 29 37 22
1 30 19 56
1 31 76 42
1 32 2 72
1 33 90 64
1 34 47 66
1 35 64 90
1 36 12 9
1 37 76 69
1 38 17 35
1 39 28 63
1 40 89 89
1 41 21 75
1 42 53 80
1 43 32 12
1 44 48 82
1 45 90 83
1 46 83 93
1 47 64 35
1 48 0 30
1 49 20 60
2 3 65 84
2 4 44 86
2 5 22 48
2 6 96 66
2 7 82 85
2 8 63 88
2 9 28 37
2 10 20 55
2 11 64 74
2 12 89 55
2 13 31 65
2 14 10 37
2 15 3 52
2 16 13 11
2 17 30 76
2 18 1 65
2 19 91 44
2 20 13 14
2 21 42 50
2 22 95 84
2 23 1 6
2 24 49 29
2 25 61 68
2 26 90 47
2 27 67 91
2 28 43 59
2 29 5 5
2 30 39 20
2 31 9 35
2 32 15 64
2 33 78 63
2 34 63 13
2 35 14 74
2 36 54 80
2 37 79 16
2 38 73 44
2 39 0 58
2 40 89 27
2 41 58 31
2 42 75 63
2 43 27 82
2 44 46 44
2 45 43 87
2 46 22 16
2 47 96 63
2 48 95 96
2 49 21 10
3 4 66 58
3 5 42 27
3 6 93 61
3 7 14 25
3 8 6 57
3 9 19 23
3 10 15 50
3 11 84 31
3 12 93 91
3 13 87 58
3 14 70 59
3 15 83 24
3 16 35 57
3 17 43 10
3 18 85 62
3 19 25 14
3 20 77 31
3 21 94 75
3 22 57 45
3 23 40 42
3 24 44 79
3 25 57 17
3 26 39 81
3 27 64 91
3 28 60 45
3 29 74 77
3 30 50 54
3 31 10 22
3 32 50 17
3 33 66 53
3 34 80 20
3 35 58 26
3 36 42 19
3 37 25 55
3 38 23 18
3 39 40 60
3 40 96 88
3 41 7 44
3 42 55 52
3 43 36 62
3 44 36 53
3 45 26 66
3 46 89 69
3 47 62 79
3 48 88 85
3 49 54 32
4 5 84 85
4 6 56 54
4 7 64 15
4 8 67 72
4 9 5 8
4 10 21 74
4 11 74 58
4 12 3 68
4 13 71 76
4 14 40 16
4 15 85 56
4 16 57 63
4 17 64 47
4 18 58 37
4 19 6 78
4 20 87 26
4 21 62 32
4 22 71 19
4 23 41 53
4 24 96 96
4 25 75 77
4 26 76 86
4 27 6 66
4 28 20 50
4 29 56 80
4 30 49 71
4 31 26 48
4 32 77 81
4 33 65 15
4 34 78 29
4 35 70 45
4 36 27 31
4 37 4 36
4 38 67 72
4 39 83 92
4 40 57 43
4 41 10 47
4 42 19 12
4 43 84 90
4 44 79 21
4 45 44 23
4 46 65 60
4 47 99 91
4 48 11 17
4 49 58 91
5 6 49 15
5 7 69 93
5 8 82 20
5 9 59 33
5 10 42 16
5 11 28 11
5 12 92 65
5 13 11 63
5 14 90 81
5 15 51 68
5 16 49 13
5 17 34 28
5 18 33 55
5 19 23 77
5 20 69 61
5 21 48 51
5 22 33 25
5 23 50 50
5 24 3 16
5 25 62 20
5 26 8 60
5 27 99 93
5 28 46 48
5 29 67 85
5 30 49 49
5 31 69 34
5 32 73 91
5 33 26 63
5 34 27 10
5 35 87 24
5 36 66 64
5 37 12 40
5 38 95 66
5 39 97 80
5 40 77 32
5 41 77 51
5 42 26 6
5 43 18 29
5 44 62 22
5 45 50 19
5 46 33 11
5 47 59 91
5 48 65 74
5 49 82 88
6 7 36 26
6 8 93 20
6 9 4 46
6 10 2 17
6 11 36 35
6 12 10 6
6 13 88 52
6 14 76 76
6 15 74 89
6 16 29 53
6 17 8 30
6 18 61 46
6 19 58 40
6 20 71 30
6 21 29 24
6 22 58 12
6 23 46 19
6 24 60 47
6 25 13 48
6 26 0 40
6 27 19 35
6 28 48 34
6 29 63 75
6 30 92 90
6 31 51 65
6 32 4 43
6 33 2 66
6 34 76 15
6 35 89 54
6 36 3 58
6 37 3 77
6 38 25 45
6 39 62 25
6 40 20 41
6 41 99 89
6 42 37 47
6 43 44 78
6 44 9 38
6 45 7 19
6 46 14 41
6 47 59 24
6 48 51 16
6 49 52 76
7 8 19 28
7 9 25 69
7 10 99 24
7 11 0 32
7 12 75 66
7 13 83 46
7 14 38 57
7 15 41 60
7 16 11 65
7 17 96 38
7 18 62 78
7 19 99 90
7 20 61 41
7 21 50 41
7 22 71 44
7 23 99 73
7 24 23 21
7 25 48 32
7 26 78 23
7 27 37 19
7 28 89 89
7 29 54 57
7 30 32 66
7 31 59 17
7 32 79 16
7 33 3 3
7 34 37 36
7 35 96 59
7 36 40 83
7 37 21 72
7 38 91 64
7 39 71 79
7 40 87 30
7 41 37 57
7 42 23 66
7 43 21 76
7 44 14 55
7 45 41 61
7 46 43 52
7 47 31 35
7 48 2 27
7 49 18 81
8 9 80 90
8 10 48 65
8 11 74 26
8 12 28 47
8 13 9 10
8 14 41 66
8 15 73 32
8 16 84 90
8 17 11 44
8 18 43 48
8 19 37 15
8 20 23 84
8 21 62 36
8 22 33 44
8 23 39 81
8 24 16 44
8 25 63 26
8 26 18 19
8 27 3 63
8 28 9 13
8 29 9 68
8 30 90 54
8 31 90 69
8 32 31 15
8 33 36 60
8 34 19 31
8 35 23 43
8 36 89 34
8 37 49 60
8 38 5 55
8 39 76 21
8 40 43 71
8 41 53 13
8 42 82 81
8 43 58 79
8 44 90 95
8 45 20 10
8 46 22 79
8 47 80 95
8 48 5 47
8 49 42 30
9 10 27 71
9 11 85 87
9 12 78 62
9 13 40 10
9 14 10 4
9 15 4 46
9 16 87 47
9 17 76 88
9 18 74 75
9 19 91 95
9 20 37 79
9 21 3 48
9 22 78 39
9 23 95 67
9 24 90 21
9 25 83 89
9 26 97 97
9 27 21 8
9 28 6 6
9 29 56 39
9 30 49 11
9 31 29 66
9 32 48 15
9 33 89 81
9 34 10 25
9 35 2 52
9 36 85 59
9 37 81 33
9 38 69 20
9 39 56 52
9 40 85 34
9 41 82 50
9 42 34 25
9 43 19 9
9 44 77 58
9 45 19 50
9 46 50 58
9 47 56 32
9 48 14 74
9 49 98 32
10 11 0 36
10 12 57 82
10 13 73 91
10 14 25 84
10 15 10 36
10 16 18 57
10 17 34 62
10 18 54 40
10 19 1 7
10 20 80 93
10 21 49 13
10 22 57 23
10 23 33 80
10 24 26 38
10 25 24 56
10 26 39 71
10 27 73 38
10 28 13 11
10 29 38 59
10 30 19 11
10 31 13 29
10 32 4 23
10 33 75 44
10 34 60 65
10 35 78 76
10 36 7 6
10 37 66 29
10 38 7 74
10 39 84 61
10 40 14 49
10 41 95 29
10 42 29 81
10 43 72 69
10 44 97 54
10 45 31 41
10 46 83 36
10 47 72 80
10 48 30 9
10 49 14 20
11 12 25 28
11 13 42 64
11 14 16 26
11 15 5 49
11 16 41 23
11 17 53 18
11 18 65 55
11 19 15 82
11 20 80 95
11 21 70 20
11 22 27 79
11 23 68 21
11 24 7 39
11 25 50 49
11 26 71 15
11 27 32 37
11 28 12 29
11 29 18 49
11 30 18 32
11 31 17 66
11 32 2 44
11 33 86 55
11 34 66 46
11 35 71 68
11 36 72 16
11 37 68 56
11 38 91 92
11 39 24 76
11 40 39 69
11 41 67 92
11 42 24 73
11 43 34 42
11 44 40 71
11 45 57 74
11 46 92 69
11 47 87 45
11 48 94 76
11 49 79 87
12 13 58 63
12 14 11 42
12 15 10 12
12 16 81 42
12 17 92 34
12 18 50 27
12 19 7 31
12 20 34 71
12 21 63 16
12 22 7 23
12 23 85 71
12 24 16 4
12 25 17 76
12 26 90 57
12 27 23 68
12 28 82 25
12 29 38 82
12 30 63 86
12 31 26 75
12 32 17 61
12 33 62 82
12 34 99 53
12 35 96 85
12 36 77 94
12 37 78 63
12 38 38 85
12 39 15 73
12 40 3 77
12 41 87 86
12 42 62 28
12 43 8 29
12 44 82 64
12 45 96 69
12 46 62 43
12 47 58 35
12 48 79 38
12 49 74 20
13 14 50 86
13 15 43 40
13 16 16 14
13 17 75 87
13 18 6 4
13 19 25 5
13 20 50 83
13 21 71 72
13 22 12 23
13 23 56 78
13 24 42 83
13 25 33 8
13 26 55 23
13 27 25 26
13 28 7 44
13 29 0 13
13 30 98 94
13 31 82 29
13 32 28 56
13 33 77 31
13 34 44 65
13 35 32 74
13 36 28 39
13 37 96 45
13 38 43 25
13 39 51 46
13 40 18 39
13 41 6 74
13 42 73 28
13 43 99 56
13 44 58 14
13 45 1 36
13 46 71 21
13 47 86 24
13 48 19 8
13 49 78 18
14 15 87 97
14 16 97 94
14 17 79 55
14 18 46 11
14 19 54 37
14 20 47 48
14 21 57 91
14 22 40 10
14 23 22 32
14 24 10 49
14 25 4 30
14 26 3 56
14 27 89 69
14 28 91 52
14 29 87 81
14 30 19 47
14 31 21 55
14 32 20 31
14 33 14 66
14 34 45 73
14 35 65 31
14 36 92 75
14 37 32 42
14 38 60 61
14 39 75 17
14 40 36 43
14 41 45 14
14 42 72 55
14 43 5 25
14 44 63 88
14 45 25 28
14 46 77 94
14 47 19 26
14 48 29 78
14 49 53 48
15 16 47 29
15 17 58 45
15 18 44 48
15 19 46 50
15 20 86 37
15 21 74 30
15 22 15 16
15 23 12 43
15 24 55 51
15 25 35 77
15 26 40 82
15 27 90 74
15 28 6 69
15 29 8 40
15 30 11 42
15 31 62 61
15 32 24 36
15 33 90 41
15 34 94 95
15 35 95 96
15 36 70 36
15 37 55 29
15 38 97 56
15 39 66 50
15 40 70 16
15 41 70 32
15 42 92 71
15 43 14 34
15 44 55 77
15 45 46 30
15 46 40 21
15 47 84 25
15 48 38 8
15 49 46 59
16 17 53 25
16 18 47 75
16 19 2 4
16 20 34 44
16 21 55 57
16 22 20 53
16 23 66 92
16 24 34 58
16 25 13 66
16 26 12 20
16 27 36 39
16 28 0 62
16 29 64 86
16 30 54 61
16 31 61 41
16 32 77 27
16 33 0 62
16 34 98 70
16 35 28 59
16 36 87 21
16 37 41 87
16 38 61 74
16 39 18 38
16 40 2 37
16 41 29 68
16 42 55 60
16 43 26 21
16 44 82 68
16 45 9 47
16 46 44 45
16 47 34 63
16 48 32 76
16 49 87 28
17 18 1 50
17 19 9 57
17 20 64 40
17 21 89 48
17 22 49 55
17 23 79 43
17 24 93 43
17 25 2 6
17 26 43 86
17 27 18 52
17 28 90 37
17 29 15 48
17 30 54 62
17 31 85 28
17 32 7 79
17 33 20 32
17 34 52 54
17 35 91 66
17 36 76 28
17 37 71 53
17 38 93 73
17 39 45 81
17 40 58 15
17 41 86 92
17 42 57 65
17 43 53 76
17 44 83 90
17 45 92 55
17 46 13 13
17 47 81 79
17 48 82 42
17 49 18 54
18 19 99 30
18 20 89 56
18 21 77 38
18 22 12 41
18 23 76 48
18 24 60 60
18 25 66 54
18 26 40 26
18 27 98 99
18 28 32 10
18 29 58 67
18 30 31 15
18 31 35 18
18 32 79 62
18 33 82 76
18 34 99 31
18 35 21 40
18 36 23 55
18 37 76 44
18 38 76 36
18 39 66 80
18 40 6 71
18 41 83 31
18 42 54 26
18 43 71 40
18 44 20 15
18 45 92 29
18 46 0 46
18 47 27 67
18 48 55 62
18 49 3 64
19 20 70 44
19 21 47 40
19 22 9 41
19 23 70 79
19 24 5 50
19 25 76 57
19 26 49 54
19 27 64 90
19 28 19 64
19 29 48 80
19 30 8 38
19 31 32 55
19 32 55 88
19 33 56 65
19 34 19 82
19 35 42 68
19 36 48 47
19 37 58 16
19 38 51 40
19 39 2 66
19 40 79 86
19 41 87 72
19 42 11 44
19 43 4 23
19 44 39 12
19 45 35 43
19 46 86 25
19 47 92 51
19 48 79 26
19 49 4 71
20 21 70 17
20 22 48 35
20 23 84 71
20 24 88 95
20 25 32 17
20 26 19 7
20 27 28 69
20 28 9 76
20 29 26 19
20 30 98 41
20 31 76 57
20 32 66 31
20 33 2 46
20 34 39 79
20 35 34 79
20 36 6 49
20 37 98 78
20 38 57 77
20 39 43 23
20 40 7 15
20 41 53 35
20 42 60 27
20 43 14 16
20 44 28 70
20 45 6 5
20 46 88 43
20 47 8 36
20 48 54 90
20 49 19 47
21 22 81 48
21 23 46 47
21 24 86 80
21 25 47 43
21 26 14 38
21 27 76 72
21 28 66 85
21 29 2 46
21 30 15 39
21 31 12 24
21 32 21 7
21 33 40 12
21 34 46 68
21 35 5 49
21 36 20 34
21 37 31 33
21 38 73 66
21 39 53 65
21 40 69 15
21 41 78 25
21 42 25 59
21 43 16 25
21 44 5 25
21 45 53 82
21 46 75 40
21 47 98 86
21 48 31 72
21 49 61 78
22 23 96 26
22 24 92 63
22 25 68 78
22 26 5 19
22 27 49 86
22 28 88 43
22 29 68 14
22 30 3 2
22 31 71 28
22 32 37 11
22 33 3 73
22 34 85 78
22 35 97 80
22 36 58 25
22 37 11 75
22 38 2 17
22 39 36 48
22 40 35 67
22 41 30 56
22 42 95 85
22 43 84 57
22 44 66 42
22 45 21 54
22 46 73 65
22 47 38 16
22 48 21 51
22 49 78 45
23 24 81 40
23 25 31 37
23 26 58 34
23 27 23 71
23 28 24 75
23 29 52 16
23 30 77 35
23 31 4 29
23 32 82 53
23 33 0 49
23 34 26 75
23 35 64 76
23 36 86 42
23 37 29 46
23 38 96 46
23 39 73 88
23 40 58 47
23 41 8 12
23 42 36 24
23 43 43 57
23 44 67 27
23 45 43 65
23 46 2 9
23 47 40 62
23 48 42 41
23 49 75 34
24 25 60 78
24 26 69 86
24 27 42 80
24 28 0 72
24 29 21 41
24 30 86 18
24 31 28 74
24 32 4 8
24 33 39 81
24 34 56 75
24 35 9 80
24 36 74 71
24 37 56 42
24 38 37 66
24 39 17 27
24 40 22 74
24 41 18 48
24 42 91 94
24 43 71 59
24 44 55 47
24 45 16 16
24 46 13 4
24 47 55 76
24 48 77 69
24 49 24 55
25 26 63 51
25 27 37 43
25 28 49 42
25 29 40 20
25 30 52 80
25 31 62 89
25 32 29 78
25 33 24 55
25 34 88 62
25 35 23 39
25 36 48 35
25 37 51 19
25 38 60 56
25 39 80 62
25 40 49 19
25 41 25 23
25 42 17 25
25 43 99 23
25 44 26 40
25 45 37 23
25 46 49 21
25 47 84 48
25 48 61 59
25 49 72 77
26 27 88 38
26 28 64 52
26 29 18 77
26 30 63 15
26 31 53 85
26 32 66 50
26 33 27 75
26 34 99 22
26 35 20 73
26 36 38 33
26 37 96 41
26 38 44 81
26 39 45 63
26 40 30 10
26 41 22 16
26 42 10 7
26 43 17 21
26 44 91 55
26 45 85 65
26 46 59 54
26 47 93 26
26 48 38 55
26 49 20 74
27 28 56 90
27 29 45 20
27 30 14 47
27 31 1 71
27 32 56 33
27 33 62 40
27 34 83 79
27 35 89 89
27 36 69 36
27 37 88 79
27 38 64 14
27 39 61 76
27 40 32 60
27 41 42 59
27 42 20 48
27 43 64 21
27 44 95 56
27 45 51 39
27 46 29 80
27 47 73 81
27 48 28 47
27 49 25 10
28 29 86 89
28 30 22 75
28 31 49 62
28 32 59 32
28 33 38 28
28 34 45 64
28 35 72 15
28 36 59 69
28 37 26 67
28 38 30 58
28 39 15 57
28 40 96 93
28 41 74 32
28 42 7 77
28 43 55 42
28 44 4 39
28 45 42 53
28 46 38 8
28 47 82 60
28 48 38 28
28 49 69 82
29 30 6 48
29 31 91 63
29 32 47 76
29 33 38 23
29 34 58 51
29 35 60 47
29 36 74 88
29 37 71 21
29 38 81 52
29 39 28 24
29 40 0 3
29 41 17 46
29 42 29 34
29 43 96 56
29 44 58 16
29 45 58 56
29 46 70 84
29 47 53 42
29 48 34 48
29 49 43 25
30 31 96 52
30 32 89 29
30 33 96 86
30 34 25 42
30 35 32 45
30 36 20 68
30 37 33 83
30 38 8 3
30 39 29 13
30 40 34 84
30 41 92 55
30 42 10 57
30 43 80 95
30 44 49 27
30 45 55 22
30 46 58 33
30 47 19 79
30 48 11 76
30 49 7 48
31 32 88 20
31 33 83 30
31 34 91 69
31 35 31 80
31 36 30 18
31 37 86 91
31 38 58 59
31 39 3 4
31 40 91 30
31 41 77 86
31 42 95 51
31 43 89 36
31 44 55 11
31 45 83 66
31 46 69 14
31 47 38 59
31 48 23 51
31 49 43 37
32 33 33 27
32 34 2 9
32 35 78 18
32 36 97 21
32 37 51 15
32 38 49 46
32 39 74 80
32 40 72 56
32 41 1 38
32 42 20 46
32 43 47 9
32 44 94 30
32 45 70 39
32 46 64 90
32 47 58 54
32 48 44 48
32 49 54 77
33 34 18 72
33 35 22 4
33 36 26 73
33 37 31 16
33 38 31 13
33 39 2 67
33 40 40 68
33 41 34 80
33 42 39 75
33 43 41 59
33 44 8 65
33 45 80 92
33 46 79 38
33 47 49 67
33 48 24 60
33 49 5 43
34 35 72 40
34 36 22 34
34 37 7 64
34 38 76 36
34 39 4 19
34 40 62 84
34 41 54 65
34 42 98 68
34 43 43 32
34 44 83 81
34 45 89 67
34 46 25 37
34 47 49 28
34 48 8 29
34 49 54 44
35 36 7 8
35 37 88 45
35 38 24 55
35 39 46 67
35 40 87 86
35 41 49 21
35 42 73 17
35 43 92 67
35 44 46 60
35 45 77 70
35 46 94 54
35 47 77 40
35 48 7 16
35 49 33 33
36 37 79 21
36 38 51 61
36 39 22 6
36 40 14 37
36 41 36 62
36 42 63 59
36 43 1 38
36 44 11 10
36 45 49 81
36 46 11 52
36 47 44 72
36 48 30 63
36 49 57 51
37 38 52 30
37 39 65 34
37 40 3 33
37 41 20 9
37 42 25 32
37 43 5 75
37 44 85 85
37 45 11 27
37 46 71 75
37 47 15 6
37 48 16 24
37 49 66 67
38 39 12 6
38 40 31 64
38 41 17 48
38 42 49 61
38 43 34 24
38 44 5 52
38 45 41 60
38 46 94 95
38 47 87 59
38 48 33 79
38 49 69 79
39 40 59 78
39 41 4 2
39 42 16 54
39 43 44 29
39 44 0 71
39 45 29 13
39 46 60 91
39 47 51 37
39 48 55 37
39 49 38 28
40 41 2 3
40 42 69 76
40 43 64 25
40 44 93 64
40 45 41 21
40 46 20 19
40 47 1 20
40 48 99 69
40 49 32 32
41 42 66 58
41 43 13 63
41 44 5 79
41 45 60 74
41 46 29 70
41 47 44 75
41 48 11 41
41 49 72 15
42 43 21 27
42 44 46 31
42 45 81 90
42 46 94 70
42 47 46 65
42 48 42 41
42 49 98 94
43 44 59 91
43 45 26 57
43 46 28 20
43 47 25 83
43 48 69 77
43 49 14 79
44 45 99 45
44 46 27 80
44 47 67 92
44 48 84 71
44 49 71 63
45 46 69 61
45 47 99 24
45 48 61 20
45 49 56 58
46 47 17 28
46 48 9 21
46 49 45 45
47 48 31 41
47 49 29 40
48 49 67 24
0
296
82 1987
83 1931
84 1888
85 1847
86 1812
87 1784
88 1758
89 1730
90 1704
91 1680
92 1660
93 1634
94 1610
95 1598
96 1575
97 1551
98 1539
99 1516
100 1504
101 1487
102 1471
103 1452
104 1440
105 1429
106 1407
107 1395
108 1386
109 1365
110 1359
111 1344
112 1338
113 1320
114 1312
115 1299
116 1291
117 1275
118 1267
119 1254
120 1246
121 1233
122 1222
123 1213
124 1201
125 1192
126 1181
127 1176
128 1160
129 1155
130 1144
131 1135
132 1128
133 1114
134 1107
135 1098
136 1091
137 1082
138 1070
139 1061
140 1054
141 1049
142 1038
143 1031
144 1017
145 1012
146 1005
147 998
148 991
149 986
150 975
151 970
152 963
153 956
154 949
155 944
156 937
157 930
158 923
159 918
160 913
161 904
162 899
163 896
164 887
165 882
166 879
167 870
168 865
169 862
170 855
171 850
172 847
173 838
174 833
175 830
176 823
177 818
178 815
179 810
180 804
181 803
182 797
184 792
185 786
186 782
187 779
188 774
189 768
191 764
192 761
193 756
194 750
195 747
197 743
198 738
199 735
200 729
202 727
203 723
204 717
205 716
206 711
207 709
209 706
210 699
211 697
212 695
213 691
215 688
216 683
217 679
218 677
219 675
220 674
221 672
222 665
223 663
224 662
225 657
226 656
227 654
228 651
229 645
231 642
232 640
233 639
234 634
235 631
237 628
238 622
240 620
241 618
242 617
243 615
244 608
246 607
247 604
249 601
250 595
252 593
253 591
254 590
255 588
256 581
259 577
261 574
263 569
265 566
266 565
268 560
269 556
271 554
272 552
273 551
274 549
275 542
278 538
280 535
282 532
283 531
284 527
287 521
289 520
290 517
292 516
293 515
294 511
296 506
299 502
301 501
303 496
305 494
306 492
308 487
312 484
315 477
319 475
322 474
323 473
324 469
328 464
330 463
331 459
335 454
339 452
342 451
343 450
344 446
346 445
348 443
349 442
350 440
351 436
355 434
359 432
361 429
363 428
365 424
366 422
370 420
374 419
375 417
377 416
378 414
380 410
384 408
388 407
389 406
391 404
392 402
394 401
396 400
398 399
401 398
403 396
405 395
406 393
408 389
412 387
416 386
417 385
419 383
420 381
424 379
427 378
429 377
431 375
435 373
437 372
439 370
443 368
446 367
448 366
450 364
454 362
456 361
458 360
459 359
462 358
463 357
465 356
468 355
469 354
471 353
474 351
477 350
478 349
481 348
483 347
486 346
487 345
490 344
493 342
496 341
497 340
500 339
502 338
505 337
506 336
509 335
513 334
517 333
519 332
522 331
523 330
526 329
531 328
535 327
539 326
543 325
544 324
548 322
560 321
562 320
566 318
578 317
591 315
