50
0 1 46 53
0 2 73 69
0 3 40 42
0 4 28 36
0 5 4 17
0 6 73 74
0 7 84 75
0 8 8 19
0 9 30 38
0 10 45 44
0 11 47 42
0 12 29 25
0 13 38 47
0 14 38 33
0 15 1 15
0 16 92 80
0 17 56 56
0 18 9 21
0 19 75 72
0 20 46 53
0 21 69 59
0 22 49 43
0 23 45 44
0 24 38 45
0 25 28 33
0 26 13 14
0 27 94 80
0 28 9 16
0 29 95 94
0 30 5 18
0 31 83 80
0 32 76 73
0 33 58 59
0 34 70 59
0 35 40 37
0 36 73 69
0 37 42 41
0 38 31 31
0 39 50 48
0 40 28 26
0 41 11 11
0 42 46 43
0 43 63 64
0 44 99 99
0 45 95 83
0 46 50 54
0 47 59 60
0 48 77 72
0 49 13 19
1 2 44 51
1 3 15 25
1 4 97 89
1 5 38 38
1 6 85 73
1 7 76 71
1 8 39 40
1 9 87 84
1 10 15 20
1 11 32 33
1 12 33 40
1 13 25 27
1 14 89 82
1 15 2 3
1 16 21 22
1 17 18 22
1 18 32 36
1 19 37 45
1 20 74 68
1 21 76 80
1 22 93 87
1 23 54 55
1 24 70 64
1 25 88 89
1 26 70 64
1 27 18 27
1 28 25 27
1 29 42 48
1 30 30 31
1 31 66 62
1 32 63 58
1 33 66 56
1 34 91 81
1 35 33 42
1 36 33 32
1 37 76 74
1 38 38 36
1 39 58 57
1 40 24 25
1 41 51 54
1 42 71 71
1 43 18 15
1 44 17 20
1 45 58 54
1 46 42 42
1 47 92 87
1 48 26 33
1 49 76 73
2 3 81 77
2 4 15 14
2 5 55 53
2 6 94 88
2 7 88 83
2 8 7 12
2 9 39 35
2 10 55 53
2 11 72 63
2 12 17 23
2 13 31 39
2 14 46 41
2 15 28 35
2 16 41 39
2 17 53 56
2 18 53 54
2 19 76 69
2 20 55 51
2 21 68 59
2 22 51 57
2 23 63 55
2 24 29 26
2 25 1 5
2 26 49 57
2 27 93 83
2 28 48 42
2 29 74 64
2 30 12 20
2 31 56 51
2 32 31 40
2 33 15 16
2 34 88 88
2 35 67 65
2 36 6 20
2 37 0 10
2 38 38 42
2 39 27 38
2 40 8 13
2 41 36 37
2 42 84 74
2 43 69 71
2 44 22 26
2 45 91 82
2 46 4 13
2 47 2 9
2 48 39 44
2 49 68 62
3 4 66 68
3 5 88 79
3 6 2 6
3 7 60 63
3 8 25 34
3 9 26 34
3 10 67 67
3 11 95 90
3 12 5 15
3 13 46 39
3 14 91 89
3 15 54 50
3 16 92 84
3 17 35 32
3 18 0 11
3 19 74 71
3 20 27 36
3 21 62 57
3 22 82 73
3 23 24 26
3 24 16 15
3 25 67 63
3 26 13 22
3 27 38 36
3 28 11 12
3 29 56 54
3 30 63 63
3 31 38 43
3 32 84 83
3 33 39 42
3 34 74 76
3 35 53 46
3 36 66 71
3 37 16 23
3 38 61 55
3 39 28 25
3 40 43 43
3 41 74 71
3 42 15 21
3 43 73 69
3 44 95 91
3 45 71 71
3 46 57 59
3 47 45 38
3 48 70 71
3 49 34 41
4 5 11 20
4 6 28 36
4 7 48 53
4 8 54 53
4 9 70 66
4 10 15 26
4 11 55 55
4 12 3 4
4 13 97 84
4 14 50 48
4 15 16 21
4 16 61 54
4 17 22 29
4 18 83 71
4 19 85 82
4 20 1 12
4 21 86 82
4 22 6 9
4 23 77 71
4 24 61 63
4 25 87 75
4 26 97 93
4 27 66 59
4 28 10 14
4 29 2 5
4 30 38 39
4 31 89 84
4 32 12 17
4 33 53 50
4 34 81 82
4 35 32 38
4 36 16 14
4 37 61 63
4 38 17 29
4 39 37 40
4 40 92 89
4 41 97 94
4 42 7 8
4 43 26 24
4 44 51 48
4 45 33 29
4 46 88 85
4 47 79 71
4 48 26 34
4 49 14 26
5 6 28 35
5 7 70 66
5 8 26 24
5 9 4 18
5 10 81 69
5 11 18 20
5 12 3 4
5 13 34 43
5 14 77 74
5 15 42 50
5 16 33 32
5 17 88 82
5 18 96 84
5 19 71 64
5 20 65 56
5 21 61 54
5 22 90 87
5 23 69 60
5 24 59 61
5 25 78 71
5 26 64 58
5 27 9 13
5 28 10 13
5 29 76 76
5 30 32 31
5 31 30 29
5 32 4 5
5 33 42 45
5 34 24 32
5 35 75 69
5 36 10 13
5 37 57 58
5 38 86 79
5 39 24 22
5 40 76 72
5 41 22 19
5 42 82 83
5 43 58 54
5 44 85 82
5 45 41 40
5 46 68 60
5 47 1 6
5 48 28 30
5 49 45 49
6 7 24 26
6 8 31 31
6 9 28 27
6 10 5 13
6 11 31 41
6 12 65 67
6 13 86 79
6 14 59 62
6 15 93 91
6 16 98 98
6 17 51 51
6 18 83 75
6 19 26 34
6 20 83 75
6 21 99 91
6 22 96 90
6 23 51 45
6 24 74 74
6 25 22 22
6 26 82 70
6 27 78 69
6 28 87 86
6 29 32 27
6 30 96 91
6 31 35 38
6 32 37 41
6 33 41 38
6 34 17 24
6 35 65 63
6 36 14 25
6 37 9 15
6 38 74 71
6 39 42 47
6 40 41 38
6 41 77 78
6 42 79 68
6 43 14 15
6 44 68 59
6 45 2 13
6 46 10 23
6 47 89 85
6 48 92 88
6 49 2 15
7 8 45 46
7 9 5 18
7 10 80 82
7 11 68 62
7 12 20 24
7 13 11 20
7 14 63 54
7 15 59 53
7 16 76 65
7 17 2 4
7 18 69 60
7 19 74 64
7 20 53 48
7 21 43 48
7 22 85 80
7 23 98 86
7 24 46 43
7 25 44 44
7 26 1 12
7 27 92 87
7 28 60 60
7 29 47 45
7 30 30 34
7 31 89 88
7 32 37 35
7 33 44 42
7 34 12 25
7 35 53 53
7 36 54 61
7 37 11 24
7 38 25 24
7 39 42 50
7 40 68 71
7 41 83 77
7 42 56 58
7 43 9 11
7 44 51 50
7 45 48 46
7 46 58 59
7 47 58 54
7 48 50 50
7 49 4 10
8 9 95 92
8 10 76 66
8 11 92 82
8 12 27 35
8 13 80 69
8 14 98 95
8 15 24 35
8 16 60 62
8 17 99 92
8 18 0 9
8 19 12 18
8 20 64 57
8 21 47 41
8 22 96 88
8 23 58 64
8 24 44 47
8 25 8 13
8 26 4 7
8 27 45 42
8 28 54 49
8 29 75 67
8 30 76 70
8 31 39 47
8 32 22 33
8 33 34 41
8 34 27 29
8 35 49 51
8 36 59 63
8 37 15 23
8 38 67 57
8 39 21 20
8 40 72 61
8 41 97 96
8 42 87 86
8 43 71 61
8 44 28 25
8 45 56 60
8 46 80 80
8 47 60 59
8 48 97 97
8 49 91 79
9 10 54 53
9 11 53 52
9 12 33 35
9 13 92 90
9 14 88 81
9 15 66 67
9 16 34 34
9 17 96 88
9 18 99 98
9 19 97 85
9 20 65 65
9 21 80 69
9 22 80 77
9 23 90 81
9 24 43 38
9 25 67 59
9 26 12 14
9 27 38 33
9 28 59 60
9 29 43 48
9 30 12 20
9 31 37 45
9 32 17 25
9 33 39 40
9 34 74 66
9 35 51 56
9 36 27 31
9 37 80 81
9 38 72 70
9 39 1 12
9 40 56 50
9 41 92 90
9 42 64 60
9 43 5 18
9 44 6 6
9 45 58 62
9 46 26 26
9 47 45 51
9 48 11 21
9 49 25 35
10 11 83 79
10 12 51 58
10 13 9 21
10 14 38 41
10 15 28 33
10 16 22 20
10 17 89 88
10 18 39 38
10 19 12 23
10 20 66 63
10 21 46 48
10 22 64 62
10 23 57 60
10 24 43 45
10 25 62 54
10 26 87 82
10 27 71 72
10 28 41 38
10 29 76 77
10 30 51 58
10 31 67 63
10 32 78 80
10 33 79 79
10 34 34 31
10 35 47 49
10 36 26 36
10 37 29 30
10 38 83 80
10 39 33 33
10 40 91 83
10 41 82 79
10 42 90 82
10 43 66 68
10 44 19 28
10 45 88 83
10 46 1 6
10 47 81 80
10 48 17 15
10 49 48 47
11 12 87 81
11 13 0 4
11 14 35 31
11 15 55 48
11 16 19 23
11 17 70 60
11 18 71 69
11 19 9 11
11 20 55 48
11 21 52 49
11 22 75 65
11 23 77 75
11 24 25 25
11 25 97 93
11 26 73 66
11 27 87 78
11 28 87 84
11 29 99 93
11 30 53 54
11 31 34 31
11 32 73 70
11 33 64 59
11 34 87 81
11 35 34 33
11 36 69 72
11 37 13 18
11 38 54 47
11 39 95 95
11 40 17 19
11 41 39 44
11 42 8 16
11 43 13 25
11 44 53 58
11 45 65 66
11 46 2 9
11 47 86 85
11 48 86 74
11 49 75 70
12 13 61 59
12 14 0 9
12 15 46 45
12 16 73 64
12 17 59 58
12 18 30 26
12 19 84 76
12 20 94 88
12 21 49 48
12 22 35 39
12 23 51 55
12 24 52 53
12 25 71 67
12 26 82 84
12 27 50 53
12 28 62 64
12 29 53 57
12 30 92 90
12 31 93 83
12 32 10 16
12 33 38 42
12 34 96 85
12 35 23 25
12 36 27 36
12 37 22 31
12 38 61 60
12 39 10 15
12 40 71 66
12 41 31 27
12 42 77 66
12 43 84 82
12 44 14 23
12 45 68 64
12 46 92 90
12 47 59 52
12 48 28 29
12 49 30 29
13 14 50 55
13 15 82 72
13 16 76 65
13 17 66 67
13 18 5 19
13 19 44 51
13 20 55 60
13 21 20 17
13 22 88 76
13 23 23 21
13 24 78 70
13 25 46 51
13 26 21 22
13 27 12 25
13 28 57 62
13 29 54 56
13 30 26 25
13 31 1 3
13 32 0 15
13 33 87 77
13 34 72 73
13 35 26 33
13 36 82 79
13 37 18 26
13 38 18 15
13 39 96 83
13 40 23 25
13 41 89 89
13 42 55 51
13 43 47 47
13 44 98 95
13 45 57 60
13 46 8 20
13 47 27 31
13 48 80 68
13 49 74 67
14 15 54 52
14 16 74 64
14 17 56 51
14 18 88 80
14 19 93 90
14 20 50 51
14 21 6 8
14 22 81 76
14 23 89 76
14 24 86 76
14 25 28 27
14 26 41 46
14 27 27 23
14 28 86 87
14 29 5 17
14 30 56 57
14 31 67 58
14 32 19 19
14 33 31 36
14 34 21 21
14 35 86 85
14 36 49 51
14 37 1 12
14 38 96 84
14 39 81 82
14 40 57 54
14 41 80 69
14 42 58 55
14 43 20 20
14 44 46 41
14 45 11 19
14 46 69 67
14 47 93 84
14 48 42 45
14 49 2 6
15 16 67 65
15 17 87 84
15 18 68 58
15 19 92 92
15 20 49 55
15 21 26 34
15 22 50 49
15 23 64 66
15 24 95 95
15 25 29 31
15 26 72 76
15 27 80 79
15 28 20 19
15 29 11 17
15 30 85 73
15 31 64 68
15 32 34 32
15 33 45 45
15 34 0 9
15 35 94 86
15 36 8 8
15 37 1 12
15 38 52 47
15 39 21 18
15 40 27 26
15 41 19 28
15 42 7 13
15 43 61 59
15 44 75 70
15 45 89 80
15 46 8 10
15 47 97 93
15 48 44 49
15 49 17 27
16 17 9 9
16 18 70 63
16 19 26 26
16 20 27 23
16 21 38 44
16 22 54 60
16 23 5 15
16 24 63 68
16 25 10 16
16 26 64 60
16 27 38 33
16 28 17 27
16 29 64 59
16 30 15 13
16 31 14 18
16 32 63 59
16 33 55 51
16 34 99 96
16 35 97 91
16 36 2 16
16 37 36 32
16 38 25 31
16 39 90 85
16 40 38 38
16 41 32 40
16 42 45 52
16 43 68 72
16 44 9 11
16 45 66 60
16 46 83 85
16 47 76 66
16 48 56 61
16 49 91 89
17 18 10 13
17 19 38 43
17 20 17 29
17 21 99 93
17 22 90 87
17 23 54 57
17 24 1 4
17 25 96 90
17 26 77 80
17 27 63 56
17 28 17 27
17 29 56 56
17 30 93 79
17 31 92 82
17 32 9 13
17 33 41 39
17 34 88 78
17 35 53 48
17 36 70 67
17 37 67 61
17 38 33 28
17 39 6 7
17 40 20 18
17 41 20 18
17 42 73 63
17 43 90 87
17 44 39 47
17 45 1 6
17 46 54 58
17 47 55 51
17 48 95 84
17 49 84 80
18 19 61 65
18 20 44 43
18 21 31 28
18 22 14 26
18 23 47 53
18 24 32 36
18 25 65 61
18 26 24 29
18 27 72 71
18 28 27 27
18 29 44 51
18 30 18 26
18 31 42 37
18 32 24 28
18 33 6 18
18 34 78 71
18 35 92 81
18 36 20 27
18 37 28 30
18 38 49 54
18 39 92 79
18 40 76 68
18 41 21 22
18 42 1 12
18 43 7 14
18 44 78 66
18 45 15 24
18 46 73 72
18 47 8 21
18 48 16 16
18 49 80 69
19 20 64 64
19 21 10 15
19 22 52 50
19 23 4 14
19 24 12 15
19 25 10 18
19 26 63 58
19 27 95 94
19 28 80 80
19 29 44 48
19 30 33 42
19 31 66 68
19 32 83 75
19 33 11 18
19 34 54 60
19 35 93 91
19 36 19 25
19 37 52 45
19 38 21 30
19 39 76 71
19 40 9 12
19 41 97 84
19 42 60 63
19 43 1 4
19 44 27 34
19 45 16 16
19 46 85 76
19 47 6 12
19 48 90 78
19 49 51 55
20 21 70 74
20 22 12 10
20 23 87 87
20 24 48 42
20 25 98 89
20 26 51 47
20 27 18 21
20 28 61 57
20 29 77 68
20 30 46 41
20 31 14 19
20 32 13 17
20 33 11 9
20 34 91 79
20 35 64 68
20 36 84 79
20 37 46 48
20 38 68 62
20 39 2 6
20 40 70 74
20 41 50 48
20 42 51 46
20 43 70 60
20 44 67 59
20 45 44 48
20 46 28 26
20 47 35 36
20 48 51 52
20 49 83 70
21 22 21 27
21 23 16 27
21 24 39 38
21 25 1 9
21 26 91 90
21 27 57 63
21 28 96 89
21 29 61 55
21 30 70 73
21 31 86 81
21 32 86 80
21 33 17 17
21 34 93 90
21 35 28 29
21 36 33 31
21 37 99 89
21 38 91 81
21 39 93 87
21 40 51 58
21 41 34 42
21 42 43 39
21 43 50 43
21 44 6 9
21 45 61 60
21 46 87 77
21 47 50 55
21 48 95 83
21 49 50 52
22 23 51 55
22 24 47 54
22 25 23 35
22 26 0 9
22 27 93 83
22 28 42 50
22 29 49 44
22 30 6 17
22 31 70 69
22 32 37 46
22 33 69 65
22 34 37 34
22 35 27 26
22 36 26 29
22 37 51 55
22 38 95 83
22 39 87 75
22 40 60 56
22 41 14 13
22 42 40 36
22 43 34 38
22 44 45 47
22 45 9 11
22 46 69 61
22 47 76 66
22 48 37 42
22 49 13 15
23 24 91 90
23 25 22 22
23 26 1 3
23 27 79 69
23 28 6 20
23 29 30 37
23 30 76 69
23 31 44 39
23 32 27 30
23 33 69 68
23 34 19 24
23 35 84 79
23 36 34 39
23 37 8 14
23 38 75 72
23 39 72 65
23 40 27 28
23 41 67 64
23 42 43 43
23 43 52 53
23 44 79 78
23 45 87 76
23 46 88 83
23 47 23 29
23 48 27 27
23 49 45 39
24 25 87 80
24 26 21 32
24 27 24 35
24 28 33 40
24 29 62 56
24 30 2 7
24 31 75 69
24 32 84 83
24 33 6 16
24 34 49 48
24 35 43 44
24 36 65 67
24 37 60 54
24 38 56 56
24 39 21 22
24 40 76 78
24 41 4 5
24 42 41 41
24 43 95 82
24 44 42 49
24 45 53 46
24 46 55 47
24 47 16 24
24 48 80 76
24 49 98 87
25 26 51 44
25 27 25 36
25 28 9 22
25 29 26 29
25 30 4 7
25 31 89 87
25 32 69 65
25 33 64 59
25 34 0 9
25 35 9 17
25 36 54 53
25 37 38 46
25 38 35 37
25 39 31 32
25 40 32 42
25 41 87 80
25 42 39 35
25 43 55 60
25 44 96 86
25 45 16 22
25 46 40 43
25 47 42 38
25 48 28 30
25 49 39 34
26 27 72 75
26 28 67 60
26 29 78 81
26 30 61 59
26 31 31 35
26 32 71 70
26 33 78 81
26 34 3 10
26 35 71 64
26 36 92 83
26 37 91 88
26 38 73 67
26 39 29 26
26 40 26 25
26 41 31 29
26 42 42 39
26 43 70 66
26 44 70 59
26 45 79 75
26 46 34 31
26 47 66 63
26 48 8 22
26 49 47 53
27 28 23 28
27 29 91 79
27 30 49 50
27 31 11 20
27 32 20 28
27 33 17 18
27 34 31 36
27 35 3 10
27 36 4 15
27 37 1 6
27 38 74 74
27 39 83 84
27 40 60 54
27 41 77 72
27 42 12 20
27 43 67 67
27 44 15 25
27 45 48 43
27 46 57 50
27 47 15 18
27 48 54 54
27 49 98 84
28 29 80 75
28 30 41 46
28 31 54 60
28 32 87 86
28 33 20 19
28 34 87 87
28 35 55 48
28 36 33 28
28 37 67 71
28 38 81 72
28 39 68 59
28 40 76 80
28 41 18 24
28 42 13 18
28 43 80 76
28 44 49 44
28 45 24 22
28 46 10 16
28 47 8 21
28 48 94 92
28 49 50 48
29 30 38 38
29 31 35 31
29 32 55 52
29 33 63 55
29 34 77 70
29 35 44 48
29 36 23 33
29 37 28 38
29 38 13 24
29 39 78 76
29 40 2 14
29 41 27 32
29 42 7 20
29 43 30 36
29 44 16 19
29 45 53 48
29 46 96 83
29 47 80 77
29 48 70 63
29 49 49 52
30 31 85 85
30 32 55 53
30 33 78 77
30 34 68 64
30 35 5 16
30 36 37 44
30 37 90 91
30 38 74 74
30 39 98 90
30 40 56 59
30 41 99 98
30 42 64 67
30 43 87 78
30 44 24 24
30 45 39 34
30 46 7 9
30 47 76 75
30 48 67 57
30 49 9 17
31 32 16 21
31 33 65 67
31 34 59 51
31 35 25 34
31 36 70 71
31 37 26 28
31 38 8 16
31 39 71 66
31 40 10 24
31 41 7 8
31 42 32 27
31 43 33 33
31 44 97 88
31 45 79 75
31 46 59 58
31 47 4 7
31 48 20 25
31 49 45 43
32 33 69 68
32 34 66 61
32 35 36 34
32 36 35 40
32 37 62 67
32 38 83 73
32 39 83 78
32 40 89 88
32 41 39 37
32 42 41 36
32 43 72 65
32 44 0 9
32 45 32 37
32 46 87 86
32 47 28 38
32 48 16 14
32 49 74 66
33 34 75 68
33 35 43 42
33 36 89 78
33 37 84 85
33 38 39 36
33 39 61 54
33 40 83 77
33 41 38 38
33 42 24 29
33 43 20 32
33 44 86 85
33 45 25 33
33 46 58 56
33 47 31 36
33 48 13 14
33 49 70 67
34 35 38 37
34 36 54 54
34 37 79 74
34 38 96 94
34 39 90 91
34 40 49 43
34 41 14 16
34 42 26 29
34 43 58 49
34 44 10 12
34 45 15 14
34 46 61 65
34 47 77 68
34 48 79 67
34 49 42 42
35 36 40 45
35 37 18 25
35 38 66 59
35 39 68 58
35 40 63 62
35 41 15 24
35 42 6 17
35 43 76 69
35 44 48 48
35 45 45 40
35 46 51 44
35 47 92 88
35 48 26 24
35 49 86 80
36 37 83 76
36 38 88 78
36 39 41 48
36 40 95 84
36 41 30 32
36 42 41 41
36 43 19 19
36 44 15 22
36 45 42 39
36 46 26 33
36 47 26 29
36 48 53 46
36 49 21 20
37 38 92 84
37 39 45 44
37 40 59 51
37 41 75 78
37 42 35 44
37 43 57 55
37 44 7 12
37 45 54 54
37 46 61 66
37 47 43 46
37 48 9 18
37 49 33 42
38 39 64 56
38 40 48 55
38 41 36 39
38 42 20 19
38 43 28 37
38 44 45 39
38 45 55 59
38 46 47 43
38 47 63 65
38 48 98 97
38 49 82 83
39 40 57 52
39 41 43 40
39 42 54 52
39 43 33 42
39 44 6 12
39 45 1 1
39 46 70 69
39 47 35 42
39 48 89 86
39 49 78 68
40 41 60 54
40 42 12 23
40 43 69 67
40 44 88 76
40 45 78 73
40 46 91 90
40 47 89 91
40 48 17 27
40 49 83 82
41 42 20 26
41 43 93 84
41 44 51 51
41 45 30 35
41 46 51 56
41 47 41 44
41 48 46 39
41 49 22 24
42 43 16 14
42 44 92 82
42 45 49 42
42 46 68 71
42 47 7 7
42 48 10 21
42 49 33 38
43 44 7 19
43 45 41 41
43 46 35 40
43 47 62 54
43 48 56 55
43 49 8 10
44 45 95 95
44 46 77 79
44 47 68 65
44 48 35 43
44 49 67 71
45 46 43 40
45 47 55 57
45 48 91 82
45 49 69 69
46 47 74 65
46 48 23 33
46 49 13 11
47 48 95 86
47 49 98 98
48 49 76 76
0
63
90 458
91 447
92 442
93 438
94 435
95 432
96 429
98 427
99 424
100 421
102 419
103 416
104 414
105 413
106 412
107 409
108 407
109 406
110 405
111 402
112 401
113 400
114 399
115 398
116 395
117 394
118 393
119 392
120 391
121 389
122 388
123 387
124 386
125 385
126 384
127 383
128 382
129 381
130 380
131 379
132 378
133 377
134 376
135 375
136 374
137 373
138 372
139 371
141 370
142 369
143 368
144 367
145 366
148 365
152 364
154 363
155 362
158 361
162 360
165 359
169 358
175 357
185 356
