10
0 1 601 636
0 2 670 708
0 3 874 924
0 4 791 433
0 5 225 216
0 6 696 432
0 7 225 269
0 8 271 498
0 9 942 709
1 2 993 962
1 3 566 896
1 4 166 212
1 5 651 343
1 6 419 338
1 7 820 771
1 8 903 857
1 9 649 889
2 3 300 27
2 4 291 474
2 5 906 782
2 6 449 569
2 7 291 702
2 8 184 78
2 9 155 48
3 4 599 634
3 5 933 830
3 6 409 251
3 7 398 649
3 8 778 819
3 9 288 847
4 5 265 246
4 6 7 33
4 7 409 317
4 8 368 390
4 9 849 553
5 6 252 535
5 7 803 919
5 8 350 96
5 9 614 498
6 7 702 627
6 8 978 970
6 9 607 858
7 8 624 660
7 9 37 268
8 9 601 651
0
4
1539 2506
1551 1686
1564 1397
1689 1224
