10
0 1 592 344
0 2 501 796
0 3 378 447
0 4 43 550
0 5 853 879
0 6 388 538
0 7 539 942
0 8 490 153
0 9 873 870
1 2 350 533
1 3 877 989
1 4 74 449
1 5 799 18
1 6 595 903
1 7 379 727
1 8 214 639
1 9 718 828
2 3 346 324
2 4 916 654
2 5 748 460
2 6 768 485
2 7 348 328
2 8 230 803
2 9 67 479
3 4 387 378
3 5 953 295
3 6 826 941
3 7 424 769
3 8 582 908
3 9 933 744
4 5 321 432
4 6 643 729
4 7 57 404
4 8 584 106
4 9 932 650
5 6 943 490
5 7 934 353
5 8 272 423
5 9 913 921
6 7 516 200
6 8 430 607
6 9 853 321
7 8 414 318
7 9 924 517
8 9 94 252
0
33
1555 4058
1662 3851
1683 3720
1790 3513
1817 3409
1883 3399
1959 3234
2053 3187
2237 3116
2240 3083
2264 3012
2330 3002
2410 2994
2486 2829
2500 2790
2580 2782
2715 2702
2767 2678
2781 2639
2791 2607
2857 2597
2989 2581
2996 2551
3027 2385
3225 2359
3308 2234
3506 2208
3665 2148
3826 2129
3863 2122
4156 2103
4183 2043
4544 1994
