10
0 1 848 690
0 2 248 404
0 3 389 171
0 4 863 591
0 5 598 636
0 6 116 83
0 7 932 922
0 8 531 183
0 9 900 761
1 2 414 459
1 3 634 813
1 4 666 553
1 5 634 434
1 6 239 310
1 7 704 461
1 8 395 633
1 9 437 543
2 3 457 462
2 4 141 429
2 5 391 471
2 6 195 125
2 7 12 25
2 8 586 695
2 9 428 307
3 4 845 600
3 5 721 728
3 6 488 648
3 7 499 406
3 8 439 796
3 9 534 731
4 5 730 825
4 6 611 516
4 7 576 939
4 8 399 439
4 9 960 985
5 6 962 999
5 7 557 713
5 8 890 675
5 9 469 189
6 7 150 432
6 8 253 175
6 9 510 532
7 8 69 63
7 9 534 612
8 9 928 837
0
5
1935 2291
1976 2173
1980 1984
2021 1866
2058 1702
