10
0 1 749 398
0 2 151 196
0 3 206 54
0 4 977 777
0 5 971 852
0 6 863 943
0 7 236 483
0 8 258 506
0 9 776 806
1 2 569 956
1 3 466 429
1 4 741 881
1 5 533 592
1 6 792 227
1 7 130 657
1 8 842 788
1 9 539 808
2 3 457 643
2 4 630 732
2 5 605 476
2 6 714 687
2 7 939 703
2 8 678 414
2 9 755 880
3 4 593 571
3 5 953 803
3 6 100 901
3 7 547 429
3 8 963 999
3 9 905 782
4 5 517 455
4 6 530 533
4 7 748 250
4 8 110 344
4 9 620 333
5 6 942 513
5 7 802 485
5 8 846 612
5 9 263 662
6 7 174 312
6 8 72 157
6 9 941 248
7 8 787 962
7 9 559 985
8 9 851 723
0
26
1723 3738
1826 3616
1859 3320
1962 3198
2192 3144
2195 3092
2216 2991
2298 2970
2446 2937
2521 2890
2552 2763
2835 2732
2854 2714
2863 2709
2873 2678
2878 2561
3108 2507
3199 2476
3429 2422
3641 2407
3712 2391
3837 2382
4003 2360
4067 2328
4279 2313
4350 2297
