10
0 1 169 195
0 2 284 87
0 3 362 496
0 4 771 784
0 5 479 823
0 6 812 386
0 7 123 344
0 8 295 285
0 9 282 96
1 2 993 923
1 3 844 948
1 4 556 385
1 5 518 533
1 6 126 256
1 7 449 183
1 8 87 291
1 9 766 436
2 3 84 252
2 4 862 927
2 5 579 733
2 6 737 718
2 7 101 91
2 8 474 408
2 9 839 882
3 4 985 983
3 5 566 462
3 6 626 381
3 7 928 873
3 8 811 605
3 9 461 304
4 5 175 269
4 6 493 770
4 7 874 866
4 8 936 947
4 9 636 451
5 6 277 784
5 7 462 154
5 8 664 740
5 9 99 102
6 7 337 438
6 8 264 757
6 9 536 809
7 8 132 440
7 9 464 838
8 9 959 947
0
8
1204 2829
1209 2141
1246 1896
1370 1884
1407 1639
1615 1633
1687 1627
1895 1621
