25
0 1 441 439
0 2 20 54
0 3 613 420
0 4 197 308
0 5 286 460
0 6 279 736
0 7 562 714
0 8 93 731
0 9 177 531
0 10 576 70
0 11 514 579
0 12 928 609
0 13 149 327
0 14 776 961
0 15 453 160
0 16 888 369
0 17 727 630
0 18 870 419
0 19 872 974
0 20 23 224
0 21 964 610
0 22 31 51
0 23 742 86
0 24 374 312
1 2 599 495
1 3 759 305
1 4 935 290
1 5 472 144
1 6 8 4
1 7 788 226
1 8 216 197
1 9 337 400
1 10 377 516
1 11 806 791
1 12 135 90
1 13 459 949
1 14 510 756
1 15 583 620
1 16 748 876
1 17 653 354
1 18 339 218
1 19 199 282
1 20 509 560
1 21 825 842
1 22 874 977
1 23 476 235
1 24 760 638
2 3 1 30
2 4 805 587
2 5 302 845
2 6 355 596
2 7 240 144
2 8 442 808
2 9 122 272
2 10 596 228
2 11 8 34
2 12 5 551
2 13 491 686
2 14 586 789
2 15 193 475
2 16 555 65
2 17 178 118
2 18 842 810
2 19 749 972
2 20 543 317
2 21 196 897
2 22 733 970
2 23 957 989
2 24 889 984
3 4 467 238
3 5 315 380
3 6 373 533
3 7 531 675
3 8 596 242
3 9 172 660
3 10 215 674
3 11 133 158
3 12 379 410
3 13 204 447
3 14 263 260
3 15 956 980
3 16 962 978
3 17 907 949
3 18 980 960
3 19 16 125
3 20 92 620
3 21 77 128
3 22 703 461
3 23 142 85
3 24 233 542
4 5 364 310
4 6 237 218
4 7 108 330
4 8 770 173
4 9 660 807
4 10 875 748
4 11 696 992
4 12 453 774
4 13 938 670
4 14 246 493
4 15 92 105
4 16 479 902
4 17 209 61
4 18 530 593
4 19 305 367
4 20 14 30
4 21 387 198
4 22 437 835
4 23 707 469
4 24 333 425
5 6 483 569
5 7 932 675
5 8 659 175
5 9 530 29
5 10 390 739
5 11 47 16
5 12 91 44
5 13 986 990
5 14 64 534
5 15 321 579
5 16 836 482
5 17 509 139
5 18 384 24
5 19 204 609
5 20 148 237
5 21 440 296
5 22 656 791
5 23 962 588
5 24 263 280
6 7 371 62
6 8 918 824
6 9 106 141
6 10 506 399
6 11 13 353
6 12 435 405
6 13 736 706
6 14 463 21
6 15 985 972
6 16 337 554
6 17 344 699
6 18 278 203
6 19 383 525
6 20 255 726
6 21 997 819
6 22 534 134
6 23 138 530
6 24 999 981
7 8 531 778
7 9 535 507
7 10 500 378
7 11 574 157
7 12 717 355
7 13 361 312
7 14 747 839
7 15 56 596
7 16 851 950
7 17 522 250
7 18 484 937
7 19 549 660
7 20 398 813
7 21 511 100
7 22 525 61
7 23 94 564
7 24 926 988
8 9 537 275
8 10 125 621
8 11 406 434
8 12 64 103
8 13 521 390
8 14 973 681
8 15 48 153
8 16 698 474
8 17 965 655
8 18 52 124
8 19 480 824
8 20 128 467
8 21 41 758
8 22 777 574
8 23 238 699
8 24 151 299
9 10 138 371
9 11 231 171
9 12 827 964
9 13 225 149
9 14 104 270
9 15 887 93
9 16 942 682
9 17 357 359
9 18 20 123
9 19 579 284
9 20 687 551
9 21 900 789
9 22 364 504
9 23 215 294
9 24 733 468
10 11 377 278
10 12 37 69
10 13 69 200
10 14 71 92
10 15 993 746
10 16 56 322
10 17 74 283
10 18 552 806
10 19 434 75
10 20 567 134
10 21 596 687
10 22 499 781
10 23 838 299
10 24 767 845
11 12 120 92
11 13 420 103
11 14 291 301
11 15 847 672
11 16 543 157
11 17 828 893
11 18 876 973
11 19 179 667
11 20 80 13
11 21 97 14
11 22 885 738
11 23 993 469
11 24 68 412
12 13 10 333
12 14 346 423
12 15 412 26
12 16 842 313
12 17 394 617
12 18 326 830
12 19 639 448
12 20 986 705
12 21 135 21
12 22 638 216
12 23 616 650
12 24 326 5
13 14 973 974
13 15 668 305
13 16 553 43
13 17 8 51
13 18 123 153
13 19 830 863
13 20 377 904
13 21 898 387
13 22 262 483
13 23 904 620
13 24 972 978
14 15 103 449
14 16 383 826
14 17 558 125
14 18 658 526
14 19 253 273
14 20 902 353
14 21 698 786
14 22 124 151
14 23 836 445
14 24 402 717
15 16 466 17
15 17 485 370
15 18 425 78
15 19 552 460
15 20 844 644
15 21 291 156
15 22 328 298
15 23 779 884
15 24 203 127
16 17 559 977
16 18 686 807
16 19 828 724
16 20 225 61
16 21 739 444
16 22 25 266
16 23 819 589
16 24 521 389
17 18 943 672
17 19 120 85
17 20 821 221
17 21 56 424
17 22 66 150
17 23 848 287
17 24 544 523
18 19 608 743
18 20 909 788
18 21 812 566
18 22 174 32
18 23 102 267
18 24 452 377
19 20 289 173
19 21 105 459
19 22 245 485
19 23 695 851
19 24 743 337
20 21 847 553
20 22 756 835
20 23 269 399
20 24 541 966
21 22 801 460
21 23 673 792
21 24 731 679
22 23 827 974
22 24 536 820
23 24 751 731
0
160
765 5879
772 5437
780 5116
788 4819
795 4782
803 4485
824 4189
844 4075
864 4007
875 3960
876 3923
884 3893
885 3788
905 3674
925 3606
930 3568
937 3522
945 3492
957 3408
970 3386
977 3340
982 3302
997 3226
1014 3197
1022 3120
1038 3119
1039 3091
1054 3015
1078 2937
1079 2909
1095 2908
1113 2882
1115 2840
1135 2726
1171 2725
1172 2697
1179 2678
1189 2661
1201 2646
1208 2628
1214 2624
1218 2613
1228 2514
1257 2463
1270 2441
1301 2415
1307 2412
1311 2398
1314 2393
1324 2376
1336 2361
1340 2350
1343 2343
1360 2328
1363 2229
1392 2178
1417 2164
1436 2130
1446 2113
1480 2107
1490 2065
1495 2043
1524 1992
1549 1978
1568 1944
1578 1927
1612 1921
1622 1879
1647 1870
1666 1856
1690 1852
1691 1822
1701 1805
1724 1787
1745 1757
1768 1739
1778 1722
1812 1716
1822 1674
1847 1665
1866 1651
1890 1647
1891 1617
1901 1600
1935 1594
1944 1582
1945 1552
1989 1529
2013 1525
2023 1508
2055 1481
2067 1460
2099 1458
2111 1437
2154 1426
2186 1399
2198 1378
2230 1376
2242 1355
2287 1354
2319 1352
2331 1331
2391 1314
2423 1312
2435 1291
2562 1276
2607 1275
2616 1267
2651 1252
2676 1247
2705 1243
2711 1235
2743 1233
2755 1212
2809 1203
2944 1198
2945 1197
2952 1191
2979 1183
2996 1168
3039 1166
3071 1164
3083 1143
3137 1134
3201 1132
3265 1118
3319 1109
3324 1099
3388 1097
3489 1089
3506 1074
3549 1072
3581 1070
3593 1049
3647 1040
3711 1038
3790 1028
3822 1026
3834 1005
3898 1003
4044 997
4108 995
4178 987
4187 978
4198 975
4262 973
4416 972
4498 966
4512 965
4531 960
4542 957
4606 955
4641 947
4652 944
4955 937
4966 934
4985 929
4996 926
5299 919
5310 916
