25
0 1 347 233
0 2 279 539
0 3 239 186
0 4 831 818
0 5 174 92
0 6 360 239
0 7 88 26
0 8 158 83
0 9 683 470
0 10 874 583
0 11 498 384
0 12 574 891
0 13 390 111
0 14 813 789
0 15 464 726
0 16 784 625
0 17 499 661
0 18 406 466
0 19 850 728
0 20 624 599
0 21 54 29
0 22 106 66
0 23 360 601
0 24 207 152
1 2 882 708
1 3 881 888
1 4 892 970
1 5 828 751
1 6 15 43
1 7 464 191
1 8 163 273
1 9 173 463
1 10 272 666
1 11 607 810
1 12 348 32
1 13 748 329
1 14 261 312
1 15 49 14
1 16 868 744
1 17 742 435
1 18 958 944
1 19 877 717
1 20 720 798
1 21 270 235
1 22 948 967
1 23 91 152
1 24 477 582
2 3 760 877
2 4 149 209
2 5 41 56
2 6 74 295
2 7 713 767
2 8 989 927
2 9 443 361
2 10 465 513
2 11 621 984
2 12 784 503
2 13 542 773
2 14 819 875
2 15 677 594
2 16 902 785
2 17 596 523
2 18 307 753
2 19 96 81
2 20 667 745
2 21 101 184
2 22 53 33
2 23 957 971
2 24 149 282
3 4 274 355
3 5 403 76
3 6 479 537
3 7 543 500
3 8 215 290
3 9 776 679
3 10 298 132
3 11 912 807
3 12 288 224
3 13 140 252
3 14 210 448
3 15 991 973
3 16 796 699
3 17 999 999
3 18 354 319
3 19 275 515
3 20 862 781
3 21 671 389
3 22 157 16
3 23 296 352
3 24 836 541
4 5 270 474
4 6 88 180
4 7 729 688
4 8 813 885
4 9 523 207
4 10 4 3
4 11 436 661
4 12 692 607
4 13 208 50
4 14 97 5
4 15 511 443
4 16 526 488
4 17 65 113
4 18 81 33
4 19 892 800
4 20 881 937
4 21 204 292
4 22 715 900
4 23 501 619
4 24 31 646
5 6 348 288
5 7 984 864
5 8 152 53
5 9 4 4
5 10 584 301
5 11 432 640
5 12 538 502
5 13 307 599
5 14 197 448
5 15 603 504
5 16 98 89
5 17 996 895
5 18 266 283
5 19 458 420
5 20 866 558
5 21 335 101
5 22 496 542
5 23 983 801
5 24 258 204
6 7 236 186
6 8 779 811
6 9 924 919
6 10 658 931
6 11 17 23
6 12 416 512
6 13 357 705
6 14 976 868
6 15 777 383
6 16 658 777
6 17 550 777
6 18 18 2
6 19 344 840
6 20 622 403
6 21 869 930
6 22 415 474
6 23 851 967
6 24 228 165
7 8 54 123
7 9 557 678
7 10 703 556
7 11 199 77
7 12 944 925
7 13 395 134
7 14 174 352
7 15 592 503
7 16 516 396
7 17 472 651
7 18 748 422
7 19 416 523
7 20 117 199
7 21 832 781
7 22 931 939
7 23 716 649
7 24 596 750
8 9 546 511
8 10 395 241
8 11 529 398
8 12 420 368
8 13 857 920
8 14 978 830
8 15 344 569
8 16 552 639
8 17 659 603
8 18 539 618
8 19 240 105
8 20 823 804
8 21 192 229
8 22 760 476
8 23 489 631
8 24 139 203
9 10 5 64
9 11 749 497
9 12 151 194
9 13 293 581
9 14 612 423
9 15 814 892
9 16 261 139
9 17 585 651
9 18 623 690
9 19 927 774
9 20 445 590
9 21 637 663
9 22 748 814
9 23 663 681
9 24 990 981
10 11 434 346
10 12 641 707
10 13 505 638
10 14 141 110
10 15 900 949
10 16 530 762
10 17 969 912
10 18 7 88
10 19 686 536
10 20 1 6
10 21 518 541
10 22 226 431
10 23 701 188
10 24 197 493
11 12 723 874
11 13 928 787
11 14 627 561
11 15 712 779
11 16 508 398
11 17 983 545
11 18 656 621
11 19 624 618
11 20 456 282
11 21 177 92
11 22 735 805
11 23 240 55
11 24 510 592
12 13 277 8
12 14 732 654
12 15 495 536
12 16 897 779
12 17 951 819
12 18 268 19
12 19 818 738
12 20 310 253
12 21 273 244
12 22 251 231
12 23 550 242
12 24 96 28
13 14 588 436
13 15 123 86
13 16 185 334
13 17 876 924
13 18 842 902
13 19 453 432
13 20 987 601
13 21 205 303
13 22 983 922
13 23 275 241
13 24 739 842
14 15 447 485
14 16 110 83
14 17 372 708
14 18 23 181
14 19 31 25
14 20 235 452
14 21 909 884
14 22 638 155
14 23 839 848
14 24 580 340
15 16 996 971
15 17 339 406
15 18 550 840
15 19 990 890
15 20 957 955
15 21 842 984
15 22 93 96
15 23 128 105
15 24 517 832
16 17 939 991
16 18 397 807
16 19 638 289
16 20 886 922
16 21 103 25
16 22 728 643
16 23 458 422
16 24 286 255
17 18 304 751
17 19 79 316
17 20 193 340
17 21 857 866
17 22 163 620
17 23 382 646
17 24 6 4
18 19 552 532
18 20 759 639
18 21 376 333
18 22 239 672
18 23 326 413
18 24 82 199
19 20 843 359
19 21 697 508
19 22 447 333
19 23 806 406
19 24 333 484
20 21 628 785
20 22 936 921
20 23 724 832
20 24 186 304
21 22 650 562
21 23 684 850
21 24 168 178
22 23 733 405
22 24 707 512
23 24 862 580
0
50
1150 2161
1152 2002
1160 1979
1167 1925
1169 1766
1177 1743
1184 1628
1186 1469
1194 1446
1201 1392
1203 1233
1211 1210
1240 1186
1248 1163
1276 1133
1277 1057
1285 1034
1314 1010
1322 987
1359 979
1368 974
1383 964
1388 955
1396 932
1420 917
1457 909
1481 896
1486 885
1494 862
1550 854
1571 849
1574 839
1579 826
1606 812
1640 807
1648 784
1691 776
1697 768
1706 757
1760 734
1782 732
1791 721
1809 718
1818 707
1851 690
1894 682
1903 671
1955 663
1963 640
2296 629
