25
0 1 340 140
0 2 708 453
0 3 541 718
0 4 361 517
0 5 739 980
0 6 330 430
0 7 249 275
0 8 202 287
0 9 709 333
0 10 66 480
0 11 59 386
0 12 52 748
0 13 842 984
0 14 300 40
0 15 686 795
0 16 897 933
0 17 804 820
0 18 911 464
0 19 204 172
0 20 836 597
0 21 529 264
0 22 468 241
0 23 942 570
0 24 488 747
1 2 151 364
1 3 483 665
1 4 446 285
1 5 335 411
1 6 106 292
1 7 678 557
1 8 932 660
1 9 415 151
1 10 149 57
1 11 527 243
1 12 557 827
1 13 735 814
1 14 576 797
1 15 492 398
1 16 229 199
1 17 325 875
1 18 325 325
1 19 945 888
1 20 471 876
1 21 480 674
1 22 416 980
1 23 637 535
1 24 908 800
2 3 835 826
2 4 115 130
2 5 172 458
2 6 734 126
2 7 71 37
2 8 202 69
2 9 2 49
2 10 704 216
2 11 922 608
2 12 967 319
2 13 614 681
2 14 413 282
2 15 565 352
2 16 890 995
2 17 755 206
2 18 877 899
2 19 284 115
2 20 807 867
2 21 81 52
2 22 16 283
2 23 703 309
2 24 158 46
3 4 61 532
3 5 762 528
3 6 483 313
3 7 593 879
3 8 704 527
3 9 662 59
3 10 629 930
3 11 563 905
3 12 800 908
3 13 25 43
3 14 306 159
3 15 678 463
3 16 23 89
3 17 678 748
3 18 336 577
3 19 880 188
3 20 117 82
3 21 680 990
3 22 155 915
3 23 59 186
3 24 747 918
4 5 757 919
4 6 581 209
4 7 229 252
4 8 354 939
4 9 958 523
4 10 189 398
4 11 638 307
4 12 236 840
4 13 974 977
4 14 701 730
4 15 364 860
4 16 356 546
4 17 207 873
4 18 419 366
4 19 113 9
4 20 563 751
4 21 855 448
4 22 341 176
4 23 881 918
4 24 86 66
5 6 483 28
5 7 19 78
5 8 330 395
5 9 656 820
5 10 82 528
5 11 350 835
5 12 219 462
5 13 504 491
5 14 372 463
5 15 395 939
5 16 381 853
5 17 36 1
5 18 79 383
5 19 571 827
5 20 145 87
5 21 973 697
5 22 223 46
5 23 533 550
5 24 928 775
6 7 528 452
6 8 851 684
6 9 117 302
6 10 420 393
6 11 16 138
6 12 523 602
6 13 502 285
6 14 323 676
6 15 758 434
6 16 184 316
6 17 190 349
6 18 54 25
6 19 467 171
6 20 687 202
6 21 766 922
6 22 445 410
6 23 556 752
6 24 862 825
7 8 527 581
7 9 74 9
7 10 230 116
7 11 933 631
7 12 386 673
7 13 893 542
7 14 897 884
7 15 445 395
7 16 500 479
7 17 57 241
7 18 751 763
7 19 90 644
7 20 143 394
7 21 760 635
7 22 701 674
7 23 820 299
7 24 463 172
8 9 646 646
8 10 602 215
8 11 558 591
8 12 581 749
8 13 476 182
8 14 550 910
8 15 331 684
8 16 862 887
8 17 354 664
8 18 325 44
8 19 839 775
8 20 619 237
8 21 268 688
8 22 212 333
8 23 597 521
8 24 198 330
9 10 860 708
9 11 278 464
9 12 909 738
9 13 166 857
9 14 819 814
9 15 562 527
9 16 545 517
9 17 465 216
9 18 876 662
9 19 859 442
9 20 818 751
9 21 657 427
9 22 711 182
9 23 871 786
9 24 506 612
10 11 384 530
10 12 12 26
10 13 906 981
10 14 655 447
10 15 540 634
10 16 599 641
10 17 89 41
10 18 44 140
10 19 266 124
10 20 684 333
10 21 638 192
10 22 629 547
10 23 933 678
10 24 3 281
11 12 450 894
11 13 539 208
11 14 869 339
11 15 27 75
11 16 24 87
11 17 840 970
11 18 64 184
11 19 818 697
11 20 881 374
11 21 222 269
11 22 129 718
11 23 520 118
11 24 243 837
12 13 21 122
12 14 253 100
12 15 275 317
12 16 354 423
12 17 863 693
12 18 801 905
12 19 825 938
12 20 289 664
12 21 405 753
12 22 882 531
12 23 136 202
12 24 723 349
13 14 925 948
13 15 614 641
13 16 645 564
13 17 919 846
13 18 551 269
13 19 786 432
13 20 823 422
13 21 462 721
13 22 877 447
13 23 231 748
13 24 872 510
14 15 247 36
14 16 803 90
14 17 968 676
14 18 622 469
14 19 581 569
14 20 943 502
14 21 951 867
14 22 71 379
14 23 940 563
14 24 539 416
15 16 927 165
15 17 415 164
15 18 31 120
15 19 374 785
15 20 471 765
15 21 428 100
15 22 791 559
15 23 628 792
15 24 877 774
16 17 113 909
16 18 496 530
16 19 396 193
16 20 598 749
16 21 527 910
16 22 801 452
16 23 549 914
16 24 560 338
17 18 272 294
17 19 967 517
17 20 175 227
17 21 639 762
17 22 886 930
17 23 952 510
17 24 10 29
18 19 761 814
18 20 811 685
18 21 643 779
18 22 861 889
18 23 834 329
18 24 276 842
19 20 262 270
19 21 54 316
19 22 392 591
19 23 302 45
19 24 338 365
20 21 609 409
20 22 268 809
20 23 783 656
20 24 960 944
21 22 583 98
21 23 853 793
21 24 406 795
22 23 695 841
22 24 161 188
23 24 916 934
0
101
1135 4375
1138 4347
1139 4114
1142 4013
1145 3985
1146 3752
1149 3724
1164 3648
1167 3547
1170 3519
1171 3286
1174 3258
1194 3191
1197 3163
1212 3145
1214 3051
1217 3023
1230 2979
1233 2951
1240 2928
1253 2884
1256 2856
1271 2838
1273 2744
1276 2716
1296 2649
1299 2621
1314 2603
1357 2598
1359 2504
1362 2476
1382 2409
1385 2381
1400 2363
1469 2351
1472 2306
1475 2278
1490 2260
1527 2195
1530 2167
1535 2161
1538 2133
1558 2066
1561 2038
1576 2020
1641 2017
1645 2008
1680 1947
1683 1919
1703 1852
1706 1824
1721 1806
1768 1801
1779 1787
1783 1783
1799 1720
1802 1692
1817 1674
1886 1662
1910 1615
1913 1587
1928 1569
1986 1550
2006 1483
2009 1455
2024 1437
2093 1425
2133 1420
2147 1412
2148 1402
2216 1400
2217 1390
2249 1342
2252 1314
2267 1296
2336 1284
2376 1279
2390 1271
2391 1261
2459 1259
2460 1249
2514 1236
2530 1229
2561 1220
2571 1218
2599 1217
2630 1208
2640 1206
2653 1204
2685 1185
2754 1173
2824 1153
2893 1141
2982 1137
3035 1132
3051 1125
3105 1112
3174 1100
3568 1097
3622 1084
3691 1072
