50
0 1 128 174
0 2 668 779
0 3 445 203
0 4 288 164
0 5 476 753
0 6 143 438
0 7 594 695
0 8 372 812
0 9 235 231
0 10 728 421
0 11 812 578
0 12 812 550
0 13 877 764
0 14 711 733
0 15 89 137
0 16 822 853
0 17 885 754
0 18 465 218
0 19 802 763
0 20 50 211
0 21 842 337
0 22 639 189
0 23 526 149
0 24 331 217
0 25 538 366
0 26 974 925
0 27 377 106
0 28 646 947
0 29 15 45
0 30 423 65
0 31 577 434
0 32 515 363
0 33 778 142
0 34 216 351
0 35 921 671
0 36 258 361
0 37 341 437
0 38 2 118
0 39 172 755
0 40 923 573
0 41 786 399
0 42 378 262
0 43 208 45
0 44 521 678
0 45 421 218
0 46 657 408
0 47 659 426
0 48 44 481
0 49 370 885
1 2 172 238
1 3 899 335
1 4 848 538
1 5 360 339
1 6 973 707
1 7 279 208
1 8 162 705
1 9 934 956
1 10 855 1000
1 11 328 949
1 12 25 38
1 13 193 40
1 14 373 709
1 15 353 217
1 16 972 807
1 17 380 553
1 18 246 222
1 19 954 953
1 20 393 49
1 21 698 799
1 22 830 264
1 23 223 669
1 24 426 641
1 25 848 736
1 26 819 865
1 27 545 707
1 28 750 123
1 29 262 230
1 30 814 693
1 31 493 357
1 32 366 549
1 33 847 459
1 34 645 142
1 35 446 67
1 36 778 561
1 37 537 502
1 38 537 260
1 39 914 800
1 40 986 759
1 41 799 183
1 42 298 680
1 43 704 916
1 44 172 317
1 45 225 269
1 46 430 578
1 47 635 831
1 48 520 485
1 49 590 890
2 3 23 2
2 4 392 95
2 5 943 412
2 6 961 806
2 7 138 529
2 8 35 34
2 9 3 319
2 10 124 186
2 11 677 745
2 12 560 311
2 13 501 126
2 14 123 40
2 15 987 942
2 16 841 568
2 17 445 574
2 18 930 957
2 19 972 941
2 20 900 558
2 21 491 20
2 22 105 346
2 23 630 978
2 24 939 911
2 25 936 824
2 26 641 415
2 27 288 726
2 28 95 544
2 29 264 418
2 30 425 819
2 31 858 912
2 32 746 389
2 33 247 324
2 34 440 417
2 35 335 76
2 36 454 748
2 37 692 818
2 38 41 514
2 39 800 92
2 40 33 680
2 41 837 498
2 42 714 109
2 43 969 805
2 44 712 816
2 45 998 803
2 46 827 437
2 47 351 612
2 48 489 592
2 49 735 986
3 4 148 659
3 5 489 486
3 6 272 570
3 7 182 890
3 8 36 20
3 9 980 956
3 10 162 155
3 11 458 668
3 12 573 635
3 13 50 111
3 14 394 482
3 15 195 737
3 16 530 374
3 17 469 292
3 18 195 154
3 19 789 262
3 20 402 426
3 21 69 273
3 22 577 579
3 23 260 377
3 24 480 817
3 25 346 207
3 26 735 592
3 27 300 28
3 28 688 574
3 29 708 204
3 30 682 816
3 31 504 828
3 32 700 226
3 33 236 363
3 34 454 505
3 35 874 719
3 36 701 268
3 37 322 220
3 38 996 982
3 39 17 411
3 40 981 893
3 41 974 432
3 42 656 76
3 43 237 779
3 44 721 758
3 45 696 483
3 46 278 81
3 47 695 784
3 48 861 918
3 49 592 842
4 5 630 152
4 6 771 633
4 7 301 657
4 8 132 54
4 9 343 338
4 10 244 593
4 11 856 681
4 12 598 818
4 13 399 736
4 14 559 982
4 15 355 794
4 16 551 656
4 17 747 741
4 18 121 191
4 19 989 502
4 20 97 89
4 21 649 965
4 22 65 178
4 23 770 763
4 24 57 688
4 25 837 732
4 26 290 717
4 27 144 130
4 28 55 157
4 29 13 152
4 30 111 242
4 31 525 270
4 32 848 396
4 33 513 845
4 34 685 365
4 35 594 498
4 36 348 539
4 37 416 582
4 38 110 58
4 39 114 495
4 40 641 787
4 41 784 423
4 42 50 39
4 43 178 94
4 44 619 953
4 45 379 337
4 46 242 258
4 47 98 622
4 48 963 833
4 49 932 78
5 6 313 112
5 7 397 622
5 8 220 641
5 9 6 232
5 10 969 862
5 11 944 641
5 12 247 137
5 13 996 203
5 14 890 975
5 15 438 357
5 16 575 249
5 17 385 158
5 18 679 420
5 19 853 752
5 20 969 921
5 21 7 41
5 22 594 371
5 23 211 153
5 24 675 716
5 25 619 727
5 26 887 902
5 27 114 410
5 28 710 494
5 29 57 143
5 30 167 290
5 31 258 126
5 32 109 181
5 33 115 406
5 34 301 516
5 35 119 73
5 36 589 174
5 37 469 520
5 38 510 822
5 39 377 89
5 40 827 703
5 41 618 332
5 42 20 37
5 43 996 938
5 44 386 470
5 45 800 702
5 46 281 403
5 47 802 757
5 48 753 693
5 49 801 849
6 7 18 301
6 8 920 742
6 9 630 469
6 10 51 66
6 11 209 396
6 12 967 156
6 13 903 804
6 14 546 184
6 15 347 212
6 16 210 271
6 17 764 168
6 18 403 698
6 19 292 123
6 20 544 100
6 21 800 205
6 22 96 68
6 23 849 741
6 24 564 297
6 25 251 277
6 26 478 905
6 27 978 723
6 28 633 763
6 29 650 453
6 30 843 925
6 31 188 38
6 32 952 658
6 33 6 372
6 34 543 276
6 35 440 555
6 36 343 966
6 37 754 991
6 38 434 524
6 39 688 826
6 40 35 432
6 41 997 980
6 42 144 305
6 43 308 111
6 44 522 277
6 45 728 793
6 46 925 956
6 47 802 708
6 48 690 756
6 49 812 957
7 8 672 364
7 9 811 621
7 10 747 705
7 11 770 499
7 12 43 118
7 13 938 816
7 14 114 333
7 15 388 261
7 16 867 181
7 17 193 324
7 18 853 390
7 19 27 664
7 20 951 867
7 21 715 611
7 22 910 759
7 23 683 594
7 24 264 86
7 25 352 128
7 26 249 660
7 27 50 51
7 28 824 251
7 29 826 823
7 30 782 820
7 31 52 154
7 32 592 139
7 33 755 379
7 34 324 958
7 35 323 275
7 36 842 525
7 37 660 708
7 38 771 403
7 39 749 876
7 40 770 821
7 41 284 92
7 42 416 814
7 43 34 28
7 44 696 836
7 45 188 846
7 46 483 762
7 47 30 290
7 48 771 772
7 49 62 286
8 9 80 475
8 10 631 752
8 11 815 650
8 12 205 686
8 13 606 514
8 14 930 949
8 15 579 814
8 16 206 662
8 17 802 281
8 18 881 953
8 19 425 884
8 20 40 51
8 21 785 819
8 22 625 651
8 23 434 362
8 24 849 972
8 25 891 388
8 26 13 239
8 27 44 193
8 28 262 525
8 29 84 464
8 30 647 687
8 31 704 600
8 32 684 619
8 33 376 545
8 34 279 480
8 35 222 64
8 36 856 321
8 37 67 492
8 38 368 159
8 39 984 878
8 40 635 212
8 41 160 728
8 42 368 181
8 43 601 257
8 44 140 671
8 45 974 891
8 46 251 529
8 47 329 197
8 48 291 411
8 49 37 234
9 10 442 887
9 11 679 908
9 12 502 488
9 13 225 289
9 14 589 166
9 15 345 126
9 16 108 57
9 17 288 392
9 18 509 648
9 19 403 845
9 20 714 111
9 21 635 170
9 22 206 66
9 23 221 198
9 24 707 892
9 25 777 177
9 26 248 501
9 27 283 57
9 28 270 482
9 29 380 683
9 30 470 957
9 31 267 268
9 32 937 961
9 33 226 81
9 34 430 262
9 35 821 930
9 36 774 835
9 37 136 418
9 38 95 266
9 39 348 347
9 40 48 426
9 41 24 262
9 42 463 474
9 43 9 271
9 44 168 107
9 45 649 762
9 46 542 771
9 47 937 757
9 48 440 387
9 49 789 457
10 11 124 84
10 12 81 10
10 13 262 699
10 14 474 504
10 15 755 603
10 16 389 244
10 17 621 644
10 18 727 881
10 19 635 125
10 20 378 578
10 21 227 316
10 22 344 36
10 23 341 651
10 24 586 160
10 25 690 777
10 26 826 275
10 27 217 411
10 28 845 882
10 29 114 206
10 30 402 755
10 31 341 692
10 32 749 978
10 33 351 860
10 34 418 374
10 35 920 394
10 36 28 277
10 37 249 324
10 38 690 539
10 39 486 165
10 40 654 816
10 41 759 814
10 42 189 210
10 43 525 495
10 44 758 466
10 45 424 670
10 46 477 798
10 47 974 983
10 48 573 383
10 49 200 162
11 12 797 391
11 13 692 912
11 14 502 684
11 15 221 144
11 16 882 971
11 17 711 403
11 18 69 29
11 19 681 887
11 20 930 806
11 21 673 534
11 22 589 259
11 23 436 740
11 24 263 162
11 25 957 974
11 26 942 707
11 27 632 841
11 28 274 574
11 29 616 624
11 30 420 702
11 31 673 372
11 32 1000 1000
11 33 480 807
11 34 800 561
11 35 896 983
11 36 105 153
11 37 499 95
11 38 397 129
11 39 721 411
11 40 313 554
11 41 637 345
11 42 965 721
11 43 904 855
11 44 534 221
11 45 171 97
11 46 853 720
11 47 512 767
11 48 599 738
11 49 564 247
12 13 7 527
12 14 926 943
12 15 997 999
12 16 133 670
12 17 40 236
12 18 437 595
12 19 73 55
12 20 858 926
12 21 811 718
12 22 935 655
12 23 241 58
12 24 278 719
12 25 27 591
12 26 209 450
12 27 514 840
12 28 157 133
12 29 875 976
12 30 734 493
12 31 967 623
12 32 552 187
12 33 175 603
12 34 455 485
12 35 883 987
12 36 366 704
12 37 937 960
12 38 577 778
12 39 105 465
12 40 221 683
12 41 567 551
12 42 137 129
12 43 82 402
12 44 381 164
12 45 674 577
12 46 701 830
12 47 100 116
12 48 315 729
12 49 76 140
13 14 258 649
13 15 5 2
13 16 927 723
13 17 758 930
13 18 854 328
13 19 440 755
13 20 353 278
13 21 746 36
13 22 5 647
13 23 986 249
13 24 505 503
13 25 259 796
13 26 76 386
13 27 691 913
13 28 256 334
13 29 319 259
13 30 943 993
13 31 128 316
13 32 599 119
13 33 336 268
13 34 37 195
13 35 774 573
13 36 156 161
13 37 161 159
13 38 909 320
13 39 291 298
13 40 882 981
13 41 196 2
13 42 540 932
13 43 910 970
13 44 962 975
13 45 632 560
13 46 403 746
13 47 832 664
13 48 54 265
13 49 993 711
14 15 932 993
14 16 19 284
14 17 879 701
14 18 156 256
14 19 261 533
14 20 270 464
14 21 307 502
14 22 135 451
14 23 874 713
14 24 101 201
14 25 984 965
14 26 138 201
14 27 605 727
14 28 596 630
14 29 472 870
14 30 860 369
14 31 965 897
14 32 299 773
14 33 41 53
14 34 645 651
14 35 741 500
14 36 370 450
14 37 741 456
14 38 748 282
14 39 505 697
14 40 270 507
14 41 726 922
14 42 63 88
14 43 548 356
14 44 162 293
14 45 977 914
14 46 71 667
14 47 458 169
14 48 803 290
14 49 935 703
15 16 242 239
15 17 378 645
15 18 731 971
15 19 980 780
15 20 606 655
15 21 544 385
15 22 699 396
15 23 603 118
15 24 821 114
15 25 459 451
15 26 339 608
15 27 593 495
15 28 339 596
15 29 996 969
15 30 188 560
15 31 703 549
15 32 385 883
15 33 253 180
15 34 144 229
15 35 707 27
15 36 986 670
15 37 834 720
15 38 569 650
15 39 202 18
15 40 969 714
15 41 741 752
15 42 435 795
15 43 171 930
15 44 898 633
15 45 531 513
15 46 742 939
15 47 47 343
15 48 611 671
15 49 161 952
16 17 76 84
16 18 663 37
16 19 533 451
16 20 297 422
16 21 591 209
16 22 186 811
16 23 390 934
16 24 994 907
16 25 966 871
16 26 579 429
16 27 846 939
16 28 269 739
16 29 278 763
16 30 253 212
16 31 421 447
16 32 27 135
16 33 722 840
16 34 560 960
16 35 602 477
16 36 496 690
16 37 572 481
16 38 803 827
16 39 704 812
16 40 216 23
16 41 887 545
16 42 761 178
16 43 768 80
16 44 162 22
16 45 331 649
16 46 524 308
16 47 739 438
16 48 369 496
16 49 105 9
17 18 421 661
17 19 147 162
17 20 870 930
17 21 863 900
17 22 440 202
17 23 186 561
17 24 120 563
17 25 251 201
17 26 621 655
17 27 3 34
17 28 522 231
17 29 326 33
17 30 555 856
17 31 492 285
17 32 91 565
17 33 694 902
17 34 720 770
17 35 913 595
17 36 317 508
17 37 385 871
17 38 784 580
17 39 986 978
17 40 518 630
17 41 388 282
17 42 30 189
17 43 200 372
17 44 339 425
17 45 645 307
17 46 791 383
17 47 497 705
17 48 442 624
17 49 283 180
18 19 407 386
18 20 56 70
18 21 675 272
18 22 365 743
18 23 980 997
18 24 479 449
18 25 929 867
18 26 655 63
18 27 312 820
18 28 571 608
18 29 986 903
18 30 9 29
18 31 229 423
18 32 333 9
18 33 911 865
18 34 67 157
18 35 859 790
18 36 996 937
18 37 285 456
18 38 910 692
18 39 498 302
18 40 339 143
18 41 215 208
18 42 693 536
18 43 688 895
18 44 623 684
18 45 834 496
18 46 723 968
18 47 335 144
18 48 491 513
18 49 618 954
19 20 314 775
19 21 1000 938
19 22 187 9
19 23 668 717
19 24 51 232
19 25 482 271
19 26 100 273
19 27 545 116
19 28 878 782
19 29 393 434
19 30 258 548
19 31 206 99
19 32 951 886
19 33 943 985
19 34 720 738
19 35 170 569
19 36 912 488
19 37 242 214
19 38 180 222
19 39 834 832
19 40 143 165
19 41 283 912
19 42 155 157
19 43 326 18
19 44 306 264
19 45 704 873
19 46 820 883
19 47 226 39
19 48 359 117
19 49 687 728
20 21 99 435
20 22 599 851
20 23 13 137
20 24 661 537
20 25 54 3
20 26 892 886
20 27 121 150
20 28 29 298
20 29 208 402
20 30 903 853
20 31 112 482
20 32 751 707
20 33 582 880
20 34 439 174
20 35 706 774
20 36 810 585
20 37 576 197
20 38 464 363
20 39 766 764
20 40 281 158
20 41 740 349
20 42 735 591
20 43 87 45
20 44 18 53
20 45 139 30
20 46 838 516
20 47 454 201
20 48 440 723
20 49 818 557
21 22 699 123
21 23 587 563
21 24 930 591
21 25 262 435
21 26 298 564
21 27 999 951
21 28 640 496
21 29 715 274
21 30 383 155
21 31 52 306
21 32 370 437
21 33 809 986
21 34 317 188
21 35 332 250
21 36 44 195
21 37 894 564
21 38 658 835
21 39 484 738
21 40 837 885
21 41 603 279
21 42 179 279
21 43 564 274
21 44 890 192
21 45 293 209
21 46 291 722
21 47 763 988
21 48 707 717
21 49 529 725
22 23 375 91
22 24 909 602
22 25 540 283
22 26 122 853
22 27 808 271
22 28 966 118
22 29 645 651
22 30 42 42
22 31 319 74
22 32 91 472
22 33 619 697
22 34 705 785
22 35 127 481
22 36 451 298
22 37 381 199
22 38 487 829
22 39 768 841
22 40 859 885
22 41 792 426
22 42 375 544
22 43 615 396
22 44 733 472
22 45 838 738
22 46 241 349
22 47 897 559
22 48 517 368
22 49 612 629
23 24 865 808
23 25 478 605
23 26 745 929
23 27 110 286
23 28 981 990
23 29 25 29
23 30 316 565
23 31 785 675
23 32 286 560
23 33 433 162
23 34 730 650
23 35 693 880
23 36 65 835
23 37 494 543
23 38 374 232
23 39 553 662
23 40 682 408
23 41 564 397
23 42 230 557
23 43 919 660
23 44 41 29
23 45 237 317
23 46 362 548
23 47 227 99
23 48 871 694
23 49 654 522
24 25 670 956
24 26 388 931
24 27 139 145
24 28 70 2
24 29 222 65
24 30 865 704
24 31 614 981
24 32 739 184
24 33 69 116
24 34 484 188
24 35 301 153
24 36 511 117
24 37 828 194
24 38 772 254
24 39 249 189
24 40 777 471
24 41 763 674
24 42 480 672
24 43 960 361
24 44 305 646
24 45 578 518
24 46 853 250
24 47 329 384
24 48 741 567
24 49 877 904
25 26 833 991
25 27 363 572
25 28 804 681
25 29 791 323
25 30 877 528
25 31 255 646
25 32 227 373
25 33 446 693
25 34 947 795
25 35 557 636
25 36 364 288
25 37 181 670
25 38 245 340
25 39 331 390
25 40 830 532
25 41 535 842
25 42 200 251
25 43 530 295
25 44 845 759
25 45 966 746
25 46 897 977
25 47 477 126
25 48 869 670
25 49 896 627
26 27 420 180
26 28 555 608
26 29 525 202
26 30 378 283
26 31 672 366
26 32 596 453
26 33 325 738
26 34 30 45
26 35 230 201
26 36 554 546
26 37 775 790
26 38 719 936
26 39 199 980
26 40 98 18
26 41 240 272
26 42 817 826
26 43 537 668
26 44 958 652
26 45 394 196
26 46 286 901
26 47 837 914
26 48 17 340
26 49 653 269
27 28 555 413
27 29 130 174
27 30 50 149
27 31 202 412
27 32 403 566
27 33 119 359
27 34 433 794
27 35 41 293
27 36 222 575
27 37 396 578
27 38 723 649
27 39 955 806
27 40 296 467
27 41 977 942
27 42 658 848
27 43 635 77
27 44 806 963
27 45 755 489
27 46 529 433
27 47 497 138
27 48 391 145
27 49 825 960
28 29 485 771
28 30 26 473
28 31 830 291
28 32 823 672
28 33 96 599
28 34 453 904
28 35 516 125
28 36 391 871
28 37 63 136
28 38 293 436
28 39 897 716
28 40 210 18
28 41 696 195
28 42 624 626
28 43 511 92
28 44 237 23
28 45 604 67
28 46 93 276
28 47 604 171
28 48 710 780
28 49 977 793
29 30 592 223
29 31 137 144
29 32 206 92
29 33 380 382
29 34 645 959
29 35 793 276
29 36 412 639
29 37 739 761
29 38 426 470
29 39 412 962
29 40 687 843
29 41 905 335
29 42 426 994
29 43 409 749
29 44 108 494
29 45 543 243
29 46 820 309
29 47 12 177
29 48 743 833
29 49 514 659
30 31 856 969
30 32 554 236
30 33 960 893
30 34 436 548
30 35 652 223
30 36 433 166
30 37 575 456
30 38 801 973
30 39 494 79
30 40 151 145
30 41 749 509
30 42 797 252
30 43 865 181
30 44 989 996
30 45 765 527
30 46 235 45
30 47 477 773
30 48 739 661
30 49 33 74
31 32 92 29
31 33 24 7
31 34 115 293
31 35 991 980
31 36 583 325
31 37 544 304
31 38 818 246
31 39 103 81
31 40 86 382
31 41 583 110
31 42 786 467
31 43 188 25
31 44 996 527
31 45 991 729
31 46 882 703
31 47 74 12
31 48 476 477
31 49 830 628
32 33 34 147
32 34 933 954
32 35 217 739
32 36 729 789
32 37 313 520
32 38 727 769
32 39 322 354
32 40 735 548
32 41 982 877
32 42 935 975
32 43 2 192
32 44 151 302
32 45 859 650
32 46 28 308
32 47 177 601
32 48 884 893
32 49 164 898
33 34 747 769
33 35 203 40
33 36 133 68
33 37 562 11
33 38 525 983
33 39 988 880
33 40 404 734
33 41 708 833
33 42 164 372
33 43 347 750
33 44 851 547
33 45 418 316
33 46 823 830
33 47 505 690
33 48 11 279
33 49 436 688
34 35 877 996
34 36 459 693
34 37 842 723
34 38 741 774
34 39 833 997
34 40 250 149
34 41 678 354
34 42 981 769
34 43 711 473
34 44 949 868
34 45 914 716
34 46 298 212
34 47 766 257
34 48 518 646
34 49 950 20
35 36 670 68
35 37 312 492
35 38 241 310
35 39 211 244
35 40 313 222
35 41 639 793
35 42 393 921
35 43 7 86
35 44 941 879
35 45 623 499
35 46 520 503
35 47 975 967
35 48 273 144
35 49 63 219
36 37 19 44
36 38 162 364
36 39 874 465
36 40 363 289
36 41 734 568
36 42 492 300
36 43 302 726
36 44 359 627
36 45 436 933
36 46 475 728
36 47 61 93
36 48 512 177
36 49 716 326
37 38 263 138
37 39 694 294
37 40 65 648
37 41 601 93
37 42 97 47
37 43 329 552
37 44 329 879
37 45 302 906
37 46 122 425
37 47 210 343
37 48 752 634
37 49 967 968
38 39 482 657
38 40 64 865
38 41 109 482
38 42 14 73
38 43 452 213
38 44 523 973
38 45 418 266
38 46 88 136
38 47 49 223
38 48 684 936
38 49 345 376
39 40 344 146
39 41 95 37
39 42 547 700
39 43 639 756
39 44 120 549
39 45 638 524
39 46 275 656
39 47 192 533
39 48 60 20
39 49 265 156
40 41 558 724
40 42 743 640
40 43 623 647
40 44 47 42
40 45 795 940
40 46 192 642
40 47 262 270
40 48 599 998
40 49 402 663
41 42 372 690
41 43 987 657
41 44 722 895
41 45 200 221
41 46 143 31
41 47 667 751
41 48 620 841
41 49 756 631
42 43 748 818
42 44 207 178
42 45 313 303
42 46 167 114
42 47 775 914
42 48 877 694
42 49 775 837
43 44 321 351
43 45 387 24
43 46 667 187
43 47 535 467
43 48 263 605
43 49 428 4
44 45 472 67
44 46 437 215
44 47 44 41
44 48 622 891
44 49 684 330
45 46 571 948
45 47 213 555
45 48 171 26
45 49 461 128
46 47 603 529
46 48 876 537
46 49 25 362
47 48 57 34
47 49 732 686
48 49 250 376
0
758
1091 10773
1093 10525
1095 10511
1097 10263
1099 10255
1100 10126
1101 10039
1102 10029
1104 9864
1106 9856
1109 9711
1111 9703
1113 9649
1114 9639
1116 9474
1118 9466
1121 9321
1123 9313
1128 9192
1130 9184
1133 9154
1135 9146
1136 9123
1137 9079
1138 9054
1139 9015
1140 9001
1143 8886
1145 8878
1147 8872
1148 8733
1150 8725
1155 8604
1157 8596
1160 8566
1162 8558
1163 8543
1164 8491
1165 8466
1166 8427
1167 8413
1172 8337
1173 8298
1174 8284
1178 8260
1179 8246
1181 8224
1182 8185
1183 8171
1184 8170
1185 8131
1186 8117
1188 8108
1189 8094
1190 8093
1191 8054
1192 8040
1197 8014
1198 7942
1200 7934
1203 7904
1204 7885
1205 7846
1206 7832
1207 7829
1208 7804
1209 7765
1210 7751
1215 7675
1216 7636
1217 7622
1221 7598
1222 7584
1224 7562
1225 7523
1226 7509
1227 7508
1228 7469
1229 7455
1231 7446
1232 7432
1233 7431
1234 7392
1235 7378
1240 7352
1241 7313
1242 7299
1246 7275
1247 7223
1248 7184
1249 7170
1253 7146
1254 7107
1255 7093
1260 7056
1261 7042
1263 7033
1264 7019
1265 7016
1266 6979
1267 6965
1270 6953
1271 6936
1272 6922
1275 6915
1276 6876
1277 6859
1278 6845
1282 6825
1283 6808
1284 6775
1285 6761
1288 6748
1289 6731
1290 6717
1293 6701
1294 6687
1295 6686
1296 6647
1297 6633
1300 6621
1301 6607
1304 6594
1305 6580
1306 6544
1307 6527
1308 6513
1312 6493
1313 6479
1315 6470
1316 6453
1317 6439
1318 6416
1319 6399
1320 6385
1323 6376
1328 6367
1329 6350
1330 6336
1331 6316
1332 6302
1333 6300
1334 6262
1335 6248
1338 6235
1339 6221
1342 6208
1345 6199
1346 6191
1347 6177
1348 6163
1349 6153
1350 6136
1351 6122
1353 6098
1354 6084
1357 6071
1359 6062
1360 6048
1361 6025
1362 6008
1363 5994
1366 5985
1371 5976
1372 5959
1373 5945
1374 5925
1375 5911
1376 5907
1377 5871
1378 5857
1381 5844
1382 5830
1385 5817
1388 5808
1389 5800
1390 5786
1391 5772
1393 5761
1394 5747
1395 5746
1396 5707
1397 5693
1400 5680
1403 5667
1404 5653
1408 5636
1409 5622
1410 5609
1413 5595
1415 5584
1416 5569
1417 5555
1418 5530
1419 5516
1424 5515
1426 5511
1428 5498
1429 5484
1430 5459
1431 5445
1432 5432
1434 5425
1437 5412
1438 5392
1439 5378
1443 5375
1444 5361
1446 5354
1447 5341
1450 5321
1451 5307
1452 5294
1454 5287
1455 5262
1456 5248
1461 5247
1463 5237
1464 5223
1466 5216
1467 5191
1468 5177
1469 5164
1474 5163
1475 5124
1476 5110
1480 5107
1481 5093
1485 5082
1486 5080
1487 5053
1488 5039
1489 5026
1495 5023
1497 5011
1498 5009
1499 4997
1500 4969
1501 4955
1505 4944
1508 4940
1509 4926
1512 4913
1513 4912
1514 4898
1515 4885
1517 4873
1520 4869
1521 4855
1522 4842
1526 4828
1527 4814
1531 4803
1533 4785
1534 4771
1540 4760
1542 4746
1543 4732
1545 4729
1546 4724
1547 4710
1548 4701
1551 4699
1554 4690
1555 4681
1556 4672
1557 4658
1559 4644
1560 4630
1563 4628
1566 4619
1567 4610
1568 4597
1571 4588
1572 4583
1573 4569
1577 4558
1579 4540
1580 4526
1583 4517
1588 4501
1589 4487
1592 4483
1593 4469
1594 4456
1601 4444
1602 4435
1605 4399
1606 4385
1613 4378
1614 4364
1616 4361
1619 4358
1620 4344
1623 4339
1625 4333
1626 4317
1627 4303
1633 4291
1634 4277
1637 4263
1638 4249
1643 4235
1646 4226
1648 4225
1651 4210
1652 4196
1655 4192
1656 4178
1659 4167
1664 4153
1666 4141
1668 4108
1669 4094
1676 4087
1677 4073
1682 4067
1683 4053
1688 4042
1689 4026
1690 4012
1696 4000
1697 3986
1700 3972
1701 3958
1708 3951
1709 3937
1714 3931
1715 3917
1718 3904
1721 3890
1722 3876
1728 3864
1729 3850
1733 3849
1734 3835
1737 3829
1741 3823
1742 3814
1743 3809
1747 3808
1748 3794
1749 3782
1750 3768
1757 3761
1758 3747
1761 3741
1762 3727
1765 3713
1766 3699
1773 3692
1774 3678
1779 3672
1780 3658
1787 3655
1789 3647
1790 3633
1793 3605
1794 3591
1801 3584
1802 3570
1807 3564
1808 3550
1817 3545
1821 3543
1825 3540
1826 3526
1827 3520
1830 3492
1831 3478
1837 3474
1838 3471
1839 3457
1844 3451
1845 3437
1851 3433
1854 3419
1861 3408
1862 3398
1864 3380
1865 3366
1872 3359
1873 3345
1878 3339
1879 3325
1888 3320
1891 3306
1897 3301
1898 3295
1899 3285
1901 3267
1902 3253
1909 3246
1910 3232
1915 3226
1916 3212
1924 3208
1925 3194
1932 3187
1933 3173
1938 3167
1939 3153
1948 3148
1950 3145
1956 3143
1957 3129
1958 3123
1961 3095
1962 3081
1969 3074
1970 3060
1975 3054
1976 3040
1986 3037
1987 3032
1993 3030
1994 3016
1995 3011
1999 3010
2000 2996
2001 2991
2009 2987
2010 2973
2017 2966
2018 2952
2023 2946
2024 2932
2033 2927
2034 2922
2042 2916
2043 2902
2046 2874
2047 2860
2054 2853
2055 2839
2060 2833
2061 2819
2082 2814
2090 2807
2091 2793
2096 2787
2097 2773
2099 2772
2100 2758
2102 2755
2105 2742
2108 2737
2110 2734
2113 2721
2114 2717
2116 2714
2119 2701
2131 2695
2132 2681
2146 2672
2150 2671
2152 2668
2154 2667
2155 2653
2159 2651
2160 2637
2163 2632
2167 2630
2168 2616
2169 2612
2173 2610
2174 2596
2186 2590
2187 2576
2197 2575
2198 2574
2201 2567
2204 2554
2210 2550
2215 2546
2216 2542
2217 2534
2221 2526
2233 2520
2234 2506
2243 2504
2245 2490
2247 2486
2251 2484
2252 2470
2253 2469
2258 2463
2259 2449
2270 2441
2271 2437
2272 2429
2276 2421
2288 2415
2289 2401
2299 2400
2300 2399
2303 2392
2306 2379
2312 2375
2318 2373
2319 2359
2325 2355
2331 2343
2336 2337
2337 2323
2347 2315
2349 2311
2353 2309
2354 2295
2355 2294
2360 2288
2361 2274
2373 2268
2374 2254
2384 2253
2390 2249
2391 2248
2396 2242
2397 2228
2409 2222
2410 2208
2420 2207
2424 2203
2425 2189
2428 2187
2432 2182
2433 2168
2438 2162
2439 2148
2461 2143
2464 2141
2468 2136
2469 2122
2474 2116
2475 2102
2492 2098
2514 2093
2517 2091
2521 2086
2522 2072
2527 2066
2528 2052
2560 2048
2581 2047
2583 2039
2587 2027
2589 2022
2613 2013
2616 2004
2619 1993
2638 1989
2658 1988
2660 1984
2663 1982
2667 1977
2668 1963
2669 1954
2674 1943
2706 1939
2727 1938
2728 1929
2730 1924
2733 1918
2735 1913
2759 1904
2760 1895
2765 1884
2797 1880
2804 1879
2814 1859
2815 1845
2847 1841
2870 1832
2874 1820
2876 1815
2905 1800
2906 1786
2938 1782
2945 1781
2964 1775
2965 1761
2967 1756
2999 1752
3012 1738
3035 1734
3036 1722
3068 1718
3071 1713
3073 1708
3096 1704
3128 1700
3129 1693
3141 1688
3142 1674
3165 1670
3197 1666
3224 1661
3238 1659
3243 1654
3266 1650
3279 1646
3297 1638
3329 1634
3338 1628
3361 1624
3393 1620
3398 1618
3420 1615
3430 1614
3434 1613
3439 1608
3462 1604
3475 1600
3493 1592
3525 1588
3557 1587
3569 1585
3575 1579
3589 1577
3594 1572
3626 1568
3635 1566
3638 1563
3667 1562
3670 1559
3690 1557
3701 1553
3720 1550
3733 1549
3734 1548
3736 1546
3739 1543
3768 1542
3771 1539
3775 1535
3807 1531
3821 1530
3835 1528
3843 1527
3846 1524
3857 1522
3871 1520
3876 1515
3908 1511
3928 1508
3945 1507
3958 1502
3972 1500
3983 1496
4010 1495
4015 1492
4029 1488
4054 1487
4065 1483
4079 1481
4097 1479
4111 1475
4125 1473
4136 1469
4161 1468
4193 1464
4207 1460
4218 1456
4232 1454
4281 1453
4292 1452
4305 1450
4313 1449
4314 1441
4352 1439
4387 1437
4401 1435
4434 1426
4483 1422
4521 1420
4564 1418
4596 1416
4603 1407
4674 1405
4684 1403
4718 1402
4723 1401
4733 1399
4744 1398
4771 1397
4782 1396
4793 1392
4818 1389
4842 1388
4843 1386
4853 1384
4864 1383
4913 1379
4951 1377
4962 1373
4987 1370
5033 1364
5093 1363
5104 1362
5114 1360
5148 1359
5153 1358
5163 1356
5177 1355
5201 1354
5202 1352
5212 1350
5237 1347
5248 1346
5273 1343
5283 1341
5317 1340
5346 1336
5403 1335
5417 1327
5496 1326
5498 1323
5523 1320
5547 1319
5567 1317
5596 1313
5630 1312
5667 1304
5701 1303
5782 1299
5805 1297
5807 1296
5831 1295
5869 1293
5880 1289
5951 1280
6061 1277
6095 1276
6118 1273
6152 1272
6166 1271
6199 1270
6201 1269
6225 1268
6237 1262
6345 1253
6402 1249
6549 1248
6553 1245
6631 1235
6782 1231
6961 1225
7112 1221
7286 1218
7465 1212
7551 1210
7616 1208
7702 1206
7881 1200
8032 1196
8206 1193
8385 1187
8536 1183
