50
0 1 357 410
0 2 412 487
0 3 306 622
0 4 946 410
0 5 690 676
0 6 423 475
0 7 553 446
0 8 776 340
0 9 524 578
0 10 482 293
0 11 663 428
0 12 191 151
0 13 409 821
0 14 459 896
0 15 890 706
0 16 223 285
0 17 759 345
0 18 922 900
0 19 965 762
0 20 764 847
0 21 779 689
0 22 75 209
0 23 541 504
0 24 793 980
0 25 635 550
0 26 594 263
0 27 173 401
0 28 759 537
0 29 561 113
0 30 619 629
0 31 966 976
0 32 776 663
0 33 572 702
0 34 747 389
0 35 295 175
0 36 956 988
0 37 415 727
0 38 911 920
0 39 635 374
0 40 853 545
0 41 882 590
0 42 829 887
0 43 373 290
0 44 415 575
0 45 210 148
0 46 962 683
0 47 934 758
0 48 634 632
0 49 900 857
1 2 873 738
1 3 271 310
1 4 591 330
1 5 890 733
1 6 458 162
1 7 45 105
1 8 218 287
1 9 254 101
1 10 529 238
1 11 835 544
1 12 570 434
1 13 34 219
1 14 24 169
1 15 702 674
1 16 828 637
1 17 494 313
1 18 476 346
1 19 114 121
1 20 165 333
1 21 231 177
1 22 400 425
1 23 112 12
1 24 93 240
1 25 998 991
1 26 681 153
1 27 360 337
1 28 809 214
1 29 115 267
1 30 724 438
1 31 889 833
1 32 194 469
1 33 566 345
1 34 5 29
1 35 681 406
1 36 294 149
1 37 257 92
1 38 473 414
1 39 731 672
1 40 63 45
1 41 771 438
1 42 971 987
1 43 541 467
1 44 237 260
1 45 746 757
1 46 587 933
1 47 21 93
1 48 508 692
1 49 446 372
2 3 82 183
2 4 360 430
2 5 57 128
2 6 190 71
2 7 851 313
2 8 742 383
2 9 603 367
2 10 772 751
2 11 303 537
2 12 135 449
2 13 615 427
2 14 467 315
2 15 935 622
2 16 992 973
2 17 883 899
2 18 439 286
2 19 823 767
2 20 726 624
2 21 712 620
2 22 502 632
2 23 203 347
2 24 560 627
2 25 292 332
2 26 984 999
2 27 476 160
2 28 602 284
2 29 77 452
2 30 990 958
2 31 30 41
2 32 824 839
2 33 506 420
2 34 538 605
2 35 67 15
2 36 107 139
2 37 198 134
2 38 159 455
2 39 451 492
2 40 643 763
2 41 920 939
2 42 189 104
2 43 325 224
2 44 975 980
2 45 337 352
2 46 201 113
2 47 621 728
2 48 190 106
2 49 656 953
3 4 390 419
3 5 956 982
3 6 7 68
3 7 417 276
3 8 232 667
3 9 566 201
3 10 834 824
3 11 532 419
3 12 580 748
3 13 90 73
3 14 736 489
3 15 686 361
3 16 581 512
3 17 771 335
3 18 121 41
3 19 325 423
3 20 120 120
3 21 218 436
3 22 738 569
3 23 247 336
3 24 459 479
3 25 95 371
3 26 857 851
3 27 181 56
3 28 203 318
3 29 695 905
3 30 810 821
3 31 742 438
3 32 304 512
3 33 885 891
3 34 595 667
3 35 772 671
3 36 300 327
3 37 180 72
3 38 503 438
3 39 854 619
3 40 421 587
3 41 181 73
3 42 743 831
3 43 845 689
3 44 800 195
3 45 127 194
3 46 132 388
3 47 571 516
3 48 221 137
3 49 56 71
4 5 399 308
4 6 978 857
4 7 825 544
4 8 560 327
4 9 340 344
4 10 834 742
4 11 323 572
4 12 367 284
4 13 532 152
4 14 29 17
4 15 141 330
4 16 828 777
4 17 62 310
4 18 874 898
4 19 1000 1000
4 20 786 935
4 21 656 725
4 22 270 225
4 23 775 234
4 24 572 643
4 25 641 665
4 26 551 834
4 27 297 484
4 28 339 520
4 29 709 750
4 30 331 273
4 31 407 296
4 32 422 621
4 33 353 121
4 34 353 857
4 35 544 340
4 36 650 863
4 37 195 350
4 38 268 130
4 39 127 531
4 40 23 25
4 41 753 691
4 42 148 6
4 43 781 752
4 44 187 600
4 45 96 55
4 46 613 642
4 47 563 726
4 48 291 460
4 49 285 140
5 6 158 225
5 7 179 209
5 8 778 748
5 9 637 610
5 10 323 669
5 11 848 800
5 12 458 672
5 13 631 321
5 14 509 601
5 15 931 938
5 16 650 523
5 17 124 483
5 18 405 827
5 19 714 567
5 20 696 589
5 21 728 704
5 22 17 164
5 23 145 151
5 24 571 349
5 25 73 459
5 26 940 963
5 27 210 366
5 28 875 893
5 29 972 978
5 30 402 492
5 31 342 247
5 32 523 463
5 33 638 578
5 34 183 240
5 35 897 704
5 36 458 382
5 37 944 923
5 38 322 388
5 39 85 24
5 40 88 116
5 41 432 791
5 42 593 603
5 43 649 745
5 44 234 115
5 45 696 909
5 46 282 688
5 47 935 983
5 48 935 697
5 49 954 973
6 7 525 859
6 8 180 120
6 9 696 892
6 10 720 466
6 11 419 172
6 12 115 239
6 13 71 236
6 14 138 194
6 15 699 760
6 16 991 974
6 17 543 606
6 18 142 44
6 19 187 101
6 20 376 388
6 21 509 312
6 22 995 982
6 23 591 270
6 24 981 686
6 25 796 566
6 26 277 612
6 27 169 374
6 28 848 662
6 29 796 153
6 30 495 664
6 31 760 521
6 32 703 443
6 33 684 529
6 34 740 593
6 35 921 990
6 36 261 387
6 37 219 344
6 38 43 114
6 39 836 680
6 40 564 661
6 41 932 809
6 42 470 494
6 43 369 411
6 44 45 65
6 45 937 760
6 46 347 642
6 47 976 847
6 48 534 342
6 49 891 870
7 8 585 376
7 9 541 679
7 10 817 844
7 11 923 970
7 12 447 309
7 13 537 241
7 14 639 504
7 15 712 777
7 16 828 713
7 17 518 461
7 18 680 853
7 19 72 147
7 20 514 55
7 21 846 937
7 22 809 469
7 23 225 437
7 24 509 367
7 25 605 454
7 26 652 623
7 27 330 277
7 28 328 483
7 29 499 610
7 30 560 465
7 31 556 863
7 32 210 238
7 33 526 383
7 34 392 765
7 35 370 81
7 36 198 343
7 37 60 38
7 38 268 660
7 39 546 423
7 40 759 783
7 41 230 240
7 42 542 532
7 43 18 11
7 44 971 863
7 45 992 1000
7 46 486 704
7 47 98 414
7 48 905 978
7 49 930 883
8 9 944 920
8 10 163 422
8 11 89 86
8 12 447 232
8 13 492 281
8 14 763 857
8 15 332 384
8 16 588 637
8 17 198 413
8 18 488 453
8 19 431 699
8 20 50 358
8 21 878 822
8 22 931 732
8 23 732 725
8 24 984 960
8 25 598 687
8 26 224 489
8 27 315 253
8 28 231 514
8 29 225 648
8 30 135 78
8 31 770 835
8 32 820 774
8 33 731 403
8 34 210 40
8 35 260 262
8 36 554 622
8 37 946 873
8 38 182 536
8 39 966 894
8 40 75 248
8 41 586 618
8 42 221 351
8 43 365 319
8 44 630 643
8 45 546 488
8 46 656 566
8 47 304 233
8 48 675 488
8 49 172 221
9 10 46 105
9 11 774 967
9 12 978 950
9 13 313 744
9 14 108 191
9 15 752 643
9 16 496 728
9 17 82 63
9 18 624 343
9 19 895 921
9 20 547 496
9 21 466 260
9 22 455 235
9 23 865 967
9 24 654 418
9 25 855 920
9 26 221 107
9 27 818 916
9 28 996 941
9 29 188 169
9 30 174 56
9 31 364 152
9 32 706 799
9 33 285 411
9 34 143 193
9 35 717 666
9 36 989 996
9 37 408 399
9 38 613 396
9 39 261 505
9 40 861 736
9 41 145 55
9 42 736 588
9 43 556 884
9 44 471 802
9 45 165 144
9 46 951 950
9 47 492 404
9 48 573 202
9 49 748 808
10 11 582 395
10 12 900 984
10 13 706 841
10 14 622 200
10 15 830 777
10 16 540 687
10 17 132 214
10 18 50 373
10 19 478 305
10 20 12 8
10 21 834 873
10 22 774 910
10 23 452 562
10 24 299 385
10 25 407 334
10 26 384 707
10 27 39 52
10 28 14 131
10 29 413 343
10 30 539 329
10 31 479 211
10 32 761 843
10 33 694 748
10 34 695 680
10 35 853 853
10 36 246 51
10 37 111 186
10 38 643 723
10 39 105 336
10 40 91 62
10 41 78 66
10 42 144 220
10 43 388 227
10 44 163 270
10 45 598 316
10 46 801 834
10 47 175 129
10 48 756 430
10 49 735 789
11 12 83 123
11 13 681 505
11 14 890 689
11 15 440 567
11 16 448 287
11 17 213 247
11 18 628 709
11 19 385 546
11 20 260 575
11 21 203 57
11 22 138 164
11 23 432 236
11 24 299 280
11 25 43 242
11 26 387 203
11 27 68 136
11 28 868 977
11 29 262 232
11 30 216 104
11 31 708 416
11 32 641 770
11 33 384 400
11 34 525 569
11 35 474 343
11 36 726 668
11 37 792 765
11 38 35 3
11 39 100 69
11 40 896 753
11 41 926 821
11 42 359 390
11 43 185 195
11 44 656 609
11 45 524 654
11 46 134 117
11 47 318 463
11 48 211 324
11 49 849 787
12 13 949 836
12 14 653 713
12 15 559 288
12 16 277 52
12 17 621 465
12 18 829 911
12 19 426 272
12 20 479 307
12 21 763 409
12 22 908 890
12 23 237 405
12 24 511 337
12 25 327 290
12 26 548 429
12 27 77 78
12 28 77 382
12 29 397 732
12 30 958 893
12 31 763 614
12 32 800 332
12 33 86 59
12 34 773 457
12 35 90 423
12 36 70 341
12 37 996 792
12 38 365 649
12 39 479 881
12 40 704 948
12 41 430 781
12 42 839 885
12 43 602 356
12 44 899 889
12 45 5 15
12 46 832 961
12 47 635 878
12 48 311 427
12 49 301 509
13 14 386 706
13 15 941 642
13 16 339 440
13 17 912 938
13 18 775 807
13 19 906 781
13 20 210 215
13 21 654 484
13 22 939 750
13 23 875 881
13 24 83 94
13 25 441 732
13 26 734 897
13 27 337 614
13 28 968 819
13 29 789 545
13 30 478 770
13 31 586 657
13 32 563 729
13 33 437 360
13 34 140 409
13 35 196 546
13 36 620 591
13 37 17 142
13 38 401 694
13 39 384 163
13 40 586 234
13 41 152 169
13 42 303 171
13 43 172 604
13 44 209 613
13 45 552 629
13 46 80 89
13 47 502 702
13 48 451 531
13 49 775 684
14 15 638 790
14 16 810 688
14 17 683 118
14 18 48 10
14 19 979 912
14 20 703 683
14 21 576 624
14 22 248 154
14 23 776 947
14 24 295 797
14 25 990 956
14 26 139 308
14 27 363 421
14 28 201 260
14 29 697 723
14 30 230 196
14 31 810 564
14 32 568 267
14 33 920 929
14 34 117 105
14 35 459 708
14 36 387 415
14 37 704 623
14 38 528 422
14 39 173 86
14 40 930 575
14 41 854 906
14 42 398 235
14 43 426 143
14 44 438 390
14 45 579 594
14 46 503 123
14 47 713 818
14 48 722 931
14 49 287 629
15 16 546 388
15 17 697 857
15 18 957 951
15 19 350 825
15 20 622 864
15 21 469 282
15 22 607 887
15 23 597 694
15 24 504 308
15 25 19 8
15 26 666 659
15 27 550 666
15 28 446 662
15 29 707 565
15 30 882 931
15 31 521 486
15 32 757 653
15 33 298 341
15 34 366 219
15 35 409 439
15 36 83 220
15 37 968 926
15 38 34 100
15 39 287 655
15 40 680 893
15 41 626 844
15 42 435 280
15 43 311 219
15 44 661 725
15 45 498 593
15 46 398 553
15 47 709 783
15 48 507 718
15 49 548 720
16 17 552 562
16 18 404 256
16 19 215 338
16 20 95 107
16 21 897 908
16 22 193 156
16 23 443 310
16 24 796 443
16 25 542 851
16 26 972 985
16 27 783 836
16 28 923 965
16 29 995 1000
16 30 250 193
16 31 866 887
16 32 752 574
16 33 335 335
16 34 262 84
16 35 805 644
16 36 527 627
16 37 996 727
16 38 274 699
16 39 236 490
16 40 241 355
16 41 79 38
16 42 320 538
16 43 263 106
16 44 201 176
16 45 836 806
16 46 32 19
16 47 65 105
16 48 658 766
16 49 307 488
17 18 10 91
17 19 352 223
17 20 450 452
17 21 738 652
17 22 345 599
17 23 608 825
17 24 150 234
17 25 826 603
17 26 176 86
17 27 969 976
17 28 527 664
17 29 483 625
17 30 9 47
17 31 813 902
17 32 927 893
17 33 549 693
17 34 405 184
17 35 347 577
17 36 674 637
17 37 788 856
17 38 827 698
17 39 356 611
17 40 319 683
17 41 427 290
17 42 245 764
17 43 293 478
17 44 382 337
17 45 960 987
17 46 527 668
17 47 156 288
17 48 625 195
17 49 223 894
18 19 182 314
18 20 129 182
18 21 537 548
18 22 660 368
18 23 780 300
18 24 576 202
18 25 80 110
18 26 379 637
18 27 440 329
18 28 608 330
18 29 5 58
18 30 917 784
18 31 808 886
18 32 692 862
18 33 514 695
18 34 571 678
18 35 203 635
18 36 897 489
18 37 674 847
18 38 477 374
18 39 68 61
18 40 657 722
18 41 897 826
18 42 327 284
18 43 32 31
18 44 143 40
18 45 227 535
18 46 481 323
18 47 629 659
18 48 639 604
18 49 487 354
19 20 441 643
19 21 712 847
19 22 315 418
19 23 457 641
19 24 287 149
19 25 668 614
19 26 102 27
19 27 589 704
19 28 315 656
19 29 70 273
19 30 461 495
19 31 463 558
19 32 280 308
19 33 948 979
19 34 770 956
19 35 16 83
19 36 970 919
19 37 661 852
19 38 417 300
19 39 666 659
19 40 275 177
19 41 777 649
19 42 630 928
19 43 817 706
19 44 163 338
19 45 927 914
19 46 871 898
19 47 679 861
19 48 892 995
19 49 409 547
20 21 992 854
20 22 720 793
20 23 279 316
20 24 325 139
20 25 122 52
20 26 832 606
20 27 834 867
20 28 476 410
20 29 451 564
20 30 639 421
20 31 247 140
20 32 987 958
20 33 597 573
20 34 991 970
20 35 780 346
20 36 583 666
20 37 232 384
20 38 740 566
20 39 692 716
20 40 337 272
20 41 588 585
20 42 340 168
20 43 403 409
20 44 870 977
20 45 897 874
20 46 822 782
20 47 350 449
20 48 610 715
20 49 293 116
21 22 630 692
21 23 273 156
21 24 194 327
21 25 303 83
21 26 777 429
21 27 848 662
21 28 450 271
21 29 980 965
21 30 504 511
21 31 169 120
21 32 562 690
21 33 97 113
21 34 810 470
21 35 649 611
21 36 237 591
21 37 571 656
21 38 685 366
21 39 78 98
21 40 814 855
21 41 309 329
21 42 610 917
21 43 666 497
21 44 697 371
21 45 948 962
21 46 120 213
21 47 338 87
21 48 641 730
21 49 353 427
22 23 5 15
22 24 486 246
22 25 204 163
22 26 819 795
22 27 505 676
22 28 770 595
22 29 765 346
22 30 234 195
22 31 996 980
22 32 101 289
22 33 896 917
22 34 234 552
22 35 246 125
22 36 252 40
22 37 958 956
22 38 753 564
22 39 278 399
22 40 621 393
22 41 432 566
22 42 410 735
22 43 938 845
22 44 379 261
22 45 426 789
22 46 396 694
22 47 537 431
22 48 509 750
22 49 544 371
23 24 696 164
23 25 4 6
23 26 63 275
23 27 622 365
23 28 209 475
23 29 52 16
23 30 715 604
23 31 53 218
23 32 364 214
23 33 422 505
23 34 779 797
23 35 769 740
23 36 804 666
23 37 420 408
23 38 77 62
23 39 351 503
23 40 635 684
23 41 762 679
23 42 512 781
23 43 735 638
23 44 213 108
23 45 93 100
23 46 745 809
23 47 523 335
23 48 636 695
23 49 136 183
24 25 51 152
24 26 631 667
24 27 518 440
24 28 603 539
24 29 390 516
24 30 696 708
24 31 238 245
24 32 428 330
24 33 786 509
24 34 643 665
24 35 588 194
24 36 813 952
24 37 312 340
24 38 27 9
24 39 587 786
24 40 721 902
24 41 678 782
24 42 195 323
24 43 234 220
24 44 953 885
24 45 832 948
24 46 108 22
24 47 279 75
24 48 232 559
24 49 946 986
25 26 835 963
25 27 621 897
25 28 889 340
25 29 905 708
25 30 891 753
25 31 555 381
25 32 957 982
25 33 860 942
25 34 761 836
25 35 129 168
25 36 130 147
25 37 989 987
25 38 437 523
25 39 950 901
25 40 71 204
25 41 782 833
25 42 920 823
25 43 334 211
25 44 984 958
25 45 639 680
25 46 658 642
25 47 526 688
25 48 701 599
25 49 406 594
26 27 429 336
26 28 404 197
26 29 402 233
26 30 197 87
26 31 254 200
26 32 396 656
26 33 607 402
26 34 442 315
26 35 916 992
26 36 951 911
26 37 537 542
26 38 566 598
26 39 114 176
26 40 440 149
26 41 625 424
26 42 335 303
26 43 440 901
26 44 102 65
26 45 264 37
26 46 571 443
26 47 67 16
26 48 86 61
26 49 569 424
27 28 296 213
27 29 535 781
27 30 889 880
27 31 463 510
27 32 833 785
27 33 732 755
27 34 3 4
27 35 225 280
27 36 742 833
27 37 821 956
27 38 166 265
27 39 232 330
27 40 108 87
27 41 633 879
27 42 337 331
27 43 294 275
27 44 612 601
27 45 691 557
27 46 233 625
27 47 937 774
27 48 887 896
27 49 391 231
28 29 207 60
28 30 868 899
28 31 477 297
28 32 479 571
28 33 608 646
28 34 890 828
28 35 120 508
28 36 679 816
28 37 740 351
28 38 725 355
28 39 885 598
28 40 609 398
28 41 586 182
28 42 600 400
28 43 666 656
28 44 288 510
28 45 631 581
28 46 389 717
28 47 93 478
28 48 867 737
28 49 676 449
29 30 193 19
29 31 321 172
29 32 314 79
29 33 348 479
29 34 82 55
29 35 69 21
29 36 231 163
29 37 851 822
29 38 130 144
29 39 91 277
29 40 87 287
29 41 139 92
29 42 976 981
29 43 202 156
29 44 992 932
29 45 779 468
29 46 433 388
29 47 179 103
29 48 560 297
29 49 156 567
30 31 365 96
30 32 835 918
30 33 477 638
30 34 810 991
30 35 301 111
30 36 137 230
30 37 922 774
30 38 776 667
30 39 325 435
30 40 48 28
30 41 828 767
30 42 924 748
30 43 891 930
30 44 347 642
30 45 341 259
30 46 314 269
30 47 700 869
30 48 915 771
30 49 522 155
31 32 215 105
31 33 884 843
31 34 544 844
31 35 969 958
31 36 303 195
31 37 555 244
31 38 195 453
31 39 716 623
31 40 9 107
31 41 826 862
31 42 178 72
31 43 591 842
31 44 280 300
31 45 527 214
31 46 742 802
31 47 844 390
31 48 650 900
31 49 129 209
32 33 791 680
32 34 177 225
32 35 802 861
32 36 521 512
32 37 69 116
32 38 676 875
32 39 824 809
32 40 369 605
32 41 842 365
32 42 784 826
32 43 702 832
32 44 878 845
32 45 542 783
32 46 922 788
32 47 353 361
32 48 405 320
32 49 49 361
33 34 281 100
33 35 347 297
33 36 158 422
33 37 207 5
33 38 151 182
33 39 235 317
33 40 508 730
33 41 790 603
33 42 878 616
33 43 289 305
33 44 517 366
33 45 252 497
33 46 319 259
33 47 189 162
33 48 124 20
33 49 227 112
34 35 480 635
34 36 116 117
34 37 619 565
34 38 596 681
34 39 584 350
34 40 543 565
34 41 826 559
34 42 738 635
34 43 880 868
34 44 478 372
34 45 412 711
34 46 269 274
34 47 40 31
34 48 832 873
34 49 619 763
35 36 150 151
35 37 864 936
35 38 160 439
35 39 335 668
35 40 43 112
35 41 724 727
35 42 284 248
35 43 1000 993
35 44 707 484
35 45 141 104
35 46 800 522
35 47 585 371
35 48 69 80
35 49 745 538
36 37 220 75
36 38 754 801
36 39 935 628
36 40 792 851
36 41 240 124
36 42 983 888
36 43 460 679
36 44 223 109
36 45 268 381
36 46 109 413
36 47 225 288
36 48 455 754
36 49 895 859
37 38 612 395
37 39 772 793
37 40 927 502
37 41 204 177
37 42 17 16
37 43 515 505
37 44 433 678
37 45 326 226
37 46 485 561
37 47 733 723
37 48 486 321
37 49 83 10
38 39 212 280
38 40 787 858
38 41 995 953
38 42 958 763
38 43 795 416
38 44 72 141
38 45 65 107
38 46 637 206
38 47 686 777
38 48 288 378
38 49 578 521
39 40 705 884
39 41 428 200
39 42 706 764
39 43 417 479
39 44 24 11
39 45 838 495
39 46 880 486
39 47 559 800
39 48 408 437
39 49 940 736
40 41 581 736
40 42 335 270
40 43 375 566
40 44 356 402
40 45 95 125
40 46 146 181
40 47 251 166
40 48 500 698
40 49 154 111
41 42 830 470
41 43 114 258
41 44 553 626
41 45 148 603
41 46 349 619
41 47 738 658
41 48 334 546
41 49 661 503
42 43 835 702
42 44 57 73
42 45 833 495
42 46 630 418
42 47 765 598
42 48 16 52
42 49 49 50
43 44 418 767
43 45 12 4
43 46 396 607
43 47 205 286
43 48 706 536
43 49 355 645
44 45 198 50
44 46 306 583
44 47 560 289
44 48 345 268
44 49 764 383
45 46 654 323
45 47 433 751
45 48 301 145
45 49 620 540
46 47 497 850
46 48 900 983
46 49 440 279
47 48 277 111
47 49 967 882
48 49 266 341
0
275
1541 4287
1542 4259
1544 4192
1545 4028
1546 4000
1548 3933
1549 3905
1559 3879
1561 3812
1562 3784
1565 3783
1566 3755
1568 3688
1569 3660
1579 3634
1581 3567
1582 3539
1591 3512
1594 3507
1595 3479
1601 3477
1603 3419
1604 3391
1607 3386
1608 3358
1617 3352
1620 3295
1621 3267
1630 3240
1633 3235
1634 3207
1640 3205
1642 3147
1643 3119
1646 3114
1647 3086
1656 3080
1659 3071
1660 3043
1666 3024
1667 3022
1670 3017
1671 2989
1679 2981
1681 2979
1683 2974
1684 2946
1690 2927
1692 2925
1695 2908
1697 2907
1703 2884
1705 2882
1708 2865
1711 2863
1714 2846
1716 2844
1717 2843
1721 2826
1723 2822
1724 2820
1727 2803
1729 2801
1734 2784
1735 2782
1736 2781
1738 2779
1740 2764
1742 2760
1747 2741
1748 2739
1753 2722
1755 2721
1756 2719
1757 2717
1760 2702
1761 2700
1766 2679
1770 2678
1775 2657
1779 2640
1788 2618
1800 2608
1808 2593
1817 2571
1826 2555
1834 2539
1838 2538
1843 2517
1847 2500
1856 2478
1868 2468
1877 2456
1881 2454
1885 2437
1886 2434
1894 2415
1906 2405
1915 2393
1916 2392
1924 2371
1936 2361
1945 2351
1946 2348
1954 2329
1966 2319
1975 2307
1982 2306
1984 2285
1996 2275
2009 2267
2011 2265
2018 2245
2020 2243
2030 2235
2032 2233
2045 2225
2054 2203
2066 2193
2081 2192
2083 2186
2091 2176
2092 2164
2104 2154
2117 2150
2126 2148
2127 2134
2135 2126
2139 2124
2147 2116
2155 2111
2165 2095
2177 2085
2196 2083
2198 2073
2208 2057
2220 2047
2247 2039
2257 2024
2269 2014
2294 2001
2306 1991
2333 1984
2343 1968
2355 1958
2385 1956
2393 1947
2405 1937
2422 1933
2430 1924
2442 1914
2459 1910
2469 1907
2471 1900
2479 1891
2491 1881
2521 1879
2534 1877
2537 1873
2538 1872
2544 1861
2558 1856
2577 1853
2579 1849
2589 1844
2595 1833
2607 1823
2626 1820
2650 1819
2653 1815
2654 1814
2660 1803
2679 1800
2683 1799
2695 1791
2714 1788
2716 1787
2728 1777
2747 1774
2748 1771
2767 1768
2771 1767
2781 1757
2800 1752
2816 1745
2835 1742
2853 1732
2869 1725
2888 1720
2906 1716
2921 1706
2940 1703
2941 1700
2960 1697
2964 1696
2974 1686
2993 1683
2997 1682
3009 1674
3028 1671
3046 1665
3062 1654
3081 1651
3085 1650
3099 1645
3118 1642
3120 1641
3134 1633
3153 1630
3160 1629
3179 1626
3181 1624
3187 1613
3206 1610
3210 1609
3229 1606
3245 1600
3264 1597
3268 1596
3285 1588
3304 1585
3342 1582
3343 1575
3362 1572
3378 1566
3397 1563
3401 1562
3420 1559
3436 1553
3455 1550
3459 1549
3476 1541
3495 1538
3533 1535
3534 1528
3553 1525
3585 1524
3589 1523
3591 1522
3597 1520
3611 1517
3630 1514
3658 1513
3664 1502
3683 1499
3721 1496
3727 1494
3746 1491
3784 1488
3799 1478
3818 1475
3862 1470
3881 1467
3909 1465
3928 1462
3966 1459
3972 1457
3991 1454
4029 1451
4044 1441
4063 1438
4107 1433
4126 1430
4204 1427
4223 1424
4307 1423
4326 1420
4342 1419
4380 1416
4408 1414
4414 1403
4477 1395
4574 1389
4677 1385
4884 1384
