50
0 1 663 678
0 2 483 808
0 3 251 257
0 4 433 767
0 5 326 435
0 6 888 375
0 7 298 52
0 8 775 969
0 9 896 536
0 10 42 56
0 11 449 80
0 12 234 312
0 13 372 667
0 14 90 17
0 15 612 627
0 16 503 257
0 17 600 395
0 18 723 903
0 19 586 846
0 20 582 275
0 21 8 269
0 22 766 901
0 23 974 964
0 24 856 990
0 25 255 170
0 26 506 218
0 27 780 568
0 28 966 792
0 29 212 107
0 30 198 238
0 31 533 101
0 32 247 481
0 33 139 556
0 34 227 581
0 35 455 829
0 36 103 608
0 37 366 104
0 38 803 621
0 39 67 224
0 40 849 879
0 41 878 881
0 42 912 338
0 43 985 835
0 44 102 551
0 45 219 907
0 46 515 708
0 47 545 354
0 48 653 912
0 49 99 295
1 2 150 668
1 3 570 487
1 4 795 957
1 5 771 425
1 6 822 718
1 7 129 21
1 8 926 873
1 9 489 479
1 10 443 830
1 11 795 984
1 12 452 432
1 13 487 117
1 14 484 701
1 15 602 975
1 16 430 810
1 17 338 777
1 18 223 207
1 19 597 598
1 20 336 43
1 21 167 537
1 22 169 282
1 23 627 343
1 24 170 832
1 25 901 784
1 26 171 218
1 27 104 289
1 28 840 666
1 29 847 954
1 30 298 263
1 31 105 187
1 32 780 845
1 33 115 218
1 34 584 761
1 35 596 153
1 36 667 739
1 37 351 570
1 38 194 650
1 39 658 504
1 40 348 48
1 41 473 716
1 42 478 387
1 43 142 231
1 44 576 132
1 45 671 833
1 46 729 355
1 47 2 1
1 48 567 522
1 49 569 783
2 3 919 725
2 4 839 381
2 5 754 574
2 6 597 880
2 7 35 174
2 8 297 211
2 9 190 924
2 10 422 889
2 11 848 682
2 12 956 133
2 13 803 479
2 14 960 900
2 15 866 900
2 16 524 28
2 17 339 246
2 18 227 460
2 19 292 104
2 20 635 542
2 21 18 136
2 22 256 63
2 23 778 506
2 24 585 524
2 25 112 708
2 26 98 198
2 27 956 715
2 28 299 729
2 29 631 912
2 30 202 409
2 31 510 72
2 32 741 575
2 33 939 670
2 34 1000 989
2 35 34 91
2 36 802 371
2 37 744 494
2 38 850 225
2 39 503 446
2 40 943 877
2 41 362 547
2 42 449 513
2 43 917 540
2 44 999 402
2 45 673 520
2 46 830 847
2 47 706 447
2 48 606 739
2 49 579 854
3 4 352 222
3 5 439 825
3 6 880 808
3 7 478 713
3 8 648 931
3 9 478 298
3 10 100 43
3 11 357 561
3 12 843 134
3 13 329 762
3 14 736 521
3 15 57 23
3 16 920 575
3 17 767 508
3 18 737 554
3 19 992 977
3 20 123 418
3 21 861 591
3 22 173 874
3 23 511 670
3 24 625 155
3 25 550 397
3 26 124 293
3 27 504 615
3 28 291 334
3 29 130 915
3 30 922 602
3 31 935 840
3 32 381 283
3 33 876 600
3 34 443 362
3 35 556 207
3 36 848 548
3 37 16 45
3 38 42 507
3 39 197 123
3 40 159 972
3 41 897 606
3 42 289 381
3 43 138 125
3 44 781 719
3 45 29 379
3 46 191 211
3 47 283 584
3 48 170 289
3 49 353 129
4 5 482 327
4 6 320 75
4 7 174 153
4 8 100 14
4 9 592 895
4 10 355 288
4 11 38 40
4 12 845 855
4 13 448 293
4 14 841 845
4 15 495 361
4 16 176 392
4 17 420 490
4 18 402 560
4 19 705 362
4 20 194 200
4 21 285 149
4 22 831 919
4 23 973 877
4 24 836 966
4 25 863 927
4 26 828 628
4 27 707 794
4 28 743 518
4 29 823 573
4 30 465 673
4 31 243 520
4 32 47 149
4 33 881 828
4 34 59 223
4 35 235 385
4 36 279 352
4 37 347 247
4 38 85 316
4 39 843 937
4 40 223 91
4 41 565 928
4 42 55 416
4 43 509 207
4 44 915 849
4 45 906 598
4 46 334 136
4 47 230 42
4 48 95 456
4 49 406 542
5 6 224 249
5 7 611 347
5 8 534 472
5 9 239 141
5 10 967 786
5 11 352 468
5 12 643 84
5 13 868 229
5 14 651 672
5 15 532 157
5 16 852 114
5 17 995 996
5 18 972 978
5 19 616 829
5 20 899 992
5 21 179 404
5 22 259 979
5 23 925 907
5 24 99 191
5 25 845 561
5 26 625 794
5 27 298 661
5 28 510 97
5 29 147 446
5 30 250 248
5 31 513 469
5 32 273 661
5 33 650 329
5 34 403 296
5 35 758 426
5 36 336 918
5 37 810 811
5 38 679 670
5 39 480 466
5 40 589 272
5 41 19 730
5 42 719 747
5 43 226 645
5 44 979 807
5 45 599 714
5 46 4 240
5 47 369 33
5 48 195 891
5 49 214 908
6 7 981 937
6 8 598 563
6 9 962 723
6 10 905 951
6 11 801 116
6 12 417 350
6 13 508 994
6 14 213 843
6 15 547 927
6 16 288 570
6 17 649 368
6 18 419 971
6 19 291 321
6 20 798 589
6 21 253 453
6 22 215 404
6 23 513 849
6 24 170 51
6 25 895 977
6 26 184 356
6 27 673 563
6 28 694 933
6 29 730 725
6 30 320 15
6 31 546 648
6 32 800 364
6 33 689 953
6 34 196 848
6 35 852 788
6 36 721 453
6 37 976 860
6 38 959 367
6 39 355 669
6 40 807 435
6 41 993 949
6 42 84 11
6 43 936 841
6 44 637 163
6 45 307 337
6 46 49 764
6 47 237 872
6 48 663 303
6 49 118 367
7 8 40 233
7 9 903 456
7 10 480 213
7 11 33 104
7 12 81 376
7 13 938 519
7 14 652 599
7 15 532 358
7 16 620 362
7 17 821 593
7 18 817 943
7 19 787 867
7 20 18 20
7 21 791 600
7 22 353 134
7 23 436 459
7 24 758 943
7 25 139 537
7 26 693 819
7 27 622 591
7 28 716 631
7 29 276 714
7 30 762 404
7 31 618 729
7 32 6 287
7 33 747 985
7 34 956 937
7 35 572 488
7 36 181 81
7 37 176 376
7 38 838 514
7 39 762 605
7 40 853 654
7 41 824 528
7 42 176 75
7 43 274 911
7 44 263 489
7 45 33 573
7 46 839 439
7 47 827 241
7 48 163 258
7 49 738 461
8 9 259 491
8 10 969 397
8 11 408 59
8 12 831 877
8 13 477 550
8 14 995 960
8 15 287 173
8 16 892 898
8 17 776 23
8 18 127 436
8 19 847 278
8 20 810 507
8 21 545 917
8 22 149 25
8 23 579 686
8 24 214 382
8 25 498 111
8 26 261 107
8 27 386 744
8 28 52 18
8 29 140 184
8 30 291 82
8 31 120 476
8 32 919 794
8 33 648 261
8 34 498 105
8 35 890 452
8 36 101 590
8 37 577 231
8 38 652 499
8 39 736 959
8 40 818 11
8 41 692 272
8 42 874 869
8 43 909 531
8 44 995 782
8 45 859 794
8 46 263 871
8 47 873 275
8 48 363 755
8 49 1000 936
9 10 696 276
9 11 640 234
9 12 779 835
9 13 824 835
9 14 396 402
9 15 686 118
9 16 664 131
9 17 404 300
9 18 36 121
9 19 211 377
9 20 187 609
9 21 450 463
9 22 108 141
9 23 429 587
9 24 190 278
9 25 648 501
9 26 330 831
9 27 382 717
9 28 856 805
9 29 838 558
9 30 397 249
9 31 651 519
9 32 658 132
9 33 623 155
9 34 163 63
9 35 887 854
9 36 240 84
9 37 705 738
9 38 732 884
9 39 28 85
9 40 162 570
9 41 997 992
9 42 768 535
9 43 447 407
9 44 619 610
9 45 374 280
9 46 643 979
9 47 400 376
9 48 651 601
9 49 318 181
10 11 91 335
10 12 855 1000
10 13 519 765
10 14 122 104
10 15 987 937
10 16 422 24
10 17 616 555
10 18 607 592
10 19 625 472
10 20 242 361
10 21 899 268
10 22 763 962
10 23 170 632
10 24 29 21
10 25 671 368
10 26 770 93
10 27 508 166
10 28 553 847
10 29 318 375
10 30 469 465
10 31 462 88
10 32 635 621
10 33 669 558
10 34 501 805
10 35 789 669
10 36 484 178
10 37 202 337
10 38 513 297
10 39 57 568
10 40 222 759
10 41 438 385
10 42 326 152
10 43 946 900
10 44 617 313
10 45 824 477
10 46 724 372
10 47 515 300
10 48 694 752
10 49 896 940
11 12 392 185
11 13 145 225
11 14 699 982
11 15 612 554
11 16 871 816
11 17 373 137
11 18 215 48
11 19 192 216
11 20 960 801
11 21 181 289
11 22 778 799
11 23 460 928
11 24 379 67
11 25 886 364
11 26 504 392
11 27 481 619
11 28 128 155
11 29 609 763
11 30 406 707
11 31 694 591
11 32 900 484
11 33 595 298
11 34 331 491
11 35 210 569
11 36 642 750
11 37 508 389
11 38 709 964
11 39 15 30
11 40 318 814
11 41 959 893
11 42 216 157
11 43 255 377
11 44 719 539
11 45 481 456
11 46 463 291
11 47 670 261
11 48 324 512
11 49 154 777
12 13 148 516
12 14 945 815
12 15 13 108
12 16 94 650
12 17 793 437
12 18 425 913
12 19 954 811
12 20 271 560
12 21 952 833
12 22 974 915
12 23 916 973
12 24 438 556
12 25 981 501
12 26 334 125
12 27 315 810
12 28 936 410
12 29 152 19
12 30 932 923
12 31 459 626
12 32 852 734
12 33 459 160
12 34 857 412
12 35 963 609
12 36 689 511
12 37 760 675
12 38 694 827
12 39 870 527
12 40 784 356
12 41 493 801
12 42 671 691
12 43 445 265
12 44 528 907
12 45 916 974
12 46 351 696
12 47 393 514
12 48 678 19
12 49 119 164
13 14 418 669
13 15 412 841
13 16 549 16
13 17 249 630
13 18 868 759
13 19 790 610
13 20 379 222
13 21 789 715
13 22 121 120
13 23 208 605
13 24 907 181
13 25 692 475
13 26 740 287
13 27 720 994
13 28 385 97
13 29 21 463
13 30 843 752
13 31 887 581
13 32 501 830
13 33 499 399
13 34 419 78
13 35 304 109
13 36 70 69
13 37 316 271
13 38 813 760
13 39 893 567
13 40 785 271
13 41 300 653
13 42 2 11
13 43 18 165
13 44 335 92
13 45 637 173
13 46 720 915
13 47 626 914
13 48 742 824
13 49 782 741
14 15 449 480
14 16 593 769
14 17 389 519
14 18 142 60
14 19 19 35
14 20 762 733
14 21 399 852
14 22 922 859
14 23 781 795
14 24 956 785
14 25 597 970
14 26 554 806
14 27 447 86
14 28 147 210
14 29 410 526
14 30 376 764
14 31 927 823
14 32 922 825
14 33 909 281
14 34 28 41
14 35 942 600
14 36 521 708
14 37 789 746
14 38 422 465
14 39 942 132
14 40 277 469
14 41 708 498
14 42 928 765
14 43 177 56
14 44 77 293
14 45 648 726
14 46 873 881
14 47 845 975
14 48 308 45
14 49 443 535
15 16 922 573
15 17 646 164
15 18 152 173
15 19 574 846
15 20 643 176
15 21 217 291
15 22 614 823
15 23 942 437
15 24 788 461
15 25 608 320
15 26 205 865
15 27 567 866
15 28 591 745
15 29 248 563
15 30 483 509
15 31 671 61
15 32 475 596
15 33 63 350
15 34 23 64
15 35 108 508
15 36 201 141
15 37 958 634
15 38 172 161
15 39 144 140
15 40 33 150
15 41 532 279
15 42 30 14
15 43 915 714
15 44 114 195
15 45 438 493
15 46 982 995
15 47 229 82
15 48 42 74
15 49 496 132
16 17 130 319
16 18 893 937
16 19 278 460
16 20 627 511
16 21 635 236
16 22 567 388
16 23 160 405
16 24 891 284
16 25 90 240
16 26 579 720
16 27 111 357
16 28 306 411
16 29 362 178
16 30 756 387
16 31 776 500
16 32 864 525
16 33 48 29
16 34 895 872
16 35 134 109
16 36 790 137
16 37 37 180
16 38 678 127
16 39 811 943
16 40 880 624
16 41 890 937
16 42 220 393
16 43 20 38
16 44 749 829
16 45 984 713
16 46 211 149
16 47 71 581
16 48 588 74
16 49 991 484
17 18 833 616
17 19 116 579
17 20 520 876
17 21 108 445
17 22 59 861
17 23 451 209
17 24 804 375
17 25 696 948
17 26 837 573
17 27 229 133
17 28 474 359
17 29 794 658
17 30 113 352
17 31 275 184
17 32 102 202
17 33 504 306
17 34 518 798
17 35 981 851
17 36 43 112
17 37 267 168
17 38 125 426
17 39 707 809
17 40 442 200
17 41 773 810
17 42 548 316
17 43 62 49
17 44 244 76
17 45 492 260
17 46 1 11
17 47 143 389
17 48 145 127
17 49 480 587
18 19 128 459
18 20 376 187
18 21 329 735
18 22 325 213
18 23 894 852
18 24 983 596
18 25 418 18
18 26 626 387
18 27 435 315
18 28 629 906
18 29 496 635
18 30 508 828
18 31 438 214
18 32 954 872
18 33 5 180
18 34 548 894
18 35 289 375
18 36 118 238
18 37 877 768
18 38 449 278
18 39 66 163
18 40 579 598
18 41 8 11
18 42 782 430
18 43 131 455
18 44 912 911
18 45 35 169
18 46 794 807
18 47 56 40
18 48 597 301
18 49 547 353
19 20 74 256
19 21 538 611
19 22 127 369
19 23 192 498
19 24 601 821
19 25 746 758
19 26 604 648
19 27 177 204
19 28 34 214
19 29 284 878
19 30 967 361
19 31 214 175
19 32 566 736
19 33 206 146
19 34 716 614
19 35 327 758
19 36 569 202
19 37 784 438
19 38 377 241
19 39 91 448
19 40 26 477
19 41 625 562
19 42 453 389
19 43 917 409
19 44 357 166
19 45 461 988
19 46 293 693
19 47 303 365
19 48 492 535
19 49 708 329
20 21 605 781
20 22 488 296
20 23 365 548
20 24 631 814
20 25 214 551
20 26 831 680
20 27 568 384
20 28 742 604
20 29 924 691
20 30 607 759
20 31 285 773
20 32 878 988
20 33 694 591
20 34 703 568
20 35 126 219
20 36 975 996
20 37 58 40
20 38 425 209
20 39 875 859
20 40 679 383
20 41 417 409
20 42 796 288
20 43 733 298
20 44 741 64
20 45 362 740
20 46 6 62
20 47 346 389
20 48 839 217
20 49 204 674
21 22 797 260
21 23 93 262
21 24 774 339
21 25 999 756
21 26 186 540
21 27 719 721
21 28 36 264
21 29 101 221
21 30 137 364
21 31 738 656
21 32 838 330
21 33 186 402
21 34 725 979
21 35 400 470
21 36 379 818
21 37 274 598
21 38 389 718
21 39 856 997
21 40 425 389
21 41 173 317
21 42 521 273
21 43 355 101
21 44 890 427
21 45 153 203
21 46 973 868
21 47 806 737
21 48 16 378
21 49 244 112
22 23 349 935
22 24 787 351
22 25 793 153
22 26 832 729
22 27 998 938
22 28 195 156
22 29 795 848
22 30 511 405
22 31 118 639
22 32 696 717
22 33 232 26
22 34 248 958
22 35 569 376
22 36 192 662
22 37 247 505
22 38 138 137
22 39 658 615
22 40 815 340
22 41 676 195
22 42 366 843
22 43 840 937
22 44 893 781
22 45 109 642
22 46 681 425
22 47 312 757
22 48 837 882
22 49 682 923
23 24 832 304
23 25 18 264
23 26 875 976
23 27 668 652
23 28 247 166
23 29 547 389
23 30 390 46
23 31 604 637
23 32 848 305
23 33 423 692
23 34 33 150
23 35 23 328
23 36 62 132
23 37 198 741
23 38 559 807
23 39 240 197
23 40 788 752
23 41 183 518
23 42 319 514
23 43 112 269
23 44 58 54
23 45 396 502
23 46 742 929
23 47 18 570
23 48 441 142
23 49 50 249
24 25 948 958
24 26 98 336
24 27 582 428
24 28 118 113
24 29 324 695
24 30 497 534
24 31 410 111
24 32 212 768
24 33 115 162
24 34 903 972
24 35 344 440
24 36 194 36
24 37 707 981
24 38 50 286
24 39 599 183
24 40 547 22
24 41 152 364
24 42 667 487
24 43 818 658
24 44 606 719
24 45 547 293
24 46 295 362
24 47 601 419
24 48 33 86
24 49 110 103
25 26 844 705
25 27 260 374
25 28 793 86
25 29 703 269
25 30 693 845
25 31 98 119
25 32 751 685
25 33 264 340
25 34 533 629
25 35 855 827
25 36 348 351
25 37 459 654
25 38 340 784
25 39 467 731
25 40 693 332
25 41 555 924
25 42 35 11
25 43 672 724
25 44 549 853
25 45 938 201
25 46 340 85
25 47 306 161
25 48 992 429
25 49 711 819
26 27 742 969
26 28 742 608
26 29 206 526
26 30 605 90
26 31 26 367
26 32 653 983
26 33 11 28
26 34 688 757
26 35 736 850
26 36 895 496
26 37 874 946
26 38 893 998
26 39 779 773
26 40 498 814
26 41 242 713
26 42 641 640
26 43 187 556
26 44 516 68
26 45 420 327
26 46 486 156
26 47 334 413
26 48 537 573
26 49 867 778
27 28 504 723
27 29 41 743
27 30 442 619
27 31 436 712
27 32 283 554
27 33 795 711
27 34 216 367
27 35 469 259
27 36 828 526
27 37 390 628
27 38 23 3
27 39 108 63
27 40 935 577
27 41 528 762
27 42 284 628
27 43 314 150
27 44 129 833
27 45 109 86
27 46 92 158
27 47 666 664
27 48 409 859
27 49 134 411
28 29 240 68
28 30 738 936
28 31 202 690
28 32 164 362
28 33 12 1
28 34 434 771
28 35 213 785
28 36 242 105
28 37 433 333
28 38 410 368
28 39 211 271
28 40 409 770
28 41 930 383
28 42 107 36
28 43 494 198
28 44 459 372
28 45 582 689
28 46 766 498
28 47 817 824
28 48 280 303
28 49 573 471
29 30 21 351
29 31 8 5
29 32 114 883
29 33 477 403
29 34 648 507
29 35 219 666
29 36 823 667
29 37 325 62
29 38 536 39
29 39 360 270
29 40 992 926
29 41 833 581
29 42 110 408
29 43 819 254
29 44 424 269
29 45 26 7
29 46 896 735
29 47 35 365
29 48 915 348
29 49 178 356
30 31 676 725
30 32 45 265
30 33 376 545
30 34 176 480
30 35 405 636
30 36 246 693
30 37 463 337
30 38 777 530
30 39 441 423
30 40 112 42
30 41 629 781
30 42 193 192
30 43 975 961
30 44 978 836
30 45 862 372
30 46 194 80
30 47 482 698
30 48 977 876
30 49 568 257
31 32 405 573
31 33 413 619
31 34 234 627
31 35 109 436
31 36 92 4
31 37 11 5
31 38 497 417
31 39 24 1
31 40 361 392
31 41 755 384
31 42 878 471
31 43 682 743
31 44 724 854
31 45 758 473
31 46 819 595
31 47 759 796
31 48 501 395
31 49 876 816
32 33 241 538
32 34 345 148
32 35 907 962
32 36 597 747
32 37 463 852
32 38 343 267
32 39 805 493
32 40 674 881
32 41 682 762
32 42 603 461
32 43 814 341
32 44 219 219
32 45 928 962
32 46 242 693
32 47 543 558
32 48 957 679
32 49 30 335
33 34 368 743
33 35 627 144
33 36 38 77
33 37 340 421
33 38 339 349
33 39 18 180
33 40 704 755
33 41 992 949
33 42 773 682
33 43 103 194
33 44 618 781
33 45 644 714
33 46 325 22
33 47 700 614
33 48 767 947
33 49 408 700
34 35 653 452
34 36 596 197
34 37 370 96
34 38 398 320
34 39 285 630
34 40 669 217
34 41 922 689
34 42 360 702
34 43 812 847
34 44 328 314
34 45 962 595
34 46 694 298
34 47 719 554
34 48 617 571
34 49 933 694
35 36 730 991
35 37 198 760
35 38 343 454
35 39 283 941
35 40 615 740
35 41 179 212
35 42 280 504
35 43 308 461
35 44 532 588
35 45 836 711
35 46 549 133
35 47 700 824
35 48 755 754
35 49 687 922
36 37 373 240
36 38 787 779
36 39 945 668
36 40 34 353
36 41 233 447
36 42 69 495
36 43 518 666
36 44 302 490
36 45 966 737
36 46 566 882
36 47 814 704
36 48 679 108
36 49 532 953
37 38 427 268
37 39 918 441
37 40 521 55
37 41 626 495
37 42 607 324
37 43 755 135
37 44 609 900
37 45 947 384
37 46 922 197
37 47 435 306
37 48 161 106
37 49 35 590
38 39 308 475
38 40 192 312
38 41 269 270
38 42 840 470
38 43 627 289
38 44 758 615
38 45 702 268
38 46 887 882
38 47 60 332
38 48 103 181
38 49 442 21
39 40 947 817
39 41 919 279
39 42 640 690
39 43 226 396
39 44 431 480
39 45 864 953
39 46 350 610
39 47 351 700
39 48 812 781
39 49 752 813
40 41 655 688
40 42 853 990
40 43 733 420
40 44 328 565
40 45 825 461
40 46 508 884
40 47 495 865
40 48 842 439
40 49 358 61
41 42 561 229
41 43 972 891
41 44 701 950
41 45 833 994
41 46 419 357
41 47 881 344
41 48 564 952
41 49 191 179
42 43 223 418
42 44 38 287
42 45 910 792
42 46 424 673
42 47 571 668
42 48 724 582
42 49 274 453
43 44 427 403
43 45 349 687
43 46 52 829
43 47 639 201
43 48 7 43
43 49 904 428
44 45 234 170
44 46 317 935
44 47 932 486
44 48 770 278
44 49 680 852
45 46 186 383
45 47 616 561
45 48 430 511
45 49 725 115
46 47 172 522
46 48 859 905
46 49 645 650
47 48 734 932
47 49 19 643
48 49 579 126
0
448
1000 10053
1001 9817
1004 9632
1005 9541
1006 9493
1008 9356
1009 9297
1010 9217
1012 9214
1013 9166
1015 9029
1016 8970
1017 8890
1020 8867
1021 8822
1022 8730
1023 8671
1024 8591
1026 8588
1027 8540
1028 8495
1029 8403
1030 8344
1031 8264
1037 8182
1038 8123
1039 8043
1041 8036
1042 7956
1048 7874
1049 7815
1050 7735
1053 7719
1055 7707
1056 7667
1059 7637
1061 7498
1063 7486
1064 7446
1067 7430
1071 7422
1072 7388
1073 7283
1074 7249
1075 7209
1077 7203
1081 7199
1082 7159
1083 7121
1084 7062
1085 6982
1088 6966
1090 6954
1091 6914
1094 6884
1096 6745
1098 6733
1099 6693
1102 6677
1106 6669
1107 6635
1108 6530
1109 6496
1110 6456
1116 6446
1117 6406
1120 6380
1121 6281
1122 6241
1128 6231
1129 6191
1135 6096
1138 6076
1139 6036
1142 6008
1146 5986
1147 5959
1148 5919
1152 5891
1155 5863
1157 5810
1158 5776
1159 5736
1160 5711
1166 5686
1167 5661
1169 5660
1170 5561
1171 5521
1177 5511
1178 5471
1184 5376
1187 5356
1188 5316
1191 5288
1195 5266
1196 5239
1197 5199
1201 5171
1204 5143
1207 5123
1208 5031
1209 4991
1215 4981
1216 4941
1221 4938
1222 4846
1227 4827
1228 4798
1229 4758
1234 4709
1235 4669
1241 4642
1242 4613
1247 4594
1248 4524
1254 4476
1255 4436
1261 4409
1268 4291
1277 4285
1281 4270
1283 4177
1292 4171
1296 4156
1301 4118
1303 4091
1307 4086
1310 4082
1316 4070
1320 4065
1321 4032
1322 4020
1327 4000
1330 3996
1334 3991
1339 3990
1340 3976
1341 3954
1342 3934
1346 3929
1349 3925
1351 3914
1354 3905
1359 3895
1360 3890
1361 3868
1365 3863
1366 3843
1369 3839
1373 3834
1378 3819
1379 3809
1380 3797
1383 3796
1385 3777
1388 3773
1390 3757
1393 3748
1400 3711
1404 3706
1407 3702
1409 3691
1412 3682
1417 3662
1421 3659
1424 3620
1427 3616
1431 3611
1434 3610
1436 3596
1440 3595
1441 3573
1445 3568
1448 3534
1451 3525
1458 3524
1461 3513
1464 3504
1465 3482
1468 3478
1472 3473
1473 3470
1475 3439
1486 3434
1488 3418
1489 3396
1492 3387
1500 3375
1503 3373
1505 3366
1509 3358
1510 3348
1514 3332
1515 3311
1516 3301
1528 3290
1529 3280
1532 3264
1536 3259
1539 3255
1540 3247
1541 3237
1542 3216
1555 3195
1556 3173
1559 3169
1563 3164
1567 3152
1572 3148
1576 3143
1577 3125
1581 3109
1583 3078
1596 3057
1600 3053
1604 3048
1608 3014
1618 3009
1621 2993
1624 2962
1639 2955
1643 2932
1649 2898
1668 2868
1678 2863
1680 2839
1684 2816
1699 2809
1703 2799
1704 2791
1709 2752
1729 2727
1740 2693
1759 2682
1760 2668
1783 2654
1788 2636
1790 2623
1794 2620
1814 2595
1833 2593
1838 2584
1842 2563
1847 2554
1851 2551
1871 2526
1883 2523
1887 2520
1900 2508
1907 2495
1909 2491
1931 2484
1935 2463
1940 2454
1944 2451
1964 2426
1993 2408
2002 2391
2031 2373
2063 2361
2087 2360
2088 2359
2092 2343
2097 2342
2101 2326
2126 2324
2130 2308
2141 2302
2170 2284
2196 2277
2202 2272
2225 2259
2231 2254
2236 2253
2240 2237
2265 2235
2269 2219
2317 2216
2325 2206
2326 2205
2335 2188
2364 2170
2396 2166
2420 2157
2428 2154
2430 2149
2457 2136
2466 2119
2495 2101
2506 2095
2535 2077
2567 2065
2591 2064
2596 2047
2605 2030
2634 2012
2682 2009
2690 1999
2711 1991
2727 1984
2756 1966
2766 1960
2795 1942
2843 1939
2851 1929
2872 1921
2883 1912
2892 1895
2921 1877
2969 1874
2977 1864
2998 1856
3014 1849
3043 1831
3091 1828
3099 1818
3120 1810
3157 1805
3176 1797
3217 1795
3225 1775
3281 1762
3302 1754
3339 1749
3358 1741
3416 1740
3427 1732
3448 1724
3485 1719
3504 1711
3557 1693
3613 1680
3634 1672
3671 1667
3690 1659
3748 1658
3759 1650
3780 1642
3817 1637
3836 1629
3894 1628
3905 1625
3915 1620
3952 1615
3971 1607
4040 1603
4062 1598
4104 1594
4156 1591
4173 1590
4183 1585
4197 1583
4220 1580
4239 1572
4308 1568
4330 1563
4402 1561
4424 1556
4465 1548
4502 1545
4534 1544
4556 1539
4576 1537
4593 1536
4645 1533
4650 1532
4667 1528
4728 1521
4797 1517
4819 1512
4839 1510
4908 1506
4913 1505
4930 1501
5002 1499
5024 1494
5141 1493
5161 1491
5179 1490
5199 1488
5224 1487
5241 1483
5252 1482
5290 1479
5335 1476
5384 1472
5452 1470
5521 1469
5556 1468
5563 1464
5612 1460
5669 1459
5680 1458
5718 1455
5763 1452
5812 1448
5929 1447
5949 1445
5984 1444
5991 1440
6040 1436
6153 1435
6165 1434
6196 1432
6247 1428
6306 1425
6419 1424
6426 1420
6475 1416
6595 1415
6607 1414
6631 1412
6689 1408
6741 1405
6861 1404
6871 1403
6895 1401
6917 1396
7012 1394
7073 1392
7161 1390
7183 1385
7313 1383
7339 1381
7432 1379
7454 1374
7579 1372
7610 1370
7735 1368
7823 1364
7854 1361
7984 1359
8010 1357
8094 1353
8125 1350
8250 1348
8281 1346
8406 1344
8595 1342
8621 1340
8705 1336
8736 1333
8861 1331
8892 1329
9017 1327
9235 1326
9391 1322
