50
0 1 169 235
0 2 459 208
0 3 616 999
0 4 180 633
0 5 415 141
0 6 695 79
0 7 855 791
0 8 400 13
0 9 737 592
0 10 936 590
0 11 741 553
0 12 157 163
0 13 62 36
0 14 231 666
0 15 983 836
0 16 978 801
0 17 806 961
0 18 816 911
0 19 823 703
0 20 475 976
0 21 797 823
0 22 484 298
0 23 246 11
0 24 433 416
0 25 877 383
0 26 633 890
0 27 760 530
0 28 368 92
0 29 333 675
0 30 499 220
0 31 271 459
0 32 229 527
0 33 126 251
0 34 642 535
0 35 140 8
0 36 847 646
0 37 715 410
0 38 739 112
0 39 213 164
0 40 802 883
0 41 958 784
0 42 294 556
0 43 963 990
0 44 977 850
0 45 145 734
0 46 237 902
0 47 916 820
0 48 19 262
0 49 794 823
1 2 243 193
1 3 14 398
1 4 598 793
1 5 515 991
1 6 587 698
1 7 743 236
1 8 500 878
1 9 236 568
1 10 853 603
1 11 218 185
1 12 393 900
1 13 67 428
1 14 193 27
1 15 521 356
1 16 621 324
1 17 810 825
1 18 394 846
1 19 896 401
1 20 728 585
1 21 225 848
1 22 213 4
1 23 992 830
1 24 224 206
1 25 346 557
1 26 992 790
1 27 69 251
1 28 687 230
1 29 26 544
1 30 242 300
1 31 969 892
1 32 100 524
1 33 222 546
1 34 737 780
1 35 582 961
1 36 587 732
1 37 694 597
1 38 935 653
1 39 339 115
1 40 367 432
1 41 476 477
1 42 283 104
1 43 793 223
1 44 540 610
1 45 888 841
1 46 523 895
1 47 405 253
1 48 376 300
1 49 752 547
2 3 987 615
2 4 315 696
2 5 136 133
2 6 545 479
2 7 804 569
2 8 700 825
2 9 998 529
2 10 63 495
2 11 881 857
2 12 409 672
2 13 149 260
2 14 541 786
2 15 873 340
2 16 919 707
2 17 227 338
2 18 658 174
2 19 816 934
2 20 320 995
2 21 725 401
2 22 329 488
2 23 271 789
2 24 451 59
2 25 503 513
2 26 663 951
2 27 870 567
2 28 623 62
2 29 948 762
2 30 302 313
2 31 875 957
2 32 917 736
2 33 689 251
2 34 923 330
2 35 580 371
2 36 182 144
2 37 666 513
2 38 528 858
2 39 316 385
2 40 761 651
2 41 774 774
2 42 792 294
2 43 316 196
2 44 3 518
2 45 31 180
2 46 198 767
2 47 459 499
2 48 219 200
2 49 469 428
3 4 936 155
3 5 788 869
3 6 858 634
3 7 232 295
3 8 837 530
3 9 670 792
3 10 357 342
3 11 693 779
3 12 28 348
3 13 548 991
3 14 390 572
3 15 413 331
3 16 94 231
3 17 635 986
3 18 789 735
3 19 185 607
3 20 941 674
3 21 96 336
3 22 937 718
3 23 299 689
3 24 602 232
3 25 11 108
3 26 307 381
3 27 734 793
3 28 684 825
3 29 494 458
3 30 697 306
3 31 514 672
3 32 468 933
3 33 312 657
3 34 517 721
3 35 383 223
3 36 202 419
3 37 391 56
3 38 136 588
3 39 23 32
3 40 260 446
3 41 275 699
3 42 751 115
3 43 631 531
3 44 342 222
3 45 306 191
3 46 959 865
3 47 823 395
3 48 989 974
3 49 366 908
4 5 224 622
4 6 538 458
4 7 500 666
4 8 974 941
4 9 810 337
4 10 433 941
4 11 887 735
4 12 874 668
4 13 440 760
4 14 624 401
4 15 728 401
4 16 890 955
4 17 519 622
4 18 382 397
4 19 367 420
4 20 122 373
4 21 654 130
4 22 886 918
4 23 742 616
4 24 192 469
4 25 316 521
4 26 945 780
4 27 86 241
4 28 978 352
4 29 603 767
4 30 51 25
4 31 581 21
4 32 417 42
4 33 432 533
4 34 186 18
4 35 662 640
4 36 292 578
4 37 313 802
4 38 167 835
4 39 480 877
4 40 276 790
4 41 850 581
4 42 580 694
4 43 816 472
4 44 903 423
4 45 662 294
4 46 428 617
4 47 320 215
4 48 321 663
4 49 438 515
5 6 790 196
5 7 594 709
5 8 391 879
5 9 216 158
5 10 647 561
5 11 162 283
5 12 641 769
5 13 391 216
5 14 707 87
5 15 920 961
5 16 231 258
5 17 464 658
5 18 165 233
5 19 535 740
5 20 559 207
5 21 258 379
5 22 777 844
5 23 425 525
5 24 489 328
5 25 692 508
5 26 294 600
5 27 88 489
5 28 642 595
5 29 665 865
5 30 531 466
5 31 249 688
5 32 505 180
5 33 423 118
5 34 907 843
5 35 859 174
5 36 575 789
5 37 386 919
5 38 682 833
5 39 309 482
5 40 495 244
5 41 287 145
5 42 851 890
5 43 547 227
5 44 925 726
5 45 850 994
5 46 137 407
5 47 230 451
5 48 594 686
5 49 757 711
6 7 259 584
6 8 937 249
6 9 937 990
6 10 708 865
6 11 310 392
6 12 695 746
6 13 100 70
6 14 730 590
6 15 747 143
6 16 652 762
6 17 285 351
6 18 584 602
6 19 674 483
6 20 721 867
6 21 25 17
6 22 864 646
6 23 677 960
6 24 653 778
6 25 770 918
6 26 332 757
6 27 251 131
6 28 971 990
6 29 950 399
6 30 841 834
6 31 721 802
6 32 106 412
6 33 278 556
6 34 761 600
6 35 161 178
6 36 306 409
6 37 624 816
6 38 645 604
6 39 414 919
6 40 93 433
6 41 196 562
6 42 244 322
6 43 841 621
6 44 484 765
6 45 815 695
6 46 785 740
6 47 919 895
6 48 974 665
6 49 18 227
7 8 365 316
7 9 325 733
7 10 31 328
7 11 415 648
7 12 400 135
7 13 992 960
7 14 79 708
7 15 589 300
7 16 972 913
7 17 884 998
7 18 25 16
7 19 646 578
7 20 155 54
7 21 98 75
7 22 733 433
7 23 700 693
7 24 218 13
7 25 628 56
7 26 913 636
7 27 400 295
7 28 575 918
7 29 216 127
7 30 902 977
7 31 925 884
7 32 729 727
7 33 283 544
7 34 97 267
7 35 146 189
7 36 958 862
7 37 755 800
7 38 97 283
7 39 937 758
7 40 450 122
7 41 240 657
7 42 800 845
7 43 689 572
7 44 547 42
7 45 552 658
7 46 869 908
7 47 167 56
7 48 723 562
7 49 122 420
8 9 305 168
8 10 807 925
8 11 834 896
8 12 310 210
8 13 946 718
8 14 249 933
8 15 243 369
8 16 514 888
8 17 620 347
8 18 494 99
8 19 914 863
8 20 464 538
8 21 368 652
8 22 5 504
8 23 727 476
8 24 900 792
8 25 357 370
8 26 399 393
8 27 693 901
8 28 839 301
8 29 795 985
8 30 902 830
8 31 803 955
8 32 800 102
8 33 105 200
8 34 204 958
8 35 89 229
8 36 542 670
8 37 269 414
8 38 381 106
8 39 829 948
8 40 97 25
8 41 478 238
8 42 385 754
8 43 301 226
8 44 936 1000
8 45 497 382
8 46 642 581
8 47 649 607
8 48 632 460
8 49 729 977
9 10 139 216
9 11 809 252
9 12 884 932
9 13 516 449
9 14 754 451
9 15 114 226
9 16 923 969
9 17 503 881
9 18 935 989
9 19 81 531
9 20 936 667
9 21 967 677
9 22 34 411
9 23 404 809
9 24 586 589
9 25 231 603
9 26 640 810
9 27 177 408
9 28 54 152
9 29 760 988
9 30 673 769
9 31 605 655
9 32 364 330
9 33 374 688
9 34 16 15
9 35 420 340
9 36 879 166
9 37 905 752
9 38 59 17
9 39 687 900
9 40 30 146
9 41 23 232
9 42 507 272
9 43 898 211
9 44 479 383
9 45 388 958
9 46 766 965
9 47 920 835
9 48 56 340
9 49 483 724
10 11 670 227
10 12 430 365
10 13 249 720
10 14 135 39
10 15 292 138
10 16 440 235
10 17 43 304
10 18 708 936
10 19 443 181
10 20 137 624
10 21 102 32
10 22 827 865
10 23 350 159
10 24 772 704
10 25 694 686
10 26 253 603
10 27 662 115
10 28 123 320
10 29 201 637
10 30 961 765
10 31 953 933
10 32 438 880
10 33 748 898
10 34 643 201
10 35 479 96
10 36 127 569
10 37 387 453
10 38 481 864
10 39 274 757
10 40 719 967
10 41 349 297
10 42 415 69
10 43 855 807
10 44 504 401
10 45 549 380
10 46 923 871
10 47 752 543
10 48 872 796
10 49 3 121
11 12 233 47
11 13 321 509
11 14 356 155
11 15 928 454
11 16 766 736
11 17 292 485
11 18 17 482
11 19 51 142
11 20 303 711
11 21 95 571
11 22 717 633
11 23 552 427
11 24 347 52
11 25 492 618
11 26 417 367
11 27 981 900
11 28 104 349
11 29 606 837
11 30 223 367
11 31 444 332
11 32 273 117
11 33 359 980
11 34 100 81
11 35 324 820
11 36 129 131
11 37 787 287
11 38 512 69
11 39 998 816
11 40 497 903
11 41 23 234
11 42 350 506
11 43 58 291
11 44 787 252
11 45 469 346
11 46 139 199
11 47 815 571
11 48 801 797
11 49 564 696
12 13 775 845
12 14 44 94
12 15 791 834
12 16 454 800
12 17 851 574
12 18 647 503
12 19 529 428
12 20 659 738
12 21 758 952
12 22 481 487
12 23 444 244
12 24 347 539
12 25 683 168
12 26 571 282
12 27 509 912
12 28 447 763
12 29 593 709
12 30 866 942
12 31 818 546
12 32 157 212
12 33 919 927
12 34 327 507
12 35 171 546
12 36 346 523
12 37 880 947
12 38 121 327
12 39 431 370
12 40 77 455
12 41 600 949
12 42 263 767
12 43 998 634
12 44 77 102
12 45 459 650
12 46 441 343
12 47 280 283
12 48 970 746
12 49 493 671
13 14 779 420
13 15 683 434
13 16 365 774
13 17 853 817
13 18 553 862
13 19 810 609
13 20 27 521
13 21 37 469
13 22 942 967
13 23 115 311
13 24 480 652
13 25 170 622
13 26 553 591
13 27 987 982
13 28 491 915
13 29 271 320
13 30 488 313
13 31 345 127
13 32 990 850
13 33 266 519
13 34 215 238
13 35 798 552
13 36 644 292
13 37 9 33
13 38 537 159
13 39 760 796
13 40 862 705
13 41 70 267
13 42 553 205
13 43 81 339
13 44 765 239
13 45 331 651
13 46 995 646
13 47 626 190
13 48 903 951
13 49 494 251
14 15 509 796
14 16 473 103
14 17 366 391
14 18 417 631
14 19 343 269
14 20 367 25
14 21 960 991
14 22 11 49
14 23 334 61
14 24 743 842
14 25 956 749
14 26 549 535
14 27 454 819
14 28 557 780
14 29 955 877
14 30 875 781
14 31 286 260
14 32 638 542
14 33 622 676
14 34 707 255
14 35 624 283
14 36 679 699
14 37 978 689
14 38 729 885
14 39 756 104
14 40 406 412
14 41 26 457
14 42 155 37
14 43 606 562
14 44 214 530
14 45 488 741
14 46 911 954
14 47 820 730
14 48 560 407
14 49 693 434
15 16 918 136
15 17 858 649
15 18 436 528
15 19 612 330
15 20 490 714
15 21 221 812
15 22 982 721
15 23 156 804
15 24 236 659
15 25 7 214
15 26 179 301
15 27 757 204
15 28 656 57
15 29 288 163
15 30 218 185
15 31 594 245
15 32 959 951
15 33 291 267
15 34 169 125
15 35 981 999
15 36 570 369
15 37 93 188
15 38 506 734
15 39 186 62
15 40 765 809
15 41 614 54
15 42 747 26
15 43 65 390
15 44 464 364
15 45 94 171
15 46 319 143
15 47 682 505
15 48 822 681
15 49 178 584
16 17 565 634
16 18 117 648
16 19 465 322
16 20 563 460
16 21 772 294
16 22 896 754
16 23 33 259
16 24 489 96
16 25 816 801
16 26 871 912
16 27 396 434
16 28 318 650
16 29 329 281
16 30 952 472
16 31 880 471
16 32 356 709
16 33 86 681
16 34 976 405
16 35 669 569
16 36 226 80
16 37 709 425
16 38 998 998
16 39 483 23
16 40 571 351
16 41 214 3
16 42 719 484
16 43 387 325
16 44 47 173
16 45 904 938
16 46 782 679
16 47 658 957
16 48 173 177
16 49 431 344
17 18 134 626
17 19 150 40
17 20 306 451
17 21 477 494
17 22 527 161
17 23 517 942
17 24 440 786
17 25 99 3
17 26 634 597
17 27 536 798
17 28 105 337
17 29 824 616
17 30 859 183
17 31 289 118
17 32 19 4
17 33 153 53
17 34 932 753
17 35 518 825
17 36 310 970
17 37 381 400
17 38 489 411
17 39 410 651
17 40 543 240
17 41 564 291
17 42 434 340
17 43 269 242
17 44 533 486
17 45 227 390
17 46 142 234
17 47 690 567
17 48 824 620
17 49 455 141
18 19 748 745
18 20 496 172
18 21 218 421
18 22 256 551
18 23 4 144
18 24 608 162
18 25 398 638
18 26 252 176
18 27 185 213
18 28 765 408
18 29 49 168
18 30 553 439
18 31 625 731
18 32 660 791
18 33 539 319
18 34 519 966
18 35 324 564
18 36 42 626
18 37 371 384
18 38 444 50
18 39 409 123
18 40 770 749
18 41 992 992
18 42 435 828
18 43 912 699
18 44 923 1000
18 45 960 826
18 46 581 145
18 47 562 183
18 48 904 537
18 49 311 173
19 20 88 68
19 21 886 155
19 22 97 635
19 23 732 887
19 24 624 129
19 25 307 42
19 26 190 379
19 27 995 911
19 28 906 934
19 29 428 470
19 30 880 760
19 31 860 874
19 32 194 162
19 33 461 978
19 34 829 226
19 35 675 970
19 36 16 50
19 37 241 314
19 38 829 475
19 39 376 676
19 40 521 952
19 41 524 732
19 42 340 53
19 43 893 677
19 44 363 119
19 45 636 356
19 46 652 580
19 47 597 14
19 48 372 283
19 49 890 955
20 21 819 586
20 22 988 827
20 23 648 797
20 24 549 406
20 25 858 794
20 26 475 512
20 27 422 335
20 28 415 47
20 29 539 676
20 30 296 13
20 31 274 15
20 32 208 817
20 33 55 343
20 34 751 113
20 35 131 405
20 36 386 802
20 37 124 213
20 38 649 641
20 39 754 100
20 40 547 342
20 41 42 564
20 42 919 835
20 43 768 209
20 44 85 65
20 45 680 882
20 46 141 331
20 47 166 541
20 48 640 541
20 49 255 182
21 22 295 264
21 23 537 479
21 24 208 714
21 25 823 196
21 26 13 175
21 27 209 336
21 28 555 429
21 29 858 933
21 30 749 500
21 31 350 356
21 32 128 649
21 33 137 34
21 34 216 773
21 35 488 939
21 36 57 213
21 37 223 773
21 38 498 342
21 39 34 205
21 40 642 309
21 41 875 563
21 42 727 964
21 43 200 329
21 44 843 886
21 45 850 296
21 46 57 69
21 47 789 776
21 48 556 819
21 49 318 690
22 23 623 189
22 24 336 151
22 25 883 935
22 26 206 824
22 27 866 906
22 28 980 565
22 29 619 489
22 30 463 913
22 31 795 655
22 32 558 587
22 33 512 703
22 34 433 784
22 35 783 956
22 36 309 508
22 37 789 657
22 38 722 788
22 39 89 39
22 40 260 122
22 41 24 127
22 42 896 618
22 43 421 542
22 44 969 420
22 45 73 433
22 46 187 151
22 47 554 668
22 48 177 290
22 49 749 952
23 24 437 773
23 25 296 185
23 26 249 661
23 27 963 652
23 28 835 453
23 29 283 856
23 30 831 716
23 31 677 309
23 32 208 255
23 33 95 141
23 34 588 659
23 35 231 279
23 36 731 557
23 37 848 749
23 38 643 109
23 39 420 782
23 40 219 682
23 41 254 295
23 42 398 183
23 43 66 723
23 44 170 350
23 45 225 479
23 46 593 880
23 47 46 609
23 48 333 409
23 49 186 424
24 25 124 853
24 26 657 801
24 27 548 82
24 28 63 375
24 29 442 591
24 30 541 437
24 31 839 523
24 32 333 652
24 33 102 45
24 34 253 66
24 35 55 662
24 36 958 658
24 37 242 49
24 38 246 94
24 39 634 446
24 40 613 337
24 41 823 925
24 42 274 681
24 43 588 464
24 44 725 391
24 45 651 609
24 46 801 966
24 47 290 478
24 48 360 889
24 49 822 823
25 26 529 173
25 27 605 687
25 28 666 529
25 29 701 448
25 30 775 359
25 31 824 437
25 32 284 914
25 33 992 984
25 34 920 875
25 35 587 301
25 36 758 768
25 37 678 702
25 38 910 785
25 39 258 671
25 40 238 942
25 41 55 22
25 42 381 942
25 43 344 707
25 44 398 51
25 45 612 489
25 46 592 911
25 47 826 812
25 48 60 48
25 49 455 647
26 27 567 479
26 28 229 237
26 29 661 712
26 30 819 769
26 31 863 748
26 32 87 164
26 33 540 245
26 34 948 951
26 35 669 760
26 36 280 284
26 37 395 766
26 38 663 746
26 39 671 355
26 40 381 234
26 41 639 222
26 42 997 933
26 43 206 467
26 44 447 233
26 45 554 89
26 46 137 735
26 47 402 810
26 48 494 382
26 49 202 23
27 28 715 234
27 29 381 95
27 30 798 128
27 31 35 116
27 32 648 862
27 33 570 166
27 34 574 779
27 35 925 203
27 36 292 326
27 37 496 135
27 38 411 277
27 39 904 986
27 40 238 291
27 41 181 56
27 42 148 238
27 43 672 421
27 44 251 128
27 45 563 517
27 46 535 327
27 47 702 712
27 48 907 301
27 49 518 594
28 29 622 691
28 30 265 236
28 31 970 901
28 32 973 719
28 33 452 434
28 34 45 523
28 35 193 446
28 36 652 98
28 37 99 128
28 38 38 612
28 39 630 506
28 40 368 82
28 41 930 618
28 42 775 996
28 43 296 816
28 44 929 582
28 45 717 427
28 46 92 502
28 47 185 480
28 48 723 769
28 49 323 783
29 30 744 56
29 31 815 984
29 32 521 579
29 33 970 790
29 34 64 205
29 35 979 301
29 36 636 553
29 37 128 586
29 38 922 931
29 39 623 248
29 40 559 475
29 41 154 144
29 42 826 186
29 43 434 509
29 44 241 487
29 45 948 664
29 46 437 416
29 47 788 868
29 48 67 8
29 49 395 369
30 31 989 973
30 32 633 404
30 33 836 989
30 34 469 415
30 35 946 712
30 36 349 654
30 37 47 736
30 38 441 333
30 39 239 539
30 40 317 326
30 41 713 427
30 42 188 746
30 43 702 315
30 44 575 139
30 45 862 534
30 46 654 300
30 47 760 176
30 48 815 888
30 49 231 131
31 32 996 951
31 33 115 68
31 34 789 976
31 35 190 554
31 36 615 487
31 37 762 930
31 38 808 804
31 39 453 114
31 40 784 508
31 41 284 685
31 42 752 746
31 43 948 207
31 44 589 779
31 45 946 662
31 46 397 892
31 47 151 308
31 48 717 907
31 49 379 329
32 33 864 615
32 34 401 957
32 35 220 5
32 36 158 212
32 37 991 667
32 38 506 231
32 39 472 31
32 40 505 724
32 41 268 534
32 42 673 145
32 43 860 718
32 44 524 953
32 45 571 596
32 46 750 301
32 47 116 424
32 48 986 835
32 49 691 301
33 34 412 720
33 35 942 990
33 36 914 797
33 37 856 961
33 38 493 290
33 39 41 450
33 40 485 359
33 41 180 39
33 42 789 454
33 43 722 868
33 44 134 651
33 45 656 883
33 46 406 106
33 47 487 500
33 48 173 113
33 49 544 528
34 35 90 5
34 36 165 304
34 37 817 451
34 38 75 10
34 39 936 878
34 40 587 411
34 41 961 906
34 42 11 283
34 43 228 74
34 44 442 193
34 45 275 301
34 46 763 587
34 47 477 516
34 48 590 816
34 49 552 815
35 36 417 398
35 37 786 407
35 38 45 65
35 39 443 26
35 40 900 406
35 41 913 835
35 42 547 428
35 43 492 172
35 44 109 445
35 45 388 208
35 46 873 347
35 47 365 796
35 48 730 294
35 49 789 644
36 37 967 801
36 38 68 474
36 39 268 487
36 40 829 938
36 41 451 346
36 42 853 625
36 43 899 608
36 44 460 724
36 45 208 854
36 46 168 44
36 47 649 740
36 48 830 863
36 49 371 308
37 38 382 390
37 39 116 926
37 40 689 943
37 41 344 319
37 42 967 596
37 43 461 788
37 44 860 716
37 45 222 547
37 46 745 446
37 47 149 117
37 48 710 27
37 49 425 610
38 39 972 958
38 40 119 46
38 41 587 143
38 42 157 262
38 43 980 955
38 44 874 255
38 45 724 888
38 46 853 759
38 47 177 140
38 48 849 726
38 49 596 818
39 40 525 396
39 41 814 912
39 42 565 167
39 43 358 575
39 44 109 11
39 45 931 764
39 46 389 815
39 47 547 744
39 48 741 439
39 49 277 526
40 41 928 759
40 42 976 877
40 43 749 968
40 44 770 396
40 45 257 435
40 46 567 82
40 47 749 292
40 48 758 181
40 49 772 230
41 42 441 443
41 43 361 719
41 44 336 30
41 45 269 129
41 46 99 683
41 47 974 664
41 48 236 776
41 49 379 655
42 43 44 452
42 44 726 927
42 45 976 890
42 46 862 104
42 47 888 820
42 48 651 356
42 49 908 723
43 44 555 619
43 45 968 918
43 46 380 14
43 47 941 673
43 48 669 622
43 49 964 907
44 45 628 992
44 46 201 323
44 47 43 14
44 48 738 565
44 49 369 111
45 46 319 392
45 47 379 248
45 48 989 979
45 49 883 494
46 47 186 670
46 48 190 269
46 49 905 674
47 48 377 491
47 49 701 818
48 49 766 293
0
765
1461 13588
1462 13152
1466 12860
1468 12848
1471 12668
1474 12573
1475 12376
1477 12364
1480 12297
1483 12089
1484 12005
1486 11993
1489 11870
1491 11858
1492 11718
1494 11706
1497 11583
1499 11571
1504 11494
1505 11410
1507 11398
1510 11349
1512 11337
1513 11123
1515 11111
1520 11083
1523 11012
1525 11000
1526 10889
1528 10877
1529 10869
1531 10857
1533 10849
1536 10747
1538 10690
1545 10650
1546 10636
1548 10579
1549 10513
1551 10456
1554 10436
1558 10416
1561 10314
1565 10295
1568 10274
1571 10203
1574 10080
1577 10060
1581 10040
1584 10020
1585 10008
1588 9919
1591 9899
1595 9879
1598 9859
1599 9847
1600 9819
1601 9754
1608 9714
1610 9708
1613 9585
1616 9565
1620 9545
1623 9525
1624 9513
1627 9424
1630 9404
1634 9384
1637 9364
1638 9352
1640 9259
1647 9219
1652 9198
1654 9098
1661 9058
1668 8944
1672 8938
1675 8904
1682 8837
1686 8784
1693 8768
1696 8766
1700 8677
1704 8624
1707 8614
1711 8608
1714 8574
1718 8517
1721 8507
1725 8454
1732 8446
1734 8428
1739 8347
1743 8294
1752 8268
1755 8258
1757 8187
1762 8168
1765 8158
1769 8151
1771 8116
1773 8098
1776 8061
1779 8051
1783 7998
1787 7991
1791 7938
1797 7891
1801 7838
1805 7831
1810 7812
1813 7802
1815 7731
1824 7705
1827 7695
1831 7642
1845 7535
1849 7482
1863 7375
1879 7368
1885 7333
1891 7309
1893 7304
1895 7299
1900 7296
1901 7234
1903 7173
1919 7074
1935 7067
1937 7056
1941 7003
1949 6990
1955 6896
1959 6872
1975 6865
1977 6854
1979 6799
1993 6755
1995 6694
2005 6689
2011 6595
2027 6588
2033 6553
2039 6529
2041 6511
2050 6495
2051 6393
2067 6386
2071 6320
2087 6313
2090 6293
2092 6288
2093 6286
2095 6236
2097 6210
2106 6202
2115 6163
2125 6144
2126 6129
2136 6110
2138 6105
2139 6103
2141 6053
2142 6046
2152 6019
2162 5973
2173 5962
2181 5946
2183 5941
2184 5939
2186 5889
2188 5863
2197 5855
2206 5816
2216 5797
2217 5782
2227 5763
2229 5758
2230 5756
2232 5706
2243 5672
2259 5665
2264 5615
2274 5599
2285 5565
2287 5559
2297 5540
2298 5525
2306 5508
2319 5468
2329 5449
2339 5433
2340 5418
2352 5393
2361 5361
2371 5342
2379 5333
2382 5330
2384 5302
2394 5286
2400 5276
2403 5273
2410 5257
2413 5254
2419 5245
2420 5241
2421 5226
2424 5223
2426 5195
2442 5169
2445 5166
2452 5150
2455 5147
2461 5138
2465 5110
2468 5107
2475 5094
2478 5091
2484 5079
2490 5065
2492 5060
2500 5053
2503 5044
2505 5031
2507 5003
2510 5000
2523 4996
2526 4972
2536 4955
2542 4946
2545 4943
2547 4941
2549 4915
2556 4910
2559 4899
2565 4887
2568 4884
2571 4873
2574 4870
2576 4865
2584 4852
2587 4849
2590 4842
2591 4808
2607 4780
2610 4777
2623 4769
2626 4751
2631 4746
2636 4732
2640 4715
2649 4692
2655 4678
2659 4676
2668 4657
2671 4650
2674 4647
2676 4642
2684 4629
2687 4626
2690 4621
2691 4585
2707 4578
2713 4562
2723 4546
2726 4541
2731 4523
2740 4492
2753 4491
2755 4455
2768 4434
2780 4430
2784 4427
2788 4426
2790 4411
2795 4393
2797 4388
2808 4361
2817 4341
2830 4338
2832 4304
2846 4295
2857 4268
2872 4231
2888 4224
2892 4210
2899 4208
2904 4206
2908 4203
2909 4195
2912 4187
2917 4171
2919 4169
2921 4164
2923 4144
2932 4137
2941 4117
2952 4114
2956 4080
2970 4071
2976 4057
2981 4044
2996 4007
3012 4000
3016 3984
3030 3983
3032 3977
3033 3971
3036 3964
3041 3947
3045 3946
3047 3920
3061 3919
3063 3913
3067 3897
3076 3891
3082 3878
3085 3871
3092 3860
3100 3834
3112 3832
3114 3825
3120 3811
3125 3798
3140 3761
3156 3754
3160 3738
3174 3737
3176 3731
3177 3725
3185 3701
3189 3700
3191 3674
3205 3673
3207 3667
3211 3651
3225 3650
3226 3632
3236 3614
3246 3609
3252 3607
3256 3586
3271 3572
3275 3571
3276 3563
3291 3544
3301 3526
3311 3521
3317 3519
3320 3511
3321 3503
3336 3484
3340 3483
3352 3477
3356 3461
3360 3460
3361 3457
3372 3454
3376 3453
3377 3450
3380 3444
3381 3434
3385 3423
3396 3415
3405 3400
3406 3397
3416 3392
3422 3390
3425 3384
3426 3369
3441 3355
3445 3354
3446 3346
3461 3327
3471 3309
3481 3304
3487 3302
3490 3294
3491 3286
3506 3267
3510 3266
3522 3260
3526 3244
3530 3243
3542 3237
3546 3236
3550 3227
3555 3206
3570 3204
3571 3199
3575 3183
3591 3176
3595 3167
3599 3166
3611 3160
3615 3144
3619 3143
3631 3137
3635 3136
3644 3106
3660 3099
3664 3083
3680 3076
3693 3074
3697 3073
3709 3059
3717 3057
3722 3036
3737 3034
3738 3029
3742 3013
3758 3006
3762 2997
3766 2996
3778 2990
3782 2974
3786 2973
3798 2967
3802 2966
3811 2936
3827 2929
3831 2913
3847 2906
3872 2905
3876 2889
3892 2882
3909 2878
3917 2877
3921 2861
3937 2854
3941 2845
3945 2844
3957 2838
3961 2822
3965 2821
3977 2815
3981 2814
3990 2784
4006 2777
4010 2761
4026 2754
4051 2753
4055 2737
4071 2730
4088 2726
4106 2725
4110 2709
4126 2702
4130 2693
4134 2692
4146 2686
4150 2670
4154 2669
4166 2663
4170 2662
4179 2632
4195 2625
4199 2609
4215 2602
4240 2601
4244 2585
4260 2578
4277 2574
4299 2567
4301 2564
4306 2557
4319 2544
4335 2537
4354 2534
4364 2520
4380 2513
4397 2509
4408 2506
4419 2505
4421 2499
4426 2492
4439 2482
4441 2476
4455 2475
4457 2469
4482 2468
4484 2458
4486 2452
4500 2451
4502 2445
4519 2441
4541 2434
4543 2431
4546 2430
4548 2424
4561 2411
4577 2404
4596 2401
4606 2387
4622 2380
4639 2376
4650 2373
4661 2372
4663 2366
4668 2359
4681 2349
4697 2342
4716 2336
4726 2325
4742 2318
4759 2314
4761 2312
4770 2311
4786 2304
4788 2297
4804 2290
4815 2287
4820 2281
4831 2280
4836 2274
4861 2273
4865 2257
4881 2250
4911 2249
4924 2247
4928 2245
4930 2242
4934 2237
4945 2233
4950 2230
4957 2228
4961 2226
4966 2221
4977 2220
4982 2214
5007 2213
5011 2197
5027 2190
5057 2189
5070 2187
5074 2185
5076 2182
5086 2177
5091 2173
5099 2170
5103 2168
5107 2166
5115 2163
5118 2161
5129 2160
5134 2154
5159 2153
5163 2137
5179 2130
5209 2129
5222 2127
5226 2125
5228 2122
5243 2113
5251 2110
5255 2108
5259 2106
5267 2103
5271 2101
5312 2096
5316 2095
5322 2084
5338 2077
5359 2074
5385 2072
5387 2069
5402 2060
5410 2057
5414 2055
5418 2053
5426 2050
5430 2048
5471 2043
5475 2042
5489 2041
5490 2033
5502 2028
5506 2026
5518 2021
5536 2018
5559 2016
5563 2014
5581 2012
5585 2010
5599 2009
5600 2001
5612 1996
5616 1994
5628 1989
5651 1987
5669 1984
5679 1972
5695 1965
5725 1964
5742 1960
5744 1957
5758 1956
5759 1948
5771 1943
5775 1941
5787 1936
5828 1931
5845 1930
5850 1927
5857 1925
5877 1923
5882 1918
5887 1917
5892 1914
5898 1911
5903 1910
5904 1909
5908 1907
5920 1902
5948 1901
5960 1896
5964 1894
5976 1889
5998 1884
6020 1883
6031 1877
6036 1876
6061 1875
6071 1871
6075 1867
6087 1862
6091 1860
6103 1855
6131 1850
6159 1849
6166 1846
6171 1844
6175 1842
6187 1837
6203 1836
6208 1833
6214 1830
6219 1829
6220 1828
6224 1826
6236 1821
6264 1820
6276 1815
6280 1813
6292 1808
6314 1803
6336 1802
6347 1796
6352 1795
6377 1794
6387 1790
6392 1789
6403 1783
6408 1782
6419 1781
6425 1778
6431 1776
6435 1774
6447 1769
6475 1768
6487 1763
6491 1761
6503 1756
6542 1751
6558 1744
6598 1738
6614 1731
6657 1730
6661 1729
6663 1727
6669 1725
6673 1723
6677 1722
6685 1718
6713 1717
6725 1712
6729 1710
6741 1705
6780 1700
6796 1693
6836 1687
6852 1680
6962 1678
6978 1671
7014 1670
7018 1665
7034 1658
7081 1653
7099 1651
7121 1647
7137 1640
7247 1638
7263 1631
7281 1629
7303 1625
7319 1618
7384 1611
7418 1607
7506 1604
7539 1603
7540 1602
7544 1598
7550 1596
7566 1589
7600 1585
7665 1578
7753 1575
7787 1571
7820 1570
7821 1569
7831 1563
7847 1556
7987 1554
8003 1547
8034 1542
8134 1541
8150 1540
8171 1539
8236 1532
8264 1531
8294 1530
8321 1527
8358 1525
8391 1524
8392 1523
8402 1517
8418 1510
8558 1508
8574 1501
8605 1496
8721 1494
8819 1492
8835 1485
8865 1484
8959 1483
8963 1481
8979 1474
9052 1470
9135 1465
9166 1460
9282 1458
9380 1456
9396 1449
9426 1448
9520 1447
9560 1444
9582 1439
9613 1434
9729 1432
9860 1425
9967 1421
10007 1418
10226 1415
10263 1413
10333 1411
10373 1408
10510 1404
10617 1400
10657 1397
10876 1394
10983 1390
11023 1387
11468 1384
11553 1383
11998 1380
