50 1225
0 1 201 121
0 2 43 42
0 3 623 872
0 4 292 40
0 5 892 761
0 6 662 476
0 7 812 957
0 8 238 140
0 9 34 179
0 10 549 616
0 11 743 517
0 12 524 616
0 13 962 745
0 14 910 821
0 15 444 559
0 16 383 572
0 17 816 878
0 18 820 896
0 19 902 977
0 20 353 92
0 21 27 17
0 22 22 42
0 23 817 616
0 24 568 420
0 25 953 984
0 26 307 390
0 27 253 242
0 28 300 456
0 29 894 825
0 30 428 288
0 31 289 210
0 32 922 493
0 33 153 556
0 34 453 628
0 35 777 260
0 36 996 925
0 37 768 895
0 38 522 743
0 39 565 725
0 40 482 328
0 41 279 474
0 42 702 655
0 43 948 912
0 44 572 352
0 45 414 486
0 46 907 681
0 47 749 928
0 48 749 629
0 49 693 440
1 2 131 81
1 3 390 724
1 4 720 979
1 5 224 316
1 6 975 947
1 7 422 489
1 8 185 245
1 9 405 803
1 10 487 440
1 11 336 334
1 12 161 165
1 13 847 674
1 14 254 209
1 15 331 592
1 16 183 570
1 17 172 398
1 18 545 305
1 19 285 360
1 20 799 444
1 21 832 834
1 22 751 648
1 23 578 343
1 24 660 795
1 25 111 238
1 26 40 224
1 27 955 847
1 28 270 336
1 29 347 224
1 30 879 781
1 31 393 33
1 32 810 777
1 33 464 411
1 34 536 884
1 35 986 999
1 36 425 487
1 37 818 704
1 38 915 823
1 39 455 332
1 40 413 875
1 41 650 315
1 42 85 216
1 43 395 418
1 44 434 337
1 45 456 410
1 46 493 663
1 47 325 339
1 48 955 908
1 49 926 807
2 3 53 86
2 4 867 884
2 5 820 859
2 6 290 329
2 7 571 807
2 8 462 564
2 9 337 428
2 10 512 880
2 11 607 656
2 12 405 430
2 13 18 10
2 14 628 715
2 15 367 679
2 16 837 858
2 17 565 766
2 18 540 767
2 19 366 491
2 20 330 206
2 21 474 265
2 22 644 723
2 23 792 713
2 24 82 221
2 25 950 985
2 26 326 263
2 27 211 377
2 28 868 972
2 29 50 95
2 30 813 726
2 31 850 942
2 32 235 63
2 33 962 892
2 34 829 563
2 35 756 750
2 36 646 480
2 37 921 730
2 38 298 211
2 39 127 51
2 40 827 391
2 41 155 147
2 42 106 266
2 43 883 537
2 44 738 919
2 45 337 338
2 46 266 568
2 47 41 149
2 48 410 372
2 49 750 440
3 4 212 435
3 5 603 293
3 6 611 282
3 7 508 688
3 8 297 283
3 9 810 808
3 10 170 222
3 11 390 662
3 12 658 803
3 13 438 117
3 14 906 532
3 15 899 904
3 16 243 386
3 17 274 49
3 18 97 22
3 19 331 288
3 20 944 743
3 21 683 521
3 22 859 871
3 23 82 186
3 24 222 11
3 25 910 642
3 26 107 96
3 27 62 339
3 28 688 877
3 29 26 19
3 30 112 160
3 31 558 154
3 32 4 15
3 33 325 161
3 34 481 174
3 35 20 14
3 36 899 887
3 37 509 367
3 38 984 993
3 39 153 82
3 40 328 365
3 41 615 909
3 42 3 55
3 43 615 612
3 44 259 186
3 45 418 188
3 46 939 686
3 47 231 469
3 48 112 213
3 49 927 952
4 5 421 354
4 6 732 705
4 7 595 865
4 8 288 386
4 9 549 324
4 10 561 317
4 11 729 711
4 12 555 533
4 13 388 768
4 14 290 335
4 15 271 630
4 16 31 32
4 17 388 156
4 18 323 582
4 19 127 350
4 20 778 566
4 21 619 442
4 22 900 639
4 23 331 341
4 24 616 894
4 25 505 611
4 26 397 288
4 27 538 475
4 28 280 187
4 29 804 956
4 30 241 318
4 31 491 222
4 32 421 794
4 33 128 177
4 34 198 107
4 35 931 253
4 36 131 81
4 37 335 465
4 38 370 570
4 39 292 290
4 40 583 209
4 41 696 364
4 42 780 672
4 43 608 870
4 44 492 873
4 45 837 815
4 46 609 230
4 47 420 483
4 48 798 486
4 49 202 265
5 6 615 531
5 7 755 790
5 8 858 753
5 9 708 484
5 10 95 144
5 11 1 1
5 12 955 951
5 13 373 792
5 14 442 795
5 15 207 653
5 16 503 406
5 17 221 457
5 18 464 622
5 19 892 720
5 20 566 242
5 21 283 260
5 22 233 474
5 23 193 288
5 24 811 664
5 25 47 125
5 26 279 216
5 27 359 397
5 28 36 134
5 29 697 589
5 30 294 127
5 31 528 417
5 32 587 608
5 33 706 568
5 34 836 501
5 35 426 461
5 36 374 679
5 37 713 615
5 38 824 919
5 39 692 537
5 40 615 928
5 41 499 295
5 42 37 392
5 43 188 485
5 44 45 209
5 45 136 310
5 46 660 227
5 47 96 504
5 48 217 222
5 49 988 926
6 7 443 414
6 8 247 364
6 9 198 455
6 10 307 531
6 11 990 976
6 12 742 592
6 13 647 487
6 14 650 704
6 15 713 252
6 16 758 925
6 17 983 942
6 18 384 338
6 19 685 616
6 20 157 572
6 21 236 89
6 22 520 280
6 23 735 468
6 24 661 664
6 25 914 942
6 26 489 94
6 27 514 470
6 28 893 885
6 29 292 409
6 30 866 882
6 31 832 655
6 32 612 330
6 33 890 523
6 34 107 390
6 35 151 301
6 36 530 404
6 37 662 799
6 38 766 812
6 39 652 277
6 40 99 153
6 41 518 464
6 42 135 78
6 43 496 798
6 44 671 340
6 45 700 295
6 46 71 121
6 47 236 353
6 48 584 627
6 49 137 124
7 8 5 27
7 9 641 587
7 10 237 417
7 11 676 678
7 12 879 750
7 13 835 762
7 14 776 361
7 15 618 547
7 16 27 453
7 17 231 326
7 18 487 481
7 19 789 730
7 20 241 319
7 21 807 491
7 22 148 131
7 23 260 327
7 24 766 736
7 25 882 548
7 26 60 5
7 27 607 304
7 28 704 831
7 29 605 935
7 30 316 168
7 31 771 746
7 32 641 434
7 33 143 433
7 34 860 839
7 35 446 290
7 36 94 273
7 37 763 923
7 38 464 701
7 39 585 531
7 40 387 141
7 41 567 444
7 42 759 842
7 43 404 523
7 44 302 598
7 45 108 492
7 46 523 494
7 47 744 268
7 48 181 62
7 49 455 394
8 9 768 500
8 10 361 143
8 11 871 821
8 12 125 67
8 13 883 830
8 14 575 591
8 15 718 814
8 16 782 692
8 17 877 967
8 18 609 649
8 19 575 485
8 20 725 719
8 21 907 610
8 22 336 400
8 23 59 29
8 24 87 165
8 25 421 505
8 26 625 649
8 27 40 13
8 28 51 5
8 29 786 381
8 30 434 388
8 31 571 767
8 32 376 176
8 33 954 701
8 34 179 399
8 35 22 92
8 36 668 770
8 37 545 568
8 38 584 735
8 39 392 276
8 40 177 69
8 41 276 557
8 42 892 433
8 43 773 727
8 44 951 684
8 45 955 941
8 46 755 398
8 47 312 276
8 48 669 914
8 49 812 939
9 10 43 185
9 11 874 759
9 12 396 606
9 13 60 20
9 14 605 443
9 15 810 893
9 16 350 791
9 17 297 640
9 18 930 932
9 19 358 412
9 20 895 910
9 21 136 336
9 22 650 217
9 23 289 393
9 24 316 411
9 25 209 422
9 26 236 167
9 27 455 340
9 28 407 661
9 29 639 754
9 30 137 209
9 31 316 207
9 32 622 851
9 33 76 143
9 34 723 558
9 35 168 191
9 36 251 314
9 37 100 283
9 38 42 48
9 39 746 701
9 40 77 65
9 41 388 597
9 42 638 763
9 43 618 555
9 44 919 848
9 45 115 620
9 46 605 619
9 47 854 925
9 48 454 307
9 49 869 734
10 11 585 709
10 12 20 13
10 13 807 431
10 14 716 333
10 15 865 600
10 16 32 116
10 17 974 760
10 18 830 893
10 19 371 117
10 20 499 315
10 21 115 214
10 22 726 784
10 23 769 879
10 24 207 232
10 25 913 555
10 26 522 728
10 27 538 676
10 28 430 442
10 29 561 471
10 30 91 57
10 31 306 306
10 32 968 961
10 33 129 117
10 34 905 943
10 35 267 543
10 36 619 658
10 37 254 674
10 38 689 438
10 39 477 374
10 40 470 570
10 41 159 92
10 42 269 301
10 43 837 934
10 44 208 289
10 45 635 494
10 46 999 980
10 47 292 141
10 48 493 832
10 49 852 957
11 12 186 42
11 13 591 643
11 14 83 182
11 15 476 124
11 16 305 133
11 17 231 147
11 18 237 610
11 19 729 812
11 20 428 437
11 21 21 15
11 22 9 86
11 23 835 843
11 24 874 610
11 25 292 475
11 26 875 462
11 27 595 404
11 28 152 259
11 29 277 113
11 30 621 805
11 31 67 147
11 32 256 240
11 33 13 252
11 34 985 991
11 35 273 344
11 36 932 925
11 37 709 490
11 38 215 553
11 39 763 900
11 40 189 268
11 41 602 701
11 42 894 390
11 43 447 648
11 44 678 735
11 45 564 833
11 46 626 507
11 47 18 66
11 48 756 851
11 49 623 919
12 13 898 901
12 14 566 771
12 15 737 668
12 16 601 751
12 17 369 129
12 18 390 396
12 19 877 950
12 20 388 311
12 21 763 793
12 22 772 678
12 23 321 313
12 24 296 477
12 25 269 195
12 26 132 592
12 27 573 545
12 28 177 103
12 29 924 963
12 30 99 67
12 31 263 340
12 32 637 601
12 33 847 699
12 34 649 173
12 35 400 779
12 36 550 782
12 37 667 674
12 38 468 701
12 39 816 904
12 40 319 127
12 41 496 364
12 42 655 410
12 43 639 718
12 44 264 99
12 45 768 857
12 46 640 762
12 47 848 738
12 48 72 348
12 49 134 218
13 14 734 858
13 15 82 112
13 16 224 520
13 17 553 727
13 18 184 291
13 19 82 115
13 20 288 624
13 21 283 142
13 22 222 181
13 23 735 809
13 24 134 409
13 25 504 663
13 26 149 218
13 27 520 224
13 28 584 660
13 29 145 31
13 30 369 309
13 31 549 691
13 32 124 23
13 33 394 631
13 34 771 700
13 35 735 839
13 36 996 968
13 37 579 624
13 38 491 667
13 39 494 502
13 40 756 912
13 41 831 661
13 42 222 90
13 43 612 506
13 44 449 641
13 45 233 878
13 46 992 971
13 47 958 858
13 48 483 572
13 49 967 992
14 15 322 155
14 16 990 971
14 17 994 995
14 18 674 596
14 19 742 943
14 20 365 188
14 21 206 213
14 22 183 535
14 23 87 170
14 24 792 405
14 25 674 906
14 26 922 916
14 27 859 898
14 28 433 324
14 29 654 716
14 30 56 86
14 31 341 421
14 32 956 834
14 33 778 590
14 34 653 637
14 35 121 182
14 36 245 86
14 37 2 47
14 38 152 75
14 39 242 91
14 40 99 85
14 41 905 570
14 42 112 410
14 43 77 196
14 44 369 593
14 45 419 166
14 46 450 627
14 47 522 356
14 48 433 529
14 49 488 419
15 16 565 482
15 17 853 925
15 18 503 766
15 19 120 309
15 20 251 576
15 21 375 599
15 22 57 63
15 23 738 867
15 24 358 356
15 25 457 248
15 26 295 884
15 27 254 190
15 28 135 129
15 29 393 130
15 30 587 354
15 31 439 438
15 32 693 513
15 33 476 762
15 34 649 452
15 35 195 248
15 36 207 419
15 37 396 477
15 38 38 6
15 39 181 182
15 40 984 997
15 41 909 939
15 42 730 366
15 43 659 809
15 44 74 49
15 45 223 131
15 46 352 599
15 47 503 96
15 48 87 86
15 49 772 644
16 17 903 506
16 18 108 99
16 19 887 772
16 20 648 325
16 21 946 664
16 22 134 57
16 23 530 815
16 24 189 363
16 25 997 999
16 26 9 5
16 27 426 821
16 28 501 455
16 29 364 411
16 30 265 540
16 31 285 121
16 32 87 369
16 33 553 640
16 34 320 321
16 35 457 779
16 36 156 141
16 37 71 81
16 38 321 56
16 39 277 458
16 40 660 773
16 41 192 341
16 42 194 204
16 43 36 230
16 44 532 542
16 45 688 668
16 46 711 359
16 47 716 805
16 48 456 451
16 49 898 901
17 18 502 332
17 19 702 590
17 20 477 160
17 21 470 254
17 22 498 734
17 23 932 852
17 24 886 557
17 25 101 494
17 26 116 71
17 27 847 952
17 28 889 829
17 29 275 584
17 30 103 476
17 31 478 546
17 32 523 370
17 33 587 652
17 34 885 798
17 35 809 703
17 36 844 848
17 37 868 770
17 38 219 46
17 39 85 219
17 40 743 923
17 41 519 934
17 42 205 540
17 43 689 724
17 44 491 535
17 45 241 722
17 46 690 876
17 47 27 240
17 48 178 38
17 49 316 161
18 19 770 891
18 20 815 858
18 21 412 275
18 22 794 664
18 23 97 35
18 24 773 781
18 25 219 597
18 26 733 617
18 27 121 172
18 28 768 771
18 29 556 87
18 30 892 644
18 31 715 702
18 32 670 794
18 33 44 44
18 34 691 937
18 35 552 787
18 36 889 885
18 37 674 915
18 38 5 14
18 39 370 441
18 40 234 764
18 41 690 902
18 42 410 418
18 43 796 763
18 44 461 229
18 45 421 469
18 46 944 795
18 47 739 638
18 48 581 644
18 49 119 411
19 20 127 297
19 21 362 266
19 22 371 621
19 23 350 600
19 24 322 240
19 25 771 535
19 26 210 128
19 27 80 191
19 28 71 122
19 29 238 319
19 30 202 398
19 31 153 325
19 32 86 67
19 33 592 716
19 34 333 664
19 35 797 831
19 36 721 350
19 37 279 161
19 38 289 244
19 39 459 280
19 40 334 127
19 41 636 782
19 42 120 415
19 43 779 974
19 44 471 458
19 45 196 231
19 46 460 202
19 47 561 125
19 48 660 824
19 49 564 573
20 21 329 366
20 22 174 297
20 23 681 632
20 24 701 480
20 25 482 407
20 26 875 675
20 27 727 805
20 28 454 267
20 29 984 956
20 30 336 125
20 31 461 537
20 32 596 649
20 33 875 800
20 34 784 947
20 35 780 918
20 36 70 321
20 37 399 346
20 38 404 71
20 39 336 139
20 40 956 931
20 41 137 461
20 42 20 26
20 43 835 946
20 44 907 887
20 45 817 474
20 46 75 455
20 47 442 504
20 48 404 571
20 49 193 597
21 22 863 930
21 23 923 893
21 24 385 578
21 25 503 418
21 26 427 261
21 27 730 822
21 28 834 932
21 29 723 472
21 30 820 670
21 31 779 891
21 32 375 197
21 33 387 291
21 34 821 884
21 35 360 232
21 36 755 409
21 37 57 44
21 38 182 335
21 39 811 907
21 40 636 603
21 41 317 413
21 42 993 1000
21 43 781 833
21 44 527 546
21 45 984 982
21 46 650 563
21 47 362 557
21 48 539 649
21 49 497 834
22 23 124 618
22 24 373 238
22 25 914 916
22 26 674 584
22 27 94 262
22 28 688 854
22 29 191 400
22 30 949 940
22 31 103 257
22 32 225 53
22 33 872 880
22 34 919 667
22 35 588 802
22 36 777 749
22 37 113 151
22 38 126 271
22 39 863 807
22 40 905 918
22 41 625 476
22 42 592 532
22 43 746 867
22 44 490 291
22 45 942 941
22 46 153 275
22 47 603 800
22 48 3 4
22 49 517 223
23 24 210 226
23 25 362 137
23 26 23 9
23 27 447 564
23 28 48 600
23 29 660 895
23 30 675 616
23 31 144 44
23 32 138 45
23 33 198 189
23 34 459 379
23 35 317 397
23 36 360 709
23 37 836 535
23 38 381 327
23 39 257 126
23 40 53 87
23 41 786 763
23 42 782 776
23 43 177 263
23 44 82 137
23 45 624 415
23 46 371 137
23 47 43 53
23 48 920 791
23 49 137 39
24 25 996 983
24 26 285 393
24 27 146 99
24 28 416 539
24 29 131 351
24 30 281 151
24 31 900 694
24 32 675 543
24 33 171 536
24 34 940 810
24 35 940 675
24 36 408 136
24 37 74 237
24 38 750 642
24 39 293 180
24 40 356 446
24 41 821 552
24 42 668 629
24 43 965 999
24 44 71 140
24 45 288 122
24 46 206 328
24 47 886 794
24 48 693 200
24 49 629 756
25 26 893 727
25 27 760 779
25 28 465 389
25 29 712 787
25 30 679 659
25 31 284 472
25 32 652 553
25 33 670 264
25 34 499 482
25 35 704 191
25 36 130 482
25 37 370 517
25 38 673 626
25 39 562 653
25 40 567 655
25 41 774 686
25 42 547 497
25 43 942 955
25 44 718 443
25 45 776 911
25 46 610 529
25 47 747 466
25 48 703 426
25 49 138 93
26 27 453 466
26 28 466 556
26 29 722 523
26 30 118 274
26 31 916 815
26 32 646 799
26 33 999 966
26 34 780 692
26 35 102 324
26 36 684 798
26 37 729 802
26 38 161 393
26 39 204 591
26 40 834 754
26 41 92 262
26 42 147 796
26 43 882 983
26 44 868 961
26 45 975 980
26 46 539 483
26 47 116 118
26 48 223 120
26 49 893 929
27 28 426 772
27 29 276 543
27 30 825 874
27 31 463 209
27 32 935 984
27 33 827 925
27 34 532 732
27 35 830 874
27 36 450 360
27 37 224 316
27 38 938 774
27 39 710 984
27 40 214 140
27 41 806 891
27 42 714 424
27 43 917 776
27 44 475 753
27 45 769 575
27 46 540 310
27 47 68 53
27 48 898 329
27 49 444 716
28 29 809 497
28 30 865 504
28 31 206 443
28 32 832 968
28 33 469 687
28 34 960 952
28 35 196 168
28 36 259 454
28 37 967 662
28 38 333 367
28 39 857 576
28 40 206 480
28 41 802 828
28 42 584 526
28 43 133 403
28 44 826 765
28 45 597 400
28 46 794 990
28 47 931 789
28 48 776 663
28 49 136 372
29 30 185 146
29 31 84 244
29 32 872 928
29 33 625 661
29 34 144 804
29 35 878 473
29 36 431 316
29 37 520 327
29 38 496 635
29 39 120 337
29 40 589 722
29 41 739 409
29 42 819 696
29 43 218 423
29 44 15 40
29 45 315 738
29 46 979 978
29 47 680 906
29 48 98 78
29 49 499 368
30 31 365 654
30 32 74 22
30 33 754 481
30 34 699 834
30 35 418 547
30 36 682 530
30 37 841 825
30 38 522 419
30 39 511 93
30 40 284 900
30 41 522 199
30 42 761 368
30 43 532 426
30 44 61 29
30 45 349 198
30 46 546 228
30 47 856 520
30 48 388 348
30 49 514 710
31 32 356 165
31 33 387 181
31 34 92 140
31 35 784 834
31 36 1000 978
31 37 206 75
31 38 457 443
31 39 427 78
31 40 551 386
31 41 789 744
31 42 187 589
31 43 96 111
31 44 942 938
31 45 267 144
31 46 880 724
31 47 466 477
31 48 617 194
31 49 232 652
32 33 418 340
32 34 653 731
32 35 669 348
32 36 689 796
32 37 531 796
32 38 46 175
32 39 834 613
32 40 295 142
32 41 571 541
32 42 32 48
32 43 101 100
32 44 114 335
32 45 258 113
32 46 447 413
32 47 244 44
32 48 954 797
32 49 602 892
33 34 665 452
33 35 840 918
33 36 542 706
33 37 474 386
33 38 242 192
33 39 385 318
33 40 590 740
33 41 369 231
33 42 918 857
33 43 667 816
33 44 619 764
33 45 242 64
33 46 216 296
33 47 4 39
33 48 790 551
33 49 690 645
34 35 129 95
34 36 295 423
34 37 287 642
34 38 881 932
34 39 872 977
34 40 860 785
34 41 70 46
34 42 737 815
34 43 256 87
34 44 124 368
34 45 453 288
34 46 408 537
34 47 260 172
34 48 937 901
34 49 176 289
35 36 688 675
35 37 506 498
35 38 588 226
35 39 316 685
35 40 769 843
35 41 548 510
35 42 254 85
35 43 321 495
35 44 827 751
35 45 784 950
35 46 764 869
35 47 643 507
35 48 288 187
35 49 323 466
36 37 519 343
36 38 527 248
36 39 5 18
36 40 972 971
36 41 759 358
36 42 66 32
36 43 319 180
36 44 40 85
36 45 188 158
36 46 488 569
36 47 273 328
36 48 519 191
36 49 497 640
37 38 807 814
37 39 809 704
37 40 972 922
37 41 384 206
37 42 114 155
37 43 62 58
37 44 551 681
37 45 485 311
37 46 707 499
37 47 499 542
37 48 407 314
37 49 43 57
38 39 162 402
38 40 24 71
38 41 77 57
38 42 98 224
38 43 947 468
38 44 541 327
38 45 461 342
38 46 103 65
38 47 902 531
38 48 561 455
38 49 677 251
39 40 36 40
39 41 302 565
39 42 917 949
39 43 361 388
39 44 798 904
39 45 8 107
39 46 290 402
39 47 851 578
39 48 667 808
39 49 141 229
40 41 956 963
40 42 719 464
40 43 878 567
40 44 440 501
40 45 850 956
40 46 280 95
40 47 294 393
40 48 488 200
40 49 45 21
41 42 767 769
41 43 172 283
41 44 240 128
41 45 292 683
41 46 307 24
41 47 180 292
41 48 404 120
41 49 740 673
42 43 777 927
42 44 350 596
42 45 223 246
42 46 86 190
42 47 766 141
42 48 248 268
42 49 959 698
43 44 108 53
43 45 334 555
43 46 888 787
43 47 494 618
43 48 246 120
43 49 939 924
44 45 557 368
44 46 638 682
44 47 295 377
44 48 547 817
44 49 762 937
45 46 371 309
45 47 729 605
45 48 74 37
45 49 323 225
46 47 742 820
46 48 881 932
46 49 783 938
47 48 509 441
47 49 740 717
48 49 881 792
0
288
1490 4691
1492 4584
1494 4547
1495 4347
1497 4240
1499 4236
1500 4161
1502 4054
1504 4050
1505 4022
1507 3997
1508 3975
1510 3965
1511 3896
1513 3789
1515 3785
1516 3757
1518 3654
1520 3650
1523 3597
1524 3575
1526 3571
1527 3496
1529 3389
1531 3385
1534 3332
1536 3328
1539 3254
1544 3197
1549 3172
1551 3158
1554 3125
1555 3117
1559 3068
1564 3043
1568 3033
1570 3025
1571 3000
1572 2992
1576 2943
1581 2918
1585 2896
1590 2871
1594 2861
1597 2828
1598 2820
1602 2771
1607 2746
1617 2716
1620 2702
1622 2691
1626 2690
1627 2666
1635 2647
1637 2636
1640 2622
1642 2611
1651 2608
1652 2599
1654 2591
1655 2567
1668 2560
1669 2554
1671 2543
1673 2539
1684 2531
1685 2530
1687 2526
1694 2522
1696 2518
1699 2507
1702 2503
1712 2500
1713 2494
1715 2483
1717 2479
1724 2478
1726 2467
1729 2453
1731 2442
1740 2439
1741 2430
1743 2422
1744 2398
1757 2391
1758 2385
1760 2374
1762 2370
1773 2362
1774 2361
1776 2357
1783 2353
1785 2349
1788 2338
1791 2334
1801 2331
1802 2325
1804 2314
1806 2310
1817 2302
1818 2301
1820 2297
1821 2295
1830 2292
1831 2289
1832 2287
1833 2278
1835 2255
1848 2248
1849 2242
1851 2231
1853 2227
1864 2219
1865 2218
1867 2214
1874 2210
1876 2206
1879 2195
1882 2191
1892 2188
1893 2182
1895 2171
1897 2167
1908 2159
1909 2158
1911 2154
1912 2152
1921 2149
1922 2146
1924 2135
1926 2131
1928 2128
1930 2124
1938 2122
1940 2118
1942 2115
1944 2111
1951 2107
1953 2103
1956 2092
1967 2090
1969 2085
1970 2079
1972 2068
1974 2064
1985 2061
1986 2055
1988 2051
1998 2046
2001 2044
2005 2041
2007 2037
2012 2033
2020 2030
2022 2022
2029 2020
2031 2009
2033 2005
2038 1998
2040 1994
2047 1992
2051 1991
2052 1985
2054 1981
2064 1976
2067 1974
2071 1971
2073 1967
2078 1963
2086 1960
2091 1956
2095 1950
2097 1939
2099 1935
2110 1932
2111 1926
2113 1922
2123 1917
2126 1915
2130 1912
2132 1908
2137 1904
2145 1901
2150 1897
2156 1890
2169 1883
2177 1879
2184 1876
2186 1873
2189 1869
2191 1865
2198 1863
2201 1861
2203 1856
2205 1852
2215 1847
2218 1845
2222 1842
2224 1838
2229 1834
2237 1831
2242 1827
2246 1821
2248 1810
2250 1806
2261 1803
2262 1797
2264 1793
2274 1788
2277 1786
2281 1783
2283 1779
2288 1775
2296 1772
2301 1768
2307 1761
2320 1754
2328 1750
2335 1748
2337 1744
2341 1743
2345 1740
2347 1736
2352 1732
2360 1729
2361 1726
2365 1725
2371 1718
2384 1711
2399 1705
2401 1701
2411 1696
2414 1694
2423 1693
2424 1689
2425 1683
2438 1676
2461 1672
2463 1668
2473 1663
2476 1661
2486 1656
2487 1650
2500 1643
2529 1636
2541 1632
2554 1625
2577 1624
2578 1618
2591 1611
2620 1604
2632 1600
2645 1593
2673 1586
2691 1582
2702 1579
2714 1575
2727 1568
2756 1561
2773 1557
2802 1550
2848 1545
2868 1542
2895 1541
2897 1535
2918 1534
2931 1527
2960 1520
2977 1516
3006 1509
3052 1504
3064 1502
3072 1501
3101 1494
3147 1489
3159 1487
3180 1486
3193 1479
3222 1472
3239 1468
3268 1461
3314 1456
3334 1453
3363 1446
3409 1441
3468 1437
3514 1432
3763 1430
