50 1225
0 1 387 263
0 2 399 538
0 3 91 144
0 4 843 809
0 5 443 735
0 6 654 701
0 7 34 209
0 8 840 670
0 9 919 765
0 10 269 359
0 11 227 207
0 12 335 523
0 13 491 657
0 14 581 813
0 15 501 437
0 16 12 72
0 17 492 428
0 18 531 151
0 19 41 93
0 20 711 910
0 21 893 920
0 22 540 889
0 23 135 266
0 24 419 366
0 25 662 198
0 26 994 976
0 27 281 133
0 28 156 192
0 29 916 982
0 30 87 114
0 31 128 94
0 32 379 319
0 33 11 4
0 34 252 496
0 35 701 789
0 36 830 719
0 37 248 99
0 38 918 927
0 39 222 99
0 40 631 765
0 41 746 889
0 42 22 31
0 43 119 86
0 44 125 110
0 45 758 786
0 46 767 454
0 47 808 594
0 48 131 85
0 49 339 673
1 2 466 407
1 3 954 933
1 4 555 532
1 5 898 799
1 6 113 27
1 7 458 306
1 8 500 630
1 9 675 394
1 10 460 324
1 11 731 269
1 12 898 966
1 13 505 641
1 14 420 487
1 15 780 739
1 16 366 311
1 17 910 884
1 18 31 80
1 19 74 28
1 20 60 489
1 21 578 670
1 22 657 415
1 23 372 351
1 24 55 190
1 25 822 664
1 26 363 265
1 27 970 987
1 28 920 578
1 29 573 244
1 30 907 978
1 31 364 61
1 32 642 515
1 33 756 359
1 34 903 861
1 35 953 913
1 36 654 713
1 37 239 519
1 38 972 976
1 39 195 550
1 40 634 924
1 41 77 19
1 42 495 822
1 43 82 16
1 44 174 214
1 45 496 481
1 46 400 513
1 47 140 180
1 48 197 153
1 49 808 586
2 3 75 22
2 4 677 911
2 5 453 304
2 6 428 420
2 7 483 683
2 8 904 929
2 9 789 596
2 10 854 775
2 11 681 918
2 12 717 640
2 13 760 326
2 14 318 580
2 15 11 156
2 16 213 95
2 17 292 443
2 18 65 262
2 19 565 809
2 20 678 519
2 21 891 929
2 22 305 489
2 23 970 989
2 24 341 455
2 25 722 839
2 26 980 836
2 27 954 653
2 28 598 860
2 29 118 275
2 30 455 341
2 31 806 435
2 32 479 567
2 33 134 177
2 34 662 641
2 35 472 357
2 36 226 144
2 37 414 821
2 38 515 575
2 39 476 416
2 40 200 282
2 41 541 359
2 42 636 575
2 43 990 958
2 44 743 162
2 45 244 223
2 46 702 803
2 47 629 577
2 48 873 976
2 49 663 953
3 4 386 143
3 5 326 244
3 6 667 533
3 7 883 744
3 8 764 749
3 9 184 19
3 10 616 688
3 11 381 229
3 12 82 28
3 13 131 59
3 14 13 46
3 15 152 331
3 16 368 265
3 17 295 226
3 18 820 837
3 19 181 142
3 20 866 892
3 21 862 839
3 22 846 663
3 23 957 966
3 24 949 906
3 25 594 521
3 26 913 983
3 27 514 914
3 28 668 592
3 29 653 662
3 30 688 631
3 31 125 230
3 32 873 955
3 33 853 911
3 34 385 376
3 35 270 228
3 36 477 642
3 37 33 17
3 38 710 257
3 39 342 548
3 40 224 375
3 41 810 852
3 42 25 77
3 43 183 341
3 44 703 718
3 45 281 92
3 46 661 637
3 47 17 127
3 48 75 65
3 49 162 104
4 5 508 894
4 6 772 923
4 7 663 383
4 8 596 796
4 9 571 411
4 10 207 187
4 11 965 923
4 12 827 493
4 13 723 710
4 14 918 917
4 15 284 826
4 16 243 86
4 17 133 287
4 18 926 670
4 19 207 594
4 20 604 268
4 21 419 349
4 22 6 25
4 23 591 306
4 24 363 240
4 25 309 290
4 26 51 296
4 27 67 37
4 28 387 476
4 29 386 172
4 30 664 926
4 31 994 875
4 32 701 743
4 33 200 98
4 34 601 393
4 35 196 122
4 36 556 558
4 37 281 313
4 38 837 862
4 39 858 624
4 40 812 724
4 41 140 185
4 42 61 14
4 43 240 318
4 44 167 189
4 45 171 333
4 46 899 470
4 47 36 50
4 48 266 274
4 49 335 375
5 6 742 360
5 7 14 2
5 8 965 967
5 9 462 499
5 10 572 243
5 11 3 4
5 12 577 591
5 13 159 486
5 14 799 808
5 15 915 942
5 16 113 203
5 17 271 182
5 18 33 114
5 19 858 975
5 20 373 616
5 21 321 195
5 22 671 652
5 23 116 338
5 24 964 961
5 25 889 352
5 26 716 450
5 27 47 80
5 28 731 669
5 29 886 902
5 30 952 867
5 31 466 738
5 32 48 424
5 33 677 485
5 34 306 260
5 35 182 320
5 36 810 683
5 37 932 626
5 38 334 211
5 39 449 768
5 40 686 660
5 41 825 826
5 42 36 134
5 43 152 566
5 44 605 744
5 45 571 624
5 46 98 133
5 47 926 854
5 48 12 38
5 49 843 755
6 7 682 640
6 8 245 87
6 9 233 516
6 10 31 28
6 11 821 909
6 12 231 184
6 13 688 856
6 14 694 356
6 15 803 680
6 16 415 621
6 17 795 704
6 18 247 194
6 19 496 734
6 20 132 172
6 21 790 815
6 22 230 170
6 23 225 488
6 24 901 521
6 25 162 178
6 26 625 193
6 27 316 351
6 28 312 522
6 29 448 151
6 30 834 625
6 31 689 462
6 32 812 724
6 33 977 984
6 34 37 89
6 35 602 197
6 36 357 482
6 37 730 651
6 38 494 799
6 39 753 528
6 40 214 222
6 41 701 682
6 42 281 485
6 43 374 306
6 44 592 303
6 45 214 273
6 46 490 678
6 47 545 671
6 48 572 658
6 49 6 30
7 8 720 735
7 9 303 629
7 10 823 891
7 11 457 351
7 12 845 827
7 13 638 285
7 14 179 332
7 15 18 13
7 16 800 902
7 17 491 500
7 18 736 626
7 19 333 958
7 20 133 96
7 21 773 856
7 22 275 231
7 23 222 195
7 24 810 583
7 25 102 74
7 26 209 379
7 27 567 391
7 28 56 234
7 29 720 615
7 30 306 307
7 31 589 202
7 32 865 788
7 33 772 966
7 34 616 345
7 35 475 417
7 36 61 21
7 37 834 740
7 38 331 622
7 39 887 661
7 40 397 343
7 41 77 74
7 42 348 264
7 43 490 448
7 44 173 111
7 45 462 643
7 46 199 619
7 47 990 979
7 48 413 111
7 49 9 5
8 9 236 287
8 10 590 959
8 11 698 576
8 12 417 664
8 13 365 211
8 14 643 675
8 15 684 536
8 16 751 789
8 17 351 152
8 18 847 703
8 19 659 476
8 20 812 696
8 21 217 189
8 22 144 59
8 23 531 668
8 24 415 161
8 25 193 462
8 26 357 459
8 27 395 631
8 28 744 334
8 29 297 367
8 30 413 183
8 31 79 109
8 32 494 368
8 33 668 389
8 34 354 110
8 35 306 19
8 36 382 386
8 37 406 456
8 38 323 108
8 39 887 872
8 40 292 464
8 41 623 641
8 42 800 787
8 43 354 713
8 44 59 158
8 45 696 865
8 46 276 145
8 47 869 833
8 48 522 205
8 49 527 600
9 10 15 54
9 11 578 218
9 12 577 581
9 13 156 158
9 14 382 142
9 15 989 968
9 16 37 106
9 17 121 291
9 18 984 991
9 19 971 996
9 20 786 264
9 21 643 465
9 22 679 855
9 23 670 761
9 24 603 181
9 25 393 129
9 26 965 635
9 27 556 721
9 28 923 924
9 29 462 262
9 30 538 572
9 31 656 668
9 32 746 626
9 33 821 564
9 34 732 875
9 35 326 504
9 36 577 456
9 37 502 361
9 38 174 104
9 39 878 857
9 40 253 100
9 41 514 609
9 42 560 432
9 43 454 480
9 44 631 601
9 45 494 741
9 46 369 276
9 47 878 730
9 48 118 160
9 49 319 167
10 11 989 802
10 12 371 563
10 13 744 777
10 14 697 928
10 15 614 389
10 16 33 30
10 17 280 316
10 18 772 255
10 19 90 315
10 20 827 869
10 21 574 857
10 22 965 527
10 23 502 444
10 24 776 767
10 25 138 475
10 26 520 351
10 27 947 916
10 28 197 100
10 29 490 468
10 30 123 159
10 31 517 722
10 32 33 115
10 33 350 92
10 34 976 680
10 35 519 940
10 36 935 756
10 37 965 991
10 38 92 137
10 39 594 667
10 40 222 276
10 41 956 951
10 42 794 665
10 43 975 976
10 44 96 28
10 45 180 474
10 46 203 584
10 47 131 132
10 48 481 509
10 49 360 22
11 12 418 505
11 13 32 52
11 14 53 209
11 15 840 907
11 16 902 916
11 17 31 131
11 18 833 265
11 19 342 423
11 20 819 823
11 21 859 660
11 22 200 210
11 23 314 271
11 24 226 290
11 25 411 535
11 26 803 895
11 27 980 872
11 28 788 886
11 29 844 953
11 30 21 221
11 31 508 907
11 32 934 871
11 33 762 457
11 34 555 403
11 35 394 185
11 36 110 331
11 37 701 691
11 38 392 625
11 39 642 764
11 40 512 202
11 41 733 800
11 42 772 341
11 43 820 860
11 44 452 193
11 45 908 972
11 46 574 614
11 47 933 876
11 48 2 64
11 49 584 378
12 13 474 652
12 14 176 242
12 15 832 572
12 16 621 566
12 17 88 47
12 18 834 829
12 19 397 224
12 20 716 716
12 21 489 563
12 22 24 47
12 23 381 719
12 24 943 963
12 25 848 836
12 26 902 746
12 27 968 799
12 28 558 819
12 29 819 645
12 30 79 34
12 31 383 450
12 32 543 402
12 33 449 383
12 34 609 581
12 35 69 296
12 36 282 583
12 37 131 344
12 38 579 402
12 39 189 401
12 40 975 898
12 41 358 360
12 42 939 667
12 43 130 144
12 44 519 849
12 45 503 618
12 46 982 904
12 47 241 223
12 48 736 722
12 49 219 160
13 14 971 953
13 15 199 78
13 16 443 670
13 17 94 62
13 18 289 649
13 19 946 986
13 20 950 928
13 21 216 460
13 22 317 194
13 23 310 480
13 24 543 192
13 25 827 769
13 26 248 331
13 27 861 484
13 28 427 564
13 29 596 274
13 30 207 153
13 31 673 457
13 32 826 909
13 33 14 8
13 34 92 147
13 35 953 851
13 36 276 31
13 37 439 609
13 38 528 360
13 39 628 738
13 40 568 508
13 41 128 98
13 42 470 252
13 43 514 432
13 44 391 371
13 45 597 810
13 46 457 637
13 47 11 154
13 48 633 464
13 49 482 194
14 15 754 781
14 16 565 351
14 17 250 237
14 18 507 181
14 19 305 606
14 20 865 863
14 21 3 26
14 22 538 727
14 23 808 747
14 24 630 784
14 25 603 709
14 26 248 454
14 27 964 980
14 28 880 880
14 29 627 719
14 30 705 447
14 31 995 995
14 32 766 723
14 33 923 894
14 34 345 197
14 35 356 348
14 36 191 15
14 37 13 61
14 38 771 867
14 39 156 283
14 40 430 174
14 41 122 359
14 42 345 172
14 43 368 421
14 44 588 419
14 45 482 682
14 46 619 491
14 47 398 247
14 48 324 125
14 49 555 644
15 16 908 630
15 17 649 313
15 18 815 809
15 19 901 902
15 20 764 673
15 21 71 108
15 22 621 561
15 23 793 503
15 24 745 554
15 25 62 345
15 26 291 545
15 27 995 970
15 28 509 751
15 29 191 141
15 30 643 984
15 31 523 668
15 32 473 205
15 33 279 179
15 34 527 218
15 35 569 422
15 36 397 552
15 37 949 953
15 38 388 326
15 39 356 642
15 40 135 692
15 41 612 483
15 42 699 975
15 43 956 636
15 44 178 287
15 45 764 263
15 46 494 131
15 47 957 990
15 48 443 175
15 49 363 562
16 17 812 861
16 18 769 683
16 19 633 290
16 20 52 215
16 21 146 149
16 22 595 604
16 23 157 69
16 24 651 874
16 25 451 269
16 26 879 654
16 27 551 640
16 28 213 87
16 29 460 270
16 30 337 576
16 31 593 396
16 32 903 980
16 33 9 61
16 34 661 886
16 35 422 375
16 36 652 758
16 37 502 487
16 38 515 368
16 39 398 368
16 40 236 88
16 41 70 84
16 42 664 578
16 43 662 300
16 44 369 523
16 45 272 456
16 46 232 595
16 47 152 77
16 48 967 957
16 49 109 386
17 18 839 642
17 19 203 535
17 20 459 406
17 21 815 914
17 22 519 435
17 23 321 263
17 24 506 481
17 25 521 698
17 26 467 382
17 27 997 988
17 28 758 720
17 29 614 662
17 30 854 850
17 31 634 779
17 32 653 833
17 33 818 831
17 34 3 37
17 35 269 323
17 36 181 352
17 37 487 428
17 38 585 620
17 39 475 556
17 40 145 120
17 41 688 880
17 42 577 276
17 43 761 878
17 44 914 933
17 45 507 463
17 46 572 736
17 47 548 768
17 48 627 795
17 49 657 913
18 19 708 694
18 20 843 986
18 21 407 489
18 22 568 473
18 23 489 535
18 24 137 363
18 25 342 391
18 26 762 745
18 27 605 595
18 28 106 277
18 29 515 650
18 30 205 106
18 31 682 489
18 32 446 435
18 33 312 257
18 34 405 184
18 35 152 264
18 36 49 130
18 37 332 478
18 38 865 856
18 39 118 266
18 40 706 254
18 41 473 107
18 42 607 709
18 43 48 158
18 44 813 875
18 45 755 599
18 46 714 666
18 47 75 46
18 48 993 993
18 49 538 319
19 20 750 520
19 21 846 718
19 22 265 757
19 23 98 77
19 24 355 207
19 25 949 929
19 26 21 7
19 27 666 535
19 28 193 212
19 29 43 23
19 30 85 311
19 31 693 932
19 32 127 154
19 33 838 871
19 34 275 158
19 35 705 909
19 36 145 419
19 37 394 438
19 38 764 699
19 39 56 14
19 40 356 839
19 41 886 710
19 42 478 198
19 43 962 928
19 44 152 239
19 45 241 375
19 46 453 286
19 47 371 507
19 48 379 406
19 49 656 314
20 21 36 132
20 22 226 170
20 23 641 674
20 24 447 362
20 25 103 298
20 26 989 999
20 27 381 325
20 28 745 237
20 29 79 14
20 30 908 936
20 31 607 813
20 32 602 291
20 33 858 741
20 34 410 617
20 35 430 200
20 36 720 784
20 37 160 318
20 38 273 222
20 39 110 104
20 40 894 582
20 41 343 166
20 42 440 481
20 43 29 37
20 44 112 97
20 45 2 11
20 46 982 998
20 47 263 356
20 48 586 811
20 49 951 959
21 22 256 362
21 23 203 184
21 24 546 437
21 25 955 913
21 26 407 901
21 27 44 355
21 28 31 68
21 29 876 609
21 30 246 352
21 31 422 671
21 32 318 63
21 33 357 490
21 34 334 639
21 35 317 187
21 36 13 6
21 37 365 345
21 38 756 896
21 39 776 527
21 40 862 831
21 41 707 823
21 42 870 667
21 43 802 670
21 44 591 250
21 45 152 118
21 46 244 277
21 47 541 545
21 48 463 140
21 49 42 21
22 23 62 62
22 24 560 231
22 25 734 968
22 26 339 304
22 27 109 289
22 28 255 630
22 29 74 316
22 30 837 517
22 31 284 467
22 32 344 310
22 33 403 194
22 34 908 937
22 35 563 816
22 36 585 904
22 37 457 239
22 38 451 238
22 39 539 660
22 40 185 68
22 41 19 97
22 42 824 588
22 43 166 423
22 44 154 301
22 45 213 212
22 46 772 412
22 47 606 220
22 48 251 308
22 49 829 712
23 24 625 614
23 25 842 921
23 26 256 142
23 27 573 373
23 28 68 106
23 29 584 386
23 30 497 601
23 31 639 713
23 32 748 714
23 33 936 796
23 34 634 812
23 35 960 967
23 36 863 684
23 37 578 334
23 38 336 560
23 39 782 898
23 40 417 276
23 41 490 547
23 42 949 762
23 43 683 667
23 44 204 131
23 45 965 877
23 46 826 751
23 47 112 38
23 48 251 217
23 49 885 798
24 25 712 649
24 26 288 287
24 27 550 678
24 28 10 150
24 29 769 654
24 30 611 237
24 31 70 5
24 32 212 91
24 33 675 342
24 34 964 990
24 35 348 609
24 36 10 24
24 37 328 568
24 38 65 37
24 39 243 555
24 40 607 521
24 41 303 615
24 42 907 766
24 43 538 366
24 44 102 195
24 45 608 165
24 46 140 230
24 47 828 940
24 48 954 925
24 49 526 225
25 26 534 782
25 27 145 278
25 28 405 442
25 29 770 538
25 30 33 115
25 31 53 226
25 32 296 608
25 33 387 252
25 34 886 838
25 35 649 844
25 36 248 761
25 37 480 589
25 38 444 118
25 39 66 258
25 40 673 598
25 41 298 722
25 42 281 152
25 43 823 724
25 44 510 725
25 45 940 928
25 46 392 619
25 47 605 398
25 48 295 421
25 49 901 857
26 27 513 753
26 28 180 162
26 29 231 154
26 30 315 259
26 31 529 831
26 32 727 626
26 33 585 553
26 34 923 874
26 35 437 717
26 36 543 515
26 37 255 452
26 38 987 909
26 39 966 778
26 40 998 989
26 41 656 543
26 42 798 798
26 43 964 849
26 44 211 243
26 45 334 689
26 46 35 209
26 47 31 14
26 48 336 179
26 49 162 231
27 28 184 418
27 29 846 536
27 30 360 449
27 31 135 273
27 32 390 340
27 33 588 527
27 34 89 205
27 35 23 114
27 36 392 341
27 37 300 494
27 38 576 416
27 39 409 676
27 40 195 558
27 41 365 410
27 42 378 740
27 43 232 516
27 44 333 224
27 45 909 487
27 46 631 491
27 47 141 55
27 48 296 246
27 49 19 36
28 29 249 154
28 30 889 938
28 31 534 487
28 32 915 976
28 33 166 598
28 34 969 947
28 35 836 813
28 36 596 441
28 37 674 619
28 38 163 278
28 39 948 952
28 40 867 714
28 41 830 797
28 42 761 644
28 43 625 595
28 44 332 497
28 45 815 694
28 46 180 131
28 47 848 593
28 48 169 43
28 49 308 629
29 30 502 364
29 31 405 634
29 32 460 460
29 33 635 451
29 34 496 620
29 35 663 632
29 36 30 165
29 37 951 840
29 38 57 255
29 39 434 551
29 40 476 273
29 41 307 162
29 42 692 809
29 43 38 24
29 44 879 992
29 45 121 230
29 46 754 932
29 47 624 448
29 48 253 126
29 49 856 886
30 31 908 891
30 32 381 127
30 33 620 491
30 34 114 48
30 35 931 892
30 36 840 835
30 37 615 377
30 38 254 600
30 39 159 615
30 40 168 41
30 41 829 867
30 42 820 598
30 43 521 181
30 44 988 977
30 45 224 278
30 46 366 389
30 47 624 433
30 48 467 248
30 49 963 947
31 32 11 9
31 33 909 804
31 34 549 515
31 35 882 842
31 36 36 18
31 37 828 755
31 38 448 621
31 39 98 201
31 40 75 27
31 41 40 113
31 42 666 581
31 43 677 307
31 44 682 736
31 45 360 194
31 46 30 123
31 47 669 664
31 48 396 603
31 49 11 11
32 33 942 934
32 34 183 78
32 35 224 308
32 36 547 312
32 37 943 939
32 38 909 661
32 39 413 323
32 40 546 367
32 41 346 575
32 42 316 578
32 43 145 256
32 44 50 124
32 45 199 456
32 46 61 20
32 47 854 813
32 48 730 850
32 49 112 119
33 34 787 681
33 35 961 890
33 36 791 651
33 37 416 488
33 38 909 959
33 39 746 304
33 40 479 645
33 41 107 341
33 42 309 636
33 43 193 60
33 44 775 745
33 45 356 363
33 46 141 207
33 47 866 650
33 48 470 379
33 49 74 218
34 35 697 786
34 36 780 868
34 37 889 778
34 38 694 839
34 39 739 970
34 40 979 975
34 41 817 827
34 42 33 93
34 43 835 844
34 44 539 327
34 45 154 293
34 46 78 342
34 47 695 901
34 48 242 167
34 49 363 381
35 36 494 483
35 37 803 735
35 38 654 245
35 39 534 601
35 40 206 535
35 41 528 534
35 42 233 195
35 43 272 59
35 44 240 315
35 45 391 377
35 46 868 791
35 47 210 48
35 48 880 684
35 49 975 878
36 37 84 120
36 38 800 497
36 39 671 586
36 40 453 454
36 41 691 533
36 42 335 261
36 43 219 567
36 44 174 417
36 45 411 203
36 46 416 190
36 47 617 685
36 48 130 311
36 49 398 297
37 38 473 576
37 39 407 175
37 40 486 518
37 41 521 339
37 42 423 330
37 43 844 933
37 44 244 424
37 45 628 799
37 46 446 112
37 47 532 144
37 48 154 212
37 49 897 615
38 39 57 69
38 40 951 916
38 41 766 333
38 42 149 338
38 43 468 519
38 44 978 995
38 45 502 130
38 46 805 779
38 47 471 269
38 48 885 896
38 49 970 909
39 40 976 851
39 41 713 880
39 42 749 890
39 43 916 798
39 44 612 717
39 45 871 938
39 46 600 512
39 47 598 617
39 48 833 550
39 49 306 235
40 41 536 714
40 42 568 495
40 43 729 797
40 44 860 899
40 45 355 163
40 46 724 755
40 47 480 474
40 48 738 724
40 49 575 336
41 42 241 315
41 43 491 217
41 44 604 424
41 45 565 600
41 46 19 44
41 47 877 593
41 48 289 143
41 49 804 505
42 43 487 260
42 44 966 968
42 45 657 629
42 46 521 268
42 47 408 150
42 48 283 535
42 49 166 475
43 44 959 974
43 45 968 978
43 46 444 353
43 47 938 917
43 48 929 916
43 49 384 686
44 45 942 971
44 46 181 430
44 47 47 138
44 48 820 550
44 49 688 318
45 46 543 646
45 47 89 539
45 48 12 30
45 49 490 867
46 47 836 836
46 48 685 391
46 49 621 224
47 48 705 669
47 49 485 319
48 49 18 283
0
317
1082 3042
1083 3020
1084 3004
1085 2982
1088 2968
1089 2947
1090 2901
1091 2879
1092 2863
1093 2841
1096 2827
1097 2806
1098 2790
1099 2768
1102 2754
1105 2742
1106 2740
1107 2718
1110 2704
1113 2691
1115 2686
1116 2677
1118 2659
1121 2645
1124 2632
1126 2627
1127 2618
1129 2613
1132 2600
1135 2586
1139 2577
1142 2563
1145 2550
1147 2545
1148 2536
1150 2528
1153 2514
1156 2504
1158 2496
1161 2482
1165 2478
1168 2470
1170 2468
1171 2446
1174 2432
1178 2428
1179 2414
1182 2400
1186 2396
1189 2388
1192 2374
1196 2370
1199 2365
1202 2351
1206 2347
1208 2341
1209 2339
1211 2327
1212 2325
1214 2317
1216 2309
1219 2295
1223 2291
1226 2283
1228 2281
1229 2259
1232 2245
1236 2241
1237 2227
1240 2213
1244 2209
1247 2201
1250 2187
1254 2183
1257 2178
1260 2164
1264 2160
1267 2152
1270 2138
1274 2134
1280 2120
1284 2116
1287 2108
1290 2094
1294 2090
1298 2088
1300 2087
1301 2078
1304 2069
1306 2068
1308 2065
1310 2064
1311 2052
1314 2043
1316 2042
1318 2039
1320 2038
1321 2034
1324 2025
1326 2024
1328 2021
1330 2020
1331 2008
1334 1999
1336 1998
1338 1995
1340 1994
1343 1992
1344 1986
1347 1982
1350 1973
1354 1960
1357 1956
1360 1947
1364 1943
1367 1938
1368 1935
1370 1929
1374 1925
1375 1918
1377 1912
1378 1909
1380 1903
1384 1899
1388 1891
1390 1890
1392 1887
1394 1886
1395 1874
1398 1865
1400 1864
1402 1861
1404 1860
1407 1858
1411 1848
1414 1839
1418 1835
1420 1832
1421 1822
1424 1813
1428 1809
1431 1804
1434 1795
1438 1791
1440 1788
1441 1778
1444 1769
1448 1765
1453 1762
1459 1759
1460 1758
1463 1745
1466 1736
1469 1733
1470 1732
1473 1727
1476 1718
1480 1714
1483 1701
1486 1692
1490 1688
1495 1685
1501 1682
1505 1678
1508 1665
1511 1656
1515 1652
1520 1649
1534 1647
1538 1643
1542 1641
1543 1640
1547 1638
1552 1631
1555 1622
1559 1618
1564 1615
1566 1610
1571 1607
1576 1606
1580 1602
1585 1599
1594 1598
1598 1596
1603 1593
1607 1585
1610 1576
1615 1573
1620 1572
1624 1568
1629 1565
1631 1560
1636 1557
1652 1556
1654 1551
1658 1549
1659 1548
1663 1546
1670 1544
1672 1535
1675 1526
1680 1523
1696 1522
1698 1517
1702 1515
1703 1514
1707 1512
1714 1510
1725 1502
1730 1499
1738 1498
1741 1494
1744 1485
1749 1482
1765 1481
1767 1476
1771 1474
1772 1473
1776 1471
1783 1469
1794 1461
1799 1458
1807 1457
1817 1452
1821 1450
1822 1449
1826 1447
1833 1445
1841 1444
1844 1438
1849 1435
1857 1433
1867 1428
1871 1427
1872 1425
1876 1424
1883 1422
1891 1420
1901 1415
1902 1414
1906 1412
1907 1410
1915 1409
1917 1405
1922 1402
1930 1400
1934 1399
1941 1397
1949 1396
1951 1392
1956 1389
1964 1387
1965 1386
1980 1377
1999 1373
2014 1364
2040 1358
2057 1354
2083 1348
2093 1346
2094 1344
2102 1343
2104 1339
2109 1336
2117 1334
2121 1333
2128 1331
2136 1330
2138 1326
2143 1323
2151 1321
2152 1320
2167 1311
2186 1307
2201 1298
2227 1292
2244 1288
2263 1282
2282 1278
2297 1269
2323 1263
2340 1259
2363 1258
2366 1253
2389 1252
2406 1248
2432 1242
2461 1238
2466 1234
2492 1228
2509 1224
2532 1223
2535 1218
2558 1217
2575 1213
2601 1207
2630 1203
2647 1199
2670 1198
2673 1193
2696 1192
2713 1188
2739 1182
2797 1181
2814 1177
2840 1171
2985 1170
2995 1166
3028 1160
3183 1155
3237 1154
3382 1152
3392 1149
3537 1147
3591 1146
3721 1143
3746 1141
