50 1225
0 1 930 998
0 2 326 217
0 3 745 844
0 4 574 516
0 5 914 938
0 6 621 548
0 7 512 673
0 8 567 602
0 9 629 556
0 10 955 812
0 11 288 201
0 12 890 786
0 13 392 304
0 14 218 87
0 15 979 962
0 16 166 304
0 17 749 771
0 18 48 24
0 19 869 946
0 20 227 329
0 21 12 8
0 22 312 266
0 23 676 671
0 24 312 666
0 25 391 484
0 26 893 929
0 27 335 493
0 28 163 195
0 29 846 794
0 30 277 354
0 31 213 365
0 32 224 554
0 33 731 492
0 34 748 924
0 35 821 614
0 36 99 241
0 37 31 15
0 38 451 334
0 39 619 384
0 40 396 521
0 41 211 363
0 42 759 780
0 43 867 860
0 44 287 146
0 45 124 426
0 46 594 531
0 47 352 345
0 48 832 676
0 49 582 405
1 2 558 630
1 3 325 217
1 4 16 11
1 5 212 408
1 6 994 842
1 7 473 769
1 8 653 864
1 9 935 894
1 10 676 583
1 11 705 729
1 12 703 355
1 13 405 795
1 14 43 295
1 15 163 178
1 16 346 760
1 17 996 950
1 18 790 605
1 19 586 446
1 20 415 217
1 21 920 491
1 22 179 152
1 23 334 438
1 24 885 589
1 25 847 549
1 26 634 652
1 27 277 203
1 28 985 992
1 29 353 384
1 30 348 329
1 31 963 938
1 32 913 981
1 33 457 485
1 34 122 332
1 35 887 769
1 36 35 66
1 37 847 547
1 38 758 451
1 39 212 350
1 40 763 905
1 41 616 299
1 42 848 429
1 43 329 247
1 44 300 415
1 45 905 745
1 46 57 7
1 47 960 879
1 48 654 298
1 49 884 952
2 3 210 521
2 4 529 154
2 5 10 36
2 6 506 226
2 7 721 401
2 8 901 859
2 9 144 155
2 10 972 915
2 11 316 397
2 12 726 912
2 13 399 121
2 14 594 834
2 15 291 437
2 16 702 407
2 17 835 803
2 18 369 180
2 19 333 170
2 20 963 946
2 21 285 313
2 22 784 928
2 23 113 75
2 24 424 325
2 25 18 138
2 26 56 57
2 27 543 334
2 28 892 623
2 29 879 849
2 30 409 148
2 31 155 237
2 32 247 655
2 33 527 709
2 34 168 72
2 35 508 353
2 36 36 19
2 37 276 401
2 38 793 560
2 39 379 360
2 40 983 925
2 41 405 460
2 42 834 95
2 43 978 907
2 44 926 887
2 45 691 677
2 46 247 282
2 47 94 20
2 48 501 378
2 49 423 338
3 4 875 979
3 5 438 301
3 6 968 824
3 7 522 886
3 8 727 718
3 9 546 751
3 10 812 643
3 11 850 497
3 12 91 184
3 13 670 625
3 14 925 800
3 15 769 489
3 16 815 767
3 17 448 350
3 18 31 115
3 19 946 971
3 20 323 29
3 21 699 202
3 22 857 692
3 23 328 215
3 24 946 914
3 25 854 724
3 26 709 265
3 27 794 966
3 28 590 768
3 29 253 280
3 30 441 513
3 31 782 909
3 32 128 424
3 33 311 430
3 34 484 594
3 35 835 973
3 36 830 857
3 37 236 611
3 38 440 408
3 39 933 896
3 40 810 909
3 41 797 980
3 42 54 173
3 43 491 616
3 44 619 552
3 45 87 191
3 46 841 907
3 47 916 927
3 48 870 944
3 49 761 716
4 5 3 20
4 6 368 346
4 7 405 292
4 8 881 605
4 9 388 197
4 10 544 685
4 11 514 735
4 12 116 206
4 13 700 791
4 14 19 24
4 15 550 738
4 16 187 6
4 17 929 856
4 18 957 739
4 19 211 67
4 20 332 411
4 21 218 191
4 22 939 881
4 23 475 408
4 24 595 497
4 25 21 13
4 26 36 23
4 27 221 694
4 28 132 457
4 29 315 296
4 30 782 657
4 31 164 97
4 32 972 932
4 33 537 458
4 34 1 10
4 35 442 326
4 36 607 381
4 37 952 929
4 38 520 529
4 39 575 644
4 40 140 11
4 41 786 795
4 42 941 923
4 43 550 407
4 44 948 761
4 45 239 354
4 46 913 978
4 47 902 817
4 48 843 356
4 49 398 577
5 6 338 178
5 7 869 871
5 8 116 286
5 9 924 770
5 10 430 449
5 11 746 689
5 12 637 917
5 13 143 106
5 14 547 392
5 15 303 568
5 16 120 297
5 17 631 627
5 18 239 279
5 19 561 771
5 20 844 909
5 21 357 664
5 22 705 816
5 23 698 598
5 24 320 488
5 25 776 764
5 26 934 959
5 27 722 685
5 28 862 935
5 29 473 469
5 30 409 201
5 31 187 235
5 32 810 837
5 33 354 336
5 34 590 699
5 35 297 170
5 36 72 320
5 37 414 622
5 38 194 181
5 39 670 598
5 40 997 996
5 41 406 605
5 42 508 607
5 43 238 331
5 44 74 79
5 45 473 211
5 46 926 894
5 47 337 519
5 48 247 321
5 49 221 319
6 7 186 474
6 8 56 217
6 9 747 738
6 10 600 493
6 11 609 756
6 12 416 828
6 13 411 882
6 14 600 435
6 15 218 547
6 16 350 279
6 17 992 974
6 18 72 24
6 19 956 951
6 20 9 25
6 21 765 886
6 22 196 556
6 23 618 739
6 24 267 233
6 25 681 408
6 26 9 40
6 27 922 990
6 28 246 24
6 29 617 475
6 30 403 430
6 31 641 266
6 32 143 516
6 33 984 1000
6 34 242 371
6 35 834 858
6 36 518 243
6 37 842 837
6 38 435 460
6 39 71 512
6 40 465 740
6 41 1 1
6 42 552 746
6 43 547 811
6 44 749 620
6 45 378 592
6 46 101 149
6 47 675 465
6 48 42 138
6 49 600 679
7 8 96 273
7 9 165 163
7 10 358 605
7 11 524 275
7 12 253 284
7 13 216 346
7 14 496 672
7 15 421 235
7 16 445 608
7 17 452 312
7 18 464 164
7 19 928 737
7 20 761 971
7 21 644 557
7 22 543 639
7 23 662 438
7 24 393 380
7 25 427 319
7 26 729 512
7 27 427 251
7 28 706 871
7 29 565 473
7 30 539 712
7 31 879 806
7 32 370 165
7 33 381 234
7 34 312 117
7 35 841 840
7 36 323 349
7 37 904 733
7 38 885 999
7 39 434 42
7 40 157 55
7 41 9 90
7 42 782 715
7 43 108 333
7 44 601 573
7 45 306 627
7 46 457 875
7 47 80 48
7 48 550 690
7 49 1000 997
8 9 16 20
8 10 802 740
8 11 627 587
8 12 753 909
8 13 778 496
8 14 591 352
8 15 225 130
8 16 543 529
8 17 600 533
8 18 116 354
8 19 824 898
8 20 792 695
8 21 768 124
8 22 84 86
8 23 438 876
8 24 289 303
8 25 882 922
8 26 475 708
8 27 83 61
8 28 562 721
8 29 145 301
8 30 96 95
8 31 990 993
8 32 937 545
8 33 186 113
8 34 184 417
8 35 957 898
8 36 430 352
8 37 972 989
8 38 604 590
8 39 917 911
8 40 149 380
8 41 128 112
8 42 711 723
8 43 124 468
8 44 928 999
8 45 70 165
8 46 556 673
8 47 639 644
8 48 174 232
8 49 648 526
9 10 1000 1000
9 11 816 760
9 12 50 45
9 13 709 714
9 14 858 911
9 15 206 240
9 16 624 261
9 17 492 524
9 18 374 624
9 19 321 262
9 20 575 444
9 21 975 905
9 22 895 908
9 23 24 40
9 24 720 662
9 25 598 790
9 26 980 987
9 27 684 865
9 28 482 594
9 29 866 699
9 30 256 128
9 31 320 433
9 32 162 631
9 33 858 878
9 34 115 450
9 35 919 971
9 36 765 617
9 37 232 404
9 38 239 117
9 39 115 208
9 40 279 315
9 41 4 73
9 42 814 719
9 43 883 674
9 44 910 871
9 45 57 356
9 46 813 735
9 47 594 547
9 48 901 707
9 49 645 579
10 11 223 66
10 12 932 721
10 13 267 395
10 14 178 618
10 15 383 872
10 16 882 899
10 17 412 432
10 18 144 732
10 19 41 102
10 20 595 695
10 21 230 95
10 22 580 407
10 23 512 567
10 24 266 349
10 25 963 947
10 26 2 10
10 27 86 436
10 28 824 706
10 29 58 82
10 30 841 898
10 31 402 198
10 32 211 519
10 33 903 727
10 34 757 960
10 35 928 420
10 36 885 974
10 37 785 926
10 38 536 393
10 39 565 557
10 40 86 237
10 41 709 569
10 42 531 482
10 43 87 187
10 44 404 373
10 45 928 751
10 46 691 827
10 47 886 879
10 48 809 569
10 49 315 702
11 12 365 267
11 13 628 717
11 14 737 776
11 15 139 370
11 16 56 130
11 17 621 721
11 18 686 754
11 19 140 376
11 20 528 464
11 21 793 816
11 22 884 900
11 23 453 557
11 24 366 387
11 25 303 330
11 26 890 741
11 27 67 30
11 28 626 251
11 29 471 206
11 30 501 424
11 31 2 28
11 32 795 841
11 33 628 274
11 34 400 169
11 35 597 638
11 36 487 659
11 37 388 136
11 38 949 955
11 39 714 647
11 40 590 599
11 41 910 933
11 42 52 285
11 43 630 871
11 44 618 284
11 45 677 499
11 46 132 63
11 47 136 118
11 48 223 140
11 49 306 466
12 13 853 735
12 14 23 5
12 15 81 591
12 16 577 715
12 17 83 52
12 18 133 67
12 19 349 489
12 20 205 210
12 21 213 594
12 22 480 224
12 23 282 177
12 24 567 801
12 25 473 641
12 26 251 115
12 27 442 733
12 28 539 437
12 29 803 807
12 30 66 49
12 31 85 68
12 32 510 621
12 33 24 80
12 34 930 746
12 35 207 256
12 36 192 312
12 37 782 779
12 38 25 136
12 39 226 125
12 40 90 197
12 41 967 970
12 42 898 637
12 43 762 297
12 44 958 932
12 45 744 798
12 46 801 647
12 47 837 459
12 48 698 329
12 49 694 761
13 14 606 318
13 15 276 380
13 16 309 667
13 17 171 237
13 18 115 26
13 19 40 36
13 20 413 225
13 21 60 57
13 22 914 973
13 23 43 42
13 24 133 140
13 25 27 35
13 26 227 146
13 27 303 376
13 28 32 65
13 29 942 817
13 30 269 75
13 31 573 363
13 32 511 841
13 33 131 91
13 34 265 193
13 35 509 534
13 36 155 229
13 37 846 920
13 38 241 164
13 39 189 563
13 40 865 933
13 41 923 953
13 42 891 977
13 43 924 848
13 44 100 532
13 45 803 601
13 46 498 676
13 47 154 250
13 48 528 749
13 49 187 264
14 15 397 72
14 16 140 194
14 17 599 900
14 18 529 739
14 19 944 821
14 20 671 707
14 21 577 894
14 22 461 145
14 23 737 581
14 24 772 923
14 25 932 982
14 26 657 754
14 27 77 331
14 28 187 399
14 29 864 398
14 30 327 301
14 31 209 373
14 32 388 243
14 33 200 155
14 34 123 73
14 35 634 589
14 36 930 842
14 37 636 634
14 38 578 737
14 39 447 416
14 40 399 345
14 41 931 723
14 42 773 716
14 43 298 441
14 44 776 619
14 45 418 263
14 46 199 372
14 47 355 620
14 48 776 516
14 49 133 54
15 16 982 985
15 17 18 134
15 18 552 601
15 19 972 974
15 20 886 711
15 21 316 311
15 22 142 118
15 23 768 793
15 24 420 478
15 25 77 179
15 26 592 687
15 27 184 194
15 28 45 22
15 29 840 195
15 30 828 817
15 31 403 439
15 32 150 339
15 33 609 682
15 34 52 49
15 35 629 578
15 36 319 248
15 37 76 33
15 38 52 336
15 39 786 894
15 40 987 959
15 41 165 137
15 42 33 5
15 43 788 796
15 44 878 290
15 45 66 163
15 46 438 214
15 47 320 727
15 48 969 942
15 49 570 466
16 17 638 565
16 18 254 99
16 19 668 692
16 20 372 419
16 21 831 833
16 22 869 961
16 23 274 563
16 24 185 257
16 25 748 720
16 26 718 481
16 27 889 546
16 28 850 871
16 29 549 248
16 30 127 132
16 31 796 626
16 32 453 491
16 33 986 941
16 34 836 806
16 35 393 811
16 36 500 296
16 37 180 70
16 38 58 252
16 39 625 639
16 40 176 171
16 41 40 131
16 42 873 649
16 43 629 623
16 44 339 184
16 45 398 594
16 46 744 945
16 47 617 786
16 48 889 980
16 49 818 859
17 18 367 796
17 19 195 168
17 20 203 368
17 21 7 1
17 22 262 443
17 23 312 216
17 24 717 525
17 25 103 520
17 26 282 625
17 27 382 316
17 28 873 841
17 29 96 217
17 30 348 313
17 31 496 701
17 32 61 109
17 33 624 623
17 34 978 826
17 35 234 595
17 36 907 896
17 37 861 691
17 38 790 597
17 39 254 472
17 40 450 467
17 41 956 876
17 42 820 830
17 43 853 667
17 44 134 135
17 45 793 873
17 46 581 831
17 47 924 850
17 48 121 236
17 49 79 59
18 19 829 637
18 20 55 33
18 21 370 374
18 22 604 901
18 23 240 181
18 24 367 190
18 25 613 606
18 26 299 230
18 27 923 964
18 28 237 348
18 29 432 604
18 30 674 356
18 31 330 381
18 32 286 54
18 33 818 603
18 34 815 794
18 35 933 646
18 36 369 395
18 37 274 86
18 38 402 272
18 39 382 598
18 40 634 389
18 41 738 687
18 42 967 905
18 43 541 434
18 44 28 203
18 45 714 634
18 46 160 873
18 47 800 956
18 48 451 747
18 49 236 339
19 20 92 144
19 21 151 514
19 22 870 800
19 23 306 318
19 24 820 701
19 25 609 647
19 26 293 254
19 27 258 241
19 28 88 401
19 29 997 906
19 30 430 640
19 31 361 271
19 32 978 959
19 33 729 916
19 34 347 25
19 35 212 106
19 36 617 256
19 37 276 399
19 38 804 958
19 39 705 761
19 40 959 855
19 41 901 954
19 42 426 480
19 43 713 751
19 44 34 23
19 45 425 582
19 46 839 955
19 47 982 940
19 48 861 607
19 49 186 125
20 21 878 817
20 22 83 81
20 23 33 194
20 24 487 152
20 25 98 154
20 26 422 798
20 27 43 82
20 28 424 263
20 29 57 55
20 30 559 676
20 31 138 62
20 32 650 508
20 33 745 668
20 34 319 154
20 35 967 813
20 36 529 832
20 37 887 807
20 38 542 862
20 39 175 132
20 40 624 504
20 41 176 242
20 42 571 683
20 43 645 237
20 44 520 456
20 45 797 803
20 46 825 733
20 47 915 758
20 48 285 423
20 49 913 905
21 22 829 781
21 23 383 692
21 24 289 153
21 25 942 732
21 26 540 327
21 27 472 382
21 28 91 49
21 29 66 87
21 30 247 188
21 31 900 975
21 32 214 219
21 33 907 893
21 34 124 248
21 35 402 409
21 36 663 509
21 37 271 429
21 38 462 197
21 39 957 982
21 40 568 621
21 41 784 713
21 42 166 120
21 43 921 859
21 44 831 500
21 45 145 448
21 46 644 404
21 47 70 353
21 48 522 267
21 49 193 376
22 23 364 586
22 24 718 888
22 25 167 160
22 26 154 619
22 27 117 120
22 28 671 645
22 29 428 416
22 30 272 512
22 31 775 825
22 32 329 45
22 33 162 133
22 34 236 539
22 35 807 610
22 36 298 127
22 37 425 192
22 38 527 820
22 39 787 797
22 40 679 473
22 41 290 142
22 42 704 891
22 43 966 921
22 44 311 205
22 45 908 731
22 46 212 264
22 47 186 121
22 48 336 39
22 49 144 94
23 24 306 255
23 25 784 811
23 26 409 353
23 27 194 506
23 28 716 620
23 29 510 255
23 30 785 800
23 31 494 242
23 32 108 120
23 33 977 998
23 34 408 401
23 35 34 95
23 36 22 86
23 37 545 667
23 38 72 115
23 39 76 107
23 40 7 62
23 41 217 327
23 42 551 231
23 43 634 420
23 44 802 930
23 45 910 807
23 46 538 641
23 47 220 317
23 48 250 257
23 49 61 15
24 25 732 606
24 26 297 440
24 27 319 397
24 28 554 420
24 29 363 826
24 30 974 954
24 31 117 72
24 32 109 41
24 33 490 207
24 34 275 289
24 35 450 593
24 36 811 956
24 37 398 517
24 38 739 699
24 39 614 652
24 40 288 157
24 41 806 864
24 42 447 573
24 43 84 128
24 44 4 24
24 45 27 241
24 46 176 229
24 47 68 72
24 48 7 5
24 49 290 166
25 26 251 699
25 27 750 577
25 28 784 742
25 29 415 18
25 30 673 247
25 31 268 465
25 32 175 70
25 33 578 798
25 34 491 124
25 35 229 143
25 36 392 291
25 37 765 469
25 38 368 385
25 39 696 863
25 40 733 549
25 41 517 689
25 42 559 528
25 43 872 844
25 44 651 394
25 45 881 931
25 46 881 809
25 47 809 965
25 48 381 618
25 49 209 164
26 27 970 988
26 28 277 341
26 29 986 997
26 30 882 952
26 31 877 872
26 32 445 435
26 33 433 734
26 34 345 518
26 35 437 375
26 36 426 117
26 37 587 952
26 38 223 74
26 39 522 721
26 40 300 207
26 41 323 516
26 42 813 906
26 43 844 833
26 44 625 343
26 45 246 458
26 46 572 314
26 47 524 456
26 48 378 239
26 49 501 387
27 28 678 451
27 29 787 710
27 30 692 812
27 31 937 896
27 32 626 543
27 33 516 677
27 34 284 584
27 35 960 948
27 36 164 233
27 37 287 322
27 38 688 290
27 39 786 782
27 40 713 906
27 41 784 841
27 42 608 586
27 43 468 175
27 44 911 966
27 45 768 680
27 46 791 706
27 47 144 126
27 48 1000 1000
27 49 79 537
28 29 940 986
28 30 624 686
28 31 988 940
28 32 390 471
28 33 289 376
28 34 179 333
28 35 689 626
28 36 120 26
28 37 133 26
28 38 703 721
28 39 686 328
28 40 620 568
28 41 114 218
28 42 371 503
28 43 454 742
28 44 822 942
28 45 894 772
28 46 568 402
28 47 13 42
28 48 667 30
28 49 385 164
29 30 216 212
29 31 983 975
29 32 835 829
29 33 392 137
29 34 564 294
29 35 420 396
29 36 889 980
29 37 424 436
29 38 345 517
29 39 814 593
29 40 744 672
29 41 35 84
29 42 226 533
29 43 143 302
29 44 119 182
29 45 452 684
29 46 510 352
29 47 826 870
29 48 365 299
29 49 837 627
30 31 202 339
30 32 779 819
30 33 204 400
30 34 43 123
30 35 544 492
30 36 620 413
30 37 329 31
30 38 307 586
30 39 676 643
30 40 953 884
30 41 184 193
30 42 255 162
30 43 651 776
30 44 934 943
30 45 936 981
30 46 662 671
30 47 25 24
30 48 168 187
30 49 22 22
31 32 156 69
31 33 315 368
31 34 733 481
31 35 553 343
31 36 197 238
31 37 453 277
31 38 906 698
31 39 359 272
31 40 695 840
31 41 675 846
31 42 46 28
31 43 644 699
31 44 554 475
31 45 35 45
31 46 836 813
31 47 542 155
31 48 118 41
31 49 964 857
32 33 221 117
32 34 955 955
32 35 60 32
32 36 44 20
32 37 557 402
32 38 576 900
32 39 185 448
32 40 153 57
32 41 897 882
32 42 90 193
32 43 449 169
32 44 355 540
32 45 929 751
32 46 85 285
32 47 157 124
32 48 326 85
32 49 623 550
33 34 305 517
33 35 185 227
33 36 476 404
33 37 845 643
33 38 335 164
33 39 411 346
33 40 500 549
33 41 181 55
33 42 627 342
33 43 697 406
33 44 984 979
33 45 501 481
33 46 863 823
33 47 157 40
33 48 666 658
33 49 8 11
34 35 778 815
34 36 320 720
34 37 619 363
34 38 349 242
34 39 531 632
34 40 65 61
34 41 769 727
34 42 47 174
34 43 42 25
34 44 546 612
34 45 785 789
34 46 261 651
34 47 891 849
34 48 59 261
34 49 800 914
35 36 737 489
35 37 619 353
35 38 630 389
35 39 221 270
35 40 911 770
35 41 269 362
35 42 821 878
35 43 123 435
35 44 663 613
35 45 137 684
35 46 523 736
35 47 24 79
35 48 602 713
35 49 557 740
36 37 247 745
36 38 507 273
36 39 380 223
36 40 28 237
36 41 710 376
36 42 156 145
36 43 549 679
36 44 147 186
36 45 565 412
36 46 401 279
36 47 274 94
36 48 448 349
36 49 421 695
37 38 590 538
37 39 7 6
37 40 628 589
37 41 372 724
37 42 296 94
37 43 694 692
37 44 360 220
37 45 474 262
37 46 670 764
37 47 75 81
37 48 326 163
37 49 846 905
38 39 214 578
38 40 367 662
38 41 497 450
38 42 691 758
38 43 113 42
38 44 140 352
38 45 350 158
38 46 444 405
38 47 395 380
38 48 328 692
38 49 366 581
39 40 899 900
39 41 287 286
39 42 42 118
39 43 722 654
39 44 918 564
39 45 700 631
39 46 853 776
39 47 366 326
39 48 74 53
39 49 623 892
40 41 881 745
40 42 455 688
40 43 194 71
40 44 412 183
40 45 443 600
40 46 896 666
40 47 481 303
40 48 73 152
40 49 918 959
41 42 924 681
41 43 641 579
41 44 677 758
41 45 831 883
41 46 344 87
41 47 816 673
41 48 639 594
41 49 141 72
42 43 738 724
42 44 255 264
42 45 751 875
42 46 885 858
42 47 42 223
42 48 819 848
42 49 880 973
43 44 674 837
43 45 897 193
43 46 959 981
43 47 561 714
43 48 559 253
43 49 722 795
44 45 598 828
44 46 833 777
44 47 411 418
44 48 497 563
44 49 610 405
45 46 788 650
45 47 985 888
45 48 576 462
45 49 329 603
46 47 17 91
46 48 606 460
46 49 726 664
47 48 33 74
47 49 482 819
48 49 11 18
0
176
1028 2823
1029 2794
1030 2747
1031 2622
1032 2593
1033 2546
1034 2497
1035 2468
1036 2421
1044 2406
1047 2404
1050 2358
1052 2333
1053 2284
1054 2255
1055 2208
1063 2193
1067 2191
1069 2145
1073 2105
1074 2076
1075 2029
1083 2014
1087 2012
1089 1966
1097 1951
1105 1922
1113 1914
1120 1913
1121 1899
1122 1893
1126 1865
1134 1850
1142 1821
1150 1813
1158 1798
1159 1792
1166 1769
1174 1766
1181 1763
1182 1737
1190 1729
1198 1714
1204 1708
1206 1685
1222 1684
1223 1676
1227 1664
1228 1656
1242 1638
1249 1635
1259 1629
1263 1617
1264 1609
1280 1608
1281 1600
1285 1588
1299 1580
1302 1579
1303 1578
1315 1570
1316 1562
1321 1551
1330 1544
1337 1541
1347 1535
1351 1523
1352 1515
1368 1514
1369 1506
1373 1494
1387 1486
1390 1485
1391 1484
1404 1477
1408 1475
1409 1457
1425 1456
1426 1448
1442 1447
1458 1444
1461 1443
1462 1442
1463 1437
1468 1426
1477 1419
1480 1415
1494 1410
1497 1406
1498 1398
1499 1390
1515 1389
1516 1381
1520 1369
1534 1361
1537 1360
1538 1359
1551 1352
1555 1350
1556 1332
1573 1323
1605 1319
1608 1318
1609 1317
1610 1316
1622 1310
1626 1308
1627 1290
1644 1281
1680 1278
1681 1274
1698 1265
1744 1256
1760 1239
1777 1230
1813 1227
1814 1223
1831 1214
1894 1205
1919 1204
1936 1195
1972 1192
1973 1188
1990 1179
2036 1170
2052 1153
2069 1144
2105 1141
2106 1137
2123 1128
2186 1119
2229 1114
2230 1112
2274 1110
2292 1105
2318 1103
2322 1102
2336 1098
2359 1095
2369 1092
2376 1086
2432 1083
2439 1077
2476 1076
2482 1072
2483 1070
2527 1068
2545 1063
2571 1061
2589 1056
2638 1054
2655 1053
2694 1051
2695 1047
2712 1046
2797 1040
2834 1039
2840 1035
2841 1033
2885 1031
2903 1026
2929 1024
2947 1019
2996 1017
3013 1016
3052 1014
3053 1010
3070 1009
3166 1008
3183 1007
3333 1006
3383 1005
3390 999
3503 997
3744 993
3857 991
