50 1225
0 1 769 913
0 2 129 110
0 3 586 542
0 4 759 820
0 5 158 378
0 6 343 772
0 7 646 528
0 8 687 777
0 9 70 147
0 10 690 779
0 11 665 440
0 12 615 704
0 13 431 479
0 14 704 649
0 15 826 912
0 16 298 276
0 17 680 535
0 18 804 836
0 19 221 502
0 20 562 467
0 21 888 934
0 22 825 946
0 23 950 974
0 24 442 363
0 25 169 341
0 26 511 414
0 27 61 53
0 28 479 912
0 29 258 223
0 30 189 237
0 31 990 968
0 32 556 619
0 33 431 386
0 34 833 825
0 35 627 602
0 36 282 116
0 37 193 111
0 38 983 946
0 39 317 511
0 40 832 697
0 41 809 906
0 42 703 857
0 43 995 998
0 44 592 347
0 45 222 300
0 46 774 512
0 47 503 297
0 48 189 546
0 49 441 451
1 2 267 341
1 3 339 370
1 4 218 754
1 5 816 725
1 6 839 795
1 7 904 835
1 8 719 819
1 9 67 37
1 10 360 217
1 11 623 817
1 12 331 766
1 13 926 554
1 14 795 945
1 15 786 702
1 16 811 720
1 17 974 952
1 18 662 787
1 19 843 661
1 20 399 796
1 21 124 215
1 22 28 25
1 23 365 338
1 24 32 46
1 25 519 509
1 26 523 573
1 27 629 659
1 28 110 202
1 29 399 392
1 30 279 179
1 31 890 929
1 32 751 692
1 33 776 780
1 34 42 57
1 35 87 81
1 36 969 768
1 37 545 308
1 38 612 603
1 39 814 487
1 40 206 475
1 41 116 18
1 42 535 768
1 43 829 634
1 44 675 488
1 45 198 334
1 46 130 173
1 47 368 99
1 48 558 616
1 49 603 803
2 3 193 137
2 4 950 701
2 5 815 829
2 6 919 523
2 7 818 743
2 8 50 25
2 9 575 507
2 10 71 43
2 11 789 895
2 12 878 749
2 13 937 854
2 14 20 32
2 15 813 945
2 16 809 858
2 17 297 487
2 18 317 455
2 19 749 655
2 20 250 607
2 21 709 561
2 22 259 277
2 23 699 792
2 24 401 499
2 25 667 758
2 26 775 678
2 27 435 352
2 28 585 545
2 29 19 24
2 30 381 145
2 31 344 513
2 32 173 101
2 33 835 869
2 34 46 120
2 35 653 350
2 36 843 927
2 37 445 580
2 38 226 96
2 39 417 529
2 40 222 649
2 41 724 807
2 42 60 73
2 43 537 465
2 44 173 189
2 45 746 690
2 46 941 977
2 47 228 747
2 48 627 726
2 49 373 796
3 4 34 95
3 5 804 781
3 6 293 750
3 7 402 684
3 8 950 845
3 9 636 829
3 10 261 334
3 11 328 425
3 12 594 514
3 13 222 69
3 14 933 930
3 15 879 838
3 16 507 255
3 17 490 281
3 18 883 719
3 19 693 720
3 20 309 332
3 21 762 743
3 22 618 671
3 23 19 83
3 24 704 707
3 25 521 494
3 26 823 814
3 27 462 136
3 28 798 832
3 29 425 154
3 30 582 897
3 31 769 755
3 32 687 962
3 33 560 543
3 34 262 143
3 35 120 264
3 36 925 859
3 37 556 249
3 38 891 832
3 39 65 171
3 40 134 243
3 41 911 980
3 42 243 173
3 43 104 90
3 44 77 313
3 45 847 785
3 46 438 185
3 47 547 827
3 48 328 569
3 49 98 391
4 5 854 821
4 6 623 609
4 7 312 82
4 8 998 997
4 9 738 567
4 10 869 669
4 11 846 657
4 12 684 482
4 13 581 489
4 14 931 863
4 15 960 962
4 16 173 197
4 17 760 793
4 18 370 183
4 19 933 747
4 20 293 302
4 21 279 205
4 22 822 956
4 23 421 565
4 24 622 764
4 25 378 70
4 26 794 385
4 27 918 987
4 28 561 761
4 29 376 615
4 30 665 913
4 31 112 58
4 32 558 288
4 33 525 397
4 34 31 332
4 35 501 406
4 36 133 624
4 37 614 760
4 38 982 861
4 39 335 522
4 40 894 647
4 41 137 261
4 42 773 866
4 43 266 265
4 44 939 904
4 45 57 220
4 46 890 746
4 47 610 541
4 48 210 234
4 49 943 869
5 6 428 535
5 7 464 389
5 8 711 676
5 9 186 466
5 10 782 806
5 11 13 9
5 12 147 477
5 13 925 909
5 14 463 129
5 15 969 858
5 16 752 874
5 17 661 617
5 18 333 119
5 19 150 44
5 20 13 114
5 21 80 107
5 22 219 267
5 23 769 745
5 24 475 317
5 25 862 753
5 26 380 670
5 27 546 507
5 28 367 132
5 29 877 924
5 30 776 874
5 31 285 143
5 32 21 69
5 33 557 898
5 34 495 630
5 35 162 463
5 36 337 242
5 37 165 67
5 38 280 430
5 39 971 923
5 40 870 781
5 41 440 545
5 42 295 601
5 43 349 403
5 44 148 608
5 45 548 371
5 46 34 89
5 47 50 53
5 48 792 209
5 49 802 522
6 7 169 126
6 8 335 838
6 9 749 486
6 10 878 697
6 11 43 69
6 12 829 311
6 13 581 638
6 14 716 973
6 15 284 538
6 16 303 110
6 17 594 443
6 18 562 342
6 19 792 783
6 20 146 127
6 21 762 376
6 22 176 109
6 23 310 537
6 24 179 344
6 25 544 562
6 26 75 83
6 27 839 840
6 28 615 569
6 29 845 582
6 30 68 61
6 31 54 37
6 32 405 370
6 33 927 875
6 34 908 626
6 35 623 634
6 36 738 650
6 37 776 764
6 38 14 14
6 39 683 466
6 40 676 685
6 41 952 871
6 42 46 206
6 43 937 852
6 44 480 661
6 45 442 166
6 46 480 579
6 47 997 878
6 48 232 468
6 49 81 91
7 8 39 80
7 9 325 503
7 10 141 568
7 11 80 253
7 12 328 425
7 13 113 57
7 14 797 764
7 15 479 750
7 16 717 746
7 17 803 534
7 18 574 269
7 19 149 16
7 20 257 178
7 21 298 317
7 22 995 999
7 23 953 902
7 24 138 122
7 25 197 596
7 26 358 471
7 27 331 492
7 28 721 854
7 29 741 891
7 30 395 543
7 31 211 467
7 32 66 324
7 33 575 861
7 34 147 159
7 35 862 878
7 36 483 397
7 37 896 572
7 38 565 555
7 39 341 565
7 40 342 140
7 41 369 266
7 42 182 756
7 43 928 823
7 44 209 376
7 45 542 556
7 46 347 182
7 47 190 47
7 48 783 928
7 49 639 730
8 9 825 418
8 10 871 941
8 11 579 520
8 12 76 162
8 13 501 166
8 14 668 687
8 15 383 458
8 16 579 214
8 17 83 85
8 18 572 853
8 19 593 465
8 20 10 107
8 21 15 12
8 22 1000 997
8 23 566 519
8 24 940 908
8 25 984 954
8 26 185 490
8 27 242 196
8 28 178 260
8 29 622 882
8 30 315 82
8 31 764 518
8 32 256 309
8 33 381 656
8 34 284 535
8 35 936 878
8 36 478 404
8 37 574 713
8 38 534 620
8 39 938 799
8 40 14 15
8 41 798 780
8 42 965 976
8 43 290 290
8 44 554 700
8 45 26 48
8 46 579 253
8 47 480 861
8 48 599 312
8 49 711 844
9 10 320 262
9 11 765 530
9 12 65 7
9 13 771 921
9 14 134 429
9 15 191 327
9 16 164 238
9 17 389 280
9 18 125 500
9 19 163 228
9 20 900 949
9 21 917 902
9 22 248 402
9 23 131 170
9 24 403 857
9 25 186 111
9 26 480 176
9 27 961 960
9 28 211 254
9 29 290 747
9 30 398 660
9 31 301 454
9 32 580 241
9 33 613 223
9 34 648 652
9 35 731 896
9 36 39 8
9 37 640 481
9 38 710 615
9 39 837 776
9 40 832 430
9 41 164 116
9 42 934 781
9 43 170 299
9 44 178 79
9 45 115 79
9 46 963 996
9 47 410 677
9 48 582 386
9 49 409 233
10 11 238 249
10 12 695 434
10 13 600 494
10 14 153 233
10 15 785 853
10 16 876 850
10 17 944 811
10 18 844 923
10 19 463 452
10 20 737 361
10 21 428 174
10 22 229 328
10 23 296 530
10 24 974 986
10 25 719 838
10 26 681 170
10 27 36 159
10 28 97 67
10 29 619 919
10 30 735 578
10 31 612 943
10 32 562 727
10 33 575 789
10 34 978 691
10 35 590 280
10 36 345 393
10 37 510 271
10 38 654 531
10 39 441 88
10 40 563 317
10 41 186 248
10 42 360 178
10 43 318 244
10 44 945 961
10 45 724 702
10 46 656 873
10 47 850 714
10 48 365 630
10 49 254 245
11 12 60 462
11 13 906 722
11 14 185 430
11 15 572 654
11 16 877 715
11 17 197 189
11 18 664 581
11 19 867 788
11 20 401 825
11 21 427 96
11 22 406 397
11 23 134 23
11 24 223 268
11 25 28 292
11 26 34 79
11 27 30 29
11 28 139 192
11 29 739 829
11 30 496 551
11 31 806 598
11 32 964 853
11 33 651 948
11 34 547 833
11 35 810 695
11 36 188 99
11 37 734 410
11 38 73 293
11 39 339 391
11 40 398 568
11 41 973 842
11 42 811 761
11 43 351 375
11 44 502 758
11 45 809 632
11 46 535 145
11 47 462 453
11 48 249 151
11 49 79 222
12 13 221 422
12 14 192 224
12 15 496 352
12 16 32 350
12 17 208 161
12 18 701 578
12 19 748 941
12 20 732 651
12 21 734 812
12 22 22 22
12 23 322 255
12 24 547 245
12 25 777 866
12 26 203 320
12 27 541 587
12 28 85 436
12 29 88 257
12 30 721 485
12 31 210 224
12 32 386 491
12 33 147 89
12 34 313 408
12 35 147 138
12 36 595 544
12 37 505 613
12 38 895 405
12 39 6 12
12 40 955 957
12 41 952 947
12 42 506 604
12 43 252 311
12 44 267 623
12 45 163 144
12 46 898 904
12 47 68 61
12 48 601 660
12 49 763 817
13 14 731 929
13 15 637 855
13 16 256 206
13 17 58 81
13 18 906 969
13 19 870 892
13 20 971 971
13 21 623 765
13 22 33 16
13 23 653 770
13 24 928 650
13 25 360 466
13 26 513 197
13 27 924 863
13 28 781 889
13 29 508 558
13 30 422 562
13 31 490 483
13 32 616 884
13 33 313 353
13 34 253 29
13 35 168 189
13 36 757 202
13 37 661 541
13 38 953 965
13 39 562 384
13 40 201 95
13 41 196 499
13 42 346 195
13 43 836 939
13 44 766 544
13 45 499 547
13 46 496 771
13 47 674 764
13 48 167 127
13 49 524 253
14 15 46 53
14 16 711 651
14 17 326 204
14 18 235 703
14 19 139 119
14 20 186 179
14 21 465 460
14 22 372 264
14 23 424 562
14 24 168 38
14 25 280 555
14 26 852 965
14 27 197 163
14 28 968 847
14 29 976 957
14 30 1000 1000
14 31 482 390
14 32 441 558
14 33 513 643
14 34 349 656
14 35 363 278
14 36 751 176
14 37 572 479
14 38 515 416
14 39 193 587
14 40 881 848
14 41 807 858
14 42 190 520
14 43 735 533
14 44 146 905
14 45 268 337
14 46 557 321
14 47 451 388
14 48 764 936
14 49 608 410
15 16 730 620
15 17 261 261
15 18 400 225
15 19 767 401
15 20 435 569
15 21 254 290
15 22 190 272
15 23 256 558
15 24 438 337
15 25 149 113
15 26 896 711
15 27 911 960
15 28 537 227
15 29 416 617
15 30 180 486
15 31 562 674
15 32 891 806
15 33 14 33
15 34 924 838
15 35 143 212
15 36 322 576
15 37 419 261
15 38 553 547
15 39 369 44
15 40 328 774
15 41 603 391
15 42 890 935
15 43 475 624
15 44 727 816
15 45 789 922
15 46 517 293
15 47 308 158
15 48 815 502
15 49 51 76
16 17 988 974
16 18 756 301
16 19 123 26
16 20 76 39
16 21 377 621
16 22 629 892
16 23 581 363
16 24 198 560
16 25 283 45
16 26 336 271
16 27 80 112
16 28 544 376
16 29 125 31
16 30 887 961
16 31 365 178
16 32 158 182
16 33 740 883
16 34 727 884
16 35 296 570
16 36 772 663
16 37 784 931
16 38 502 459
16 39 577 613
16 40 498 493
16 41 966 689
16 42 920 703
16 43 413 655
16 44 100 37
16 45 738 856
16 46 970 866
16 47 259 512
16 48 4 16
16 49 699 603
17 18 286 366
17 19 657 584
17 20 506 511
17 21 786 754
17 22 456 496
17 23 404 864
17 24 620 862
17 25 412 597
17 26 322 602
17 27 507 473
17 28 841 909
17 29 231 522
17 30 368 212
17 31 375 552
17 32 988 998
17 33 819 756
17 34 685 987
17 35 835 871
17 36 858 792
17 37 603 829
17 38 485 896
17 39 980 803
17 40 850 698
17 41 666 585
17 42 392 291
17 43 946 928
17 44 558 562
17 45 262 194
17 46 913 783
17 47 922 910
17 48 759 811
17 49 982 909
18 19 991 975
18 20 763 654
18 21 887 749
18 22 968 579
18 23 849 882
18 24 505 302
18 25 43 79
18 26 964 458
18 27 664 676
18 28 940 970
18 29 523 167
18 30 156 432
18 31 694 369
18 32 267 176
18 33 796 588
18 34 455 344
18 35 52 214
18 36 723 976
18 37 542 647
18 38 652 672
18 39 75 97
18 40 394 204
18 41 101 140
18 42 5 9
18 43 487 485
18 44 397 406
18 45 128 508
18 46 690 538
18 47 423 182
18 48 555 527
18 49 189 54
19 20 544 412
19 21 792 984
19 22 966 840
19 23 14 74
19 24 783 962
19 25 82 133
19 26 821 665
19 27 137 144
19 28 775 815
19 29 847 611
19 30 767 597
19 31 282 262
19 32 275 112
19 33 487 923
19 34 758 440
19 35 544 333
19 36 51 65
19 37 594 421
19 38 106 290
19 39 378 143
19 40 805 915
19 41 271 571
19 42 716 591
19 43 315 88
19 44 629 254
19 45 788 660
19 46 9 3
19 47 988 935
19 48 488 713
19 49 139 237
20 21 73 86
20 22 521 644
20 23 102 177
20 24 58 47
20 25 115 60
20 26 710 872
20 27 852 673
20 28 462 512
20 29 499 653
20 30 608 306
20 31 722 802
20 32 787 841
20 33 967 918
20 34 268 111
20 35 446 496
20 36 644 186
20 37 802 374
20 38 547 487
20 39 447 316
20 40 236 23
20 41 479 391
20 42 289 780
20 43 153 254
20 44 601 483
20 45 754 894
20 46 48 11
20 47 479 359
20 48 32 20
20 49 687 738
21 22 493 454
21 23 204 198
21 24 814 732
21 25 36 18
21 26 152 165
21 27 499 596
21 28 527 202
21 29 683 742
21 30 657 737
21 31 501 315
21 32 530 726
21 33 920 862
21 34 242 70
21 35 945 888
21 36 358 111
21 37 688 480
21 38 912 946
21 39 797 452
21 40 305 942
21 41 410 463
21 42 567 541
21 43 337 335
21 44 310 242
21 45 442 546
21 46 226 108
21 47 903 803
21 48 498 760
21 49 391 398
22 23 721 797
22 24 404 270
22 25 942 963
22 26 774 325
22 27 326 126
22 28 148 55
22 29 280 367
22 30 355 517
22 31 704 215
22 32 695 545
22 33 176 127
22 34 720 701
22 35 303 401
22 36 959 816
22 37 73 367
22 38 402 267
22 39 673 698
22 40 53 50
22 41 300 179
22 42 586 632
22 43 825 942
22 44 470 391
22 45 698 695
22 46 283 143
22 47 264 166
22 48 228 279
22 49 295 380
23 24 921 955
23 25 732 391
23 26 76 81
23 27 20 32
23 28 300 119
23 29 165 392
23 30 264 220
23 31 345 459
23 32 222 182
23 33 977 843
23 34 25 46
23 35 979 939
23 36 843 950
23 37 896 782
23 38 442 343
23 39 249 774
23 40 770 730
23 41 812 757
23 42 553 620
23 43 316 201
23 44 476 98
23 45 614 913
23 46 348 322
23 47 807 891
23 48 417 433
23 49 196 321
24 25 797 920
24 26 821 644
24 27 720 464
24 28 692 296
24 29 56 62
24 30 467 328
24 31 310 88
24 32 577 388
24 33 133 355
24 34 965 814
24 35 691 911
24 36 797 645
24 37 604 507
24 38 236 84
24 39 789 907
24 40 545 822
24 41 720 817
24 42 176 135
24 43 535 390
24 44 917 883
24 45 657 566
24 46 444 518
24 47 760 884
24 48 810 251
24 49 985 976
25 26 860 661
25 27 444 355
25 28 236 141
25 29 543 874
25 30 8 11
25 31 686 761
25 32 308 222
25 33 249 146
25 34 539 528
25 35 436 318
25 36 641 557
25 37 971 988
25 38 453 266
25 39 915 755
25 40 383 735
25 41 744 903
25 42 321 543
25 43 229 218
25 44 278 80
25 45 182 62
25 46 473 708
25 47 300 577
25 48 790 448
25 49 347 679
26 27 509 446
26 28 645 535
26 29 72 63
26 30 450 249
26 31 706 825
26 32 952 862
26 33 479 777
26 34 178 423
26 35 942 926
26 36 647 313
26 37 913 958
26 38 635 776
26 39 334 560
26 40 299 308
26 41 516 854
26 42 252 410
26 43 575 202
26 44 796 837
26 45 631 248
26 46 602 805
26 47 273 712
26 48 788 869
26 49 661 742
27 28 705 687
27 29 563 816
27 30 426 671
27 31 921 786
27 32 101 74
27 33 955 618
27 34 912 993
27 35 743 911
27 36 153 193
27 37 315 586
27 38 539 341
27 39 412 549
27 40 155 493
27 41 590 566
27 42 702 474
27 43 232 376
27 44 526 801
27 45 398 316
27 46 448 542
27 47 222 240
27 48 243 529
27 49 23 51
28 29 426 145
28 30 32 58
28 31 789 543
28 32 719 486
28 33 594 835
28 34 680 726
28 35 804 651
28 36 786 678
28 37 348 777
28 38 819 813
28 39 183 303
28 40 804 735
28 41 200 398
28 42 77 127
28 43 492 334
28 44 934 940
28 45 745 769
28 46 382 371
28 47 291 389
28 48 22 11
28 49 41 22
29 30 390 723
29 31 126 164
29 32 192 347
29 33 179 313
29 34 496 166
29 35 712 967
29 36 349 486
29 37 623 399
29 38 813 682
29 39 405 625
29 40 121 357
29 41 275 352
29 42 886 303
29 43 156 372
29 44 452 396
29 45 237 454
29 46 30 38
29 47 207 151
29 48 191 66
29 49 626 217
30 31 143 241
30 32 534 534
30 33 127 27
30 34 163 271
30 35 244 29
30 36 648 485
30 37 136 432
30 38 494 593
30 39 619 872
30 40 663 499
30 41 65 243
30 42 382 358
30 43 280 459
30 44 402 867
30 45 698 556
30 46 103 257
30 47 825 781
30 48 114 210
30 49 743 615
31 32 347 550
31 33 962 766
31 34 538 607
31 35 281 740
31 36 214 139
31 37 874 643
31 38 370 288
31 39 711 666
31 40 146 235
31 41 921 843
31 42 864 524
31 43 364 507
31 44 499 225
31 45 415 380
31 46 783 578
31 47 881 814
31 48 217 34
31 49 242 342
32 33 513 472
32 34 77 4
32 35 224 222
32 36 64 22
32 37 116 175
32 38 729 618
32 39 617 406
32 40 933 871
32 41 589 291
32 42 283 287
32 43 889 936
32 44 733 401
32 45 303 407
32 46 979 995
32 47 745 986
32 48 913 720
32 49 553 493
33 34 222 176
33 35 966 967
33 36 48 12
33 37 153 538
33 38 570 414
33 39 359 464
33 40 624 962
33 41 294 709
33 42 483 210
33 43 762 610
33 44 451 368
33 45 100 224
33 46 398 454
33 47 791 724
33 48 990 989
33 49 650 889
34 35 598 627
34 36 151 370
34 37 242 571
34 38 797 893
34 39 732 674
34 40 16 67
34 41 623 605
34 42 730 548
34 43 211 344
34 44 963 936
34 45 150 260
34 46 950 995
34 47 293 106
34 48 52 152
34 49 886 887
35 36 857 903
35 37 493 792
35 38 623 629
35 39 117 246
35 40 680 670
35 41 581 483
35 42 463 628
35 43 345 527
35 44 938 785
35 45 565 522
35 46 282 331
35 47 189 392
35 48 645 512
35 49 280 485
36 37 349 279
36 38 357 579
36 39 510 576
36 40 731 761
36 41 438 338
36 42 162 6
36 43 136 250
36 44 570 695
36 45 132 352
36 46 720 706
36 47 896 922
36 48 419 603
36 49 934 958
37 38 62 302
37 39 272 171
37 40 870 469
37 41 411 658
37 42 839 899
37 43 377 563
37 44 299 666
37 45 185 242
37 46 347 438
37 47 636 748
37 48 890 693
37 49 351 494
38 39 440 484
38 40 514 923
38 41 585 90
38 42 630 707
38 43 990 966
38 44 919 888
38 45 80 124
38 46 761 728
38 47 569 650
38 48 265 294
38 49 572 617
39 40 736 856
39 41 508 675
39 42 236 231
39 43 558 742
39 44 929 882
39 45 862 867
39 46 387 340
39 47 37 75
39 48 204 529
39 49 991 998
40 41 101 375
40 42 141 136
40 43 214 272
40 44 336 184
40 45 151 560
40 46 843 681
40 47 713 493
40 48 65 229
40 49 587 348
41 42 100 439
41 43 518 237
41 44 913 479
41 45 712 752
41 46 674 578
41 47 391 542
41 48 763 688
41 49 85 361
42 43 467 291
42 44 169 199
42 45 215 295
42 46 390 311
42 47 754 523
42 48 145 407
42 49 105 51
43 44 150 185
43 45 287 367
43 46 416 319
43 47 272 82
43 48 925 895
43 49 57 245
44 45 570 423
44 46 614 822
44 47 749 627
44 48 934 630
44 49 325 269
45 46 953 531
45 47 68 261
45 48 370 469
45 49 231 491
46 47 188 153
46 48 71 56
46 49 122 85
47 48 150 312
47 49 924 909
48 49 184 265
0
232
1469 4135
1472 3898
1476 3664
1480 3624
1482 3605
1486 3371
1490 3331
1495 3314
1503 3286
1507 3246
1509 3095
1513 3055
1518 3038
1526 3010
1530 2970
1538 2966
1541 2963
1543 2948
1546 2946
1548 2922
1552 2921
1553 2905
1560 2870
1564 2830
1569 2813
1577 2785
1581 2745
1589 2741
1592 2738
1594 2723
1597 2721
1599 2697
1603 2696
1604 2680
1611 2675
1612 2652
1616 2612
1624 2608
1627 2605
1628 2590
1632 2588
1634 2581
1635 2566
1638 2563
1639 2562
1646 2542
1647 2527
1651 2496
1659 2492
1662 2489
1663 2457
1670 2450
1673 2447
1674 2446
1676 2435
1679 2433
1681 2426
1682 2411
1685 2408
1686 2407
1689 2400
1694 2372
1698 2341
1706 2337
1709 2334
1711 2319
1714 2317
1716 2310
1717 2295
1720 2292
1721 2291
1728 2288
1729 2256
1736 2245
1742 2234
1747 2225
1748 2210
1752 2206
1755 2199
1759 2195
1761 2188
1765 2184
1768 2177
1770 2175
1771 2168
1774 2165
1775 2164
1781 2162
1782 2147
1783 2129
1790 2118
1796 2107
1801 2098
1802 2083
1806 2079
1809 2072
1813 2068
1815 2061
1819 2057
1822 2050
1824 2048
1826 2046
1827 2043
1831 2037
1832 2021
1836 2020
1839 2010
1845 1999
1849 1998
1850 1990
1851 1975
1855 1971
1858 1964
1862 1960
1864 1953
1868 1949
1871 1942
1873 1940
1875 1938
1876 1935
1880 1929
1884 1927
1885 1912
1889 1908
1893 1907
1896 1905
1898 1890
1902 1886
1907 1877
1919 1870
1920 1855
1932 1848
1936 1844
1940 1842
1941 1835
1945 1834
1947 1829
1954 1813
1963 1812
1971 1807
1975 1801
1976 1790
1988 1783
1992 1779
1996 1777
1997 1770
2001 1769
2003 1764
2010 1748
2027 1742
2035 1740
2048 1732
2065 1726
2072 1720
2088 1711
2105 1705
2110 1704
2113 1700
2116 1697
2120 1684
2129 1675
2154 1667
2167 1659
2182 1656
2192 1651
2198 1647
2207 1638
2226 1633
2230 1632
2232 1627
2239 1611
2264 1603
2277 1595
2302 1587
2317 1574
2342 1566
2355 1558
2380 1550
2410 1549
2415 1546
2434 1543
2446 1542
2457 1539
2459 1534
2474 1522
2499 1514
2512 1506
2537 1498
2567 1497
2572 1494
2603 1490
2614 1487
2616 1482
2639 1479
2641 1474
2686 1471
2716 1470
2721 1467
2752 1463
2783 1460
2788 1452
2790 1447
2883 1445
2885 1440
2904 1438
2989 1434
2993 1433
2996 1432
2999 1431
3040 1430
3088 1426
3107 1424
3110 1423
3192 1420
3199 1418
3202 1417
3243 1416
3246 1415
3303 1412
3313 1409
3411 1408
3414 1407
3439 1404
3449 1401
3574 1399
3579 1398
3589 1395
3617 1393
3742 1391
3747 1390
3757 1387
3882 1385
