50 1225
0 1 963 996
0 2 592 438
0 3 967 960
0 4 476 499
0 5 140 44
0 6 84 227
0 7 912 945
0 8 729 815
0 9 721 519
0 10 632 787
0 11 254 308
0 12 717 512
0 13 791 730
0 14 75 99
0 15 159 136
0 16 812 803
0 17 925 928
0 18 705 624
0 19 485 323
0 20 71 84
0 21 19 89
0 22 909 741
0 23 191 99
0 24 130 187
0 25 674 638
0 26 621 179
0 27 82 41
0 28 20 26
0 29 972 975
0 30 539 527
0 31 156 179
0 32 279 89
0 33 118 84
0 34 941 937
0 35 828 826
0 36 868 734
0 37 266 250
0 38 977 829
0 39 985 944
0 40 922 881
0 41 379 491
0 42 45 196
0 43 292 634
0 44 93 38
0 45 739 711
0 46 39 64
0 47 641 395
0 48 813 901
0 49 996 984
1 2 408 674
1 3 569 916
1 4 654 636
1 5 945 873
1 6 661 377
1 7 245 257
1 8 986 998
1 9 744 822
1 10 422 261
1 11 46 15
1 12 901 717
1 13 311 454
1 14 474 282
1 15 496 623
1 16 108 231
1 17 185 277
1 18 17 16
1 19 721 768
1 20 644 915
1 21 781 528
1 22 90 213
1 23 371 128
1 24 701 835
1 25 429 553
1 26 818 928
1 27 48 111
1 28 220 97
1 29 156 161
1 30 362 105
1 31 911 890
1 32 471 292
1 33 656 695
1 34 404 577
1 35 772 947
1 36 536 687
1 37 994 920
1 38 906 907
1 39 714 707
1 40 770 595
1 41 43 131
1 42 501 619
1 43 850 827
1 44 382 133
1 45 803 884
1 46 544 619
1 47 738 665
1 48 448 691
1 49 816 896
2 3 534 356
2 4 119 239
2 5 616 747
2 6 182 301
2 7 902 924
2 8 520 755
2 9 240 198
2 10 776 631
2 11 633 214
2 12 582 763
2 13 762 975
2 14 347 169
2 15 997 904
2 16 199 463
2 17 893 740
2 18 30 47
2 19 591 533
2 20 814 947
2 21 569 688
2 22 203 332
2 23 1000 984
2 24 133 289
2 25 864 847
2 26 279 469
2 27 999 1000
2 28 537 602
2 29 170 98
2 30 67 111
2 31 260 848
2 32 650 409
2 33 84 112
2 34 598 567
2 35 198 86
2 36 969 854
2 37 701 569
2 38 429 167
2 39 546 830
2 40 97 73
2 41 811 959
2 42 690 738
2 43 745 712
2 44 16 16
2 45 342 172
2 46 252 452
2 47 570 540
2 48 132 474
2 49 651 390
3 4 544 689
3 5 747 450
3 6 739 221
3 7 852 533
3 8 332 639
3 9 85 182
3 10 654 782
3 11 985 843
3 12 904 958
3 13 335 391
3 14 942 944
3 15 291 796
3 16 116 389
3 17 494 866
3 18 145 350
3 19 647 803
3 20 834 766
3 21 248 453
3 22 163 672
3 23 230 414
3 24 566 570
3 25 279 254
3 26 840 927
3 27 389 619
3 28 315 696
3 29 90 184
3 30 503 256
3 31 83 140
3 32 888 784
3 33 577 448
3 34 910 932
3 35 277 585
3 36 603 485
3 37 75 122
3 38 978 994
3 39 292 263
3 40 205 249
3 41 738 936
3 42 11 50
3 43 902 844
3 44 9 28
3 45 40 84
3 46 376 660
3 47 595 710
3 48 829 918
3 49 301 529
4 5 332 139
4 6 981 962
4 7 181 258
4 8 611 444
4 9 427 646
4 10 861 852
4 11 221 481
4 12 726 740
4 13 43 12
4 14 524 399
4 15 561 450
4 16 679 581
4 17 584 912
4 18 268 229
4 19 194 448
4 20 664 466
4 21 680 952
4 22 559 310
4 23 440 552
4 24 299 493
4 25 419 528
4 26 905 842
4 27 9 4
4 28 760 584
4 29 192 51
4 30 424 184
4 31 14 18
4 32 30 294
4 33 200 180
4 34 654 741
4 35 430 707
4 36 310 264
4 37 36 43
4 38 981 926
4 39 464 784
4 40 617 70
4 41 250 85
4 42 942 484
4 43 49 15
4 44 471 303
4 45 98 155
4 46 237 535
4 47 629 593
4 48 247 355
4 49 395 299
5 6 585 896
5 7 621 876
5 8 10 9
5 9 126 17
5 10 660 500
5 11 753 491
5 12 195 71
5 13 783 767
5 14 623 511
5 15 190 262
5 16 298 629
5 17 465 428
5 18 365 111
5 19 476 328
5 20 727 856
5 21 748 306
5 22 836 736
5 23 244 231
5 24 670 469
5 25 53 34
5 26 469 751
5 27 248 4
5 28 288 315
5 29 438 503
5 30 884 345
5 31 332 306
5 32 775 528
5 33 470 389
5 34 394 186
5 35 212 235
5 36 64 18
5 37 436 280
5 38 79 22
5 39 647 455
5 40 86 198
5 41 292 175
5 42 5 5
5 43 607 432
5 44 666 497
5 45 327 684
5 46 692 740
5 47 773 940
5 48 317 454
5 49 375 270
6 7 356 54
6 8 5 2
6 9 911 830
6 10 310 278
6 11 550 357
6 12 713 625
6 13 848 564
6 14 271 394
6 15 153 449
6 16 182 525
6 17 460 139
6 18 826 635
6 19 237 361
6 20 80 163
6 21 429 297
6 22 343 530
6 23 761 790
6 24 293 207
6 25 827 690
6 26 511 317
6 27 730 726
6 28 810 759
6 29 22 97
6 30 663 612
6 31 46 5
6 32 750 878
6 33 81 227
6 34 551 600
6 35 910 718
6 36 71 218
6 37 686 776
6 38 317 748
6 39 32 97
6 40 886 835
6 41 998 975
6 42 987 967
6 43 978 781
6 44 336 397
6 45 146 128
6 46 631 900
6 47 66 412
6 48 165 101
6 49 972 858
7 8 693 793
7 9 597 404
7 10 656 625
7 11 427 654
7 12 719 988
7 13 369 137
7 14 78 93
7 15 72 259
7 16 636 366
7 17 601 450
7 18 537 498
7 19 607 340
7 20 847 857
7 21 786 471
7 22 961 957
7 23 379 520
7 24 380 482
7 25 131 251
7 26 7 32
7 27 968 991
7 28 10 83
7 29 92 219
7 30 107 16
7 31 826 853
7 32 56 47
7 33 520 748
7 34 482 798
7 35 58 164
7 36 79 125
7 37 805 758
7 38 139 77
7 39 549 281
7 40 216 364
7 41 719 627
7 42 190 100
7 43 367 739
7 44 469 667
7 45 292 488
7 46 468 598
7 47 584 678
7 48 38 9
7 49 942 851
8 9 493 154
8 10 592 924
8 11 358 295
8 12 126 162
8 13 550 470
8 14 128 57
8 15 802 807
8 16 297 314
8 17 765 589
8 18 647 795
8 19 940 783
8 20 175 43
8 21 226 469
8 22 665 511
8 23 894 888
8 24 736 629
8 25 350 632
8 26 571 493
8 27 241 501
8 28 654 551
8 29 806 804
8 30 907 997
8 31 520 369
8 32 113 25
8 33 76 188
8 34 255 240
8 35 82 28
8 36 226 190
8 37 904 784
8 38 376 798
8 39 644 643
8 40 684 501
8 41 683 811
8 42 838 733
8 43 113 51
8 44 86 40
8 45 823 331
8 46 522 229
8 47 235 67
8 48 331 554
8 49 970 859
9 10 415 352
9 11 86 558
9 12 686 711
9 13 71 134
9 14 850 574
9 15 578 466
9 16 98 96
9 17 182 192
9 18 759 759
9 19 182 368
9 20 609 603
9 21 807 795
9 22 116 69
9 23 653 433
9 24 501 579
9 25 37 45
9 26 910 724
9 27 476 812
9 28 230 227
9 29 827 833
9 30 177 83
9 31 769 571
9 32 303 753
9 33 678 901
9 34 722 368
9 35 109 246
9 36 617 107
9 37 327 126
9 38 263 332
9 39 731 401
9 40 881 960
9 41 100 192
9 42 33 142
9 43 79 405
9 44 593 517
9 45 537 784
9 46 303 767
9 47 522 351
9 48 951 795
9 49 98 294
10 11 504 505
10 12 992 917
10 13 969 975
10 14 708 853
10 15 328 354
10 16 939 809
10 17 621 897
10 18 942 883
10 19 456 313
10 20 528 718
10 21 995 983
10 22 547 817
10 23 213 259
10 24 614 491
10 25 536 332
10 26 167 117
10 27 287 294
10 28 683 490
10 29 597 570
10 30 423 436
10 31 390 456
10 32 577 541
10 33 70 15
10 34 941 931
10 35 594 379
10 36 612 805
10 37 292 501
10 38 324 277
10 39 797 780
10 40 550 778
10 41 694 486
10 42 220 142
10 43 146 149
10 44 733 841
10 45 340 324
10 46 53 118
10 47 240 85
10 48 529 685
10 49 788 694
11 12 495 710
11 13 517 106
11 14 636 757
11 15 753 539
11 16 965 890
11 17 244 439
11 18 705 713
11 19 409 708
11 20 35 62
11 21 979 919
11 22 48 228
11 23 93 61
11 24 69 137
11 25 661 543
11 26 554 505
11 27 216 310
11 28 853 855
11 29 816 923
11 30 502 634
11 31 798 565
11 32 157 102
11 33 647 604
11 34 147 332
11 35 303 283
11 36 493 335
11 37 793 851
11 38 606 397
11 39 794 921
11 40 692 330
11 41 731 649
11 42 298 249
11 43 783 890
11 44 655 178
11 45 866 564
11 46 802 947
11 47 656 588
11 48 341 398
11 49 369 579
12 13 410 232
12 14 662 617
12 15 396 566
12 16 532 633
12 17 567 590
12 18 781 818
12 19 953 756
12 20 301 594
12 21 742 246
12 22 36 35
12 23 630 735
12 24 8 36
12 25 796 897
12 26 964 944
12 27 944 936
12 28 898 745
12 29 494 183
12 30 851 545
12 31 722 868
12 32 915 881
12 33 972 971
12 34 300 526
12 35 473 513
12 36 485 750
12 37 6 6
12 38 689 936
12 39 999 998
12 40 759 263
12 41 972 759
12 42 306 233
12 43 119 323
12 44 785 988
12 45 326 72
12 46 164 120
12 47 208 127
12 48 118 230
12 49 954 810
13 14 418 293
13 15 764 569
13 16 276 49
13 17 419 175
13 18 329 271
13 19 498 348
13 20 30 88
13 21 948 608
13 22 468 630
13 23 332 164
13 24 122 236
13 25 759 567
13 26 865 725
13 27 305 188
13 28 902 347
13 29 184 184
13 30 5 9
13 31 15 98
13 32 721 844
13 33 925 469
13 34 502 515
13 35 168 343
13 36 517 267
13 37 300 250
13 38 715 419
13 39 374 331
13 40 650 542
13 41 676 576
13 42 170 394
13 43 942 788
13 44 307 471
13 45 460 524
13 46 934 890
13 47 305 87
13 48 22 15
13 49 840 870
14 15 157 566
14 16 555 147
14 17 340 290
14 18 866 841
14 19 910 971
14 20 958 912
14 21 334 514
14 22 870 573
14 23 854 953
14 24 418 75
14 25 712 527
14 26 52 19
14 27 225 308
14 28 556 333
14 29 770 625
14 30 12 25
14 31 840 765
14 32 800 661
14 33 943 651
14 34 116 36
14 35 84 54
14 36 563 522
14 37 181 227
14 38 81 187
14 39 939 936
14 40 948 995
14 41 883 534
14 42 475 367
14 43 969 960
14 44 659 641
14 45 898 957
14 46 767 636
14 47 607 558
14 48 711 930
14 49 899 866
15 16 898 585
15 17 714 829
15 18 155 154
15 19 437 639
15 20 410 288
15 21 802 837
15 22 79 235
15 23 224 32
15 24 82 228
15 25 621 311
15 26 501 410
15 27 758 739
15 28 117 280
15 29 698 680
15 30 751 615
15 31 514 407
15 32 563 520
15 33 174 192
15 34 934 935
15 35 685 846
15 36 965 959
15 37 621 607
15 38 535 279
15 39 33 86
15 40 730 584
15 41 215 43
15 42 445 541
15 43 150 504
15 44 473 147
15 45 460 284
15 46 985 900
15 47 476 224
15 48 342 175
15 49 35 15
16 17 842 769
16 18 504 400
16 19 810 937
16 20 501 186
16 21 622 500
16 22 621 654
16 23 582 363
16 24 613 558
16 25 67 31
16 26 609 735
16 27 809 960
16 28 398 549
16 29 35 47
16 30 851 976
16 31 367 339
16 32 762 883
16 33 435 228
16 34 550 429
16 35 482 431
16 36 373 262
16 37 963 729
16 38 229 356
16 39 880 878
16 40 781 832
16 41 976 946
16 42 489 933
16 43 291 236
16 44 933 615
16 45 725 653
16 46 542 798
16 47 369 514
16 48 1000 1000
16 49 946 859
17 18 635 355
17 19 338 78
17 20 977 822
17 21 267 108
17 22 58 100
17 23 721 493
17 24 17 37
17 25 615 341
17 26 233 667
17 27 85 53
17 28 600 484
17 29 871 584
17 30 113 67
17 31 947 961
17 32 937 930
17 33 750 829
17 34 694 796
17 35 574 660
17 36 836 834
17 37 215 408
17 38 233 191
17 39 432 248
17 40 468 279
17 41 344 40
17 42 551 350
17 43 76 57
17 44 44 187
17 45 964 993
17 46 364 321
17 47 804 544
17 48 787 531
17 49 780 726
18 19 649 360
18 20 308 700
18 21 415 255
18 22 709 761
18 23 83 22
18 24 223 393
18 25 550 449
18 26 226 470
18 27 947 950
18 28 91 286
18 29 6 176
18 30 972 952
18 31 723 503
18 32 786 663
18 33 794 773
18 34 923 969
18 35 41 26
18 36 962 671
18 37 453 637
18 38 568 661
18 39 326 314
18 40 189 347
18 41 451 303
18 42 162 125
18 43 602 605
18 44 876 638
18 45 331 172
18 46 435 654
18 47 341 248
18 48 180 78
18 49 679 813
19 20 688 841
19 21 623 737
19 22 583 461
19 23 351 525
19 24 136 454
19 25 912 788
19 26 95 342
19 27 823 617
19 28 81 360
19 29 864 651
19 30 9 13
19 31 729 763
19 32 377 305
19 33 674 661
19 34 382 705
19 35 930 881
19 36 544 275
19 37 386 248
19 38 700 534
19 39 704 481
19 40 236 117
19 41 690 797
19 42 194 243
19 43 673 743
19 44 822 524
19 45 249 187
19 46 430 471
19 47 479 384
19 48 554 297
19 49 93 66
20 21 898 675
20 22 622 829
20 23 183 166
20 24 724 646
20 25 783 400
20 26 498 770
20 27 332 757
20 28 733 621
20 29 715 604
20 30 9 356
20 31 457 432
20 32 668 756
20 33 823 972
20 34 880 829
20 35 335 445
20 36 450 477
20 37 110 55
20 38 794 635
20 39 187 271
20 40 684 376
20 41 813 759
20 42 135 150
20 43 485 310
20 44 381 548
20 45 409 756
20 46 32 159
20 47 947 687
20 48 764 547
20 49 206 17
21 22 32 56
21 23 610 687
21 24 312 372
21 25 180 833
21 26 828 683
21 27 409 776
21 28 602 360
21 29 840 945
21 30 163 34
21 31 922 831
21 32 883 401
21 33 667 752
21 34 939 556
21 35 955 896
21 36 553 505
21 37 902 871
21 38 145 208
21 39 488 658
21 40 246 247
21 41 19 162
21 42 212 404
21 43 264 173
21 44 589 477
21 45 595 776
21 46 763 849
21 47 806 621
21 48 126 203
21 49 669 410
22 23 677 730
22 24 414 417
22 25 337 510
22 26 866 531
22 27 907 720
22 28 388 219
22 29 721 935
22 30 264 28
22 31 156 133
22 32 864 878
22 33 48 88
22 34 755 908
22 35 779 508
22 36 691 279
22 37 382 596
22 38 491 493
22 39 324 552
22 40 570 781
22 41 260 29
22 42 959 940
22 43 376 795
22 44 635 631
22 45 328 115
22 46 411 556
22 47 655 745
22 48 227 111
22 49 353 345
23 24 489 519
23 25 795 479
23 26 817 704
23 27 526 718
23 28 721 767
23 29 953 872
23 30 652 576
23 31 659 432
23 32 622 722
23 33 528 525
23 34 343 607
23 35 610 453
23 36 626 668
23 37 741 807
23 38 185 187
23 39 541 777
23 40 600 450
23 41 845 969
23 42 863 503
23 43 554 646
23 44 226 189
23 45 956 855
23 46 789 698
23 47 765 549
23 48 186 103
23 49 564 675
24 25 981 856
24 26 689 713
24 27 37 33
24 28 977 910
24 29 240 380
24 30 344 584
24 31 781 903
24 32 494 681
24 33 805 435
24 34 601 804
24 35 893 920
24 36 175 562
24 37 419 601
24 38 828 749
24 39 546 624
24 40 283 77
24 41 277 234
24 42 831 905
24 43 927 974
24 44 332 202
24 45 988 993
24 46 415 287
24 47 900 748
24 48 860 643
24 49 22 7
25 26 11 67
25 27 661 498
25 28 771 474
25 29 962 964
25 30 498 765
25 31 712 910
25 32 299 144
25 33 133 284
25 34 68 32
25 35 365 235
25 36 375 184
25 37 68 312
25 38 524 226
25 39 329 424
25 40 184 232
25 41 615 550
25 42 716 531
25 43 494 388
25 44 954 697
25 45 804 737
25 46 216 236
25 47 286 182
25 48 475 710
25 49 645 827
26 27 578 832
26 28 550 705
26 29 372 405
26 30 856 591
26 31 244 170
26 32 54 145
26 33 873 666
26 34 304 533
26 35 37 40
26 36 375 576
26 37 699 603
26 38 545 265
26 39 717 504
26 40 530 690
26 41 18 142
26 42 587 607
26 43 878 917
26 44 322 178
26 45 419 110
26 46 995 997
26 47 595 759
26 48 202 191
26 49 611 226
27 28 221 447
27 29 580 569
27 30 481 429
27 31 544 514
27 32 732 390
27 33 287 155
27 34 175 404
27 35 757 261
27 36 724 866
27 37 974 939
27 38 594 763
27 39 577 705
27 40 595 775
27 41 132 65
27 42 806 788
27 43 603 688
27 44 322 402
27 45 908 992
27 46 536 788
27 47 827 809
27 48 428 312
27 49 324 84
28 29 973 879
28 30 197 88
28 31 945 971
28 32 922 829
28 33 739 805
28 34 783 906
28 35 672 752
28 36 815 858
28 37 717 712
28 38 619 343
28 39 712 795
28 40 416 405
28 41 858 902
28 42 967 991
28 43 97 336
28 44 837 751
28 45 337 288
28 46 602 757
28 47 708 732
28 48 948 927
28 49 258 151
29 30 432 302
29 31 873 644
29 32 349 439
29 33 499 826
29 34 604 834
29 35 67 79
29 36 524 129
29 37 512 649
29 38 225 246
29 39 230 218
29 40 309 393
29 41 57 3
29 42 969 818
29 43 729 487
29 44 461 232
29 45 837 902
29 46 376 254
29 47 241 516
29 48 290 391
29 49 815 719
30 31 995 995
30 32 51 437
30 33 311 578
30 34 830 801
30 35 898 994
30 36 284 568
30 37 493 545
30 38 210 260
30 39 925 888
30 40 804 864
30 41 50 257
30 42 33 320
30 43 956 975
30 44 115 112
30 45 932 932
30 46 249 228
30 47 531 972
30 48 811 691
30 49 389 662
31 32 104 440
31 33 423 691
31 34 758 837
31 35 124 42
31 36 520 846
31 37 584 452
31 38 782 513
31 39 763 789
31 40 77 18
31 41 325 465
31 42 693 432
31 43 805 955
31 44 738 873
31 45 760 930
31 46 702 475
31 47 811 721
31 48 300 356
31 49 185 64
32 33 835 775
32 34 498 849
32 35 188 804
32 36 936 920
32 37 210 440
32 38 475 245
32 39 795 460
32 40 987 992
32 41 922 804
32 42 224 564
32 43 348 799
32 44 304 674
32 45 886 523
32 46 740 355
32 47 452 422
32 48 106 246
32 49 535 438
33 34 867 391
33 35 436 374
33 36 869 347
33 37 556 256
33 38 762 665
33 39 390 478
33 40 425 211
33 41 709 823
33 42 858 709
33 43 228 296
33 44 223 230
33 45 681 620
33 46 113 119
33 47 896 775
33 48 241 400
33 49 205 426
34 35 827 929
34 36 504 376
34 37 40 10
34 38 262 292
34 39 364 253
34 40 391 771
34 41 939 986
34 42 166 513
34 43 903 897
34 44 53 85
34 45 715 666
34 46 336 404
34 47 862 962
34 48 624 916
34 49 441 558
35 36 754 366
35 37 491 268
35 38 93 75
35 39 767 795
35 40 607 579
35 41 847 714
35 42 887 767
35 43 707 793
35 44 383 840
35 45 808 945
35 46 621 379
35 47 539 750
35 48 492 386
35 49 867 739
36 37 849 764
36 38 240 248
36 39 809 929
36 40 272 114
36 41 180 513
36 42 136 215
36 43 956 781
36 44 26 61
36 45 193 155
36 46 789 842
36 47 686 746
36 48 494 761
36 49 650 467
37 38 949 821
37 39 965 977
37 40 117 72
37 41 161 375
37 42 674 547
37 43 276 512
37 44 913 848
37 45 990 858
37 46 210 629
37 47 954 811
37 48 397 678
37 49 201 719
38 39 169 395
38 40 735 451
38 41 331 316
38 42 123 225
38 43 726 564
38 44 547 579
38 45 511 678
38 46 116 160
38 47 295 274
38 48 821 927
38 49 329 104
39 40 227 540
39 41 758 438
39 42 222 213
39 43 701 139
39 44 638 567
39 45 918 695
39 46 978 949
39 47 51 76
39 48 57 28
39 49 481 918
40 41 396 208
40 42 972 980
40 43 792 789
40 44 170 264
40 45 479 456
40 46 566 675
40 47 853 824
40 48 906 908
40 49 360 414
41 42 124 48
41 43 502 519
41 44 176 6
41 45 106 163
41 46 573 483
41 47 606 891
41 48 722 652
41 49 906 905
42 43 783 926
42 44 804 910
42 45 895 852
42 46 243 553
42 47 205 129
42 48 990 980
42 49 199 70
43 44 277 191
43 45 735 579
43 46 445 667
43 47 35 62
43 48 366 156
43 49 937 847
44 45 607 874
44 46 209 365
44 47 945 849
44 48 417 450
44 49 911 969
45 46 960 969
45 47 422 432
45 48 616 548
45 49 891 857
46 47 388 565
46 48 97 47
46 49 635 442
47 48 890 943
47 49 540 158
48 49 603 410
0
320
1266 3451
1267 3315
1269 3174
1270 3038
1271 3028
1272 3004
1273 3002
1274 2941
1275 2931
1276 2907
1277 2905
1280 2893
1281 2846
1282 2836
1283 2812
1284 2810
1287 2798
1288 2789
1289 2786
1290 2775
1291 2752
1292 2741
1293 2736
1294 2734
1295 2673
1296 2663
1297 2639
1298 2637
1301 2625
1302 2578
1303 2568
1304 2544
1305 2542
1308 2530
1309 2521
1310 2518
1311 2507
1312 2484
1313 2473
1314 2471
1317 2460
1318 2450
1320 2434
1321 2423
1322 2416
1323 2392
1324 2390
1327 2378
1328 2331
1329 2321
1330 2297
1331 2295
1334 2283
1335 2274
1336 2271
1337 2260
1338 2237
1339 2226
1340 2224
1343 2213
1344 2203
1346 2187
1347 2176
1348 2174
1351 2163
1352 2153
1355 2134
1356 2123
1357 2121
1360 2110
1361 2100
1363 2084
1364 2073
1365 2071
1368 2060
1369 2050
1372 2049
1373 2038
1374 2029
1375 2026
1376 2024
1378 2015
1379 2005
1380 1994
1381 1992
1384 1981
1385 1971
1388 1970
1389 1959
1390 1950
1391 1947
1392 1945
1394 1936
1395 1932
1396 1921
1397 1919
1400 1908
1401 1898
1404 1897
1405 1886
1406 1877
1409 1873
1410 1863
1417 1856
1418 1854
1419 1844
1422 1840
1423 1830
1427 1821
1428 1820
1429 1811
1430 1808
1431 1806
1432 1805
1433 1797
1434 1791
1435 1782
1436 1780
1438 1777
1439 1769
1440 1759
1443 1758
1444 1747
1445 1738
1448 1734
1449 1724
1456 1717
1457 1715
1458 1705
1461 1701
1462 1691
1466 1682
1468 1673
1471 1666
1472 1661
1473 1652
1476 1648
1477 1638
1484 1631
1485 1629
1486 1619
1489 1615
1490 1605
1496 1603
1497 1594
1500 1590
1501 1580
1508 1573
1509 1571
1510 1561
1513 1557
1514 1547
1521 1540
1535 1539
1539 1537
1542 1528
1545 1524
1546 1514
1552 1504
1555 1495
1558 1491
1559 1481
1566 1474
1584 1471
1591 1464
1592 1462
1593 1452
1596 1448
1597 1438
1604 1431
1623 1428
1635 1419
1638 1415
1639 1405
1646 1398
1661 1396
1665 1395
1676 1389
1687 1386
1691 1385
1696 1383
1703 1376
1710 1373
1711 1363
1718 1356
1729 1353
1744 1351
1748 1350
1763 1343
1768 1341
1774 1340
1775 1334
1786 1331
1801 1329
1805 1328
1818 1325
1820 1321
1831 1318
1833 1317
1844 1314
1857 1313
1859 1312
1863 1311
1864 1306
1875 1303
1889 1301
1894 1300
1904 1299
1908 1298
1909 1293
1920 1290
1922 1289
1933 1286
1948 1284
1952 1283
1954 1281
1961 1280
1965 1278
1967 1276
1978 1273
1993 1271
1997 1270
2005 1265
2012 1264
2016 1262
2023 1261
2030 1260
2035 1259
2042 1258
2049 1257
2050 1252
2061 1249
2063 1248
2074 1245
2089 1243
2093 1242
2095 1240
2106 1237
2108 1235
2119 1232
2134 1230
2138 1229
2149 1228
2153 1223
2164 1220
2179 1218
2183 1217
2194 1216
2198 1215
2206 1214
2213 1213
2220 1212
2221 1207
2232 1204
2234 1203
2245 1200
2260 1198
2264 1197
2266 1195
2277 1192
2279 1190
2290 1187
2305 1185
2309 1184
2324 1178
2335 1175
2350 1173
2354 1172
2369 1170
2399 1168
2406 1166
2410 1165
2421 1164
2425 1163
2440 1162
2455 1156
2466 1153
2481 1151
2485 1150
2500 1148
2530 1146
2537 1144
2541 1143
2552 1142
2556 1141
2597 1140
2601 1139
2622 1138
2626 1137
2667 1136
2671 1135
2715 1132
2730 1130
2775 1128
2790 1127
2800 1126
2835 1125
2845 1124
2860 1123
2901 1122
2905 1121
2949 1118
2964 1116
3009 1114
3034 1112
3079 1110
3191 1109
3220 1108
3235 1106
3250 1104
3295 1102
3320 1100
3365 1098
3478 1097
3506 1096
3523 1095
3548 1093
3576 1092
3593 1091
3780 1090
