1000 2
249544
75 784 806
170 796 819
486 575 523
702 664 724
46 303 314
285 797 767
545 724 737
571 387 437
6 914 902
826 846 791
584 284 244
355 827 821
877 486 577
500 700 731
716 522 562
489 127 224
180 440 447
491 942 863
395 720 642
223 223 310
417 425 429
224 693 768
646 224 274
310 186 136
773 773 867
792 510 502
163 501 529
98 977 903
783 183 188
909 282 331
263 228 161
918 692 669
46 582 489
131 364 333
875 590 513
326 565 647
765 975 889
740 655 589
821 771 861
16 350 422
147 126 51
800 273 181
331 619 536
616 651 595
156 958 877
667 174 158
639 984 921
251 159 244
994 311 360
263 270 322
281 148 230
464 259 301
37 299 207
644 379 410
598 575 637
670 660 656
652 146 69
707 312 286
932 248 221
112 913 938
153 703 784
321 624 598
532 367 348
833 403 313
356 988 1018
974 822 786
15 360 454
242 467 503
396 797 819
299 233 277
966 791 866
543 710 649
831 153 199
161 517 529
148 564 647
948 254 332
230 539 620
631 516 446
403 231 240
540 776 845
306 531 593
980 422 393
29 598 535
485 358 327
995 859 858
157 788 777
639 694 728
95 613 574
231 748 789
979 346 295
452 210 220
802 933 939
350 361 373
628 528 437
470 838 746
231 391 331
887 787 855
453 498 585
170 769 702
435 510 439
547 731 750
473 335 315
755 810 859
225 422 397
44 465 534
359 504 419
120 683 776
555 541 524
296 484 501
745 632 536
443 762 776
695 404 312
482 760 819
832 537 441
232 873 786
675 738 723
319 807 815
803 777 697
224 259 238
810 782 710
543 802 819
872 420 376
603 458 510
84 278 297
941 298 363
646 357 357
430 735 799
180 330 354
347 419 488
103 772 803
880 898 838
229 529 443
620 779 814
808 568 620
20 209 249
297 945 914
999 502 557
247 344 435
593 899 859
337 765 746
223 462 419
693 641 644
445 707 634
960 420 508
72 207 299
10 831 782
451 251 202
713 943 944
600 905 824
336 287 274
731 649 680
328 904 874
998 474 533
347 594 645
455 544 609
265 512 579
423 743 701
359 973 873
253 533 553
452 621 708
58 120 154
949 705 804
359 130 229
902 839 807
391 624 683
841 472 384
553 330 327
523 588 657
998 591 510
573 238 247
584 185 206
253 781 792
275 781 864
94 778 841
671 195 136
79 905 815
325 962 982
862 505 430
402 367 292
546 454 493
629 943 899
384 594 601
138 200 261
888 125 205
983 852 867
877 148 178
835 193 288
279 729 797
567 841 789
954 953 1010
890 684 667
435 935 995
535 522 609
551 353 418
385 267 329
427 779 817
520 471 476
215 453 513
38 312 286
984 528 492
630 341 284
558 713 742
21 537 474
293 483 530
470 331 255
221 164 173
627 778 691
12 355 311
238 181 145
708 510 470
967 798 884
644 990 988
124 679 681
543 843 904
791 609 564
851 716 715
601 315 239
876 375 302
955 627 601
405 912 828
179 294 203
168 236 274
807 674 737
631 241 212
192 958 888
873 314 214
104 756 776
401 866 862
982 987 974
884 430 498
91 502 405
231 546 483
864 273 371
12 999 1024
964 430 493
193 564 601
919 565 623
769 213 151
754 640 575
114 138 50
554 885 815
44 903 879
226 180 129
225 175 126
584 730 674
94 567 550
605 292 258
720 997 917
316 280 351
347 437 531
219 491 495
110 625 638
188 964 1022
260 294 197
957 524 544
471 721 760
675 201 161
672 498 402
862 590 558
230 463 500
658 437 518
237 904 807
197 521 461
404 338 330
868 356 340
555 893 971
657 624 637
94 894 841
633 916 836
30 329 295
397 941 1038
290 857 802
751 870 854
8 162 227
283 573 611
163 947 896
741 850 931
623 465 564
529 676 702
775 766 798
709 171 82
548 161 130
403 362 281
461 737 658
981 582 559
922 309 319
754 530 488
153 446 529
789 445 433
527 118 61
595 705 790
652 757 752
935 177 252
639 265 233
170 359 323
393 705 653
865 306 405
243 566 496
619 491 579
627 886 879
296 192 104
23 128 171
98 552 582
272 444 401
551 747 738
220 144 214
439 362 405
952 360 452
381 495 510
254 442 383
345 858 858
365 914 919
861 661 685
237 350 428
953 608 596
991 127 159
274 885 805
555 634 545
987 598 585
361 224 261
202 407 314
106 854 834
724 432 384
993 985 984
553 891 881
572 398 386
443 988 1031
32 191 145
580 241 192
707 629 653
42 353 417
877 384 469
239 740 770
223 972 1001
101 527 466
423 929 983
410 434 376
501 183 132
647 425 489
230 656 662
503 318 332
810 161 151
518 986 1023
487 677 759
955 362 264
876 539 525
241 336 405
322 526 495
675 744 842
289 588 532
522 172 217
579 682 689
563 193 103
200 805 813
483 727 726
965 737 711
220 234 256
687 986 1073
399 404 426
936 398 477
6 597 581
648 353 253
741 829 841
522 877 929
216 469 418
920 910 852
60 353 339
45 899 822
375 842 845
698 497 487
246 407 399
518 782 703
326 783 852
188 394 368
591 184 201
491 404 405
764 593 606
651 977 999
475 194 291
909 654 690
243 170 255
998 579 568
754 675 729
74 541 633
157 871 881
487 504 412
29 954 1015
4 569 560
97 223 309
708 209 277
775 817 733
302 754 670
937 262 329
421 949 1031
277 915 828
719 516 527
668 554 570
185 382 399
311 789 825
421 728 706
216 587 520
939 662 656
110 736 717
54 591 656
958 513 434
415 574 638
913 178 176
219 697 732
981 331 428
676 939 920
213 400 424
833 550 562
536 968 1002
77 441 486
529 288 325
51 381 301
127 225 127
786 663 609
35 376 318
966 365 443
293 729 649
786 395 482
751 897 891
123 608 617
322 366 281
626 976 901
755 176 127
378 188 96
676 395 310
963 585 493
658 488 455
978 580 504
863 524 598
423 944 1043
710 544 507
683 614 702
757 729 768
844 957 872
165 995 1045
698 174 217
123 213 188
651 512 482
116 621 564
53 509 537
540 505 475
107 788 695
802 738 796
755 471 498
749 540 600
821 321 320
936 958 982
389 403 357
963 718 695
412 911 899
856 592 688
618 905 822
324 936 1014
730 752 781
214 429 408
450 253 196
404 697 627
732 362 370
416 606 607
317 952 1035
858 456 510
752 441 419
681 520 563
403 425 414
761 111 142
921 463 384
581 656 658
864 793 742
421 387 419
368 837 932
756 764 831
129 562 579
590 910 863
942 658 692
943 165 151
340 751 721
953 848 935
722 416 476
33 635 579
850 334 351
585 314 283
94 169 163
993 692 604
608 931 832
670 639 729
390 135 92
220 451 399
563 394 487
153 217 316
404 414 483
633 938 924
698 357 362
352 779 782
275 836 761
869 843 902
897 798 735
280 167 148
599 384 478
718 353 277
60 352 357
990 217 149
268 602 673
20 182 124
835 643 640
659 757 728
433 578 528
497 745 751
804 219 145
77 194 263
349 305 386
468 774 853
22 918 851
102 793 730
701 982 886
429 525 561
954 841 763
668 177 199
790 651 633
884 768 766
103 634 701
849 553 514
757 464 429
526 612 598
506 778 704
972 798 810
794 514 517
869 616 552
477 270 365
217 638 709
805 186 278
303 932 994
700 317 330
265 610 528
16 994 1014
789 223 237
244 723 696
811 293 240
990 458 500
584 436 521
668 311 357
593 277 184
825 998 1045
388 614 514
382 699 602
509 343 404
198 852 762
404 289 361
794 499 569
161 244 231
386 181 102
573 835 874
571 868 872
139 635 717
799 638 596
62 654 714
895 483 582
97 528 508
534 406 345
684 276 247
764 665 713
579 759 722
431 491 568
21 957 862
614 878 943
226 250 327
645 963 1019
115 963 1038
448 432 414
634 608 527
258 926 998
986 698 686
415 980 1054
367 880 958
230 903 904
387 748 794
345 648 623
304 455 453
665 348 435
225 716 730
143 803 869
803 681 744
781 184 130
646 959 978
538 864 929
256 426 369
860 188 200
248 523 595
515 960 965
197 907 957
975 528 607
617 378 418
700 216 212
655 423 348
502 955 988
856 804 888
943 996 1052
408 605 510
364 485 493
259 956 1004
728 738 781
29 647 613
147 380 286
498 808 845
448 922 859
228 625 534
224 555 653
780 360 339
202 386 438
153 869 773
858 638 687
461 385 440
764 681 765
550 710 694
462 433 506
41 602 521
541 643 607
821 635 555
131 988 948
984 776 767
578 794 756
887 570 625
529 372 379
204 304 221
566 679 689
119 563 581
718 650 576
308 936 1026
296 137 54
44 407 321
812 812 841
330 202 209
624 891 803
841 482 435
481 561 627
989 163 253
597 690 724
525 809 904
555 768 722
888 844 807
677 907 833
780 594 586
658 181 98
76 237 322
583 475 456
642 328 307
294 286 384
80 883 886
819 865 779
644 220 312
540 504 532
84 621 605
163 142 57
306 218 148
716 153 200
960 516 491
159 870 904
28 866 916
876 439 453
1 505 448
442 472 523
16 152 220
52 526 426
172 595 556
220 732 636
676 498 594
531 835 763
381 545 479
750 325 234
194 833 742
600 136 133
647 808 809
115 666 677
659 668 713
359 942 1031
795 963 988
610 949 880
100 187 194
340 339 296
153 381 377
181 423 339
965 859 904
590 419 487
218 914 914
153 673 745
112 628 659
56 295 248
142 434 407
399 912 953
703 278 349
56 705 612
896 777 677
244 535 554
148 395 457
781 841 933
363 718 633
571 412 338
934 649 603
836 974 1008
24 712 687
692 586 572
442 621 586
919 626 640
240 266 309
62 988 988
744 957 1029
84 136 123
689 253 226
660 496 437
337 205 150
871 539 623
446 923 895
26 325 281
201 833 837
187 584 600
139 140 105
167 909 891
328 406 326
761 735 787
868 918 837
351 234 328
264 165 148
505 488 476
318 740 768
850 316 381
884 835 928
781 239 166
115 605 597
817 696 640
725 484 402
864 571 559
924 545 586
350 915 857
58 419 424
288 991 967
104 839 791
247 811 720
804 932 864
462 455 550
882 655 695
401 737 750
889 241 239
794 870 938
142 169 248
132 640 577
951 979 937
740 325 332
664 366 334
52 508 568
663 488 525
368 224 141
515 728 823
369 277 331
435 136 218
31 935 843
8 212 311
248 470 517
535 948 927
982 363 353
408 189 112
536 799 795
231 876 975
418 855 828
446 651 711
374 574 640
488 613 680
892 609 526
835 374 398
120 730 751
207 242 144
981 345 354
842 774 830
680 772 711
289 210 238
809 923 826
375 774 775
936 632 611
233 710 656
929 375 345
79 914 926
342 926 934
88 525 501
832 330 242
944 506 476
858 190 122
605 207 214
192 657 651
865 122 163
164 330 357
67 644 686
983 254 165
451 735 663
697 187 282
143 244 328
233 557 612
341 701 677
955 289 303
968 710 698
216 448 468
816 125 159
977 760 790
679 810 731
766 937 997
916 916 1005
419 846 781
83 649 652
284 990 984
957 612 600
338 115 146
354 652 646
85 359 349
870 941 867
801 146 225
707 859 921
535 811 757
141 969 931
130 541 560
694 963 974
699 467 545
308 163 112
587 584 550
521 985 925
561 212 112
404 121 163
192 844 793
157 161 138
641 440 443
600 972 914
1 577 658
60 483 426
592 703 763
576 998 963
690 289 366
702 292 250
526 924 920
583 254 281
953 597 553
922 167 243
448 354 430
866 274 362
533 467 473
531 293 214
732 582 641
936 482 482
852 740 645
13 279 300
560 847 859
624 207 204
898 990 1076
82 884 944
483 831 797
687 416 488
219 512 531
636 333 339
344 778 754
533 802 781
362 455 546
470 956 972
459 499 494
329 441 453
140 263 171
483 560 606
934 439 529
185 969 986
935 554 639
713 896 888
102 361 425
53 324 282
490 841 891
861 378 294
34 877 821
539 917 957
908 678 705
874 634 698
373 266 317
257 204 198
539 616 630
778 460 484
600 721 643
901 501 596
763 574 476
670 770 779
309 506 497
898 184 150
74 915 956
179 699 791
746 229 229
139 738 693
826 404 479
266 506 561
787 485 493
529 494 436
974 982 986
58 499 483
962 794 792
624 532 566
758 499 482
463 944 955
793 303 279
238 196 226
659 889 876
91 484 577
71 674 762
508 250 349
277 625 717
752 176 192
189 775 743
127 259 320
344 755 774
440 208 275
316 786 785
735 285 302
369 255 286
526 202 134
106 200 188
180 165 103
926 685 661
94 989 990
818 816 886
928 460 418
688 315 336
885 755 723
48 387 429
151 971 918
252 228 196
314 620 624
959 792 781
947 243 251
741 695 667
135 564 521
364 823 918
90 473 545
401 777 859
369 520 432
500 731 693
74 147 172
841 611 628
990 120 126
648 602 557
158 923 905
958 291 345
367 271 343
117 149 101
578 958 984
276 123 49
317 402 343
879 959 868
891 591 498
444 177 214
358 422 490
561 787 847
742 586 519
785 465 421
738 699 771
753 372 299
81 490 481
36 674 641
576 717 662
651 750 784
2 471 376
762 331 349
298 155 121
695 304 227
358 558 629
652 436 457
80 559 597
714 964 1009
396 374 334
116 575 665
521 283 374
769 309 352
819 833 736
38 240 282
541 345 258
906 217 261
411 759 819
372 484 486
668 240 322
191 509 414
385 468 477
607 428 391
420 178 105
566 192 126
829 824 867
949 886 910
678 638 544
99 462 442
244 919 833
692 840 792
95 863 892
452 461 411
528 743 777
619 864 812
422 130 43
295 766 669
888 429 468
283 458 517
218
433714 433397
433712 433540
433709 433626
433702 433639
433701 433645
433699 433646
433698 433664
433697 433705
433695 433741
433691 433762
433690 433765
433689 433766
433687 433839
433682 433858
433678 433865
433672 433901
433666 433928
433665 433948
433658 433950
433657 433968
433653 433987
433651 433997
433647 433998
433645 434004
433641 434032
433637 434055
433628 434060
433627 434072
433626 434102
433622 434103
433619 434108
433614 434126
433612 434139
433608 434164
433604 434177
433596 434200
433591 434214
433588 434221
433580 434240
433567 434263
433556 434276
433549 434278
433547 434302
433544 434313
433538 434318
433531 434328
433524 434344
433523 434351
433516 434357
433515 434358
433511 434360
433510 434362
433508 434368
433507 434383
433496 434389
433494 434390
433490 434391
433487 434402
433479 434416
433475 434418
433472 434438
433463 434442
433459 434458
433454 434460
433451 434467
433444 434470
433440 434484
433439 434491
433434 434496
433428 434498
433427 434499
433418 434510
433412 434517
433410 434545
433397 434547
433392 434551
433386 434552
433382 434560
433381 434568
433376 434570
433368 434573
433364 434588
433353 434598
433352 434608
433347 434618
433337 434635
433326 434642
433310 434644
433309 434648
433308 434649
433307 434655
433299 434658
433298 434660
433292 434667
433287 434677
433283 434679
433281 434689
433275 434690
433270 434702
433260 434705
433253 434708
433251 434712
433247 434713
433245 434721
433243 434725
433237 434742
433231 434743
433224 434744
433222 434746
433220 434762
433199 434771
433197 434779
433195 434782
433191 434800
433159 434811
433149 434819
433147 434820
433142 434831
433130 434846
433122 434848
433111 434849
433107 434855
433106 434862
433091 434873
433081 434877
433073 434879
433072 434889
433061 434894
433048 434896
433045 434900
433042 434917
433024 434920
433022 434921
433020 434926
433010 434928
433000 434937
432993 434948
432976 434953
432974 434959
432972 434962
432970 434965
432952 434972
432944 434980
432941 434982
432939 434986
432925 434990
432922 434992
432917 435006
432900 435009
432892 435020
432864 435026
432860 435032
432842 435039
432831 435046
432813 435052
432810 435057
432797 435060
432794 435061
432790 435064
432776 435065
432773 435067
432772 435068
432759 435074
432753 435075
432749 435083
432727 435090
432712 435091
432711 435094
432709 435100
432700 435101
432697 435105
432676 435106
432671 435111
432668 435115
432652 435116
432644 435119
432640 435121
432628 435129
432617 435132
432614 435134
432583 435136
432581 435138
432580 435139
432564 435141
432561 435146
432552 435147
432539 435150
432536 435151
432530 435155
432529 435156
432525 435158
432523 435165
432502 435170
432486 435173
432474 435175
432462 435181
432438 435185
432418 435186
432407 435190
432401 435198
432376 435200
432374 435205
432347 435208
432333 435210
432300 435214
432287 435216
432282 435219
432281 435220
432258 435221
432252 435229
432251 435235
432191 435243
432134 435248
432089 435251
432075 435253
432025 435260
431970 435261
431951 435265
