1000 2
245098
394 857 913
911 820 759
768 409 364
477 603 628
513 435 525
636 925 968
607 236 139
138 326 386
401 250 175
998 207 150
839 566 588
637 374 378
972 549 507
527 796 849
891 466 422
807 424 507
949 173 178
193 187 219
349 902 814
458 128 40
970 322 402
267 867 874
760 444 446
532 704 611
931 500 586
285 751 798
354 679 716
440 258 334
331 848 793
351 905 942
589 961 992
440 874 958
814 465 501
483 920 863
920 955 884
641 894 880
281 661 718
447 384 329
276 277 288
170 481 562
126 202 201
984 787 874
383 719 768
294 438 384
245 630 560
126 761 819
745 256 170
53 955 959
240 267 326
656 762 855
759 679 597
520 230 145
205 173 165
573 839 890
158 157 256
890 292 217
55 998 1072
5 175 259
181 638 570
913 459 522
552 430 445
687 513 432
757 582 542
577 993 1068
629 775 682
833 775 860
831 887 982
903 772 868
497 703 635
889 848 763
248 688 713
700 314 277
232 403 317
224 673 703
971 564 520
719 596 518
592 530 618
337 511 580
4 497 465
833 643 589
483 711 707
712 382 318
41 663 645
674 729 756
185 419 440
730 668 633
203 769 853
653 719 670
88 584 536
686 890 808
362 209 224
666 638 595
289 800 765
984 279 179
332 846 783
958 499 582
699 790 714
384 720 774
916 949 1021
793 291 300
905 375 456
498 887 902
274 255 327
464 548 617
291 551 487
727 719 646
492 647 714
179 754 698
122 554 481
325 431 517
622 918 985
496 838 804
659 461 482
152 341 255
647 206 178
332 367 285
934 490 506
659 346 398
158 544 620
518 667 608
426 606 671
245 461 426
639 759 855
897 411 338
6 476 532
294 799 721
721 880 789
986 510 551
474 298 371
100 194 170
657 379 440
52 228 138
781 517 555
119 504 521
530 625 644
304 432 509
170 534 555
619 578 597
829 318 232
923 198 131
226 539 604
357 369 444
815 417 448
258 143 198
836 667 628
198 307 329
674 208 264
201 750 730
434 391 337
533 453 383
15 604 580
306 450 497
650 342 352
686 928 989
312 731 760
533 116 184
643 660 663
362 467 510
678 823 753
64 140 177
619 277 317
2 615 516
262 382 413
181 873 841
879 704 734
885 389 326
503 250 315
904 711 649
706 461 534
739 597 683
926 318 328
494 940 950
799 945 1007
657 639 738
325 942 1016
638 634 685
795 800 752
471 648 581
865 818 892
413 701 723
645 641 648
579 242 148
518 734 800
113 568 565
49 564 626
638 452 442
413 238 187
18 472 515
813 621 637
477 508 607
75 163 191
223 641 584
923 671 718
439 522 592
948 957 1036
334 792 799
478 305 394
884 525 618
458 274 330
904 792 743
963 788 754
561 468 478
191 664 659
654 431 514
606 298 371
374 208 147
593 685 720
59 641 653
243 612 515
10 416 500
770 645 722
173 940 929
795 544 571
156 969 927
366 895 974
476 775 729
123 952 1025
718 665 749
283 274 207
626 291 226
228 223 312
161 123 46
648 521 604
614 200 114
496 461 448
244 371 453
191 614 520
814 494 544
997 427 334
201 576 608
328 733 810
342 685 595
803 792 831
904 717 679
298 779 840
591 279 189
158 201 149
589 232 143
945 901 812
469 933 884
169 632 648
815 534 619
582 579 624
264 311 337
17 589 675
206 419 423
307 467 502
443 684 637
333 736 678
258 785 821
845 125 195
322 645 678
848 579 529
74 338 340
611 902 908
958 841 888
360 416 324
6 132 129
708 371 435
468 562 477
484 280 364
85 149 97
611 743 661
867 965 898
757 534 589
579 117 164
922 772 691
946 811 731
240 355 416
746 195 150
937 265 317
981 196 265
692 414 405
654 497 461
130 644 560
137 447 478
880 212 228
668 298 303
943 388 441
39 219 221
212 465 455
308 253 239
650 115 40
85 521 577
684 809 891
63 881 790
177 579 664
388 208 227
700 678 685
822 472 487
222 930 987
382 443 362
387 829 878
849 941 1007
635 746 749
502 666 681
30 708 759
139 644 572
777 285 353
184 764 797
106 389 466
480 201 155
288 288 319
222 952 953
936 803 731
561 372 400
233 887 921
832 670 732
29 798 816
764 660 714
77 363 439
179 264 235
379 504 533
326 200 273
105 651 712
399 777 750
272 461 480
901 171 157
675 894 886
293 530 474
577 329 289
749 223 219
193 542 613
293 229 165
900 113 70
650 829 866
45 266 357
113 800 872
994 295 302
466 704 769
712 904 885
838 283 213
324 709 678
457 584 612
460 748 756
269 116 54
444 727 674
219 691 660
426 568 536
95 155 216
986 892 896
180 363 334
853 501 537
386 809 737
104 490 510
110 971 1044
802 252 214
456 462 468
970 773 864
21 189 99
899 909 816
184 483 426
623 802 716
409 521 512
835 646 658
803 290 324
962 174 169
358 452 538
104 926 1006
192 889 973
90 936 1000
509 971 871
287 278 303
748 343 250
351 752 826
553 364 399
624 962 989
9 495 594
925 434 353
801 346 304
729 276 252
698 117 194
886 121 56
149 679 764
870 711 666
156 597 662
113 309 299
546 876 868
909 872 849
174 960 897
360 330 413
367 669 692
379 570 570
18 728 758
693 661 665
242 906 941
464 754 811
325 268 234
182 678 626
138 132 115
385 299 354
14 226 154
531 773 777
225 330 338
844 908 855
739 481 476
463 193 281
640 893 846
278 301 290
303 518 535
515 889 983
644 692 788
390 821 824
637 397 445
534 879 895
950 199 163
44 623 680
924 571 556
139 808 849
597 317 218
473 839 843
127 814 747
925 800 811
248 370 308
113 139 184
212 658 693
788 946 990
306 757 786
91 248 304
323 875 851
142 882 952
932 457 553
708 606 687
1 212 142
32 384 337
647 142 137
587 745 698
314 497 511
468 182 214
328 879 976
195 330 255
585 200 112
143 184 237
257 990 1043
564 239 299
599 476 465
313 902 809
747 251 220
827 760 823
692 461 390
939 448 416
41 562 647
123 616 529
113 410 374
257 205 282
668 917 914
559 426 486
716 458 467
447 769 743
840 607 520
221 736 637
728 150 59
297 972 905
633 143 99
740 431 438
647 332 273
3 766 818
393 588 584
134 186 271
692 519 572
395 579 676
439 585 628
409 626 528
445 776 805
806 137 114
56 616 522
792 799 706
330 590 575
414 129 141
873 954 904
400 748 778
933 739 656
513 488 487
262 501 589
292 187 236
860 532 592
635 562 581
175 595 680
196 977 945
145 588 530
861 815 837
569 504 513
993 584 495
433 137 101
519 976 998
993 753 747
501 579 500
47 221 177
21 155 150
558 457 481
351 647 644
794 303 213
326 789 698
356 841 837
329 238 337
52 783 881
579 315 313
702 412 420
753 664 676
144 202 125
746 756 750
963 299 251
726 347 365
548 389 478
690 816 771
447 815 780
676 809 890
16 359 380
639 839 811
741 449 450
467 555 505
679 973 916
944 320 408
258 845 842
52 797 732
845 154 179
630 445 405
909 362 325
729 904 995
110 337 376
609 786 719
580 121 189
815 312 369
641 260 169
414 694 613
463 853 941
839 520 534
123 789 785
15 182 124
269 144 108
29 764 850
41 911 913
268 772 737
435 584 677
92 626 602
926 714 782
387 664 700
150 285 346
231 715 779
268 904 822
4 301 224
903 240 172
647 695 680
180 985 1057
759 957 1047
438 407 483
61 269 222
257 877 860
936 705 734
829 546 629
45 626 709
191 732 796
848 875 869
832 366 396
784 244 226
119 203 272
297 986 1067
159 335 267
827 706 626
317 393 479
896 319 414
596 247 180
455 979 881
742 508 577
892 197 223
997 562 611
981 427 335
235 345 285
904 491 397
223 581 550
457 520 468
611 498 565
588 646 605
35 658 565
133 521 607
640 193 278
995 858 939
259 898 826
687 190 99
218 217 171
678 526 571
115 743 710
716 601 686
332 863 955
794 897 816
886 835 882
728 771 817
614 691 789
703 819 854
823 862 941
291 215 229
3 862 899
554 275 255
401 211 258
285 178 183
101 262 245
843 916 844
496 677 728
293 668 660
138 382 339
255 288 303
101 798 813
286 520 446
399 878 884
475 644 707
645 226 309
552 596 648
189 725 676
816 510 520
121 920 957
321 285 373
94 797 705
554 423 389
418 542 587
18 127 67
147 855 924
693 783 763
384 571 589
833 801 782
744 401 406
939 124 193
712 963 1051
65 114 113
549 407 489
568 167 253
405 348 263
162 215 269
680 572 503
456 207 304
783 568 614
798 147 181
757 901 877
761 848 837
95 400 499
159 323 336
426 261 355
543 331 257
62 127 189
171 265 218
685 255 165
726 906 975
615 614 635
445 956 929
770 466 458
10 465 489
180 968 877
427 942 960
446 171 201
620 893 957
782 242 243
677 288 234
244 154 223
196 694 652
595 133 45
993 545 459
958 209 159
893 251 287
961 776 701
841 467 516
989 310 315
189 761 702
238 969 959
895 835 864
920 207 155
409 265 211
520 330 268
677 556 473
426 271 180
827 383 460
52 158 233
784 628 541
749 811 771
564 322 261
673 896 819
846 221 226
94 430 339
595 601 646
775 677 607
83 719 815
136 620 526
717 510 573
505 569 582
743 839 765
626 127 187
750 234 264
110 704 752
661 747 714
299 504 426
983 639 578
556 622 588
7 650 559
522 487 497
342 990 949
361 216 300
499 931 965
167 620 676
883 392 380
325 694 742
920 795 840
495 971 927
103 377 334
526 422 484
515 915 845
634 291 293
557 223 125
130 822 757
447 630 542
103 136 113
872 796 757
840 553 613
141 805 886
491 173 159
396 893 982
599 140 156
725 596 523
526 607 560
111 766 808
139 821 884
910 277 314
409 550 555
190 375 409
260 290 222
140 674 685
174 626 557
719 254 330
278 376 357
16 614 617
815 360 391
3 197 210
496 810 905
793 392 324
995 988 972
629 243 255
210 739 786
371 878 869
670 772 818
237 246 296
517 706 719
615 401 414
402 905 817
719 883 954
706 140 210
855 517 513
562 129 167
425 785 697
169 302 348
321 955 1048
991 732 729
318 346 266
211 850 850
80 907 851
113 780 865
569 649 705
590 189 158
349 804 858
564 860 947
513 623 575
213 595 545
478 139 152
310 229 285
206 677 748
958 874 968
565 811 819
653 619 545
433 926 922
277 722 630
852 669 680
398 901 955
430 236 185
563 742 753
200 547 600
60 422 466
847 398 355
419 879 967
337 996 970
25 535 565
653 575 575
542 182 262
683 868 834
394 200 278
885 698 616
237 489 419
559 243 143
424 500 483
420 447 498
897 780 836
420 470 456
500 917 1012
352 829 860
453 234 144
114 140 227
539 223 158
688 360 406
126 360 291
504 733 748
258 515 510
662 320 399
569 706 685
377 685 734
516 382 322
549 429 391
676 375 445
955 531 539
237 296 329
936 437 371
392 951 936
628 486 403
298 393 424
943 745 652
249 521 531
607 700 620
905 979 1034
378 848 894
586 439 532
953 142 223
898 294 253
321 674 759
639 754 698
353 451 384
815 483 466
478 975 879
455 176 261
285 867 828
654 630 708
690 603 672
896 520 568
530 785 698
254 719 759
637 917 828
57 177 251
29 546 515
103 566 626
953 501 418
538 773 821
93 677 663
553 539 504
312 312 383
995 370 292
903 995 1045
978 157 218
468 932 999
979 354 441
419 180 258
164 259 244
800 920 924
283 416 331
509 709 686
800 584 560
795 684 641
847 462 414
771 290 336
46 144 186
124 978 904
291 881 839
201 374 293
545 839 814
218 906 983
749 361 398
395 701 697
790 956 922
992 302 222
31 953 882
6 698 652
873 814 826
170 188 240
988 272 233
883 608 612
165 508 462
828 229 262
779 658 649
995 952 942
943 153 149
604 285 282
396 526 498
482 136 142
664 814 817
225 199 179
671 665 678
804 909 888
421 615 550
367 135 69
416 537 459
611 966 1009
79 512 434
107 833 852
898 416 368
997 879 876
622 348 279
520 852 944
89 315 291
116 471 520
595 623 555
558 725 780
9 474 544
821 576 668
166 217 288
30 449 520
297 880 875
131 130 229
361 984 901
767 435 375
344 211 270
35 358 329
444 158 130
966 917 854
87 882 852
467 757 733
333 630 665
356 167 229
339 167 101
703 245 332
816 425 381
95 246 209
148 562 613
56 887 932
923 164 226
650 477 433
235 817 839
299 532 625
362 363 324
513 516 418
867 461 526
20 711 795
528 992 905
401 779 704
461 535 444
873 369 408
668 619 705
143 275 221
427 248 266
882 521 442
276 531 625
951 377 475
943 307 311
695 370 454
173 481 458
464 524 475
36 257 342
221 198 111
376 406 405
837 934 909
310 141 171
610 119 140
831 114 123
123 579 527
540 511 494
5 853 929
170 194 277
269 129 56
600 190 192
527 630 600
562 966 998
571 658 612
575 307 227
102 796 741
552 124 176
387 495 548
481 390 477
501 316 257
590 439 500
175 896 863
137 320 399
753 908 901
974 260 168
745 351 279
760 552 591
193 343 259
506 138 150
737 973 886
108 269 300
991 988 1054
227 397 490
124 306 350
292 723 761
563 761 749
59 890 830
320 620 598
351 694 773
322 307 334
500 365 413
487 949 996
809 798 890
30 769 686
718 521 496
450 250 338
327 641 541
900 819 783
557 280 314
778 190 288
65 757 755
8 530 626
781 295 352
522 262 325
984 339 346
141 676 773
738 624 586
535 625 567
725 910 964
815 619 628
542 613 635
128
424196 427120
424190 427177
424188 427215
424178 427300
424169 427371
424165 427400
424154 427432
424152 427484
424142 427531
424138 427540
424132 427581
424125 427605
424119 427625
424115 427628
424112 427644
424110 427655
424105 427678
424098 427693
424094 427702
424092 427738
424082 427739
424081 427741
424076 427755
424073 427758
424071 427790
424065 427835
424059 427851
424051 427855
424043 427871
424042 427893
424028 427895
424027 427902
424025 427912
424014 427929
424011 427932
424010 427939
424008 427943
424006 427975
424002 427979
423997 427988
423993 427997
423982 428000
423981 428006
423980 428014
423976 428015
423973 428017
423969 428048
423961 428063
423952 428081
423938 428092
423937 428107
423932 428124
423923 428131
423920 428142
423913 428153
423902 428169
423884 428171
423880 428173
423879 428175
423877 428183
423876 428187
423870 428200
423865 428201
423856 428219
423853 428223
423845 428227
423843 428230
423840 428234
423839 428235
423837 428243
423832 428252
423821 428261
423819 428272
423813 428289
423802 428292
423791 428302
423785 428313
423782 428316
423772 428322
423766 428332
423753 428347
423750 428350
423732 428362
423724 428381
423722 428392
423705 428401
423694 428411
423683 428414
423675 428430
423658 428432
423653 428440
423642 428443
423634 428446
423623 428449
423622 428467
423620 428478
423589 428479
423578 428486
423568 428496
423565 428498
423554 428501
423546 428509
423535 428512
423524 428513
423521 428529
423497 428548
423466 428553
423455 428556
423445 428567
423414 428572
423403 428575
423360 428577
423343 428579
423340 428584
423323 428588
423311 428596
423289 428600
423282 428602
423258 428605
423254 428607
423247 428609
423230 428614
423212 428615
423197 428620
423168 428632
423101 428639
422987 428649
422710 428650
