2000 2
508406
453 693 763
813 832 879
608 223 167
49 550 518
451 378 412
922 134 197
455 651 659
478 571 482
7 694 595
562 810 746
218 922 949
29 790 779
156 559 470
650 757 678
951 173 184
977 771 767
586 610 697
105 202 184
760 254 237
548 261 357
461 424 363
226 990 935
730 500 476
458 551 457
528 645 741
271 251 343
832 678 687
935 621 651
97 987 969
266 471 563
619 454 438
608 631 660
47 833 808
542 285 351
144 315 287
302 301 327
940 267 260
514 755 735
501 446 445
906 814 866
293 779 755
878 265 363
691 840 747
888 286 301
118 139 183
332 462 366
508 136 229
233 551 546
610 907 1003
402 460 537
154 250 185
327 590 501
148 583 632
345 616 643
377 242 293
772 885 802
801 907 926
297 877 942
193 414 401
586 396 463
743 296 394
284 456 419
814 507 500
383 285 347
531 852 789
403 635 727
299 713 765
161 353 264
502 200 150
824 589 656
33 447 463
421 441 514
867 725 760
64 251 163
898 973 991
489 252 351
166 217 176
438 895 886
539 948 1039
78 284 340
456 140 203
827 658 605
518 538 458
676 254 187
646 309 222
804 837 847
924 835 879
807 209 140
749 615 654
944 579 634
977 387 333
593 224 135
75 434 449
235 527 477
459 676 755
277 735 775
91 339 364
202 980 966
769 232 168
297 853 778
608 653 574
735 858 897
99 909 963
567 532 433
204 756 749
905 666 714
163 402 468
141 960 867
278 457 517
113 621 541
722 735 776
563 829 817
461 561 569
935 358 280
662 365 327
287 780 723
614 551 527
569 403 407
959 435 495
534 261 343
236 351 378
44 982 921
550 488 519
829 971 990
116 180 131
868 459 467
364 655 586
693 995 1040
58 571 608
228 394 337
499 317 308
479 882 881
903 170 80
871 756 831
950 396 494
343 625 697
954 218 163
949 358 441
467 115 210
786 725 666
19 921 961
887 437 373
953 882 799
680 926 1017
2 819 900
579 814 764
701 692 632
979 893 823
985 822 846
676 802 783
588 985 970
955 722 684
822 884 837
740 961 1050
536 924 1013
328 842 847
981 175 120
861 357 298
661 494 432
440 157 231
423 520 511
111 899 881
980 289 236
937 527 622
851 480 482
674 435 502
746 904 968
24 219 255
455 405 373
508 577 633
967 462 403
854 869 832
56 348 307
524 558 504
939 537 453
304 992 1043
197 850 851
319 691 696
650 408 504
175 714 712
570 521 512
423 704 666
690 985 958
193 360 438
672 568 634
664 643 570
496 429 395
149 878 908
484 459 419
163 445 440
624 882 791
293 402 396
277 681 613
557 121 91
72 915 820
670 766 803
29 888 825
891 296 262
284 877 940
660 257 352
528 682 702
856 724 803
498 254 188
510 397 443
415 711 771
153 734 728
28 458 458
236 623 601
98 920 955
263 757 724
906 739 811
597 387 430
758 295 238
81 449 494
755 209 137
457 921 879
848 452 416
424 896 907
335 355 386
63 956 1039
769 365 430
81 244 228
289 884 820
669 188 140
780 835 738
692 961 955
76 334 298
959 621 670
235 228 144
186 812 740
472 740 822
622 585 683
492 961 917
579 232 322
394 464 510
352 478 462
603 899 898
178 295 286
310 958 996
99 141 216
807 267 237
342 189 283
298 183 176
435 433 341
832 389 376
246 149 207
133 525 503
341 968 982
295 486 562
329 213 308
505 994 1051
593 417 342
674 394 379
37 807 879
350 846 884
393 347 434
859 161 75
823 510 492
245 129 170
360 912 819
354 893 901
699 704 630
18 818 879
800 307 375
628 183 121
895 800 817
951 745 734
401 809 762
422 287 289
323 916 990
204 947 892
871 539 624
666 657 745
887 486 534
969 347 321
745 518 471
459 150 93
245 546 569
443 784 692
349 351 323
291 238 251
772 440 427
387 373 294
809 322 420
75 983 1075
534 424 465
578 661 594
69 854 836
826 516 587
98 553 494
242 877 876
612 493 446
907 883 914
145 977 969
126 972 979
478 939 853
98 680 710
934 829 873
390 307 316
887 179 207
749 361 438
180 802 801
49 152 132
24 735 744
992 259 294
924 739 669
566 804 754
374 495 432
595 246 261
672 732 724
954 416 358
733 315 293
779 757 745
481 227 219
648 716 707
356 427 403
137 564 653
569 787 751
721 952 1035
421 575 592
764 987 995
994 287 242
721 636 547
852 138 145
533 551 488
889 957 965
400 406 441
161 359 308
108 644 737
630 570 547
616 204 134
815 687 616
406 933 1006
437 982 1026
932 571 521
884 736 664
218 328 336
497 931 971
97 260 322
613 232 220
718 577 488
367 713 787
292 844 799
273 727 770
790 479 509
494 705 711
739 833 883
661 428 377
830 165 134
966 888 979
491 392 427
169 445 353
993 333 299
687 582 603
102 330 309
771 908 986
584 494 519
940 274 232
3 494 418
876 801 718
194 764 779
569 476 525
819 514 561
350 812 797
597 463 468
494 816 775
925 719 795
110 390 454
541 648 713
318 756 796
54 834 913
464 459 452
918 233 190
707 891 917
104 381 327
896 851 896
581 229 259
895 125 177
500 858 818
226 704 727
40 440 474
431 348 275
569 762 673
447 127 179
752 691 764
585 897 949
718 653 621
735 343 290
576 129 176
244 397 490
615 948 848
882 657 644
615 779 680
633 828 818
287 617 557
172 499 556
781 288 289
43 594 542
64 807 870
387 575 487
329 544 579
943 548 559
695 936 870
503 940 1001
73 453 372
510 635 588
710 447 356
254 898 816
38 225 156
560 953 961
48 120 194
540 723 785
468 331 332
402 486 388
787 316 232
377 401 419
756 638 598
642 681 692
771 762 781
719 900 831
730 493 433
419 378 426
667 212 154
90 665 687
321 676 656
648 751 806
242 391 397
883 661 596
617 268 357
506 798 831
935 936 915
237 227 290
351 888 884
974 186 200
610 731 809
331 198 206
646 890 946
266 475 508
443 632 588
216 585 642
145 289 333
276 642 734
151 478 440
236 907 864
934 527 606
33 432 377
909 913 987
320 719 646
906 422 438
440 674 733
641 486 574
239 241 185
653 206 180
549 483 504
17 738 746
378 647 661
280 850 846
964 738 798
316 862 903
949 492 421
372 313 371
519 263 168
626 459 495
46 788 734
752 438 387
355 918 943
187 539 620
892 968 1042
738 792 729
168 533 460
395 666 667
566 480 385
958 506 536
720 224 263
89 430 420
996 650 711
479 318 416
443 235 311
210 121 145
685 287 345
310 407 344
724 859 909
170 882 924
298 573 559
656 305 308
264 706 709
498 533 631
638 526 513
649 424 453
847 978 944
182 792 820
23 957 930
890 737 743
411 479 545
630 862 859
299 434 484
774 892 842
242 887 964
594 387 394
570 961 937
337 366 379
289 936 953
992 371 366
407 847 925
253 698 702
616 243 306
495 912 930
369 246 313
679 146 131
636 624 723
924 966 933
852 580 604
146 215 238
974 641 546
635 544 499
784 118 196
686 846 823
838 485 536
878 339 326
456 721 635
419 721 820
947 131 201
65 687 786
662 347 441
150 369 390
159 616 594
986 521 436
408 867 950
665 652 710
352 152 102
39 218 251
62 216 239
710 973 1009
975 970 938
267 945 943
835 595 625
298 943 970
149 122 31
758 936 978
804 753 665
924 976 896
44 683 615
14 342 416
981 948 1018
919 365 288
465 804 894
401 494 444
414 173 152
343 214 145
66 846 938
40 903 980
683 994 1079
943 251 339
886 140 224
172 895 963
951 999 960
383 957 999
453 291 215
569 646 639
397 786 792
289 751 765
283 650 601
441 588 528
474 538 455
357 470 421
356 332 274
309 607 625
511 350 259
114 461 484
873 877 779
594 462 422
201 972 988
737 311 215
218 490 489
622 567 637
871 797 738
431 984 987
700 622 527
95 663 591
955 321 224
351 332 353
320 599 661
545 228 237
971 249 301
485 691 668
258 560 511
240 747 784
815 319 296
436 345 341
673 473 461
921 487 545
471 140 62
603 861 892
758 458 483
411 250 172
917 594 568
633 824 846
867 548 533
131 895 967
538 436 443
961 828 819
995 642 727
839 741 747
231 435 392
387 994 1033
931 206 229
734 535 484
227 190 113
109 568 517
476 446 503
283 922 971
880 439 487
589 374 390
954 845 907
947 213 153
55 834 760
532 493 565
621 714 632
137 817 757
513 147 182
426 845 936
795 620 687
92 391 376
918 909 885
34 742 707
847 920 896
278 147 230
956 916 923
751 997 1031
792 287 224
619 888 910
193 851 832
508 707 706
406 199 182
117 538 528
27 831 790
69 283 298
974 209 215
972 686 642
171 396 311
45 563 601
877 218 295
549 581 560
648 137 197
130 509 592
940 910 998
135 287 189
245 800 897
892 384 475
214 636 561
722 704 638
844 433 343
374 332 352
403 684 633
851 507 482
750 433 396
949 383 373
724 394 433
33 382 399
624 346 406
292 461 466
654 616 589
904 661 709
549 306 235
994 526 625
358 862 911
665 255 294
983 657 641
290 388 378
555 912 827
949 738 712
517 316 220
137 645 730
356 417 412
823 547 541
669 545 611
832 321 319
447 941 936
759 428 481
661 832 796
367 902 856
599 342 399
201 364 449
545 300 256
37 725 646
526 256 310
763 994 1015
698 545 455
55 970 1032
866 765 759
755 163 231
16 405 393
301 218 246
514 152 89
205 403 347
369 497 546
362 297 299
850 836 778
818 884 836
554 717 643
613 250 327
944 998 1078
66 501 441
113 182 225
442 347 431
876 546 504
87 323 353
902 778 778
772 965 929
455 311 386
612 427 424
611 326 312
50 239 238
130 419 441
396 168 78
885 987 1072
124 357 260
875 937 1020
836 496 533
62 782 710
418 671 722
660 217 190
805 601 584
153 155 164
217 698 786
204 744 809
480 681 771
410 694 759
843 621 653
599 345 390
230 474 402
349 258 318
901 585 606
951 957 1009
612 555 650
325 505 441
966 353 385
623 311 225
198 159 242
462 749 751
871 505 553
38 632 550
571 458 556
523 999 1088
24 788 799
467 769 845
739 931 1001
964 631 625
19 696 730
737 621 547
181 190 90
767 852 760
159 935 957
159 931 858
920 883 814
660 490 515
583 387 359
169 254 219
827 675 644
402 382 299
491 500 453
325 503 409
253 540 478
175 195 164
44 316 269
471 458 544
782 125 127
943 449 485
578 742 744
883 163 245
322 238 218
763 475 520
247 504 599
342 675 605
573 986 925
963 337 370
979 275 265
361 731 709
71 449 543
129 903 974
273 824 759
682 293 381
126 940 877
760 922 927
744 170 90
998 347 260
184 942 851
881 454 435
263 805 800
155 781 802
957 653 728
163 811 823
96 759 796
8 926 915
75 508 446
341 600 538
276 660 634
661 701 652
443 174 177
197 599 633
806 250 275
594 143 201
324 642 719
241 365 444
688 762 856
239 933 895
856 214 231
521 546 495
593 773 811
143 345 422
299 943 981
336 614 571
933 429 451
220 330 400
953 237 245
878 211 267
994 488 515
484 120 51
229 341 391
493 955 1033
429 855 793
995 583 588
354 839 831
600 494 530
743 364 391
856 845 847
281 650 651
292 327 425
550 468 412
501 247 289
338 153 81
869 325 252
689 796 794
122 318 236
406 926 993
233 602 640
839 170 264
83 623 575
485 617 679
639 814 776
687 560 590
928 688 692
700 811 753
933 360 326
850 443 490
403 297 391
471 912 974
48 887 965
616 232 207
408 956 859
913 346 387
563 927 953
352 502 468
632 691 644
7 987 910
216 756 760
117 731 829
990 564 471
127 470 501
78 807 719
343 823 918
262 562 569
702 236 314
355 533 537
341 772 777
68 877 926
765 451 523
276 445 515
679 480 575
463 174 85
265 230 210
772 210 242
913 690 662
390 593 636
134 169 80
995 640 565
379 414 492
754 291 224
171 160 229
242 142 104
377 193 208
488 550 519
140 249 201
682 573 603
748 323 379
344 376 431
685 489 420
888 394 476
944 544 460
980 409 373
74 685 725
568 308 245
724 617 582
244 849 751
483 539 590
782 348 268
208 152 209
527 292 327
15 215 239
351 288 308
996 577 611
219 311 259
788 479 572
619 771 713
102 780 818
369 565 560
415 656 692
620 466 408
737 178 123
937 730 745
462 375 389
688 975 1033
103 302 317
845 272 211
599 459 419
111 186 219
723 609 525
124 328 368
200 515 503
897 716 691
195 339 406
168 848 853
383 663 689
564 289 284
956 465 379
43 732 669
603 438 519
847 513 419
302 250 196
983 643 568
241 979 943
71 836 834
691 417 491
891 977 964
291 511 490
989 578 565
359 742 650
811 661 738
969 690 628
567 897 831
544 123 105
361 412 408
705 849 784
679 738 651
130 240 211
655 592 561
366 981 1022
984 128 131
636 918 915
521 198 108
536 352 371
874 720 811
705 261 293
411 417 385
556 476 470
98 794 719
77 213 211
97 840 835
5 411 333
103 843 870
375 890 824
61 533 442
230 495 545
575 196 128
986 501 544
755 920 983
871 145 223
692 583 680
31 119 217
854 221 140
731 786 780
206 938 944
639 979 1031
735 758 725
174 902 866
86 652 567
124 489 578
655 394 422
665 385 419
789 380 385
549 466 417
480 885 877
457 468 388
186 256 323
76 555 457
685 842 761
112 912 855
430 867 942
738 548 556
42 256 221
441 723 798
312 951 922
714 473 536
878 563 463
379 418 333
203 428 480
104 513 587
954 709 669
446 598 506
609 189 105
298 482 486
243 374 441
650 693 702
160 529 514
506 530 591
862 599 500
316 387 309
988 275 188
537 545 547
625 582 506
44 656 640
340 233 265
995 976 938
466 575 569
938 956 1051
488 785 853
799 793 724
984 894 823
473 955 991
4 522 483
617 632 602
755 117 155
728 707 744
251 986 916
202 518 436
960 499 514
728 358 333
610 497 469
560 627 694
24 344 411
610 617 608
617 928 870
289 653 740
274 373 311
731 508 486
169 589 559
447 214 130
882 550 588
463 872 822
725 726 680
295 583 659
215 988 988
825 287 344
121 233 145
568 402 460
106 751 843
222 176 158
716 248 206
573 863 914
266 197 193
797 441 496
784 338 436
983 784 847
122 597 684
450 653 653
170 470 492
243 438 504
398 802 811
244 174 98
342 845 822
713 384 321
969 185 279
727 177 267
275 903 817
884 846 850
290 406 444
657 949 1036
436 801 767
506 400 415
333 509 593
640 854 880
724 130 150
798 992 958
689 951 971
517 129 126
850 595 650
793 323 310
570 267 341
895 565 540
344 190 232
181 119 89
203 682 596
195 330 404
141 623 635
161 272 188
705 706 792
944 509 553
121 897 855
632 782 719
721 229 235
731 861 903
375 284 367
621 350 272
198 237 187
379 738 720
50 809 732
498 747 659
383 502 438
138 763 825
271 932 939
115 517 470
310 264 292
579 190 142
722 289 281
427 513 581
213 880 958
929 985 962
369 151 205
104 314 396
28 150 86
485 627 586
657 865 886
746 548 484
947 783 864
401 305 271
266 164 173
250 957 952
296 414 482
525 211 300
569 131 226
150 292 283
998 556 479
490 205 277
247 369 431
465 285 227
525 581 576
477 178 223
818 601 505
931 463 472
955 417 340
160 395 348
660 804 757
766 908 959
57 786 686
253 618 611
782 806 904
858 342 336
410 989 946
807 121 64
152 609 544
472 714 680
252 952 1051
149 300 352
908 973 1036
480 976 890
263 503 573
524 497 539
512 915 839
524 282 367
85 478 394
763 633 643
709 931 991
922 927 1017
892 715 787
865 553 521
307 616 637
741 486 411
646 230 258
839 339 272
253 277 226
840 349 251
763 841 885
681 667 695
362 626 633
859 503 483
429 808 849
851 457 446
986 571 489
244 252 338
430 399 336
698 621 526
520 632 690
146 386 380
726 959 1025
168 547 585
952 903 827
342 644 738
859 154 245
20 238 178
344 180 206
917 345 311
505 369 439
814 183 282
768 602 646
259 454 532
151 181 249
750 289 225
799 264 172
942 228 140
21 407 388
285 969 933
576 374 439
657 241 269
210 238 220
596 880 913
675 782 845
875 642 656
49 805 778
181 843 805
514 899 865
480 371 394
776 659 597
923 506 576
67 188 100
931 553 584
687 259 225
285 988 929
66 606 557
890 935 922
777 323 413
70 619 605
687 279 220
132 450 376
219 317 256
717 371 296
885 955 1018
872 361 281
430 546 479
358 775 686
597 275 341
169 232 312
359 615 632
741 800 844
973 917 1005
267 203 234
216 317 325
498 154 137
988 243 312
736 390 330
920 440 500
57 292 385
625 206 171
401 730 643
307 482 390
411 429 390
644 125 129
692 607 511
841 976 878
157 839 888
527 131 164
731 842 887
838 815 785
535 217 267
952 279 190
311 316 309
327 590 512
886 168 229
860 189 218
680 199 259
702 864 830
526 569 481
318 325 404
439 637 623
627 415 392
858 467 506
399 884 789
463 984 1066
551 811 865
651 498 488
499 323 253
15 617 653
257 672 771
848 583 570
192 969 881
592 425 509
463 156 120
445 179 235
234 989 956
669 786 883
908 299 296
478 436 435
110 152 203
641 151 172
607 539 598
960 596 573
13 528 598
89 813 772
78 622 628
838 920 860
50 908 829
417 451 468
464 895 934
509 678 645
990 327 415
537 147 228
7 492 575
797 361 262
372 625 541
283 208 292
181 386 480
563 482 459
446 114 184
85 733 705
329 144 114
369 983 1060
798 899 977
80 826 864
658 832 744
767 907 876
78 838 843
495 813 731
499 270 277
200 138 162
237 459 548
219 772 735
106 673 596
911 579 518
723 305 376
619 362 386
437 671 711
227 250 189
406 331 369
438 808 886
829 471 397
574 426 395
207 709 700
733 813 786
952 989 906
236 860 901
866 526 455
24 259 233
272 433 488
57 162 105
461 957 866
816 184 207
489 495 560
280 900 911
268 337 339
111 416 465
578 157 179
745 286 313
109 617 698
167 419 512
119 611 596
202 652 600
634 313 359
522 158 60
776 655 610
121 221 199
173 886 979
370 543 585
938 221 285
287 140 237
849 998 919
458 489 450
686 705 793
739 466 458
352 477 425
476 726 698
348 184 190
834 156 236
958 790 858
991 632 557
989 621 716
415 716 703
84 991 915
484 940 1012
896 463 405
588 678 715
670 999 906
721 584 658
485 498 563
72 358 422
646 472 534
328 453 398
318 841 802
251 949 1007
648 827 864
286 127 82
285 740 829
817 773 806
254 659 590
532 507 452
938 348 422
324 180 120
145 381 384
89 656 709
894 472 455
913 196 236
621 443 540
366 397 457
982 992 903
429 241 259
696 443 448
774 330 400
79 508 607
692 969 886
99 764 859
196 246 324
569 870 872
891 859 934
883 686 758
30 738 696
403 373 470
649 843 895
97 712 780
63 710 716
798 786 812
950 768 833
805 672 651
647 240 197
294 133 67
999 900 840
295 270 290
120 260 210
796 938 908
470 797 779
230 383 325
968 946 878
600 793 886
745 257 279
771 513 594
659 666 747
839 844 784
8 493 457
938 719 642
711 142 159
18 509 572
956 697 754
724 841 818
888 811 737
342 467 547
966 386 398
792 303 283
222 483 464
906 770 739
941 875 786
389 510 425
50 349 255
870 160 211
658 505 534
60 624 721
369 539 629
586 151 200
6 509 602
747 873 947
607 293 355
57 345 285
325 413 363
380 443 367
823 227 283
401 801 869
882 790 732
928 749 808
376 523 583
234 494 503
439 382 313
703 217 159
44 399 406
417 624 707
548 733 781
324 539 467
89 398 302
806 585 675
271 403 368
702 227 239
8 715 615
127 853 893
451 154 203
29 631 564
729 558 600
211 327 234
534 453 378
68 475 561
397 433 373
528 726 806
208 337 419
44 338 245
92 964 961
677 740 743
181 887 836
425 631 622
810 665 763
221 776 688
584 716 707
276 896 993
530 811 749
785 732 679
745 766 731
453 313 214
327 773 710
912 992 1014
536 510 494
285 503 531
965 557 502
849 963 963
637 950 856
337 233 296
75 443 455
303 735 638
48 741 709
40 907 858
489 562 620
930 937 852
433 620 528
392 821 899
337 379 384
475 408 481
849 247 335
552 748 696
262 763 721
158 179 144
664 406 469
594 221 270
167 288 224
966 325 339
269 228 310
603 698 675
756 579 525
473 526 583
207 742 651
285 111 52
617 404 478
741 242 234
941 907 933
183 179 198
316 689 762
976 609 602
503 952 897
970 271 310
680 971 1052
680 125 63
11 308 369
158 192 201
54 605 603
132 277 311
782 808 905
343 689 782
289 217 210
470 417 404
438 150 73
454 955 1014
676 235 296
768 953 1046
325 552 456
512 988 918
297 698 784
947 688 643
67 657 670
412 184 91
456 574 569
406 679 764
546 501 522
494 332 306
991 302 341
978 321 262
639 457 458
289 399 389
903 646 650
986 261 347
508 294 271
148 716 774
586 653 620
835 302 368
51 634 698
288 365 425
677 551 539
2 113 159
604 516 543
773 978 1002
979 917 842
660 373 328
271 188 260
486 490 529
75 341 390
361 185 92
857 899 942
859 404 447
315 166 130
291 731 649
199 395 309
493 510 556
581 756 656
8 635 632
268 367 379
352 144 229
239 178 234
569 814 842
631 562 653
329 847 796
649 931 920
98 995 1082
824 758 762
414 761 766
701 307 366
739 809 738
814 742 719
606 549 640
114 231 248
942 193 276
865 413 426
860 810 842
589 757 754
321 331 411
542 801 821
328 619 587
39 750 681
531 205 257
666 166 241
759 688 751
100 614 650
887 227 235
614 817 743
862 362 352
638 274 373
211 809 773
930 224 196
37 364 442
98 152 164
747 931 894
313 770 753
445 488 449
240 973 1057
522 202 258
706 607 591
492 604 630
620 892 904
904 325 344
951 231 270
874 729 717
615 125 176
41 498 438
11 770 758
114 699 791
672 506 539
227 881 813
106 553 609
347 164 201
483 696 723
179 425 427
195 819 744
630 603 536
372 781 716
35 284 242
479 251 343
346 845 782
843 988 946
903 793 821
562 513 437
915 190 150
713 644 643
267 756 681
21 904 903
216 172 178
374 431 333
201 397 368
188 565 505
955 827 748
408 508 541
497 618 634
97 887 846
822 440 452
714 553 569
784 997 1056
144 582 516
467 593 567
978 911 923
783 201 204
231 295 379
801 888 872
674 517 520
45 780 747
543 391 301
540 909 976
71 731 827
613 885 874
513 328 313
615 826 768
822 396 384
697 328 276
154 703 786
907 273 365
223 575 575
121 623 531
818 479 401
689 463 508
933 862 810
739 352 423
60 539 574
305 931 906
971 257 263
155 183 170
677 149 180
254 597 653
669 637 656
66 739 696
911 496 440
184 711 803
666 583 487
589 298 263
754 633 592
836 215 205
879 604 529
427 301 277
19 995 905
725 639 562
160 895 800
835 204 146
367 169 244
578 188 181
166 478 422
283 742 653
837 255 342
53 369 341
48 710 686
641 756 677
524 861 814
629 887 807
695 187 180
782 968 877
196 494 436
905 691 690
68 742 708
359 686 663
33 120 106
758 460 374
602 556 575
475 794 739
561 885 969
525 413 453
956 455 534
610 644 704
321 195 269
968 491 437
979 833 785
373 328 232
873 393 417
642 924 844
513 236 268
853 166 103
241 792 720
840 702 752
935 528 442
363 415 323
176 621 525
421 856 835
739 876 829
655 543 625
796 632 617
859 331 286
626 496 499
291 624 596
761 405 364
105 472 503
678 510 576
517 530 480
378 882 980
864 233 262
451 154 143
698 532 492
133 780 866
710 353 297
42 673 769
448 936 853
897 632 685
370 485 441
238 711 743
375 706 711
425 394 489
899 790 824
652 171 232
925 998 1001
558 306 317
487 291 192
74 368 448
494 159 113
171 410 412
840 998 1075
160 575 537
923 554 496
991 265 337
990 983 1040
210 554 523
413 162 228
702 168 249
757 972 951
94 326 340
92 781 763
615 680 694
114 957 955
288 255 251
269 132 126
767 832 868
825 250 169
890 990 1049
860 906 917
103 373 403
857 880 928
498 356 327
450 863 857
612 412 463
636 843 748
448 376 434
605 985 1009
595 183 185
490 894 868
785 500 494
650 190 156
926 850 915
772 279 234
112 697 775
935 483 488
235 507 601
218 325 341
300 877 812
181 442 475
619 772 762
707 304 224
539 599 504
728 446 505
389 694 776
807 597 666
254 176 92
495 154 113
357 669 688
730 825 880
474 528 507
692 928 849
241 129 158
619 153 127
276 864 916
822 785 798
896 649 713
944 722 685
573 989 1023
378 632 612
847 436 511
766 791 805
787 885 947
835 569 555
682 901 942
442 690 695
48 307 291
735 149 122
723 432 520
310 143 107
677 503 436
442 395 481
313 902 946
829 735 746
719 229 176
370 857 893
591 438 483
635 816 808
996 255 192
34 205 204
475 490 424
794 638 661
685 580 665
387 332 383
520 827 822
360 150 219
727 756 743
521 514 428
684 927 840
789 205 125
216 647 662
810 803 777
338 462 373
587 399 387
393 185 277
438 609 573
164 474 384
618 864 878
536 929 880
642 991 900
246 194 146
25 708 622
419 149 130
744 200 299
827 594 571
388 562 627
796 850 947
644 895 916
564 515 443
555 742 799
649 783 689
320 126 37
364 190 184
465 554 497
9 550 459
517 896 882
349 742 688
232 733 807
686 384 371
397 512 610
153 321 349
171 349 441
260 398 363
758 820 878
253 126 185
137 166 129
846 552 585
546 757 836
853 645 661
305 145 240
541 139 65
809 710 670
134 676 688
932 966 930
949 780 794
13 602 643
509 883 894
236 586 506
837 494 584
876 123 74
908 994 1054
583 222 244
220 491 539
182 990 1025
935 386 411
488 895 922
357 636 565
891 241 217
324 331 274
338 291 210
331 522 422
456 345 362
884 888 949
873 660 757
183 372 456
66 928 910
657 605 658
804 735 766
53 186 282
256 381 345
718 466 496
981 469 390
855 991 1089
474 819 892
768 808 717
687 740 662
244 217 271
946 899 913
32 597 622
336 582 658
735 867 887
139 557 573
130 654 641
926 647 729
711 527 562
419 571 544
539 672 694
426 468 479
973 979 996
503 648 733
354 543 575
857 188 247
468 705 790
72 206 276
540 127 140
58 732 829
689 169 173
92 712 801
69 318 402
672 842 827
159 776 832
246 474 501
915 296 216
23 232 167
42 992 1035
740 606 660
805 593 585
482 170 181
716 125 149
539 945 904
287 435 425
695 240 280
903 806 829
41 899 926
33 167 202
590 804 787
133 604 549
200 127 168
216 620 604
155 286 378
520 549 498
665 953 1041
447 687 756
334 346 423
398 913 997
178 629 631
732 113 141
751 313 381
325 942 854
522 429 372
15 396 443
962 617 597
611 568 637
875 433 369
779 335 351
362 265 316
365 720 718
593 404 352
528 265 278
886 319 236
208 510 430
777 275 187
292 631 666
655 496 506
630
852770 852944
852763 853016
852761 853086
852760 853195
852754 853211
852753 853224
852751 853272
852748 853320
852746 853323
852745 853353
852742 853377
852739 853379
852738 853452
852734 853460
852733 853501
852730 853525
852729 853538
852727 853543
852726 853549
852725 853559
852723 853581
852721 853611
852720 853629
852718 853685
852712 853698
852710 853701
852709 853717
852708 853730
852707 853740
852705 853752
852703 853757
852701 853775
852698 853803
852697 853809
852696 853834
852694 853839
852691 853868
852688 853903
852681 853927
852678 853938
852677 853940
852676 853969
852674 853981
852672 853986
852669 854026
852667 854031
852662 854033
852660 854046
852659 854050
852658 854064
852655 854067
852654 854079
852652 854088
852651 854098
852650 854102
852649 854107
852648 854121
852646 854137
852644 854162
852642 854167
852640 854185
852636 854198
852629 854200
852628 854239
852625 854241
852624 854252
852619 854255
852617 854271
852615 854276
852614 854294
852612 854296
852610 854303
852609 854330
852605 854331
852604 854341
852596 854355
852595 854360
852594 854382
852589 854409
852580 854429
852577 854440
852574 854441
852572 854462
852567 854465
852566 854475
852565 854487
852561 854490
852560 854518
852555 854528
852552 854532
852551 854533
852548 854545
852545 854551
852543 854557
852541 854560
852540 854579
852538 854593
852530 854601
852526 854608
852524 854610
852523 854616
852522 854623
852520 854637
852516 854655
852510 854669
852506 854672
852504 854678
852499 854697
852498 854698
852496 854703
852494 854707
852493 854711
852491 854719
852487 854722
852486 854731
852481 854734
852480 854751
852477 854761
852473 854775
852469 854778
852466 854780
852462 854794
852458 854802
852457 854818
852450 854828
852446 854840
852443 854849
852439 854868
852435 854871
852433 854877
852426 854890
852423 854892
852422 854902
852420 854911
852416 854920
852415 854930
852406 854936
852405 854946
852402 854955
852398 854965
852392 854967
852389 854983
852386 854985
852385 854992
852381 855002
852375 855008
852373 855011
852371 855018
852370 855020
852367 855021
852365 855023
852363 855025
852362 855036
852361 855039
852355 855043
852354 855069
852351 855071
852350 855074
852341 855081
852339 855087
852336 855089
852334 855095
852332 855099
852329 855101
852328 855109
852327 855117
852320 855122
852319 855129
852318 855132
852316 855136
852312 855138
852311 855143
852309 855144
852308 855145
852307 855146
852304 855157
852303 855163
852302 855166
852298 855168
852296 855169
852292 855178
852290 855181
852289 855184
852287 855193
852283 855199
852280 855210
852275 855215
852269 855217
852266 855229
852264 855234
852259 855244
852255 855248
852252 855252
852249 855259
852248 855262
852243 855268
852240 855271
852238 855273
852237 855277
852236 855280
852234 855286
852233 855289
852228 855290
852225 855294
852224 855303
852221 855307
852219 855308
852218 855312
852217 855315
852216 855319
852213 855324
852207 855327
852206 855329
852205 855334
852202 855345
852195 855346
852194 855349
852191 855366
852187 855367
852182 855372
852177 855373
852176 855378
852175 855380
852172 855382
852171 855386
852170 855387
852168 855389
852166 855393
852165 855397
852162 855401
852161 855404
852160 855407
852157 855411
852156 855415
852155 855424
852146 855425
852145 855430
852142 855436
852139 855440
852136 855442
852133 855447
852131 855450
852128 855461
852123 855464
852122 855465
852120 855468
852119 855474
852118 855476
852116 855479
852112 855488
852109 855489
852102 855497
852100 855503
852097 855504
852096 855509
852092 855514
852090 855515
852088 855517
852086 855523
852085 855525
852080 855532
852077 855534
852076 855535
852074 855538
852073 855539
852071 855545
852070 855547
852068 855548
852066 855554
852063 855555
852062 855558
852059 855563
852058 855565
852057 855568
852054 855579
852048 855582
852044 855585
852041 855588
852039 855601
852030 855603
852029 855608
852026 855612
852024 855613
852022 855618
852019 855624
852012 855625
852011 855629
852009 855632
852008 855633
852006 855634
852004 855645
852002 855651
851998 855654
851993 855661
851989 855664
851986 855665
851985 855673
851981 855676
851978 855680
851977 855682
851974 855686
851970 855687
851969 855691
851967 855699
851963 855704
851960 855708
851957 855714
851953 855717
851951 855720
851950 855729
851940 855731
851939 855733
851937 855739
851933 855744
851928 855749
851922 855750
851921 855753
851920 855754
851919 855758
851918 855765
851915 855766
851914 855768
851911 855769
851908 855773
851907 855784
851893 855786
851892 855796
851888 855798
851887 855801
851885 855802
851884 855813
851874 855828
851858 855833
851856 855834
851854 855841
851848 855866
851826 855868
851823 855872
851818 855876
851817 855882
851810 855884
851804 855888
851800 855892
851798 855893
851795 855910
851789 855914
851775 855915
851773 855916
851772 855918
851769 855920
851766 855922
851763 855923
851760 855934
851758 855936
851749 855938
851746 855944
851743 855947
851737 855950
851736 855953
851732 855958
851727 855961
851719 855962
851718 855964
851717 855966
851716 855969
851706 855972
851705 855974
851702 855975
851701 855980
851698 855982
851697 855983
851693 855985
851690 855989
851687 855992
851681 856006
851671 856011
851663 856012
851657 856015
851652 856017
851651 856019
851648 856022
851647 856028
851643 856029
851636 856033
851632 856034
851630 856040
851629 856042
851628 856043
851621 856044
851619 856045
851618 856048
851615 856049
851612 856052
851606 856057
851600 856067
851586 856072
851582 856079
851569 856083
851566 856084
851565 856089
851561 856090
851555 856092
851552 856094
851551 856095
851547 856104
851541 856108
851531 856113
851523 856114
851520 856116
851517 856117
851516 856121
851512 856123
851511 856124
851510 856130
851498 856132
851496 856137
851493 856140
851485 856143
851483 856145
851482 856151
851468 856154
851467 856156
851466 856157
851461 856159
851459 856168
851444 856169
851443 856170
851441 856172
851440 856174
851433 856175
851430 856180
851427 856184
851424 856185
851418 856188
851414 856192
851410 856195
851398 856198
851397 856209
851387 856210
851381 856212
851378 856215
851377 856217
851373 856223
851361 856224
851354 856228
851353 856229
851351 856231
851350 856232
851348 856239
851340 856241
851328 856243
851327 856244
851322 856247
851320 856250
851317 856252
851314 856254
851312 856255
851303 856260
851300 856265
851293 856266
851289 856269
851285 856272
851283 856274
851276 856278
851270 856281
851268 856290
851255 856295
851248 856296
851247 856299
851237 856302
851235 856304
851228 856307
851226 856315
851219 856316
851211 856317
851199 856323
851196 856325
851194 856329
851178 856332
851172 856333
851171 856339
851164 856343
851158 856344
851146 856345
851143 856350
851138 856351
851136 856352
851134 856356
851130 856358
851125 856360
851123 856364
851120 856365
851118 856368
851117 856369
851113 856372
851100 856374
851098 856375
851090 856377
851088 856379
851085 856382
851083 856390
851067 856393
851058 856395
851051 856400
851035 856403
851029 856407
851024 856412
851006 856413
851003 856417
850997 856424
850980 856426
850977 856427
850976 856429
850970 856433
850958 856435
850954 856436
850949 856438
850938 856439
850937 856444
850929 856449
850920 856450
850919 856454
850903 856455
850902 856456
850901 856460
850881 856468
850865 856476
850851 856477
850846 856479
850842 856480
850835 856483
850825 856488
850813 856490
850801 856494
850794 856495
850793 856505
850756 856507
850753 856510
850745 856514
850740 856516
850735 856520
850707 856523
850700 856524
850691 856530
850689 856531
850672 856532
850669 856538
850654 856539
850652 856544
850627 856547
850614 856550
850608 856552
850603 856557
850594 856559
850583 856563
850567 856564
850565 856565
850562 856568
850550 856569
850549 856571
850531 856573
850528 856577
850523 856578
850511 856581
850500 856583
850491 856587
850478 856588
850463 856591
850453 856592
850446 856595
850439 856599
850429 856600
850426 856603
850409 856604
850405 856607
850392 856608
850387 856613
850363 856614
850359 856617
850343 856618
850336 856620
850328 856625
850307 856627
850301 856633
850278 856634
850274 856639
850259 856640
850222 856645
850216 856648
850193 856652
850164 856654
850141 856656
850133 856657
850117 856661
850106 856662
850103 856663
850100 856664
850091 856667
850074 856670
850073 856671
850061 856673
850033 856675
850015 856677
850010 856678
850000 856683
849986 856684
849957 856687
849952 856689
849928 856693
849910 856696
849874 856701
849873 856705
849804 856707
849782 856713
849751 856718
849708 856723
849638 856725
849596 856726
849586 856731
849551 856733
849510 856736
849497 856737
849439 856741
849423 856742
849405 856743
849373 856746
849268 856748
849160 856749
849156 856751
849110 856753
