2000 2
501889
259 712 801
932 775 683
210 745 787
433 730 726
583 177 111
442 677 677
493 778 704
515 905 948
621 706 761
168 616 569
844 470 475
592 423 414
306 461 494
3 207 126
78 636 672
715 789 714
466 347 370
359 465 391
29 214 264
598 905 989
3 253 306
354 719 690
749 237 269
857 830 863
449 919 967
213 638 629
478 749 833
876 410 366
992 528 490
886 309 390
47 239 321
731 920 873
873 349 251
683 939 1013
593 642 606
186 414 420
904 821 723
241 753 830
710 115 191
933 392 445
79 311 373
989 233 242
258 469 452
190 483 403
787 369 407
129 655 731
927 241 298
650 252 157
655 153 200
971 936 969
198 730 779
336 565 612
739 161 259
158 534 470
449 624 718
62 353 273
208 247 152
367 945 980
414 968 934
343 733 693
40 438 438
551 214 281
608 868 883
85 863 909
662 138 74
935 113 61
90 202 192
28 227 290
992 830 776
692 236 251
61 507 530
177 954 887
30 809 864
876 433 504
907 197 201
910 360 351
14 578 587
145 980 994
953 819 832
96 138 89
541 650 613
490 308 307
276 457 462
639 257 237
736 132 93
18 596 539
542 114 60
520 599 574
318 221 187
348 725 710
954 955 1048
177 350 341
567 792 838
732 371 345
756 728 649
303 114 39
307 309 342
856 516 453
980 851 852
672 256 327
622 635 696
891 606 703
658 124 134
950 776 733
645 218 126
649 315 283
872 427 457
328 132 133
162 300 297
325 751 683
915 622 678
473 453 487
488 441 407
236 933 889
357 298 383
586 335 350
941 641 630
966 331 386
180 782 869
899 327 279
475 470 405
860 276 306
232 875 802
157 281 255
368 532 578
620 467 430
217 979 930
465 489 434
221 290 271
464 235 195
868 469 524
55 628 655
914 317 391
106 441 346
580 774 753
980 535 438
958 817 763
384 158 197
586 359 442
726 719 695
130 990 940
711 794 755
943 474 418
316 360 325
62 385 466
539 738 815
334 753 822
388 960 905
667 692 755
352 620 628
341 961 995
111 296 272
519 568 533
800 764 792
110 166 206
815 972 920
537 871 886
493 734 826
148 937 963
721 773 869
677 366 330
885 963 950
401 414 504
137 704 754
199 386 458
168 122 157
23 338 281
724 851 892
654 820 891
399 493 508
686 479 429
645 768 696
986 266 274
654 225 260
963 896 971
976 775 683
233 490 403
67 682 740
864 423 411
295 296 364
709 809 814
448 147 81
623 272 204
752 753 815
635 467 522
384 357 407
810 395 492
453 454 364
804 268 351
14 662 604
799 523 607
840 993 966
22 259 357
744 401 449
146 236 211
422 927 979
742 708 722
130 696 601
306 743 809
926 669 737
391 858 886
383 787 783
550 227 227
877 219 168
19 880 858
937 328 391
610 117 128
269 627 664
979 649 747
608 498 582
449 359 321
210 930 968
341 470 419
463 918 842
329 250 178
574 600 515
582 437 474
163 934 1025
768 656 743
205 651 660
484 581 679
407 858 798
811 587 595
720 805 706
877 914 881
429 151 232
795 222 220
721 835 865
336 797 781
943 741 766
473 337 259
314 332 335
849 513 478
631 997 906
535 115 200
581 413 384
706 333 263
521 770 844
293 463 404
3 838 768
257 506 530
506 605 692
958 176 233
955 468 451
960 512 602
301 447 454
552 762 710
294 896 948
690 783 694
509 968 879
953 213 176
509 768 832
583 713 768
985 524 571
436 896 935
814 855 954
548 442 451
432 656 724
188 446 452
153 495 403
268 547 645
8 827 827
685 668 585
151 472 386
34 237 238
871 856 820
244 853 927
857 451 411
235 311 308
667 785 813
159 821 903
964 816 899
592 375 395
999 452 502
142 516 573
980 968 999
815 366 446
199 250 301
424 518 616
182 954 986
981 636 700
775 556 613
74 484 459
458 131 106
914 801 804
878 613 612
166 309 271
323 222 224
781 898 985
730 893 816
321 592 511
822 432 506
243 241 330
266 577 558
43 912 875
608 484 423
831 928 900
957 317 354
843 773 766
723 715 654
265 820 823
627 908 875
774 796 812
299 749 818
200 220 298
620 504 503
539 680 645
772 113 70
517 722 648
198 248 318
995 422 345
892 882 930
664 295 298
383 812 875
507 677 580
949 580 607
590 134 69
593 427 516
281 682 675
436 798 830
786 668 699
654 773 783
861 546 489
651 118 137
288 845 766
815 860 770
842 537 565
199 694 641
842 649 652
615 173 263
242 763 811
986 459 437
477 950 901
485 252 333
311 784 722
154 878 780
634 926 996
291 610 520
895 821 899
966 393 394
700 352 402
93 121 168
37 472 414
196 699 738
954 616 517
817 789 721
735 798 857
297 667 584
97 712 808
414 617 706
685 180 210
697 847 895
104 613 668
765 803 898
335 535 620
98 543 592
871 689 685
498 508 563
175 586 661
745 571 528
823 527 621
651 216 250
217 876 930
994 680 688
472 658 732
959 596 690
609 371 439
58 800 768
593 603 606
112 493 445
579 750 667
698 727 774
559 435 525
200 235 324
816 715 698
362 604 579
655 579 676
431 441 350
985 745 772
415 316 365
135 549 514
828 625 530
194 390 407
333 348 405
14 302 322
568 675 767
95 123 146
467 112 22
181 153 60
411 720 710
904 498 514
483 790 772
797 814 835
66 446 533
280 255 345
914 791 794
928 759 781
930 421 337
978 465 417
664 497 531
100 897 912
864 528 440
656 895 966
34 544 628
196 490 430
961 448 371
690 910 819
40 568 663
438 640 731
872 873 896
757 582 625
227 207 223
109 260 207
596 134 88
24 955 948
403 247 233
303 352 276
816 393 324
412 372 391
270 332 326
800 883 828
908 634 624
77 264 276
104 477 408
54 720 656
207 248 265
478 630 707
795 737 777
90 879 802
340 522 499
209 940 877
797 253 172
969 657 591
382 268 223
68 410 375
222 572 579
807 204 106
512 993 1054
377 731 810
839 835 782
772 290 279
932 456 404
547 541 483
724 694 713
61 939 971
579 343 419
684 820 858
677 832 772
375 662 678
190 571 555
392 783 721
780 291 216
264 508 542
920 698 677
852 338 329
115 927 834
912 825 868
723 551 530
343 733 787
861 360 452
618 734 704
822 906 832
269 128 107
929 725 688
186 188 122
105 593 550
907 625 564
403 376 460
103 729 681
384 527 452
86 494 542
980 809 822
1 928 995
691 393 445
778 676 766
322 828 738
900 192 284
199 368 341
895 297 290
364 532 602
795 644 731
581 416 499
501 919 1002
818 773 795
454 564 541
261 520 562
353 568 590
642 535 597
852 860 901
326 388 302
925 257 330
270 203 192
179 131 220
924 949 1002
434 603 547
893 949 945
409 692 759
886 347 342
729 179 144
42 807 838
207 869 885
311 750 820
334 259 165
277 213 303
830 895 872
774 203 159
429 631 669
695 485 500
772 909 870
555 313 282
409 896 906
129 524 596
295 391 330
410 418 413
293 377 338
396 722 638
981 972 973
403 697 637
302 321 416
529 593 599
413 902 989
878 506 419
194 385 357
540 562 616
840 985 898
528 368 360
497 440 428
157 892 961
394 184 113
936 162 197
826 634 552
271 580 673
580 641 573
88 963 1003
72 762 770
361 820 734
731 342 355
610 736 780
692 599 522
750 731 641
340 444 520
868 525 455
465 496 542
424 641 704
157 376 454
954 859 809
215 921 1017
918 537 555
468 293 250
167 398 305
542 447 422
8 341 289
442 476 517
39 238 164
337 967 924
179 869 817
91 204 195
571 189 164
775 716 785
100 969 871
477 112 122
736 446 458
148 662 562
291 403 311
254 520 495
108 777 788
213 993 1022
301 512 455
981 847 945
947 709 627
948 720 733
326 323 284
946 821 811
275 824 872
735 860 959
485 306 227
478 801 764
928 487 510
757 681 701
431 675 684
116 758 757
354 375 439
154 648 701
955 162 70
798 824 879
19 822 774
795 916 964
219 310 343
861 861 846
496 506 577
224 992 1086
522 545 510
126 387 382
184 181 168
986 219 165
787 910 860
693 255 164
917 913 866
761 619 544
206 998 1022
198 871 940
686 846 820
997 247 246
76 674 709
198 172 205
98 379 369
260 604 533
163 646 558
734 883 948
733 997 903
588 663 608
415 528 611
568 856 938
202 408 505
271 124 61
573 716 672
128 230 238
730 361 402
599 418 406
596 263 197
218 291 343
686 495 430
526 420 468
860 343 432
876 333 276
557 499 556
692 752 835
973 346 375
319 974 923
491 477 545
693 631 543
126 419 468
474 576 530
736 349 275
986 301 203
424 494 507
145 307 258
410 234 180
381 810 820
792 141 49
379 891 938
725 945 1017
249 721 688
517 964 878
731 195 106
163 204 200
384 709 734
523 940 847
311 258 241
345 749 691
223 787 805
162 553 516
848 431 443
809 730 646
904 795 857
10 848 943
682 389 360
614 948 1024
780 982 920
499 466 473
260 654 706
757 290 374
118 570 624
814 183 198
585 255 251
414 978 976
728 956 890
670 387 444
650 283 296
50 455 368
661 933 898
862 720 637
379 651 591
461 447 350
624 963 983
599 504 407
550 942 990
861 209 191
55 910 822
442 527 449
367 588 642
54 879 906
661 955 858
41 246 241
998 262 182
442 797 837
377 812 762
488 584 506
387 952 885
856 120 141
393 222 317
258 910 815
207 587 624
360 602 647
530 137 182
303 226 160
92 849 858
624 182 89
571 281 265
582 429 384
707 969 1003
607 947 1032
144 972 899
696 696 695
725 456 361
855 215 180
686 367 350
767 854 762
959 885 907
317 372 311
283 619 699
225 327 329
194 264 294
852 384 354
242 825 740
360 848 934
648 250 273
484 623 600
355 661 629
649 318 350
222 494 583
465 409 342
637 864 836
945 557 500
748 868 859
578 936 999
734 875 867
311 535 624
929 878 838
164 295 385
595 883 817
930 834 861
777 985 940
280 419 363
132 611 705
60 128 137
919 855 811
398 379 397
261 333 337
468 603 640
337 561 517
152 716 658
135 396 493
482 641 594
45 838 818
65 812 804
901 410 386
204 661 716
454 300 207
9 765 766
516 486 554
198 737 836
518 925 851
116 916 938
934 266 297
723 623 667
61 143 167
680 481 546
893 284 239
629 318 275
53 768 828
757 629 529
673 625 629
580 740 767
755 395 409
331 979 937
368 730 700
785 394 300
980 238 323
214 487 498
953 744 765
537 570 543
115 572 479
823 146 169
144 711 685
121 329 370
817 590 504
136 905 976
279 935 1002
703 871 781
415 478 379
932 131 139
451 457 488
491 492 488
167 154 179
412 487 536
951 226 238
845 292 331
773 167 262
629 914 950
43 961 880
66 968 873
455 562 557
883 259 353
932 688 615
357 356 365
486 131 131
690 632 601
754 365 288
657 345 394
615 951 1009
579 147 218
88 172 134
254 599 537
903 573 498
180 695 691
203 295 388
789 741 772
75 160 142
339 265 179
284 930 967
326 744 696
395 616 586
944 891 912
465 175 176
123 288 325
330 717 795
39 690 726
94 387 438
268 755 673
191 818 793
903 539 579
471 774 693
350 198 106
422 737 738
621 301 327
304 914 1006
955 818 917
267 535 453
991 318 290
787 402 412
269 739 730
16 476 561
114 564 519
818 603 642
33 167 131
936 727 751
732 692 707
210 692 761
443 775 842
770 207 231
478 698 776
888 214 295
399 148 52
953 394 462
17 126 200
711 411 473
366 966 974
20 592 642
767 455 394
875 311 404
537 867 855
652 772 738
695 692 738
14 712 749
32 571 611
370 459 441
332 291 346
873 773 832
262 553 566
487 726 714
338 696 791
83 201 227
736 496 460
413 258 225
931 867 841
324 602 649
526 969 883
272 772 860
769 593 534
462 207 245
121 599 505
223 579 501
657 250 319
822 539 491
673 840 778
226 280 283
192 938 846
936 112 75
480 952 868
588 247 256
137 863 896
663 891 968
820 992 1001
302 859 832
123 203 111
314 376 329
244 837 828
246 876 855
193 267 342
346 342 334
193 828 848
71 531 483
63 433 349
904 919 896
9 357 358
307 394 458
124 633 546
984 152 114
161 505 505
421 394 464
228 807 715
701 451 373
65 686 621
973 761 676
251 215 132
570 668 647
158 510 513
205 568 568
648 846 879
967 406 323
750 273 235
134 311 214
781 412 328
513 568 478
631 639 600
258 718 793
707 181 87
223 643 590
50 202 279
381 794 864
564 871 891
789 262 309
129 277 280
643 349 255
239 397 429
921 668 752
1 557 582
599 587 657
703 798 878
472 697 653
328 567 636
498 215 242
685 871 923
953 444 425
276 473 502
903 175 188
406 995 1008
941 666 599
715 535 609
375 448 416
888 699 732
6 563 496
860 239 309
236 919 980
644 392 308
716 966 1063
712 581 559
337 197 163
814 346 255
194 231 215
856 535 497
365 241 204
510 390 325
419 260 242
735 978 889
697 163 217
227 150 147
324 499 563
589 795 822
724 839 905
202 327 364
348 605 515
663 887 899
831 157 253
806 526 569
865 577 559
909 377 405
347 809 902
117 652 662
935 330 285
179 181 177
734 792 857
608 839 837
661 450 414
129 434 359
653 182 281
953 550 630
739 231 181
349 201 174
596 694 654
675 942 938
441 480 423
261 328 392
643 765 762
7 164 186
87 279 232
582 275 219
718 190 281
819 413 374
475 740 820
410 121 136
826 549 452
71 741 697
807 585 669
867 128 213
57 674 577
242 911 930
331 218 181
672 182 109
380 456 478
392 370 274
884 884 953
593 901 984
128 262 307
147 193 211
780 131 160
680 145 223
801 678 622
882 959 1037
270 190 144
562 733 766
432 752 762
322 616 544
492 543 497
585 299 282
608 826 765
647 515 590
285 418 453
239 616 628
329 522 588
30 767 745
750 470 535
319 960 889
806 199 226
18 440 385
822 812 878
278 988 984
623 879 931
193 595 495
656 205 171
394 945 917
798 406 328
753 252 238
853 383 330
224 952 903
13 263 178
999 115 86
864 542 637
409 333 267
516 336 401
454 632 576
787 954 857
945 165 219
253 549 574
200 761 831
372 988 1060
377 169 241
861 485 530
112 466 393
365 619 649
951 466 387
900 663 741
962 680 747
456 479 397
188 147 105
175 903 935
241 782 689
661 659 739
62 416 318
634 536 511
34 226 191
654 319 264
296 224 162
710 969 998
751 161 228
643 419 320
399 119 69
16 154 236
359 954 1048
837 965 986
967 410 438
203 702 660
330 906 924
295 188 148
352 763 673
699 617 656
709 625 543
758 848 769
707 769 762
668 745 706
6 396 350
671 965 960
566 338 399
653 863 783
387 241 231
956 287 217
536 905 977
365 988 1011
106 196 161
820 613 711
141 885 984
103 239 272
359 662 609
205 489 566
351 579 534
549 981 927
443 226 279
430 991 917
526 652 599
91 942 853
961 936 876
107 935 895
727 641 673
153 851 924
679 752 695
658 997 1050
789 315 257
779 998 1026
389 228 161
324 441 392
252 494 437
179 673 638
776 942 852
608 642 583
330 523 600
328 717 725
558 510 476
557 697 619
689 377 377
62 525 589
493 754 669
125 949 900
61 350 256
658 397 425
123 580 674
804 478 437
254 962 1033
914 369 351
214 468 388
681 914 846
405 758 789
349 827 883
618 166 234
940 194 193
469 763 787
882 737 722
840 113 149
131 874 892
533 351 412
437 442 439
166 586 664
971 280 228
34 973 1045
128 832 892
862 387 341
567 939 869
570 429 527
429 145 70
700 673 704
73 502 421
607 937 889
797 844 790
768 171 124
580 937 915
890 761 712
822 114 178
181 251 229
219 246 310
851 358 362
293 943 962
223 140 80
48 372 272
115 580 633
45 817 786
776 279 226
780 508 420
938 351 299
92 702 694
370 545 507
307 121 142
339 651 716
633 831 906
161 831 929
955 626 532
146 935 997
592 259 277
863 313 318
528 528 552
18 938 1036
29 327 286
636 865 892
447 712 665
258 601 587
837 592 569
765 623 629
931 455 379
160 980 1077
629 562 565
560 225 231
803 217 229
651 481 420
328 158 186
879 398 478
421 781 828
996 236 237
384 709 696
362 819 838
870 808 753
999 377 433
119 850 867
536 461 408
589 636 649
912 321 310
667 234 307
808 892 964
482 452 401
280 840 862
64 481 477
364 681 676
196 490 509
589 123 49
181 336 380
418 840 867
556 348 308
435 230 152
818 998 1016
639 329 403
56 872 959
697 409 369
124 836 835
138 479 396
391 598 551
212 353 390
478 919 867
612 301 336
611 401 399
856 929 855
713 817 754
49 762 839
864 141 43
279 583 512
827 660 667
101 898 948
11 618 563
224 833 901
551 545 535
472 985 946
267 215 119
999 383 297
34 282 369
565 291 233
183 423 331
69 902 830
639 681 611
452 885 860
940 744 829
924 258 237
42 533 566
348 552 585
541 615 654
744 558 510
96 749 738
985 787 789
627 914 844
498 161 182
212 497 506
377 433 426
851 788 790
349 491 562
916 194 174
420 816 744
139 161 109
899 559 504
803 127 197
860 264 234
295 802 814
657 398 485
419 816 874
847 381 309
941 256 167
734 612 607
792 741 764
296 955 958
315 267 230
487 137 73
265 449 444
588 950 876
382 897 907
686 711 691
849 836 804
414 887 802
123 422 495
73 970 902
248 540 535
277 824 917
658 984 930
603 518 581
487 637 577
163 239 316
979 595 642
852 899 828
203 966 920
170 849 817
652 995 1013
455 531 604
438 500 505
896 706 632
488 545 568
633 723 779
179 622 674
66 388 410
29 520 583
859 762 858
853 179 206
327 705 623
765 589 594
434 169 154
922 285 367
612 834 843
188 639 684
500 426 484
960 971 1034
694 807 842
771 793 799
440 471 542
978 552 576
45 133 44
241 512 608
55 435 453
649 921 977
5 678 634
972 492 440
755 331 418
523 934 975
928 518 447
425 392 317
451 946 880
902 997 979
267 979 972
180 617 540
817 422 346
247 671 589
495 885 954
422 828 802
879 567 526
196 698 742
136 809 743
132 961 876
109 437 405
678 851 855
29 954 922
658 172 189
530 254 170
337 118 118
849 448 424
510 713 728
297 468 510
253 624 693
620 692 782
453 998 1024
402 574 606
471 877 840
632 510 579
640 583 520
20 141 48
698 481 490
101 996 1064
677 742 660
332 605 647
330 564 497
851 238 251
714 826 734
164 220 254
694 975 937
728 251 217
146 282 188
142 767 693
851 626 687
407 710 638
917 456 450
62 605 569
865 223 130
989 259 198
961 857 935
120 247 271
312 543 596
51 570 651
630 687 739
304 517 450
693 641 558
250 170 99
376 457 359
543 489 389
384 666 758
537 571 487
23 235 213
540 917 905
188 836 750
645 622 597
242 771 685
309 847 811
698 977 1016
124 988 936
748 989 1013
267 957 889
407 141 77
314 491 535
130 886 968
705 952 963
448 400 459
277 463 384
252 749 810
239 480 565
227 694 729
179 359 448
213 502 472
641 665 698
514 419 477
461 340 339
786 835 924
183 655 599
900 750 745
316 578 620
971 515 603
252 229 153
692 181 147
317 493 588
663 195 192
921 902 991
736 457 504
349 411 494
69 611 675
594 145 72
50 781 702
184 730 701
262 837 747
692 245 218
788 223 129
678 658 748
69 613 651
406 379 286
969 307 228
9 147 187
763 268 318
460 364 450
277 684 623
429 730 807
555 169 204
172 198 169
737 157 141
39 771 836
260 806 865
301 902 963
478 636 650
763 415 320
408 357 318
106 532 579
171 433 391
270 146 138
322 462 401
65 838 785
847 687 686
737 508 567
329 337 292
671 844 752
948 871 860
422 255 265
784 909 953
824 278 376
220 689 652
39 867 843
687 190 135
135 632 724
390 454 412
215 700 792
70 736 818
232 245 211
130 737 660
319 491 579
969 486 418
820 766 706
909 216 293
496 418 322
882 387 369
546 647 672
249 615 654
400 537 623
105 834 745
533 940 915
954 890 859
692 146 79
811 326 241
157 228 242
467 250 241
71 618 518
638 288 238
119 908 938
932 846 897
865 899 856
742 346 294
782 655 742
26 804 853
158 873 953
315 493 467
885 899 887
85 900 815
982 234 173
810 813 739
697 596 695
962 852 899
575 179 183
355 122 131
213 786 826
643 700 603
530 141 221
418 533 630
558 604 698
348 781 837
894 897 892
728 894 882
805 661 564
818 235 209
579 720 736
243 456 401
277 472 523
752 387 322
308 377 423
62 351 267
946 157 251
827 582 622
447 975 976
587 989 954
273 430 511
661 949 878
69 262 246
379 935 870
678 201 197
949 853 862
2 925 923
532 903 867
504 639 692
492 202 172
851 493 518
795 409 366
965 541 512
892 918 965
994 187 170
829 618 590
745 214 187
636 653 732
230 938 918
333 732 810
762 158 207
98 716 724
582 972 973
491 401 380
576 167 145
147 536 480
264 860 953
873 296 316
804 205 271
503 563 496
556 468 553
237 242 147
207 723 744
533 283 202
597 637 672
77 986 1050
919 294 211
129 264 355
236 800 852
744 652 605
147 799 863
295 735 647
983 759 712
178 410 470
770 498 477
755 210 204
961 941 919
135 128 132
910 981 1032
519 771 771
294 120 149
996 852 940
725 906 991
63 255 176
499 966 1041
611 431 457
545 853 871
564 314 359
543 779 806
287 565 496
297 123 112
131 700 689
26 651 585
188 586 532
151 680 726
511 570 538
346 242 319
575 769 759
327 526 625
838 204 160
852 342 357
515 742 783
124 250 297
658 402 486
299 610 524
816 372 388
963 678 764
704 579 580
172 981 1047
277 977 1011
537 339 343
248 853 760
405 595 527
732 360 423
294 291 214
588 356 443
227 875 954
753 813 833
732 374 428
706 225 135
963 821 838
799 397 464
344 431 379
624 575 669
827 415 368
104 521 592
963 463 379
754 373 439
51 909 922
179 709 663
978 755 702
301 390 297
661 245 220
184 460 360
526 436 502
987 674 760
384 545 624
679 618 648
577 471 511
251 975 1051
975 329 401
289 539 471
440 570 634
832 908 809
199 911 917
832 761 764
322 703 783
893 613 629
299 304 235
272 929 911
517 824 801
998 700 734
516 843 765
413 685 774
314 691 620
46 275 370
712 738 698
278 652 590
495 281 279
416 423 475
219 788 744
881 241 196
705 841 900
352 942 883
5 895 899
191 136 149
896 117 72
505 384 395
696 556 466
49 994 987
810 784 821
956 144 157
778 393 347
714 211 236
597 397 423
626 861 925
633 476 519
941 724 668
443 330 413
437 376 469
195 793 848
233 515 561
550 131 133
664 375 320
985 932 996
829 604 593
240 445 361
930 194 98
178 391 384
476 319 399
244 290 209
698 981 947
722 745 821
20 311 320
943 512 518
498 355 327
874 754 774
967 828 834
284 849 890
518 375 312
720 290 275
699 378 303
413 672 741
638 568 641
91 164 226
366 636 598
90 957 893
896 603 533
727 186 172
25 816 906
226 980 1014
527 473 447
159 586 643
673 452 436
733 336 338
325 169 245
277 444 538
830 608 681
915 743 761
709 240 263
687 199 267
95 798 772
630 240 246
15 939 879
268 427 514
333 885 837
708 779 786
268 753 726
979 635 591
126 274 372
225 824 859
997 686 740
144 127 107
76 599 582
432 779 816
303 722 625
56 953 998
777 541 640
367 868 962
551 230 150
354 223 187
2 827 791
21 626 619
570 985 993
322 468 562
9 188 143
956 205 171
441 851 772
293 847 842
428 824 729
554 913 889
360 313 289
940 600 580
924 125 219
327 607 565
415 583 543
521 829 780
354 235 274
183 332 430
985 755 738
888 780 874
117 229 195
667 569 523
684 928 867
243 903 908
774 275 363
582 544 536
722 775 837
971 508 607
696 501 597
449 874 948
583 851 948
99 259 290
18 503 470
909 680 696
95 258 229
583 205 292
330 615 647
777 451 477
216 448 413
75 433 488
907 318 290
75 307 298
516 889 884
157 302 279
324 819 815
430 247 159
998 193 171
381 780 714
760 453 430
123 745 737
356 548 521
577 868 856
452 387 479
667 811 734
465 265 253
618 693 767
710 749 822
464 210 159
849 361 263
563 705 631
56 226 223
907 554 467
219 949 952
7 914 851
181 129 159
835 521 474
553 406 501
665 290 278
947 512 470
616 521 591
745 640 721
245 186 249
188 244 151
91 705 613
112 870 814
573 559 470
906 798 820
108 778 733
559 282 226
21 541 608
616 411 427
700 331 396
851 168 71
520 200 121
375 237 180
879 435 493
652 486 525
404 140 201
596 385 358
81 584 561
418 441 341
666 961 1001
731 809 819
832 825 739
974 921 910
340 227 192
762 932 1028
796 664 640
106 493 589
638 818 730
10 272 267
966 274 203
752 898 973
556 502 543
467 568 604
598 967 871
522 370 427
145 352 368
575 694 731
370 677 642
551 731 698
735 268 228
621 397 307
62 288 310
576 919 834
539 638 673
830 659 598
103 470 438
759 989 1072
396 712 669
94 113 180
271 412 426
594 681 619
793 729 680
702 383 449
296 452 426
913 163 103
318 338 298
306 642 554
982 567 558
984 822 832
324 678 742
964 299 282
661 472 414
967 699 781
351 550 491
410 879 803
666 169 156
263 438 487
777 494 539
578 901 943
216 502 409
428 345 245
834 715 747
496 902 927
990 824 920
855 120 98
921 229 140
290 620 583
721 394 313
610 152 186
51 785 863
314 817 780
993 818 748
883 518 547
686 188 215
697 171 170
830 518 501
404 568 609
722 852 837
769 938 845
528 649 566
324 552 532
120 835 814
578 970 925
665 658 751
733 338 370
192 778 776
706 259 338
541 887 911
472 379 356
78 412 495
574 491 439
389 849 821
357 311 398
972 560 580
229 529 496
979 230 235
147 669 615
21 577 631
322 240 189
662 586 551
90 512 591
919 726 683
146 157 186
651 991 1014
122 638 707
256 937 1002
883 517 611
409 725 823
554 524 486
89 744 839
540 144 56
233 944 1040
286 311 237
276 885 941
869 545 625
799 408 339
256 253 161
947 227 217
413 220 121
126 499 418
163 477 504
100 534 607
326 521 451
197 637 623
686 443 403
21 358 277
181 500 471
313 539 499
436 941 984
872 947 1015
285 143 43
761 709 629
223 592 577
815 729 754
190 223 185
468 490 456
906 578 580
388 894 959
322 274 226
264 910 836
300 768 751
972 771 707
514 863 843
211 355 298
338 912 893
764 300 375
291 596 652
173 164 98
357 899 897
256 243 294
995 362 273
738 735 640
584 895 903
860 365 415
762 559 477
975 923 994
522 813 742
582 620 583
469 772 807
617 321 407
900 993 1078
603 154 187
485 180 130
771 663 585
276 444 518
190 525 594
979 397 371
552 528 618
296 812 796
533 524 431
526 464 551
575 400 408
652 992 897
274 326 385
649 424 338
116 311 263
438 176 124
907 505 563
696 462 380
162 837 861
560 871 800
885 816 860
876 408 383
119 432 462
333
872602 874340
872600 874454
872598 874511
872594 874558
872593 874694
872587 874722
872585 874742
872584 874763
872583 874769
872580 874777
872579 874864
872574 874925
872569 874938
872567 874945
872566 874965
872564 874969
872563 874973
872562 874997
872561 875019
872560 875025
872557 875028
872555 875031
872554 875037
872552 875061
872550 875062
872548 875069
872547 875072
872546 875113
872542 875120
872540 875122
872539 875124
872538 875165
872536 875166
872532 875170
872531 875175
872530 875189
872529 875214
872528 875238
872524 875249
872518 875256
872516 875268
872511 875294
872510 875298
872508 875300
872507 875308
872506 875322
872503 875325
872501 875351
872494 875425
872488 875430
872473 875451
872468 875455
872466 875456
872464 875465
872463 875484
872461 875489
872460 875516
872458 875520
872451 875539
872445 875568
872439 875573
872435 875589
872431 875600
872430 875615
872423 875619
872421 875633
872420 875644
872416 875650
872413 875672
872405 875674
872401 875694
872399 875714
872398 875722
872394 875725
872389 875730
872386 875735
872381 875738
872379 875763
872373 875769
872371 875779
872366 875781
872365 875801
872361 875808
872356 875828
872350 875833
872344 875836
872343 875844
872337 875858
872335 875863
872331 875892
872324 875896
872321 875903
872320 875909
872314 875929
872313 875934
872305 875942
872299 875948
872298 875952
872294 875963
872292 875965
872291 875966
872290 875973
872283 875992
872279 876011
872275 876016
872268 876020
872263 876032
872261 876058
872244 876062
872242 876067
872236 876068
872235 876071
872234 876073
872230 876079
872228 876087
872227 876104
872226 876122
872215 876125
872211 876136
872208 876144
872204 876152
872192 876157
872191 876161
872189 876170
872186 876176
872182 876184
872172 876196
872170 876204
872164 876206
872160 876227
872147 876236
872143 876239
872137 876241
872134 876244
872133 876257
872129 876260
872128 876264
872126 876270
872124 876273
872123 876278
872121 876293
872106 876298
872104 876301
872103 876315
872101 876324
872087 876328
872083 876341
872077 876347
872067 876367
872061 876368
872060 876377
872049 876381
872046 876383
872039 876387
872038 876393
872037 876395
872036 876397
872033 876404
872029 876406
872024 876426
872022 876431
872009 876436
872005 876443
871998 876456
871991 876463
871989 876466
871987 876469
871986 876477
871978 876478
871975 876491
871971 876492
871967 876498
871961 876504
871960 876508
871953 876514
871951 876526
871947 876539
871931 876545
871922 876568
871915 876572
871907 876576
871894 876577
871892 876589
871885 876593
871881 876598
871877 876605
871870 876630
871856 876636
871844 876642
871834 876646
871830 876649
871824 876652
871823 876663
871815 876667
871810 876674
871806 876675
871805 876678
871802 876686
871795 876690
871793 876694
871785 876705
871781 876712
871759 876716
871758 876726
871751 876730
871746 876731
871745 876739
871734 876740
871733 876741
871732 876746
871730 876750
871724 876760
871713 876762
871710 876764
871707 876766
871699 876802
871672 876805
871666 876813
871665 876823
871636 876827
871628 876845
871621 876849
871614 876850
871600 876869
871587 876870
871585 876873
871580 876885
871559 876891
871549 876897
871538 876900
871533 876905
871527 876906
871525 876912
871520 876921
871518 876927
871514 876929
871504 876936
871497 876941
871481 876952
871447 876963
871439 876973
871427 876981
871415 876982
871408 876986
871402 876996
871393 877000
871391 877005
871373 877006
871372 877008
871360 877009
871354 877015
871350 877019
871346 877034
871313 877035
871309 877048
871300 877050
871293 877055
871276 877059
871267 877065
871259 877070
871242 877071
871235 877073
871231 877076
871229 877086
871224 877090
871212 877091
871205 877105
871167 877108
871153 877117
871142 877121
871132 877127
871122 877135
871113 877139
871090 877140
871073 877145
871067 877153
871050 877154
871046 877155
871034 877164
871020 877166
871017 877167
871009 877171
871004 877180
870986 877181
870971 877190
870926 877191
870919 877198
870914 877207
870863 877212
870850 877216
870848 877217
870839 877222
870816 877223
870807 877228
870792 877229
870783 877233
870774 877234
870755 877239
870749 877240
870744 877241
870739 877242
870736 877243
870714 877245
870693 877254
870680 877255
870648 877261
870646 877262
870637 877263
870616 877265
870605 877269
870594 877274
870591 877278
870534 877280
870525 877283
870521 877286
870476 877291
870462 877297
870416 877300
870398 877305
870388 877307
870357 877315
870315 877316
870268 877318
870249 877320
870233 877323
870210 877328
870185 877330
870143 877331
870112 877332
870107 877341
870039 877342
869976 877348
869933 877350
