2000 2
485823
647 672 623
694 887 874
505 587 633
664 367 307
818 132 166
402 921 948
414 521 611
436 233 313
886 677 625
450 555 575
82 925 875
954 264 352
491 653 642
780 416 338
804 597 683
716 306 272
178 874 923
316 831 767
953 744 658
454 959 963
370 607 627
543 830 841
154 781 690
497 292 357
45 393 419
265 333 302
123 630 634
933 406 474
646 570 628
601 633 582
160 207 230
969 741 673
723 347 309
927 389 451
246 236 306
496 797 720
81 216 164
413 683 618
930 541 605
518 357 341
626 576 592
336 236 246
602 378 333
915 657 597
57 489 478
828 360 448
947 466 370
591 681 668
75 837 810
352 679 756
875 166 168
17 684 753
318 285 275
933 530 503
359 710 694
639 220 170
39 170 109
680 192 249
498 580 652
137 907 849
199 805 722
843 372 293
41 237 221
512 638 609
187 963 1006
310 449 420
377 671 649
468 847 761
996 658 672
892 535 576
674 725 806
968 804 854
111 899 957
703 387 348
662 705 703
44 453 513
674 769 704
502 230 259
118 297 325
595 806 813
287 548 490
67 466 401
953 246 204
265 951 1049
932 333 364
318 771 811
59 595 569
193 754 829
402 441 540
184 125 143
675 603 678
76 791 879
229 951 1030
175 320 252
425 315 233
168 899 881
713 633 627
437 966 998
809 857 769
826 852 801
380 488 572
145 379 279
90 329 274
326 237 217
556 381 446
443 465 564
30 832 873
992 361 290
831 950 1041
666 119 175
91 340 272
392 273 234
638 273 252
780 477 521
86 836 791
484 684 728
295 681 731
577 423 471
522 554 569
531 516 464
789 322 288
972 467 511
156 740 712
568 204 132
385 847 792
30 206 248
672 848 749
24 627 643
523 399 320
978 910 937
217 236 221
617 530 509
326 285 295
431 606 530
260 733 734
367 935 942
196 679 620
776 685 631
102 315 366
1 409 455
142 975 1065
614 464 477
809 819 897
368 422 387
68 531 547
995 982 1072
635 571 500
281 757 841
511 964 869
846 747 652
818 511 444
217 468 524
14 974 992
364 880 971
837 281 186
818 800 704
337 757 788
64 889 976
24 821 810
740 844 803
191 867 790
593 128 94
564 823 792
430 460 501
621 423 432
398 447 420
125 467 507
1 162 215
799 996 1054
624 506 512
476 770 814
495 872 834
297 278 353
689 586 547
41 328 413
419 815 780
819 251 241
877 876 866
873 668 618
318 482 557
60 954 924
916 706 775
106 985 913
640 876 942
884 261 335
676 199 157
834 490 412
696 891 988
324 405 477
741 628 564
690 519 467
359 832 763
343 696 648
205 824 904
374 676 733
474 564 557
900 825 785
778 925 1024
109 916 879
692 794 706
151 955 1005
962 280 202
621 421 411
425 655 686
61 570 476
571 382 382
374 796 776
290 174 110
196 170 128
964 454 550
914 508 434
106 287 206
454 385 428
67 787 715
583 482 422
888 510 564
659 958 887
730 429 416
797 591 617
185 851 870
632 836 838
830 956 979
139 153 67
900 792 719
318 919 963
767 211 233
721 899 852
79 142 42
620 532 591
452 208 304
269 740 762
220 308 296
267 858 874
34 923 919
942 157 217
55 799 812
942 453 410
977 693 666
453 693 790
562 513 501
271 497 538
493 154 239
334 549 487
247 178 123
300 608 542
74 432 376
459 937 870
114 305 233
768 633 652
222 622 553
656 125 110
705 755 839
199 691 642
275 864 864
834 177 237
196 329 404
126 529 495
345 677 666
932 806 749
508 448 435
524 589 507
249 971 1031
901 902 1001
748 241 195
823 688 609
69 513 473
539 403 389
177 700 755
958 210 251
338 403 346
876 793 840
845 877 974
736 700 777
882 699 726
533 942 934
984 150 156
314 421 334
977 804 753
90 604 544
418 344 352
186 536 519
49 305 257
711 294 393
373 196 272
309 762 745
353 283 262
702 755 797
482 817 855
37 146 201
300 328 267
778 810 786
996 294 280
203 528 456
299 528 531
33 424 488
227 793 728
951 259 334
745 894 866
785 619 598
31 423 462
817 599 594
24 940 934
494 435 470
963 562 657
316 132 33
84 864 810
251 133 70
132 915 1001
703 348 391
55 702 751
604 434 446
538 858 875
903 390 306
411 991 900
435 970 942
284 976 964
309 296 335
214 461 526
481 399 405
147 148 165
511 812 750
352 425 470
666 948 974
657 132 40
623 172 167
597 494 546
805 889 802
200 618 574
525 465 517
566 937 1019
355 569 553
709 738 792
651 496 483
675 168 87
745 206 249
176 630 593
52 418 342
622 479 443
21 731 800
950 521 503
466 441 494
173 815 810
606 613 538
671 113 173
779 198 207
364 837 881
709 229 284
125 337 316
822 623 606
285 486 459
657 852 919
450 646 547
15 180 202
18 294 251
116 120 32
933 607 592
67 362 289
321 163 115
897 517 434
319 889 863
154 329 234
755 183 178
833 190 188
41 736 737
51 990 1014
609 159 170
892 540 564
951 663 751
408 897 965
284 973 905
530 413 375
611 437 350
700 860 940
404 407 495
394 859 957
448 525 545
931 132 131
553 687 676
437 638 709
407 497 424
747 640 673
114 919 875
956 980 1076
291 894 870
133 844 899
599 839 784
624 486 417
272 927 969
864 436 365
300 308 318
894 432 392
804 139 121
783 388 362
664 370 402
489 712 770
308 515 493
730 715 618
649 855 813
16 598 529
238 729 719
599 334 303
631 602 532
942 970 1057
235 412 432
911 111 29
366 818 797
47 280 205
884 296 351
433 554 612
129 692 598
380 207 232
932 518 470
899 655 595
239 599 586
240 244 214
36 325 368
226 679 731
435 794 823
933 596 512
588 413 354
697 440 457
156 111 115
768 343 327
318 524 555
468 913 992
709 336 422
349 973 905
117 762 781
663 449 454
4 520 443
374 707 769
375 341 435
636 805 852
101 290 201
4 877 882
258 787 733
228 729 745
960 871 911
342 512 484
802 982 955
473 197 245
733 922 845
514 896 946
716 664 734
578 715 786
339 293 215
35 502 470
890 132 92
341 755 783
321 189 178
419 516 599
332 287 317
215 390 323
838 170 246
518 929 921
724 802 861
165 904 970
189 319 363
913 589 501
3 272 249
459 670 730
657 598 525
971 289 259
39 438 375
959 333 374
737 743 729
629 565 584
864 417 473
402 171 210
584 229 269
213 572 503
761 398 461
962 519 576
331 832 897
581 112 169
293 741 745
804 235 165
149 765 668
217 573 556
350 305 205
868 928 870
192 181 276
652 906 993
464 718 671
465 563 633
174 373 301
314 838 927
50 973 892
571 987 949
790 470 502
709 471 477
788 662 706
683 641 616
366 586 653
875 825 785
171 693 688
988 821 879
958 774 842
944 860 842
349 250 190
754 839 921
375 423 463
971 177 153
506 511 560
310 369 393
965 639 698
764 175 231
510 880 928
354 739 776
510 217 124
330 397 455
681 319 252
756 941 868
208 393 421
498 170 260
94 725 808
167 543 579
32 351 289
738 123 132
858 734 645
181 766 743
415 580 493
349 727 791
667 849 755
733 531 537
425 490 514
912 417 474
184 135 199
197 306 317
897 792 775
634 842 861
162 297 199
855 357 329
686 200 105
160 229 281
586 700 637
931 366 286
958 179 135
180 909 905
946 517 492
769 889 791
978 532 466
255 544 449
356 866 909
489 892 966
153 681 673
440 848 826
517 938 908
415 301 307
872 727 722
748 174 123
222 185 129
709 340 335
559 366 432
438 114 78
81 891 886
910 412 495
841 761 747
55 184 253
748 655 699
820 189 182
904 407 445
163 606 585
451 142 233
454 884 863
333 283 278
672 707 684
403 632 577
486 128 84
98 882 788
187 633 703
520 161 212
78 774 858
113 241 215
983 204 269
178 558 489
848 982 1047
435 439 385
455 642 685
323 895 958
911 924 824
967 793 797
714 578 598
860 507 549
965 837 876
469 681 755
450 822 866
818 670 601
417 877 899
299 626 713
214 463 532
982 466 529
508 931 936
953 576 554
771 321 292
413 941 1005
213 829 783
842 583 501
705 723 724
285 380 441
682 323 227
82 188 88
4 913 915
527 495 488
764 842 789
698 269 299
507 113 185
38 357 398
727 439 421
30 892 931
269 722 697
357 742 733
260 746 738
692 313 411
514 728 778
692 939 929
695 628 719
972 507 606
342 247 291
221 612 662
908 342 246
618 679 654
334 199 226
562 611 577
256 602 670
188 384 391
770 786 732
217 750 690
370 747 756
934 502 555
196 283 317
835 304 262
934 641 666
497 320 257
50 614 602
358 476 502
118 954 934
837 271 295
554 453 551
994 939 1023
189 731 655
406 442 533
3 703 780
239 371 348
804 539 526
216 934 992
165 608 690
346 966 1015
731 628 588
663 620 579
361 553 550
734 660 738
400 621 699
693 522 448
176 865 952
102 363 293
661 179 142
623 989 1021
206 766 745
779 146 57
277 410 393
895 842 772
469 745 755
932 651 600
780 769 753
65 713 717
143 849 786
131 243 304
868 833 735
907 295 353
245 347 261
67 720 813
781 857 843
389 460 433
129 680 609
806 167 109
637 634 604
785 799 796
598 628 598
805 641 593
72 458 459
757 520 534
597 490 460
990 876 924
631 314 388
695 445 480
284 634 596
58 949 869
640 491 530
237 806 806
627 149 164
88 598 564
515 218 303
376 532 615
604 303 313
980 189 138
569 791 796
512 182 199
940 271 216
722 891 883
765 450 368
314 962 897
434 368 406
908 306 219
126 234 268
214 724 754
979 942 886
60 523 569
240 156 190
119 357 336
500 769 701
458 849 844
748 119 200
967 735 798
107 796 884
796 506 437
732 198 125
197 397 336
248 161 148
525 761 771
265 224 134
96 368 370
105 791 742
807 710 655
578 549 515
24 499 425
122 639 711
444 761 672
500 935 896
232 433 499
360 925 844
649 973 911
415 539 498
90 771 691
583 973 1009
21 381 422
615 497 562
346 375 329
274 428 482
636 701 601
553 551 523
523 637 539
6 808 793
748 183 186
718 275 194
23 881 804
457 619 665
755 465 381
113 706 676
776 502 600
272 505 513
864 826 739
648 837 751
729 327 390
914 786 793
781 874 886
353 980 883
752 744 798
422 816 893
862 242 274
306 233 319
111 716 775
928 774 763
172 838 773
931 678 596
790 267 341
768 765 710
482 781 876
276 578 557
424 476 428
562 175 188
243 117 152
988 826 847
807 335 390
445 491 532
621 572 571
357 459 412
111 660 710
637 640 545
49 995 984
122 339 241
129 843 793
933 558 506
186 208 117
614 900 898
134 641 563
525 196 190
144 435 451
738 213 156
733 236 189
990 635 612
814 645 648
318 870 860
427 197 224
315 240 190
911 679 655
9 781 862
373 311 221
488 829 887
628 134 138
219 372 374
820 718 683
675 289 318
771 689 603
917 366 343
557 588 548
312 929 890
537 848 884
346 895 828
372 709 768
666 286 189
350 743 810
550 147 149
201 721 677
488 787 727
25 244 295
945 511 425
775 785 806
657 503 593
330 654 619
527 474 572
238 489 457
279 345 423
966 800 718
727 163 178
876 341 361
327 127 136
87 189 153
527 729 825
139 687 649
548 976 1043
973 969 884
238 383 353
13 287 251
71 368 277
331 884 968
349 532 482
437 132 99
133 421 494
781 404 304
755 681 691
721 537 542
28 605 657
226 920 975
516 316 385
386 359 294
860 292 297
884 515 607
234 816 735
564 697 772
206 700 726
686 302 272
242 769 745
152 558 579
383 359 283
662 222 224
866 380 354
321 848 799
115 815 812
774 901 811
437 792 743
652 466 555
393 781 718
897 232 199
177 772 816
302 883 859
605 447 396
434 777 791
227 115 152
116 549 541
882 597 676
283 827 836
38 778 866
174 944 1012
918 356 259
787 998 961
166 450 534
915 673 644
920 291 307
414 901 941
961 421 437
767 330 403
519 819 899
457 768 683
733 626 725
731 641 697
114 924 1013
745 855 928
949 284 341
838 804 743
189 537 469
436 166 251
233 936 925
972 850 930
553 919 946
150 916 889
65 724 720
902 679 624
98 559 493
877 368 270
357 546 486
419 689 716
348 625 698
180 133 201
90 936 915
995 612 620
686 938 959
326 477 479
830 677 698
121 833 830
610 845 913
261 135 87
838 702 723
863 586 643
791 445 520
356 797 871
287 392 403
699 933 1010
337 498 541
149 150 217
975 582 571
3 441 482
667 673 681
202 325 306
579 137 76
351 917 928
667 805 873
593 414 422
30 311 386
75 947 852
604 801 701
976 308 208
609 936 970
850 531 605
880 893 883
787 182 242
569 675 669
910 535 447
137 127 45
78 907 840
854 930 984
77 931 980
5 935 906
477 643 584
358 531 448
438 933 1008
73 758 747
550 288 259
569 345 343
465 429 442
387 578 562
310 376 375
238 153 153
837 471 567
310 656 623
236 735 790
964 625 694
164 131 110
428 447 540
786 884 870
313 501 564
611 877 802
659 432 405
65 880 820
678 863 865
381 275 324
959 965 1007
982 831 906
361 297 258
232 269 187
670 654 634
532 493 396
893 609 643
758 935 982
604 228 211
789 685 744
750 462 513
561 207 254
770 987 907
949 370 336
560 452 352
991 811 817
551 825 810
479 535 471
611 303 360
257 673 688
651 493 458
760 276 353
746 933 964
38 133 154
422 427 360
210 429 361
14 903 945
492 394 332
708 558 618
341 370 281
771 884 925
957 286 279
882 187 129
907 773 723
264 425 459
621 575 651
513 718 797
832 461 439
335 631 550
627 454 441
497 505 447
694 246 179
781 663 572
527 854 945
880 190 133
404 790 858
87 687 657
481 597 534
66 944 948
452 143 72
895 533 561
49 720 687
670 869 793
507 912 941
596 873 878
360 179 265
9 926 829
556 352 351
494 518 530
531 981 884
7 224 306
692 797 889
545 210 236
446 317 244
304 892 938
381 472 390
299 410 330
570 426 457
29 868 798
8 481 517
136 495 532
907 416 392
20 380 465
251 941 915
130 173 208
536 824 735
873 906 876
228 996 1080
81 692 782
497 827 919
928 545 464
272 269 169
576 607 511
510 541 495
580 871 851
383 583 670
279 633 695
275 948 856
929 881 805
735 840 863
224 805 814
402 891 954
960 894 872
444 914 994
301 269 265
831 627 700
419 574 503
361 408 392
228 444 413
48 552 468
829 212 173
706 698 739
588 537 570
492 888 810
669 802 784
251 344 293
772 226 259
107 355 260
482 729 679
979 150 110
94 225 151
754 499 566
234 241 226
108 837 920
886 938 955
149 418 485
278 637 659
553 339 382
249 363 302
293 589 524
422 857 811
859 974 879
7 830 782
822 319 292
753 245 196
100 767 747
691 623 659
948 276 223
233 914 910
770 203 258
611 362 301
582 604 515
391 628 540
625 860 937
777 299 327
515 526 573
92 885 871
278 602 577
182 811 833
286 352 328
568 154 252
124 331 345
705 383 476
548 440 458
760 340 313
227 909 985
98 678 772
651 172 122
440 509 495
711 163 206
760 503 460
9 496 478
315 118 41
685 976 1008
943 612 596
841 939 969
480 835 884
549 812 792
996 147 215
57 533 543
498 283 245
931 540 504
939 905 932
913 120 84
478 711 664
410 200 121
225 779 796
14 557 484
54 913 839
529 772 709
723 374 411
206 652 675
100 938 949
111 615 609
786 902 992
886 250 222
639 345 362
141 867 886
45 988 1018
788 217 153
85 386 466
693 996 918
624 657 598
193 265 229
83 685 606
240 641 739
503 961 987
355 592 646
342 236 299
462 816 837
771 977 1014
768 892 868
383 989 890
556 287 227
203 572 528
798 667 671
755 662 567
298 335 311
438 134 178
232 861 797
206 510 601
85 235 279
73 575 496
272 582 614
790 760 832
417 123 155
37 587 570
290 610 653
316 948 878
161 701 678
610 865 883
750 825 860
273 579 628
803 673 577
534 373 435
548 253 198
85 843 796
647 326 337
589 963 1037
254 212 118
103 556 584
906 193 171
433 795 828
67 573 566
362 592 492
522 424 434
345 628 655
588 864 820
547 469 543
661 355 280
162 384 330
255 955 882
26 416 430
545 119 146
87 537 636
439 541 544
22 143 215
868 710 700
272 963 1062
547 851 883
854 965 1029
805 281 196
149 403 323
158 910 939
638 586 632
122 584 518
159 157 96
833 925 837
792 439 406
626 439 515
587 137 184
779 869 877
108 938 976
7 141 210
542 718 715
75 482 503
127 637 690
44 810 830
413 867 845
781 276 179
811 172 193
664 828 804
595 421 419
630 146 145
313 901 809
730 444 367
323 985 933
110 778 735
959 423 462
147 772 767
216 788 746
23 438 528
371 779 789
411 328 264
300 772 770
675 808 752
659 911 920
411 237 268
762 490 513
506 221 273
269 647 742
636 906 1005
389 866 840
634 466 522
378 626 542
163 176 227
64 375 358
206 860 925
633 554 571
757 212 131
361 889 861
256 869 769
105 868 845
505 308 212
85 113 93
159 185 197
456 858 883
299 339 405
798 185 178
912 709 653
788 793 809
641 228 296
493 228 317
714 574 564
717 594 601
801 951 989
642 563 492
898 232 221
982 973 922
655 498 429
424 697 786
555 328 345
687 186 102
208 137 195
752 537 539
697 124 86
207 741 832
344 873 943
315 383 450
750 602 600
410 743 826
654 696 690
739 330 261
769 402 375
249 219 142
265 675 738
973 953 857
831 913 886
138 783 819
690 638 624
402 186 254
61 111 110
308 530 476
635 671 571
758 996 946
392 212 215
340 937 935
243 957 921
999 394 385
593 111 40
678 494 504
679 354 376
151 795 879
781 115 126
777 118 80
891 343 384
821 802 711
773 349 306
93 636 593
93 155 231
525 288 299
798 779 726
568 435 412
573 364 297
581 858 947
842 248 315
621 875 906
889 916 902
481 284 289
531 540 563
731 434 362
483 931 1019
847 253 255
133 599 515
973 750 782
128 703 704
988 559 484
894 256 159
89 640 639
572 219 124
935 769 821
858 896 844
19 845 763
567 410 354
287 484 423
952 186 151
457 637 599
620 752 693
216 768 727
338 323 396
78 349 409
961 137 169
788 354 390
125 435 384
544 634 641
629 810 807
222 211 299
942 491 503
682 676 732
921 941 864
190 825 764
220 651 582
493 351 440
857 957 870
447 289 311
234 765 713
347 310 302
774 260 241
411 762 679
345 567 468
148 672 611
756 846 829
27 986 1068
978 938 991
180 111 54
915 657 647
140 873 932
308 396 410
41 758 854
554 836 801
186 845 840
14 134 80
998 506 457
929 428 375
930 224 207
545 416 382
402 817 811
723 637 692
451 256 320
268 241 215
95 533 545
121 955 969
565 272 286
922 501 501
51 712 698
394 193 288
188 488 464
780 907 827
944 711 721
92 552 616
566 885 968
517 495 402
698 117 137
138 626 631
814 185 200
906 570 663
332 550 481
228 888 975
904 980 1056
400 584 678
272 426 434
703 352 263
710 385 436
291 921 999
374 499 540
890 121 143
385 983 1072
260 234 168
238 178 93
771 962 957
127 939 988
398 530 520
707 581 513
619 363 353
56 268 333
68 896 939
49 553 473
188 504 476
264 659 679
223 728 702
155 264 263
626 930 1009
155 443 463
439 588 532
616 992 947
499 839 808
996 588 567
439 681 697
56 115 184
750 650 563
922 981 925
843 536 605
218 445 345
755 982 970
746 292 203
566 540 551
104 848 858
744 310 408
749 828 737
356 692 751
336 754 798
814 952 964
191 819 875
171 823 830
375 328 284
858 381 450
688 877 967
912 481 520
720 476 465
374 520 580
98 341 268
45 982 1072
840 595 523
642 402 364
886 880 917
191 244 253
53 999 946
470 957 886
880 688 761
341 197 145
600 911 878
581 145 121
127 992 936
454 230 303
320 510 560
470 234 322
469 721 820
422 931 924
73 174 143
169 945 982
70 271 228
108 573 646
100 914 1013
235 225 215
683 995 1049
822 775 722
509 725 766
432 721 647
503 247 187
442 555 529
623 278 266
144 534 543
48 418 447
176 414 490
171 814 827
917 610 587
609 823 902
296 565 531
450 681 747
949 862 817
138 304 383
614 696 604
959 295 212
301 871 824
94 767 754
655 382 352
457 728 820
967 637 588
610 931 972
455 783 814
672 139 198
331 937 918
538 975 948
394 165 198
133 401 453
438 788 771
133 214 289
725 180 248
647 409 399
404 150 231
435 734 749
366 552 634
338 915 904
400 354 422
726 950 1044
489 739 721
605 222 230
683 111 64
20 861 944
64 374 338
765 292 343
261 807 731
167 727 718
441 236 307
385 985 1002
92 962 876
218 440 475
218 924 896
62 275 251
358 201 190
562 486 428
346 270 264
40 378 405
182 786 701
165 661 653
123 292 303
492 358 412
407 963 1061
592 397 307
694 737 719
117 245 339
296 433 397
596 853 825
356 533 541
975 604 645
180 128 193
458 622 586
417 421 466
739 414 377
444 462 364
596 829 754
959 806 791
794 202 106
270 522 497
824 114 84
843 742 748
419 589 687
768 874 855
111 632 561
506 916 934
314 928 865
97 154 83
199 533 621
662 552 494
666 888 794
376 313 388
914 786 745
772 778 691
359 251 186
265 381 417
184 906 1005
233 183 101
708 313 271
205 260 350
79 447 470
307 477 575
67 368 449
816 632 668
974 690 597
279 847 807
175 564 561
257 561 605
484 643 628
652 902 928
31 860 902
443 521 424
733 516 433
320 435 515
972 151 226
800 187 118
311 457 423
817 892 909
417 644 558
307 137 181
149 700 751
611 445 384
67 462 548
432 538 488
478 452 396
563 342 247
953 481 448
832 775 705
433 409 423
462 472 547
126 227 132
502 899 926
898 186 226
380 125 51
763 349 371
25 549 484
441 571 496
189 870 962
524 118 96
931 625 696
63 516 612
949 538 535
35 215 191
52 840 892
320 960 965
813 616 626
332 772 870
186 887 823
195 853 893
773 315 342
229 188 227
710 173 202
828 604 640
649 945 991
605 734 644
174 313 386
917 802 741
791 794 770
627 954 969
857 692 662
944 368 384
15 989 947
570 676 599
510 394 447
212 157 131
439 204 213
217 974 967
985 261 212
935 602 678
589 227 275
879 540 577
867 167 207
504 426 380
822 533 589
874 327 425
979 660 646
951 258 287
121 672 698
673 901 914
804 799 730
288 569 476
352 291 372
707 914 895
182 267 213
426 962 883
45 956 873
211 451 358
842 139 70
732 703 769
506 321 348
23 462 546
225 496 451
130 412 508
306 777 709
264 984 1002
215 190 217
597 268 337
629 302 339
295 443 427
531 294 379
926 860 949
361 793 727
700 149 109
450 134 155
432 281 355
522 806 723
699 482 518
914 344 306
290 956 977
496 441 368
339 375 288
107 330 315
151 484 409
177 754 769
369 406 307
151 293 299
568 371 317
831 979 908
782 369 355
154 910 996
452 145 98
698 204 179
119 584 589
841 698 738
175 322 236
380 330 274
672 802 860
649 118 142
940 247 228
839 633 644
878 571 473
983 811 852
517 257 322
177 726 759
415 463 531
661 527 471
440 726 805
448 540 549
602 205 202
190 566 531
708 175 115
497 185 122
662 816 856
354 663 739
750 369 328
219 231 322
910 430 409
394 337 406
501 823 812
14 366 393
86 655 624
169 836 904
962 113 114
583 739 810
874 634 655
10 897 962
368 859 906
623 323 249
425 186 212
711 584 613
324 262 308
140 570 650
143 430 502
849 879 868
438 754 718
322 407 372
164 255 294
404 912 876
489 142 191
22 706 697
192 392 448
708 155 239
68 956 868
932 834 916
657 342 312
990 627 661
153 921 988
55 652 599
90 938 983
759 713 762
77 231 319
127 925 954
78 854 897
891 910 940
153 832 793
733 254 213
645 852 842
255 707 707
186 920 938
863 678 648
998 456 442
914 404 415
751 981 1007
651 731 736
463 420 455
625 693 675
459 958 869
130 470 432
41 919 918
679 558 530
68 873 844
398 367 321
377 862 767
75 537 572
423 115 43
79 718 771
32 195 139
436 246 216
345 522 500
848 964 878
706 395 323
994 714 721
839 958 1041
319 981 1079
325 693 675
9 818 816
104 609 613
256 809 900
718 235 195
678 586 516
998 651 722
678 777 847
631 367 405
610 292 194
266 284 251
62 651 619
622 199 188
408 665 705
547 629 613
82 900 819
690 146 65
440 910 965
728 779 760
932 505 408
128 515 471
735 814 782
835 231 324
459 628 602
42 364 448
929 738 638
969 827 865
868 913 839
620 714 786
65 187 245
519 202 286
311 454 485
446 760 758
29 730 820
314 173 271
20 992 1076
825 995 1073
728 723 775
408 842 818
494 719 708
597 537 630
983 468 423
714 163 207
411 602 652
482 558 470
474 552 468
469 484 565
158 388 415
980 176 85
665 515 522
146 911 838
547 880 804
607 236 302
160 878 827
663 656 701
160 713 653
580 787 821
892 706 771
965 385 446
421 425 419
321 905 928
187 138 71
329 245 299
192 987 1073
805 317 336
483 963 1014
244 253 220
914 849 794
223 697 635
576 527 550
470 949 1036
501 611 535
652 760 750
638 559 587
869 500 489
828 141 227
989 814 749
820 224 142
480 428 390
948 600 677
891 258 229
454 202 273
184 312 314
688 714 643
127 397 300
161 797 866
952 737 804
80 894 925
436 974 901
987 363 280
154 264 359
257 583 568
483 458 480
161 913 873
484 156 141
256 173 190
961 926 934
842 782 806
813 477 388
97 599 507
269 674 613
800 653 643
192 146 233
94 691 610
145 960 976
216 451 518
133 975 1034
888 567 595
300 229 219
849 280 290
483 320 384
94 496 520
134 900 962
786 845 926
741 932 842
125 561 514
97 417 396
610 239 196
743 809 826
934 324 311
170 814 897
604 655 557
492 317 246
319 150 236
243 955 989
749 111 170
95 347 426
240 701 702
26 956 905
267 589 525
59 976 946
670 905 996
902 916 905
947 157 210
896 986 888
897 696 748
163 517 588
827 424 343
778 874 798
317 206 183
291 370 359
185 684 607
91 646 549
143 157 250
128 840 912
786 850 901
244 637 721
597 509 558
455 593 598
563 701 769
854 156 83
500 552 515
103 654 636
155 670 680
974 639 675
806 517 510
399 302 344
846 233 194
390 898 950
54 479 444
105 340 275
600 461 496
213 745 801
842 221 308
437 713 795
893 429 472
110 843 766
247 586 678
133 858 828
547 647 628
805 936 937
200 207 129
913 811 775
38 617 549
715 560 580
74 481 480
897 229 249
432 333 403
273 299 395
876 612 618
804 973 940
912 537 544
700 635 625
271 921 918
776 178 118
193 713 668
327 264 198
576 802 823
788 670 745
353 657 708
323 240 252
802 540 534
392 129 63
304 530 518
380 964 907
58 256 238
231 503 550
9 658 621
638 309 229
253 202 193
399 874 929
882 483 499
903 903 997
374 168 123
335 562 593
499 758 800
431
886125 885781
886121 885897
886115 885956
886113 885963
886112 885990
886110 886133
886105 886159
886102 886184
886099 886220
886097 886270
886096 886300
886095 886303
886091 886321
886089 886337
886085 886369
886084 886379
886083 886384
886082 886405
886080 886407
886079 886479
886072 886488
886070 886505
886069 886506
886068 886508
886067 886520
886066 886533
886064 886556
886063 886563
886062 886593
886058 886595
886057 886607
886056 886610
886055 886650
886052 886652
886050 886675
886045 886710
886042 886726
886040 886727
886034 886744
886033 886789
886029 886807
886023 886826
886019 886840
886018 886846
886017 886858
886010 886879
886009 886901
886002 886911
886000 886933
885999 886948
885994 886950
885991 886961
885988 886963
885987 886966
885986 886973
885985 886988
885984 887002
885982 887017
885979 887019
885978 887025
885976 887038
885974 887044
885973 887052
885972 887054
885968 887057
885966 887061
885964 887072
885963 887075
885962 887082
885961 887099
885958 887105
885957 887109
885953 887114
885951 887124
885949 887125
885948 887139
885944 887140
885943 887149
885941 887151
885940 887155
885938 887178
885934 887202
885927 887207
885924 887211
885921 887233
885917 887243
885916 887246
885912 887260
885910 887262
885909 887266
885906 887274
885904 887275
885902 887282
885901 887293
885898 887305
885894 887310
885893 887318
885886 887324
885885 887358
885876 887367
885873 887388
885870 887397
885865 887398
885863 887414
885855 887426
885849 887437
885848 887444
885845 887452
885842 887457
885841 887461
885837 887463
885836 887472
885832 887475
885831 887480
885830 887488
885828 887491
885826 887493
885822 887512
885820 887514
885816 887533
885810 887536
885808 887538
885807 887548
885803 887557
885799 887568
885794 887572
885793 887575
885791 887577
885790 887589
885788 887591
885787 887592
885784 887600
885781 887603
885778 887613
885777 887615
885773 887619
885769 887639
885763 887641
885762 887643
885761 887644
885760 887654
885759 887655
885756 887659
885754 887675
885747 887680
885743 887685
885742 887699
885737 887703
885735 887705
885734 887717
885732 887719
885731 887720
885725 887729
885720 887736
885719 887746
885713 887761
885710 887763
885701 887793
885696 887800
885690 887802
885686 887808
885682 887811
885681 887812
885680 887817
885677 887820
885673 887825
885672 887833
885668 887846
885666 887847
885664 887861
885655 887862
885652 887865
885651 887871
885650 887872
885648 887877
885646 887898
885635 887907
885633 887921
885619 887923
885618 887931
885616 887932
885613 887951
885609 887966
885594 887971
885593 887974
885590 887985
885579 888004
885575 888017
885564 888018
885562 888025
885556 888035
885555 888036
885548 888038
885545 888042
885543 888046
885541 888059
885536 888064
885533 888079
885520 888095
885514 888096
885513 888097
885510 888105
885508 888106
885504 888110
885499 888111
885497 888123
885493 888128
885490 888134
885486 888138
885485 888139
885476 888145
885474 888149
885473 888153
885471 888154
885465 888156
885464 888161
885462 888168
885461 888176
885451 888179
885449 888181
885448 888190
885443 888194
885442 888197
885441 888199
885437 888204
885432 888206
885430 888211
885424 888218
885421 888223
885420 888231
885412 888233
885411 888238
885405 888239
885404 888252
885398 888255
885393 888256
885392 888257
885389 888262
885385 888266
885384 888273
885377 888276
885376 888281
885373 888283
885371 888285
885370 888295
885366 888299
885359 888304
885356 888307
885353 888311
885351 888321
885336 888322
885335 888331
885330 888337
885324 888340
885323 888346
885322 888347
885320 888357
885314 888359
885311 888361
885305 888362
885303 888365
885301 888383
885285 888387
885284 888392
885282 888393
885278 888402
885267 888409
885261 888412
885258 888416
885253 888418
885251 888419
885250 888434
885242 888435
885240 888444
885236 888448
885226 888450
885223 888451
885222 888452
885219 888453
885215 888454
885214 888455
885212 888463
885208 888475
885197 888478
885196 888479
885193 888490
885184 888493
885183 888495
885179 888506
885166 888507
885165 888509
885162 888522
885156 888524
885148 888525
885147 888528
885146 888530
885145 888535
885135 888545
885131 888555
885118 888556
885117 888558
885116 888563
885109 888565
885107 888566
885100 888571
885098 888576
885089 888580
885084 888586
885077 888589
885076 888590
885071 888598
885070 888601
885062 888603
885061 888606
885054 888613
885049 888614
885045 888617
885041 888628
885038 888629
885028 888637
885015 888641
885013 888646
885010 888653
884992 888664
884987 888666
884982 888667
884981 888668
884980 888673
884975 888675
884970 888676
884962 888682
884959 888688
884949 888689
884946 888696
884944 888702
884933 888705
884926 888707
884923 888712
884919 888718
884913 888719
884904 888725
884895 888726
884892 888734
884884 888737
884881 888739
884880 888743
884875 888744
884871 888748
884866 888757
884851 888758
884849 888762
884842 888770
884837 888772
884829 888774
884826 888777
884821 888779
884819 888781
884815 888782
884809 888793
884795 888796
884788 888798
884780 888804
884769 888806
884764 888807
884760 888817
884754 888822
884746 888829
884734 888831
884725 888836
884714 888841
884700 888846
884697 888853
884695 888854
884681 888856
884666 888869
884648 888872
884645 888874
884636 888875
884633 888879
884631 888884
884622 888890
884601 888892
884600 888893
884593 888905
884567 888909
884557 888913
884556 888914
884550 888915
884540 888918
884538 888924
884528 888928
884527 888930
884515 888940
884471 888942
884464 888946
884462 888953
884446 888957
884432 888961
884417 888972
884379 888974
884373 888976
884346 888978
884345 888985
884318 888987
884317 888988
884309 888989
884308 888999
884255 889008
884197 889009
884194 889012
884181 889017
884154 889023
884121 889026
884085 889028
884079 889034
884060 889038
884007 889039
883956 889044
883951 889046
883932 889048
883853 889050
883828 889051
883822 889054
883809 889058
883721 889060
883704 889061
883699 889064
883540 889066
883465 889069
883433 889070
883403 889073
