2000 2
496439
394 857 913
911 820 759
768 409 364
477 603 628
513 435 525
636 925 968
607 236 139
138 326 386
401 250 175
998 207 150
839 566 588
637 374 378
972 549 507
527 796 849
891 466 422
807 424 507
949 173 178
193 187 219
349 902 814
458 128 40
970 322 402
267 867 874
760 444 446
532 704 611
931 500 586
285 751 798
354 679 716
440 258 334
331 848 793
351 905 942
589 961 992
440 874 958
814 465 501
483 920 863
920 955 884
641 894 880
281 661 718
447 384 329
276 277 288
170 481 562
126 202 201
984 787 874
383 719 768
294 438 384
245 630 560
126 761 819
745 256 170
53 955 959
240 267 326
656 762 855
759 679 597
520 230 145
205 173 165
573 839 890
158 157 256
890 292 217
55 998 1072
5 175 259
181 638 570
913 459 522
552 430 445
687 513 432
757 582 542
577 993 1068
629 775 682
833 775 860
831 887 982
903 772 868
497 703 635
889 848 763
248 688 713
700 314 277
232 403 317
224 673 703
971 564 520
719 596 518
592 530 618
337 511 580
4 497 465
833 643 589
483 711 707
712 382 318
41 663 645
674 729 756
185 419 440
730 668 633
203 769 853
653 719 670
88 584 536
686 890 808
362 209 224
666 638 595
289 800 765
984 279 179
332 846 783
958 499 582
699 790 714
384 720 774
916 949 1021
793 291 300
905 375 456
498 887 902
274 255 327
464 548 617
291 551 487
727 719 646
492 647 714
179 754 698
122 554 481
325 431 517
622 918 985
496 838 804
659 461 482
152 341 255
647 206 178
332 367 285
934 490 506
659 346 398
158 544 620
518 667 608
426 606 671
245 461 426
639 759 855
897 411 338
6 476 532
294 799 721
721 880 789
986 510 551
474 298 371
100 194 170
657 379 440
52 228 138
781 517 555
119 504 521
530 625 644
304 432 509
170 534 555
619 578 597
829 318 232
923 198 131
226 539 604
357 369 444
815 417 448
258 143 198
836 667 628
198 307 329
674 208 264
201 750 730
434 391 337
533 453 383
15 604 580
306 450 497
650 342 352
686 928 989
312 731 760
533 116 184
643 660 663
362 467 510
678 823 753
64 140 177
619 277 317
2 615 516
262 382 413
181 873 841
879 704 734
885 389 326
503 250 315
904 711 649
706 461 534
739 597 683
926 318 328
494 940 950
799 945 1007
657 639 738
325 942 1016
638 634 685
795 800 752
471 648 581
865 818 892
413 701 723
645 641 648
579 242 148
518 734 800
113 568 565
49 564 626
638 452 442
413 238 187
18 472 515
813 621 637
477 508 607
75 163 191
223 641 584
923 671 718
439 522 592
948 957 1036
334 792 799
478 305 394
884 525 618
458 274 330
904 792 743
963 788 754
561 468 478
191 664 659
654 431 514
606 298 371
374 208 147
593 685 720
59 641 653
243 612 515
10 416 500
770 645 722
173 940 929
795 544 571
156 969 927
366 895 974
476 775 729
123 952 1025
718 665 749
283 274 207
626 291 226
228 223 312
161 123 46
648 521 604
614 200 114
496 461 448
244 371 453
191 614 520
814 494 544
997 427 334
201 576 608
328 733 810
342 685 595
803 792 831
904 717 679
298 779 840
591 279 189
158 201 149
589 232 143
945 901 812
469 933 884
169 632 648
815 534 619
582 579 624
264 311 337
17 589 675
206 419 423
307 467 502
443 684 637
333 736 678
258 785 821
845 125 195
322 645 678
848 579 529
74 338 340
611 902 908
958 841 888
360 416 324
6 132 129
708 371 435
468 562 477
484 280 364
85 149 97
611 743 661
867 965 898
757 534 589
579 117 164
922 772 691
946 811 731
240 355 416
746 195 150
937 265 317
981 196 265
692 414 405
654 497 461
130 644 560
137 447 478
880 212 228
668 298 303
943 388 441
39 219 221
212 465 455
308 253 239
650 115 40
85 521 577
684 809 891
63 881 790
177 579 664
388 208 227
700 678 685
822 472 487
222 930 987
382 443 362
387 829 878
849 941 1007
635 746 749
502 666 681
30 708 759
139 644 572
777 285 353
184 764 797
106 389 466
480 201 155
288 288 319
222 952 953
936 803 731
561 372 400
233 887 921
832 670 732
29 798 816
764 660 714
77 363 439
179 264 235
379 504 533
326 200 273
105 651 712
399 777 750
272 461 480
901 171 157
675 894 886
293 530 474
577 329 289
749 223 219
193 542 613
293 229 165
900 113 70
650 829 866
45 266 357
113 800 872
994 295 302
466 704 769
712 904 885
838 283 213
324 709 678
457 584 612
460 748 756
269 116 54
444 727 674
219 691 660
426 568 536
95 155 216
986 892 896
180 363 334
853 501 537
386 809 737
104 490 510
110 971 1044
802 252 214
456 462 468
970 773 864
21 189 99
899 909 816
184 483 426
623 802 716
409 521 512
835 646 658
803 290 324
962 174 169
358 452 538
104 926 1006
192 889 973
90 936 1000
509 971 871
287 278 303
748 343 250
351 752 826
553 364 399
624 962 989
9 495 594
925 434 353
801 346 304
729 276 252
698 117 194
886 121 56
149 679 764
870 711 666
156 597 662
113 309 299
546 876 868
909 872 849
174 960 897
360 330 413
367 669 692
379 570 570
18 728 758
693 661 665
242 906 941
464 754 811
325 268 234
182 678 626
138 132 115
385 299 354
14 226 154
531 773 777
225 330 338
844 908 855
739 481 476
463 193 281
640 893 846
278 301 290
303 518 535
515 889 983
644 692 788
390 821 824
637 397 445
534 879 895
950 199 163
44 623 680
924 571 556
139 808 849
597 317 218
473 839 843
127 814 747
925 800 811
248 370 308
113 139 184
212 658 693
788 946 990
306 757 786
91 248 304
323 875 851
142 882 952
932 457 553
708 606 687
1 212 142
32 384 337
647 142 137
587 745 698
314 497 511
468 182 214
328 879 976
195 330 255
585 200 112
143 184 237
257 990 1043
564 239 299
599 476 465
313 902 809
747 251 220
827 760 823
692 461 390
939 448 416
41 562 647
123 616 529
113 410 374
257 205 282
668 917 914
559 426 486
716 458 467
447 769 743
840 607 520
221 736 637
728 150 59
297 972 905
633 143 99
740 431 438
647 332 273
3 766 818
393 588 584
134 186 271
692 519 572
395 579 676
439 585 628
409 626 528
445 776 805
806 137 114
56 616 522
792 799 706
330 590 575
414 129 141
873 954 904
400 748 778
933 739 656
513 488 487
262 501 589
292 187 236
860 532 592
635 562 581
175 595 680
196 977 945
145 588 530
861 815 837
569 504 513
993 584 495
433 137 101
519 976 998
993 753 747
501 579 500
47 221 177
21 155 150
558 457 481
351 647 644
794 303 213
326 789 698
356 841 837
329 238 337
52 783 881
579 315 313
702 412 420
753 664 676
144 202 125
746 756 750
963 299 251
726 347 365
548 389 478
690 816 771
447 815 780
676 809 890
16 359 380
639 839 811
741 449 450
467 555 505
679 973 916
944 320 408
258 845 842
52 797 732
845 154 179
630 445 405
909 362 325
729 904 995
110 337 376
609 786 719
580 121 189
815 312 369
641 260 169
414 694 613
463 853 941
839 520 534
123 789 785
15 182 124
269 144 108
29 764 850
41 911 913
268 772 737
435 584 677
92 626 602
926 714 782
387 664 700
150 285 346
231 715 779
268 904 822
4 301 224
903 240 172
647 695 680
180 985 1057
759 957 1047
438 407 483
61 269 222
257 877 860
936 705 734
829 546 629
45 626 709
191 732 796
848 875 869
832 366 396
784 244 226
119 203 272
297 986 1067
159 335 267
827 706 626
317 393 479
896 319 414
596 247 180
455 979 881
742 508 577
892 197 223
997 562 611
981 427 335
235 345 285
904 491 397
223 581 550
457 520 468
611 498 565
588 646 605
35 658 565
133 521 607
640 193 278
995 858 939
259 898 826
687 190 99
218 217 171
678 526 571
115 743 710
716 601 686
332 863 955
794 897 816
886 835 882
728 771 817
614 691 789
703 819 854
823 862 941
291 215 229
3 862 899
554 275 255
401 211 258
285 178 183
101 262 245
843 916 844
496 677 728
293 668 660
138 382 339
255 288 303
101 798 813
286 520 446
399 878 884
475 644 707
645 226 309
552 596 648
189 725 676
816 510 520
121 920 957
321 285 373
94 797 705
554 423 389
418 542 587
18 127 67
147 855 924
693 783 763
384 571 589
833 801 782
744 401 406
939 124 193
712 963 1051
65 114 113
549 407 489
568 167 253
405 348 263
162 215 269
680 572 503
456 207 304
783 568 614
798 147 181
757 901 877
761 848 837
95 400 499
159 323 336
426 261 355
543 331 257
62 127 189
171 265 218
685 255 165
726 906 975
615 614 635
445 956 929
770 466 458
10 465 489
180 968 877
427 942 960
446 171 201
620 893 957
782 242 243
677 288 234
244 154 223
196 694 652
595 133 45
993 545 459
958 209 159
893 251 287
961 776 701
841 467 516
989 310 315
189 761 702
238 969 959
895 835 864
920 207 155
409 265 211
520 330 268
677 556 473
426 271 180
827 383 460
52 158 233
784 628 541
749 811 771
564 322 261
673 896 819
846 221 226
94 430 339
595 601 646
775 677 607
83 719 815
136 620 526
717 510 573
505 569 582
743 839 765
626 127 187
750 234 264
110 704 752
661 747 714
299 504 426
983 639 578
556 622 588
7 650 559
522 487 497
342 990 949
361 216 300
499 931 965
167 620 676
883 392 380
325 694 742
920 795 840
495 971 927
103 377 334
526 422 484
515 915 845
634 291 293
557 223 125
130 822 757
447 630 542
103 136 113
872 796 757
840 553 613
141 805 886
491 173 159
396 893 982
599 140 156
725 596 523
526 607 560
111 766 808
139 821 884
910 277 314
409 550 555
190 375 409
260 290 222
140 674 685
174 626 557
719 254 330
278 376 357
16 614 617
815 360 391
3 197 210
496 810 905
793 392 324
995 988 972
629 243 255
210 739 786
371 878 869
670 772 818
237 246 296
517 706 719
615 401 414
402 905 817
719 883 954
706 140 210
855 517 513
562 129 167
425 785 697
169 302 348
321 955 1048
991 732 729
318 346 266
211 850 850
80 907 851
113 780 865
569 649 705
590 189 158
349 804 858
564 860 947
513 623 575
213 595 545
478 139 152
310 229 285
206 677 748
958 874 968
565 811 819
653 619 545
433 926 922
277 722 630
852 669 680
398 901 955
430 236 185
563 742 753
200 547 600
60 422 466
847 398 355
419 879 967
337 996 970
25 535 565
653 575 575
542 182 262
683 868 834
394 200 278
885 698 616
237 489 419
559 243 143
424 500 483
420 447 498
897 780 836
420 470 456
500 917 1012
352 829 860
453 234 144
114 140 227
539 223 158
688 360 406
126 360 291
504 733 748
258 515 510
662 320 399
569 706 685
377 685 734
516 382 322
549 429 391
676 375 445
955 531 539
237 296 329
936 437 371
392 951 936
628 486 403
298 393 424
943 745 652
249 521 531
607 700 620
905 979 1034
378 848 894
586 439 532
953 142 223
898 294 253
321 674 759
639 754 698
353 451 384
815 483 466
478 975 879
455 176 261
285 867 828
654 630 708
690 603 672
896 520 568
530 785 698
254 719 759
637 917 828
57 177 251
29 546 515
103 566 626
953 501 418
538 773 821
93 677 663
553 539 504
312 312 383
995 370 292
903 995 1045
978 157 218
468 932 999
979 354 441
419 180 258
164 259 244
800 920 924
283 416 331
509 709 686
800 584 560
795 684 641
847 462 414
771 290 336
46 144 186
124 978 904
291 881 839
201 374 293
545 839 814
218 906 983
749 361 398
395 701 697
790 956 922
992 302 222
31 953 882
6 698 652
873 814 826
170 188 240
988 272 233
883 608 612
165 508 462
828 229 262
779 658 649
995 952 942
943 153 149
604 285 282
396 526 498
482 136 142
664 814 817
225 199 179
671 665 678
804 909 888
421 615 550
367 135 69
416 537 459
611 966 1009
79 512 434
107 833 852
898 416 368
997 879 876
622 348 279
520 852 944
89 315 291
116 471 520
595 623 555
558 725 780
9 474 544
821 576 668
166 217 288
30 449 520
297 880 875
131 130 229
361 984 901
767 435 375
344 211 270
35 358 329
444 158 130
966 917 854
87 882 852
467 757 733
333 630 665
356 167 229
339 167 101
703 245 332
816 425 381
95 246 209
148 562 613
56 887 932
923 164 226
650 477 433
235 817 839
299 532 625
362 363 324
513 516 418
867 461 526
20 711 795
528 992 905
401 779 704
461 535 444
873 369 408
668 619 705
143 275 221
427 248 266
882 521 442
276 531 625
951 377 475
943 307 311
695 370 454
173 481 458
464 524 475
36 257 342
221 198 111
376 406 405
837 934 909
310 141 171
610 119 140
831 114 123
123 579 527
540 511 494
5 853 929
170 194 277
269 129 56
600 190 192
527 630 600
562 966 998
571 658 612
575 307 227
102 796 741
552 124 176
387 495 548
481 390 477
501 316 257
590 439 500
175 896 863
137 320 399
753 908 901
974 260 168
745 351 279
760 552 591
193 343 259
506 138 150
737 973 886
108 269 300
991 988 1054
227 397 490
124 306 350
292 723 761
563 761 749
59 890 830
320 620 598
351 694 773
322 307 334
500 365 413
487 949 996
809 798 890
30 769 686
718 521 496
450 250 338
327 641 541
900 819 783
557 280 314
778 190 288
65 757 755
8 530 626
781 295 352
522 262 325
984 339 346
141 676 773
738 624 586
535 625 567
725 910 964
815 619 628
542 613 635
14 163 187
222 145 125
392 847 932
649 687 769
286 276 186
864 265 322
443 544 508
343 735 645
914 532 605
479 131 112
538 678 662
577 342 370
406 700 607
55 634 671
241 555 649
414 600 666
902 413 368
605 701 724
79 746 752
102 626 528
739 989 999
999 475 400
663 158 164
253 190 207
752 799 865
303 773 721
642 626 555
307 873 923
22 535 600
602 121 207
591 133 167
1 623 657
55 738 704
144 324 341
918 848 815
663 697 725
244 914 870
102 156 174
580 824 846
592 672 614
617 611 671
194 319 380
899 915 987
140 323 223
968 844 928
629 256 273
533 826 891
584 189 275
387 713 715
19 369 289
582 559 602
816 386 468
722 213 275
961 978 1068
787 981 1064
950 912 921
755 543 459
843 391 424
522 330 240
812 783 697
317 874 904
626 624 617
742 547 485
718 379 309
697 336 423
599 264 342
86 752 781
402 825 822
648 528 430
405 575 639
264 638 565
841 329 382
332 746 747
634 916 861
887 163 247
61 999 1003
782 902 923
586 587 489
56 133 164
578 143 55
171 875 840
417 999 932
132 791 791
39 354 281
98 556 460
98 488 404
987 953 1026
523 606 596
549 615 616
586 312 229
446 368 319
445 659 693
211 810 871
485 366 434
986 487 575
411 508 415
360 583 488
916 464 474
485 867 786
711 431 468
2 508 434
619 738 753
405 449 506
692 277 231
116 139 90
562 976 1009
94 123 28
491 146 235
342 636 622
702 724 652
151 444 372
856 561 613
237 184 117
424 883 954
455 236 330
429 466 473
443 172 198
483 198 122
74 149 141
764 532 465
140 658 621
645 785 719
727 573 554
596 721 787
737 596 553
137 574 617
206 163 95
304 724 752
348 832 875
822 356 352
438 504 528
197 786 739
717 940 1038
404 415 432
950 267 232
472 523 515
531 272 306
221 415 509
33 987 951
308 735 663
751 274 290
511 825 880
444 172 171
787 166 246
963 690 760
428 981 945
610 505 575
952 211 125
937 188 109
640 475 457
824 603 536
627 231 266
697 924 848
759 476 557
411 387 461
390 254 213
833 542 623
946 412 484
34 478 537
444 573 561
997 941 893
134 199 277
48 801 818
459 908 877
769 826 877
931 712 641
417 979 1075
755 898 983
170 776 868
689 598 579
624 989 969
723 335 342
500 240 256
397 763 671
202 183 245
878 858 906
855 990 922
741 973 1056
489 909 826
38 876 931
26 348 327
279 706 630
424 294 318
158 814 717
240 852 796
81 686 605
70 458 548
40 602 641
938 527 463
799 604 548
66 404 353
736 758 763
942 867 957
733 531 452
567 548 517
215 744 729
606 832 831
159 791 798
627 521 516
182 685 640
512 883 851
241 214 129
92 682 585
564 639 689
56 736 699
768 156 162
579 538 466
346 980 939
807 569 654
453 992 913
322 348 371
438 651 723
82 720 810
676 737 740
379 517 531
431 801 768
911 387 470
889 512 464
405 777 691
397 711 715
664 806 875
273 468 424
958 344 317
663 301 209
121 759 743
897 378 448
209 680 732
659 608 638
409 844 755
84 907 897
866 485 408
269 349 327
531 602 571
745 928 830
475 966 892
776 451 357
417 320 267
977 998 1077
802 689 650
698 740 718
120 255 206
388 361 366
940 709 620
860 131 191
822 142 97
206 261 171
441 287 280
439 499 488
91 409 358
798 681 770
961 140 53
243 368 358
916 835 814
939 885 836
975 708 623
144 953 909
343 999 1043
780 527 459
116 924 874
757 255 165
790 208 110
80 267 218
894 671 605
765 134 56
438 361 278
386 431 377
385 682 696
854 437 407
768 583 577
931 808 753
41 855 758
217 867 786
847 207 305
873 362 413
156 462 401
515 540 556
159 747 840
526 368 432
58 684 701
842 213 216
679 415 427
531 431 486
640 518 542
922 511 510
318 295 325
801 469 402
517 986 951
807 956 1026
452 796 877
567 431 481
909 893 879
270 502 594
728 303 323
179 858 862
386 410 478
789 990 1018
773 250 182
724 539 632
496 408 392
856 327 424
736 995 1074
177 490 423
393 456 535
234 992 906
571 569 560
560 429 378
716 113 17
199 257 306
533 229 177
777 603 522
772 592 659
199 500 402
588 649 629
579 556 583
95 621 562
454 141 194
457 362 359
622 382 418
755 158 101
309 374 473
850 462 515
288 316 409
893 326 336
394 686 612
968 365 310
3 551 587
286 346 273
591 778 830
644 497 500
940 691 755
336 687 721
566 480 572
808 451 521
456 943 892
742 173 116
238 375 318
502 981 981
252 216 135
687 891 939
341 461 497
989 304 207
405 903 919
788 869 847
725 740 809
794 962 979
93 265 330
73 460 425
191 909 925
69 995 948
463 764 785
680 480 499
572 494 394
426 123 181
135 471 474
92 335 297
266 859 839
660 705 700
558 997 1030
553 625 671
288 863 802
703 515 590
136 158 147
150 161 236
555 865 766
808 434 354
651 711 684
320 180 85
318 603 620
896 306 233
742 959 944
198 246 172
252 137 90
309 536 519
157 426 520
521 434 490
196 525 511
274 852 902
828 877 790
49 509 601
4 633 674
155 123 203
185 239 170
663 476 468
18 846 870
382 821 749
848 626 593
683 120 142
545 787 775
993 848 845
580 816 814
595 555 584
740 470 536
151 609 607
978 133 135
778 686 764
358 812 860
368 224 209
130 768 862
958 271 363
752 706 714
252 254 181
656 830 905
218 680 585
243 231 132
890 686 743
679 592 520
807 364 366
547 743 771
728 717 737
398 684 654
560 279 300
369 403 355
10 295 290
144 321 365
791 329 351
334 139 97
619 268 187
330 724 753
12 406 380
657 940 994
847 365 331
176 903 942
383 247 288
620 673 743
865 425 453
897 969 1064
75 340 359
764 427 512
97 113 200
30 445 464
316 241 229
208 536 559
361 269 169
993 899 923
347 768 765
314 452 428
571 432 423
927 963 907
930 898 861
306 843 812
453 484 517
931 877 951
110 538 484
996 539 484
736 201 215
121 634 711
483 975 966
442 493 470
328 691 654
152 975 999
571 397 312
434 988 889
914 875 798
396 194 116
498 395 465
87 906 1000
59 806 796
490 325 404
143 669 613
116 951 925
438 616 705
425 684 660
285 691 649
378 796 834
698 897 834
593 764 719
376 739 705
617 253 317
246 161 254
192 359 275
760 693 697
406 645 734
59 983 928
829 356 377
714 970 931
450 249 328
157 495 450
317 792 870
374 636 563
653 607 573
309 681 599
909 255 254
891 207 218
168 411 387
135 951 870
291 334 343
723 245 285
490 489 393
82 394 372
641 517 426
283 811 782
446 892 845
554 445 376
892 939 903
838 391 382
90 479 529
241 966 960
666 702 794
984 721 630
442 183 220
231 225 318
110 542 525
486 779 872
418 918 990
733 318 358
148 727 785
110 506 412
775 927 966
462 895 931
543 936 860
672 657 627
158 630 622
908 111 201
817 973 946
52 851 771
745 584 533
190 398 369
108 425 351
990 155 173
919 762 689
534 872 933
120 299 392
120 712 787
90 668 706
922 996 1044
456 197 194
778 419 454
133 737 794
183 856 911
915 495 534
772 617 563
983 448 418
660 418 411
287 307 318
283 923 919
380 696 783
727 242 285
432 846 915
271 657 563
703 459 548
274 190 233
653 395 435
999 706 678
220 235 264
134 732 818
792 271 233
941 216 123
768 853 847
384 719 767
776 747 736
864 699 742
185 449 423
854 184 158
994 506 524
693 194 239
874 133 136
992 410 401
828 445 390
512 864 886
228 634 611
889 142 92
271 781 768
354 224 182
798 555 512
891 192 287
916 838 908
253 410 479
629 819 853
476 133 70
66 677 659
101 133 93
855 358 372
982 747 832
483 118 163
575 372 395
393 353 359
729 223 280
526 975 958
552 685 763
190 851 942
215 329 240
493 599 681
210 220 299
218 155 130
511 800 890
784 460 429
910 934 848
883 745 765
530 225 155
362 129 97
608 980 991
158 142 52
280 953 904
331 860 855
107 307 404
500 265 319
427 572 608
141 639 652
270 284 203
291 420 411
269 724 637
305 331 275
253 376 376
96 607 673
317 142 230
491 132 120
11 819 892
605 538 439
800 154 109
149 240 253
839 647 714
88 707 635
386 906 884
943 465 463
979 318 379
4 266 225
800 658 619
282 541 623
331 549 591
476 796 868
80 413 453
750 269 327
644 395 330
43 746 669
277 293 212
451 121 41
68 387 467
552 662 599
45 586 589
815 333 431
156 211 125
334 837 901
653 650 643
368 806 807
573 913 969
585 112 59
896 203 163
516 117 187
52 281 360
301 740 783
415 732 806
231 795 735
838 635 706
621 160 105
523 612 671
524 420 396
628 630 586
635 899 958
826 770 839
534 681 610
233 428 440
3 313 371
593 495 521
649 369 319
213 570 625
561 391 351
146 732 817
33 981 993
774 800 778
416 665 750
773 797 728
1 409 341
433 226 276
724 788 768
241 124 147
556 815 750
255 193 157
235 130 100
11 631 556
635 979 988
407 912 875
743 164 127
873 307 357
635 977 972
651 447 490
443 995 949
536 263 268
559 550 602
145 865 919
122 980 961
23 575 637
83 858 869
304 253 239
279 921 834
657 456 499
652 203 135
823 445 484
318 914 865
166 702 682
144 500 504
667 862 870
508 698 723
668 305 391
580 687 629
967 746 819
73 495 498
449 637 605
352 368 400
18 595 660
456 950 1043
302 525 552
962 120 48
181 678 740
829 616 594
545 803 774
976 685 671
569 258 334
858 563 509
404 261 211
348 995 1036
814 968 869
825 645 738
463 774 703
32 607 702
811 955 959
458 386 386
624 771 685
133 664 749
302 871 837
297 205 241
262 832 831
863 838 802
609 811 867
168 944 1007
118 926 951
428 503 419
171 948 989
793 122 190
649 947 875
755 354 341
567 959 999
386 510 522
174 795 729
112 602 570
30 438 429
471 995 1072
413 181 92
426 810 880
367 669 669
640 796 747
595 298 362
45 922 863
813 534 510
367 688 687
734 991 995
729 510 608
808 409 390
595 461 527
224 329 269
995 774 842
207 113 100
119 845 840
595 142 100
245 483 514
236 923 901
685 500 424
22 496 582
415 858 863
660 710 759
407 888 936
410 746 836
237 244 158
272 670 703
691 931 1013
605 628 557
44 979 1045
477 199 269
319 138 91
993 605 690
867 383 349
583 156 204
733 113 209
364 175 125
287 767 855
868 687 696
845 817 835
944 667 581
975 535 512
532 773 749
837 708 658
888 117 183
891 779 792
963 761 847
702 986 929
351 937 854
146 537 623
770 176 251
248 239 309
992 585 561
665 926 870
672 259 180
424 112 12
156 616 708
141 555 588
71 748 651
550 824 756
623 763 849
767 653 589
302 521 455
219 861 928
386 168 170
387 266 353
955 266 184
455 235 181
172 827 787
974 842 912
709 986 981
319 926 874
780 198 207
624 353 405
690 210 139
864 665 672
40 607 605
180 688 777
985 895 819
808 275 194
793 144 204
711 567 491
809 784 864
83 379 384
194 169 112
817 302 218
376 779 703
27 328 288
908 282 239
94 389 307
132 474 551
645 300 319
402 409 390
704 323 321
769 792 828
984 985 985
737 169 244
982 276 356
176 544 606
489 797 878
897 881 788
111 780 816
446 423 339
685 786 843
451 332 343
435 941 949
500 498 454
687 390 342
174 304 291
946 138 223
813 943 1007
567 976 1062
918 694 670
678 768 681
927 580 583
861 187 277
297 670 660
611 919 846
829 263 225
859 652 603
796 586 500
770 429 456
426 371 382
166 709 656
694 767 699
780 337 241
410 293 257
319 694 780
491 817 869
100 206 230
634 436 419
993 500 437
286 180 202
959 675 730
698 885 879
952 141 91
158 162 194
814 448 544
609 388 382
716 176 190
83 728 669
521 210 150
598 376 373
234 922 911
105 725 653
139 257 176
198 483 433
577 184 97
889 169 204
962 590 568
657 211 206
769 395 494
69 574 593
980 118 183
672 515 601
837 643 557
256 729 683
339 955 1024
404 128 175
943 731 770
57 192 163
377 616 541
897 614 552
905 254 189
360 991 1060
959 932 968
655 997 1085
605 348 303
624 212 248
322 867 892
414 600 636
982 917 829
548 140 231
709 313 385
700 469 413
624 333 269
621 942 1009
887 890 878
3 250 163
853 858 835
404 527 587
311 247 304
344 301 267
572 264 172
974 143 191
226 342 315
162 505 602
39 361 436
195 755 830
36 815 861
505 272 199
658 986 975
872 795 853
45 203 175
82 242 209
342 903 915
786 341 385
68 331 383
793 222 313
585 114 212
766 764 763
751 885 816
521 393 298
625 207 121
773 529 459
666 829 828
925 440 396
174 195 165
299 873 801
303 836 881
39 830 828
909 384 333
227 523 576
335 548 526
805 613 546
613 750 816
983 302 353
79 552 638
937 864 810
753 991 997
563 749 763
871 300 296
335 518 559
827 311 219
393 660 729
112 807 799
327 657 646
823 442 446
671 380 372
661 585 527
380 170 225
593 677 706
52 215 311
277 844 906
894 882 822
678 747 709
294 268 296
666 664 656
969 241 168
503 651 710
570 841 776
207 643 697
325 331 395
150 316 235
18 148 246
733 329 363
911 609 702
533 290 316
680 703 723
288 824 745
110 643 677
709 801 877
957 596 537
189 438 409
231 526 500
476 521 442
37 230 133
238 199 209
904 761 707
707 407 411
307 500 526
83 211 179
629 995 954
997 290 287
525
856605 859529
856603 859622
856599 859679
856597 859721
856594 859819
856589 859832
856583 859893
856577 859941
856576 859949
856571 859958
856570 859969
856569 859987
856568 860018
856567 860019
856566 860054
856559 860084
856557 860087
856556 860097
856555 860104
856554 860112
856550 860116
856548 860127
856547 860191
856543 860200
856539 860206
856537 860212
856535 860240
856532 860241
856531 860274
856530 860275
856526 860276
856525 860294
856522 860305
856520 860337
856516 860344
856514 860346
856513 860362
856511 860366
856509 860374
856508 860411
856503 860417
856502 860437
856498 860442
856496 860446
856494 860477
856491 860478
856490 860481
856489 860488
856488 860508
856484 860514
856483 860518
856481 860520
856480 860540
856478 860548
856475 860551
856474 860552
856473 860560
856472 860563
856470 860579
856469 860589
856468 860598
856465 860601
856463 860638
856459 860643
856453 860659
856451 860661
856449 860681
856447 860687
856446 860689
856443 860697
856442 860723
856438 860729
856436 860735
856432 860738
856431 860748
856430 860750
856429 860758
856426 860783
856422 860789
856420 860805
856415 860812
856413 860814
856412 860847
856405 860852
856404 860854
856403 860864
856400 860892
856396 860896
856395 860904
856391 860905
856389 860912
856388 860925
856385 860939
856377 860968
856371 860977
856366 860982
856365 860983
856361 860991
856360 861005
856357 861008
856355 861014
856353 861019
856350 861021
856347 861033
856346 861034
856345 861045
856344 861056
856340 861067
856337 861073
856331 861088
856328 861103
856324 861111
856319 861113
856317 861125
856316 861144
856306 861145
856305 861150
856304 861166
856297 861171
856296 861176
856295 861180
856293 861189
856290 861199
856289 861207
856284 861219
856281 861220
856280 861238
856274 861240
856269 861256
856265 861258
856262 861259
856260 861270
856256 861288
856249 861308
856240 861315
856236 861322
856232 861324
856230 861330
856229 861337
856224 861346
856220 861367
856215 861376
856211 861379
856209 861389
856199 861391
856198 861403
856196 861418
856186 861422
856185 861440
856182 861441
856175 861457
856171 861463
856168 861473
856163 861479
856159 861481
856158 861487
856154 861493
856153 861497
856146 861506
856142 861508
856141 861523
856133 861527
856131 861530
856130 861547
856124 861556
856116 861567
856114 861569
856109 861572
856108 861576
856107 861582
856105 861586
856101 861596
856100 861607
856092 861611
856086 861627
856082 861638
856070 861642
856068 861645
856065 861650
856064 861656
856058 861663
856054 861666
856052 861676
856049 861681
856042 861688
856038 861694
856034 861698
856032 861702
856031 861710
856024 861714
856018 861720
856017 861733
856009 861734
856008 861738
856007 861749
855996 861750
855994 861758
855993 861769
855988 861772
855985 861792
855979 861796
855963 861797
855962 861810
855959 861822
855953 861829
855946 861834
855942 861835
855941 861838
855939 861848
855937 861852
855929 861857
855924 861865
855919 861873
855910 861874
855909 861878
855908 861897
855904 861899
855893 861903
855891 861907
855888 861917
855886 861918
855883 861928
855874 861931
855869 861936
855867 861943
855863 861945
855862 861946
855859 861947
855855 861951
855853 861961
855851 861966
855842 861974
855839 861975
855834 861981
855833 861984
855830 861985
855829 861991
855826 861999
855814 862006
855813 862008
855810 862012
855807 862013
855804 862023
855800 862025
855799 862031
855789 862033
855788 862036
855784 862038
855783 862047
855781 862048
855780 862052
855772 862054
855769 862056
855766 862058
855763 862069
855762 862072
855761 862073
855758 862077
855755 862079
855749 862080
855748 862086
855744 862095
855739 862103
855733 862106
855727 862110
855719 862113
855717 862121
855710 862126
855709 862139
855698 862143
855692 862147
855686 862150
855685 862152
855681 862165
855667 862174
855664 862180
855655 862187
855654 862189
855650 862195
855642 862198
855638 862204
855633 862211
855625 862215
855621 862218
855614 862225
855610 862228
855609 862235
855605 862239
855598 862249
855588 862253
855582 862254
855579 862263
855576 862266
855565 862267
855562 862269
855561 862273
855556 862284
855546 862287
855544 862289
855540 862290
855538 862296
855537 862303
855526 862306
855524 862315
855511 862318
855507 862320
855501 862323
855497 862324
855492 862329
855491 862332
855490 862334
855485 862340
855484 862342
855482 862345
855478 862355
855464 862359
855454 862365
855451 862366
855449 862368
855442 862371
855434 862374
855430 862378
855428 862383
855421 862394
855408 862397
855405 862400
855402 862403
855398 862405
855397 862408
855388 862413
855385 862414
855381 862418
855376 862422
855375 862428
855367 862436
855352 862439
855348 862443
855337 862444
855335 862458
855318 862464
855307 862472
855300 862473
855298 862481
855290 862482
855284 862484
855282 862486
855276 862491
855268 862493
855258 862495
855255 862496
855251 862501
855247 862503
855242 862508
855241 862509
855232 862512
855230 862513
855228 862521
855216 862523
855213 862532
855202 862533
855199 862534
855195 862541
855189 862549
855172 862551
855169 862552
855167 862553
855164 862556
855158 862557
855156 862561
855154 862567
855142 862569
855136 862570
855132 862577
855127 862581
855112 862586
855107 862587
855104 862588
855103 862591
855093 862593
855087 862594
855086 862596
855085 862599
855084 862602
855074 862609
855069 862612
855057 862613
855056 862616
855051 862618
855046 862621
855038 862624
855032 862625
855031 862635
855026 862637
855013 862639
855009 862641
855006 862642
855002 862644
854999 862645
854997 862646
854994 862649
854982 862650
854981 862652
854978 862653
854971 862654
854970 862663
854964 862666
854961 862670
854955 862674
854938 862678
854926 862679
854922 862680
854921 862683
854918 862687
854910 862688
854907 862689
854905 862691
854900 862693
854899 862698
854891 862699
854884 862701
854880 862702
854875 862706
854872 862710
854857 862712
854856 862714
854853 862715
854847 862717
854843 862719
854840 862724
854837 862726
854830 862732
854811 862733
854807 862735
854801 862742
854786 862744
854785 862745
854779 862747
854776 862749
854774 862750
854765 862752
854759 862753
854757 862758
854740 862769
854723 862773
854714 862783
854685 862786
854667 862791
854663 862793
854648 862794
854646 862797
854639 862798
854630 862801
854629 862807
854619 862808
854605 862814
854591 862819
854576 862820
854572 862824
854562 862825
854555 862826
854552 862832
854535 862836
854528 862837
854513 862842
854507 862843
854498 862845
854497 862849
854479 862854
854463 862855
854452 862856
854451 862859
854449 862861
854419 862862
854418 862864
854414 862867
854405 862871
854398 862872
854388 862875
854378 862876
854368 862877
854358 862885
854349 862887
854322 862889
854311 862893
854299 862895
854294 862897
854276 862905
854243 862907
854230 862909
854225 862912
854210 862915
854206 862916
854177 862917
854175 862918
854166 862920
854164 862922
854159 862923
854149 862926
854135 862930
854116 862934
854077 862938
854051 862940
854043 862941
854024 862942
854019 862952
853944 862953
853938 862954
853919 862959
853883 862960
853873 862962
853840 862963
853828 862965
853820 862970
853815 862972
853757 862980
853607 862984
853531 862985
853523 862986
853501 862987
853498 862988
853446 862991
853409 862992
853308 862993
853299 862994
853279 862995
