4000 2
997304
302 463 374
756 641 559
560 632 678
611 685 690
890 261 346
669 757 804
693 594 644
217 411 458
209 696 673
271 473 554
668 939 880
264 989 1082
850 182 187
497 833 760
666 413 318
393 349 388
936 114 91
275 784 805
934 553 616
343 896 813
274 813 863
263 998 901
344 968 1041
156 546 519
497 668 574
765 692 676
769 423 395
527 769 796
25 419 432
908 255 337
698 332 269
697 114 103
661 130 188
152 902 991
778 337 326
433 365 307
783 742 837
524 173 174
872 738 744
35 356 343
285 278 205
288 443 509
310 842 841
200 658 687
455 612 596
741 119 190
451 306 334
521 288 221
227 738 645
503 321 235
690 712 683
65 834 863
887 686 777
503 238 169
68 812 834
77 301 271
297 175 235
496 745 709
202 892 902
439 926 836
116 990 1038
928 419 480
576 993 1032
719 953 892
509 202 155
723 744 712
796 167 195
509 880 807
389 278 245
306 768 823
296 814 892
642 586 650
634 416 395
582 145 68
684 322 347
397 560 529
461 865 793
327 545 575
516 666 574
255 966 935
47 767 795
582 671 628
925 511 595
964 864 864
203 967 904
707 634 650
556 944 852
45 184 158
669 766 843
631 804 732
370 226 163
1 798 852
451 164 203
299 983 1014
263 541 613
851 707 720
790 337 262
873 377 311
610 707 774
391 607 601
521 733 801
295 900 968
355 695 653
336 424 442
819 121 191
490 887 928
745 505 504
45 616 589
715 768 863
274 625 599
973 155 233
861 903 840
519 763 771
872 134 209
884 661 700
758 531 468
202 270 356
771 712 807
510 151 189
90 133 225
140 463 550
32 366 425
765 531 494
792 122 60
411 901 816
884 631 697
64 796 703
740 734 795
786 712 675
811 438 419
208 406 415
495 351 366
968 172 140
981 456 382
871 625 634
456 693 678
227 545 543
928 577 523
605 404 307
973 686 752
306 158 65
576 644 650
646 268 268
35 573 569
613 693 663
268 289 350
756 671 578
281 220 313
611 428 442
259 445 453
313 295 364
912 329 314
91 803 717
611 360 281
266 790 833
467 215 312
97 935 983
220 968 872
577 937 964
954 555 634
162 149 90
408 904 828
188 394 336
468 457 521
232 551 468
350 301 311
278 289 319
242 950 1024
171 972 961
671 648 628
714 555 567
607 739 833
925 846 777
316 145 170
810 875 946
25 952 893
225 555 552
169 245 290
138 130 209
742 528 542
242 885 841
949 497 575
777 472 535
815 613 539
675 281 369
622 156 249
123 341 279
274 774 746
295 532 531
764 443 391
636 949 945
71 313 299
477 217 159
42 944 849
233 173 213
284 123 87
544 984 973
290 266 309
764 588 490
138 143 198
82 358 340
310 788 785
430 285 377
368 472 372
438 495 442
453 230 234
435 517 429
609 914 884
147 664 587
183 677 628
462 480 447
225 849 878
420 392 307
827 358 347
260 362 439
394 572 539
852 146 200
755 204 180
378 519 524
16 625 667
431 854 788
263 266 245
579 843 906
858 913 941
141 421 501
660 319 278
700 619 549
805 416 497
265 755 711
843 336 295
679 968 1014
854 232 330
678 585 599
580 423 408
929 996 1010
164 910 856
735 287 373
79 421 468
804 337 237
59 589 658
23 855 859
160 615 590
694 609 520
46 228 255
41 611 624
940 229 274
139 433 426
488 372 380
742 137 106
281 138 119
118 890 875
685 467 484
246 804 760
378 854 819
940 532 505
74 146 107
437 795 784
731 320 407
761 803 838
793 225 316
669 586 501
71 968 1020
850 603 504
687 855 832
161 258 223
201 587 567
970 862 929
206 372 385
985 315 281
114 919 843
649 882 940
614 950 1022
169 737 779
7 744 723
173 198 210
708 488 540
554 844 890
848 699 786
79 316 400
987 609 516
855 718 755
799 534 494
504 411 404
217 156 151
315 511 540
739 120 91
564 796 878
227 558 609
458 503 570
19 435 500
702 468 504
178 190 185
516 458 554
567 875 815
18 410 412
29 987 937
799 416 479
303 337 245
744 123 123
109 868 872
511 712 656
600 428 408
990 855 938
851 840 837
188 129 129
174 586 592
517 812 778
771 651 677
785 691 666
637 248 245
314 711 810
672 910 929
509 377 394
329 304 291
350 735 760
884 293 352
674 765 728
282 170 87
934 733 807
90 180 182
765 611 675
664 608 607
964 249 149
183 771 737
885 272 308
92 828 841
828 650 598
895 931 935
596 120 111
674 897 906
238 461 423
797 305 400
953 746 834
696 750 674
877 158 59
684 765 685
292 381 466
215 596 660
226 172 156
110 579 497
505 177 143
723 455 380
438 435 351
158 383 438
210 494 525
946 502 470
250 592 618
795 529 598
865 374 288
393 748 684
467 832 869
855 239 221
220 354 423
526 428 329
957 231 174
398 815 747
940 230 212
412 792 733
707 657 571
425 722 715
237 885 971
381 607 664
654 973 874
12 838 844
148 844 842
940 147 225
75 291 357
841 658 606
456 843 933
144 909 883
15 434 456
574 375 473
543 187 216
362 194 225
187 669 729
228 218 267
432 121 184
48 859 891
872 186 109
770 142 94
134 474 429
431 128 197
517 121 99
610 695 746
239 390 478
360 217 151
372 879 899
214 719 748
299 418 422
334 522 480
743 754 739
763 111 182
775 866 840
433 326 422
747 997 941
867 946 962
732 208 298
417 744 677
762 432 425
226 896 956
949 266 274
949 645 606
799 517 433
42 849 852
40 834 786
978 143 69
89 661 733
801 621 576
163 770 678
47 297 250
222 121 64
823 605 538
281 879 972
112 953 854
925 523 432
962 758 663
582 874 796
157 752 835
898 111 26
109 148 72
120 386 355
676 578 511
541 726 716
489 696 708
953 702 699
681 743 733
540 766 672
261 868 805
262 792 709
304 862 801
613 973 936
140 392 490
832 543 549
491 943 847
157 554 648
868 987 1018
606 498 437
457 528 519
225 695 738
70 773 677
40 947 974
357 339 393
843 331 352
779 804 723
278 823 773
264 800 724
700 493 538
170 667 604
827 183 164
573 821 816
514 840 843
771 516 591
19 316 359
799 855 854
600 942 997
376 279 187
806 388 436
432 146 228
513 310 357
313 674 636
134 212 277
589 673 692
820 563 586
658 313 295
593 756 658
783 558 536
95 594 533
135 364 389
359 285 213
993 942 932
108 330 347
740 175 110
250 705 804
478 364 394
205 732 681
707 745 651
252 203 128
537 377 328
733 935 958
668 172 194
914 575 618
986 207 199
656 364 405
940 361 298
640 943 921
354 274 193
458 302 272
758 414 491
686 645 669
754 306 263
277 850 790
386 601 538
671 121 190
953 752 809
889 918 903
74 378 434
289 466 413
630 778 877
231 678 714
450 340 327
282 596 638
833 776 695
845 944 997
566 807 851
475 616 638
775 995 1032
176 800 895
926 123 144
564 120 187
822 726 683
368 225 238
117 859 839
54 947 896
836 742 804
406 496 453
402 151 63
178 761 708
192 739 672
202 388 434
894 242 252
24 497 581
865 114 21
806 472 390
517 692 777
950 526 492
995 783 829
727 840 922
434 165 85
745 312 273
893 962 901
329 563 507
332 493 410
738 525 604
392 605 587
860 541 513
616 837 808
438 601 518
499 523 526
726 615 568
683 886 817
193 174 171
622 373 436
89 452 463
645 359 448
130 726 787
946 161 146
499 480 552
962 557 529
529 130 47
402 366 420
473 508 600
768 941 958
152 780 815
432 387 351
125 343 333
181 174 153
597 553 632
99 432 503
121 754 731
409 833 890
855 630 582
789 599 505
543 231 167
854 832 854
115 229 276
186 630 714
683 984 987
45 891 914
768 766 813
581 222 151
167 923 823
715 268 325
851 295 261
663 458 395
796 115 75
381 772 769
364 701 635
242 271 213
979 819 915
104 585 598
19 714 760
195 715 704
403 528 487
793 824 916
797 990 1041
542 369 296
206 802 802
387 953 1001
184 255 299
717 240 305
396 743 812
76 504 412
545 901 889
347 277 224
336 243 149
626 917 932
404 151 207
352 599 532
514 372 342
660 126 39
372 862 855
814 725 733
703 761 678
890 266 252
39 476 529
945 506 485
991 128 187
541 823 753
834 973 1005
852 397 362
697 459 498
389 873 875
121 465 407
295 541 461
706 926 854
151 721 638
171 183 99
972 894 918
942 138 129
266 729 690
658 129 30
515 749 727
914 314 317
399 504 566
316 597 600
3 725 758
85 804 871
965 876 938
996 540 590
693 946 849
714 332 367
432 337 275
661 688 609
104 257 257
651 978 1041
343 548 612
123 252 333
984 997 1071
468 828 901
408 608 620
657 625 579
911 337 378
562 507 480
727 601 595
702 160 84
195 889 882
353 731 748
350 648 662
157 534 442
717 417 406
296 916 837
550 271 174
996 900 915
549 338 299
604 757 658
480 867 807
179 392 403
783 915 996
260 536 448
604 573 629
510 972 887
690 177 202
578 193 217
833 709 643
561 981 1036
412 989 940
728 281 267
633 775 718
112 692 687
631 748 664
601 552 570
676 619 575
769 287 359
442 840 878
422 993 944
410 794 827
601 133 112
349 519 424
3 713 640
719 249 303
216 321 295
788 848 757
986 209 272
807 974 925
800 703 739
569 930 848
594 634 672
54 985 893
731 121 29
887 246 298
125 931 1026
953 373 426
65 416 466
37 253 265
703 484 456
624 200 286
213 281 285
197 897 912
209 934 895
360 973 912
284 762 726
579 744 699
922 537 505
84 318 293
503 817 732
605 250 290
797 188 271
682 654 576
608 279 243
578 554 590
312 729 821
24 126 134
504 371 364
737 673 683
533 119 29
689 190 221
776 815 805
388 741 668
578 841 889
77 237 201
773 842 868
790 811 842
84 405 337
716 820 899
725 420 406
814 468 392
607 164 243
316 568 525
137 690 762
279 463 551
102 750 792
889 425 425
222 121 138
20 264 224
368 175 80
770 558 626
830 666 656
345 575 628
996 829 909
393 708 644
113 655 611
466 401 335
477 849 828
650 482 465
722 752 808
227 778 788
851 640 616
374 152 197
183 833 878
855 748 671
468 910 856
794 275 314
624 429 363
43 781 845
764 262 271
515 958 1012
111 562 586
157 903 1002
970 662 598
687 418 325
587 523 523
771 728 687
131 459 543
884 613 705
55 457 502
9 943 891
516 741 711
408 408 410
29 407 403
374 569 502
838 601 652
533 160 165
924 425 456
490 356 364
879 324 343
815 972 993
525 300 224
860 616 621
194 182 193
709 610 696
261 760 813
317 543 503
671 123 68
947 707 750
188 300 319
157 830 812
371 479 566
938 587 646
19 168 266
581 663 703
312 602 694
798 397 352
811 667 757
483 869 948
695 619 536
505 261 209
919 628 650
456 573 583
520 394 408
143 387 317
695 122 114
19 977 929
644 337 251
498 293 303
70 201 151
238 277 328
819 492 526
340 148 74
658 638 668
969 256 314
982 391 388
957 802 803
212 145 75
416 209 238
518 702 745
705 925 1016
135 707 762
177 418 341
770 534 588
934 224 272
249 929 974
27 474 510
65 925 1003
176 170 132
841 747 812
757 497 504
428 458 491
774 259 328
251 362 385
378 161 171
299 823 883
708 580 645
624 298 376
691 205 118
408 481 562
842 330 363
233 805 723
400 512 585
682 376 299
739 924 923
541 525 584
69 347 347
280 193 118
386 986 1049
803 157 102
50 965 878
831 667 627
283 751 791
581 634 610
496 740 664
961 293 325
228 112 158
321 560 462
306 674 653
358 514 454
319 715 665
944 777 693
665 156 129
254 780 869
961 232 220
167 342 323
168 933 959
673 697 787
307 709 660
760 175 198
441 356 443
191 580 656
242 655 664
994 981 1040
131 934 986
392 439 524
317 799 717
976 473 526
650 432 347
723 663 730
998 323 278
527 267 260
140 161 202
119 647 687
45 469 535
414 257 202
189 192 200
596 276 279
958 959 892
580 138 216
819 881 959
995 238 221
53 654 665
655 395 430
59 131 175
223 872 799
315 184 148
501 666 750
456 239 314
486 389 380
353 293 248
497 196 150
109 568 532
428 175 271
451 776 683
308 529 481
390 649 664
15 938 853
160 867 873
473 759 663
678 278 252
774 525 599
289 767 862
361 167 148
110 150 221
581 185 117
187 418 428
118 931 944
968 111 156
698 586 526
887 604 680
353 936 966
93 820 908
157 801 761
201 273 255
285 146 245
631 293 229
554 786 745
555 404 357
90 163 256
645 342 412
573 236 177
372 818 777
148 767 758
331 149 180
371 517 605
576 513 527
337 675 600
666 941 977
725 291 345
986 261 244
127 132 229
922 316 288
661 583 584
704 988 1055
163 683 625
615 631 688
250 250 174
185 362 419
388 968 970
557 764 764
581 245 270
812 235 244
344 555 497
331 118 201
974 864 779
559 161 199
716 861 949
999 970 895
963 782 784
698 351 265
849 795 825
988 464 457
489 952 1013
497 251 178
344 175 97
401 244 278
245 860 837
212 809 786
967 922 892
238 490 399
9 554 633
406 246 323
353 660 635
511 491 565
584 615 558
734 716 739
577 426 498
363 771 685
276 228 136
703 540 495
203 585 542
355 495 533
973 395 304
401 729 740
968 616 543
649 808 882
4 468 458
747 345 407
879 411 328
363 448 506
895 696 794
328 952 921
647 679 643
343 719 763
911 325 363
696 449 417
98 337 305
362 738 656
700 573 667
80 652 618
738 467 412
685 462 473
324 772 712
10 170 179
251 812 803
631 538 468
886 840 790
593 258 280
113 339 301
721 313 291
123 609 535
518 813 876
263 418 345
329 599 528
119 196 175
599 603 509
421 740 823
586 963 964
843 619 643
71 897 865
632 357 350
421 474 570
767 310 259
317 434 449
414 566 605
968 921 879
676 948 990
635 874 834
208 438 366
93 991 933
371 408 477
779 823 776
3 809 715
367 140 110
878 653 706
790 382 428
732 644 626
591 390 299
959 657 607
950 785 754
285 976 1019
87 839 838
872 188 187
905 219 292
516 532 580
821 324 330
421 976 929
735 452 523
350 493 556
110 719 772
83 138 48
902 775 702
988 327 228
111 770 853
584 650 636
824 423 373
798 898 932
183 245 226
613 118 169
297 844 917
328 635 724
75 681 751
319 802 869
61 810 900
668 735 742
20 229 200
904 453 384
57 161 129
65 523 613
889 308 258
480 189 204
121 144 174
899 900 994
686 758 664
389 714 753
522 301 344
906 620 644
964 760 796
428 174 223
650 133 159
738 356 278
775 870 817
664 561 487
393 536 600
72 564 505
286 298 344
858 937 964
590 602 622
661 318 224
686 981 1017
962 656 639
816 757 695
323 967 1038
801 197 147
312 927 891
522 225 246
452 875 868
5 554 465
239 201 244
218 228 208
830 833 806
558 317 253
521 490 491
619 365 326
538 588 611
667 875 803
527 527 545
26 942 961
128 993 1060
260 742 652
73 213 289
305 539 527
732 701 793
19 262 278
556 534 457
416 195 252
884 319 281
820 845 812
812 487 480
523 340 385
638 387 446
121 283 203
785 675 742
955 641 712
432 269 251
527 376 441
762 186 228
589 466 472
12 768 736
271 294 367
581 940 941
774 762 787
409 856 838
7 711 684
185 583 642
484 949 914
569 795 712
968 540 575
707 124 161
914 430 521
847 313 321
580 763 725
419 432 476
94 798 843
625 236 318
568 947 926
339 348 441
821 427 514
836 140 168
196 752 763
423 716 696
158 307 403
519 587 567
293 341 340
435 990 914
376 914 952
643 379 284
998 349 418
32 292 329
753 863 939
435 469 429
656 829 821
192 815 911
451 284 238
441 726 767
344 835 751
646 559 604
914 585 630
119 451 502
965 171 173
369 955 1044
177 336 356
968 747 805
165 731 680
857 975 1012
672 716 622
177 791 826
710 549 567
94 306 347
163 981 1015
112 547 455
366 499 442
82 146 83
779 852 822
751 182 124
432 792 868
199 819 730
692 531 584
912 168 240
891 799 704
382 509 436
819 548 548
858 743 759
693 911 883
773 336 258
539 522 531
337 418 467
810 470 457
874 265 235
648 144 92
97 167 191
589 289 277
300 736 696
201 366 464
453 690 743
916 792 753
262 389 417
666 163 153
840 552 517
878 863 958
941 189 103
142 743 775
845 248 340
133 515 447
784 510 532
550 303 309
863 576 634
922 259 251
419 662 622
266 953 888
355 931 855
67 996 948
221 695 616
676 660 608
126 804 708
343 462 476
866 934 921
34 751 723
653 271 326
601 539 448
524 699 679
520 806 799
177 150 187
795 246 218
575 459 456
969 481 547
896 992 1031
617 492 538
798 813 790
281 617 714
942 658 660
725 125 31
769 540 481
921 262 162
314 586 601
730 132 141
722 873 861
152 606 518
941 369 440
511 713 640
127 702 618
144 268 329
626 297 312
797 482 481
332 485 547
356 999 1007
214 598 550
770 993 976
61 159 130
738 923 996
403 158 257
581 231 158
790 949 1002
208 572 584
629 126 204
629 849 799
178 442 434
170 678 624
225 159 118
139 476 382
192 360 347
328 356 259
271 480 541
790 271 173
808 772 800
638 678 632
12 902 892
649 426 450
704 634 702
116 896 992
396 926 860
671 425 425
87 440 494
268 268 280
12 281 255
650 854 756
540 208 112
894 609 643
484 271 246
368 133 131
285 118 195
638 274 285
9 721 749
186 519 601
378 132 216
215 463 477
325 472 394
884 491 392
66 199 197
92 533 605
100 969 898
283 868 924
969 474 532
429 158 253
454 968 939
849 900 914
257 520 599
685 622 678
785 629 698
260 178 265
226 943 850
78 184 148
486 880 837
539 696 739
504 677 611
392 994 898
852 613 568
428 520 612
11 325 374
87 188 89
24 133 79
106 166 128
971 451 510
630 709 676
268 459 527
262 613 559
826 633 550
287 881 883
528 849 853
616 626 648
641 635 661
704 843 891
88 232 274
760 942 910
153 353 375
717 212 286
305 419 458
172 495 591
4 951 953
583 528 453
173 182 236
997 746 740
134 515 527
69 259 223
342 564 558
456 218 156
802 993 992
236 724 757
181 711 745
650 278 228
730 392 377
446 188 172
900 609 620
69 219 244
578 505 598
699 926 910
692 207 152
382 649 641
58 354 382
246 951 909
563 288 192
650 668 661
212 157 131
334 653 640
777 322 225
695 295 338
804 672 653
410 875 933
683 397 466
629 969 887
829 341 372
457 363 324
509 780 783
120 221 291
358 611 636
565 626 591
197 374 299
57 737 744
379 551 495
344 415 485
603 499 535
887 194 121
640 467 496
764 927 980
328 796 720
907 467 504
204 756 832
908 872 960
404 462 425
747 660 692
184 528 481
277 245 175
678 367 425
597 941 952
368 733 810
769 842 900
495 565 664
352 462 543
747 410 372
365 695 606
835 396 344
986 633 636
275 770 709
209 588 646
908 196 128
731 985 1070
243 802 787
638 801 856
975 718 722
633 994 1071
953 156 200
541 370 412
284 831 928
820 116 54
917 821 741
900 964 1030
679 901 816
455 390 433
138 192 230
132 658 622
183 559 514
475 314 377
285 946 866
292 933 1017
91 216 284
51 308 356
940 161 145
255 229 304
347 865 767
961 591 519
466 878 843
695 236 296
635 964 881
560 166 141
679 987 980
900 845 848
957 615 606
91 989 1031
939 878 790
479 889 793
343 129 126
484 420 356
444 245 308
506 323 298
492 659 570
318 188 279
885 650 733
873 170 71
736 805 894
612 860 845
634 880 933
982 426 376
134 590 629
372 429 369
989 765 803
77 817 719
683 780 859
750 705 759
531 711 712
374 663 587
240 152 202
594 835 882
134 170 243
491 790 738
228 970 916
23 699 660
775 710 808
444 619 667
120 416 370
740 868 897
787 975 1052
601 756 752
669 522 544
433 406 327
400 621 587
61 827 798
735 212 138
307 203 218
651 862 900
502 215 202
475 789 733
201 688 752
663 226 224
996 772 857
571 865 829
377 273 250
491 589 513
595 705 690
441 328 243
558 946 962
321 444 355
970 642 593
101 486 569
844 924 1007
693 858 855
875 258 330
413 601 571
83 708 798
327 200 178
267 270 359
642 786 739
240 836 784
662 175 143
577 993 929
418 918 993
583 462 512
134 341 274
806 657 606
906 612 627
86 960 1028
845 914 910
662 265 309
734 478 455
727 781 873
635 945 921
32 836 928
291 616 535
905 763 843
470 984 1046
426 606 685
329 466 514
503 897 877
916 653 580
670 997 1069
608 965 965
424 415 421
992 383 447
726 471 516
708 386 325
266 218 242
665 126 216
550 785 776
160 255 229
157 378 286
119 257 286
461 702 616
768 286 199
174 128 186
483 775 774
604 952 1005
621 617 603
380 575 671
543 980 908
843 421 380
9 458 441
674 146 221
871 212 241
891 270 333
639 974 934
585 529 610
155 321 326
677 704 785
655 687 677
5 813 771
396 189 149
436 560 655
550 451 520
730 135 183
701 863 838
173 243 336
409 159 83
77 629 688
725 547 537
515 948 939
603 321 391
109 590 548
491 570 638
519 436 450
366 205 159
514 543 531
569 512 582
152 619 704
643 439 469
585 842 775
822 361 415
362 231 307
878 489 463
245 347 425
351 854 805
836 206 260
288 600 567
859 469 467
229 406 332
53 987 1031
334 248 256
469 934 1014
895 827 883
161 269 174
996 171 146
104 399 341
655 195 195
59 497 469
391 934 951
377 165 193
531 806 901
457 399 388
263 314 282
441 120 120
510 144 143
834 480 500
929 670 621
364 227 190
290 547 588
352 182 98
134 753 775
458 731 645
686 238 204
697 541 596
735 986 942
151 540 463
780 186 95
910 415 397
402 696 736
483 435 345
206 509 446
903 166 195
47 230 196
531 527 432
516 327 379
998 581 664
84 686 725
427 729 750
85 207 108
450 831 829
898 880 919
961 157 176
96 731 760
564 137 72
807 163 201
337 843 881
984 768 823
680 497 437
789 147 104
600 155 202
465 591 618
518 320 339
217 853 891
247 539 490
306 697 609
130 423 403
869 149 125
305 839 752
346 129 199
396 384 374
936 150 233
173 715 702
8 356 386
490 972 1052
150 310 251
501 367 334
545 723 664
364 176 178
385 234 305
693 994 944
737 509 446
418 438 410
694 828 801
663 521 592
887 433 334
177 617 618
865 917 827
939 211 194
79 666 726
73 539 538
521 763 709
889 931 961
695 363 332
157 692 593
520 566 645
90 574 488
996 138 225
110 186 261
734 558 649
216 383 288
950 824 833
873 143 130
159 722 648
812 140 98
325 148 210
846 945 1025
877 121 200
961 955 856
465 846 894
771 808 899
573 833 914
609 432 488
297 822 910
330 941 991
373 311 226
311 143 227
323 943 1003
273 851 903
101 858 803
884 628 727
697 590 604
60 509 444
859 315 310
794 261 322
20 930 865
56 998 996
991 930 992
825 752 669
666 541 478
248 742 656
787 740 793
236 358 423
465 518 555
634 941 937
556 769 769
555 929 940
477 475 484
199 309 283
683 385 292
394 551 508
102 614 528
380 409 370
838 256 310
773 867 848
514 406 498
434 851 854
844 456 555
69 943 882
377 385 460
872 420 374
440 674 648
775 740 790
938 126 144
789 814 787
122 288 364
955 257 219
344 719 650
281 717 662
590 891 911
937 783 778
572 137 220
280 470 508
296 252 277
88 779 762
288 216 224
452 998 997
137 389 457
818 530 454
696 732 774
453 381 410
482 805 749
886 731 730
46 457 516
797 128 204
915 501 435
914 981 1005
227 533 585
699 391 406
399 499 454
703 242 287
484 819 761
183 126 45
573 570 498
592 389 476
32 286 356
11 438 491
486 991 1090
802 778 816
239 404 322
386 648 707
183 407 363
201 594 586
717 680 587
31 806 831
228 752 783
596 623 656
587 417 348
338 413 504
668 141 80
273 224 240
606 932 985
150 292 385
789 704 740
572 736 778
293 405 493
869 991 998
214 697 621
554 835 827
589 798 723
716 972 952
640 601 502
845 393 324
512 362 451
216 970 973
546 716 778
536 664 700
196 253 332
12 364 353
784 775 682
754 890 941
306 359 338
623 367 315
906 507 557
873 461 554
554 922 924
177 756 666
337 473 422
622 381 332
369 781 689
246 815 874
525 598 518
813 950 995
260 275 301
653 944 945
566 916 828
293 485 432
701 530 544
6 750 689
759 980 992
553 129 191
101 838 805
46 930 859
230 687 668
168 361 273
75 812 837
495 865 949
967 187 211
687 697 722
665 871 848
685 484 572
504 316 224
425 615 532
74 748 711
355 222 218
144 277 288
992 836 746
79 767 671
739 431 472
595 989 963
16 445 356
247 391 403
813 428 525
530 505 417
656 786 769
844 327 338
660 824 834
398 872 898
758 891 864
747 632 724
123 963 1058
439 127 72
796 626 533
240 615 629
999 669 614
243 149 62
46 645 691
901 247 172
779 807 884
366 246 272
325 214 265
343 195 134
923 396 494
491 431 377
119 938 884
162 250 244
763 312 316
916 961 945
700 187 127
852 976 989
968 651 729
64 435 382
385 609 540
745 602 632
676 809 862
833 125 211
60 547 585
17 120 142
103 495 457
76 674 606
683 289 215
49 193 132
609 402 418
163 543 508
948 232 132
965 916 983
456 855 934
468 583 665
900 238 141
535 515 433
735 660 714
828 778 842
157 952 938
643 580 599
780 870 878
686 872 873
524 726 819
55 633 619
198 555 521
652 568 641
271 649 669
22 449 435
968 292 309
496 676 622
351 317 219
208 800 839
899 364 308
487 333 288
987 718 713
502 125 50
108 896 875
488 544 528
692 927 904
328 561 638
560 767 714
336 778 766
621 510 478
870 708 774
554 955 1018
570 488 451
454 602 587
940 956 1039
859 441 462
366 787 874
105 684 683
855 894 960
306 399 389
977 704 668
927 553 628
353 390 379
905 674 754
857 165 233
229 979 1019
989 630 543
635 573 507
516 125 30
841 864 830
508 378 340
6 666 613
320 556 574
954 954 953
16 865 835
992 723 739
576 457 471
97 516 457
113 669 713
960 693 705
262 989 903
885 376 291
387 588 567
336 224 194
184 665 638
873 980 951
263 608 695
719 228 134
348 412 341
3 166 87
990 667 640
290 732 682
827 801 829
955 266 361
579 580 512
557 907 813
117 338 297
249 281 184
587 310 282
649 439 412
276 533 504
974 859 888
751 195 189
926 765 750
454 743 644
350 886 899
605 916 952
797 291 377
22 305 308
391 629 562
866 954 942
708 383 366
804 958 892
540 491 410
252 872 882
124 880 960
30 494 495
233 212 172
451 151 115
35 612 655
983 762 778
291 268 225
244 641 559
672 793 819
529 879 956
395 480 381
826 392 299
940 842 796
985 222 266
550 511 562
283 258 306
461 775 681
58 144 99
824 227 316
688 791 786
104 689 763
420 697 736
243 732 759
369 974 998
819 727 661
985 511 501
733 281 364
770 309 403
901 554 613
667 507 504
318 930 947
978 815 716
677 545 495
648 221 245
342 774 762
793 927 912
985 442 373
209 367 452
707 342 408
153 162 161
75 594 657
866 229 287
355 237 231
479 462 385
226 125 117
145 516 467
517 895 843
805 147 136
67 972 903
125 822 783
668 375 351
800 211 160
943 917 937
338 447 363
354 554 515
810 965 955
693 302 396
733 516 571
702 916 984
503 166 259
800 440 467
914 781 768
821 114 89
200 651 694
699 725 639
659 999 1075
875 513 527
332 487 448
238 289 191
300 149 151
671 120 82
425 685 630
429 183 92
37 520 469
727 269 358
727 332 353
180 227 223
604 738 801
804 122 32
847 131 101
858 588 492
504 867 856
586 180 255
48 224 306
226 446 473
474 400 373
605 940 949
311 481 411
324 316 406
347 363 423
884 677 709
735 697 629
813 207 257
941 986 1045
319 909 813
644 589 588
578 915 835
994 511 493
226 645 692
510 605 522
148 429 522
807 127 167
915 274 277
900 942 933
799 763 818
337 784 768
241 338 437
692 430 528
294 798 741
850 565 610
209 641 716
227 614 650
411 350 369
346 810 810
80 329 288
837 131 158
94 505 580
453 504 517
227 498 570
738 693 735
335 453 537
900 343 272
171 951 962
957 596 677
204 152 248
226 418 482
670 984 1067
113 875 848
549 492 510
204 370 336
589 115 148
850 935 948
796 178 225
342 675 713
388 591 670
734 577 501
716 419 477
576 344 425
5 670 661
297 310 341
303 605 554
230 308 227
305 812 890
940 578 525
480 306 330
6 215 186
353 325 239
615 142 172
245 948 979
469 463 553
25 160 111
247 380 376
36 468 525
561 374 419
781 584 526
899 250 193
142 569 582
177 635 571
119 324 309
515 907 986
571 865 949
874 203 136
276 633 573
572 447 499
105 206 215
262 393 381
776 585 602
367 202 254
607 365 441
503 745 724
352 653 746
456 583 651
44 732 655
422 912 950
530 702 761
848 298 209
382 693 759
485 326 266
771 115 176
485 898 860
96 362 394
627 333 256
326 192 124
227 297 313
892 910 832
103 728 820
758 778 746
1 630 695
6 808 827
892 637 553
175 913 849
424 613 674
516 718 644
725 862 833
625 492 442
320 593 564
71 559 481
655 864 786
440 712 636
33 356 258
935 431 368
501 591 613
185 420 345
30 538 608
459 858 853
2 193 252
506 508 581
354 610 614
30 711 803
305 818 916
666 829 914
207 994 980
554 649 671
35 761 789
875 630 550
967 164 85
416 872 894
976 754 846
652 329 427
448 296 255
256 291 384
251 229 163
855 611 656
587 269 321
172 842 869
232 934 954
89 138 41
812 681 780
59 650 679
267 645 564
470 911 881
603 880 900
167 143 134
345 789 698
167 576 519
93 253 243
124 790 797
766 807 777
373 804 785
973 492 527
873 579 508
739 893 942
775 541 624
538 950 901
62 991 976
222 297 300
985 697 725
769 287 268
549 600 656
978 964 1014
506 676 701
387 806 779
871 583 511
815 507 543
806 738 786
16 228 320
675 690 780
874 372 415
425 735 688
385 541 490
21 323 373
803 881 809
334 318 220
780 445 510
486 162 188
618 822 851
270 791 755
564 746 685
267 497 521
751 736 637
989 956 861
856 737 803
91 862 794
467 873 961
525 719 705
326 392 301
91 969 932
806 368 444
241 544 473
944 208 288
895 214 291
601 238 287
446 976 1043
304 233 193
987 184 249
305 566 496
271 609 558
560 893 803
48 788 746
158 920 867
274 832 758
417 734 780
391 508 443
529 364 360
611 634 628
124 483 538
685 620 529
564 839 860
327 884 914
238 255 317
49 465 381
749 582 582
197 344 422
482 502 486
72 931 837
490 460 391
64 260 328
882 301 281
753 839 885
915 531 624
314 363 266
844 438 491
107 883 975
547 788 777
470 273 276
863 302 203
32 440 354
245 298 388
65 658 699
538 419 443
822 392 479
191 407 462
60 200 277
821 167 153
5 564 644
221 134 187
591 140 199
802 203 111
419 161 82
766 788 817
83 452 445
416 394 425
516 198 241
580 985 992
90 480 488
116 394 446
150 185 156
253 894 825
309 931 946
72 137 105
456 711 696
775 238 306
873 823 794
857 572 659
274 163 68
592 647 575
676 438 396
557 754 763
480 895 965
510 520 605
186 825 801
330 315 246
131 175 81
650 493 570
709 438 370
313 463 513
681 590 575
406 851 948
289 447 440
748 318 413
553 252 184
782 592 590
854 732 756
285 759 713
653 659 755
50 803 762
589 584 679
422 965 941
800 954 988
34 479 462
194 459 553
735 604 654
434 153 174
164 707 785
781 950 959
560 935 954
92 309 246
54 288 309
3 627 608
417 334 322
809 706 732
365 681 655
412 462 522
84 114 207
29 909 958
955 506 467
179 146 126
378 311 301
958 851 842
210 324 398
880 716 752
522 392 301
917 721 713
921 547 555
819 519 533
264 296 301
305 571 612
530 928 844
363 443 351
603 850 800
284 738 664
601 456 486
288 499 513
778 908 906
239 502 464
447 122 137
965 591 667
885 330 312
260 405 459
91 443 418
796 667 699
186 786 738
622 478 487
519 987 952
959 537 550
972 815 717
513 439 534
759 334 406
91 701 625
464 500 442
91 835 737
850 534 473
264 766 829
250 365 332
729 657 616
522 271 224
891 283 339
144 264 272
807 143 169
246 253 172
61 443 380
536 453 360
274 627 587
561 465 475
176 765 720
356 139 199
550 378 416
723 184 251
759 665 693
919 338 415
294 423 513
678 589 586
260 621 673
658 889 853
394 489 488
426 737 807
727 561 541
810 288 212
434 143 219
689 716 776
41 618 537
579 574 629
154 117 24
30 793 831
455 189 106
160 630 632
666 499 447
866 856 766
903 966 963
584 863 798
155 689 632
676 775 833
683 576 665
451 607 702
539 335 321
124 413 431
560 870 821
398 196 120
361 242 147
208 674 696
857 829 882
605 132 120
129 839 764
688 793 808
940 773 696
281 268 215
136 794 853
232 135 74
380 246 257
14 271 324
822 815 839
846 608 553
666 113 84
434 225 134
179 737 834
356 840 793
126 164 144
153 875 901
306 162 64
486 658 563
278 451 520
837 116 155
839 320 292
968 639 698
673 680 774
494 668 633
554 906 897
414 375 396
472 939 1021
89 951 930
471 976 1011
478 842 845
714 572 542
308 893 857
948 711 810
576 688 686
470 981 889
767 497 488
699 149 235
645 961 864
618 427 425
441 141 234
959 599 635
840 914 1012
516 313 400
166 309 312
146 745 842
580 785 835
623 304 294
580 243 162
936 261 303
970 697 627
520 669 591
424 387 477
651 378 371
875 325 352
589 783 839
348 769 741
566 549 645
715 951 963
884 147 147
543 781 775
172 919 1017
482 131 113
783 979 892
25 507 595
780 183 189
522 877 952
16 309 297
960 295 226
2 796 704
756 352 369
665 771 822
688 762 710
665 242 146
112 301 210
193 249 315
56 721 691
278 614 587
485 120 85
257 262 227
528 300 217
271 822 872
4 608 595
152 822 742
367 844 787
523 888 869
210 737 729
776 161 209
786 487 432
956 779 775
170 183 85
970 259 215
530 927 884
330 429 416
155 522 582
29 715 680
733 190 197
789 603 565
213 374 293
965 577 488
47 118 63
214 129 68
133 381 426
491 635 546
953 136 77
633 852 799
722 254 348
276 732 784
573 122 216
98 211 298
107 261 358
128 462 401
431 636 602
22 392 456
50 442 497
883 628 609
46 840 766
744 815 796
757 602 698
870 578 493
40 524 460
434 511 473
26 688 736
342 983 1035
715 825 887
297 626 665
118 990 1038
910 218 215
463 580 528
989 563 485
454 632 562
904 796 813
554 183 205
536 843 934
340 633 667
919 467 560
908 198 115
30 858 957
558 402 393
68 619 608
654 721 801
425 858 919
506 492 464
331 148 227
918 998 945
319 705 636
418 676 589
259 752 671
587 748 778
159 267 311
845 665 640
686 579 638
116 407 368
158 729 756
156 638 648
823 849 923
459 989 947
181 158 168
898 243 170
75 825 784
698 577 505
225 910 975
559 732 820
255 115 35
847 681 632
678 285 200
666 173 180
719 432 475
869 922 945
672 155 193
197 418 396
96 544 567
795 391 325
800 340 325
442 430 385
639 658 749
709 729 753
72 319 287
983 959 900
34 619 695
379 346 261
866 693 627
182 351 444
440 506 559
799 887 829
415 244 314
111 204 215
345 756 782
300 170 193
872 356 385
137 251 156
791 321 399
62 476 390
506 448 450
380 243 205
530 432 477
636 299 366
363 796 732
430 469 465
706 126 97
864 703 701
102 728 684
512 633 602
891 700 770
42 269 215
403 548 600
614 307 286
386 165 217
789 329 267
807 760 839
473 188 240
168 626 698
755 878 852
419 296 249
596 164 125
89 370 412
310 158 122
371 512 554
617 300 299
348 469 430
434 377 433
14 165 254
876 931 971
86 375 299
146 612 655
437 885 946
491 628 551
943 917 914
156 660 581
559 215 205
858 488 565
919 292 372
842 246 301
141 872 944
704 981 882
576 731 719
158 559 646
65 664 739
682 209 115
800 302 320
225 705 695
429 604 578
582 515 457
438 317 287
417 194 105
115 201 227
619 596 654
242 539 610
352 431 438
568 461 428
237 989 1001
791 501 599
247 831 845
478 132 34
572 447 432
673 499 507
219 174 106
700 879 860
61 752 803
455 342 307
443 644 656
882 256 226
692 250 269
716 761 676
95 772 801
532 265 229
603 749 757
467 894 842
189 365 325
449 149 200
49 438 378
213 937 853
369 362 417
101 894 892
844 963 980
19 651 574
736 938 982
617 531 468
903 746 721
946 127 192
316 802 877
246 981 898
529 167 158
411 857 868
370 407 387
977 929 913
908 146 77
382 789 843
97 958 993
116 405 429
892 251 338
871 141 78
934 220 262
774 626 550
108 233 231
29 591 585
70 965 941
832 215 267
785 903 974
117 616 710
275 281 354
309 228 275
432 392 426
12 138 127
151 248 259
691 687 703
652 217 247
770 555 552
662 344 298
231 218 195
423 195 227
555 965 1059
871 733 713
902 442 424
57 840 852
705 445 396
825 964 1045
326 656 691
587 199 167
708 440 454
803 784 883
764 484 493
464 459 443
837 817 781
658 297 273
35 799 716
994 137 219
608 945 892
708 659 723
79 963 969
836 582 549
257 578 497
649 178 190
443 552 532
652 840 751
427 289 207
457 365 282
395 285 324
13 494 474
971 337 333
502 810 774
28 219 234
104 307 252
601 809 842
421 277 241
622 329 378
907 412 353
104 491 511
535 221 243
790 581 597
577 122 39
699 406 329
920 920 863
706 232 295
892 827 775
139 225 297
479 891 944
906 185 259
31 719 700
559 376 315
572 896 951
904 973 967
815 186 164
951 381 301
758 221 319
886 435 361
764 313 335
847 997 1000
532 885 894
830 359 280
714 536 571
684 337 353
769 759 738
74 221 191
198 310 231
562 304 402
789 422 473
787 965 986
657 536 463
937 133 226
415 229 265
670 832 805
399 462 389
523 817 759
747 240 221
965 336 430
316 332 384
277 118 127
754 657 598
780 781 709
913 754 765
725 473 418
121 800 825
915 922 851
62 221 300
316 585 657
564 560 495
573 348 338
188 836 777
941 130 227
666 257 337
74 754 779
849 957 1006
762 625 657
887 758 803
421 667 575
926 545 566
194 703 638
10 218 191
32 404 365
197 395 489
920 309 218
872 867 946
451 643 674
180 345 354
805 990 1083
294 138 216
960 676 593
82 835 754
412 271 196
731 545 510
954 522 471
805 564 487
404 472 486
668 169 219
657 654 665
687 625 695
324 530 592
139 608 686
320 694 654
809 809 715
272 211 308
782 431 489
190 537 476
256 155 228
867 823 827
445 428 370
916 295 301
476 126 160
133 919 1017
918 300 360
32 331 245
392 321 392
871 138 47
922 314 274
723 195 128
81 660 682
288 847 853
306 433 334
216 143 70
429 137 48
676 850 768
913 917 913
943 790 760
173 832 787
268 212 311
885 362 277
714 909 882
77 492 526
114 499 576
143 623 586
975 675 773
882 756 837
647 295 365
458 610 514
572 855 813
855 853 788
753 924 1002
183 362 455
619 961 877
197 863 807
831 257 196
557 252 168
765 170 215
327 927 864
164 949 1000
999 319 341
914 476 449
197 379 389
154 350 284
1 422 395
165 621 560
324 797 848
391 870 874
310 628 697
253 793 695
487 579 481
898 236 321
201 563 487
470 164 119
820 316 271
395 642 630
168 818 871
22 601 532
603 176 169
371 930 973
898 941 882
40 951 871
549 885 846
609 994 1049
840 352 371
438 598 696
235 990 921
786 782 717
860 922 978
782 448 378
716 199 109
661 382 300
532 475 502
527 746 695
798 546 463
346 187 192
336 179 231
92 319 328
5 478 459
384 284 222
483 420 501
788 465 478
198 545 464
913 225 250
403 446 430
490 524 578
566 993 914
801 780 719
214 378 318
409 741 758
756 910 823
156 827 898
645 442 352
773 531 624
150 198 172
616 576 648
608 372 357
362 466 411
663 642 630
372 821 891
272 452 473
78 513 565
450 385 366
922 433 369
22 404 370
544 734 823
838 610 620
238 989 1072
835 302 317
634 695 785
19 562 506
471 212 171
779 890 939
143 363 397
473 523 561
174 817 764
735 769 684
723 372 334
939 297 226
596 812 868
105 768 828
219 966 920
96 343 253
380 120 58
843 718 751
638 445 513
378 656 671
673 723 683
883 113 61
672 245 312
412 942 1030
374 765 696
635 118 69
646 164 190
329 337 332
705 931 854
318 790 788
8 414 347
11 682 592
163 896 940
98 751 677
833 698 699
842 840 768
902 178 235
158 742 665
80 279 343
844 382 309
186 822 751
828 970 901
711 126 90
432 768 751
93 887 837
913 449 367
989 576 675
700 387 317
889 491 437
195 333 248
994 457 409
962 588 506
979 729 789
720 125 71
594 496 461
974 720 668
498 803 748
810 799 885
238 935 999
488 253 156
878 321 223
416 555 649
112 636 726
128 460 494
562 669 622
247 959 907
26 284 331
799 488 497
727 426 483
887 267 222
125 280 210
624 290 303
216 265 301
609 222 283
237 820 793
192 167 190
386 381 409
811 149 137
167 636 569
342 447 358
533 692 628
734 828 889
908 445 349
35 161 187
832 880 953
895 320 231
200 868 857
243 550 501
834 943 927
213 204 256
866 254 213
674 415 321
51 242 330
108 261 355
972 821 882
208 703 743
61 756 836
555 262 190
491 490 585
596 865 803
758 656 567
101 920 966
249 948 1004
418 895 972
217 872 944
883 700 614
609 435 361
779 348 385
207 476 411
56 457 511
669 628 634
579 680 706
521 441 517
404 248 207
260 150 153
922 916 895
288 979 880
555 206 263
966 816 914
357 973 882
938 771 814
578 355 314
950 917 980
105 811 755
149 187 183
56 645 625
33 999 1037
141 117 66
933 817 759
903 811 825
647 855 856
922 604 521
829 868 775
617 707 635
703 904 862
305 443 412
305 802 778
312 529 533
107 749 739
895 939 910
732 557 457
288 121 206
140 199 250
810 232 206
702 360 275
77 620 596
854 929 966
325 378 477
44 840 761
975 355 255
478 673 719
490 677 580
589 612 543
726 394 487
7 726 760
579 794 843
500 244 264
800 854 939
621 852 946
896 946 1035
528 946 931
166 708 791
729 725 725
49 867 813
741 840 787
509 548 611
659 323 286
495 859 782
330 794 841
270 768 794
209 721 653
880 210 175
572 134 45
423 583 504
243 788 857
735 999 970
974 836 739
815 228 230
585 332 400
325 988 910
12 663 626
123 808 748
150 211 265
681 261 200
443 355 342
442 219 153
258 535 464
390 549 641
639 114 123
626 861 935
248 959 1035
32 354 255
145 532 463
314 329 396
589 503 459
711 893 937
189 158 254
682 289 263
685 257 158
530 744 771
485 631 707
758 527 609
232 534 445
478 673 647
920 530 622
800 780 814
853 534 606
55 517 525
220 847 792
931 855 906
517 531 479
985 427 327
462 351 297
95 403 445
566 735 761
319 701 687
795 410 367
253 288 256
81 771 783
918 975 973
392 761 662
747 977 1076
18 979 970
347 299 309
50 932 855
713 606 593
51 991 937
250 357 353
992 661 674
965 270 266
696 708 783
671 717 741
649 713 741
860 230 327
785 721 628
342 826 876
333 325 385
610 532 442
229 963 871
408 576 477
81 117 157
763 895 870
440 560 464
575 240 317
261 229 263
66 261 163
308 928 897
781 751 841
740 796 732
264 835 853
272 842 876
155 580 567
659 914 989
805 936 926
938 834 876
108 541 596
28 552 468
747 859 932
519 819 840
333 982 1056
156 619 547
683 328 287
587 715 806
516 604 656
330 115 154
813 747 808
311 549 615
153 625 641
949 506 426
929 157 143
502 931 948
746 169 123
426 433 505
981 395 370
986 183 224
703 805 808
197 634 700
775 487 583
221 115 201
273 205 277
196 591 563
262 226 148
625 469 476
945 345 348
27 680 680
808 419 360
397 881 861
820 730 665
825 715 695
932 655 689
472 532 605
602 856 782
6 954 1005
270 543 583
911 114 159
258 563 570
125 747 833
822 218 268
502 378 394
115 734 736
589 443 539
428 327 344
377 444 462
863 227 299
867 851 905
376 610 516
93 198 129
214 139 234
514 810 806
215 437 456
589 892 829
832 878 900
208 511 609
339 149 219
172 916 960
733 715 634
831 744 682
863 883 863
650 865 948
18 404 330
896 934 978
759 210 220
210 756 808
253 748 668
159 619 573
839 372 273
552 459 526
422 629 669
270 989 959
600 916 889
527 146 98
638 788 692
365 392 338
82 181 178
653 270 298
947 512 508
339 517 424
922 371 362
911 994 1039
817 417 382
857 744 814
619 978 976
935 999 1070
15 317 404
194 749 767
645 433 440
103 863 938
396 895 955
390 413 455
734 171 176
446 463 440
422 333 234
421 772 860
653 645 736
372 591 520
734 228 286
581 707 786
464 599 557
804 423 459
872 167 150
269 637 709
519 981 937
263 986 1027
864 933 904
404 894 940
536 137 129
208 843 752
757 752 753
109 123 85
172 730 667
764 210 201
743 977 1071
728 340 287
654 967 887
535 397 398
564 157 65
389 571 520
111 611 512
125 176 99
820 455 412
933 621 531
907 137 195
166 115 119
129 327 262
451 417 459
504 867 822
22 904 936
585 237 291
659 243 322
47 345 388
621 600 630
651 645 656
656 462 507
899 926 996
245 194 155
96 826 887
988 183 249
131 773 756
280 573 488
544 483 407
95 234 282
696 814 792
92 423 333
10 179 269
104 938 877
908 321 279
989 152 107
735 892 873
256 373 410
675 441 387
813 549 514
605 321 225
956 671 594
33 717 642
964 673 618
201 846 773
248 216 141
127 464 536
422 828 751
793 552 610
287 760 781
523 164 106
154 186 119
835 289 229
468 401 334
296 604 577
414 727 749
810 840 887
618 717 649
115 822 912
845 639 587
905 289 341
990 477 560
191 627 677
518 806 750
74 952 955
766 389 475
586 934 982
269 703 675
70 846 840
664 806 770
864 132 77
278 811 754
858 739 720
640 521 605
587 719 818
900 290 342
827 229 199
493 889 912
321 320 358
104 743 713
127 138 81
915 339 338
622 530 500
85 892 991
768 825 841
970 823 819
104 614 576
979 925 985
216 588 512
926 312 257
958 627 597
215 821 774
687 374 452
566 689 784
370 685 733
172 314 356
738 744 807
654 130 189
192 844 746
418 954 1042
998 267 346
798 582 504
95 821 881
745 726 699
391 704 751
620 477 558
332 223 252
354 951 911
180 771 769
129 783 865
305 730 811
835 640 681
634 740 800
327 563 572
994 889 976
407 655 666
534 574 651
479 259 207
222 527 511
978 965 975
675 885 956
271 804 842
978 544 509
487 368 398
363 854 883
975 798 708
496 404 421
663 306 219
132 523 480
93 899 852
963 500 588
744 372 314
232 987 925
521 388 423
357 967 875
131 653 556
461 701 703
681 335 269
145 394 355
32 650 629
469 887 859
764 834 755
750 134 101
62 303 375
26 905 848
636 941 910
301 955 1016
553 521 518
871 676 702
478 948 981
351 414 340
166 737 816
192 832 861
408 245 287
302 120 167
237 314 288
187 623 657
648 453 398
284 888 807
227 563 578
568 265 350
273 385 303
85 294 250
236 871 909
247 613 711
475 378 323
52 709 692
436 419 331
311 620 589
818 706 720
992 329 257
301 264 247
508 346 345
363 598 645
928 324 420
230 318 309
903 522 523
250 892 980
822 949 899
493 370 284
738 880 793
911 118 91
176 487 561
724 931 878
964 696 629
198 680 659
660 197 156
539 649 658
483 599 573
774 826 898
640 891 911
648 949 951
72 386 423
994 274 256
653 485 460
293 632 646
390 983 929
995 359 413
546 847 798
350 287 193
228 165 199
172 700 663
482 267 245
666 879 856
88 356 263
674 691 657
655 312 356
935 521 564
763 320 272
962 548 570
24 575 643
687 283 185
862 567 565
726 914 845
3 367 316
656 401 485
883 695 710
345 447 449
580 196 150
72 430 377
594 974 926
788 832 921
302 843 904
205 393 400
494 534 541
820 754 692
478 683 598
856 306 290
952 760 660
312 115 29
283 326 359
96 558 549
919 511 562
237 342 434
713 819 810
437 409 364
81 581 631
300 650 672
31 137 149
37 138 213
279 204 135
782 798 748
234 315 249
494 989 970
291 956 880
626 473 484
156 719 746
763 501 588
792 155 249
824 656 557
929 545 502
702 685 598
932 911 871
919 175 234
870 538 455
278 647 689
961 256 329
401 825 851
450 771 755
64 745 694
552 751 686
199 115 190
99 176 238
172 443 489
653 261 281
257 337 412
420 970 1038
224 852 800
966 524 562
680 900 950
400 231 192
405 388 389
479 280 301
853 112 167
23 762 747
278 407 444
245 299 220
80 157 123
544 371 330
432 986 1081
568 768 743
880 152 208
72 602 554
74 251 173
806 942 869
140 435 417
353 156 187
405 251 298
698 544 500
682 808 850
422 787 743
468 233 165
22 928 874
180 270 231
114 371 293
479 492 442
530 860 881
687 557 459
176 324 365
959 575 553
720 321 383
857 572 528
777 716 676
956 924 920
250 309 328
678 410 325
522 636 657
24 286 244
264 296 289
786 927 912
23 387 316
542 221 122
224 473 529
139 743 790
362 283 380
698 813 846
290 880 817
487 529 471
695 790 785
613 316 268
924 696 653
49 828 893
456 833 742
167 640 577
361 408 418
152 397 346
18 990 997
489 269 174
253 458 502
484 881 847
144 225 176
950 479 440
763 325 377
359 369 455
693 537 495
16 137 125
5 358 350
183 837 926
573 859 799
440 611 648
569 908 973
983 248 304
225 521 529
516 311 391
995 249 267
26 508 529
304 901 923
122 421 480
963 376 350
526 556 618
423 277 253
578 126 98
40 819 836
265 413 333
420 326 245
867 855 779
756 508 493
107 165 174
405 874 876
906 315 223
94 146 138
112 484 392
908 808 724
249 442 411
491 534 587
329 622 648
775 733 710
837 225 224
696 713 793
925 281 342
966 317 397
387 728 630
171 765 849
544 837 771
21 256 288
596 937 1035
296 611 664
425 957 977
103 508 467
295 420 364
526 249 187
222 161 176
957 172 221
775 991 949
938 253 215
868 842 923
431 833 773
382 624 649
829 271 317
178 536 441
334 736 746
391 905 959
460 529 575
451 305 306
611 565 554
434 843 805
246 761 809
824 944 869
5 614 705
484 376 302
187 400 393
81 891 962
551 690 653
770 451 504
281 902 878
105 409 471
836 688 600
774 460 536
341 573 650
639 534 508
964 653 665
842 180 208
494 943 881
877 337 429
767 132 80
104 470 439
753 304 240
147 358 449
667 255 214
143 157 244
753 489 569
831 986 1034
767 667 614
23 838 761
47 805 881
450 132 229
668 442 489
947 606 683
110 569 579
163 835 874
587 781 770
573 694 650
199 468 377
18 680 594
798 783 706
822 679 692
195 667 614
752 435 371
268 334 292
84 825 816
837 554 462
495 953 976
896 314 376
537 356 422
293 419 444
932 523 513
558 138 167
923 348 327
174 510 543
977 771 821
477 286 303
425 324 240
653 872 967
929 707 710
277 557 618
740 228 276
772 630 589
39 316 260
489 670 649
232 373 347
430 152 222
670 674 629
526 748 833
197 730 801
699 299 226
831 130 205
416 789 818
646 166 203
276 364 299
571 716 697
618 160 227
252 916 917
969 272 178
665 209 155
878 972 1057
900 203 255
663 982 917
726 669 733
12 391 310
692 547 581
748 909 866
654 764 772
835 326 327
945 355 290
914 560 470
20 498 588
1 286 309
629 443 411
944 287 257
436 375 284
334 972 1030
70 340 329
311 820 776
586 384 329
92 540 468
527 588 520
724 546 478
99 205 263
297 510 557
595 824 758
564 866 867
821 683 698
620 192 269
928 444 438
412 648 660
948 776 694
439 921 984
546 178 261
995 882 824
798 648 709
647 801 775
291 362 300
383 874 936
758 773 821
362 304 234
111 807 727
23 889 896
98 725 641
965 650 566
570 838 913
347 667 672
629 996 1059
488 278 217
233 111 202
451 769 732
234 904 890
109 994 984
800 584 594
407 659 662
226 731 648
851 622 608
848 201 113
37 927 937
38 215 271
779 178 124
672 462 455
665 845 860
198 359 334
815 849 905
513 419 320
89 497 569
190 882 923
109 938 987
226 538 594
302 344 356
697 552 498
523 966 1045
802 589 508
633 923 1005
980 730 714
415 738 740
283 614 654
213 355 417
693 129 36
956 825 792
453 436 343
415 645 656
953 555 527
866 641 739
563 563 657
269 941 918
835 508 542
111 244 320
131 965 980
935 999 1005
302 411 508
902 444 424
403 941 911
999 373 317
508 368 424
442 346 256
889 691 768
40 399 498
2 297 223
1 810 723
339 396 369
714 384 337
648 742 776
943 168 202
234 365 300
498 174 198
152 222 224
477 123 133
686 122 132
473 238 248
795 296 374
103 622 643
813 862 812
878 570 509
165 278 264
236 437 522
362 990 906
376 555 566
390 156 104
533 647 690
741 249 251
317 153 175
162 691 676
679 916 877
867 202 195
235 585 626
224 521 434
724 593 581
775 199 265
379 415 388
535 162 83
582 617 601
235 273 290
141 653 606
244 924 850
777 453 426
239 192 210
781 252 215
880 646 564
223 498 491
281 823 723
849 918 935
33 407 471
643 928 1020
559 275 216
943 393 489
35 719 663
194 355 255
796 635 711
232 716 637
34 245 222
942 249 196
276 771 724
196 613 695
381 579 573
698 762 744
383 746 735
658 943 971
248 945 932
929 841 875
82 935 975
238 389 418
980 599 683
545 838 761
73 760 759
804 289 228
519 658 673
456 169 116
394 741 737
1551
1720573 1718490
1720571 1718548
1720570 1718631
1720568 1718671
1720567 1718709
1720565 1718716
1720563 1718778
1720561 1718822
1720560 1718825
1720559 1718856
1720557 1718890
1720555 1718930
1720554 1718957
1720552 1718967
1720551 1719025
1720547 1719061
1720546 1719076
1720543 1719082
1720542 1719113
1720540 1719146
1720538 1719171
1720536 1719190
1720535 1719198
1720534 1719221
1720531 1719239
1720529 1719254
1720527 1719281
1720526 1719294
1720523 1719317
1720522 1719333
1720520 1719341
1720518 1719360
1720515 1719368
1720514 1719387
1720512 1719395
1720511 1719400
1720510 1719424
1720509 1719437
1720507 1719462
1720506 1719478
1720502 1719484
1720501 1719496
1720499 1719516
1720498 1719521
1720497 1719545
1720494 1719549
1720492 1719570
1720491 1719573
1720490 1719579
1720488 1719583
1720487 1719603
1720486 1719604
1720485 1719613
1720484 1719638
1720483 1719639
1720481 1719641
1720480 1719661
1720478 1719682
1720477 1719690
1720475 1719708
1720472 1719712
1720470 1719724
1720469 1719734
1720467 1719755
1720465 1719767
1720464 1719771
1720462 1719801
1720458 1719822
1720456 1719845
1720454 1719848
1720453 1719861
1720450 1719862
1720449 1719868
1720448 1719872
1720447 1719889
1720445 1719894
1720444 1719916
1720440 1719922
1720439 1719946
1720437 1719949
1720436 1719954
1720435 1719961
1720434 1719978
1720431 1719979
1720430 1719995
1720429 1720014
1720425 1720020
1720423 1720024
1720422 1720049
1720419 1720051
1720417 1720059
1720416 1720091
1720412 1720096
1720411 1720104
1720409 1720112
1720407 1720114
1720406 1720130
1720404 1720131
1720403 1720136
1720402 1720156
1720400 1720160
1720399 1720172
1720397 1720181
1720396 1720182
1720395 1720186
1720394 1720204
1720392 1720211
1720390 1720222
1720389 1720226
1720386 1720237
1720385 1720247
1720384 1720249
1720383 1720260
1720381 1720270
1720379 1720278
1720378 1720279
1720377 1720292
1720374 1720320
1720369 1720324
1720368 1720334
1720367 1720348
1720364 1720354
1720361 1720388
1720355 1720395
1720353 1720410
1720350 1720413
1720349 1720415
1720348 1720430
1720346 1720435
1720344 1720444
1720342 1720455
1720341 1720460
1720340 1720461
1720339 1720467
1720337 1720477
1720336 1720480
1720335 1720488
1720333 1720500
1720331 1720503
1720330 1720511
1720329 1720525
1720326 1720532
1720324 1720543
1720322 1720550
1720321 1720562
1720318 1720581
1720314 1720587
1720313 1720596
1720311 1720598
1720310 1720618
1720306 1720623
1720305 1720625
1720303 1720631
1720302 1720645
1720300 1720654
1720297 1720660
1720295 1720672
1720291 1720689
1720288 1720697
1720287 1720699
1720286 1720703
1720285 1720704
1720284 1720705
1720283 1720717
1720282 1720727
1720278 1720728
1720277 1720742
1720276 1720755
1720271 1720764
1720270 1720767
1720269 1720776
1720266 1720785
1720264 1720791
1720262 1720802
1720261 1720806
1720258 1720817
1720257 1720820
1720255 1720823
1720254 1720827
1720253 1720836
1720250 1720845
1720249 1720851
1720247 1720873
1720242 1720881
1720241 1720883
1720240 1720885
1720239 1720894
1720238 1720907
1720235 1720916
1720232 1720917
1720231 1720928
1720227 1720944
1720225 1720947
1720223 1720952
1720221 1720953
1720220 1720955
1720219 1720968
1720217 1720969
1720215 1720973
1720214 1720979
1720213 1720982
1720211 1720988
1720210 1720994
1720208 1721002
1720205 1721013
1720202 1721014
1720201 1721027
1720200 1721034
1720199 1721036
1720195 1721038
1720194 1721042
1720193 1721046
1720192 1721050
1720191 1721056
1720190 1721060
1720189 1721072
1720185 1721073
1720184 1721075
1720183 1721081
1720182 1721086
1720181 1721089
1720180 1721095
1720179 1721102
1720177 1721109
1720175 1721113
1720172 1721116
1720171 1721118
1720170 1721137
1720165 1721146
1720163 1721160
1720159 1721165
1720158 1721166
1720157 1721168
1720156 1721171
1720154 1721172
1720153 1721176
1720152 1721179
1720151 1721190
1720150 1721194
1720147 1721204
1720145 1721207
1720143 1721211
1720142 1721213
1720141 1721221
1720138 1721228
1720136 1721232
1720135 1721240
1720133 1721241
1720132 1721246
1720131 1721247
1720130 1721253
1720129 1721260
1720125 1721273
1720121 1721277
1720120 1721278
1720118 1721300
1720112 1721305
1720110 1721312
1720109 1721313
1720108 1721315
1720107 1721316
1720106 1721322
1720105 1721327
1720102 1721332
1720101 1721338
1720098 1721355
1720096 1721356
1720093 1721361
1720090 1721364
1720089 1721373
1720088 1721378
1720087 1721393
1720079 1721399
1720078 1721412
1720075 1721422
1720069 1721423
1720068 1721424
1720067 1721435
1720063 1721458
1720057 1721459
1720055 1721461
1720054 1721469
1720053 1721470
1720050 1721490
1720045 1721491
1720044 1721495
1720043 1721497
1720042 1721502
1720041 1721506
1720039 1721511
1720038 1721519
1720036 1721521
1720034 1721526
1720031 1721527
1720030 1721537
1720027 1721541
1720025 1721558
1720021 1721560
1720019 1721564
1720018 1721566
1720016 1721567
1720014 1721573
1720013 1721576
1720012 1721589
1720009 1721592
1720007 1721600
1720003 1721601
1720002 1721605
1720001 1721612
1719998 1721616
1719996 1721621
1719994 1721625
1719993 1721634
1719988 1721646
1719984 1721654
1719982 1721661
1719979 1721671
1719978 1721673
1719974 1721676
1719971 1721680
1719970 1721681
1719969 1721686
1719968 1721690
1719967 1721695
1719964 1721697
1719963 1721699
1719961 1721703
1719960 1721708
1719959 1721710
1719957 1721714
1719956 1721716
1719955 1721719
1719952 1721720
1719951 1721726
1719950 1721731
1719947 1721734
1719946 1721737
1719945 1721742
1719944 1721747
1719941 1721752
1719938 1721766
1719935 1721769
1719931 1721771
1719930 1721781
1719926 1721782
1719925 1721784
1719923 1721787
1719922 1721789
1719921 1721796
1719920 1721799
1719919 1721803
1719916 1721808
1719914 1721812
1719911 1721824
1719907 1721829
1719905 1721836
1719903 1721838
1719901 1721842
1719900 1721843
1719897 1721845
1719896 1721852
1719893 1721859
1719889 1721870
1719885 1721873
1719884 1721875
1719883 1721882
1719879 1721884
1719878 1721886
1719877 1721896
1719874 1721898
1719873 1721901
1719871 1721913
1719870 1721915
1719863 1721929
1719860 1721934
1719855 1721943
1719852 1721950
1719850 1721953
1719845 1721958
1719844 1721966
1719842 1721967
1719841 1721968
1719838 1721976
1719836 1721980
1719835 1721982
1719833 1721985
1719831 1721993
1719825 1722000
1719823 1722004
1719822 1722006
1719821 1722012
1719817 1722014
1719816 1722016
1719815 1722019
1719814 1722022
1719813 1722023
1719812 1722030
1719807 1722033
1719806 1722035
1719805 1722038
1719802 1722049
1719796 1722051
1719795 1722052
1719794 1722063
1719791 1722068
1719788 1722071
1719784 1722073
1719783 1722078
1719781 1722081
1719780 1722084
1719779 1722085
1719778 1722094
1719773 1722097
1719772 1722102
1719771 1722105
1719770 1722110
1719765 1722111
1719763 1722114
1719762 1722121
1719759 1722129
1719756 1722132
1719755 1722133
1719753 1722136
1719751 1722142
1719750 1722145
1719746 1722147
1719744 1722150
1719743 1722156
1719742 1722158
1719739 1722169
1719733 1722175
1719729 1722177
1719728 1722180
1719727 1722182
1719726 1722183
1719724 1722186
1719723 1722188
1719722 1722191
1719721 1722193
1719719 1722197
1719718 1722199
1719717 1722200
1719714 1722201
1719713 1722204
1719712 1722209
1719711 1722212
1719710 1722216
1719709 1722220
1719705 1722224
1719703 1722225
1719700 1722231
1719699 1722239
1719693 1722244
1719690 1722245
1719689 1722249
1719688 1722251
1719687 1722257
1719686 1722262
1719682 1722272
1719681 1722273
1719676 1722281
1719667 1722289
1719665 1722294
1719661 1722299
1719660 1722303
1719657 1722306
1719655 1722307
1719653 1722309
1719652 1722312
1719651 1722313
1719650 1722326
1719643 1722332
1719639 1722341
1719634 1722346
1719631 1722347
1719630 1722348
1719628 1722363
1719620 1722364
1719619 1722374
1719614 1722377
1719612 1722380
1719610 1722383
1719609 1722385
1719605 1722386
1719604 1722394
1719600 1722399
1719597 1722401
1719595 1722409
1719592 1722422
1719585 1722428
1719581 1722429
1719580 1722431
1719579 1722434
1719575 1722436
1719572 1722446
1719569 1722447
1719568 1722449
1719567 1722450
1719566 1722454
1719561 1722456
1719560 1722457
1719558 1722465
1719557 1722468
1719553 1722476
1719552 1722478
1719546 1722486
1719542 1722487
1719541 1722488
1719540 1722489
1719538 1722495
1719534 1722502
1719533 1722504
1719532 1722505
1719531 1722507
1719529 1722508
1719526 1722512
1719524 1722513
1719523 1722516
1719521 1722517
1719520 1722519
1719518 1722521
1719517 1722526
1719515 1722532
1719511 1722538
1719508 1722542
1719505 1722559
1719497 1722563
1719490 1722566
1719487 1722568
1719486 1722569
1719485 1722573
1719483 1722578
1719479 1722579
1719478 1722590
1719473 1722592
1719469 1722597
1719467 1722598
1719466 1722601
1719463 1722608
1719458 1722613
1719455 1722619
1719450 1722622
1719448 1722623
1719446 1722629
1719443 1722635
1719440 1722638
1719437 1722640
1719436 1722642
1719435 1722643
1719434 1722652
1719429 1722653
1719428 1722655
1719427 1722656
1719425 1722657
1719423 1722661
1719420 1722664
1719417 1722665
1719416 1722667
1719415 1722674
1719413 1722675
1719410 1722679
1719408 1722680
1719407 1722683
1719405 1722687
1719402 1722695
1719397 1722698
1719396 1722701
1719391 1722706
1719389 1722707
1719387 1722708
1719386 1722713
1719385 1722715
1719383 1722721
1719377 1722722
1719376 1722725
1719375 1722726
1719374 1722730
1719372 1722733
1719367 1722734
1719365 1722743
1719362 1722744
1719361 1722751
1719354 1722753
1719351 1722756
1719350 1722757
1719349 1722761
1719347 1722769
1719345 1722770
1719340 1722775
1719337 1722778
1719334 1722782
1719329 1722785
1719328 1722788
1719327 1722791
1719326 1722792
1719322 1722796
1719320 1722797
1719318 1722800
1719317 1722805
1719311 1722806
1719310 1722809
1719308 1722817
1719307 1722818
1719304 1722821
1719301 1722828
1719295 1722830
1719293 1722832
1719292 1722835
1719291 1722836
1719289 1722844
1719283 1722846
1719281 1722853
1719279 1722863
1719269 1722864
1719268 1722867
1719263 1722868
1719262 1722872
1719258 1722873
1719257 1722874
1719256 1722880
1719253 1722882
1719251 1722885
1719247 1722893
1719245 1722897
1719243 1722901
1719240 1722904
1719234 1722906
1719231 1722907
1719230 1722908
1719229 1722912
1719228 1722915
1719223 1722917
1719222 1722920
1719221 1722922
1719219 1722925
1719217 1722926
1719213 1722927
1719212 1722936
1719204 1722945
1719200 1722952
1719193 1722955
1719190 1722956
1719189 1722958
1719187 1722961
1719186 1722964
1719185 1722970
1719179 1722975
1719174 1722989
1719164 1722992
1719160 1722995
1719157 1722996
1719153 1722997
1719152 1723001
1719150 1723002
1719149 1723006
1719147 1723007
1719144 1723010
1719143 1723012
1719142 1723013
1719140 1723016
1719137 1723019
1719134 1723024
1719133 1723026
1719131 1723027
1719127 1723031
1719124 1723033
1719123 1723039
1719119 1723040
1719116 1723042
1719114 1723050
1719109 1723051
1719106 1723054
1719101 1723057
1719100 1723058
1719098 1723062
1719096 1723065
1719093 1723067
1719091 1723072
1719087 1723077
1719083 1723082
1719079 1723085
1719078 1723088
1719075 1723091
1719072 1723097
1719066 1723102
1719059 1723105
1719057 1723106
1719056 1723108
1719052 1723112
1719049 1723114
1719048 1723116
1719045 1723117
1719044 1723119
1719043 1723120
1719042 1723124
1719039 1723129
1719034 1723131
1719033 1723132
1719032 1723134
1719031 1723137
1719028 1723139
1719025 1723140
1719022 1723148
1719018 1723149
1719016 1723152
1719013 1723154
1719011 1723158
1719006 1723160
1719003 1723162
1719002 1723166
1718998 1723167
1718997 1723168
1718996 1723169
1718995 1723172
1718993 1723174
1718991 1723176
1718989 1723180
1718988 1723181
1718984 1723187
1718978 1723188
1718977 1723192
1718975 1723194
1718972 1723195
1718971 1723196
1718969 1723198
1718967 1723200
1718966 1723202
1718965 1723203
1718962 1723208
1718956 1723213
1718952 1723215
1718951 1723216
1718949 1723218
1718947 1723219
1718946 1723220
1718944 1723224
1718942 1723226
1718940 1723230
1718936 1723233
1718932 1723235
1718931 1723242
1718926 1723247
1718921 1723253
1718917 1723254
1718914 1723255
1718912 1723257
1718909 1723259
1718907 1723261
1718905 1723264
1718901 1723272
1718897 1723273
1718896 1723274
1718893 1723276
1718890 1723277
1718889 1723285
1718881 1723290
1718877 1723291
1718876 1723296
1718870 1723300
1718868 1723302
1718863 1723304
1718862 1723306
1718859 1723308
1718858 1723313
1718852 1723316
1718850 1723321
1718848 1723322
1718844 1723328
1718838 1723329
1718837 1723330
1718836 1723331
1718835 1723333
1718833 1723335
1718830 1723337
1718826 1723341
1718824 1723342
1718823 1723346
1718821 1723351
1718817 1723355
1718810 1723359
1718809 1723363
1718803 1723365
1718799 1723370
1718794 1723371
1718792 1723372
1718791 1723375
1718790 1723378
1718788 1723380
1718787 1723381
1718785 1723389
1718781 1723391
1718770 1723393
1718769 1723395
1718767 1723398
1718766 1723399
1718764 1723400
1718763 1723405
1718756 1723406
1718755 1723410
1718754 1723418
1718745 1723419
1718740 1723421
1718739 1723423
1718738 1723427
1718732 1723430
1718728 1723434
1718723 1723439
1718722 1723440
1718719 1723444
1718714 1723446
1718713 1723447
1718712 1723448
1718710 1723450
1718709 1723451
1718708 1723452
1718706 1723456
1718702 1723460
1718694 1723465
1718693 1723466
1718688 1723469
1718686 1723471
1718684 1723473
1718683 1723477
1718678 1723478
1718677 1723482
1718676 1723483
1718675 1723484
1718668 1723490
1718663 1723491
1718660 1723492
1718659 1723493
1718658 1723494
1718657 1723496
1718654 1723504
1718646 1723507
1718641 1723520
1718629 1723521
1718628 1723524
1718624 1723527
1718620 1723531
1718616 1723534
1718612 1723535
1718608 1723540
1718607 1723542
1718602 1723543
1718601 1723545
1718599 1723546
1718598 1723550
1718597 1723553
1718592 1723554
1718589 1723555
1718585 1723556
1718584 1723560
1718581 1723565
1718579 1723570
1718569 1723571
1718566 1723575
1718564 1723580
1718558 1723582
1718555 1723583
1718554 1723584
1718553 1723586
1718551 1723587
1718550 1723590
1718545 1723592
1718543 1723598
1718540 1723599
1718536 1723600
1718530 1723602
1718529 1723607
1718522 1723608
1718521 1723609
1718518 1723611
1718517 1723616
1718515 1723617
1718509 1723619
1718508 1723620
1718507 1723625
1718504 1723626
1718500 1723632
1718493 1723634
1718490 1723637
1718486 1723640
1718483 1723641
1718481 1723643
1718480 1723645
1718479 1723650
1718470 1723652
1718467 1723653
1718465 1723659
1718461 1723660
1718460 1723665
1718453 1723668
1718449 1723672
1718443 1723673
1718439 1723677
1718436 1723682
1718433 1723684
1718425 1723687
1718424 1723688
1718421 1723690
1718418 1723691
1718417 1723696
1718413 1723699
1718407 1723702
1718402 1723703
1718401 1723707
1718400 1723710
1718396 1723711
1718393 1723713
1718389 1723715
1718386 1723716
1718384 1723719
1718381 1723721
1718377 1723724
1718376 1723725
1718374 1723728
1718371 1723731
1718366 1723732
1718363 1723734
1718362 1723736
1718355 1723738
1718354 1723740
1718352 1723746
1718343 1723749
1718342 1723750
1718338 1723752
1718336 1723757
1718330 1723758
1718329 1723760
1718327 1723761
1718326 1723763
1718320 1723768
1718316 1723772
1718310 1723773
1718308 1723774
1718307 1723776
1718305 1723778
1718302 1723779
1718300 1723781
1718297 1723786
1718294 1723787
1718290 1723788
1718287 1723790
1718286 1723794
1718280 1723795
1718277 1723796
1718276 1723798
1718274 1723800
1718270 1723801
1718269 1723802
1718266 1723806
1718263 1723812
1718254 1723815
1718251 1723816
1718250 1723817
1718246 1723818
1718244 1723822
1718242 1723826
1718236 1723827
1718234 1723830
1718228 1723833
1718227 1723835
1718223 1723837
1718219 1723838
1718218 1723840
1718216 1723844
1718212 1723847
1718204 1723850
1718201 1723851
1718198 1723853
1718197 1723854
1718196 1723855
1718194 1723859
1718190 1723860
1718188 1723862
1718187 1723864
1718179 1723868
1718175 1723869
1718174 1723870
1718171 1723872
1718170 1723874
1718167 1723875
1718166 1723876
1718164 1723878
1718162 1723882
1718157 1723884
1718156 1723885
1718154 1723888
1718149 1723890
1718144 1723891
1718141 1723894
1718139 1723900
1718130 1723901
1718128 1723902
1718127 1723903
1718125 1723904
1718121 1723908
1718119 1723909
1718117 1723910
1718113 1723913
1718112 1723917
1718104 1723919
1718100 1723920
1718099 1723921
1718096 1723924
1718095 1723925
1718090 1723931
1718086 1723933
1718079 1723935
1718076 1723937
1718075 1723938
1718071 1723939
1718069 1723940
1718068 1723941
1718067 1723945
1718063 1723948
1718061 1723949
1718059 1723951
1718055 1723954
1718050 1723955
1718048 1723956
1718045 1723957
1718042 1723958
1718041 1723961
1718040 1723966
1718032 1723968
1718031 1723971
1718023 1723972
1718021 1723973
1718019 1723978
1718013 1723983
1718005 1723984
1718004 1723986
1717998 1723991
1717990 1723992
1717989 1723996
1717986 1723997
1717982 1723998
1717981 1723999
1717979 1724000
1717976 1724002
1717975 1724005
1717973 1724006
1717972 1724008
1717967 1724009
1717965 1724010
1717964 1724013
1717958 1724015
1717956 1724016
1717952 1724018
1717951 1724021
1717949 1724022
1717945 1724023
1717941 1724024
1717938 1724025
1717937 1724031
1717932 1724037
1717922 1724042
1717920 1724043
1717910 1724045
1717908 1724046
1717905 1724049
1717902 1724052
1717898 1724053
1717893 1724054
1717891 1724056
1717889 1724057
1717888 1724058
1717887 1724063
1717881 1724065
1717876 1724067
1717875 1724068
1717872 1724069
1717869 1724074
1717863 1724079
1717854 1724080
1717849 1724083
1717843 1724087
1717840 1724090
1717838 1724091
1717833 1724092
1717832 1724094
1717830 1724096
1717827 1724101
1717822 1724104
1717821 1724108
1717805 1724111
1717803 1724113
1717796 1724116
1717795 1724117
1717791 1724118
1717790 1724119
1717788 1724120
1717784 1724122
1717782 1724127
1717777 1724130
1717771 1724132
1717768 1724133
1717762 1724134
1717760 1724137
1717759 1724138
1717755 1724143
1717750 1724145
1717741 1724147
1717738 1724149
1717737 1724152
1717730 1724157
1717723 1724159
1717716 1724161
1717715 1724164
1717712 1724168
1717706 1724169
1717702 1724176
1717690 1724180
1717686 1724181
1717685 1724183
1717674 1724185
1717673 1724187
1717671 1724188
1717670 1724190
1717663 1724192
1717660 1724198
1717657 1724202
1717645 1724203
1717642 1724209
1717633 1724211
1717630 1724213
1717624 1724218
1717617 1724219
1717615 1724220
1717614 1724222
1717607 1724223
1717605 1724228
1717595 1724231
1717593 1724236
1717582 1724239
1717578 1724242
1717573 1724246
1717564 1724247
1717563 1724248
1717562 1724250
1717561 1724251
1717557 1724252
1717554 1724255
1717551 1724258
1717546 1724261
1717537 1724262
1717536 1724263
1717532 1724265
1717530 1724266
1717527 1724267
1717525 1724269
1717521 1724270
1717519 1724273
1717517 1724276
1717511 1724279
1717509 1724281
1717505 1724286
1717496 1724287
1717492 1724291
1717482 1724292
1717480 1724293
1717478 1724295
1717472 1724297
1717468 1724299
1717464 1724300
1717463 1724303
1717460 1724312
1717448 1724313
1717441 1724314
1717440 1724318
1717433 1724319
1717429 1724321
1717427 1724323
1717425 1724324
1717418 1724325
1717414 1724327
1717411 1724328
1717408 1724336
1717399 1724337
1717394 1724340
1717389 1724341
1717386 1724345
1717377 1724346
1717376 1724347
1717375 1724348
1717373 1724349
1717370 1724350
1717365 1724352
1717359 1724354
1717357 1724355
1717354 1724360
1717345 1724363
1717342 1724364
1717337 1724365
1717335 1724366
1717332 1724369
1717327 1724373
1717321 1724375
1717317 1724376
1717312 1724378
1717309 1724382
1717303 1724384
1717301 1724385
1717299 1724389
1717286 1724390
1717285 1724392
1717278 1724393
1717276 1724396
1717275 1724397
1717270 1724401
1717266 1724403
1717259 1724407
1717257 1724410
1717251 1724412
1717242 1724415
1717235 1724419
1717228 1724420
1717218 1724424
1717212 1724427
1717210 1724428
1717203 1724429
1717202 1724433
1717201 1724434
1717193 1724435
1717187 1724438
1717181 1724443
1717178 1724444
1717169 1724447
1717163 1724448
1717158 1724450
1717157 1724452
1717152 1724454
1717150 1724455
1717143 1724456
1717139 1724459
1717134 1724463
1717128 1724464
1717125 1724465
1717120 1724466
1717119 1724467
1717117 1724471
1717107 1724474
1717106 1724475
1717104 1724481
1717101 1724482
1717079 1724483
1717074 1724486
1717073 1724493
1717063 1724495
1717050 1724498
1717044 1724499
1717043 1724502
1717035 1724506
1717029 1724507
1717027 1724509
1717020 1724511
1717009 1724513
1717008 1724514
1717006 1724517
1716999 1724518
1716998 1724519
1716997 1724520
1716991 1724525
1716980 1724527
1716973 1724528
1716972 1724529
1716970 1724530
1716969 1724531
1716968 1724533
1716962 1724537
1716954 1724540
1716951 1724542
1716940 1724543
1716936 1724547
1716931 1724549
1716916 1724552
1716909 1724555
1716907 1724557
1716902 1724559
1716893 1724560
1716889 1724563
1716887 1724564
1716880 1724566
1716878 1724567
1716876 1724568
1716875 1724572
1716867 1724576
1716851 1724577
1716850 1724584
1716829 1724586
1716822 1724588
1716821 1724589
1716820 1724590
1716815 1724592
1716813 1724593
1716812 1724596
1716801 1724597
1716793 1724600
1716792 1724601
1716790 1724602
1716779 1724603
1716777 1724605
1716771 1724610
1716757 1724615
1716751 1724617
1716740 1724618
1716739 1724621
1716729 1724622
1716728 1724624
1716719 1724625
1716716 1724626
1716715 1724628
1716713 1724629
1716712 1724630
1716706 1724631
1716705 1724633
1716695 1724634
1716692 1724636
1716690 1724640
1716673 1724643
1716661 1724652
1716643 1724654
1716641 1724659
1716638 1724661
1716626 1724665
1716601 1724669
1716591 1724671
1716583 1724674
1716572 1724676
1716568 1724677
1716565 1724678
1716563 1724681
1716560 1724683
1716553 1724686
1716532 1724688
1716531 1724689
1716528 1724692
1716524 1724698
1716503 1724700
1716491 1724701
1716489 1724703
1716484 1724706
1716483 1724707
1716480 1724709
1716463 1724711
1716457 1724712
1716454 1724713
1716450 1724717
1716440 1724718
1716437 1724719
1716429 1724720
1716427 1724722
1716426 1724724
1716425 1724725
1716413 1724727
1716410 1724729
1716405 1724732
1716395 1724734
1716381 1724735
1716378 1724737
1716377 1724738
1716375 1724740
1716366 1724742
1716355 1724743
1716350 1724744
1716349 1724747
1716345 1724749
1716339 1724750
1716328 1724752
1716327 1724754
1716311 1724755
1716307 1724757
1716304 1724759
1716297 1724760
1716292 1724761
1716291 1724763
1716290 1724764
1716284 1724766
1716283 1724767
1716274 1724769
1716267 1724770
1716258 1724772
1716255 1724775
1716251 1724778
1716245 1724780
1716235 1724781
1716222 1724787
1716212 1724788
1716207 1724789
1716202 1724792
1716182 1724797
1716174 1724798
1716170 1724803
1716151 1724804
1716145 1724806
1716132 1724807
1716129 1724809
1716124 1724811
1716122 1724812
1716106 1724815
1716102 1724816
1716097 1724822
1716076 1724823
1716073 1724827
1716052 1724830
1716041 1724831
1716040 1724832
1716038 1724835
1716029 1724837
1716018 1724839
1716012 1724841
1716009 1724843
1715996 1724849
1715980 1724852
1715957 1724853
1715955 1724856
1715941 1724857
1715939 1724863
1715921 1724864
1715916 1724865
1715914 1724866
1715908 1724868
1715896 1724870
1715893 1724871
1715882 1724875
1715871 1724876
1715866 1724878
1715855 1724879
1715850 1724881
1715837 1724882
1715836 1724885
1715823 1724886
1715815 1724887
1715809 1724888
1715803 1724891
1715801 1724894
1715781 1724895
1715771 1724900
1715761 1724901
1715754 1724903
1715742 1724904
1715738 1724906
1715734 1724910
1715724 1724916
1715708 1724919
1715666 1724924
1715654 1724928
1715640 1724932
1715610 1724933
1715599 1724934
1715592 1724935
1715591 1724936
1715583 1724937
1715571 1724941
1715558 1724942
1715550 1724943
1715549 1724945
1715535 1724949
1715533 1724954
1715492 1724957
1715476 1724960
1715466 1724961
1715454 1724962
1715435 1724963
1715429 1724969
1715422 1724970
1715390 1724972
1715382 1724973
1715379 1724974
1715374 1724975
1715371 1724976
1715348 1724978
1715346 1724980
1715335 1724982
1715314 1724984
1715309 1724988
1715282 1724989
1715278 1724990
1715275 1724991
1715266 1724992
1715265 1724993
1715236 1724994
1715232 1724995
1715230 1724996
1715226 1724997
1715225 1724999
1715218 1725002
1715176 1725004
1715171 1725005
1715160 1725007
1715153 1725009
1715127 1725013
1715106 1725014
1715096 1725015
1715074 1725016
1715070 1725017
1715068 1725018
1715047 1725022
1715032 1725026
1715000 1725028
1714979 1725029
1714975 1725031
1714956 1725032
1714944 1725035
1714910 1725038
1714906 1725040
1714878 1725042
1714860 1725044
1714822 1725045
1714815 1725046
1714813 1725047
1714791 1725048
1714784 1725049
1714776 1725051
1714754 1725052
1714729 1725054
1714720 1725055
1714718 1725058
1714710 1725059
1714671 1725060
1714669 1725061
1714641 1725062
1714635 1725064
1714623 1725065
1714581 1725069
1714573 1725070
1714563 1725072
1714525 1725073
1714498 1725075
1714464 1725077
1714441 1725078
1714428 1725079
1714409 1725080
1714400 1725081
1714376 1725082
1714355 1725084
1714333 1725086
1714294 1725087
1714287 1725089
1714243 1725092
1714196 1725097
1714121 1725100
1714097 1725102
1713972 1725104
1713959 1725105
1713911 1725107
1713826 1725108
1713752 1725109
1713655 1725111
