4000 2
1013421
115 559 479
942 275 250
638 626 553
371 843 807
634 348 323
724 410 363
850 408 452
359 124 144
801 687 664
787 990 1043
292 332 408
477 423 488
58 759 751
881 882 949
149 279 272
486 613 551
821 849 757
836 603 583
484 249 189
473 594 692
722 390 346
74 287 339
803 132 195
671 545 584
860 399 468
425 817 783
256 990 920
810 140 238
965 499 493
510 680 769
824 673 707
23 925 973
47 712 721
535 550 493
860 282 197
654 147 147
643 443 494
677 579 592
114 571 578
754 993 902
387 947 1020
304 654 732
980 426 513
475 913 907
668 219 185
709 289 386
83 738 764
610 524 485
128 142 126
121 618 553
62 659 671
673 543 616
29 447 516
931 393 357
54 814 912
254 222 262
959 212 268
425 774 752
460 159 163
32 535 563
648 692 732
135 305 280
514 187 167
831 941 908
623 339 316
749 332 360
863 955 975
609 762 667
664 223 220
142 686 689
796 368 301
15 993 953
101 439 502
35 798 827
292 207 161
541 553 456
491 235 311
225 771 769
351 795 726
999 339 298
289 800 718
282 949 870
651 328 269
424 164 112
533 740 747
31 980 895
171 997 1010
913 893 951
683 441 369
939 580 508
715 846 832
658 929 971
902 137 109
963 323 380
670 539 503
649 126 96
646 194 198
526 700 687
898 516 439
427 644 555
254 771 825
175 266 252
205 900 866
443 335 294
924 147 240
942 433 456
37 746 698
699 321 378
155 708 745
754 813 735
497 865 838
672 663 671
560 158 207
812 456 393
853 720 642
216 692 603
930 351 269
168 585 643
839 398 487
630 120 160
479 221 160
101 548 622
154 141 127
542 805 753
228 973 892
882 186 148
153 236 184
687 319 301
11 134 84
21 977 1053
145 712 683
637 889 881
671 775 797
452 270 201
422 487 463
507 573 526
647 852 835
881 180 101
908 546 469
882 769 696
559 664 620
435 983 1066
183 503 521
362 160 68
785 299 291
306 641 735
140 878 901
219 362 361
708 457 438
449 560 518
72 682 751
53 933 889
495 861 854
551 497 562
763 534 556
360 947 1030
224 921 832
506 582 537
895 137 234
402 500 487
45 759 760
969 625 636
814 878 788
249 405 426
725 253 226
666 799 844
577 727 817
108 780 771
138 139 109
575 126 177
305 513 573
883 964 1018
747 572 588
78 621 687
238 270 281
13 598 542
706 357 417
460 314 395
491 722 631
509 148 172
962 820 905
922 644 705
442 440 451
16 960 986
195 812 886
743 419 495
21 618 635
249 442 351
937 360 368
979 401 310
778 954 856
378 887 973
748 717 692
703 322 300
492 885 902
839 771 736
411 668 637
783 303 322
65 347 354
392 828 830
340 872 830
214 882 916
896 823 806
135 268 192
7 615 637
750 247 237
377 540 612
593 850 879
859 493 535
666 969 889
523 538 526
391 798 829
193 505 515
369 877 914
936 985 1024
91 642 631
573 156 220
405 925 908
835 612 566
802 356 444
283 448 440
57 842 912
500 537 446
362 140 123
346 752 722
943 482 470
994 877 780
911 719 703
475 199 150
750 443 354
130 390 358
952 803 782
432 673 752
466 715 667
188 196 217
605 509 518
468 903 911
153 917 907
252 402 487
625 630 666
940 682 744
719 986 1038
352 451 390
32 360 392
128 591 660
576 241 231
467 729 813
374 324 239
702 728 693
286 666 756
929 382 460
913 213 235
296 891 983
577 176 275
118 763 687
265 629 668
960 145 78
201 965 973
895 143 91
521 433 438
825 391 382
940 296 270
819 839 872
892 807 755
627 803 775
211 913 938
249 646 663
210 794 851
247 385 421
609 601 541
925 182 88
134 589 683
953 919 976
737 624 660
516 841 802
419 274 277
21 831 884
789 465 560
99 276 220
650 885 951
730 177 228
269 204 282
179 179 248
756 881 897
577 598 517
761 873 876
572 445 452
970 239 204
157 219 203
28 419 333
103 271 332
209 946 860
285 850 800
152 712 613
700 340 357
557 427 396
933 887 970
78 476 553
200 766 675
547 255 169
727 321 256
666 148 125
498 213 247
175 438 502
433 445 449
789 966 881
662 386 288
74 314 231
810 216 173
972 257 324
210 323 335
252 480 426
367 823 868
735 530 610
112 371 337
74 835 759
383 905 962
612 915 987
730 995 1029
894 364 392
134 218 288
549 719 639
350 924 918
822 682 623
115 595 558
929 893 871
822 114 168
728 814 791
723 689 612
8 397 299
129 969 897
813 838 876
728 931 839
371 461 534
915 644 740
795 926 1007
799 385 431
590 184 176
242 528 464
563 631 569
529 640 604
347 768 694
270 495 567
663 534 480
264 414 343
182 396 484
490 316 364
573 967 933
43 488 503
628 651 578
224 821 854
963 217 119
396 336 292
871 213 302
213 420 362
534 552 530
765 502 578
729 274 265
154 572 571
762 194 119
562 318 288
681 911 873
934 924 965
50 287 303
398 241 299
894 429 394
335 778 696
519 674 738
38 190 285
132 634 681
365 747 707
266 169 265
181 448 531
379 190 283
526 707 679
883 524 475
634 816 834
268 899 821
357 742 671
945 721 677
661 489 518
727 756 838
108 740 658
198 666 660
868 636 735
334 960 1036
128 300 302
15 827 883
724 926 853
411 169 85
836 419 468
563 994 988
271 915 931
896 997 1052
487 526 555
443 523 619
656 417 339
461 874 798
379 681 750
445 804 756
792 880 799
785 654 685
691 187 273
688 704 769
156 508 470
620 195 246
964 180 162
823 277 351
465 388 338
246 254 293
111 485 482
722 571 525
808 268 361
476 206 236
923 940 1001
19 330 315
96 114 92
284 480 423
596 367 403
758 591 676
180 321 228
698 756 808
875 111 124
982 969 877
916 660 753
164 490 587
167 871 787
582 331 304
871 524 616
412 241 284
649 176 255
375 209 228
375 885 879
340 502 492
958 541 515
386 512 518
241 499 539
489 571 527
953 896 826
100 862 875
174 613 555
285 523 540
157 165 257
596 584 544
81 988 940
532 429 458
969 903 980
488 637 612
372 888 854
218 136 122
782 638 659
247 829 907
308 463 372
840 431 459
828 701 745
186 935 886
78 622 567
670 524 566
545 860 776
574 266 226
168 650 566
975 299 265
373 202 229
733 243 238
397 815 776
325 569 567
899 797 811
365 997 945
208 742 799
383 817 789
989 196 201
202 271 271
304 566 641
453 244 265
245 670 571
761 944 910
533 494 440
530 113 132
240 328 388
35 138 75
132 459 393
313 928 903
824 487 523
974 377 303
605 918 893
542 924 851
972 329 363
975 534 474
220 174 162
251 888 883
642 163 184
562 319 403
985 653 702
285 369 413
194 488 453
108 824 897
354 948 1015
829 656 719
900 836 742
774 340 297
834 764 849
69 416 413
679 346 341
970 120 172
395 760 850
197 160 72
139 931 914
752 789 737
568 624 552
826 655 738
561 909 959
905 845 909
171 391 391
182 814 808
912 601 674
968 559 471
891 614 554
655 983 1073
233 311 315
845 440 409
743 368 449
569 149 211
885 879 975
676 435 368
228 854 769
732 735 644
300 790 877
281 969 987
507 927 992
877 501 535
168 810 793
211 729 826
75 563 637
440 549 558
277 697 751
979 766 767
744 808 869
710 753 670
629 392 410
69 238 232
855 835 863
550 316 386
60 302 387
553 187 160
213 673 701
950 473 497
735 924 897
459 752 667
775 830 871
918 470 524
733 890 916
964 571 507
180 438 385
267 372 430
899 697 598
308 380 471
223 934 972
943 372 301
753 441 526
158 180 248
35 869 884
552 540 548
920 700 744
215 913 1010
874 729 806
178 734 672
105 695 678
398 421 393
769 554 476
847 487 441
700 348 309
183 860 931
846 452 507
749 203 301
445 192 265
146 980 889
803 263 192
152 634 643
651 954 917
75 166 99
341 407 480
185 678 587
569 552 630
673 355 383
764 348 265
742 230 176
914 270 177
503 403 340
451 890 958
513 283 365
846 430 381
485 311 299
981 354 255
256 261 297
523 833 822
657 912 849
836 231 151
165 265 286
42 433 344
237 292 306
596 216 199
821 444 524
96 836 913
265 844 772
78 562 594
979 960 924
115 240 171
289 333 297
651 872 844
855 925 945
973 544 483
349 916 819
165 831 753
990 728 703
498 854 845
454 555 542
599 841 851
848 981 1048
706 378 376
622 702 671
110 347 311
16 522 555
826 539 605
521 641 705
357 978 942
857 496 551
679 884 859
657 485 429
958 342 427
624 779 789
890 198 230
354 483 518
836 189 189
433 930 834
409 774 750
842 171 118
711 861 944
133 306 320
393 505 511
145 443 374
244 933 842
662 632 612
750 344 291
672 792 826
419 813 729
487 263 347
332 474 500
551 401 454
994 912 844
369 497 458
294 637 646
879 680 622
143 149 241
909 362 388
699 959 869
870 142 150
280 962 1036
606 637 621
507 430 413
941 572 629
534 844 759
175 442 533
219 630 550
501 596 498
456 271 313
491 318 334
449 798 870
42 684 677
401 171 265
920 542 624
745 352 341
119 423 447
703 386 454
249 477 445
429 488 547
662 230 188
436 746 793
81 622 678
149 147 83
634 123 43
905 937 1006
257 446 539
567 112 146
979 860 943
404 276 245
538 987 889
254 356 345
828 125 130
869 820 855
884 983 944
813 186 129
191 940 934
193 911 818
36 617 520
223 545 529
209 855 946
485 865 807
501 373 281
300 842 924
281 554 613
365 830 851
299 132 191
199 552 650
768 586 491
258 602 552
96 976 967
944 941 1029
240 241 230
63 278 327
562 199 104
372 906 884
396 558 595
892 380 457
427 373 404
979 398 481
953 621 523
887 140 230
34 979 917
222 486 437
321 260 323
216 283 221
719 631 648
23 355 350
318 256 337
641 840 917
216 765 832
249 774 819
226 734 785
649 907 1003
816 246 206
11 975 978
596 256 203
871 777 728
35 314 329
855 231 174
591 129 115
338 874 910
39 630 711
934 417 428
87 400 374
60 668 644
223 240 336
972 450 520
202 680 757
337 304 352
358 498 464
217 883 916
801 601 642
146 520 548
471 126 171
99 459 516
245 800 702
626 783 879
267 650 586
485 549 553
920 319 394
789 614 533
341 321 400
801 950 858
818 632 635
211 391 413
986 202 273
742 211 208
350 196 246
843 360 307
78 824 755
644 717 806
880 802 759
825 712 629
411 751 832
726 321 244
829 867 787
941 742 811
38 284 223
318 953 860
121 275 198
802 415 467
580 367 395
257 622 615
977 700 775
214 617 637
66 722 708
775 814 788
971 677 659
919 851 896
105 885 954
447 989 1019
735 776 722
310 457 454
973 871 864
544 761 797
231 408 457
22 793 797
659 236 234
491 602 584
363 362 365
351 228 320
99 808 847
488 125 26
343 560 656
75 975 980
410 692 743
178 466 521
319 930 917
871 480 565
154 846 804
286 417 445
70 384 432
87 116 61
592 124 138
564 997 1026
219 575 486
619 359 305
541 163 173
956 552 536
784 489 504
129 748 820
437 430 516
443 200 103
458 403 424
455 911 845
978 596 574
258 646 548
317 853 863
813 455 456
239 831 789
955 454 438
316 331 402
416 270 230
744 286 337
644 828 770
190 983 921
792 443 433
628 453 506
16 944 960
825 507 570
212 767 822
460 253 171
640 127 128
837 394 344
645 180 258
626 370 286
1 542 617
386 942 942
324 735 739
770 362 331
509 202 213
669 891 794
687 971 1002
6 532 530
84 754 681
377 660 713
861 736 789
797 626 556
500 186 181
783 648 597
885 956 1006
763 562 546
731 577 498
206 273 196
930 712 651
549 836 851
252 628 615
832 420 366
916 555 601
522 978 981
472 308 288
980 978 911
505 465 544
687 563 483
365 666 572
181 844 860
762 467 534
111 856 889
611 175 191
587 828 749
809 399 414
785 757 768
184 905 817
693 815 865
318 908 831
142 938 897
543 568 479
381 423 357
454 127 183
261 647 620
585 742 677
312 368 460
207 865 794
998 922 990
895 702 633
826 805 764
342 181 249
692 234 178
711 385 420
316 192 279
26 520 524
316 679 746
165 647 555
78 778 686
743 636 723
525 776 828
603 154 74
742 903 962
52 213 214
143 816 880
603 761 830
243 338 271
845 192 157
596 229 210
187 265 194
935 208 242
983 886 841
875 979 882
990 798 712
784 361 303
516 204 267
771 959 870
863 217 298
996 510 510
171 871 908
281 115 139
153 715 736
130 961 957
902 979 973
185 153 104
290 342 396
245 179 188
364 232 213
813 148 129
669 594 609
675 317 388
354 872 773
312 523 450
288 952 860
336 484 429
596 713 716
673 512 564
810 997 921
853 472 559
397 832 853
629 455 411
486 328 355
949 337 426
896 461 408
317 498 512
995 699 632
447 269 337
445 945 975
850 167 167
662 112 192
51 652 658
295 903 806
549 580 673
942 534 606
379 744 679
41 363 297
220 511 535
159 370 283
223 949 1032
224 509 524
833 421 446
725 893 977
253 908 902
729 878 861
441 756 814
724 916 982
176 182 92
467 734 676
411 793 779
858 719 750
208 345 343
89 905 848
985 837 831
848 368 307
575 737 765
481 554 527
560 407 415
262 455 356
30 644 627
714 141 96
978 727 724
871 276 290
688 469 480
978 887 868
683 176 272
183 745 737
516 181 85
903 662 619
503 670 633
537 153 59
231 400 301
417 832 907
819 453 466
693 951 960
767 425 371
481 410 392
561 822 907
182 843 909
810 209 175
859 490 564
185 517 437
996 524 527
383 417 384
328 923 829
681 520 579
18 725 680
818 203 271
642 140 44
753 879 945
180 287 325
636 173 248
102 264 338
446 725 676
360 137 153
820 165 117
511 875 831
615 235 155
648 983 1031
513 113 112
711 853 887
781 579 541
954 469 451
645 356 427
675 584 527
737 214 121
597 449 458
737 700 633
718 789 851
721 560 525
557 112 19
84 712 775
487 988 1042
763 465 448
296 339 257
412 533 598
792 567 552
456 167 99
219 314 390
725 148 168
726 437 369
402 470 419
389 309 355
788 996 995
46 479 537
521 561 501
36 410 508
99 790 780
327 936 969
369 833 811
736 481 405
142 625 629
365 842 924
361 604 644
774 155 204
282 858 811
619 149 109
383 145 125
312 545 590
125 251 170
541 602 669
120 710 805
943 286 254
498 208 248
549 831 826
390 606 657
434 845 820
472 226 278
961 583 497
120 343 282
673 430 477
347 283 354
544 263 323
653 566 525
464 301 370
22 725 672
847 510 544
976 846 774
509 633 554
769 697 642
130 873 952
324 640 589
495 514 571
8 338 326
222 604 685
912 470 555
363 682 737
190 391 441
777 519 471
438 613 519
295 814 746
890 724 720
345 942 1037
601 755 852
157 259 200
560 177 101
204 113 109
519 803 837
978 583 573
544 815 892
335 843 779
25 986 900
960 527 510
684 508 411
851 496 431
926 680 727
928 788 876
708 328 319
240 927 914
33 438 534
856 339 302
840 502 470
309 568 528
756 940 1037
190 958 1025
830 226 278
592 880 918
837 827 807
756 346 373
125 735 769
382 718 723
822 999 972
337 414 449
271 681 667
224 669 693
353 524 514
219 314 223
26 930 1006
290 396 423
991 965 1017
675 673 602
674 254 347
16 582 543
658 295 310
286 681 740
751 346 276
979 750 724
901 790 769
223 687 724
184 366 401
816 156 126
977 286 191
508 258 166
716 529 569
358 152 249
623 863 910
342 998 1041
107 440 463
755 793 861
43 514 418
94 228 296
291 542 605
457 567 532
927 606 514
974 340 320
820 329 233
819 984 957
190 733 727
957 394 339
412 253 206
544 275 247
31 133 163
544 861 783
102 262 169
360 300 202
605 656 722
588 676 706
289 112 180
608 531 591
768 733 675
953 972 1023
978 406 463
823 987 953
993 197 183
207 232 290
819 244 223
456 985 1082
458 677 632
930 538 614
631 361 391
600 550 570
932 334 350
918 145 126
17 440 419
153 825 846
303 641 626
287 995 1071
924 983 950
405 339 293
686 235 315
182 814 814
433 463 449
472 981 951
843 453 426
647 808 812
244 458 522
238 837 759
220 732 639
476 145 132
616 385 310
407 298 259
803 744 792
782 240 182
168 554 465
952 882 922
344 457 546
162 300 236
861 399 379
899 430 505
209 821 820
419 934 1014
132 318 359
278 977 974
776 277 308
644 327 348
34 951 1041
248 903 825
572 177 272
931 536 611
731 429 345
657 869 869
891 782 809
866 520 602
54 954 991
297 648 614
242 301 274
134 259 282
209 361 298
687 340 263
45 229 299
897 304 305
653 752 731
115 427 380
64 350 313
668 963 986
882 371 442
50 698 796
331 357 296
589 524 601
722 630 716
939 498 563
661 950 946
18 416 435
287 653 685
246 937 902
539 595 537
201 469 421
477 461 479
942 638 574
527 537 617
962 476 544
906 324 324
251 753 757
860 395 456
790 982 892
335 385 403
738 572 630
132 803 757
725 440 382
206 600 647
616 513 553
857 373 394
580 821 892
899 395 438
879 224 225
188 272 340
707 799 815
486 615 657
856 855 842
408 155 183
860 812 764
157 546 469
955 197 236
275 960 979
402 710 705
583 273 305
358 134 108
924 650 721
762 396 438
812 786 710
601 469 565
92 701 628
189 806 724
145 537 510
818 179 233
1 603 573
27 304 346
634 635 662
955 508 487
715 253 195
119 361 423
782 346 426
565 469 387
45 552 499
122 879 790
675 674 585
892 989 905
482 732 775
929 408 442
90 762 739
372 950 951
636 783 740
40 697 767
535 779 858
400 989 892
35 149 187
23 199 216
721 273 186
56 911 1010
789 619 536
733 963 954
490 524 443
150 780 707
901 649 683
889 558 472
933 574 494
34 302 227
216 823 892
116 883 963
688 881 919
647 958 943
113 478 561
865 563 476
471 683 776
974 390 461
497 453 511
711 546 610
512 658 565
382 523 454
248 437 505
202 165 163
615 544 564
124 469 462
767 528 615
83 498 580
467 371 353
957 184 108
573 916 942
38 951 854
405 200 152
466 949 942
953 497 413
357 144 84
826 560 654
262 506 416
555 430 434
637 795 790
543 904 814
489 579 496
589 593 592
533 828 920
967 354 436
5 426 380
509 608 527
954 583 554
313 631 713
83 206 216
975 631 550
502 678 694
45 758 692
852 309 350
127 274 308
481 198 233
41 440 377
572 526 454
158 846 836
265 770 777
851 371 373
489 456 358
218 975 886
441 239 321
625 866 773
723 575 578
94 288 299
562 453 379
389 577 534
131 980 990
425 568 548
813 133 211
785 144 66
930 196 206
780 116 51
303 149 228
502 609 707
887 217 228
412 333 422
390 590 505
904 193 193
929 552 514
967 458 377
64 556 461
70 158 219
113 314 236
673 225 247
793 220 220
44 714 796
582 665 625
675 733 674
172 289 216
562 568 488
64 656 589
117 682 629
346 512 481
475 612 516
598 268 331
277 714 785
901 636 624
601 905 828
802 200 157
317 322 392
930 415 498
573 564 470
25 775 750
588 198 268
765 218 208
444 944 989
35 819 845
928 323 269
30 428 334
268 685 655
610 553 509
121 477 547
868 506 581
966 843 836
88 713 659
26 226 260
822 875 916
62 546 573
419 753 786
65 783 870
562 205 214
974 454 487
420 324 331
244 215 215
921 628 645
52 833 855
911 544 531
402 285 284
124 852 935
879 557 653
986 499 507
373 985 988
613 688 775
730 275 211
313 721 641
127 355 286
614 902 815
810 401 394
644 844 862
146 771 765
583 755 746
567 350 416
217 812 800
401 757 691
88 919 916
363 123 145
253 261 206
580 320 227
405 737 773
149 374 439
873 793 775
144 311 406
932 161 99
659 556 575
569 711 747
583 255 164
753 801 760
989 114 189
693 147 103
989 753 739
758 600 561
984 965 955
41 945 921
542 229 137
218 758 780
380 477 415
157 518 607
161 784 871
202 677 702
924 929 952
475 425 400
437 698 670
376 209 189
509 549 637
238 586 518
650 240 248
108 413 452
865 367 438
502 310 222
424 871 968
777 532 524
438 868 947
549 301 255
42 659 715
576 610 514
722 753 787
64 346 401
352 967 995
576 842 771
432 896 910
906 883 852
758 404 461
972 313 279
589 556 531
151 364 454
873 383 418
139 980 1027
103 784 702
925 468 501
808 598 517
677 217 117
8 526 578
235 336 383
736 633 597
21 968 962
327 927 896
305 639 636
63 407 425
464 487 490
13 191 155
132 279 179
599 283 184
852 961 909
441 726 821
406 126 26
324 548 513
918 858 884
252 402 440
675 927 858
766 496 430
955 785 745
150 786 866
107 794 845
799 122 61
816 992 1012
308 993 1078
149 395 463
477 957 876
395 686 740
829 827 834
587 980 978
348 360 388
117 274 323
130 945 954
122 231 203
114 766 800
434 700 763
387 562 521
35 647 685
840 443 447
817 920 841
99 468 459
283 149 163
222 814 854
357 411 475
95 734 821
758 442 416
266 282 333
868 545 603
243 271 297
153 734 724
555 831 840
598 347 413
390 857 767
728 592 574
430 436 437
803 381 333
995 712 717
485 498 477
665 314 342
367 877 935
177 389 358
443 878 967
283 729 696
824 777 689
191 254 252
495 704 663
172 939 897
608 520 575
837 874 862
699 554 615
13 371 468
875 680 665
570 633 675
320 932 939
482 990 1035
150 541 485
81 805 783
541 177 77
400 869 936
899 373 380
192 204 214
832 192 177
420 574 673
344 319 282
333 795 854
816 553 642
598 750 655
673 212 225
526 214 307
821 960 1033
927 550 462
20 150 228
541 528 490
775 524 555
545 805 903
43 625 686
762 577 558
876 601 516
992 218 238
948 191 176
442 963 933
487 128 102
956 922 1004
421 311 348
202 896 842
780 888 843
305 716 623
857 188 271
978 257 338
69 795 866
27 284 243
47 598 655
958 928 976
185 851 783
69 574 546
942 781 709
624 138 127
710 173 134
875 987 943
645 905 875
840 778 754
388 154 139
308 853 830
141 623 636
661 767 794
416 202 218
447 330 270
517 729 811
503 113 171
397 366 353
147 680 635
196 129 161
31 508 602
607 851 773
346 468 522
448 147 84
695 663 690
392 844 774
395 769 800
682 582 492
323 969 908
344 325 304
791 915 900
624 890 796
27 989 964
68 787 852
688 955 959
514 632 714
255 768 729
785 463 561
751 509 471
993 687 718
898 149 138
775 528 442
763 557 477
524 894 827
475 740 811
62 315 289
801 239 263
198 513 494
646 505 437
295 784 714
338 480 390
807 879 944
310 945 963
191 145 68
899 294 311
130 166 196
274 495 485
727 162 192
171 526 485
928 669 687
344 807 892
209 853 900
147 700 609
186 336 283
392 438 365
455 963 916
887 653 661
945 166 119
413 744 731
42 119 92
824 645 687
660 582 665
323 349 262
577 390 340
946 602 630
904 724 643
515 961 1058
577 553 639
290 791 760
300 293 270
901 620 562
432 363 437
700 292 230
15 351 405
567 575 618
258 259 283
214 348 275
711 336 378
478 276 176
683 583 543
256 927 868
541 226 253
745 111 78
16 284 254
539 970 1054
706 719 654
972 383 361
227 505 425
413 251 267
944 255 207
863 525 529
992 709 621
993 387 448
189 688 752
155 113 85
839 931 844
146 201 108
589 549 502
747 641 676
909 269 293
376 504 501
49 966 961
360 131 125
10 847 878
13 689 751
935 120 150
38 178 237
531 213 190
128 449 376
306 162 70
748 716 700
711 258 251
734 683 748
563 213 280
214 800 870
224 635 692
301 328 392
416 150 120
796 496 492
854 616 673
535 656 663
701 141 90
345 558 654
460 405 414
236 262 313
826 129 225
71 828 784
115 671 710
548 986 985
118 526 496
731 338 414
765 815 832
268 146 232
600 130 108
769 615 640
790 401 391
597 387 391
228 639 666
214 373 310
681 813 773
936 236 142
729 133 192
769 654 567
791 592 625
360 940 927
687 608 553
997 121 185
592 587 497
887 265 218
678 431 520
819 701 777
844 732 754
456 554 530
998 614 548
930 319 325
490 707 650
502 909 852
39 753 814
212 800 839
573 147 122
238 989 927
936 886 793
436 542 541
3 881 879
237 147 131
907 621 703
806 816 799
529 120 110
304 840 873
346 571 518
334 905 900
207 188 170
692 223 292
559 664 734
600 213 130
174 590 689
967 514 574
977 884 850
798 400 426
316 992 1088
209 316 278
297 740 744
424 219 161
46 974 1028
161 842 816
700 921 930
155 918 920
25 742 740
350 147 104
342 711 732
574 694 756
283 974 896
404 549 555
376 739 755
199 537 585
111 868 856
19 465 484
728 922 946
769 470 564
445 727 689
102 376 453
74 211 144
566 310 324
273 785 874
752 412 341
605 182 133
5 575 530
917 216 116
321 768 822
15 742 685
313 132 96
427 920 898
651 182 274
410 692 638
749 647 744
829 779 797
352 119 138
471 365 367
211 370 436
921 169 238
945 364 296
856 649 666
936 999 946
591 964 993
195 282 261
946 270 215
956 795 810
243 436 345
534 891 843
599 743 679
884 608 533
490 751 847
489 384 467
449 596 597
642 284 324
820 637 667
591 838 859
956 464 533
834 508 484
546 740 836
106 901 974
825 124 95
134 997 1065
680 925 883
875 489 576
467 226 277
286 804 773
684 454 414
132 320 247
839 660 696
727 644 701
742 525 547
739 841 890
655 703 688
81 964 924
211 906 960
990 689 600
377 997 1045
612 378 452
231 500 542
830 219 206
297 920 856
119 578 662
784 354 369
744 735 766
639 116 189
290 801 872
288 852 798
588 621 690
27 507 422
148 250 331
59 640 580
584 801 765
858 730 651
561 353 423
567 937 935
345 819 875
179 692 605
753 901 932
199 765 801
356 835 901
951 753 830
728 935 929
426 333 299
698 429 507
628 298 289
425 735 795
79 540 636
968 601 648
705 296 382
520 903 861
243 753 701
171 654 748
421 186 165
779 481 400
990 386 430
693 794 723
177 620 565
728 605 544
937 369 449
829 311 295
551 569 601
164 785 851
249 759 709
666 222 128
975 307 211
744 950 993
318 192 270
873 394 418
165 568 579
390 480 457
906 853 941
665 554 474
394 406 376
519 632 535
740 662 760
684 684 731
776 433 344
95 339 424
609 892 810
25 501 497
860 846 824
359 794 705
691 886 875
278 310 403
899 326 367
544 320 298
907 976 909
164 136 88
43 962 1036
482 156 235
310 586 637
78 933 856
949 982 1043
174 492 408
416 464 560
651 204 209
625 553 540
653 702 721
610 935 963
661 821 745
197 729 715
123 513 515
104 615 607
533 444 471
930 519 429
37 505 545
534 975 940
199 473 569
127 117 135
926 688 638
622 798 787
75 295 309
642 750 785
18 271 212
477 836 763
920 881 816
893 618 659
301 909 990
308 892 799
957 529 621
731 754 770
938 265 296
658 774 734
838 485 448
654 671 730
521 795 838
92 951 972
989 692 773
868 611 554
339 642 577
63 608 689
237 238 307
982 823 823
404 202 170
35 485 584
803 303 306
748 940 961
403 593 612
965 513 506
563 706 766
122 862 935
265 780 700
67 643 560
169 201 198
589 505 509
806 501 466
739 959 874
282 610 605
734 252 240
404 665 566
250 492 417
3 374 352
601 466 457
703 542 567
147 977 920
585 554 458
540 845 897
103 913 821
262 450 505
885 845 781
314 851 837
610 965 951
10 426 333
495 834 881
470 504 581
968 697 691
795 719 621
698 508 430
80 547 522
905 350 302
738 512 527
699 896 833
55 394 332
868 425 462
311 193 124
971 981 906
655 511 595
103 521 545
594 623 663
863 957 978
315 300 268
199 811 719
517 976 895
871 260 353
964 872 827
943 125 74
394 239 319
856 170 71
433 722 742
384 457 449
597 996 1051
385 414 509
358 453 451
526 541 514
383 511 477
399 759 713
543 980 1013
610 896 900
299 902 993
688 547 515
684 959 1046
25 763 727
410 743 779
894 294 235
345 620 638
75 914 1011
53 269 275
935 863 791
826 440 428
317 402 327
272 706 768
6 651 718
717 939 888
923 655 583
496 840 837
400 475 487
578 465 487
424 938 947
795 175 150
124 567 605
793 681 773
401 514 608
333 369 406
945 589 611
765 715 636
176 259 260
575 758 675
506 414 415
579 903 863
93 348 333
734 964 908
189 932 956
480 906 996
19 628 707
699 283 316
865 379 447
594 831 814
935 907 991
826 471 471
94 742 760
54 234 199
977 430 433
871 983 1082
454 942 844
648 853 895
950 556 571
760 414 348
657 784 705
63 715 801
773 272 177
911 799 715
271 202 113
252 661 747
188 657 633
24 670 576
524 416 512
866 930 978
624 195 174
304 291 283
485 233 180
260 258 187
363 330 313
981 382 415
597 320 391
227 661 737
570 690 671
492 674 628
587 445 524
790 800 739
927 322 358
94 531 619
341 661 622
647 143 100
883 739 816
503 612 534
155 507 543
788 867 802
164 219 271
939 126 136
177 303 299
649 911 925
269 862 945
306 246 258
13 503 492
577 402 491
23 503 423
873 221 299
994 377 288
12 167 265
228 658 592
129 197 261
973 708 625
127 633 611
568 245 226
896 641 737
339 596 497
463 688 763
763 592 666
826 641 717
443 636 558
539 788 736
212 628 570
799 707 675
950 169 250
547 530 591
94 516 444
743 520 541
285 412 386
880 300 239
472 197 225
234 297 232
816 511 489
487 702 640
553 116 44
26 925 962
481 752 808
942 881 885
282 532 593
495 862 900
592 149 81
802 718 697
253 878 820
917 337 376
923 506 456
839 631 586
562 353 404
429 158 198
903 625 721
749 455 450
792 180 93
477 323 397
340 675 599
595 862 770
40 594 687
624 818 879
897 176 149
950 850 909
529 585 624
916 570 559
994 994 942
234 167 210
868 942 853
714 163 193
259 201 239
55 170 133
129 886 828
960 323 255
494 141 179
10 762 783
4 271 291
68 484 551
4 232 273
63 283 266
165 863 898
231 588 634
103 869 941
342 170 234
376 315 277
109 931 895
289 583 548
709 231 210
845 974 953
40 712 704
885 196 221
423 799 870
277 561 653
344 437 397
574 277 312
497 557 614
29 845 760
164 248 304
136 600 625
812 956 989
908 478 489
683 146 241
189 908 859
556 873 892
743 253 187
246 856 889
73 666 705
227 733 805
778 541 640
728 211 273
142 807 850
181 411 391
78 392 410
935 619 548
96 263 341
933 416 343
559 122 63
259 743 729
743 620 562
856 618 706
639 449 365
978 199 151
295 556 524
867 193 148
39 323 297
383 225 186
396 346 419
108 531 455
680 917 990
251 218 262
632 166 138
732 240 208
234 474 501
326 778 778
565 136 144
694 467 552
958 740 704
432 620 605
339 731 652
460 613 585
522 368 466
667 691 735
77 995 1086
827 672 628
855 231 300
257 714 722
964 648 648
538 934 1020
236 427 381
802 524 570
92 844 794
744 838 922
739 593 692
370 555 620
506 807 843
185 673 760
789 267 347
716 713 701
72 653 688
536 895 890
362 657 671
180 884 846
722 814 724
222 813 797
7 658 744
639 375 297
814 320 400
492 234 258
103 626 664
985 339 284
600 765 783
470 384 438
262 664 662
52 712 754
667 200 244
963 138 109
200 240 174
339 155 188
918 707 760
176 433 483
912 636 606
220 272 336
842 957 874
519 505 432
619 252 312
650 892 945
795 323 416
845 478 439
516 180 124
879 863 842
470 644 606
652 958 964
604 801 776
48 877 955
207 998 1000
86 823 755
325 616 707
737 586 646
816 858 822
663 168 107
263 523 556
216 801 765
992 386 471
854 719 813
853 625 560
655 192 145
224 336 353
758 299 264
599 124 52
663 409 470
128 586 499
904 292 248
215 578 533
899 511 437
478 487 583
569 647 674
822 883 955
34 518 542
50 810 754
385 937 1013
919 766 668
124 827 910
649 191 116
101 437 342
524 554 555
128 541 456
996 220 299
456 987 1073
242 650 746
173 846 818
909 742 698
715 752 733
805 677 588
173 792 723
671 818 854
156 379 440
279 446 507
265 354 306
872 293 293
699 276 311
410 600 617
133 853 813
769 327 248
536 377 332
332 517 606
634 234 155
12 953 929
286 781 810
492 125 129
677 573 517
229 285 311
64 806 858
307 184 190
607 278 191
65 525 505
203 481 388
151 574 483
904 916 882
920 604 668
440 178 178
637 373 419
419 934 992
501 723 643
689 308 349
157 369 423
573 725 820
95 757 682
1 798 704
555 205 295
630 938 916
926 495 400
853 255 244
542 961 1050
764 162 189
55 792 850
746 589 562
473 567 559
246 679 671
352 706 609
283 662 691
714 121 135
877 146 131
833 543 636
891 496 542
657 174 231
196 880 886
709 316 217
348 726 676
18 248 268
638 262 339
649 838 858
688 459 454
175 838 800
609 810 750
680 573 645
545 384 295
777 858 911
470 863 785
624 197 123
794 734 787
612 633 616
5 278 199
822 703 659
609 980 1058
130 271 285
437 147 70
277 197 275
123 877 849
221 978 1075
922 205 261
510 889 867
699 371 350
366 466 409
344 716 781
524 618 709
565 236 214
662 339 373
524 244 302
500 566 469
606 553 640
482 358 347
775 707 636
175 171 173
856 366 437
427 214 189
568 176 264
825 527 548
975 235 161
487 942 968
985 955 902
264 900 943
935 409 407
4 540 573
291 996 1001
407 868 958
482 316 320
950 267 236
91 807 771
26 923 984
976 595 653
864 806 717
201 556 654
684 996 1095
679 702 659
531 280 318
762 238 173
938 701 626
721 119 62
635 405 353
180 235 178
962 941 857
464 992 949
460 985 1078
125 982 1011
316 348 283
459 965 1053
123 233 309
133 345 365
464 539 486
604 755 738
538 950 925
529 136 204
513 390 350
493 362 347
759 938 986
721 208 148
859 156 120
124 939 930
605 585 669
330 796 801
275 278 190
304 616 634
618 477 397
900 746 765
832 237 208
942 897 812
993 188 275
925 476 388
459 882 915
231 812 911
419 390 343
987 446 460
399 972 910
114 176 94
256 708 792
141 136 209
228 206 277
639 150 207
507 204 152
297 796 790
611 791 869
987 142 218
957 652 608
32 823 801
703 905 934
731 838 896
838 719 622
883 594 625
988 403 335
759 621 613
525 154 68
561 948 859
170 843 746
971 203 112
864 553 603
682 241 237
367 944 908
910 960 900
240 655 593
814 802 892
862 323 318
805 386 293
628 439 380
732 454 389
230 497 405
376 275 320
314 704 622
269 990 890
881 282 230
659 454 365
897 411 494
208 835 879
578 868 838
964 163 79
399 322 284
585 360 398
253 115 15
242 197 151
435 198 128
821 414 476
160 463 504
974 391 474
826 145 144
885 457 448
123 532 603
403 811 799
408 536 575
505 539 626
604 781 755
945 917 855
342 750 720
657 491 456
695 418 348
86 858 765
560 378 310
348 252 264
826 647 741
309 377 372
63 321 237
969 653 558
688 825 798
117 250 155
463 541 585
304 678 739
604 712 685
763 856 899
366 468 476
665 444 514
902 869 951
512 942 1018
316 967 980
473 406 443
957 429 358
596 182 172
273 899 810
112 336 399
514 972 909
889 565 635
742 431 481
678 353 306
641 248 264
973 755 665
332 476 378
412 609 630
299 123 199
553 173 271
522 902 903
33 178 157
394 934 861
666 715 778
821 950 941
546 578 564
957 626 678
519 637 572
533 288 283
603 183 88
493 176 185
569 626 642
495 978 1073
175 212 240
119 938 930
645 456 357
225 840 933
816 630 627
17 786 689
98 320 344
172 344 266
752 833 869
727 462 397
841 440 410
772 122 116
161 534 457
981 543 511
566 513 444
326 945 879
561 961 915
824 625 613
637 727 666
33 445 529
403 603 656
416 917 924
891 447 486
378 550 586
831 854 803
770 994 1008
727 260 186
306 502 593
998 897 915
375 183 208
928 115 20
835 796 784
214 386 353
709 118 160
545 724 733
538 943 906
707 562 470
148 681 650
33 643 612
115 283 327
120 840 870
891 866 863
201 373 412
210 672 653
899 419 509
835 904 902
344 295 234
985 333 302
585 643 618
779 951 949
600 703 725
450 392 392
745 824 864
378 556 638
724 919 981
617 877 906
825 425 523
76 601 696
674 908 920
620 355 323
287 793 881
604 449 427
406 897 824
907 634 637
817 558 506
679 392 463
34 969 1005
585 963 1014
482 943 929
757 555 465
526 859 826
906 808 896
791 267 236
380 390 341
882 848 762
200 172 222
165 934 991
124 652 626
61 436 506
560 821 842
402 867 794
187 280 188
363 229 295
676 539 481
506 767 686
576 832 790
502 613 604
112 422 438
478 752 780
277 621 561
128 274 295
318 394 452
451 432 362
932 283 349
670 472 439
482 557 639
47 819 802
398 339 344
120 857 757
693 540 496
877 721 702
197 370 415
558 185 120
752 322 243
159 171 226
661 471 423
458 394 355
715 763 804
555 342 407
39 345 348
724 595 574
17 957 975
100 714 644
338 870 950
406 967 879
812 770 814
131 114 50
864 387 466
124 126 116
388 860 857
932 432 374
884 784 730
563 423 389
418 558 591
381 472 386
124 528 605
127 282 185
438 443 518
456 350 250
299 751 729
660 297 261
418 487 428
769 692 746
273 985 922
679 690 704
149 755 793
341 654 718
714 668 619
984 561 604
705 565 467
915 913 947
339 312 230
992 497 569
976 295 221
627 463 525
353 971 1063
963 699 659
591 540 443
99 770 869
609 517 558
512 529 553
738 239 330
174 321 411
381 197 282
777 315 325
745 149 230
407 114 188
889 381 373
631 395 407
90 395 328
560 133 169
705 684 667
941 647 665
39 604 698
269 539 589
312 143 142
316 950 1030
620 836 894
940 358 342
261 857 859
286 119 33
931 725 780
535 209 252
91 736 787
573 713 618
610 492 460
554 933 964
371 847 802
649 662 605
489 150 145
498 605 657
189 671 709
300 474 419
4 225 188
681 899 977
111 924 924
37 337 248
864 920 905
485 276 191
528 469 482
86 893 805
715 683 633
124 411 421
252 616 627
139 900 847
54 805 774
309 362 338
220 412 361
406 792 838
809 861 813
690 475 444
334 531 443
672 756 693
241 359 346
129 853 868
909 175 201
193 485 572
532 827 758
300 159 172
144 810 784
553 154 67
27 462 441
752 517 431
32 682 644
867 181 169
940 694 664
361 365 373
167 311 226
221 452 427
9 955 958
57 399 313
453 457 376
909 812 882
552 876 952
632 265 314
288 657 694
574 970 880
799 564 507
184 632 619
134 966 955
458 538 538
848 602 693
637 689 762
498 556 539
672 451 360
287 228 195
254 841 923
764 886 928
351 190 268
313 580 485
794 977 974
347 536 502
996 497 591
497 378 371
880 749 677
13 793 778
834 204 240
707 126 115
797 758 817
326 664 585
301 690 770
779 233 182
214 530 479
514 505 553
233 923 947
1 159 186
107 540 534
124 257 192
851 653 748
475 472 432
126 568 588
264 482 458
736 703 721
181 922 843
94 693 661
149 359 327
631 924 913
795 454 468
406 612 596
812 590 669
327 858 762
745 503 460
412 841 745
325 480 420
980 577 536
260 881 870
175 296 211
561 695 769
126 315 270
665 692 610
506 601 584
947 623 555
769 879 894
186 901 980
710 194 269
576 460 387
785 857 819
442 926 1000
672 814 714
325 173 206
877 254 188
454 626 549
319 771 848
208 394 308
303 304 360
695 198 169
535 321 249
452 600 617
243 489 440
314 489 505
475 192 184
56 344 426
798 449 395
118 349 337
335 414 462
433 221 208
670 540 634
221 668 653
647 300 333
74 529 625
165 159 150
428 568 570
808 492 454
77 699 684
418 202 254
542 863 802
25 364 437
652 341 258
865 719 766
337 425 486
391 409 503
906 816 796
335 383 325
997 660 617
101 152 192
947 831 780
234 117 71
492 888 972
177 967 1024
531 732 657
866 562 565
660 539 523
966 896 947
585 194 245
632 449 520
442 186 246
450 405 312
325 646 651
289 578 619
987 390 337
496 502 422
977 961 1013
861 448 494
954 232 195
335 904 993
420 775 752
751 601 668
354 633 566
879 214 204
195 842 830
634 164 251
591 256 339
969 935 990
107 695 741
998 976 889
747 929 926
298 387 334
885 245 263
3 391 385
825 795 828
885 299 258
49 244 322
976 169 241
634 859 952
608 620 713
529 679 721
840 221 123
990 432 511
307 957 1036
77 487 531
289 189 211
439 455 486
504 357 384
347 233 186
919 203 278
559 173 154
683 807 756
45 816 763
997 724 732
420 634 658
508 390 471
896 932 901
174 630 700
311 306 245
416 545 468
486 437 472
269 798 770
63 128 109
753 339 319
342 823 887
656 486 452
581 406 351
165 716 696
384 586 628
873 763 688
240 870 893
14 583 659
34 905 994
291 377 416
93 736 644
516 579 618
848 875 830
530 189 177
65 546 611
799 291 331
653 405 493
186 952 1043
79 849 946
379 802 757
82 535 509
609 573 650
469 305 352
557 553 506
47 947 913
250 795 721
581 529 585
527 478 571
358 438 347
137 428 413
614 677 678
134 119 42
353 909 926
849 675 603
791 913 851
561 319 306
33 436 340
445 244 253
813 218 299
171 261 169
807 641 672
816 204 262
715 310 238
350 832 930
253 960 1016
487 240 209
852 631 606
4 649 713
124 248 275
293 164 225
889 202 224
994 786 772
219 600 529
30 727 726
984 721 770
131 529 475
716 836 753
322 283 201
477 126 68
537 691 692
640 520 499
400 176 154
950 559 580
645 689 716
332 240 264
803 905 955
620 225 219
814 302 360
831 383 336
484 574 635
944 135 124
19 487 556
523 834 893
174 487 475
320 165 219
213 719 734
342 501 440
557 918 820
864 734 802
385 973 938
413 800 754
836 308 265
651 171 233
75 880 977
136 385 346
820 184 187
259 697 769
168 872 855
869 882 838
839 741 774
615 143 59
837 384 467
905 641 654
771 475 503
80 463 518
162 735 754
821 308 379
678 184 89
546 557 635
256 808 854
292 512 481
599 584 521
196 510 428
606 126 198
3 697 785
705 500 420
927 143 228
11 906 926
513 928 858
297 835 816
749 598 637
282 907 866
731 183 181
749 263 182
410 141 61
848 978 1039
884 182 228
779 116 164
699 653 604
513 786 796
62 258 218
957 878 895
39 253 216
211 691 604
245 778 773
221 868 832
301 696 637
307 459 556
916 232 269
676 461 400
842 954 906
706 335 278
866 856 807
519 249 242
270 308 350
122 731 817
779 130 76
172 316 323
309 305 296
703 915 841
652 203 297
905 435 471
743 629 638
899 857 770
121 383 349
819 126 117
841 955 902
72 273 254
291 753 796
196 269 252
300 387 301
665 364 459
248 969 1013
88 566 590
394 624 672
411 921 932
361 438 418
544 648 642
267 122 174
445 759 850
755 243 194
41 307 391
7 287 221
518 929 880
96 591 621
8 361 273
376 859 843
980 326 419
992 746 693
722 536 572
871 499 486
93 729 724
292 661 657
212 813 713
752 153 72
35 732 652
875 788 783
118 276 267
833 248 238
312 457 391
749 172 81
445 560 487
64 983 968
853 523 551
901 524 502
600 609 594
363 701 661
549 238 222
703 647 597
93 160 173
163 315 278
668 355 407
650 477 541
114 859 894
579 539 554
140 889 824
804 380 388
948 649 567
551 135 193
607 361 438
836 865 775
112 256 299
524 933 906
366 777 773
848 491 403
724 116 56
27 276 177
633 758 848
660 839 839
941 657 579
789 557 646
954 601 513
879 350 366
628 677 767
56 217 276
63 271 275
249 450 459
977 454 390
797 413 481
412 862 918
913 961 975
465 915 920
735 968 949
373 599 505
492 554 472
673 375 305
55 839 819
442 438 413
781 599 534
626 458 475
583 265 265
488 774 867
452 353 393
2 714 628
500 744 757
797 824 771
617 960 918
985 427 474
535 764 767
925 921 849
100 554 599
846 111 53
119 970 1003
797 705 738
510 771 704
312 386 479
268 599 615
624 861 874
359 626 546
271 198 103
769 326 251
770 972 1066
737 274 192
406 867 945
149 572 552
458 722 764
9 691 786
852 320 340
433 825 917
531 917 863
773 942 842
743 167 221
927 144 146
778 226 309
298 129 41
985 484 488
638 229 235
874 211 187
679 747 810
585 714 683
520 921 845
584 923 995
621 721 779
751 286 299
771 211 284
192 268 338
325 733 730
438 316 288
155 657 565
833 493 518
744 802 731
658 909 955
346 788 758
542 602 522
655 218 293
832 988 901
532 856 834
763 403 469
377 727 824
808 765 828
586 435 447
485 568 512
247 330 343
799 644 565
921 737 789
908 627 646
747 687 612
77 148 226
769 887 840
506 874 789
870 712 744
385 323 252
631 520 498
232 135 73
936 232 155
517 911 815
166 552 606
208 666 735
81 569 592
939 808 732
616 876 974
855 576 551
317 707 609
344 169 117
480 342 277
381 445 484
877 466 538
503 263 176
19 128 57
803 676 593
665 786 826
189 780 792
860 228 303
926 237 181
187 452 492
562 611 527
962 340 431
134 217 209
154 278 274
790 410 366
549 489 578
303 226 153
435 724 823
577 614 698
962 810 731
525 544 578
783 616 642
903 579 632
92 989 1073
429 527 569
854 779 731
984 733 745
675 855 954
242 852 867
29 784 791
516 881 793
85 590 659
612 265 314
600 948 1016
69 878 832
820 621 546
521 853 774
358 465 521
193 463 368
949 975 885
817 564 578
356 620 651
529 483 436
471 261 334
334 120 207
908 361 412
743 472 427
142 569 596
539 378 443
511 401 456
22 450 468
594 958 1048
14 652 647
183 890 980
194 772 728
475 716 654
881 499 586
397 746 661
697 421 444
25 268 193
406 959 888
359 599 647
968 555 606
844 981 1069
589 937 863
270 301 322
706 472 469
421 416 493
770 485 501
948 144 165
902 258 161
452 391 365
951 163 131
930 836 773
860 783 838
75 902 811
482 554 604
825 989 923
247 889 977
285 519 597
451 172 230
766 185 134
825 518 457
642 823 748
398 989 1086
288 789 701
787 829 838
775 608 582
651 762 785
111 711 791
180 615 585
264 432 355
722 650 738
523 826 843
511 940 1036
275 929 883
84 985 896
643 581 648
376 910 907
52 570 589
619 482 537
980 796 704
588 902 954
392 853 810
325 485 544
246 471 385
230 714 644
759 767 826
658 620 554
175 164 109
593 694 763
364 496 561
254 531 513
89 320 381
510 574 500
916 393 368
595 456 477
333 593 566
906 413 317
966 568 507
623 769 827
57 631 562
530 476 457
765 844 843
287 671 572
605 787 871
993 233 236
536 772 842
877 207 258
392 228 273
132 404 373
717 219 199
129 356 442
953 720 760
584 274 371
345 282 300
482 215 232
226 676 600
335 545 644
467 331 309
797 976 980
918 397 344
195 757 730
880 698 662
65 432 513
257 421 371
374 947 993
11 578 669
500 686 644
748 685 736
721 143 154
44 608 602
770 821 854
432 260 269
793 546 568
142 462 536
83 685 634
608 447 398
256 410 461
902 670 670
939 455 400
498 949 902
298 482 389
465 188 182
954 677 629
350 334 315
995 221 218
374 439 358
710 668 638
339 452 403
727 900 839
671 212 250
89 451 549
176 487 478
812 906 888
65 252 304
188 613 664
558 160 86
185 247 315
569 561 497
457 790 871
571 964 979
954 692 725
378 684 752
273 200 231
431 566 609
997 354 435
53 138 131
206 254 284
712 113 56
476 274 309
436 192 141
90 706 646
734 410 426
835 270 340
348 852 808
621 603 559
652 520 486
813 934 941
816 623 573
999 818 863
92 530 462
761 751 701
98 931 1028
278 558 622
112 427 361
665 679 737
127 929 917
53 337 288
628 816 730
424 150 64
896 797 730
616 943 1028
539 279 183
42 268 228
398 111 93
38 264 179
958 969 910
213 475 426
7 704 781
51 770 732
823 836 777
759 983 1047
948 918 890
126 940 920
127 320 380
299 688 755
265 758 817
675 941 843
343 281 184
86 180 93
901 456 533
883 640 669
792 483 502
725 805 849
960 275 344
610 987 916
339 843 825
273 663 580
464 672 658
543 687 690
931 746 729
528 648 608
946 336 254
727 866 930
912 620 676
897 486 464
722 618 663
344 986 886
975 175 168
624 558 459
339 129 217
943 500 493
197 769 751
47 853 781
619 694 604
42 499 589
613 847 881
597 606 509
670 608 706
174 133 156
195 141 232
633 977 1056
374 505 424
210 874 802
865 111 163
303 160 220
131 117 100
688 717 619
248 733 769
273 727 798
308 387 297
283 349 386
726 260 171
585 346 299
586 473 399
641 261 248
648 976 989
330 457 407
31 470 470
724 189 244
36 951 867
304 998 971
472 718 636
736 770 805
144 119 71
313 238 318
286 626 636
676 240 316
80 467 549
168 913 940
114 713 747
113 787 882
795 223 212
537 305 241
547 907 872
691 252 279
270 167 251
416 658 678
816 554 590
719 477 546
397 154 246
158 751 666
285 730 804
504 238 219
400 401 491
559 691 720
623 370 453
239 303 269
738 837 766
150 554 627
198 419 371
918 386 370
615 453 494
758 338 280
86 700 722
738 660 594
31 344 402
247 269 175
65 564 618
563 696 780
910 579 502
221 814 721
606 302 332
861 931 913
525 230 229
143 774 720
406 927 879
584 744 746
95 773 788
754 569 497
281 499 409
73 604 558
288 637 712
211 328 375
345 694 646
92 246 227
10 454 516
721 690 669
467 256 254
982 769 718
420 893 898
974 938 957
567 291 368
812 182 101
468 840 828
620 186 192
7 548 556
658 381 333
822 733 778
562 281 323
443 499 425
374 967 888
577 610 644
658 509 506
478 595 685
563 987 1001
55 572 588
359 164 111
60 398 310
252 158 182
689 792 705
652 910 898
215 116 19
663 715 750
208 259 189
195 218 261
713 729 783
773 357 283
98 571 509
152 625 613
918 291 217
817 351 407
823 743 842
503 758 790
669 470 544
790 607 519
487 356 411
764 153 163
282 270 299
861 439 499
65 833 876
334 949 956
46 757 728
774 756 828
179 456 462
737 340 304
14 398 459
62 200 214
242 690 760
611 378 421
423 201 256
367 840 762
95 428 359
820 747 833
209 624 546
468 207 276
791 493 565
892 323 408
544 832 765
845 703 758
947 450 390
769 254 267
126 355 387
841 497 493
419 437 475
527 537 468
957 403 493
197 282 350
9 216 193
674 364 310
56 166 102
218 345 434
492 850 765
926 550 633
295 980 947
774 706 778
104 848 912
297 805 708
415 665 570
700 120 160
763 327 378
27 488 582
859 444 437
354 511 489
332 437 474
2 735 727
831 614 627
612 455 527
236 470 425
247 493 588
491 227 274
916 900 953
291 876 901
741 402 497
109 751 713
812 473 435
378 883 811
765 497 548
170 374 472
600 619 567
732 598 644
619 365 394
481 157 244
808 713 749
529 694 751
936 971 991
805 360 455
240 489 537
536 274 356
109 268 270
656 482 431
943 243 316
995 819 788
673 764 694
330 480 516
298 292 315
578 826 811
5 807 840
188 580 520
365 503 464
782 960 1053
931 290 371
727 170 250
463 478 493
878 616 697
83 334 274
887 884 940
671 373 430
199 965 1060
640 255 223
596 530 454
797 499 409
864 418 474
279 333 281
846 847 771
98 764 704
968 946 864
264 753 805
225 565 657
387 543 563
858 845 784
296 954 1053
642 112 184
892 806 733
720 134 230
456 242 158
396 423 333
119 504 466
629 293 300
116 259 344
941 794 850
890 970 885
892 966 1010
674 842 864
700 965 932
848 951 1009
200 136 73
642 180 141
848 460 546
16 938 848
784 872 970
751 679 755
714 750 804
536 503 492
497 160 89
443 458 557
472 272 211
550 438 506
943 709 746
874 652 692
730 696 693
370 690 637
90 586 676
531 385 382
586 785 882
976 918 904
159 917 997
527 203 193
201 951 930
809 674 627
468 411 311
120 845 819
654 169 160
963 128 226
721 563 578
630 552 562
537 935 977
641 848 795
586 361 348
220 713 662
557 953 996
384 953 1020
449 393 390
468 802 792
977 793 727
474 417 477
401 909 877
231 652 748
513 864 877
191 365 422
139 585 554
86 333 378
404 186 121
182 622 651
949 135 159
294 290 209
192 116 115
800 419 465
648 403 351
934 909 895
469 721 735
719 140 171
804 788 700
379 947 895
407 633 571
608 299 296
614 387 422
960 831 826
290 591 516
188 807 719
874 304 310
907 812 761
669 508 418
610 563 549
199 779 847
411 951 940
722 494 406
533 208 112
74 633 595
857 746 745
75 801 775
864 384 340
312 607 697
821 655 667
573 152 203
518 899 833
949 408 486
60 463 448
647 483 482
363 760 731
140 316 302
448 648 607
7 899 920
619 855 840
665 465 365
551 251 255
886 403 397
283 307 313
701 685 620
433 239 247
663 556 592
269 939 864
155 313 239
992 854 904
391 346 329
548 348 441
877 811 882
98 341 268
744 812 880
888 970 924
390 561 648
323 277 217
551 391 362
387 511 481
652 291 339
919 663 621
708 636 569
967 508 461
756 631 532
723 489 568
230 731 688
417 675 697
732 856 788
183 287 296
386 599 538
8 369 292
599 627 692
46 776 834
631 123 133
58 131 85
756 929 929
391 296 380
230 838 868
428 982 1049
977 580 524
269 757 702
849 863 928
598 710 784
612 528 529
635 129 141
556 372 335
764 821 863
583 751 838
563 444 417
91 298 266
818 496 518
665 700 692
340 548 460
808 436 470
829 886 847
124 498 570
922 782 807
643 524 466
19 470 525
230 797 870
663 214 250
327 759 728
818 281 318
185 336 335
57 934 899
493 319 309
248 199 173
713 758 661
119 946 852
890 746 698
8 627 712
737 346 296
929 657 571
183 380 331
1333
1741557 1738567
1741555 1738587
1741554 1738670
1741552 1738759
1741551 1738868
1741547 1738890
1741546 1738940
1741544 1738984
1741542 1739009
1741541 1739039
1741540 1739048
1741539 1739071
1741538 1739089
1741537 1739127
1741535 1739159
1741533 1739176
1741532 1739216
1741530 1739218
1741529 1739234
1741528 1739259
1741527 1739272
1741526 1739287
1741523 1739305
1741522 1739340
1741520 1739372
1741518 1739381
1741517 1739387
1741516 1739418
1741515 1739422
1741514 1739434
1741513 1739461
1741508 1739481
1741507 1739502
1741506 1739531
1741503 1739557
1741502 1739562
1741500 1739594
1741496 1739600
1741493 1739620
1741491 1739641
1741489 1739667
1741488 1739673
1741485 1739687
1741484 1739720
1741482 1739734
1741480 1739751
1741477 1739769
1741475 1739777
1741474 1739791
1741472 1739792
1741469 1739811
1741467 1739857
1741462 1739863
1741459 1739873
1741457 1739882
1741456 1739891
1741454 1739910
1741451 1739920
1741450 1739926
1741449 1739951
1741445 1739978
1741441 1740001
1741438 1740008
1741436 1740012
1741435 1740021
1741434 1740022
1741433 1740023
1741432 1740034
1741431 1740039
1741429 1740050
1741427 1740055
1741426 1740067
1741424 1740072
1741423 1740090
1741421 1740096
1741419 1740099
1741417 1740123
1741414 1740131
1741413 1740140
1741411 1740152
1741410 1740166
1741407 1740168
1741405 1740175
1741404 1740176
1741403 1740188
1741402 1740200
1741400 1740202
1741399 1740211
1741397 1740227
1741394 1740232
1741393 1740235
1741392 1740238
1741391 1740250
1741388 1740266
1741386 1740268
1741385 1740283
1741383 1740297
1741379 1740298
1741378 1740305
1741377 1740307
1741376 1740311
1741375 1740333
1741372 1740336
1741371 1740338
1741368 1740356
1741367 1740360
1741366 1740371
1741363 1740372
1741362 1740373
1741361 1740385
1741359 1740390
1741358 1740403
1741356 1740421
1741351 1740429
1741350 1740431
1741349 1740432
1741348 1740441
1741347 1740450
1741345 1740458
1741343 1740462
1741341 1740474
1741340 1740478
1741337 1740482
1741336 1740496
1741335 1740503
1741333 1740507
1741332 1740511
1741330 1740512
1741329 1740519
1741328 1740520
1741327 1740526
1741326 1740535
1741324 1740536
1741323 1740546
1741322 1740547
1741321 1740559
1741318 1740567
1741317 1740571
1741316 1740580
1741314 1740588
1741313 1740597
1741311 1740599
1741309 1740603
1741308 1740608
1741306 1740613
1741305 1740620
1741304 1740623
1741303 1740629
1741302 1740634
1741300 1740637
1741299 1740641
1741298 1740658
1741295 1740660
1741294 1740664
1741293 1740667
1741292 1740671
1741291 1740677
1741289 1740680
1741288 1740683
1741287 1740692
1741285 1740700
1741284 1740702
1741283 1740710
1741281 1740719
1741279 1740723
1741278 1740725
1741277 1740730
1741276 1740734
1741275 1740741
1741274 1740742
1741273 1740749
1741271 1740764
1741268 1740767
1741267 1740770
1741266 1740772
1741264 1740782
1741263 1740787
1741261 1740796
1741258 1740802
1741257 1740805
1741256 1740812
1741255 1740819
1741254 1740822
1741252 1740829
1741250 1740833
1741248 1740837
1741247 1740848
1741244 1740866
1741240 1740868
1741239 1740870
1741238 1740876
1741237 1740880
1741235 1740888
1741233 1740900
1741232 1740901
1741231 1740902
1741230 1740905
1741229 1740906
1741228 1740911
1741227 1740917
1741226 1740924
1741225 1740927
1741224 1740929
1741223 1740930
1741221 1740943
1741220 1740946
1741218 1740950
1741216 1740957
1741215 1740958
1741214 1740960
1741213 1740968
1741211 1740973
1741210 1740974
1741209 1740976
1741208 1740984
1741207 1740989
1741206 1740990
1741205 1740994
1741204 1740998
1741203 1741004
1741201 1741012
1741199 1741016
1741198 1741017
1741196 1741028
1741194 1741033
1741193 1741034
1741192 1741038
1741191 1741043
1741189 1741048
1741188 1741055
1741187 1741056
1741186 1741057
1741185 1741062
1741183 1741074
1741182 1741075
1741180 1741078
1741179 1741087
1741177 1741093
1741175 1741098
1741173 1741099
1741172 1741104
1741171 1741114
1741170 1741115
1741169 1741117
1741168 1741121
1741167 1741122
1741165 1741129
1741164 1741131
1741163 1741133
1741161 1741142
1741160 1741148
1741158 1741156
1741157 1741157
1741156 1741161
1741155 1741162
1741154 1741164
1741153 1741168
1741152 1741173
1741151 1741175
1741150 1741177
1741149 1741180
1741148 1741187
1741146 1741191
1741145 1741195
1741143 1741197
1741142 1741207
1741141 1741208
1741139 1741211
1741138 1741216
1741136 1741221
1741135 1741224
1741134 1741225
1741133 1741239
1741130 1741242
1741129 1741247
1741128 1741248
1741127 1741250
1741126 1741252
1741125 1741254
1741124 1741260
1741123 1741267
1741122 1741269
1741120 1741273
1741119 1741277
1741117 1741282
1741116 1741284
1741115 1741285
1741114 1741294
1741112 1741297
1741110 1741304
1741109 1741311
1741107 1741314
1741105 1741318
1741104 1741328
1741101 1741333
1741100 1741335
1741099 1741337
1741097 1741343
1741096 1741348
1741095 1741351
1741094 1741358
1741090 1741364
1741089 1741366
1741088 1741369
1741087 1741372
1741086 1741376
1741084 1741382
1741083 1741388
1741081 1741399
1741076 1741404
1741075 1741409
1741074 1741416
1741072 1741417
1741070 1741421
1741069 1741427
1741067 1741432
1741066 1741437
1741064 1741441
1741063 1741445
1741062 1741446
1741061 1741454
1741059 1741455
1741058 1741461
1741056 1741466
1741054 1741468
1741053 1741473
1741052 1741476
1741051 1741484
1741050 1741485
1741048 1741486
1741047 1741494
1741046 1741501
1741042 1741506
1741041 1741508
1741040 1741510
1741039 1741515
1741037 1741517
1741036 1741521
1741035 1741524
1741034 1741525
1741033 1741535
1741032 1741537
1741030 1741541
1741029 1741542
1741028 1741546
1741027 1741549
1741026 1741554
1741025 1741559
1741023 1741562
1741022 1741564
1741021 1741572
1741019 1741574
1741017 1741579
1741016 1741580
1741015 1741586
1741013 1741590
1741012 1741596
1741011 1741598
1741010 1741599
1741009 1741600
1741008 1741602
1741007 1741611
1741004 1741621
1741001 1741627
1740998 1741637
1740996 1741639
1740994 1741642
1740993 1741649
1740991 1741654
1740990 1741656
1740989 1741658
1740988 1741659
1740986 1741670
1740984 1741674
1740983 1741679
1740981 1741681
1740980 1741683
1740978 1741686
1740977 1741695
1740975 1741703
1740973 1741706
1740969 1741717
1740968 1741723
1740965 1741725
1740964 1741726
1740963 1741730
1740962 1741735
1740961 1741736
1740958 1741741
1740957 1741748
1740954 1741754
1740952 1741760
1740951 1741762
1740950 1741764
1740948 1741770
1740947 1741775
1740945 1741782
1740942 1741786
1740941 1741789
1740940 1741790
1740939 1741797
1740938 1741806
1740934 1741807
1740933 1741816
1740931 1741817
1740930 1741821
1740928 1741822
1740926 1741827
1740924 1741832
1740923 1741835
1740922 1741839
1740921 1741848
1740919 1741850
1740916 1741855
1740915 1741856
1740913 1741858
1740912 1741867
1740909 1741871
1740908 1741873
1740907 1741880
1740906 1741884
1740904 1741887
1740902 1741890
1740901 1741893
1740900 1741898
1740899 1741904
1740895 1741905
1740894 1741906
1740893 1741910
1740892 1741917
1740891 1741921
1740889 1741934
1740884 1741936
1740883 1741939
1740881 1741944
1740880 1741947
1740878 1741948
1740877 1741964
1740873 1741967
1740870 1741971
1740869 1741976
1740866 1741977
1740864 1741984
1740863 1741996
1740860 1741999
1740858 1742000
1740857 1742004
1740856 1742006
1740855 1742007
1740852 1742017
1740851 1742018
1740849 1742024
1740847 1742027
1740846 1742033
1740843 1742037
1740841 1742039
1740840 1742042
1740839 1742048
1740837 1742054
1740834 1742058
1740833 1742061
1740830 1742064
1740829 1742068
1740828 1742069
1740827 1742071
1740826 1742079
1740823 1742085
1740820 1742086
1740819 1742090
1740818 1742099
1740816 1742103
1740815 1742108
1740811 1742112
1740809 1742114
1740808 1742118
1740807 1742120
1740806 1742124
1740805 1742132
1740802 1742138
1740797 1742141
1740795 1742152
1740793 1742158
1740790 1742162
1740788 1742164
1740787 1742167
1740786 1742172
1740784 1742175
1740782 1742180
1740781 1742184
1740778 1742185
1740777 1742190
1740776 1742192
1740774 1742197
1740772 1742199
1740771 1742203
1740769 1742210
1740768 1742212
1740765 1742222
1740761 1742223
1740759 1742224
1740758 1742228
1740757 1742230
1740756 1742235
1740755 1742236
1740753 1742243
1740751 1742247
1740750 1742248
1740749 1742251
1740747 1742257
1740743 1742261
1740740 1742272
1740735 1742281
1740734 1742285
1740730 1742292
1740727 1742294
1740726 1742295
1740725 1742307
1740721 1742310
1740719 1742313
1740717 1742314
1740716 1742324
1740712 1742332
1740711 1742333
1740705 1742339
1740704 1742349
1740700 1742351
1740697 1742357
1740695 1742366
1740692 1742367
1740690 1742372
1740688 1742376
1740686 1742388
1740677 1742395
1740674 1742396
1740673 1742405
1740671 1742407
1740668 1742410
1740667 1742411
1740666 1742418
1740664 1742419
1740663 1742426
1740659 1742429
1740658 1742430
1740657 1742433
1740656 1742439
1740650 1742448
1740648 1742452
1740647 1742461
1740640 1742463
1740639 1742465
1740638 1742466
1740637 1742467
1740636 1742468
1740635 1742481
1740628 1742483
1740627 1742491
1740626 1742494
1740624 1742499
1740621 1742502
1740619 1742504
1740617 1742508
1740614 1742511
1740612 1742521
1740608 1742529
1740605 1742535
1740600 1742539
1740597 1742548
1740595 1742549
1740594 1742552
1740589 1742556
1740588 1742559
1740586 1742565
1740582 1742570
1740580 1742572
1740579 1742579
1740578 1742581
1740573 1742586
1740570 1742590
1740566 1742595
1740565 1742597
1740564 1742599
1740563 1742600
1740561 1742603
1740560 1742605
1740559 1742607
1740557 1742613
1740554 1742617
1740552 1742619
1740550 1742626
1740547 1742628
1740546 1742629
1740545 1742630
1740544 1742632
1740542 1742633
1740541 1742635
1740540 1742646
1740538 1742649
1740533 1742653
1740531 1742655
1740530 1742656
1740527 1742664
1740522 1742668
1740520 1742680
1740515 1742687
1740509 1742689
1740508 1742695
1740506 1742698
1740504 1742703
1740502 1742710
1740496 1742712
1740494 1742716
1740490 1742722
1740488 1742723
1740487 1742725
1740486 1742731
1740484 1742735
1740480 1742736
1740479 1742740
1740478 1742743
1740475 1742746
1740473 1742748
1740471 1742756
1740469 1742757
1740465 1742761
1740464 1742769
1740459 1742773
1740455 1742774
1740453 1742782
1740449 1742785
1740447 1742788
1740446 1742791
1740445 1742797
1740439 1742803
1740435 1742814
1740431 1742817
1740427 1742820
1740425 1742825
1740423 1742827
1740422 1742829
1740419 1742835
1740414 1742837
1740412 1742838
1740411 1742845
1740409 1742847
1740407 1742849
1740406 1742853
1740404 1742854
1740403 1742857
1740400 1742859
1740398 1742861
1740397 1742865
1740395 1742866
1740394 1742872
1740392 1742875
1740389 1742876
1740387 1742880
1740385 1742883
1740384 1742888
1740382 1742890
1740379 1742896
1740375 1742898
1740374 1742901
1740372 1742903
1740370 1742910
1740366 1742914
1740362 1742918
1740361 1742919
1740359 1742920
1740356 1742922
1740355 1742924
1740354 1742925
1740353 1742935
1740349 1742940
1740344 1742943
1740343 1742946
1740342 1742947
1740341 1742950
1740339 1742952
1740337 1742954
1740335 1742957
1740331 1742962
1740330 1742971
1740325 1742975
1740320 1742976
1740318 1742983
1740317 1742989
1740310 1742994
1740308 1742997
1740302 1743003
1740300 1743010
1740298 1743012
1740297 1743013
1740296 1743015
1740292 1743020
1740286 1743021
1740285 1743026
1740282 1743033
1740280 1743037
1740275 1743042
1740273 1743043
1740271 1743046
1740270 1743047
1740268 1743052
1740264 1743057
1740259 1743059
1740258 1743063
1740255 1743065
1740254 1743069
1740253 1743071
1740251 1743074
1740249 1743077
1740247 1743079
1740242 1743090
1740235 1743094
1740232 1743095
1740231 1743097
1740230 1743099
1740227 1743103
1740226 1743104
1740225 1743109
1740224 1743110
1740221 1743115
1740219 1743119
1740211 1743123
1740210 1743124
1740209 1743126
1740207 1743131
1740204 1743137
1740198 1743138
1740197 1743144
1740193 1743145
1740191 1743150
1740187 1743151
1740186 1743156
1740183 1743162
1740180 1743163
1740176 1743168
1740175 1743169
1740174 1743176
1740167 1743177
1740165 1743184
1740162 1743187
1740161 1743189
1740156 1743193
1740151 1743198
1740148 1743207
1740142 1743209
1740141 1743213
1740137 1743216
1740132 1743226
1740124 1743231
1740121 1743233
1740120 1743235
1740118 1743238
1740116 1743240
1740115 1743243
1740112 1743251
1740111 1743252
1740106 1743257
1740100 1743258
1740098 1743260
1740096 1743265
1740094 1743267
1740093 1743269
1740091 1743272
1740090 1743273
1740089 1743274
1740087 1743284
1740080 1743295
1740069 1743298
1740066 1743305
1740063 1743308
1740058 1743317
1740047 1743320
1740045 1743323
1740041 1743325
1740039 1743327
1740038 1743330
1740036 1743335
1740034 1743338
1740027 1743340
1740025 1743342
1740023 1743349
1740020 1743354
1740012 1743360
1740008 1743365
1740000 1743366
1739998 1743372
1739992 1743379
1739986 1743384
1739985 1743393
1739974 1743402
1739967 1743403
1739963 1743415
1739953 1743416
1739949 1743422
1739948 1743423
1739947 1743426
1739946 1743427
1739939 1743431
1739935 1743436
1739928 1743439
1739926 1743442
1739925 1743448
1739918 1743451
1739915 1743457
1739913 1743461
1739907 1743462
1739903 1743466
1739902 1743468
1739899 1743475
1739890 1743480
1739889 1743483
1739885 1743486
1739879 1743488
1739878 1743490
1739875 1743494
1739868 1743495
1739867 1743499
1739864 1743503
1739857 1743504
1739856 1743506
1739855 1743507
1739853 1743508
1739851 1743510
1739850 1743514
1739848 1743515
1739847 1743517
1739845 1743521
1739843 1743523
1739836 1743527
1739835 1743528
1739832 1743529
1739829 1743531
1739827 1743536
1739826 1743537
1739825 1743540
1739823 1743541
1739821 1743545
1739814 1743547
1739811 1743548
1739808 1743552
1739803 1743562
1739801 1743563
1739792 1743569
1739782 1743572
1739781 1743573
1739777 1743576
1739775 1743580
1739768 1743586
1739765 1743591
1739760 1743594
1739759 1743595
1739753 1743598
1739749 1743601
1739747 1743605
1739743 1743607
1739739 1743608
1739736 1743612
1739734 1743616
1739731 1743617
1739726 1743618
1739725 1743627
1739715 1743630
1739712 1743633
1739708 1743638
1739707 1743640
1739698 1743649
1739685 1743657
1739676 1743660
1739675 1743662
1739670 1743663
1739668 1743667
1739663 1743679
1739647 1743682
1739645 1743683
1739643 1743684
1739640 1743686
1739639 1743690
1739636 1743694
1739628 1743697
1739624 1743698
1739622 1743701
1739620 1743702
1739618 1743708
1739607 1743711
1739602 1743712
1739601 1743716
1739598 1743717
1739595 1743721
1739592 1743726
1739578 1743733
1739576 1743739
1739573 1743743
1739561 1743745
1739554 1743746
1739553 1743748
1739548 1743752
1739545 1743755
1739541 1743757
1739539 1743761
1739531 1743762
1739528 1743768
1739523 1743771
1739512 1743777
1739507 1743784
1739500 1743789
1739497 1743793
1739485 1743794
1739483 1743800
1739481 1743804
1739473 1743811
1739461 1743812
1739459 1743818
1739446 1743820
1739445 1743823
1739436 1743825
1739434 1743828
1739431 1743830
1739430 1743832
1739424 1743834
1739422 1743839
1739415 1743841
1739408 1743846
1739401 1743851
1739398 1743852
1739390 1743861
1739379 1743862
1739377 1743868
1739368 1743871
1739362 1743873
1739356 1743875
1739354 1743877
1739350 1743878
1739349 1743880
1739348 1743881
1739344 1743882
1739342 1743884
1739340 1743889
1739333 1743890
1739330 1743891
1739329 1743897
1739319 1743899
1739316 1743901
1739312 1743902
1739311 1743904
1739306 1743905
1739303 1743906
1739302 1743909
1739301 1743910
1739297 1743911
1739295 1743914
1739288 1743915
1739286 1743916
1739284 1743919
1739278 1743920
1739276 1743921
1739274 1743924
1739273 1743925
1739271 1743926
1739268 1743927
1739264 1743928
1739263 1743933
1739258 1743935
1739257 1743936
1739251 1743939
1739247 1743944
1739244 1743946
1739243 1743947
1739233 1743951
1739230 1743953
1739222 1743954
1739220 1743957
1739215 1743959
1739213 1743961
1739210 1743962
1739209 1743963
1739203 1743965
1739202 1743966
1739199 1743968
1739198 1743973
1739187 1743979
1739178 1743981
1739174 1743982
1739170 1743985
1739169 1743986
1739167 1743990
1739160 1743994
1739155 1743995
1739154 1744000
1739140 1744001
1739138 1744002
1739137 1744007
1739127 1744011
1739118 1744012
1739115 1744013
1739113 1744015
1739112 1744016
1739110 1744019
1739107 1744022
1739095 1744027
1739089 1744030
1739088 1744031
1739078 1744035
1739075 1744036
1739073 1744043
1739062 1744049
1739043 1744050
1739042 1744051
1739040 1744055
1739036 1744057
1739034 1744060
1739021 1744062
1739020 1744067
1739004 1744070
1739003 1744071
1739001 1744075
1738992 1744077
1738986 1744079
1738981 1744080
1738979 1744092
1738956 1744093
1738954 1744094
1738952 1744101
1738938 1744105
1738935 1744106
1738934 1744107
1738931 1744114
1738923 1744115
1738909 1744122
1738894 1744125
1738885 1744126
1738884 1744127
1738881 1744131
1738876 1744134
1738870 1744135
1738868 1744136
1738860 1744138
1738857 1744141
1738849 1744145
1738840 1744148
1738837 1744150
1738829 1744153
1738826 1744155
1738816 1744156
1738814 1744161
1738811 1744162
1738806 1744163
1738799 1744166
1738797 1744168
1738792 1744170
1738787 1744171
1738781 1744172
1738780 1744173
1738778 1744179
1738762 1744180
1738760 1744182
1738756 1744187
1738747 1744189
1738737 1744191
1738733 1744193
1738724 1744194
1738718 1744197
1738717 1744199
1738716 1744201
1738707 1744203
1738702 1744208
1738692 1744209
1738682 1744210
1738680 1744211
1738679 1744219
1738664 1744220
1738661 1744222
1738648 1744223
1738647 1744224
1738645 1744225
1738644 1744226
1738643 1744227
1738638 1744229
1738636 1744230
1738631 1744233
1738624 1744235
1738615 1744236
1738613 1744238
1738607 1744240
1738602 1744243
1738593 1744245
1738591 1744246
1738587 1744247
1738584 1744248
1738580 1744250
1738579 1744252
1738570 1744253
1738569 1744255
1738566 1744256
1738564 1744257
1738554 1744260
1738547 1744262
1738544 1744264
1738540 1744267
1738534 1744269
1738528 1744270
1738524 1744271
1738522 1744272
1738521 1744273
1738515 1744275
1738511 1744276
1738506 1744279
1738501 1744281
1738486 1744283
1738484 1744284
1738481 1744286
1738472 1744287
1738470 1744289
1738466 1744290
1738465 1744291
1738458 1744292
1738457 1744294
1738454 1744297
1738448 1744299
1738447 1744300
1738441 1744301
1738435 1744302
1738434 1744306
1738427 1744307
1738425 1744308
1738413 1744309
1738411 1744315
1738396 1744316
1738391 1744317
1738388 1744319
1738379 1744320
1738377 1744324
1738365 1744328
1738347 1744334
1738342 1744335
1738334 1744336
1738330 1744337
1738324 1744338
1738322 1744339
1738320 1744340
1738315 1744342
1738312 1744348
1738305 1744351
1738296 1744356
1738272 1744358
1738264 1744359
1738263 1744360
1738253 1744365
1738246 1744366
1738240 1744369
1738233 1744371
1738220 1744373
1738216 1744374
1738208 1744375
1738207 1744376
1738203 1744378
1738201 1744379
1738198 1744381
1738187 1744382
1738181 1744385
1738171 1744386
1738170 1744387
1738165 1744389
1738156 1744390
1738153 1744393
1738147 1744394
1738144 1744397
1738129 1744400
1738116 1744402
1738112 1744403
1738109 1744406
1738105 1744410
1738083 1744412
1738079 1744414
1738076 1744416
1738065 1744417
1738062 1744418
1738058 1744419
1738055 1744421
1738044 1744422
1738042 1744424
1738029 1744427
1738025 1744430
1738002 1744431
1738001 1744432
1737997 1744435
1737986 1744440
1737964 1744443
1737960 1744446
1737955 1744448
1737944 1744449
1737934 1744451
1737922 1744458
1737887 1744461
1737886 1744462
1737879 1744463
1737873 1744466
1737861 1744467
1737854 1744470
1737848 1744471
1737847 1744474
1737823 1744479
1737801 1744482
1737796 1744484
1737795 1744485
1737794 1744486
1737769 1744488
1737766 1744489
1737761 1744490
1737753 1744492
1737751 1744494
1737729 1744497
1737718 1744499
1737709 1744501
1737703 1744502
1737696 1744506
1737665 1744509
1737657 1744510
1737654 1744513
1737648 1744514
1737638 1744515
1737626 1744516
1737625 1744517
1737623 1744518
1737619 1744520
1737604 1744521
1737602 1744522
1737601 1744523
1737598 1744524
1737580 1744526
1737578 1744527
1737576 1744528
1737570 1744530
1737560 1744531
1737546 1744538
1737513 1744541
1737497 1744544
1737493 1744545
1737480 1744546
1737479 1744548
1737454 1744549
1737448 1744550
1737437 1744551
1737436 1744552
1737432 1744558
1737401 1744559
1737384 1744563
1737370 1744565
1737352 1744566
1737351 1744570
1737333 1744571
1737327 1744572
1737316 1744574
1737303 1744575
1737290 1744576
1737285 1744578
1737271 1744579
1737262 1744582
1737251 1744583
1737248 1744584
1737238 1744585
1737234 1744587
1737221 1744588
1737216 1744589
1737203 1744591
1737200 1744592
1737190 1744593
1737174 1744595
1737155 1744596
1737154 1744598
1737140 1744600
1737133 1744602
1737119 1744604
1737101 1744605
1737087 1744607
1737072 1744608
1737069 1744611
1737039 1744613
1737028 1744614
1737025 1744616
1737000 1744619
1736989 1744620
1736979 1744621
1736976 1744622
1736960 1744623
1736941 1744626
1736914 1744628
1736904 1744631
1736884 1744635
1736856 1744638
1736834 1744639
1736831 1744640
1736800 1744641
1736789 1744642
1736777 1744644
1736761 1744645
1736752 1744646
1736736 1744648
1736716 1744650
1736698 1744652
1736691 1744653
1736680 1744654
1736659 1744655
1736652 1744657
1736631 1744658
1736627 1744659
1736601 1744660
1736591 1744665
1736561 1744666
1736532 1744668
1736491 1744669
1736490 1744670
1736483 1744671
1736449 1744672
1736440 1744673
1736438 1744674
1736408 1744676
1736354 1744677
1736353 1744678
1736341 1744679
1736325 1744680
1736312 1744681
1736292 1744682
1736284 1744683
1736276 1744684
1736218 1744685
1736192 1744686
1736160 1744687
1736159 1744688
1736122 1744689
1736074 1744690
1736020 1744692
