4000 2
1003012
605 925 954
372 581 659
658 706 649
989 861 893
516 499 482
681 405 386
223 713 779
245 292 268
812 697 624
363 710 803
279 915 929
807 602 691
477 504 524
322 697 715
759 395 316
90 769 827
768 242 144
971 983 934
632 436 349
307 558 544
212 531 573
764 152 155
208 994 1092
867 641 604
188 280 195
927 377 310
76 191 277
57 203 284
423 431 438
926 493 561
399 877 788
446 619 683
440 190 95
37 186 264
228 467 383
528 535 436
619 682 598
722 623 551
84 540 552
514 129 127
376 879 956
947 929 896
38 769 824
122 794 856
523 700 608
1 773 786
643 781 718
220 857 938
702 983 1081
723 595 596
588 142 218
509 932 997
250 342 415
20 142 239
682 865 867
428 900 902
183 517 448
22 683 658
4 602 517
548 595 655
583 156 133
508 940 1019
768 788 717
804 670 603
652 660 729
541 226 181
997 681 672
641 819 815
194 263 259
739 332 238
790 155 178
723 500 424
486 409 487
115 541 580
733 689 658
862 555 632
504 801 878
301 321 326
473 749 793
722 290 281
772 319 268
212 867 961
547 977 968
32 880 894
682 610 571
182 919 852
958 819 853
195 718 812
912 297 286
116 938 871
351 458 546
202 680 610
176 656 696
42 175 221
603 684 666
512 957 976
309 218 228
992 816 865
203 793 825
134 302 357
524 453 378
164 402 367
777 539 540
849 273 282
495 925 854
447 404 436
567 934 1028
361 538 630
129 315 248
344 904 863
729 706 770
58 820 917
539 224 276
722 673 695
638 270 191
967 403 413
893 992 916
374 966 962
604 933 955
496 192 282
167 458 494
964 301 349
93 289 244
725 968 868
904 624 651
234 719 740
225 323 323
187 431 506
113 859 854
205 513 608
595 473 401
809 192 113
10 850 789
973 210 294
551 212 277
236 781 693
475 432 389
835 877 871
678 766 783
132 303 361
539 281 258
630 407 345
462 501 441
574 678 613
688 610 655
443 457 550
804 512 500
667 767 722
405 299 389
621 820 737
813 634 658
147 977 927
587 262 305
225 443 401
786 602 697
176 361 345
627 330 275
365 721 799
577 966 925
376 926 1009
964 113 159
940 668 743
111 894 887
485 642 680
38 901 896
319 883 913
565 370 325
252 571 600
215 476 420
132 741 760
134 669 681
760 432 432
641 325 347
240 739 658
129 465 391
997 889 879
289 580 483
807 829 783
219 514 510
928 712 735
557 354 403
918 855 857
160 413 343
867 958 936
266 156 159
142 276 279
670 679 740
478 696 718
932 936 1002
608 478 530
883 137 100
720 804 751
61 368 347
15 503 455
67 851 856
253 424 458
893 884 851
551 711 774
480 368 418
893 219 190
923 895 843
703 289 381
992 499 403
435 851 758
268 197 117
620 667 638
490 373 323
167 676 736
456 514 470
578 292 227
461 612 531
661 827 887
99 794 852
932 815 760
29 849 848
654 942 865
950 371 392
586 594 648
40 419 365
245 670 731
808 826 779
614 914 1000
383 738 643
175 556 648
6 760 858
941 313 342
235 418 437
779 959 895
126 758 702
754 963 956
559 793 747
463 143 220
169 971 925
670 997 986
400 962 952
628 954 932
973 639 664
928 279 260
657 440 446
616 637 594
384 162 231
421 406 367
388 307 302
385 548 477
343 945 954
292 458 393
886 807 737
76 477 392
447 839 886
39 424 394
97 680 727
429 543 474
650 819 827
142 356 441
81 488 442
471 976 988
255 244 234
667 379 384
487 449 543
840 214 116
480 527 448
967 292 299
764 431 368
40 914 880
465 851 833
438 204 280
589 706 633
890 218 278
271 686 644
388 662 588
856 672 694
60 769 784
420 359 327
324 526 502
158 820 889
263 297 254
933 192 266
54 313 365
701 139 46
322 398 382
953 515 470
694 169 136
974 684 735
442 988 904
241 439 387
450 304 304
541 557 544
769 445 443
801 236 174
125 268 270
580 645 638
646 893 825
291 306 233
278 981 996
648 166 229
865 380 333
368 828 889
744 328 343
885 765 741
63 936 937
663 504 421
543 920 966
763 175 79
742 296 255
805 810 899
109 649 711
916 887 822
161 718 802
897 343 404
826 681 755
270 241 247
180 317 232
252 966 1034
461 985 1001
248 362 339
852 315 314
726 148 130
409 308 322
670 240 233
313 958 917
459 843 856
691 429 477
654 497 596
638 355 346
921 873 913
152 328 339
195 768 724
416 245 283
561 754 726
515 282 317
339 545 471
697 159 224
132 821 817
407 819 742
265 336 244
509 963 901
249 569 546
400 822 882
123 548 520
316 871 946
805 583 526
860 703 786
659 549 458
456 976 966
710 193 236
669 229 174
185 400 395
984 744 818
477 569 668
333 893 855
864 785 708
531 979 1074
24 904 931
997 945 863
90 460 520
223 210 204
549 412 443
262 835 863
778 723 647
658 721 711
418 112 75
395 218 287
287 199 273
226 767 841
619 851 942
731 677 613
71 208 254
884 793 891
574 476 530
262 583 569
263 986 1055
383 380 328
483 246 251
221 133 184
54 907 882
691 871 792
800 145 80
569 796 708
980 790 817
512 588 667
497 971 902
800 836 844
952 163 68
978 634 583
873 417 376
729 751 849
768 845 903
539 113 85
303 167 135
840 732 802
808 640 609
624 782 711
684 375 295
274 398 313
618 617 707
338 883 919
165 875 865
168 690 788
232 121 79
930 424 350
527 293 381
283 603 616
580 736 686
903 826 830
472 897 825
342 856 852
202 575 604
853 976 1038
864 967 875
218 339 434
422 458 458
975 406 462
679 910 882
484 244 197
369 709 757
208 836 752
730 374 330
703 948 875
667 781 681
923 820 763
315 798 826
647 356 379
546 164 123
696 488 543
370 726 655
186 495 466
482 568 485
424 820 877
179 941 932
976 942 917
750 247 285
26 816 784
87 475 552
511 738 754
204 541 631
637 673 600
152 989 1013
949 176 84
884 877 821
819 393 333
973 731 821
767 459 554
178 763 675
883 663 677
368 292 347
999 251 233
988 374 387
62 926 928
924 966 945
243 275 218
940 453 391
333 409 500
67 388 315
687 444 347
892 954 931
51 755 732
347 234 208
265 737 724
227 306 278
412 660 680
797 854 862
134 135 210
446 988 1076
821 220 246
769 237 241
495 580 594
634 924 1008
339 368 304
558 756 738
176 188 252
13 725 749
41 319 369
27 210 150
150 159 63
292 720 778
819 297 254
735 806 889
25 736 687
751 900 963
838 376 474
529 219 119
763 772 680
875 554 468
930 732 676
616 752 754
825 566 532
608 820 733
312 748 666
200 977 1045
499 814 850
621 806 748
365 810 904
863 850 919
562 913 968
284 221 200
796 677 621
594 972 1038
311 143 71
287 225 193
78 974 1041
859 691 683
646 877 942
478 854 891
381 720 670
505 524 530
142 876 842
111 184 268
148 922 869
276 159 163
248 463 482
899 320 311
762 730 650
598 575 591
284 298 390
749 521 514
610 996 1017
693 401 444
605 334 407
660 543 471
57 117 95
292 650 607
988 168 78
511 261 291
722 779 865
184 745 781
181 272 230
507 813 910
758 564 582
245 445 395
252 572 533
858 919 939
923 288 305
93 334 254
844 912 976
558 854 755
739 572 509
529 834 872
40 821 811
416 459 498
935 683 772
844 957 1018
44 602 648
295 237 301
197 326 359
34 168 113
553 173 265
366 339 337
166 956 962
558 468 557
202 198 274
154 152 197
706 869 923
848 629 542
91 472 424
156 176 135
226 376 446
483 344 287
434 784 760
836 368 456
934 323 251
981 220 179
834 867 767
418 665 735
824 725 813
898 961 880
197 337 301
460 204 265
217 397 345
507 738 653
746 685 587
868 812 910
720 186 251
344 189 138
36 946 860
991 894 987
246 981 914
351 380 405
674 209 277
380 423 392
27 492 410
815 503 595
900 497 533
987 344 249
927 563 475
809 626 536
788 598 557
92 745 775
202 412 376
554 271 311
982 581 626
424 666 674
859 633 621
122 351 337
630 375 347
210 430 363
757 477 568
471 743 652
810 432 382
990 720 780
520 457 514
145 217 159
732 701 615
4 208 146
301 593 657
660 913 819
73 174 231
783 136 88
146 179 93
831 402 314
221 228 244
341 928 973
6 228 219
116 290 282
658 461 513
560 303 287
632 331 329
660 144 99
738 376 360
67 439 389
199 493 488
119 121 184
251 766 830
453 285 372
847 695 714
64 483 414
312 858 915
350 409 398
649 656 593
19 143 93
449 369 359
460 792 806
198 629 693
394 472 426
52 417 341
471 946 883
312 196 195
647 897 966
261 407 406
298 573 576
589 798 890
356 310 294
939 818 842
346 660 563
690 904 817
630 123 130
726 288 357
611 730 729
944 595 646
465 148 59
238 606 634
463 573 672
259 950 1037
876 614 570
769 627 721
783 687 707
982 275 241
680 141 229
226 582 659
268 367 337
825 416 433
346 988 898
290 988 950
856 933 870
438 297 388
86 274 322
271 811 855
305 216 196
836 165 190
125 953 1032
468 377 421
455 902 815
441 949 920
367 336 278
576 504 534
759 466 513
547 235 136
665 878 840
726 347 276
674 906 860
974 815 863
864 567 506
807 627 654
62 944 844
504 245 260
903 824 791
43 591 668
905 598 608
173 876 831
68 120 210
859 363 448
373 132 189
953 306 325
892 872 903
44 875 807
846 500 412
387 801 722
934 699 601
796 300 237
806 546 496
90 502 424
114 436 433
334 250 237
190 780 746
50 476 451
488 620 564
265 678 699
927 773 781
140 785 752
629 950 879
71 286 233
437 387 356
593 819 855
347 321 395
758 615 699
331 949 931
968 257 292
714 798 818
473 392 440
418 694 668
616 823 811
926 143 218
723 454 448
959 172 235
527 948 963
470 880 961
635 356 431
409 957 975
726 605 517
382 376 372
184 708 627
221 213 117
606 995 1044
675 526 567
618 366 312
483 880 920
759 798 765
712 689 738
268 327 321
567 384 455
239 813 720
354 901 852
349 923 996
817 698 706
105 437 368
969 645 673
743 381 361
394 683 605
637 459 435
945 881 971
736 753 690
625 788 796
538 130 208
200 900 941
567 493 555
168 635 691
472 318 323
117 676 760
509 778 789
375 229 229
98 185 132
859 353 425
881 836 816
769 741 761
199 482 415
789 317 284
23 124 185
658 592 676
409 521 507
543 128 189
626 575 656
899 788 840
716 667 696
425 135 117
843 670 692
75 820 800
90 230 215
630 949 865
93 882 880
112 378 284
635 208 240
397 124 136
23 804 759
51 489 529
680 858 866
479 515 538
613 873 914
556 361 328
424 435 421
725 873 881
835 904 839
850 603 618
631 213 232
57 459 488
897 193 158
352 677 738
210 339 323
492 969 1064
857 381 361
715 765 690
607 359 451
162 518 580
277 140 128
668 671 670
761 359 338
399 651 700
656 480 571
621 853 842
926 832 793
662 299 203
942 410 435
400 375 433
433 207 120
64 600 647
343 155 154
950 507 586
366 284 294
202 246 180
14 646 565
225 919 971
562 938 978
860 609 529
968 423 430
519 483 503
569 248 336
15 690 768
210 597 548
363 199 191
965 353 347
874 442 481
805 230 182
366 856 780
717 948 866
137 537 558
291 182 117
942 132 70
491 927 907
590 269 321
863 679 724
237 212 232
371 833 814
210 177 232
152 285 283
631 365 390
712 907 991
736 176 248
654 347 317
832 705 794
472 496 557
586 256 165
399 793 776
474 269 294
670 958 1013
956 508 489
852 179 103
926 998 1069
193 877 879
861 303 271
296 255 318
459 974 954
227 125 185
405 495 450
359 162 251
805 854 934
882 328 379
881 436 472
743 309 384
960 765 812
123 182 88
94 908 906
111 377 420
543 201 125
601 447 443
437 399 356
682 313 247
49 986 896
273 703 762
9 592 643
89 359 434
985 388 482
286 825 741
388 576 601
766 686 631
92 226 258
320 482 451
304 634 613
970 681 714
513 500 535
792 283 336
104 176 226
908 152 59
431 226 211
79 783 721
208 985 941
626 687 707
216 996 1077
857 459 534
295 164 141
489 766 702
562 557 514
609 336 274
738 370 394
495 748 788
479 919 1001
129 282 289
125 817 867
516 734 756
577 624 705
314 971 949
816 243 334
71 497 510
362 669 629
79 335 394
988 960 915
181 881 862
975 470 476
677 250 159
255 793 817
223 709 796
372 170 220
806 132 196
434 634 571
686 904 856
642 726 676
509 974 960
913 446 427
71 918 835
838 961 929
511 626 638
578 571 658
602 352 400
192 196 131
85 361 433
776 597 597
747 821 723
126 317 402
35 681 780
990 758 824
571 172 141
89 673 757
361 616 621
457 387 430
739 543 603
286 421 436
86 869 834
319 881 871
960 816 813
688 812 807
757 665 574
390 972 899
959 904 903
270 482 572
757 231 269
107 944 1039
959 569 481
826 859 835
620 371 339
409 802 708
34 336 393
3 377 312
894 498 425
313 939 920
448 898 831
385 625 579
900 607 553
742 664 575
35 116 151
812 422 339
67 450 374
367 262 186
802 421 324
734 543 509
620 906 961
199 164 96
757 406 318
381 611 672
387 663 731
736 377 407
118 455 498
288 562 479
637 671 748
124 686 710
20 980 928
80 782 770
412 928 867
975 984 999
597 812 905
896 670 710
284 362 426
791 113 34
421 189 238
69 979 1052
47 643 720
802 858 951
721 361 336
704 538 509
493 163 253
123 133 202
406 757 683
409 598 682
497 694 662
474 468 450
73 351 342
914 252 204
197 223 319
677 561 598
736 877 813
762 834 794
490 699 740
38 817 740
694 749 772
97 166 84
367 534 466
526 942 857
653 286 240
160 271 361
22 882 919
835 153 142
497 423 510
292 165 260
10 271 305
73 818 871
548 898 824
484 154 186
681 223 185
862 466 460
729 422 420
778 144 109
130 543 608
192 489 412
372 469 394
168 177 117
54 859 908
103 979 925
229 678 760
629 957 1012
979 489 490
18 928 884
504 332 314
930 178 199
333 283 378
408 397 326
250 576 515
228 353 313
866 561 567
818 485 416
244 287 214
163 737 668
412 990 1022
487 470 488
681 119 203
5 989 955
528 229 245
801 406 467
309 674 708
730 257 255
928 399 446
633 523 602
623 662 624
27 360 419
37 885 881
25 817 813
158 222 124
490 739 801
124 569 493
289 280 350
614 718 774
79 484 467
699 395 302
979 672 584
851 493 413
646 920 845
771 462 418
478 474 528
994 310 389
185 419 356
868 289 349
289 984 1060
608 464 479
240 498 509
669 555 537
580 645 556
976 758 823
385 121 82
609 809 769
956 718 715
158 884 854
140 708 736
537 601 551
972 227 224
473 724 655
75 200 247
802 250 293
814 986 906
600 369 411
283 636 669
154 178 242
825 492 584
378 174 174
509 396 390
200 832 921
301 973 876
457 742 806
442 489 516
732 579 526
323 321 324
399 913 947
828 757 756
899 724 799
221 280 256
32 700 716
2 651 727
712 669 637
138 511 567
664 188 191
900 398 465
803 859 806
530 568 481
220 121 213
410 900 837
74 352 295
682 871 814
311 768 854
761 183 96
848 879 925
171 448 474
13 305 292
527 516 609
539 574 511
427 542 561
699 707 740
555 900 870
295 205 237
376 144 128
240 204 158
620 855 843
838 528 518
295 916 1012
815 885 889
301 161 250
972 691 720
860 397 337
966 710 708
5 409 483
110 785 707
947 136 182
417 529 542
323 933 1005
194 916 951
252 489 584
904 442 532
227 127 189
901 306 361
237 746 802
995 630 708
25 728 795
495 489 440
420 994 1009
326 873 927
752 587 492
126 569 654
145 527 458
364 359 270
79 163 122
663 859 817
359 763 726
783 621 683
778 849 795
635 475 486
172 274 235
687 297 283
156 234 249
435 374 462
494 425 329
336 688 724
70 946 854
643 338 403
474 170 190
884 376 324
69 871 853
278 258 177
417 644 594
713 270 307
68 219 155
717 239 242
657 847 864
913 886 832
980 732 772
279 381 398
135 595 626
301 960 1046
900 159 129
80 384 297
203 997 923
346 270 339
176 731 732
48 364 348
747 569 549
52 306 341
595 829 891
551 524 447
606 465 368
914 778 697
911 836 795
91 954 982
789 820 883
75 382 455
590 755 777
810 223 255
618 827 778
83 662 724
482 765 748
233 779 745
49 863 811
997 239 205
795 811 735
101 650 589
825 532 589
952 188 207
758 778 721
379 121 80
115 842 897
866 324 226
713 618 530
857 834 745
646 241 311
253 350 440
727 525 580
813 335 381
565 866 864
576 168 241
399 433 529
639 237 307
211 249 261
25 303 287
172 356 269
441 226 190
907 185 94
160 878 950
10 640 625
74 187 87
437 960 940
579 946 854
734 813 763
951 426 381
228 801 790
357 861 938
441 257 316
305 299 390
900 175 268
985 554 461
941 556 551
880 914 824
671 950 1007
26 285 333
801 530 623
645 928 893
810 829 882
22 647 561
95 608 702
593 577 668
95 611 690
998 145 200
942 194 183
139 896 890
610 666 621
530 639 723
338 928 974
941 721 771
501 784 853
26 759 747
588 720 727
627 630 636
722 433 428
606 832 855
231 366 311
825 611 662
745 542 460
432 303 210
190 973 980
918 837 849
605 340 269
189 817 872
552 403 402
364 827 747
650 486 453
214 687 619
699 471 552
915 554 521
886 586 591
703 174 163
962 673 583
756 806 753
86 608 666
891 163 94
314 256 317
963 554 457
368 697 740
867 613 639
403 914 918
474 493 437
107 890 827
888 935 1023
448 260 165
507 963 1046
670 212 158
170 929 868
829 946 959
395 696 682
299 371 438
729 833 794
606 143 126
534 308 268
702 257 307
662 282 234
776 211 297
697 419 339
637 594 680
296 207 172
588 592 616
401 446 416
438 722 814
660 203 201
825 474 413
19 254 325
132 486 513
478 425 391
22 514 607
131 452 404
672 742 812
50 408 358
737 723 761
841 687 657
250 238 173
412 413 352
834 287 252
188 852 912
641 258 323
27 231 322
736 466 491
72 335 370
759 560 543
408 286 237
551 598 599
891 756 839
90 930 980
924 332 419
90 158 174
225 892 913
625 854 822
876 523 506
382 237 172
579 607 623
128 836 762
854 397 302
776 325 248
25 994 902
79 940 866
957 568 539
793 220 316
258 526 597
401 895 842
959 162 225
775 681 770
98 801 860
339 824 839
332 928 948
266 964 999
780 191 218
903 507 493
370 489 526
253 362 279
311 574 483
951 412 476
728 364 448
531 186 138
450 698 716
410 343 414
500 946 973
945 623 631
371 117 199
654 729 662
176 809 804
515 853 838
800 697 628
885 628 665
547 860 787
808 499 508
748 374 283
326 942 1040
333 536 508
30 458 361
814 605 543
650 139 180
309 519 520
891 657 635
734 379 467
172 500 549
468 986 985
404 138 202
882 130 61
273 453 390
829 467 367
861 638 667
321 377 468
936 828 898
238 289 305
676 235 286
661 901 845
692 454 479
714 297 298
100 435 491
501 600 622
95 600 594
394 289 348
202 252 298
402 119 212
543 639 668
432 423 384
818 622 721
28 291 333
393 744 806
943 552 514
494 207 188
695 629 689
854 447 347
864 208 189
459 180 269
810 754 729
385 137 76
588 136 81
302 769 792
797 603 615
906 882 793
489 355 405
867 179 200
976 182 176
55 543 628
778 497 544
808 835 759
836 122 164
578 322 224
132 872 934
998 482 525
274 532 473
351 311 226
432 850 760
918 379 300
354 316 392
169 974 1012
181 196 201
419 830 751
276 843 790
693 677 624
168 427 429
394 611 683
225 678 636
527 724 666
759 818 831
730 715 761
826 442 525
636 912 878
461 118 139
98 329 289
453 540 534
17 994 1066
655 871 788
345 243 266
141 432 407
821 935 856
194 699 785
96 624 637
104 921 826
350 574 499
832 843 859
826 372 391
682 252 202
831 331 350
194 880 927
122 324 335
783 419 469
361 359 428
272 864 954
792 890 850
617 114 40
911 630 721
71 271 299
319 495 489
184 136 169
424 790 847
771 397 411
50 177 263
897 930 870
775 886 985
779 264 286
364 383 387
544 347 365
976 917 999
5 448 367
769 151 155
93 851 809
167 470 438
89 409 356
960 589 491
134 586 644
439 241 172
705 707 747
612 346 381
991 269 305
38 355 345
871 818 827
275 188 230
610 493 553
149 706 758
683 719 797
830 536 502
501 676 583
765 411 441
943 125 153
218 733 768
14 247 257
102 731 796
531 476 463
201 298 314
884 975 928
363 880 799
998 288 307
337 322 294
353 900 861
54 581 586
207 296 303
905 786 814
316 631 565
527 130 104
499 649 600
365 887 911
564 974 997
801 617 708
689 941 902
219 326 298
428 793 806
188 384 378
773 954 1011
794 218 181
401 550 612
275 779 714
247 442 490
816 992 1000
751 954 900
992 340 330
760 663 739
68 280 193
17 701 769
138 514 541
631 796 703
383 631 593
755 791 802
747 563 538
696 158 83
954 366 289
575 768 843
765 662 751
430 723 815
884 582 502
655 259 305
242 292 215
7 570 644
515 178 201
569 511 474
856 624 578
596 729 798
217 622 644
906 575 483
437 544 629
604 634 650
808 397 461
326 501 566
401 387 355
852 938 1020
429 330 384
125 570 543
700 433 449
224 976 974
711 124 209
300 947 953
622 575 542
62 417 450
373 266 179
304 572 655
551 496 465
68 292 286
430 618 552
404 248 227
419 683 604
360 618 599
881 202 107
227 504 422
402 206 198
921 265 318
355 193 156
558 501 478
129 921 984
283 186 129
927 538 565
499 633 732
601 995 1071
44 132 53
152 213 214
326 625 610
419 418 474
858 700 668
770 154 148
854 879 929
335 186 222
923 753 689
917 752 808
941 645 710
57 740 835
635 303 263
980 685 729
643 494 510
692 799 769
557 329 270
641 111 119
364 717 709
86 878 854
687 685 649
396 531 506
612 511 413
259 782 880
690 536 563
464 163 128
710 475 552
710 658 663
393 249 327
257 661 756
902 111 143
375 398 309
826 735 769
581 748 834
60 743 767
119 421 338
529 714 773
145 613 614
300 193 272
919 986 917
919 965 876
243 667 653
945 720 672
662 428 496
374 367 447
722 920 824
402 996 1005
967 815 853
61 376 474
46 287 369
7 426 492
632 479 394
318 865 769
675 208 244
963 957 868
874 870 925
870 888 824
663 487 416
961 215 156
161 209 159
516 133 85
930 873 951
779 940 882
889 959 1036
841 677 747
695 728 772
570 531 549
993 692 643
111 824 767
222 120 95
247 346 424
105 578 643
39 483 503
992 671 669
630 570 537
325 437 343
797 192 212
452 720 738
254 949 989
265 255 340
530 592 526
56 499 454
475 343 306
105 881 842
621 431 518
988 729 681
80 757 669
765 402 404
708 930 983
870 667 573
412 602 614
848 757 780
111 115 33
976 396 335
337 671 734
33 617 678
759 852 929
87 907 937
9 474 446
635 267 213
188 296 324
914 796 794
919 456 476
241 538 553
871 713 795
441 552 641
275 380 421
171 279 337
580 859 919
756 290 277
964 495 519
735 178 185
124 614 605
605 260 299
283 774 788
780 698 600
84 651 608
274 391 382
116 207 114
317 920 978
750 419 470
825 974 972
392 565 588
561 973 917
308 706 707
968 325 282
577 336 309
892 591 619
1 997 1048
910 141 55
258 846 910
230 631 660
740 180 88
711 729 749
381 926 1008
622 487 562
875 740 731
415 179 148
413 750 719
448 535 487
275 601 604
860 445 494
939 134 131
634 171 110
552 707 722
975 627 567
683 520 435
761 926 924
480 347 428
957 658 628
509 890 915
885 462 459
911 237 222
979 671 583
650 847 869
232 474 491
692 653 607
610 722 628
876 271 273
493 187 181
369 501 597
764 171 244
906 605 660
536 986 1037
365 152 133
773 698 725
384 334 300
73 577 665
253 607 670
339 175 136
778 594 629
846 577 565
403 458 427
388 260 337
435 932 882
96 405 309
347 972 953
871 378 374
430 325 371
502 162 76
47 437 507
572 152 191
962 545 465
131 856 853
55 754 838
386 977 880
355 999 972
656 473 420
896 900 933
954 663 596
323 728 671
369 596 653
857 327 377
696 417 493
420 851 938
395 783 747
394 800 835
801 237 203
690 448 393
312 152 88
7 302 303
552 494 569
795 305 351
140 972 957
973 866 935
729 808 756
506 205 232
647 807 794
28 214 139
74 417 405
289 581 570
720 142 241
938 920 978
907 683 769
757 175 256
542 930 957
648 258 186
432 825 883
548 328 391
893 443 521
422 836 771
458 345 424
369 344 411
13 162 210
85 993 993
7 910 818
173 588 626
977 715 639
222 528 562
595 366 379
411 268 365
674 428 417
937 338 400
995 194 259
987 856 938
887 414 497
424 453 371
104 179 92
573 290 248
860 887 964
38 501 460
395 490 584
651 886 967
745 721 801
584 567 645
925 489 544
310 417 357
387 498 458
588 559 634
462 817 864
901 716 771
329 979 913
201 953 1017
888 872 885
402 786 716
827 689 604
172 491 468
608 670 724
113 941 913
908 833 897
589 600 644
566 400 310
514 552 502
370 393 321
129 897 905
779 142 116
208 210 218
837 553 483
771 350 303
584 671 605
135 514 566
461 270 235
957 317 385
276 544 486
161 671 638
197 266 189
308 597 562
805 192 124
76 327 414
706 562 565
160 716 746
339 505 427
571 796 710
59 655 624
688 842 843
863 255 295
410 361 263
501 651 714
745 797 875
253 739 758
934 312 363
378 893 812
149 994 1027
760 169 214
583 477 460
746 928 883
28 665 702
635 675 613
407 513 600
115 418 355
341 950 874
221 736 736
215 823 853
281 529 511
693 286 384
612 656 703
236 904 957
871 628 608
324 798 859
669 741 825
614 909 861
317 129 125
119 575 614
589 264 359
786 629 663
400 624 581
293 393 397
875 186 164
648 544 587
357 375 352
255 307 406
276 542 505
798 973 960
970 706 610
554 688 750
132 397 339
449 651 651
533 225 200
21 574 479
318 322 298
539 665 692
25 665 747
995 946 988
665 444 480
316 466 413
638 297 270
246 483 546
375 930 900
896 377 351
135 400 437
758 740 685
382 418 368
322 341 290
697 974 1056
97 692 637
306 903 976
725 342 264
648 179 176
947 491 467
273 820 823
981 543 498
327 745 776
586 969 1065
558 300 335
212 222 277
104 425 341
363 307 368
440 407 397
868 840 820
666 293 328
153 754 785
867 112 208
833 698 712
47 681 606
172 395 362
526 196 184
747 268 329
81 985 934
901 500 422
107 858 914
830 570 656
832 265 325
493 250 276
136 757 793
456 871 941
552 284 259
728 678 603
712 506 447
151 725 646
992 827 769
509 633 541
682 574 649
839 398 371
567 961 961
422 677 769
617 546 548
256 883 831
700 995 1085
392 290 210
198 385 304
785 575 595
307 613 570
630 503 428
587 831 869
225 391 313
715 356 402
584 811 908
579 136 173
780 983 898
89 187 142
611 272 184
177 809 783
618 175 75
430 287 304
745 903 965
22 116 121
809 767 689
838 756 793
820 478 472
905 548 559
87 795 729
873 851 820
945 291 384
145 291 270
37 813 741
43 646 578
781 225 319
507 324 385
920 937 962
413 466 473
183 963 987
16 225 223
219 534 522
422 503 519
213 854 878
815 979 1011
944 233 222
184 208 298
114 927 1001
513 598 555
472 184 177
601 737 733
78 288 328
519 680 604
356 311 278
332 863 793
470 564 483
580 960 916
498 917 895
47 804 885
130 168 143
834 584 680
35 125 36
675 750 765
901 861 947
748 272 225
259 408 455
214 494 457
122 743 805
901 204 275
966 122 219
499 459 523
516 442 513
236 494 500
81 118 104
263 947 883
597 294 282
29 948 978
739 339 394
844 173 208
857 937 965
249 926 854
622 769 800
54 642 721
63 227 322
4 612 559
210 774 841
152 276 348
409 857 877
479 658 647
408 371 331
326 943 953
67 181 116
664 767 713
795 674 632
360 653 612
106 865 866
292 719 750
132 598 511
748 245 254
41 643 733
977 914 869
57 518 487
795 675 577
430 879 940
40 250 183
888 514 468
573 964 976
121 660 698
272 720 708
871 316 312
775 275 267
234 524 527
868 832 794
733 841 889
890 668 724
344 815 849
304 167 115
922 667 639
607 396 423
838 790 791
24 330 286
488 740 743
300 311 287
121 590 513
748 361 262
541 169 139
604 766 797
231 983 998
552 418 355
316 984 888
563 547 456
271 798 805
496 368 435
35 709 800
317 814 854
383 821 770
120 245 314
101 828 743
447 454 480
430 619 708
920 640 641
693 682 737
982 270 225
656 123 85
447 973 998
246 710 612
397 928 853
204 794 740
590 865 900
162 537 458
757 490 395
401 943 987
580 747 787
594 992 963
564 379 440
239 938 848
159 947 936
927 173 203
776 378 326
256 981 961
682 187 119
619 211 223
335 852 780
326 588 635
629 908 868
559 736 744
500 782 821
570 292 317
871 872 852
850 199 230
936 558 526
50 702 794
883 313 271
421 440 464
318 206 155
22 474 535
776 955 916
980 688 763
837 356 406
936 714 734
441 411 418
107 714 731
335 679 673
705 941 1019
813 604 545
223 826 771
173 656 557
822 931 1028
99 823 887
777 601 653
115 247 187
794 724 685
434 357 385
368 775 744
923 678 610
728 864 840
342 179 190
265 185 160
67 173 168
618 906 856
771 693 666
462 873 805
738 258 277
486 829 922
124 250 327
971 394 417
49 735 826
132 342 286
203 679 637
97 214 295
752 440 476
610 769 697
776 914 990
585 557 530
741 526 524
60 428 420
763 977 979
23 941 969
662 252 321
778 511 599
149 430 468
889 146 107
793 273 189
296 167 200
763 493 474
121 930 923
95 452 398
30 906 856
189 588 670
639 451 489
998 400 468
39 128 174
221 400 404
284 472 536
714 175 191
635 537 577
20 952 1011
913 268 333
451 493 396
834 417 448
160 144 174
180 892 930
505 653 735
911 231 170
984 960 1042
464 589 598
411 326 339
588 147 143
18 883 969
363 899 952
400 593 678
280 286 207
890 902 924
26 826 830
980 113 114
519 923 1017
761 521 497
802 136 229
671 563 660
558 502 471
101 295 344
299 229 134
190 323 406
993 866 954
996 441 525
910 892 880
372 865 806
400 315 216
909 287 322
350 275 222
557 586 553
690 363 390
929 389 453
779 317 380
151 267 329
30 200 245
878 595 514
109 777 776
307 784 765
492 499 550
28 709 671
312 120 20
625 685 771
857 529 571
34 368 440
135 204 282
679 848 902
429 934 1010
188 487 424
624 848 883
297 632 673
308 910 813
953 914 942
425 855 855
714 599 605
819 477 510
649 382 351
576 180 235
999 962 1054
829 240 257
416 844 920
316 584 522
220 600 529
57 283 297
606 728 684
19 313 233
324 906 956
402 326 291
360 127 92
505 983 914
330 616 630
862 513 590
413 684 605
607 813 746
301 431 485
529 684 741
424 776 698
666 556 559
684 848 922
666 250 225
235 390 431
688 900 914
333 802 899
124 899 917
483 157 235
129 843 827
876 655 724
378 756 758
207 325 264
364 214 286
679 552 471
567 294 351
346 803 726
233 790 738
285 427 472
109 333 403
721 708 754
448 572 493
689 138 100
805 313 348
302 191 162
508 278 363
287 976 930
51 192 192
407 407 464
656 163 242
329 921 944
847 681 594
878 777 827
107 168 180
198 772 844
386 201 174
360 135 166
452 376 417
785 824 746
844 636 689
756 544 463
398 205 294
149 263 327
214 934 1020
957 543 468
60 420 422
88 749 823
387 443 407
190 182 103
780 283 373
268 966 1007
374 164 85
545 115 66
472 848 841
958 786 771
307 899 896
26 467 481
400 354 446
481 642 571
674 739 824
636 698 637
697 440 454
702 536 459
531 763 780
291 292 301
179 671 741
579 214 289
852 724 679
450 689 740
158 822 808
818 760 673
189 936 989
666 555 548
401 660 759
604 294 252
235 780 773
352 650 559
43 542 622
693 790 760
494 576 577
225 961 926
154 133 135
654 815 751
272 342 358
478 342 279
232 600 584
838 128 182
324 171 233
89 972 973
611 394 294
568 845 790
593 246 222
385 702 608
646 862 823
906 490 546
457 655 558
477 139 209
545 826 761
514 662 615
833 224 299
659 227 216
811 429 336
477 767 751
323 798 711
750 182 277
362 879 865
395 893 974
200 764 755
819 923 1016
947 271 331
78 163 155
436 559 513
175 594 644
948 971 885
29 144 208
892 122 59
773 507 522
509 427 482
423 832 851
603 804 813
661 628 652
166 150 61
709 392 338
677 170 106
714 235 177
728 967 887
174 243 318
530 758 735
342 561 622
122 204 186
704 689 603
748 354 301
66 407 496
133 615 639
274 777 744
237 964 877
386 167 115
114 947 1001
621 401 323
726 230 176
377 596 683
651 660 697
985 872 922
553 826 903
304 492 423
264 793 772
328 853 909
269 178 257
595 863 866
729 963 911
276 282 306
894 228 182
751 840 791
555 620 682
984 519 441
752 661 636
587 125 166
663 821 915
509 729 742
468 300 259
661 517 532
793 180 173
614 423 366
188 652 707
647 485 536
267 587 589
284 924 843
83 663 715
777 640 594
990 258 305
447 524 504
526 146 84
876 563 624
486 759 858
907 559 587
443 345 426
358 801 739
978 889 844
575 678 588
740 920 828
206 689 687
246 156 59
755 329 407
484 158 133
988 154 111
253 726 771
30 646 563
905 817 730
544 173 201
455 220 196
105 258 275
156 694 760
401 709 726
455 614 528
504 951 862
196 317 279
797 966 934
592 154 103
663 213 271
786 783 732
952 234 204
609 755 756
282 607 688
848 240 212
793 304 377
26 357 269
987 635 706
37 939 929
153 269 191
909 972 1051
48 302 372
773 613 605
332 174 222
477 981 999
694 414 390
971 295 277
561 349 328
493 223 210
671 624 641
641 725 724
855 635 644
421 503 466
493 913 943
473 684 609
814 320 384
21 662 720
289 138 108
416 492 561
993 879 882
684 513 444
275 955 858
717 550 537
620 834 920
265 522 502
501 635 578
122 477 424
153 293 298
582 608 696
447 473 560
899 934 958
848 187 266
344 201 223
157 589 535
620 527 526
211 885 984
623 189 113
828 400 354
388 868 939
795 817 777
722 760 700
808 423 333
910 331 309
449 876 886
917 194 128
788 636 612
876 635 536
202 741 807
54 984 928
848 856 759
579 236 283
931 416 425
179 461 452
40 811 892
134 412 476
724 565 587
314 905 902
24 910 948
7 762 810
845 959 977
986 975 909
330 743 663
724 341 297
512 748 712
851 664 655
363 507 443
256 162 161
156 596 599
888 321 326
842 982 956
814 620 591
526 774 811
785 866 848
502 228 312
125 515 570
571 920 847
629 192 170
176 632 641
412 204 191
393 672 628
966 113 32
712 431 455
562 153 134
694 520 601
149 452 358
60 253 273
151 376 322
737 727 708
843 327 391
474 716 658
477 965 900
837 161 239
885 713 703
346 186 115
730 993 952
890 133 104
189 670 671
881 876 824
125 350 267
806 190 202
767 380 287
824 540 615
502 444 496
587 848 769
579 979 1046
605 354 399
234 670 753
96 231 290
365 448 532
455 525 570
757 135 134
241 169 133
616 947 1011
445 735 716
423 829 926
696 684 702
326 442 507
461 367 451
840 187 144
308 118 166
335 766 766
401 317 365
342 602 573
44 445 505
852 809 754
498 800 884
870 439 388
159 286 327
245 218 227
253 474 545
989 245 183
223 690 708
775 460 546
152 778 873
937 602 668
712 802 767
82 732 671
279 952 923
400 692 712
809 291 362
960 163 231
613 333 246
6 860 928
756 801 899
310 782 868
88 632 660
786 924 969
733 212 112
387 530 510
590 177 119
649 937 871
899 799 856
742 859 917
519 719 728
274 714 785
860 653 742
775 337 383
889 982 975
362 986 1056
436 457 445
366 647 565
141 802 900
982 612 658
667 428 378
347 917 922
957 791 768
212 743 675
192 505 415
177 919 901
567 788 857
170 292 235
947 373 344
512 365 332
870 127 28
776 350 320
542 818 779
254 272 276
697 415 457
607 460 538
369 827 818
573 693 718
868 884 898
155 312 229
173 613 704
443 618 664
238 932 887
420 318 323
762 782 727
156 527 593
961 429 369
616 835 890
487 503 531
713 125 184
278 202 296
849 164 146
773 816 846
7 172 86
761 643 709
229 844 941
587 696 785
402 876 889
844 676 586
860 359 412
963 179 87
24 153 231
817 520 553
887 210 244
486 273 259
312 124 156
970 114 63
831 958 988
468 572 571
747 619 590
825 411 374
873 451 419
334 356 288
446 949 858
629 658 664
644 154 223
648 743 806
601 965 994
120 656 578
692 208 280
31 525 562
414 809 821
690 226 304
632 369 337
248 411 504
297 886 908
9 748 700
969 584 656
583 271 367
692 373 407
159 251 292
944 862 785
75 471 532
365 378 366
703 680 717
576 653 750
293 310 408
826 542 634
7 420 429
302 405 352
459 116 95
305 743 711
710 849 832
11 679 735
652 183 180
262 796 708
486 783 753
972 778 714
321 747 684
651 344 341
657 557 646
369 911 861
200 327 419
838 698 792
919 504 528
690 935 1012
447 989 963
199 414 383
914 575 608
177 741 704
679 286 380
579 239 207
823 463 471
484 429 405
926 405 365
853 961 1059
841 860 847
184 303 330
705 610 620
414 313 358
611 595 576
755 572 669
152 877 938
511 470 428
842 809 752
798 187 101
642 179 261
859 569 488
421 247 307
649 737 680
194 495 560
713 856 872
576 844 891
980 674 623
766 934 851
852 240 317
930 304 309
446 227 204
599 313 374
304 137 128
736 330 360
575 177 150
400 696 784
35 462 546
961 680 717
107 759 767
324 659 653
454 241 324
682 586 589
712 417 481
959 824 835
35 516 442
694 841 847
89 790 803
730 721 726
460 445 471
77 926 1017
223 457 439
757 384 302
102 845 906
904 686 739
361 293 353
183 411 410
946 885 901
633 500 462
10 970 1024
926 645 715
317 608 522
624 976 1042
450 171 257
98 889 956
303 681 620
640 505 481
511 946 911
949 576 668
916 856 950
518 656 735
78 523 465
51 588 655
119 437 394
994 377 353
636 233 270
81 409 374
20 747 814
544 149 206
383 114 154
995 977 921
460 885 844
996 186 156
365 931 924
665 298 290
802 640 560
138 362 298
854 653 593
897 509 557
901 321 246
875 946 870
747 255 271
832 521 536
755 833 921
965 361 382
561 773 755
843 863 872
453 134 114
901 312 271
138 974 914
79 198 113
240 307 371
701 825 856
514 451 433
795 401 376
541 942 1029
388 418 474
414 905 851
641 374 301
613 641 595
711 820 790
933 888 906
737 732 690
120 426 487
447 792 812
382 239 167
727 183 189
621 877 966
917 196 213
514 317 257
312 560 642
187 872 940
885 509 525
241 769 809
8 597 526
152 244 249
234 372 323
97 844 919
193 796 855
425 429 390
929 607 631
786 528 589
234 390 428
974 907 993
522 642 730
673 774 692
966 356 321
792 584 568
564 475 498
922 294 202
481 569 663
950 232 283
266 951 1049
162 677 770
759 618 615
506 566 498
781 648 573
314 938 1022
724 425 421
930 972 953
446 119 196
584 981 1048
529 765 685
167 756 708
737 726 630
250 270 275
854 413 375
785 527 552
139 456 426
108 886 842
118 358 403
97 258 220
832 114 181
559 205 106
252 441 489
431 463 561
772 934 1003
240 322 348
628 878 932
501 300 375
779 550 649
944 307 225
948 583 668
56 440 437
427 445 492
822 217 150
748 210 297
986 963 898
849 635 696
62 431 392
556 324 241
777 320 226
309 403 499
680 337 244
57 768 760
176 534 491
288 683 589
247 630 534
837 790 863
198 619 705
438 894 891
673 972 924
3 112 126
258 984 934
997 128 89
474 539 536
119 793 847
703 824 727
467 842 913
40 726 636
920 665 663
889 209 142
891 443 376
874 952 937
893 288 272
375 562 641
143 994 897
945 792 836
768 810 747
460 683 628
84 731 660
194 280 187
568 428 513
515 578 638
714 957 995
223 445 358
216 354 296
982 370 301
769 121 206
413 288 265
111 490 483
302 621 653
658 653 599
184 589 638
136 412 404
511 141 177
785 203 282
78 392 468
90 533 563
289 467 379
715 811 745
289 339 334
899 929 855
437 245 208
776 908 898
810 428 520
913 146 195
231 945 1010
705 839 922
107 528 468
894 584 667
152 739 680
73 272 193
224 390 398
121 672 635
478 185 110
517 153 61
456 818 772
276 664 759
745 589 506
279 770 866
985 698 624
167 883 824
481 978 963
113 572 581
197 857 762
244 972 980
40 122 22
662 366 321
201 348 252
942 425 385
604 409 366
473 528 518
449 710 796
968 203 112
807 691 639
776 716 713
789 311 316
77 311 248
344 557 534
697 576 542
34 843 929
502 207 188
177 609 680
281 549 613
934 590 616
615 804 785
840 347 286
66 814 768
568 980 1003
91 436 399
914 731 700
24 672 742
584 146 51
78 907 868
617 751 699
397 423 494
663 787 826
454 963 1016
432 318 284
799 868 852
496 261 228
129 571 543
168 439 528
64 465 369
783 740 768
135 958 865
895 833 873
854 566 497
89 358 375
940 654 631
110 142 218
628 443 345
998 766 701
397 719 667
106 741 646
59 422 354
871 457 368
383 192 274
661 330 429
272 853 941
308 308 217
682 204 239
419 214 249
103 373 287
812 588 523
163 611 558
552 754 675
643 804 802
890 725 655
725 724 708
947 671 717
52 715 697
168 429 495
463 140 227
1 205 254
563 363 445
287 573 565
67 669 590
757 216 315
448 351 395
79 727 760
758 488 531
117 856 933
150 707 677
256 650 620
540 425 507
62 345 285
689 756 709
807 849 753
78 846 840
771 598 608
197 303 264
36 943 928
706 843 858
313 266 332
666 577 551
929 500 486
656 678 602
487 916 1002
314 938 839
861 469 524
78 959 1054
15 345 247
838 723 766
13 345 250
537 195 234
976 526 551
615 911 867
521 131 184
451 958 874
854 965 1053
808 769 673
73 747 654
761 757 831
25 506 583
121 532 516
588 261 241
489 817 720
512 178 185
466 861 958
427 933 1001
168 883 913
883 902 946
611 934 930
56 822 823
529 722 747
698 210 153
493 566 607
569 579 522
413 166 202
339 155 77
208 903 858
99 592 524
25 346 400
825 775 840
513 338 309
625 897 808
137 201 211
663 828 751
726 133 139
776 741 815
668 840 755
210 198 133
474 343 283
223 141 46
479 878 886
364 308 241
465 358 318
273 848 941
299 954 992
8 538 531
828 424 351
927 493 462
189 651 714
223 830 738
87 854 858
309 445 521
587 592 561
417 860 884
366 829 913
847 555 640
200 971 1022
630 202 238
238 509 583
47 349 268
883 386 322
260 849 847
801 746 661
645 168 167
454 721 793
954 651 692
921 587 668
26 372 379
474 980 1034
742 867 931
53 953 993
882 226 318
597 662 715
662 732 714
348 284 357
955 160 223
492 789 837
786 706 759
764 294 241
616 983 1079
563 824 730
693 561 644
314 530 532
14 322 257
208 688 692
263 568 564
27 407 501
696 177 228
903 858 862
884 183 110
687 166 206
195 197 175
666 123 164
904 580 624
553 737 822
69 314 252
402 740 683
477 716 798
318 501 564
399 965 1005
462 199 176
559 823 839
573 284 234
101 913 843
805 665 706
34 601 656
742 771 706
423 965 995
861 888 982
823 726 700
923 461 527
724 807 785
919 437 529
821 659 571
445 797 870
996 537 617
740 338 367
701 496 409
576 189 275
269 164 214
663 493 528
446 344 324
813 692 656
431 660 588
203 718 735
683 602 618
938 516 480
372 201 106
460 262 282
519 200 274
950 871 877
214 583 678
867 940 998
486 336 280
169 462 447
721 984 906
178 614 523
280 902 886
451 925 1001
552 571 550
407 456 426
939 930 942
872 912 898
126 728 811
521 928 845
503 419 480
69 518 614
959 561 513
874 935 978
392 829 782
780 295 329
702 607 629
603 218 215
299 601 623
219 527 453
566 603 629
24 431 471
531 418 450
459 653 660
267 400 485
475 638 679
33 349 331
155 895 798
706 438 400
176 981 987
729 210 129
91 774 698
436 510 540
47 210 132
372 688 663
965 625 695
234 367 444
116 734 642
484 747 796
463 138 222
575 611 641
321 698 746
771 807 742
883 498 443
533 598 617
112 934 946
401 804 863
102 704 786
818 740 719
848 516 587
412 447 433
73 139 190
855 800 805
292 959 940
839 271 359
766 802 712
547 414 405
214 233 244
922 156 130
378 508 452
757 383 409
789 770 811
564 552 564
519 131 201
699 496 534
477 445 437
818 493 394
956 898 842
7 504 432
454 837 841
761 146 101
502 711 624
999 451 477
23 951 881
456 822 892
831 551 516
262 960 888
148 967 887
589 275 196
406 404 416
447 868 832
122 228 292
505 289 353
451 852 921
251 986 946
746 854 780
702 255 234
665 384 392
851 474 400
181 570 577
33 180 277
165 467 388
365 311 333
199 155 67
185 908 870
20 287 198
183 406 458
491 758 743
899 352 307
416 469 460
495 948 946
895 935 966
122 141 45
172 685 629
69 741 722
267 130 115
600 184 205
328 861 780
600 352 451
4 600 582
945 119 200
873 556 616
907 251 336
554 271 190
263 467 400
285 827 813
367 316 222
212 856 828
483 944 1036
34 943 1035
43 422 503
544 341 397
702 168 206
882 991 939
284 189 190
90 337 395
321 722 653
160 751 725
98 183 253
34 148 225
385 116 201
644 925 919
709 732 667
699 456 367
788 673 641
43 235 221
730 939 989
451 191 273
532 520 422
575 390 298
581 289 274
497 226 140
196 648 704
585 805 801
219 858 811
358 274 236
290 658 566
381 439 437
841 362 267
156 371 391
356 411 347
486 791 826
91 856 930
871 662 653
712 201 236
895 440 347
512 717 682
881 755 796
165 304 313
458 327 367
795 860 771
561 132 140
400 735 761
21 623 624
122 142 85
492 744 666
175 775 800
899 175 176
118 803 837
361 400 325
204 136 220
228 187 184
930 671 747
507 347 428
542 797 702
254 991 994
2 203 241
75 759 777
853 321 363
180 918 832
208 143 97
294 965 965
925 507 493
191 405 492
962 320 316
952 344 391
57 806 853
786 533 595
23 172 205
930 803 872
967 866 776
927 221 190
374 668 622
704 164 156
940 999 984
203 537 512
984 302 289
460 957 901
529 790 738
308 492 426
158 355 283
282 402 315
908 710 698
968 952 881
967 475 392
448 853 810
663 301 255
616 687 733
380 884 836
809 211 225
84 366 411
412 491 393
87 553 636
34 946 1023
443 187 258
279 264 224
492 521 614
142 765 781
12 529 621
125 763 817
412 381 452
840 140 93
338 149 119
278 967 944
363 867 932
536 739 660
997 120 140
733 979 1027
204 608 658
937 575 650
242 372 330
275 243 169
319 481 474
282 795 844
133 250 171
839 988 1016
850 195 223
827 730 705
387 501 516
908 281 284
203 173 224
352 431 337
768 547 517
538 964 991
695 738 791
681 834 855
776 519 510
473 200 157
911 534 568
104 161 177
174 620 676
534 406 333
26 436 516
985 750 738
690 426 353
505 220 283
963 761 779
65 279 192
542 533 628
598 241 157
172 757 708
504 565 623
870 685 748
590 599 659
945 992 990
69 224 323
800 951 1043
989 590 495
465 649 662
611 630 563
339 704 671
849 932 1000
496 746 788
45 583 543
37 407 356
164 845 808
109 842 765
647 808 729
254 831 844
838 447 383
506 594 597
430 894 867
146 753 825
677 496 577
12 764 853
837 984 905
660 375 318
445 477 550
255 571 494
633 188 279
178 349 341
60 811 889
782 251 158
216 131 174
951 940 985
933 892 905
231 989 934
643 293 327
161 174 259
248 280 291
517 242 289
305 654 713
462 560 575
485 595 653
418 343 391
296 991 1026
284 604 685
490 805 815
561 512 554
751 445 537
899 942 937
511 708 764
17 526 475
562 150 196
823 856 785
814 629 617
369 343 388
150 262 205
601 753 808
978 498 504
913 463 448
586 888 976
54 695 786
99 913 916
936 673 641
519 804 735
780 310 315
950 957 992
672 261 216
108 954 905
505 536 469
379 918 969
37 865 926
938 827 908
571 399 467
352 704 676
576 843 771
528 422 340
697 133 185
646 380 454
125 607 582
34 757 808
882 540 598
688 369 415
14 286 246
681 146 176
506 468 414
855 594 645
881 676 667
185 466 386
743 352 297
471 687 638
953 470 398
245 286 352
442 936 1004
483 316 321
884 897 803
429 213 290
65 887 940
465 402 492
737 492 531
386 693 626
790 924 848
987 162 135
915 900 961
147 762 720
32 340 275
147 368 388
20 268 301
348 952 878
777 911 985
433 641 592
348 791 700
405 899 805
294 336 425
26 165 84
284 425 350
574 581 535
751 230 188
697 825 853
597 944 927
194 829 899
959 168 107
846 210 230
99 240 319
161 195 279
514 280 221
44 393 449
178 636 642
981 897 842
919 579 644
728 951 855
793 819 914
905 996 1061
51 644 728
146 553 470
336 485 504
653 669 697
244 475 539
129 948 1008
656 262 306
601 997 986
398 126 74
393 997 926
992 841 780
490 774 742
911 850 885
540 494 460
949 176 191
891 906 947
63 730 702
60 482 574
77 882 853
74 209 259
895 341 390
642 517 464
474 823 752
904 538 575
978 834 861
873 457 462
570 195 213
988 517 547
856 483 528
967 803 863
227 583 622
684 357 325
485 567 629
966 698 741
779 420 459
170 987 1001
265 568 496
722 206 131
141 785 882
919 544 634
451 368 303
728 988 1060
242 402 371
902 236 199
251 875 793
237 606 558
751 225 230
858 351 301
617 466 444
105 454 416
394 413 465
381 573 571
708 452 498
850 762 789
710 153 230
269 238 162
397 473 547
667 944 990
68 278 247
454 627 617
794 905 974
314 694 639
698 242 329
431 894 951
479 570 569
622 468 521
30 577 509
966 464 530
155 226 305
736 537 507
629 940 869
287 804 796
435 118 49
316 951 968
832 761 674
235 314 352
758 995 1038
157 250 287
287 989 1057
767 898 913
700 322 263
481 453 451
489 862 947
435 115 63
167 639 554
396 700 662
390 425 338
547 176 121
535 785 787
422 644 600
660 268 364
45 452 444
890 891 981
895 826 803
490 154 164
153 222 311
506 498 465
579 560 637
339 761 745
938 328 396
117 577 577
501 560 569
378 971 958
184 927 893
233 381 445
358 872 966
794 825 821
299 236 148
31 134 113
275 508 475
800 367 357
306 813 903
273 410 376
192 799 802
496 205 254
352 935 856
156 913 993
297 451 390
324 504 449
770 859 859
60 270 230
850 674 696
188 634 710
961 929 844
68 499 513
995 275 359
897 370 285
281 282 257
724 459 498
566 663 656
745 223 228
380 494 469
967 148 161
888 934 939
326 112 131
511 619 637
803 551 548
995 621 675
388 954 952
10 687 599
136 215 276
568 686 623
610 134 64
536 638 546
538 219 192
110 749 824
605 386 422
179 822 857
129 618 531
776 169 84
894 223 165
541 940 995
568 216 194
162 353 438
284 390 382
2 718 732
313 611 546
113 329 300
683 933 930
749 992 944
875 171 102
808 359 398
927 164 117
200 511 496
515 445 487
198 858 900
761 479 384
7 638 565
932 957 1021
923 501 515
991 736 725
272 876 827
332 609 545
781 846 822
158 338 417
998 971 890
413 716 787
7 739 811
959 862 921
399 704 747
102 323 365
962 721 817
523 948 910
351 222 141
606 562 512
574 471 421
255 556 588
961 428 462
807 306 332
476 124 29
715 763 689
402 506 424
344 490 513
469 769 862
977 853 867
383 189 118
884 413 393
241 115 87
461 711 645
476 383 412
211 408 380
655 524 576
82 607 528
821 266 281
657 237 247
745 746 833
86 876 940
91 344 256
766 666 670
73 818 718
407 504 446
872 826 899
432 615 704
607 711 764
748 335 320
463 828 762
325 773 724
587 615 584
213 671 593
9 248 185
451 249 267
256 436 428
823 316 395
499 269 269
751 952 902
559 441 484
304 593 500
870 820 845
501 240 307
656 340 409
811 505 464
178 142 152
409 555 530
587 463 538
534 910 935
905 245 182
448 881 879
247 916 888
392 584 656
650 441 444
94 305 270
130 570 571
630 174 257
27 510 510
925 400 307
77 958 1046
943 235 213
849 672 699
381 993 898
753 871 906
971 443 497
489 735 815
560 297 303
10 222 233
335 669 665
289 702 714
429 651 651
61 998 968
53 676 722
908 701 698
282 416 407
984 214 303
194 127 128
319 600 603
947 207 277
613 637 565
221 246 260
220 694 720
855 118 154
520 771 789
863 314 388
980 722 793
998 675 585
549 237 211
657 697 660
249 566 652
401 691 621
57 309 283
66 870 815
808 588 637
37 225 246
724 112 129
359 874 891
502 920 847
162 360 418
674 643 551
327 582 570
551 716 716
405 157 170
942 358 332
72 132 114
74 674 601
932 309 308
843 833 932
125 955 886
723 773 839
254 811 742
934 317 359
987 763 686
266 378 289
290 711 636
923 188 128
147 309 236
959 749 844
909 746 666
654 888 953
443 739 655
675 881 784
409 623 523
710 726 679
385 778 789
472 893 889
695 185 210
413 307 324
129 289 288
3 381 311
709 228 246
575 301 255
153 315 350
845 318 295
596 556 610
477 163 112
561 591 679
781 261 231
981 784 780
286 337 334
419 472 411
632 112 166
862 352 436
96 956 1009
597 414 386
656 213 281
198 433 413
367 381 317
124 697 629
378 237 227
785 670 743
787 843 843
59 639 611
11 571 562
352 365 276
467 689 731
829 547 628
134 904 859
793 177 156
1304
1733046 1734753
1733044 1734863
1733041 1734998
1733039 1735005
1733038 1735017
1733037 1735028
1733036 1735102
1733032 1735115
1733031 1735116
1733030 1735158
1733027 1735192
1733023 1735214
1733021 1735232
1733020 1735274
1733017 1735303
1733013 1735348
1733011 1735378
1733010 1735404
1733005 1735415
1733002 1735420
1733001 1735422
1733000 1735460
1732999 1735467
1732997 1735487
1732995 1735491
1732993 1735514
1732991 1735526
1732990 1735542
1732989 1735551
1732988 1735577
1732986 1735580
1732984 1735607
1732981 1735632
1732976 1735651
1732975 1735688
1732971 1735689
1732970 1735701
1732968 1735743
1732963 1735744
1732962 1735757
1732960 1735781
1732958 1735798
1732955 1735823
1732953 1735832
1732950 1735835
1732949 1735841
1732948 1735846
1732947 1735867
1732943 1735884
1732942 1735893
1732941 1735894
1732940 1735898
1732938 1735907
1732936 1735939
1732931 1735958
1732928 1735960
1732927 1735968
1732926 1735970
1732925 1735988
1732923 1735990
1732922 1735998
1732921 1736003
1732920 1736014
1732919 1736022
1732918 1736028
1732917 1736047
1732914 1736061
1732911 1736072
1732908 1736085
1732906 1736091
1732905 1736104
1732903 1736126
1732902 1736130
1732899 1736142
1732897 1736147
1732895 1736153
1732894 1736184
1732889 1736186
1732888 1736193
1732887 1736202
1732885 1736210
1732884 1736213
1732882 1736225
1732879 1736234
1732878 1736241
1732876 1736245
1732875 1736258
1732874 1736274
1732872 1736277
1732871 1736285
1732869 1736286
1732868 1736289
1732867 1736296
1732866 1736318
1732860 1736328
1732859 1736341
1732858 1736348
1732856 1736358
1732854 1736368
1732852 1736372
1732850 1736387
1732847 1736398
1732845 1736401
1732844 1736408
1732843 1736419
1732840 1736428
1732837 1736438
1732836 1736445
1732834 1736448
1732833 1736456
1732831 1736463
1732830 1736464
1732829 1736478
1732828 1736480
1732827 1736484
1732826 1736485
1732825 1736489
1732824 1736495
1732823 1736504
1732820 1736508
1732819 1736516
1732818 1736526
1732815 1736537
1732812 1736551
1732811 1736552
1732810 1736568
1732806 1736572
1732805 1736579
1732803 1736588
1732802 1736591
1732800 1736592
1732799 1736602
1732798 1736615
1732795 1736625
1732792 1736630
1732791 1736637
1732790 1736642
1732789 1736644
1732788 1736648
1732787 1736653
1732786 1736665
1732781 1736677
1732780 1736681
1732778 1736686
1732777 1736692
1732776 1736703
1732774 1736708
1732773 1736709
1732771 1736722
1732769 1736734
1732767 1736740
1732764 1736751
1732762 1736757
1732761 1736758
1732758 1736766
1732757 1736767
1732756 1736769
1732755 1736782
1732753 1736798
1732752 1736799
1732750 1736804
1732747 1736807
1732746 1736813
1732745 1736819
1732744 1736829
1732742 1736833
1732739 1736837
1732738 1736840
1732737 1736843
1732735 1736852
1732733 1736857
1732732 1736861
1732731 1736863
1732730 1736877
1732727 1736879
1732725 1736882
1732724 1736890
1732723 1736891
1732722 1736902
1732719 1736907
1732717 1736917
1732716 1736927
1732714 1736932
1732711 1736949
1732708 1736953
1732705 1736961
1732703 1736963
1732702 1736964
1732701 1736967
1732700 1736991
1732697 1736996
1732695 1737001
1732694 1737006
1732692 1737024
1732689 1737028
1732682 1737034
1732681 1737038
1732679 1737045
1732677 1737058
1732674 1737063
1732672 1737075
1732669 1737084
1732667 1737091
1732666 1737094
1732663 1737095
1732662 1737099
1732660 1737100
1732659 1737108
1732658 1737119
1732655 1737125
1732653 1737128
1732651 1737136
1732649 1737141
1732646 1737155
1732643 1737160
1732642 1737163
1732641 1737174
1732640 1737183
1732634 1737187
1732633 1737191
1732630 1737199
1732629 1737212
1732627 1737217
1732625 1737218
1732622 1737227
1732621 1737234
1732617 1737238
1732615 1737242
1732614 1737250
1732612 1737262
1732610 1737271
1732605 1737279
1732602 1737281
1732601 1737284
1732600 1737308
1732591 1737310
1732588 1737320
1732587 1737328
1732584 1737338
1732580 1737342
1732579 1737346
1732578 1737355
1732576 1737357
1732573 1737368
1732571 1737369
1732569 1737374
1732568 1737378
1732567 1737384
1732565 1737385
1732563 1737389
1732562 1737403
1732557 1737406
1732556 1737407
1732554 1737417
1732552 1737422
1732551 1737430
1732550 1737434
1732546 1737436
1732544 1737439
1732543 1737441
1732542 1737451
1732541 1737456
1732537 1737462
1732533 1737466
1732532 1737467
1732531 1737479
1732529 1737482
1732528 1737484
1732526 1737498
1732523 1737506
1732518 1737521
1732513 1737526
1732511 1737528
1732508 1737554
1732502 1737557
1732500 1737559
1732496 1737567
1732494 1737570
1732492 1737572
1732491 1737574
1732489 1737582
1732487 1737589
1732483 1737591
1732481 1737602
1732477 1737604
1732476 1737623
1732471 1737626
1732470 1737628
1732466 1737632
1732465 1737640
1732463 1737642
1732461 1737643
1732460 1737647
1732459 1737648
1732458 1737656
1732455 1737660
1732454 1737662
1732453 1737663
1732452 1737682
1732445 1737693
1732441 1737694
1732440 1737699
1732439 1737703
1732435 1737704
1732434 1737707
1732433 1737709
1732431 1737711
1732430 1737715
1732428 1737721
1732425 1737727
1732424 1737730
1732422 1737731
1732420 1737733
1732419 1737738
1732416 1737749
1732415 1737763
1732412 1737764
1732411 1737765
1732409 1737768
1732408 1737774
1732404 1737775
1732402 1737776
1732400 1737781
1732399 1737784
1732396 1737801
1732393 1737803
1732391 1737804
1732389 1737811
1732388 1737818
1732384 1737820
1732380 1737823
1732377 1737840
1732369 1737841
1732368 1737848
1732367 1737850
1732366 1737857
1732361 1737866
1732360 1737870
1732359 1737882
1732351 1737883
1732350 1737887
1732349 1737890
1732348 1737894
1732344 1737899
1732343 1737903
1732340 1737908
1732339 1737911
1732338 1737915
1732337 1737916
1732335 1737923
1732332 1737924
1732329 1737926
1732328 1737930
1732327 1737937
1732326 1737947
1732324 1737950
1732317 1737952
1732316 1737956
1732315 1737959
1732312 1737960
1732311 1737962
1732310 1737966
1732309 1737972
1732307 1737975
1732306 1737977
1732304 1737980
1732301 1737986
1732298 1737987
1732296 1737995
1732294 1737999
1732291 1738000
1732290 1738013
1732286 1738016
1732285 1738023
1732279 1738028
1732277 1738034
1732274 1738035
1732273 1738036
1732272 1738040
1732269 1738041
1732268 1738047
1732267 1738048
1732266 1738049
1732265 1738051
1732264 1738057
1732263 1738058
1732262 1738065
1732256 1738068
1732254 1738073
1732252 1738074
1732251 1738084
1732249 1738089
1732247 1738091
1732245 1738092
1732243 1738095
1732241 1738101
1732239 1738105
1732236 1738117
1732230 1738118
1732228 1738130
1732225 1738139
1732221 1738141
1732216 1738143
1732213 1738145
1732212 1738151
1732208 1738153
1732207 1738161
1732205 1738164
1732203 1738175
1732200 1738177
1732197 1738179
1732193 1738180
1732192 1738190
1732185 1738193
1732183 1738205
1732182 1738221
1732171 1738222
1732169 1738225
1732167 1738227
1732166 1738229
1732163 1738230
1732162 1738234
1732161 1738238
1732160 1738245
1732159 1738248
1732154 1738251
1732152 1738256
1732149 1738257
1732148 1738258
1732145 1738260
1732143 1738265
1732142 1738270
1732141 1738273
1732140 1738278
1732136 1738280
1732131 1738284
1732128 1738287
1732127 1738288
1732126 1738297
1732121 1738306
1732118 1738308
1732117 1738310
1732111 1738314
1732110 1738318
1732109 1738321
1732105 1738329
1732102 1738331
1732100 1738333
1732099 1738338
1732094 1738343
1732093 1738347
1732092 1738348
1732086 1738349
1732085 1738350
1732084 1738353
1732083 1738357
1732082 1738366
1732079 1738367
1732077 1738371
1732076 1738373
1732074 1738380
1732070 1738381
1732065 1738386
1732063 1738394
1732057 1738396
1732055 1738404
1732050 1738409
1732047 1738410
1732046 1738413
1732043 1738427
1732036 1738431
1732031 1738436
1732030 1738439
1732024 1738442
1732022 1738444
1732021 1738449
1732014 1738460
1732009 1738462
1732008 1738466
1732005 1738470
1732000 1738476
1731996 1738484
1731993 1738492
1731984 1738493
1731983 1738509
1731976 1738510
1731973 1738512
1731972 1738514
1731970 1738519
1731967 1738526
1731960 1738527
1731958 1738530
1731957 1738531
1731955 1738536
1731951 1738540
1731950 1738545
1731949 1738548
1731945 1738555
1731944 1738562
1731935 1738563
1731933 1738566
1731929 1738571
1731926 1738575
1731923 1738583
1731918 1738584
1731917 1738586
1731914 1738587
1731911 1738595
1731907 1738609
1731899 1738614
1731890 1738616
1731889 1738617
1731888 1738624
1731883 1738625
1731882 1738629
1731880 1738630
1731877 1738631
1731875 1738637
1731874 1738639
1731872 1738647
1731865 1738649
1731864 1738661
1731861 1738664
1731852 1738667
1731849 1738668
1731847 1738671
1731844 1738672
1731843 1738688
1731834 1738690
1731829 1738691
1731827 1738692
1731826 1738696
1731825 1738712
1731808 1738718
1731804 1738720
1731803 1738724
1731798 1738729
1731795 1738730
1731793 1738732
1731791 1738734
1731789 1738742
1731781 1738743
1731780 1738745
1731777 1738749
1731775 1738756
1731769 1738765
1731760 1738770
1731755 1738777
1731749 1738778
1731746 1738779
1731744 1738789
1731738 1738793
1731734 1738800
1731729 1738807
1731723 1738809
1731718 1738812
1731715 1738818
1731714 1738823
1731708 1738826
1731701 1738827
1731699 1738828
1731694 1738831
1731692 1738834
1731689 1738835
1731688 1738838
1731687 1738843
1731676 1738848
1731674 1738857
1731672 1738861
1731664 1738863
1731658 1738865
1731657 1738868
1731653 1738869
1731652 1738873
1731650 1738874
1731646 1738879
1731644 1738886
1731634 1738888
1731631 1738903
1731624 1738905
1731610 1738914
1731606 1738915
1731604 1738922
1731597 1738924
1731593 1738926
1731588 1738930
1731587 1738932
1731585 1738937
1731575 1738938
1731574 1738941
1731571 1738945
1731568 1738949
1731565 1738951
1731562 1738958
1731555 1738959
1731551 1738966
1731545 1738969
1731542 1738972
1731538 1738974
1731535 1738978
1731531 1738981
1731530 1738983
1731528 1738985
1731527 1738989
1731518 1738996
1731507 1738998
1731504 1738999
1731503 1739002
1731501 1739008
1731494 1739009
1731491 1739016
1731485 1739018
1731481 1739021
1731480 1739023
1731474 1739028
1731469 1739031
1731466 1739033
1731462 1739034
1731461 1739038
1731457 1739040
1731453 1739041
1731452 1739043
1731451 1739045
1731450 1739052
1731445 1739054
1731438 1739057
1731437 1739060
1731430 1739064
1731425 1739066
1731423 1739072
1731418 1739076
1731411 1739077
1731407 1739080
1731403 1739082
1731402 1739085
1731401 1739086
1731400 1739088
1731393 1739089
1731392 1739091
1731391 1739096
1731385 1739102
1731379 1739103
1731375 1739106
1731368 1739112
1731364 1739113
1731363 1739117
1731356 1739119
1731355 1739121
1731352 1739122
1731348 1739129
1731345 1739130
1731342 1739131
1731341 1739132
1731336 1739137
1731332 1739138
1731329 1739146
1731325 1739149
1731317 1739150
1731315 1739154
1731310 1739160
1731300 1739163
1731297 1739164
1731296 1739168
1731293 1739169
1731290 1739170
1731286 1739174
1731278 1739181
1731267 1739182
1731266 1739189
1731263 1739192
1731259 1739198
1731247 1739201
1731245 1739204
1731240 1739208
1731233 1739209
1731232 1739212
1731227 1739216
1731221 1739217
1731217 1739219
1731212 1739220
1731211 1739224
1731208 1739226
1731207 1739227
1731202 1739232
1731201 1739233
1731194 1739235
1731191 1739244
1731181 1739246
1731178 1739249
1731177 1739253
1731165 1739256
1731161 1739258
1731155 1739266
1731150 1739268
1731145 1739269
1731144 1739272
1731136 1739274
1731131 1739280
1731130 1739282
1731120 1739286
1731119 1739287
1731118 1739291
1731107 1739293
1731106 1739296
1731101 1739298
1731099 1739299
1731097 1739300
1731096 1739304
1731090 1739305
1731087 1739310
1731079 1739315
1731071 1739318
1731068 1739319
1731067 1739321
1731058 1739324
1731057 1739327
1731052 1739328
1731051 1739332
1731049 1739334
1731043 1739335
1731041 1739336
1731039 1739338
1731036 1739343
1731028 1739345
1731021 1739346
1731018 1739349
1731015 1739351
1731014 1739352
1731010 1739356
1731006 1739362
1730997 1739364
1730995 1739366
1730992 1739370
1730983 1739371
1730980 1739373
1730978 1739374
1730975 1739381
1730965 1739383
1730963 1739390
1730949 1739392
1730948 1739394
1730946 1739395
1730937 1739397
1730936 1739402
1730928 1739404
1730927 1739409
1730919 1739415
1730907 1739416
1730906 1739418
1730901 1739423
1730894 1739425
1730891 1739427
1730885 1739430
1730882 1739432
1730877 1739439
1730866 1739441
1730861 1739444
1730859 1739448
1730852 1739450
1730850 1739451
1730846 1739453
1730838 1739456
1730836 1739459
1730832 1739460
1730831 1739462
1730824 1739463
1730822 1739464
1730821 1739465
1730818 1739469
1730809 1739479
1730794 1739480
1730792 1739483
1730785 1739484
1730784 1739488
1730777 1739490
1730773 1739492
1730768 1739493
1730767 1739497
1730763 1739505
1730752 1739507
1730743 1739509
1730742 1739510
1730741 1739511
1730733 1739513
1730727 1739517
1730723 1739520
1730718 1739521
1730715 1739523
1730712 1739525
1730708 1739526
1730707 1739528
1730703 1739530
1730697 1739531
1730696 1739536
1730695 1739537
1730685 1739538
1730682 1739541
1730678 1739544
1730671 1739545
1730669 1739548
1730668 1739549
1730662 1739552
1730655 1739553
1730653 1739554
1730652 1739555
1730651 1739557
1730649 1739560
1730644 1739561
1730637 1739562
1730636 1739563
1730634 1739565
1730632 1739566
1730629 1739567
1730628 1739568
1730626 1739571
1730616 1739574
1730614 1739578
1730610 1739580
1730604 1739581
1730599 1739583
1730594 1739585
1730592 1739588
1730585 1739591
1730575 1739595
1730571 1739597
1730570 1739599
1730568 1739601
1730560 1739603
1730553 1739606
1730551 1739609
1730546 1739610
1730542 1739611
1730536 1739614
1730534 1739615
1730529 1739616
1730528 1739620
1730521 1739623
1730514 1739627
1730504 1739628
1730503 1739629
1730502 1739630
1730501 1739631
1730495 1739636
1730486 1739639
1730482 1739640
1730481 1739643
1730477 1739644
1730470 1739645
1730469 1739646
1730467 1739647
1730464 1739651
1730460 1739652
1730459 1739655
1730451 1739656
1730445 1739657
1730441 1739660
1730440 1739661
1730436 1739662
1730435 1739663
1730429 1739665
1730428 1739667
1730423 1739668
1730422 1739669
1730415 1739673
1730413 1739675
1730404 1739676
1730402 1739678
1730401 1739679
1730399 1739682
1730391 1739684
1730390 1739686
1730387 1739688
1730374 1739689
1730373 1739692
1730372 1739693
1730365 1739695
1730362 1739696
1730357 1739698
1730355 1739699
1730351 1739700
1730350 1739705
1730341 1739708
1730335 1739710
1730328 1739712
1730325 1739713
1730322 1739714
1730317 1739715
1730315 1739717
1730314 1739719
1730312 1739721
1730304 1739724
1730302 1739725
1730297 1739726
1730296 1739727
1730290 1739729
1730287 1739730
1730286 1739732
1730278 1739734
1730275 1739738
1730268 1739739
1730265 1739742
1730260 1739743
1730253 1739745
1730251 1739746
1730250 1739748
1730243 1739749
1730240 1739750
1730236 1739754
1730230 1739755
1730228 1739756
1730226 1739757
1730220 1739760
1730215 1739763
1730208 1739764
1730205 1739765
1730202 1739768
1730201 1739769
1730199 1739770
1730197 1739771
1730192 1739773
1730185 1739774
1730183 1739777
1730177 1739778
1730175 1739781
1730168 1739782
1730164 1739784
1730160 1739786
1730155 1739789
1730149 1739792
1730147 1739794
1730138 1739795
1730135 1739796
1730128 1739798
1730124 1739799
1730123 1739802
1730120 1739803
1730114 1739805
1730111 1739806
1730110 1739808
1730104 1739809
1730100 1739810
1730099 1739813
1730095 1739814
1730089 1739815
1730085 1739816
1730082 1739818
1730079 1739820
1730077 1739822
1730073 1739823
1730069 1739824
1730068 1739825
1730060 1739828
1730057 1739829
1730050 1739830
1730049 1739832
1730045 1739835
1730041 1739836
1730034 1739837
1730033 1739841
1730024 1739842
1730019 1739843
1730016 1739845
1730010 1739847
1730009 1739848
1730006 1739850
1730004 1739853
1729994 1739854
1729988 1739855
1729985 1739856
1729984 1739858
1729980 1739859
1729976 1739864
1729969 1739865
1729965 1739866
1729961 1739867
1729957 1739868
1729955 1739869
1729952 1739872
1729946 1739873
1729942 1739876
1729938 1739877
1729935 1739878
1729930 1739879
1729924 1739880
1729918 1739885
1729911 1739886
1729910 1739890
1729899 1739891
1729897 1739892
1729894 1739895
1729884 1739896
1729883 1739897
1729881 1739898
1729877 1739899
1729876 1739901
1729866 1739903
1729864 1739906
1729850 1739908
1729849 1739909
1729844 1739910
1729842 1739911
1729840 1739913
1729836 1739915
1729832 1739916
1729825 1739919
1729823 1739920
1729818 1739923
1729812 1739927
1729804 1739929
1729802 1739930
1729790 1739931
1729787 1739932
1729782 1739935
1729778 1739936
1729774 1739937
1729770 1739938
1729769 1739941
1729767 1739942
1729761 1739943
1729759 1739945
1729753 1739946
1729746 1739952
1729727 1739955
1729723 1739956
1729720 1739957
1729717 1739958
1729715 1739959
1729705 1739960
1729704 1739962
1729700 1739965
1729699 1739967
1729691 1739969
1729684 1739970
1729677 1739971
1729676 1739974
1729667 1739975
1729661 1739978
1729656 1739981
1729649 1739982
1729648 1739984
1729640 1739986
1729639 1739988
1729629 1739989
1729620 1739991
1729616 1739992
1729609 1739997
1729591 1739999
1729590 1740002
1729576 1740003
1729574 1740005
1729573 1740007
1729562 1740009
1729556 1740010
1729555 1740011
1729554 1740012
1729550 1740014
1729540 1740015
1729538 1740016
1729536 1740018
1729535 1740019
1729528 1740022
1729524 1740023
1729514 1740024
1729507 1740026
1729498 1740029
1729495 1740032
1729485 1740033
1729479 1740035
1729469 1740040
1729458 1740042
1729445 1740043
1729444 1740045
1729440 1740046
1729436 1740047
1729434 1740050
1729424 1740053
1729420 1740054
1729410 1740055
1729403 1740056
1729399 1740057
1729398 1740058
1729397 1740059
1729391 1740061
1729389 1740062
1729387 1740063
1729378 1740065
1729375 1740071
1729367 1740072
1729344 1740073
1729343 1740075
1729335 1740076
1729328 1740078
1729318 1740082
1729313 1740083
1729310 1740084
1729299 1740088
1729288 1740089
1729284 1740090
1729283 1740091
1729277 1740094
1729270 1740097
1729262 1740098
1729252 1740099
1729247 1740102
1729236 1740104
1729234 1740106
1729219 1740107
1729217 1740108
1729209 1740110
1729207 1740111
1729204 1740113
1729199 1740115
1729197 1740116
1729193 1740117
1729185 1740120
1729173 1740121
1729164 1740122
1729163 1740126
1729150 1740127
1729137 1740128
1729136 1740129
1729134 1740131
1729125 1740133
1729124 1740134
1729113 1740136
1729102 1740138
1729098 1740141
1729094 1740144
1729080 1740146
1729073 1740147
1729064 1740148
1729061 1740149
1729060 1740153
1729038 1740154
1729037 1740155
1729029 1740159
1729017 1740160
1729013 1740161
1729001 1740163
1728995 1740164
1728992 1740167
1728980 1740168
1728979 1740169
1728977 1740170
1728974 1740172
1728971 1740174
1728950 1740176
1728947 1740179
1728931 1740181
1728917 1740184
1728914 1740185
1728905 1740186
1728903 1740187
1728897 1740189
1728888 1740191
1728884 1740192
1728882 1740194
1728872 1740195
1728862 1740199
1728851 1740200
1728838 1740202
1728832 1740205
1728820 1740207
1728807 1740208
1728805 1740211
1728797 1740212
1728791 1740213
1728783 1740216
1728772 1740218
1728769 1740220
1728747 1740222
1728746 1740224
1728738 1740227
1728722 1740228
1728719 1740230
1728711 1740231
1728697 1740232
1728695 1740235
1728679 1740237
1728675 1740239
1728662 1740240
1728659 1740241
1728653 1740244
1728645 1740245
1728638 1740246
1728637 1740247
1728632 1740248
1728626 1740250
1728617 1740253
1728597 1740257
1728594 1740259
1728573 1740260
1728568 1740261
1728566 1740262
1728559 1740264
1728547 1740267
1728538 1740268
1728523 1740269
1728512 1740272
1728506 1740274
1728500 1740276
1728497 1740277
1728485 1740279
1728482 1740280
1728474 1740281
1728473 1740283
1728452 1740284
1728445 1740285
1728442 1740290
1728433 1740292
1728413 1740293
1728409 1740295
1728399 1740298
1728383 1740299
1728374 1740302
1728369 1740303
1728349 1740305
1728344 1740306
1728332 1740307
1728325 1740310
1728311 1740311
1728304 1740312
1728301 1740315
1728295 1740317
1728270 1740322
1728246 1740323
1728240 1740325
1728238 1740326
1728227 1740328
1728208 1740332
1728191 1740333
1728187 1740335
1728175 1740336
1728160 1740340
1728154 1740344
1728115 1740345
1728108 1740349
1728085 1740350
1728065 1740351
1728062 1740352
1728059 1740353
1728057 1740355
1728039 1740356
1728032 1740360
1728028 1740363
1727982 1740365
1727979 1740367
1727968 1740368
1727952 1740369
1727948 1740371
1727942 1740375
1727895 1740376
1727893 1740377
1727885 1740378
1727882 1740379
1727874 1740380
1727862 1740381
1727853 1740382
1727845 1740384
1727831 1740385
1727807 1740389
1727779 1740395
1727732 1740397
1727724 1740398
1727712 1740399
1727709 1740400
1727690 1740402
1727673 1740403
1727669 1740404
1727657 1740406
1727640 1740407
1727629 1740409
1727612 1740413
1727569 1740416
1727561 1740417
1727547 1740418
1727523 1740420
1727486 1740421
1727472 1740423
1727461 1740424
1727449 1740427
1727406 1740429
1727384 1740431
1727381 1740433
1727351 1740436
1727288 1740437
1727274 1740439
1727270 1740440
1727248 1740443
1727224 1740444
1727173 1740445
1727169 1740446
1727161 1740447
1727140 1740449
1727114 1740450
1727072 1740452
1727039 1740453
1727031 1740454
1726993 1740455
1726981 1740456
1726918 1740459
1726835 1740460
1726799 1740462
1726630 1740463
