4000 2
996131
15 975 1060
719 846 903
951 930 865
126 945 857
895 771 751
217 683 669
810 629 645
327 825 890
122 705 686
137 539 573
110 407 444
937 340 320
858 152 123
797 308 304
540 366 341
185 723 741
767 219 199
572 734 780
240 583 653
722 944 1041
56 651 570
314 371 278
361 730 809
583 158 196
870 586 532
559 921 904
680 559 495
383 918 969
913 679 778
851 548 591
459 539 593
752 628 545
450 661 650
503 568 474
38 295 375
949 502 494
454 873 801
363 149 153
3 821 808
495 818 775
977 568 617
560 367 367
179 446 536
693 846 836
901 875 873
342 788 775
200 310 388
243 436 387
43 903 854
838 404 454
354 662 708
642 438 396
20 884 877
847 839 771
706 353 265
469 790 771
693 292 313
60 197 266
951 425 503
282 655 700
901 436 352
271 198 243
141 456 505
960 874 892
234 130 89
997 187 240
201 548 540
299 197 200
652 951 945
265 854 904
632 614 644
729 687 771
119 443 355
977 217 122
998 743 694
85 120 71
576 802 793
674 322 373
619 784 765
456 314 348
23 983 943
671 675 581
46 608 538
165 666 591
876 688 613
887 918 860
665 256 313
903 662 654
661 445 361
890 808 815
871 517 529
506 788 734
66 818 773
690 954 942
340 181 144
248 295 236
412 485 559
33 298 353
409 709 696
194 783 748
650 373 312
412 872 912
209 189 242
158 436 428
238 829 888
445 224 133
866 407 398
77 293 291
750 983 1063
507 482 400
802 772 820
658 948 879
746 685 658
112 481 485
920 890 942
48 712 653
382 754 668
587 274 203
568 711 791
985 624 605
730 708 649
673 481 554
319 620 642
736 946 991
612 522 551
289 310 348
14 493 407
197 558 590
872 691 636
450 602 545
122 964 1053
538 261 284
112 143 230
51 689 723
514 444 401
738 129 143
169 745 762
671 811 867
325 510 541
877 714 635
838 906 851
8 858 911
45 519 594
695 463 548
71 173 161
92 427 362
805 939 908
594 572 475
44 381 349
723 965 909
618 170 81
459 373 286
917 164 86
315 944 1005
386 879 954
742 382 475
673 541 596
193 849 822
497 866 848
458 282 209
525 478 528
820 530 472
880 590 516
817 689 678
682 518 584
987 409 423
471 382 331
302 182 169
152 510 597
344 877 855
757 997 1080
230 778 825
768 967 990
420 193 180
877 589 512
213 438 359
518 947 962
598 277 352
47 668 574
908 610 584
905 960 886
657 887 859
620 654 579
713 315 324
251 703 688
620 807 835
561 901 832
749 524 575
376 416 476
938 443 485
893 776 799
767 893 847
379 325 403
609 440 461
275 929 1000
60 420 415
948 989 896
414 240 297
757 912 844
131 737 657
879 480 578
759 140 192
1 383 311
371 288 337
292 827 732
639 700 616
627 236 142
773 270 259
675 970 910
380 226 192
795 315 257
828 310 404
135 988 1082
334 224 192
141 891 917
804 913 867
944 988 1068
124 128 162
91 525 494
220 705 750
450 113 117
675 303 273
661 277 274
789 252 316
667 557 649
570 233 285
557 477 518
577 389 455
43 989 1073
712 411 339
715 171 189
931 637 590
120 950 1035
279 494 537
781 334 311
919 299 389
331 979 981
645 721 638
633 572 498
971 504 572
40 631 642
631 269 267
576 507 528
7 444 521
258 193 227
471 535 552
448 495 579
135 950 963
654 140 79
97 257 191
682 118 59
861 615 683
307 163 146
681 705 689
774 606 642
252 313 243
684 837 856
628 767 813
661 381 358
826 557 554
834 708 641
402 894 799
461 753 720
130 233 136
686 609 667
914 325 233
732 460 505
471 993 964
774 757 660
277 213 281
949 644 679
831 794 709
554 819 827
692 228 261
253 243 214
495 946 900
887 983 883
880 740 734
607 167 116
722 182 187
323 931 926
91 644 605
888 715 787
21 306 316
171 901 962
110 329 289
92 569 506
800 572 485
864 993 1028
944 324 303
868 791 835
469 325 387
149 597 636
368 473 517
258 965 1043
503 792 692
19 170 88
537 338 416
529 399 450
770 999 1039
536 464 478
776 216 123
324 937 874
732 670 681
693 422 484
460 325 288
527 325 291
782 408 482
107 313 293
107 986 920
505 722 763
623 340 336
553 375 436
182 541 548
532 146 92
773 869 907
15 261 205
349 558 458
577 444 366
562 801 744
250 953 997
508 692 660
805 233 312
290 950 865
330 541 563
183 748 724
352 476 455
855 672 721
231 675 640
7 773 850
954 965 892
608 718 747
745 135 125
690 933 981
175 115 29
892 659 609
303 112 133
934 468 460
569 244 282
314 534 573
276 434 464
958 557 509
986 242 143
912 643 682
917 413 487
535 476 528
537 702 615
938 352 252
90 762 776
566 488 565
930 220 152
432 801 724
580 144 65
180 150 53
519 769 856
930 655 649
595 446 347
866 506 595
599 507 414
24 126 146
148 913 919
923 167 259
960 273 281
5 367 411
746 384 332
359 328 262
735 747 800
180 755 782
626 708 654
644 741 692
547 387 368
610 861 826
792 829 787
82 424 383
389 179 87
634 395 374
350 549 475
75 344 306
747 909 997
456 229 245
767 459 385
611 820 868
420 224 230
773 482 505
849 745 645
170 781 808
663 247 344
925 367 279
824 647 709
956 595 548
349 226 132
147 343 371
275 113 25
692 588 655
406 247 284
161 251 322
315 819 823
604 809 798
208 865 818
752 696 641
882 933 948
144 963 1007
147 647 746
684 704 741
837 559 478
995 281 232
792 154 168
577 616 550
426 124 100
85 364 290
10 566 469
967 189 121
571 831 792
239 828 926
744 552 617
935 637 701
984 865 888
554 483 421
569 638 661
854 977 1017
366 208 250
454 222 258
265 364 314
72 637 635
569 629 575
161 477 411
10 320 251
428 867 908
22 150 105
996 700 626
106 437 436
232 181 271
517 787 730
110 121 78
694 558 629
106 766 669
342 917 822
193 166 157
238 797 792
900 155 149
268 273 289
347 716 778
108 675 641
120 868 856
623 236 162
360 999 946
268 127 143
331 152 206
103 558 460
154 983 1065
336 516 451
18 144 149
652 866 892
504 271 321
646 662 637
645 781 828
664 994 894
710 622 589
214 421 408
195 431 449
651 353 438
688 513 602
538 981 1000
718 655 575
339 437 486
94 772 750
88 538 449
662 542 595
12 841 937
373 342 277
645 868 933
98 804 807
77 755 665
690 397 451
57 488 410
800 264 205
281 614 572
766 665 755
588 459 552
847 442 409
699 599 695
479 445 361
205 904 835
527 952 1021
952 750 831
126 849 890
692 143 240
316 402 452
707 362 330
81 333 270
629 634 711
6 620 593
897 694 708
844 835 754
563 700 610
394 616 551
430 355 428
758 343 279
42 123 201
292 426 520
880 594 614
454 494 515
110 821 821
924 440 409
588 528 610
157 574 534
432 731 777
693 613 611
707 777 783
63 680 745
607 654 695
39 298 229
838 837 790
209 395 333
679 704 760
201 625 712
898 896 870
464 660 572
213 209 263
853 684 750
464 530 518
675 269 265
493 411 374
813 650 655
481 823 764
60 629 610
943 575 536
561 904 957
672 961 1057
317 758 825
788 612 572
966 115 210
304 542 535
911 825 781
712 405 457
296 589 653
817 951 1004
710 333 298
667 128 227
396 113 76
959 856 776
965 234 148
451 212 186
255 629 586
586 879 978
124 668 626
70 511 433
320 303 367
340 593 591
343 591 668
181 872 941
319 964 1026
434 138 90
17 471 474
881 726 646
509 725 670
958 987 945
175 198 220
717 929 1019
258 476 435
115 375 370
75 239 298
106 960 906
512 304 253
205 763 688
895 853 880
882 165 184
980 427 481
901 974 971
313 934 983
610 309 381
754 734 821
710 554 462
927 759 769
661 978 1029
497 203 233
558 769 775
915 409 412
886 205 188
812 638 683
37 412 379
738 288 206
237 230 290
966 266 312
942 758 736
47 542 619
787 234 223
124 709 681
230 278 227
823 648 560
163 407 326
363 709 776
497 792 706
672 618 525
401 379 475
886 728 633
25 629 692
698 139 227
886 461 395
491 683 781
824 738 669
498 826 829
265 681 584
835 746 783
137 781 698
831 765 860
415 791 691
447 628 667
841 575 591
485 727 641
192 721 800
995 861 840
637 434 466
352 448 447
107 172 198
842 251 244
608 230 306
191 230 195
713 850 783
407 480 510
94 546 615
937 457 525
301 810 805
681 509 575
749 951 1038
908 626 681
42 150 127
176 933 948
8 335 293
423 485 524
913 178 236
304 929 974
90 788 694
538 324 366
484 173 165
64 116 89
108 809 791
34 264 281
286 778 796
707 149 52
783 769 855
704 584 530
466 344 309
706 371 443
776 115 84
783 525 507
569 853 856
742 330 340
493 851 918
536 491 500
278 507 472
810 446 352
73 655 654
366 944 884
371 823 919
836 243 295
672 608 574
918 180 95
751 671 684
180 527 448
626 123 99
4 415 353
616 443 396
554 886 912
356 179 79
504 163 230
64 843 845
142 250 235
772 317 253
240 823 795
254 917 1014
596 367 464
970 539 560
843 775 707
920 447 450
979 449 353
802 306 222
959 760 705
193 252 351
994 413 360
901 733 731
190 721 638
671 712 623
419 362 442
797 504 568
179 963 1023
399 981 1001
130 167 179
290 367 418
630 365 414
330 577 607
17 125 193
693 202 204
975 254 340
418 165 210
377 895 976
356 717 678
419 364 351
708 864 909
994 647 618
519 424 461
535 113 153
639 861 840
800 427 401
861 366 423
743 124 57
426 931 935
711 315 403
559 703 732
163 460 488
516 776 708
519 497 536
363 232 199
718 584 511
6 913 1012
21 725 773
944 872 805
175 446 522
841 394 381
234 971 991
982 654 577
418 799 826
555 531 630
87 831 874
989 953 997
680 952 1000
536 723 760
914 873 945
233 766 806
201 268 355
812 804 888
586 909 876
60 586 664
869 585 680
817 335 428
764 978 1007
453 751 688
311 474 393
49 353 319
227 979 985
7 924 892
903 854 940
438 266 363
972 171 242
225 153 188
201 125 113
920 702 780
330 867 808
602 955 905
579 361 357
494 835 832
330 252 230
504 190 255
572 181 241
620 945 850
636 658 603
302 162 91
153 957 952
103 251 167
385 478 509
199 906 836
358 450 446
448 798 895
527 647 658
466 471 406
82 495 557
140 697 620
92 829 782
251 365 339
663 436 487
558 133 223
940 268 230
714 696 748
317 684 641
722 291 341
155 449 515
815 284 378
623 387 300
909 625 588
276 955 1050
301 738 745
478 698 693
138 975 913
782 762 763
985 128 74
366 797 774
561 650 590
871 627 692
451 685 732
401 966 868
107 947 909
767 536 594
740 962 1047
473 244 286
493 697 736
266 903 815
872 358 382
453 538 536
99 383 472
61 148 117
2 158 148
481 435 379
438 249 341
588 185 171
248 816 901
139 546 484
417 601 513
898 266 269
205 706 729
247 657 692
300 965 1000
665 479 410
821 675 694
904 640 576
698 137 123
189 961 975
740 243 340
915 300 377
584 759 677
199 417 384
161 129 156
575 731 691
210 872 796
806 513 418
835 678 723
792 173 255
940 680 710
154 670 683
883 569 499
228 649 619
249 949 951
946 627 544
803 895 854
256 115 36
894 140 228
964 785 831
605 709 743
235 402 467
749 909 951
356 157 244
299 471 408
879 928 854
762 118 205
767 384 322
800 477 394
559 425 335
233 187 218
560 786 864
459 633 661
511 375 474
916 320 279
835 486 420
843 604 691
151 547 587
563 718 718
916 795 707
3 840 799
763 535 606
350 438 400
647 118 183
882 115 163
305 377 392
859 533 517
351 477 491
35 214 141
804 662 572
625 718 629
103 981 1044
471 853 786
480 244 307
485 978 1017
785 748 648
260 372 444
671 746 688
787 366 315
408 486 396
92 532 567
71 581 637
906 419 369
57 569 615
33 405 348
749 137 37
44 140 92
759 907 993
46 207 250
468 428 353
942 474 417
472 187 144
819 880 819
335 215 165
665 865 821
695 168 74
728 169 84
623 400 467
732 340 416
89 980 950
498 205 163
583 399 451
449 657 673
566 831 914
415 167 183
479 420 375
545 450 351
871 519 544
130 374 346
108 270 260
214 581 670
539 842 848
154 632 728
964 262 271
28 189 281
375 707 695
757 955 1052
217 960 1031
514 631 728
693 953 872
223 465 426
46 420 489
632 893 793
803 876 969
891 474 572
563 441 415
513 834 759
469 823 791
55 697 768
3 686 696
402 771 825
750 158 221
630 912 902
492 915 865
901 886 815
273 881 922
88 321 265
888 435 472
548 741 789
196 615 664
938 217 146
991 905 984
893 744 749
798 256 159
670 483 567
537 612 550
774 353 309
140 549 482
848 273 316
417 934 1016
536 709 779
430 841 909
142 750 797
306 330 336
725 348 288
289 277 325
561 450 453
55 700 730
238 851 851
165 600 684
837 523 514
659 391 468
378 251 156
625 905 871
892 491 402
81 673 642
462 443 524
125 901 993
957 594 534
508 153 126
971 971 911
287 488 560
445 386 334
339 411 484
767 708 759
400 760 827
773 181 141
663 989 974
207 957 933
255 248 326
223 574 646
647 755 685
957 633 652
295 847 934
967 728 768
698 514 434
776 371 446
765 639 646
717 128 177
872 469 369
393 373 317
119 251 325
706 385 450
535 915 839
230 857 775
683 592 649
976 684 697
570 573 539
590 163 72
993 826 910
289 827 789
447 137 123
755 911 838
660 758 792
500 868 948
43 949 966
686 761 773
207 374 300
266 668 712
72 711 754
876 639 540
906 918 908
806 413 354
535 536 609
388 245 218
331 158 140
63 680 599
359 291 252
986 410 424
661 165 193
256 803 806
165 808 793
505 322 268
983 508 561
135 392 323
189 721 718
828 197 206
32 284 365
369 556 634
430 174 184
209 745 807
993 318 413
232 696 692
679 902 894
996 696 715
682 834 891
780 377 399
976 864 893
477 782 685
549 687 675
263 291 321
496 123 152
155 991 1066
46 529 540
704 941 951
518 583 530
817 393 296
665 939 1037
420 625 619
69 638 541
273 145 101
287 726 781
277 412 498
747 304 399
681 800 836
213 404 344
530 614 517
463 630 666
42 624 544
635 153 87
674 169 158
366 420 466
705 222 123
922 163 214
698 144 131
28 752 782
595 931 867
179 947 975
756 666 702
804 759 722
870 913 1011
219 420 391
344 182 94
403 190 287
441 863 900
163 364 406
85 942 903
27 214 211
651 786 734
381 506 415
283 791 874
630 785 712
710 216 211
800 273 349
647 262 226
932 871 868
867 616 630
984 890 909
744 434 383
190 650 675
954 692 774
713 618 626
832 739 689
16 277 187
186 173 213
42 461 487
611 894 894
487 513 509
851 156 101
458 377 360
112 937 911
682 859 776
389 453 536
576 678 764
646 726 649
41 460 392
921 134 188
374 579 530
425 121 43
725 325 338
655 697 732
497 140 112
882 217 267
520 145 110
213 976 1070
606 193 95
632 337 423
160 134 95
172 365 411
412 463 454
72 968 890
106 683 704
226 115 113
265 783 685
238 185 129
331 161 227
585 173 165
611 115 139
897 389 447
294 152 93
259 559 514
902 659 635
908 312 333
664 749 823
748 760 682
805 960 948
875 810 715
880 332 359
195 886 893
241 703 769
745 886 803
363 244 342
589 585 664
308 238 250
40 126 88
994 225 148
781 618 716
31 643 717
903 322 235
569 799 760
441 648 559
592 727 710
126 719 620
269 630 593
286 242 212
415 520 489
985 624 550
584 619 551
822 507 419
596 568 594
201 844 759
893 893 926
578 375 433
162 382 294
310 662 631
770 978 1030
348 400 449
919 516 482
366 660 590
880 717 767
705 392 482
585 459 527
883 163 147
189 868 884
809 923 1001
784 343 375
110 132 34
566 798 884
185 204 163
867 342 277
184 120 196
575 965 958
634 826 796
486 313 321
401 832 801
662 737 663
687 438 386
460 449 511
565 389 487
825 653 725
835 812 721
796 708 732
602 236 187
829 549 597
640 140 68
345 451 511
714 570 568
95 787 877
408 618 621
18 613 581
806 490 425
479 530 624
620 193 208
114 419 399
148 189 97
530 316 293
47 142 62
807 579 518
378 535 556
943 994 1018
370 409 395
841 566 647
933 542 547
281 165 193
370 524 582
601 563 527
636 909 882
163 112 47
640 289 299
634 827 826
969 493 566
481 875 916
967 795 823
28 377 461
493 949 907
3 763 841
901 160 165
903 487 525
104 644 610
909 247 340
340 689 775
200 571 554
969 312 288
269 883 865
213 815 895
946 187 268
3 982 1043
427 564 606
27 290 352
180 585 629
831 554 466
349 496 448
576 866 812
445 317 317
238 683 725
323 597 629
303 514 546
813 343 261
15 975 898
548 810 769
48 565 490
481 622 617
331 856 766
563 174 173
207 621 667
755 367 278
209 955 927
471 657 591
443 737 674
230 841 888
741 215 271
316 329 281
155 753 772
227 800 731
800 353 326
90 118 42
40 170 136
654 491 551
359 646 594
181 814 808
298 580 523
544 388 394
267 623 660
43 264 346
316 405 447
324 731 791
391 839 907
818 243 242
421 955 1026
212 283 190
740 705 672
52 896 971
628 480 409
800 201 138
132 124 124
830 759 824
649 584 527
798 445 352
748 887 878
942 760 794
610 793 775
494 202 194
909 984 902
12 225 303
27 393 297
756 842 912
289 690 690
665 885 845
539 920 829
270 439 537
38 147 167
140 513 432
122 925 826
251 117 20
568 910 819
390 931 991
42 801 719
913 359 409
823 627 585
193 671 683
234 664 684
687 311 359
602 397 469
609 403 325
508 419 455
431 459 373
208 282 204
487 362 267
68 145 214
698 406 314
321 907 862
546 552 644
868 321 334
197 199 133
543 300 336
935 905 827
129 968 932
412 180 241
450 203 278
782 958 972
678 995 1074
174 351 339
411 318 279
510 820 821
723 975 884
617 693 789
582 794 716
660 191 195
764 909 1004
717 799 850
712 422 409
982 329 350
216 722 626
15 997 1003
986 558 508
642 602 676
412 588 578
502 688 610
401 266 341
176 244 262
525 917 878
771 415 372
459 957 957
456 974 977
959 557 558
512 783 712
50 668 679
699 181 93
873 282 274
24 173 200
931 701 633
274 973 1059
225 341 319
197 789 858
699 361 422
455 810 774
82 942 915
162 550 463
355 605 693
425 127 220
90 694 773
60 839 773
319 780 759
83 241 259
365 996 954
152 825 874
88 222 287
582 550 648
139 612 581
157 561 615
812 531 602
632 440 523
385 591 538
532 943 907
527 581 618
332 840 907
456 615 699
950 463 464
514 454 482
21 761 821
494 557 579
864 432 381
405 360 386
342 572 504
871 857 895
692 578 482
260 433 428
655 366 351
43 816 904
774 500 592
276 324 315
637 869 833
918 199 244
438 760 673
278 905 992
803 629 655
167 648 726
454 184 193
248 565 582
686 514 486
925 482 509
779 889 844
879 286 224
610 931 957
504 992 1073
88 938 980
692 609 684
775 512 478
286 997 1013
740 630 583
158 952 890
34 630 724
230 875 945
154 158 150
145 719 812
76 639 549
636 384 433
88 278 282
84 574 635
668 203 212
615 441 481
199 613 660
59 589 682
112 459 383
796 870 823
392 840 808
699 888 983
887 663 576
409 237 166
513 954 1017
884 551 537
450 289 315
988 945 982
380 917 977
235 136 155
56 373 470
930 676 713
551 657 672
693 715 812
643 847 846
139 685 661
340 180 246
278 741 805
185 465 405
214 288 274
508 819 817
145 810 794
759 533 627
439 156 189
268 143 104
913 586 575
991 926 983
701 776 688
100 617 566
299 795 787
96 293 387
882 728 651
358 213 288
409 188 150
445 779 795
979 164 163
896 560 557
646 370 307
216 427 384
985 648 665
191 170 206
885 144 156
1 248 332
88 137 103
839 416 471
899 934 984
405 485 515
697 918 877
54 196 198
658 451 450
725 972 1009
763 689 703
917 301 315
947 231 263
292 524 524
218 325 304
639 996 1057
548 686 686
644 950 961
28 516 458
996 959 1046
646 682 722
860 303 327
996 813 826
462 512 583
702 957 872
698 424 467
345 250 203
290 697 778
746 302 389
700 492 578
343 438 454
559 174 162
350 726 713
801 342 421
753 217 237
106 286 245
263 924 953
922 271 357
138 191 227
567 135 111
935 965 1009
7 592 548
698 984 1010
958 484 470
79 394 331
277 929 887
192 307 318
372 880 875
462 822 845
490 538 474
451 876 799
992 631 556
975 883 947
395 556 612
714 942 1014
635 219 146
855 479 444
721 973 1013
521 509 441
2 167 197
862 330 250
448 436 355
317 547 461
818 391 384
753 198 134
875 964 1027
291 197 231
261 490 468
709 224 306
772 369 451
20 950 1005
385 153 97
876 239 247
192 303 274
290 718 640
250 879 976
347 715 670
773 422 429
901 771 720
192 694 598
137 617 525
185 419 404
330 619 579
546 211 209
230 530 586
94 630 536
773 619 595
125 868 798
867 459 370
523 680 629
94 698 674
440 735 748
12 224 303
125 493 481
596 933 967
180 741 794
752 772 780
604 221 254
995 359 365
636 409 320
298 629 558
999 970 988
128 587 607
558 496 541
482 891 855
192 601 601
935 395 346
60 876 947
340 578 649
675 163 161
258 214 271
226 347 404
761 871 954
196 518 512
74 274 365
626 561 490
945 119 35
806 345 273
333 220 216
392 981 912
508 528 510
773 340 368
629 152 132
88 965 984
272 497 531
778 457 416
788 588 536
53 661 570
176 787 763
155 326 380
624 465 421
883 834 744
929 514 550
891 871 925
326 513 421
715 221 285
252 485 506
870 700 732
631 743 810
873 192 290
273 879 902
87 240 239
541 288 273
397 896 859
849 693 722
973 731 703
394 573 595
57 226 222
768 814 736
860 670 767
725 663 614
871 322 291
71 766 843
954 259 215
609 543 469
307 228 149
826 548 547
956 203 214
747 631 596
377 732 669
997 720 802
236 951 1007
973 370 440
140 270 331
626 523 506
758 641 685
250 735 745
354 291 292
939 786 736
639 186 212
325 351 376
271 272 344
563 968 1035
743 838 933
207 667 687
803 149 121
506 793 815
708 394 487
468 844 924
552 182 190
822 743 816
5 413 340
969 293 333
788 148 137
415 128 158
458 665 655
226 986 1078
544 641 674
370 610 537
450 525 562
161 119 121
501 891 894
706 126 123
749 750 704
769 258 295
393 837 766
378 353 327
974 317 400
536 912 869
3 144 190
12 756 835
889 321 300
907 780 700
627 323 393
792 566 590
610 289 191
882 419 397
115 749 722
17 674 754
54 928 1008
779 692 775
17 599 660
769 952 994
8 155 123
520 913 839
720 576 624
68 588 612
786 937 984
421 374 425
340 287 349
994 202 219
545 127 148
492 843 818
542 588 564
444 891 971
967 120 144
505 780 818
435 446 441
731 215 294
929 887 834
32 718 664
51 353 408
874 892 845
412 336 398
290 677 627
300 590 534
53 255 300
431 870 802
548 405 483
422 315 379
106 527 597
379 734 814
258 537 592
512 776 714
149 608 604
688 835 891
851 144 210
705 791 743
38 935 997
267 841 787
735 683 650
437 554 597
916 469 563
665 273 270
225 442 469
40 870 834
77 674 609
841 526 602
769 761 844
590 593 529
235 801 884
732 213 184
136 850 804
318 828 915
691 372 304
545 937 877
180 336 291
647 491 414
379 385 462
921 312 307
698 476 518
813 404 393
645 721 737
453 964 1043
747 908 926
676 164 91
929 343 306
358 590 682
667 697 665
893 598 550
304 135 227
635 769 823
322 277 260
282 794 868
180 705 728
239 342 301
500 463 408
40 744 760
699 712 661
248 127 55
275 361 350
16 326 242
203 126 106
971 499 536
641 385 457
901 936 856
298 309 329
12 509 537
687 139 107
706 361 379
987 488 561
230 885 961
247 958 874
684 428 339
992 148 187
920 917 936
145 120 199
593 657 738
624 341 359
905 646 605
330 281 238
202 161 164
155 945 997
511 130 119
554 179 167
461 799 771
472 441 442
87 348 267
346 265 309
947 793 818
140 170 261
197 426 358
135 886 849
157 676 741
235 186 162
9 578 646
380 900 862
647 461 441
820 549 598
587 303 341
655 863 929
10 827 733
881 970 903
518 362 326
603 208 219
129 547 560
17 406 494
411 685 703
904 153 135
121 816 915
967 544 574
773 396 428
740 423 431
23 569 481
133 856 888
623 462 520
956 964 1026
603 915 859
650 552 477
444 918 867
930 917 859
252 609 706
603 310 355
119 793 843
957 848 924
353 550 551
313 366 358
218 197 109
714 394 436
622 506 437
530 725 642
91 915 883
315 904 992
83 661 573
912 439 342
407 335 309
694 784 820
792 306 386
112 363 386
556 998 945
247 249 302
152 328 399
44 631 565
664 580 531
34 635 568
286 653 668
44 983 937
263 703 615
547 616 551
546 275 321
702 487 582
947 281 206
532 157 91
62 312 379
652 540 614
262 691 622
243 315 254
909 557 549
478 613 514
663 769 780
87 530 481
279 510 450
331 624 671
557 778 837
40 633 622
693 518 560
923 657 747
425 834 906
990 356 324
731 365 265
203 859 777
651 199 172
230 380 420
981 146 97
569 856 815
28 366 463
642 998 1080
456 958 925
732 837 802
20 251 163
861 255 207
959 336 419
264 664 592
304 397 322
142 626 665
429 889 933
428 880 853
381 803 867
198 215 225
356 508 522
518 562 548
771 797 775
394 721 752
717 850 942
296 962 882
172 691 697
38 444 535
817 769 736
935 610 617
383 214 292
891 723 705
663 220 156
350 570 585
183 265 223
140 230 247
792 321 373
169 794 853
909 757 780
471 171 181
587 648 735
277 553 618
400 919 916
916 193 260
91 706 610
226 967 899
463 602 692
232 391 315
959 213 119
27 762 762
632 364 282
131 306 279
40 152 205
133 587 623
802 445 499
765 464 563
319 608 600
634 568 606
749 678 708
482 706 742
767 265 227
987 345 333
34 672 668
570 464 486
945 183 166
344 871 807
903 871 871
419 393 320
57 121 197
726 702 675
900 418 344
164 695 619
795 199 129
193 628 672
274 285 319
129 656 558
984 818 901
302 375 342
314 495 473
979 393 316
325 719 622
982 838 774
83 945 1040
664 193 127
861 837 826
475 544 558
271 557 568
568 484 556
1 783 717
318 243 173
3 349 344
820 367 359
759 530 538
852 511 452
670 663 576
158 170 178
660 680 742
80 288 264
835 164 140
985 319 358
254 455 495
542 880 884
14 401 357
464 883 809
86 178 238
153 238 330
793 720 744
992 554 594
53 892 899
287 342 346
674 964 1019
540 699 662
866 274 240
735 524 583
811 642 718
955 468 374
641 434 499
140 986 1049
20 720 794
280 308 239
240 772 838
901 572 546
85 855 803
550 261 356
148 968 1025
550 863 911
913 892 868
898 738 742
584 578 586
806 465 529
550 606 518
70 459 551
906 791 700
77 116 135
42 984 1033
887 795 754
766 566 507
473 907 828
998 484 522
397 966 965
954 808 717
347 863 786
112 831 735
119 874 793
101 516 444
870 290 195
384 553 611
280 739 692
700 835 788
662 560 592
447 113 136
293 154 246
104 257 172
961 278 216
418 366 325
620 490 423
119 515 524
826 332 397
640 569 574
146 805 743
149 506 533
198 166 252
362 134 40
550 202 301
837 375 357
265 637 544
719 785 715
967 384 479
483 233 256
265 703 756
709 874 956
771 552 474
798 492 486
901 523 427
199 520 592
791 888 813
550 919 987
857 167 229
994 149 107
661 700 711
520 492 445
18 415 323
446 514 581
909 935 983
370 956 1043
245 832 878
155 943 899
218 805 732
262 637 563
924 899 957
354 507 469
697 746 712
151 782 837
79 638 675
30 407 318
841 353 313
778 114 105
559 363 397
152 485 572
39 602 673
485 419 361
200 698 780
954 993 905
549 795 722
882 516 449
156 567 469
160 835 892
443 350 319
864 949 949
417 892 899
764 767 671
425 957 901
417 877 812
187 932 977
644 167 188
157 317 370
971 327 412
242 140 113
185 450 396
64 895 924
802 486 468
755 507 574
617 706 657
541 865 853
604 623 540
837 276 224
81 956 898
114 890 881
496 328 356
379 534 575
800 223 224
247 590 542
917 446 522
766 674 658
342 178 83
528 255 327
479 471 559
356 662 573
601 179 189
78 749 835
204 487 533
743 938 1033
121 283 362
754 176 208
829 551 451
992 574 580
398 452 354
19 402 375
96 454 547
813 946 854
237 885 834
168 647 745
362 628 550
436 535 608
931 235 273
453 238 275
837 710 627
166 719 639
551 156 95
491 127 29
362 166 115
965 387 370
547 379 434
26 478 421
165 358 287
308 975 995
982 697 684
667 773 793
718 865 795
737 153 182
800 164 65
111 386 480
412 758 761
825 562 571
104 754 795
77 885 788
736 530 430
481 919 952
330 566 543
377 703 627
438 388 472
748 394 300
476 370 359
983 832 786
707 427 401
579 170 159
50 186 123
958 186 219
471 779 878
138 233 207
450 341 403
769 272 283
61 301 208
872 697 600
229 938 983
296 381 342
380 781 752
464 947 909
216 651 708
353 648 732
613 980 954
794 813 741
10 422 362
669 453 367
600 471 431
904 228 247
659 499 594
599 816 804
207 206 237
811 904 806
789 836 861
580 278 261
929 404 389
315 585 504
720 651 690
852 921 941
290 564 516
83 545 617
191 939 852
84 636 712
900 647 681
89 314 264
420 687 623
952 180 179
561 268 211
472 890 803
982 538 509
472 771 759
404 649 675
994 712 754
598 606 628
826 314 354
475 537 461
552 697 612
729 249 276
606 441 362
87 501 419
829 819 831
436 322 415
112 883 975
669 630 641
897 287 264
377 913 985
37 134 116
192 201 129
563 767 816
3 864 930
800 946 978
38 558 478
907 528 470
491 494 570
690 992 1047
593 446 377
619 322 260
721 689 666
460 816 905
309 592 682
248 445 495
751 147 205
221 237 276
652 426 363
644 321 396
21 125 119
259 265 183
909 437 499
702 780 734
245 735 751
621 692 757
662 472 488
804 285 345
159 905 895
395 184 103
412 965 888
585 496 471
951 578 535
704 411 508
407 655 601
61 283 353
467 132 135
663 648 612
556 471 467
638 875 950
600 962 919
34 178 252
559 513 577
897 768 773
509 758 844
703 966 1064
727 837 829
331 408 332
737 694 730
597 232 195
555 121 204
631 376 466
84 261 263
823 993 974
552 573 656
514 515 539
332 510 479
666 920 955
322 141 124
458 746 648
470 140 153
767 957 896
937 914 870
930 479 400
451 842 873
905 768 702
355 431 431
266 739 672
301 453 451
16 823 912
49 834 817
2 450 387
905 626 550
320 877 787
143 971 972
882 666 648
242 819 872
949 377 283
335 528 494
137 965 934
951 920 899
333 403 382
913 569 529
775 679 703
742 728 781
367 288 317
164 653 730
464 446 513
933 474 408
894 770 732
804 190 142
134 543 561
649 897 898
289 277 233
983 831 736
183 622 600
793 308 319
171 210 114
580 955 1045
321 221 290
411 497 527
897 730 787
781 370 357
969 821 866
779 184 225
355 206 284
577 555 591
688 161 232
638 179 166
762 139 190
198 894 827
894 585 497
186 396 465
985 784 847
68 539 557
176 280 369
675 184 189
732 792 734
809 664 734
841 162 185
722 834 896
256 983 1024
577 151 229
335 903 978
817 739 828
8 379 303
90 334 393
857 802 807
480 992 959
537 861 796
352 519 599
333 353 284
378 982 1028
270 887 800
977 779 856
280 731 809
531 839 935
308 659 727
300 240 204
145 540 611
604 699 640
877 611 619
857 750 834
731 514 452
483 575 508
181 473 462
2 378 473
618 364 321
763 222 239
246 507 553
907 381 347
470 567 509
190 160 73
643 978 1037
166 258 214
573 406 398
874 804 796
159 784 700
285 149 218
731 670 588
35 430 529
548 727 720
604 915 946
579 977 937
744 799 792
78 161 68
857 574 656
615 987 901
658 171 142
287 923 840
646 115 39
340 115 149
245 532 487
220 228 298
993 496 515
51 911 946
572 946 952
557 870 799
626 935 996
540 364 282
545 442 489
550 552 467
24 260 224
156 504 512
590 375 382
490 907 924
430 619 550
284 205 248
211 337 305
496 164 240
868 247 232
365 904 999
533 974 874
976 373 304
274 855 904
170 443 390
742 965 998
848 217 307
103 854 786
163 268 299
317 163 168
210 543 621
182 523 507
477 524 504
315 663 697
689 438 506
650 649 666
770 353 339
606 310 317
783 454 493
843 150 53
330 618 562
793 521 502
258 899 975
879 366 305
249 965 1042
854 825 832
128 457 418
352 842 924
739 429 468
783 161 168
354 174 247
816 374 406
702 736 819
989 631 690
950 807 716
754 706 786
145 294 199
967 566 542
326 488 412
382 217 297
454 696 647
750 579 493
454 278 333
40 206 259
823 915 958
493 957 951
699 869 892
211 895 911
635 345 426
756 452 410
415 366 414
942 595 593
131 660 749
238 462 559
143 254 316
95 891 851
947 421 321
830 968 910
94 597 666
478 515 536
765 773 677
310 545 637
928 985 903
324 939 905
485 928 922
363 761 774
711 142 145
676 145 114
224 335 323
678 202 285
424 740 776
912 759 857
896 726 810
828 809 758
748 214 259
480 636 554
515 252 312
553 712 707
806 131 171
908 523 499
616 450 510
346 168 211
38 162 184
823 981 969
939 309 247
531 958 992
690 151 88
367 866 913
390 403 411
853 139 129
235 478 391
300 305 287
357 943 933
336 600 555
559 993 936
513 274 323
558 870 857
408 145 205
737 802 740
769 397 306
183 799 755
401 861 876
337 341 428
887 743 697
880 988 1054
64 290 258
918 954 1034
957 452 414
735 277 186
58 448 511
832 489 588
676 738 717
935 365 412
647 309 333
633 550 551
835 400 413
784 706 703
169 620 608
357 896 831
736 938 885
163 775 688
868 774 823
155 240 276
378 896 861
872 562 654
199 122 181
869 628 644
442 172 221
326 567 488
257 727 795
4 937 837
749 999 1073
895 773 678
779 489 470
287 780 735
300 745 740
882 565 534
951 192 249
465 859 781
158 953 927
88 813 787
88 817 741
832 705 608
258 730 789
11 202 119
724 450 427
236 874 827
327 294 237
169 995 1031
117 207 275
906 537 622
701 870 773
370 980 1049
67 997 918
170 818 741
551 894 962
411 347 262
616 585 565
611 780 794
720 498 535
200 357 376
55 295 254
33 310 343
30 175 221
825 270 350
707 374 364
973 233 305
507 301 297
260 660 578
696 281 343
974 893 795
182 533 446
406 797 716
479 500 425
658 262 352
953 174 206
92 577 603
306 456 384
924 883 863
116 964 883
995 797 711
471 807 757
243 866 897
681 953 880
851 178 237
922 137 186
448 724 792
836 399 328
705 524 438
665 881 818
437 968 904
221 143 173
71 369 448
19 955 970
95 188 173
124 895 865
814 673 732
138 531 557
604 660 627
471 723 623
436 888 876
473 160 192
763 740 786
713 647 697
801 270 338
684 650 743
316 962 1018
788 782 866
407 457 461
96 759 857
970 764 750
26 267 347
734 856 889
338 617 593
517 395 331
125 257 330
82 229 165
837 924 1018
228 853 828
957 430 424
692 425 413
868 808 801
707 722 662
277 426 434
597 765 676
762 926 862
894 806 758
809 967 887
645 941 906
5 388 345
359 808 904
144 314 383
832 731 742
188 912 978
923 504 490
840 555 493
623 717 634
587 952 1031
521 154 162
832 447 456
618 703 783
846 685 594
545 551 626
447 156 69
889 897 995
389 390 456
72 561 551
19 638 546
68 545 557
447 138 116
113 623 525
759 538 609
255 581 561
306 474 543
191 534 581
505 525 450
12 375 315
604 778 721
94 814 771
124 424 470
700 774 843
181 784 805
710 658 730
119 128 61
594 883 854
61 651 723
358 765 839
109 943 938
899 248 262
252 503 542
997 267 246
756 130 145
372 669 626
391 546 526
261 695 794
868 124 35
604 891 874
541 779 784
695 315 300
138 823 858
314 551 586
336 903 889
964 526 586
455 780 719
113 251 242
128 250 214
6 303 388
757 675 668
987 254 186
788 633 593
285 346 369
176 947 1037
643 442 525
396 268 242
554 441 437
710 846 868
927 245 268
562 181 155
723 598 570
311 745 674
576 124 110
517 672 693
890 629 579
67 554 583
439 884 824
266 425 507
417 967 1034
497 626 606
46 958 883
758 390 377
774 523 425
406 908 913
988 561 544
488 785 782
358 472 557
711 652 590
675 574 595
256 432 353
209 789 719
523 900 981
987 399 435
884 409 326
391 879 794
150 363 376
556 796 880
165 729 756
686 899 861
47 551 564
810 645 700
698 779 738
23 698 655
358 417 351
223 497 509
507 566 608
278 181 134
973 114 100
860 679 602
356 956 888
957 571 665
709 372 406
371 638 676
715 893 803
150 156 111
662 656 712
741 399 310
745 637 543
385 131 209
337 235 184
855 381 322
150 358 441
743 956 913
624 685 585
676 731 661
290 976 1038
614 783 794
207 836 796
230 865 902
371 771 675
675 993 1068
954 287 192
905 213 267
551 468 447
250 469 383
224 605 577
979 440 535
795 934 870
644 313 295
387 924 980
379 945 936
578 837 819
693 863 826
95 661 734
499 124 47
55 189 157
425 511 475
352 490 413
580 653 705
495 132 61
434 828 833
252 347 268
98 714 773
716 997 1075
732 881 859
820 986 975
271 401 475
698 687 631
309 791 851
333 579 538
140 711 757
406 290 386
86 384 300
83 206 265
949 112 118
934 461 431
262 858 882
910 745 708
675 944 969
203 769 861
877 146 66
80 797 798
388 783 801
495 856 891
497 677 701
890 259 270
732 570 633
446 233 278
383 517 498
124 186 207
164 151 148
936 241 254
693 691 781
532 329 318
169 929 1018
336 595 662
853 202 215
991 931 833
449 691 670
534 162 166
580 703 739
726 245 269
380 747 709
625 706 775
546 215 118
91 167 137
194 910 850
117 526 465
769 538 567
827 891 826
494 464 515
645 184 181
361 736 809
31 127 125
149 880 787
212 894 819
111 318 282
578 500 487
59 675 616
936 359 266
335 519 524
417 305 239
122 737 743
141 617 630
7 164 206
887 197 282
122 311 218
559 597 620
194 987 1021
473 282 304
932 314 402
151 784 756
855 938 934
425 524 548
486 138 163
584 773 776
809 708 735
357 741 680
342 399 377
535 998 1071
763 651 710
521 602 691
451 924 984
916 465 410
947 130 173
693 689 648
365 260 181
74 828 820
398 115 176
396 463 431
5 343 264
558 163 188
473 117 32
871 832 930
893 147 235
544 783 809
712 159 258
519 255 169
524 668 662
920 496 569
182 800 874
241 894 880
248 561 641
59 630 684
100 625 658
855 573 515
910 248 332
74 248 236
701 313 406
136 732 809
911 615 529
792 501 463
300 883 894
884 797 820
462 597 640
982 302 316
138 490 486
292 423 434
520 818 769
220 790 768
787 691 651
227 753 672
96 140 119
868 636 591
416 296 344
631 933 977
58 553 625
409 982 912
205 587 621
969 816 894
622 276 312
345 546 627
378 631 531
969 982 1056
178 342 299
103 112 195
600 756 850
580 633 609
117 770 787
910 480 491
97 385 321
586 990 995
172 907 987
153 909 983
413 794 704
414 159 89
141 975 1025
728 952 918
469 405 395
884 929 901
193 536 527
182 697 605
78 275 218
975 189 162
743 964 1020
798 120 59
770 257 224
717 927 839
49 335 341
968 735 718
448 167 189
108 574 632
292 613 686
380 805 873
340 243 260
351 937 914
516 221 152
434 520 595
686 576 660
389 160 238
453 531 499
974 185 174
540 889 936
321 773 696
470 635 626
400 268 330
524 612 577
984 752 803
508 641 630
564 573 639
38 478 435
122 780 732
996 289 349
742 946 870
332 163 181
509 572 670
74 403 406
795 693 693
392 480 381
912 876 890
325 728 750
79 984 1030
279 327 372
220 150 144
279 259 319
797 785 747
127 778 754
782 347 282
197 792 806
58 800 796
752 420 481
735 963 1040
978 725 658
24 484 460
191 902 934
949 726 718
700 114 131
966 456 429
733 615 628
508 234 258
856 663 638
815 492 414
506 391 308
925 538 460
816 879 839
509 580 530
512 989 1079
900 621 704
469 949 979
607 562 493
229 227 129
658 561 626
974 659 626
455 738 690
320 838 753
847 218 235
835 442 361
410 399 498
353 326 319
860 904 818
991 156 116
498 170 262
116 907 994
822 317 295
640 549 591
761 617 628
135 249 227
459 336 396
702 335 266
595 750 653
647 817 718
713 198 199
610 164 188
842 996 985
335 455 372
905 199 268
62 696 792
315 157 145
567 872 800
288 123 170
82 139 116
180 147 66
240 598 639
236 263 273
624 660 737
723 736 794
381 601 671
434 586 519
291 979 1026
305 218 122
336 876 796
377 330 286
925 418 422
98 159 211
715 649 625
420 548 469
971 363 360
507 232 316
484 381 323
605 146 149
466 167 237
712 260 206
59 512 443
113 978 928
719 765 859
211 217 195
495 313 285
631 747 820
936 679 649
976 868 959
40 440 424
207 311 238
659 517 456
635 657 618
371 883 788
491 857 804
718 315 361
435 637 609
74 520 479
926 834 789
297 797 760
523 285 289
979 407 343
594 580 643
464 854 791
304 878 913
534 200 179
126 851 917
587 286 366
401 552 618
173 797 722
369 189 219
702 653 679
231 814 758
68 651 688
930 817 915
32 530 535
865 882 912
63 732 679
559 647 674
332 497 559
420 610 546
31 300 376
821 860 782
430 171 107
224 783 705
696 776 704
564 354 255
263 934 848
866 257 282
301 826 918
863 658 634
76 819 801
918 715 661
986 816 848
742 977 1054
491 188 204
765 315 244
692 323 304
856 386 341
661 946 961
278 911 898
75 362 365
754 727 713
548 935 919
523 635 567
610 534 564
840 163 146
79 293 215
388 657 750
328 902 927
229 525 606
511 916 1012
205 485 532
132 871 827
722 356 417
198 501 484
257 194 145
462 567 534
77 666 710
966 638 548
433 308 264
339 225 283
759 208 307
615 862 787
890 226 296
330 943 852
424 425 386
937 654 707
562 953 1021
156 708 770
378 754 702
507 114 130
617 818 786
463 815 906
592 930 999
529 797 732
882 840 860
494 223 230
441 906 826
113 767 718
836 599 625
840 815 743
637 444 495
430 747 691
352 709 771
124 573 541
944 731 675
72 376 419
965 854 785
704 944 898
254 282 203
47 845 934
421 969 985
138 753 655
810 949 922
331 782 779
29 197 183
327 395 395
164 144 138
101 285 219
293 526 511
119 621 615
85 574 653
808 205 111
751 217 285
507 542 476
604 976 916
924 473 478
962 921 959
159 451 509
626 606 523
200 987 927
722 519 476
828 426 345
947 455 524
433 316 287
407 470 561
814 650 726
726 231 300
109 847 747
666 663 689
651 739 805
111 921 931
466 290 266
853 377 342
85 243 295
489 559 492
96 523 619
231 420 461
59 283 346
680 287 283
387 847 773
300 696 644
501 298 339
801 636 648
949 928 957
454 715 642
918 863 809
266 846 838
460 585 589
658 421 361
487 849 866
146 967 1044
357 294 271
948 924 861
868 536 463
548 222 240
394 342 344
222 548 603
756 958 905
106 532 611
935 711 687
898 345 350
105 245 322
21 591 658
499 760 800
624 884 834
884 522 551
376 978 1051
330 780 804
804 992 1037
480 900 932
743 352 364
894 823 856
435 722 759
166 576 513
36 312 373
499 535 573
474 219 133
228 990 969
220 655 595
108 413 449
379 114 99
181 614 578
868 318 369
392 929 1013
618 205 296
96 925 916
218 654 739
208 716 647
819 182 157
160 363 359
164 970 1042
729 460 368
962 745 827
883 529 489
989 459 543
906 421 324
517 826 773
198 763 751
279 903 855
562 349 333
529 779 795
922 657 619
637 697 652
107 619 550
499 889 818
848 820 731
652 836 850
387 156 210
278 549 458
546 782 804
298 268 196
912 788 700
572 178 217
144 424 485
20 565 526
817 698 628
633 747 808
684 367 305
178 162 156
933 206 109
112 749 711
873 874 819
949 930 989
302 664 752
813 492 584
474 764 819
190 901 883
478 728 647
536 900 855
643 429 370
362 444 408
222 723 661
144 925 853
766 746 735
195 695 646
930 661 707
818 466 550
514 833 813
402 920 1007
760 275 291
135 461 549
823 746 678
739 918 879
454 156 70
112 553 506
731 783 722
131 547 450
943 479 485
854 835 921
40 779 817
434 407 472
148 356 386
57 502 480
108 777 846
605 843 934
362 194 231
852 371 434
267 388 440
82 861 884
834 802 833
167 529 446
443 377 324
884 956 914
634 415 395
458 277 178
552 238 211
845 849 792
158 688 685
2 477 490
779 135 115
251 718 731
550 797 699
501 118 197
843 378 383
31 734 831
174 739 746
6 176 152
655 372 380
67 804 812
95 420 384
778 777 791
550 394 318
558 404 428
859 312 305
561 783 782
268 772 806
342 363 398
636 705 671
416 298 277
764 780 778
514 178 132
832 687 750
163 796 771
389 461 408
146 876 935
890 428 341
175 136 117
843 737 645
54 142 133
807 496 440
883 934 981
532 285 298
303 125 171
697 461 384
558 671 624
916 491 422
944 549 515
649 911 845
684 949 894
118 467 373
44 665 748
240 430 419
256 935 985
649 696 685
281 802 703
709 149 233
203 288 361
103 582 585
46 737 677
447 938 901
71 969 941
430 895 915
357 405 476
16 184 184
793 584 641
836 591 589
37 523 562
567 405 464
272 864 933
203 153 111
168 436 408
51 757 815
382 402 331
465 273 205
996 722 813
537 531 589
1 970 1036
332 701 680
180 522 556
228 385 459
594 644 552
321 966 884
648 781 775
831 914 1001
519 172 258
992 134 128
959 841 835
624 691 751
87 156 252
396 752 694
996 639 699
958 676 601
713 757 811
617 288 309
686 232 156
712 174 97
534 593 508
187 123 163
239 837 894
960 822 758
555 120 55
191 835 762
917 947 1017
118 746 739
255 395 325
326 505 578
868 609 589
883 677 694
701 411 476
501 222 279
512 384 352
328 543 549
269 666 655
983 533 546
303 949 1013
747 197 126
309 967 870
946 433 512
284 955 975
409 800 720
717 610 632
204 914 1002
828 498 440
304 897 835
247 513 512
343 354 302
307 485 495
670 500 499
620 411 467
396 944 882
958 146 227
861 692 614
297 640 728
183 827 775
635 999 997
908 551 617
330 767 695
768 369 431
106 812 798
44 618 683
84 788 845
737 706 735
333 806 894
139 754 679
138 971 1023
634 519 552
373 372 272
663 497 550
452 328 402
23 711 794
784 557 457
455 366 413
238 942 856
961 892 833
929 116 85
389 792 888
682 499 469
117 499 402
362 293 286
38 181 179
540 997 952
827 998 1044
762 765 858
642 828 914
648 126 198
415 435 384
851 419 505
289 734 643
494 749 731
573 278 267
570 716 813
568 962 1025
304 724 739
111 697 641
128 636 709
493 512 468
839 734 661
540 674 658
259 718 801
448 195 193
129 594 506
87 585 611
777 422 508
438 937 845
29 245 179
481 129 162
183 381 381
817 502 410
501 880 840
596 807 857
140 356 431
673 411 504
24 971 1019
953 912 848
106 952 894
126 217 255
431 808 882
871 367 405
736 407 345
521 677 734
796 456 541
135 349 369
103 320 344
6 981 996
952 254 290
72 441 502
855 166 114
145 944 866
478 669 738
116 839 812
505 650 583
773 586 546
10 231 211
988 786 767
150 410 382
521 129 115
584 849 806
521 173 159
150 273 355
969 138 43
576 466 472
111 613 573
246 881 843
6 350 310
343 713 703
364 145 239
194 529 540
265 784 699
447 280 225
478 200 139
878 223 277
444 696 773
310 966 892
580 356 283
258 625 620
297 138 206
767 115 22
526 611 571
716 681 730
816 885 830
943 172 93
601 861 870
564 759 830
840 876 863
420 997 1036
451 535 633
456 395 447
19 428 385
661 696 596
532 473 536
601 674 726
445 768 740
174 367 452
35 242 295
33 632 569
509 363 390
829 357 275
187 145 67
845 400 454
253 402 363
886 241 322
626 919 889
915 353 358
63 288 300
649 971 989
933 249 169
211 817 903
250 902 825
575 114 206
903 802 745
51 186 106
960 992 1037
233 416 444
433 883 924
401 492 463
557 131 89
352 222 222
242 161 211
246 267 232
25 234 179
109 427 383
101 518 466
444 278 272
313 851 932
742 591 552
765 908 981
890 277 220
947 722 714
123 500 541
262 790 836
618 994 1061
77 354 441
265 568 544
98 990 1029
638 907 894
535 292 232
721 173 91
410 367 275
847 776 708
612 514 498
605 275 183
879 131 54
394 966 942
383 418 414
279 147 71
483 537 568
553 717 692
841 800 857
590 836 862
45 980 929
229 469 539
253 507 553
215 613 537
560 955 956
601 495 552
81 602 555
763 295 359
539 630 662
355 440 390
333 115 74
736 333 338
183 201 256
747 850 948
697 960 970
130 522 453
682 331 278
889 570 470
474 411 418
845 112 190
850 337 282
101 602 694
203 181 110
34 874 952
989 868 886
452 472 516
700 611 591
217 821 779
555 821 874
556 412 434
811 318 310
364 520 532
444 487 540
302 617 677
155 522 579
561 159 107
124 800 888
923 269 200
723 529 571
62 322 275
295 867 783
755 390 379
179 891 968
748 683 621
212 505 474
266 318 399
42 533 439
220 482 572
691 623 658
929 368 415
780 608 514
95 680 737
971 187 280
615 977 1020
60 258 343
293 565 503
768 483 430
186 510 501
762 469 398
52 182 97
611 839 910
252 869 959
338 681 765
312 652 659
478 399 418
989 335 412
408 507 538
857 716 784
261 232 253
342 362 393
162 429 382
15 301 305
655 257 328
265 187 121
589 665 694
841 307 334
288 209 118
969 794 874
106 656 588
389 306 307
747 891 924
961 242 278
126 706 673
213 580 600
836 732 670
58 420 326
168 987 950
936 139 96
550 942 920
769 200 256
648 650 656
796 355 353
465 961 984
993 373 439
692 908 941
40 188 232
26 217 295
58 501 566
993 757 732
94 218 147
700 914 973
975 497 515
932 934 845
227 594 504
124 444 492
212 148 204
331 791 852
769 695 768
497 543 614
618 879 969
522 122 152
957 829 854
883 466 478
428 517 574
803 561 643
844 332 256
610 138 128
268 857 801
754 737 781
619 612 579
631 569 641
440 260 323
839 818 858
296 428 353
803 239 325
53 160 215
84 269 246
923 673 704
628 871 853
192 622 527
708 923 955
876 800 719
672 638 725
30 373 320
174 488 395
229 428 346
408 230 164
40 574 493
895 268 313
471 633 716
385 659 684
161 357 357
753 446 380
49 392 332
473 601 576
830 635 655
964 715 617
486 870 780
664 957 1046
252 712 695
868 639 699
146 306 398
522 751 794
838 906 959
390 197 144
980 531 444
660 180 86
515 191 194
467 237 173
144 191 177
738 562 522
957 388 377
678 356 450
573 994 1055
670 786 725
144 998 933
222 170 238
313 200 171
455 662 726
545 825 918
54 323 363
366 592 624
641 991 958
635 965 1047
394 796 812
393 973 1018
460 244 333
561 991 943
182 417 460
985 259 211
225 228 190
766 854 890
757 553 517
719 854 945
490 777 747
461 406 454
611 162 102
601 116 168
946 348 437
114 984 1070
246 327 257
82 607 691
579 323 358
416 609 588
166 570 647
497 881 850
555 653 744
561 833 844
828 623 624
810 574 597
55 512 584
613 650 739
852 580 585
412 295 383
928 648 569
796 548 568
406 857 788
219 820 864
795 429 438
317 878 850
768 539 521
376 419 324
904 371 446
112 839 797
715 787 731
208 882 785
48 531 515
846 673 701
204 425 412
68 914 964
550 345 349
896 714 793
190 739 799
9 632 714
770 892 917
638 200 267
111 215 291
743 590 635
98 271 357
2 659 559
265 439 448
943 903 892
650 811 838
237 635 664
116 557 540
216 226 136
333 969 901
873 865 946
54 625 526
671 565 466
41 565 519
931 165 108
720 562 635
310 239 159
812 812 755
942 292 278
908 339 392
757 485 513
336 403 441
847 408 381
359 415 396
420 656 623
928 848 759
73 729 702
861 820 756
66 125 49
324 512 418
745 306 363
75 875 799
410 604 698
752 929 894
366 401 450
196 702 737
890 754 804
689 192 214
705 353 388
157 461 361
377 488 537
237 300 364
791 410 356
712 384 480
40 677 646
705 454 462
430 168 154
522 835 759
794 490 555
189 203 300
613 204 176
826 867 886
163 708 686
470 913 833
108 898 826
494 318 387
558 802 757
373 299 358
799 409 427
903 256 312
9 244 223
860 566 510
532 209 186
436 557 628
321 649 741
555 776 767
333 642 545
545 889 866
880 711 648
45 350 268
194 157 76
706 508 599
817 706 704
320 159 244
924 920 869
673 887 947
271 404 331
147 418 454
822 763 775
92 930 951
144 122 181
591 210 211
261 174 138
316 612 640
227 548 561
100 769 717
430 595 597
776 716 747
510 433 429
432 932 946
444 581 624
556 403 364
628 852 865
192 250 326
684 822 743
425 437 378
969 652 679
650 218 200
13 803 888
936 341 312
466 849 909
794 596 567
628 868 964
786 483 418
586 378 450
953 474 431
562 660 611
683 339 420
462 708 791
721 641 711
552 958 922
99 781 703
950 209 257
369 196 201
669 353 276
79 230 143
696 484 510
953 710 672
625 626 681
222 554 553
175 425 334
929 710 639
41 812 731
136 584 577
409 165 92
543 268 211
962 330 412
637 891 964
218 281 278
716 972 1014
70 525 602
744 569 632
533 700 771
66 788 886
128 314 294
305 435 523
551 626 707
429 548 556
621 428 480
1752
1739145 1738242
1739143 1738732
1739141 1738827
1739137 1738885
1739136 1738947
1739133 1738984
1739131 1739002
1739130 1739097
1739128 1739113
1739127 1739118
1739126 1739125
1739125 1739148
1739124 1739189
1739123 1739215
1739121 1739233
1739120 1739270
1739118 1739296
1739117 1739314
1739115 1739321
1739114 1739358
1739113 1739361
1739112 1739404
1739110 1739433
1739107 1739460
1739106 1739486
1739104 1739497
1739103 1739500
1739102 1739541
1739101 1739556
1739099 1739557
1739098 1739593
1739095 1739604
1739094 1739619
1739093 1739644
1739091 1739676
1739088 1739687
1739087 1739716
1739086 1739730
1739085 1739742
1739082 1739763
1739081 1739765
1739080 1739790
1739079 1739813
1739076 1739823
1739074 1739828
1739073 1739851
1739072 1739865
1739071 1739879
1739070 1739884
1739069 1739888
1739068 1739899
1739067 1739907
1739066 1739926
1739065 1739939
1739064 1739953
1739063 1739954
1739061 1739960
1739060 1739966
1739059 1740004
1739055 1740015
1739054 1740030
1739053 1740044
1739051 1740054
1739050 1740058
1739048 1740084
1739047 1740097
1739046 1740111
1739045 1740113
1739043 1740115
1739042 1740167
1739037 1740177
1739035 1740195
1739033 1740204
1739031 1740211
1739030 1740226
1739028 1740253
1739027 1740254
1739026 1740268
1739024 1740287
1739020 1740305
1739018 1740312
1739016 1740321
1739015 1740338
1739013 1740346
1739012 1740365
1739009 1740380
1739008 1740384
1739007 1740392
1739005 1740393
1739004 1740411
1739002 1740415
1739001 1740428
1738999 1740429
1738998 1740443
1738997 1740449
1738995 1740452
1738994 1740460
1738993 1740477
1738992 1740479
1738991 1740483
1738990 1740492
1738988 1740499
1738987 1740501
1738986 1740511
1738984 1740545
1738980 1740548
1738978 1740554
1738977 1740559
1738976 1740570
1738975 1740579
1738973 1740586
1738972 1740593
1738971 1740594
1738970 1740597
1738969 1740608
1738968 1740617
1738966 1740636
1738965 1740645
1738960 1740668
1738958 1740677
1738955 1740683
1738954 1740694
1738953 1740695
1738951 1740709
1738949 1740714
1738948 1740727
1738946 1740742
1738944 1740756
1738941 1740765
1738937 1740781
1738935 1740783
1738934 1740790
1738933 1740791
1738932 1740804
1738930 1740827
1738927 1740829
1738925 1740839
1738924 1740847
1738921 1740869
1738918 1740878
1738916 1740883
1738915 1740890
1738913 1740892
1738912 1740899
1738910 1740900
1738909 1740906
1738908 1740916
1738906 1740921
1738905 1740933
1738904 1740947
1738901 1740953
1738899 1740966
1738896 1740970
1738895 1740997
1738889 1741003
1738888 1741011
1738886 1741026
1738883 1741028
1738881 1741039
1738877 1741045
1738876 1741047
1738875 1741067
1738874 1741070
1738873 1741076
1738871 1741087
1738868 1741090
1738866 1741101
1738864 1741102
1738863 1741106
1738860 1741117
1738859 1741119
1738857 1741129
1738856 1741131
1738854 1741132
1738853 1741141
1738852 1741143
1738851 1741153
1738849 1741162
1738848 1741171
1738847 1741175
1738844 1741180
1738843 1741183
1738842 1741191
1738840 1741192
1738838 1741207
1738836 1741211
1738832 1741219
1738830 1741223
1738828 1741231
1738827 1741234
1738826 1741237
1738824 1741238
1738823 1741242
1738822 1741251
1738821 1741252
1738820 1741259
1738819 1741266
1738818 1741275
1738817 1741277
1738815 1741287
1738810 1741288
1738809 1741299
1738807 1741301
1738806 1741309
1738805 1741314
1738804 1741319
1738802 1741322
1738801 1741326
1738800 1741330
1738797 1741333
1738796 1741348
1738794 1741350
1738792 1741353
1738791 1741358
1738788 1741363
1738787 1741364
1738786 1741373
1738784 1741377
1738783 1741382
1738782 1741389
1738779 1741392
1738778 1741397
1738777 1741405
1738776 1741413
1738773 1741418
1738772 1741420
1738771 1741422
1738770 1741424
1738769 1741427
1738768 1741429
1738767 1741435
1738765 1741438
1738764 1741446
1738763 1741455
1738760 1741461
1738757 1741465
1738756 1741469
1738754 1741486
1738748 1741488
1738747 1741497
1738746 1741502
1738743 1741508
1738740 1741513
1738739 1741518
1738738 1741520
1738737 1741524
1738736 1741529
1738735 1741530
1738734 1741538
1738732 1741548
1738728 1741550
1738727 1741553
1738726 1741554
1738725 1741559
1738724 1741564
1738723 1741571
1738720 1741577
1738719 1741580
1738717 1741583
1738715 1741587
1738714 1741589
1738713 1741592
1738712 1741601
1738711 1741605
1738708 1741612
1738706 1741622
1738703 1741632
1738700 1741633
1738698 1741637
1738697 1741642
1738696 1741646
1738695 1741648
1738693 1741649
1738692 1741653
1738690 1741656
1738689 1741670
1738685 1741671
1738684 1741674
1738683 1741676
1738682 1741681
1738681 1741687
1738679 1741695
1738678 1741697
1738676 1741703
1738675 1741706
1738673 1741708
1738672 1741712
1738669 1741723
1738666 1741731
1738663 1741732
1738662 1741734
1738661 1741737
1738660 1741738
1738659 1741746
1738658 1741748
1738656 1741756
1738653 1741760
1738651 1741763
1738650 1741774
1738649 1741783
1738645 1741785
1738643 1741790
1738641 1741797
1738639 1741798
1738638 1741802
1738637 1741803
1738636 1741808
1738634 1741813
1738633 1741814
1738631 1741822
1738629 1741828
1738626 1741829
1738625 1741830
1738624 1741834
1738623 1741838
1738622 1741839
1738621 1741846
1738618 1741847
1738617 1741861
1738613 1741864
1738612 1741866
1738611 1741870
1738610 1741880
1738607 1741884
1738604 1741891
1738602 1741892
1738600 1741897
1738598 1741901
1738597 1741906
1738594 1741908
1738593 1741922
1738590 1741927
1738588 1741930
1738585 1741934
1738584 1741936
1738583 1741943
1738582 1741945
1738580 1741954
1738579 1741955
1738576 1741958
1738575 1741960
1738574 1741967
1738572 1741971
1738569 1741974
1738568 1741979
1738566 1741986
1738564 1741992
1738561 1741993
1738560 1741996
1738557 1741999
1738556 1742000
1738555 1742009
1738551 1742017
1738550 1742022
1738548 1742028
1738545 1742031
1738544 1742038
1738541 1742053
1738536 1742055
1738535 1742058
1738533 1742059
1738530 1742066
1738528 1742077
1738526 1742079
1738524 1742090
1738520 1742091
1738519 1742092
1738518 1742095
1738515 1742097
1738514 1742101
1738513 1742104
1738511 1742109
1738509 1742116
1738506 1742117
1738505 1742119
1738504 1742126
1738501 1742128
1738500 1742133
1738498 1742135
1738496 1742140
1738495 1742147
1738494 1742154
1738489 1742161
1738487 1742162
1738485 1742170
1738480 1742172
1738479 1742184
1738476 1742186
1738475 1742189
1738473 1742190
1738472 1742197
1738467 1742201
1738466 1742204
1738464 1742210
1738462 1742213
1738461 1742215
1738460 1742220
1738458 1742227
1738455 1742232
1738452 1742233
1738451 1742237
1738449 1742239
1738448 1742242
1738447 1742248
1738444 1742255
1738440 1742260
1738438 1742264
1738437 1742267
1738434 1742271
1738432 1742275
1738431 1742278
1738430 1742280
1738429 1742291
1738422 1742293
1738421 1742298
1738418 1742299
1738417 1742302
1738415 1742304
1738413 1742314
1738411 1742318
1738410 1742320
1738407 1742329
1738402 1742339
1738399 1742353
1738392 1742357
1738391 1742359
1738387 1742362
1738385 1742369
1738384 1742374
1738379 1742380
1738377 1742383
1738376 1742390
1738371 1742395
1738370 1742397
1738369 1742400
1738366 1742402
1738365 1742403
1738363 1742406
1738362 1742409
1738361 1742412
1738360 1742413
1738359 1742415
1738358 1742417
1738357 1742419
1738355 1742429
1738353 1742433
1738351 1742438
1738347 1742439
1738346 1742440
1738344 1742441
1738343 1742445
1738341 1742451
1738340 1742464
1738333 1742471
1738331 1742475
1738329 1742477
1738326 1742480
1738325 1742481
1738323 1742485
1738322 1742487
1738318 1742495
1738317 1742497
1738314 1742498
1738312 1742506
1738311 1742508
1738310 1742509
1738309 1742512
1738307 1742514
1738306 1742521
1738302 1742522
1738301 1742527
1738299 1742530
1738297 1742534
1738293 1742542
1738289 1742547
1738288 1742548
1738287 1742551
1738285 1742553
1738284 1742556
1738282 1742559
1738280 1742561
1738279 1742567
1738277 1742576
1738273 1742578
1738271 1742582
1738267 1742584
1738266 1742585
1738265 1742590
1738262 1742595
1738260 1742597
1738258 1742602
1738256 1742603
1738255 1742605
1738253 1742610
1738252 1742617
1738247 1742624
1738245 1742625
1738244 1742629
1738243 1742633
1738241 1742634
1738239 1742636
1738238 1742637
1738237 1742638
1738236 1742645
1738231 1742648
1738229 1742653
1738227 1742658
1738224 1742663
1738222 1742664
1738221 1742665
1738220 1742670
1738217 1742675
1738214 1742679
1738211 1742682
1738210 1742685
1738207 1742690
1738206 1742694
1738203 1742699
1738199 1742702
1738198 1742704
1738197 1742707
1738196 1742708
1738195 1742709
1738194 1742712
1738193 1742717
1738192 1742721
1738189 1742726
1738183 1742729
1738182 1742731
1738181 1742737
1738178 1742746
1738173 1742749
1738172 1742751
1738171 1742757
1738167 1742760
1738166 1742764
1738162 1742768
1738161 1742770
1738160 1742773
1738158 1742775
1738157 1742784
1738151 1742787
1738148 1742790
1738146 1742795
1738143 1742800
1738142 1742806
1738141 1742807
1738138 1742809
1738137 1742813
1738135 1742815
1738131 1742818
1738130 1742819
1738128 1742822
1738127 1742823
1738126 1742829
1738125 1742831
1738123 1742837
1738120 1742843
1738117 1742844
1738116 1742849
1738111 1742855
1738108 1742858
1738105 1742861
1738103 1742863
1738102 1742865
1738100 1742867
1738098 1742883
1738090 1742889
1738086 1742894
1738084 1742895
1738081 1742899
1738080 1742900
1738079 1742901
1738078 1742904
1738075 1742916
1738072 1742927
1738063 1742935
1738058 1742940
1738056 1742943
1738053 1742945
1738049 1742952
1738046 1742955
1738044 1742956
1738043 1742959
1738042 1742960
1738041 1742962
1738038 1742964
1738036 1742968
1738035 1742972
1738033 1742976
1738031 1742978
1738028 1742981
1738026 1742985
1738023 1742988
1738022 1742989
1738020 1742997
1738016 1742998
1738015 1743006
1738009 1743009
1738006 1743012
1738005 1743014
1738003 1743019
1738001 1743020
1737999 1743024
1737997 1743030
1737992 1743039
1737987 1743045
1737983 1743047
1737982 1743051
1737979 1743052
1737977 1743058
1737974 1743059
1737972 1743061
1737971 1743064
1737969 1743067
1737967 1743069
1737966 1743074
1737961 1743077
1737960 1743078
1737959 1743085
1737956 1743086
1737954 1743091
1737951 1743093
1737948 1743097
1737946 1743103
1737944 1743104
1737942 1743109
1737937 1743114
1737934 1743115
1737932 1743116
1737931 1743121
1737929 1743123
1737927 1743127
1737923 1743133
1737922 1743141
1737914 1743142
1737913 1743145
1737912 1743149
1737910 1743151
1737909 1743154
1737906 1743156
1737904 1743159
1737900 1743163
1737897 1743164
1737896 1743169
1737892 1743178
1737891 1743179
1737885 1743182
1737884 1743185
1737883 1743189
1737880 1743195
1737877 1743196
1737873 1743201
1737869 1743203
1737868 1743205
1737865 1743207
1737864 1743215
1737861 1743217
1737859 1743219
1737857 1743222
1737854 1743225
1737853 1743228
1737850 1743229
1737848 1743230
1737847 1743234
1737846 1743236
1737845 1743237
1737843 1743238
1737840 1743240
1737838 1743244
1737836 1743247
1737835 1743252
1737831 1743253
1737828 1743259
1737827 1743260
1737822 1743261
1737821 1743262
1737820 1743267
1737819 1743272
1737814 1743274
1737813 1743275
1737812 1743276
1737811 1743277
1737810 1743278
1737809 1743280
1737807 1743284
1737805 1743287
1737803 1743291
1737800 1743292
1737799 1743294
1737797 1743296
1737796 1743298
1737793 1743301
1737792 1743304
1737788 1743306
1737787 1743312
1737783 1743317
1737781 1743321
1737780 1743322
1737776 1743323
1737774 1743324
1737772 1743325
1737771 1743328
1737770 1743330
1737768 1743331
1737767 1743332
1737766 1743333
1737765 1743336
1737763 1743337
1737762 1743340
1737761 1743342
1737760 1743343
1737756 1743345
1737755 1743348
1737754 1743351
1737752 1743353
1737751 1743358
1737746 1743361
1737743 1743362
1737741 1743364
1737739 1743367
1737738 1743368
1737734 1743375
1737732 1743377
1737729 1743379
1737727 1743381
1737726 1743382
1737725 1743384
1737724 1743387
1737721 1743394
1737715 1743396
1737714 1743397
1737713 1743398
1737711 1743399
1737709 1743405
1737705 1743408
1737703 1743411
1737701 1743412
1737699 1743415
1737697 1743416
1737696 1743418
1737694 1743421
1737693 1743424
1737691 1743425
1737689 1743426
1737688 1743428
1737685 1743433
1737684 1743438
1737680 1743443
1737676 1743445
1737674 1743446
1737672 1743450
1737669 1743452
1737668 1743453
1737666 1743456
1737664 1743460
1737659 1743466
1737654 1743468
1737653 1743469
1737652 1743470
1737651 1743471
1737650 1743472
1737649 1743478
1737645 1743479
1737644 1743480
1737641 1743481
1737640 1743488
1737635 1743494
1737629 1743497
1737628 1743498
1737626 1743499
1737625 1743502
1737621 1743504
1737620 1743507
1737618 1743510
1737616 1743511
1737615 1743512
1737614 1743517
1737609 1743518
1737607 1743521
1737606 1743522
1737604 1743524
1737603 1743528
1737598 1743540
1737588 1743545
1737585 1743547
1737582 1743548
1737581 1743551
1737580 1743555
1737576 1743556
1737575 1743557
1737573 1743559
1737572 1743563
1737566 1743566
1737565 1743570
1737562 1743571
1737561 1743572
1737558 1743576
1737556 1743580
1737552 1743584
1737551 1743585
1737548 1743586
1737546 1743594
1737540 1743595
1737539 1743596
1737537 1743601
1737535 1743607
1737531 1743608
1737525 1743611
1737523 1743612
1737522 1743616
1737518 1743621
1737515 1743622
1737512 1743624
1737510 1743626
1737509 1743627
1737507 1743632
1737505 1743634
1737504 1743635
1737502 1743641
1737498 1743642
1737494 1743645
1737492 1743647
1737488 1743652
1737484 1743653
1737483 1743656
1737480 1743661
1737475 1743663
1737474 1743666
1737470 1743671
1737465 1743672
1737464 1743674
1737463 1743677
1737460 1743678
1737458 1743679
1737457 1743681
1737455 1743686
1737453 1743688
1737447 1743691
1737444 1743693
1737443 1743698
1737440 1743699
1737438 1743705
1737433 1743707
1737431 1743710
1737426 1743713
1737425 1743715
1737423 1743718
1737421 1743720
1737418 1743721
1737417 1743726
1737411 1743728
1737407 1743730
1737406 1743731
1737405 1743734
1737404 1743736
1737403 1743738
1737400 1743742
1737397 1743744
1737395 1743745
1737392 1743746
1737391 1743750
1737389 1743753
1737385 1743756
1737381 1743759
1737379 1743767
1737376 1743768
1737372 1743769
1737368 1743772
1737366 1743773
1737365 1743777
1737363 1743778
1737357 1743785
1737353 1743786
1737352 1743788
1737351 1743790
1737349 1743791
1737344 1743793
1737342 1743797
1737341 1743798
1737337 1743800
1737334 1743803
1737333 1743804
1737330 1743805
1737329 1743806
1737328 1743807
1737327 1743814
1737325 1743817
1737318 1743822
1737312 1743823
1737311 1743825
1737308 1743828
1737306 1743830
1737305 1743831
1737303 1743834
1737302 1743836
1737299 1743838
1737298 1743840
1737295 1743844
1737292 1743845
1737287 1743850
1737284 1743852
1737280 1743853
1737279 1743854
1737278 1743858
1737276 1743859
1737274 1743865
1737272 1743869
1737262 1743872
1737261 1743873
1737259 1743875
1737257 1743876
1737256 1743879
1737253 1743883
1737248 1743886
1737247 1743887
1737243 1743891
1737241 1743894
1737234 1743897
1737232 1743899
1737230 1743905
1737226 1743906
1737222 1743909
1737219 1743910
1737217 1743913
1737216 1743914
1737215 1743918
1737211 1743924
1737204 1743925
1737201 1743930
1737198 1743931
1737196 1743935
1737193 1743936
1737191 1743943
1737182 1743945
1737180 1743947
1737178 1743948
1737176 1743949
1737175 1743950
1737174 1743953
1737170 1743955
1737168 1743957
1737167 1743959
1737165 1743960
1737164 1743966
1737160 1743967
1737155 1743970
1737151 1743974
1737150 1743978
1737142 1743985
1737138 1743986
1737136 1743988
1737133 1743989
1737131 1743992
1737127 1743994
1737124 1743998
1737120 1744000
1737119 1744001
1737117 1744002
1737115 1744003
1737114 1744005
1737112 1744006
1737111 1744008
1737108 1744009
1737107 1744013
1737106 1744014
1737103 1744015
1737102 1744017
1737101 1744019
1737098 1744020
1737095 1744022
1737093 1744023
1737092 1744025
1737090 1744026
1737089 1744027
1737088 1744032
1737083 1744033
1737081 1744040
1737079 1744041
1737077 1744042
1737074 1744043
1737070 1744044
1737069 1744046
1737067 1744049
1737063 1744053
1737059 1744057
1737051 1744059
1737049 1744064
1737045 1744071
1737041 1744072
1737037 1744075
1737034 1744078
1737030 1744079
1737029 1744080
1737028 1744081
1737026 1744082
1737025 1744083
1737024 1744084
1737022 1744085
1737019 1744088
1737017 1744089
1737016 1744090
1737015 1744093
1737011 1744094
1737009 1744096
1737006 1744103
1737001 1744106
1736999 1744107
1736996 1744110
1736990 1744115
1736985 1744118
1736982 1744125
1736977 1744133
1736966 1744136
1736962 1744137
1736960 1744138
1736957 1744142
1736951 1744150
1736945 1744151
1736942 1744152
1736940 1744154
1736938 1744155
1736937 1744163
1736931 1744164
1736927 1744165
1736925 1744169
1736919 1744170
1736918 1744171
1736917 1744172
1736916 1744178
1736911 1744180
1736903 1744183
1736902 1744191
1736890 1744192
1736889 1744194
1736887 1744196
1736886 1744197
1736884 1744203
1736877 1744204
1736876 1744208
1736874 1744213
1736870 1744214
1736863 1744219
1736859 1744220
1736854 1744221
1736853 1744222
1736852 1744224
1736850 1744225
1736849 1744230
1736844 1744231
1736842 1744235
1736840 1744236
1736834 1744237
1736833 1744239
1736830 1744241
1736828 1744246
1736823 1744250
1736819 1744251
1736815 1744252
1736814 1744256
1736812 1744257
1736809 1744261
1736805 1744262
1736802 1744263
1736800 1744266
1736799 1744267
1736795 1744269
1736793 1744274
1736789 1744276
1736785 1744278
1736781 1744280
1736778 1744281
1736776 1744284
1736775 1744289
1736769 1744290
1736767 1744291
1736763 1744292
1736762 1744294
1736760 1744297
1736758 1744298
1736753 1744304
1736747 1744305
1736746 1744308
1736740 1744309
1736739 1744315
1736737 1744316
1736734 1744318
1736731 1744320
1736725 1744325
1736721 1744326
1736720 1744328
1736715 1744332
1736711 1744336
1736707 1744337
1736706 1744340
1736698 1744343
1736696 1744346
1736694 1744347
1736691 1744352
1736685 1744353
1736683 1744355
1736680 1744358
1736678 1744359
1736677 1744363
1736676 1744364
1736669 1744366
1736665 1744368
1736663 1744371
1736662 1744375
1736651 1744381
1736649 1744382
1736641 1744383
1736640 1744385
1736639 1744386
1736636 1744388
1736635 1744389
1736634 1744391
1736632 1744392
1736629 1744393
1736627 1744398
1736621 1744399
1736620 1744401
1736614 1744404
1736611 1744407
1736609 1744408
1736605 1744412
1736602 1744413
1736601 1744418
1736595 1744419
1736591 1744423
1736587 1744424
1736584 1744426
1736580 1744429
1736579 1744430
1736573 1744435
1736570 1744440
1736566 1744441
1736560 1744442
1736558 1744444
1736557 1744446
1736556 1744451
1736552 1744452
1736544 1744454
1736543 1744457
1736536 1744461
1736531 1744464
1736530 1744466
1736527 1744467
1736521 1744471
1736520 1744472
1736516 1744473
1736513 1744475
1736512 1744478
1736508 1744479
1736506 1744483
1736501 1744485
1736496 1744487
1736495 1744490
1736494 1744492
1736493 1744494
1736490 1744495
1736483 1744502
1736480 1744503
1736472 1744504
1736469 1744506
1736466 1744514
1736459 1744515
1736454 1744516
1736452 1744517
1736451 1744519
1736449 1744523
1736446 1744524
1736445 1744526
1736440 1744527
1736438 1744529
1736437 1744530
1736432 1744533
1736429 1744537
1736424 1744540
1736422 1744541
1736420 1744542
1736414 1744543
1736413 1744545
1736407 1744552
1736405 1744557
1736391 1744560
1736387 1744563
1736385 1744565
1736377 1744571
1736368 1744572
1736367 1744576
1736363 1744579
1736361 1744580
1736357 1744581
1736353 1744582
1736352 1744584
1736351 1744585
1736350 1744588
1736345 1744589
1736341 1744590
1736340 1744592
1736339 1744594
1736335 1744595
1736333 1744596
1736330 1744598
1736329 1744599
1736324 1744600
1736322 1744602
1736321 1744606
1736315 1744608
1736313 1744610
1736306 1744611
1736305 1744612
1736303 1744620
1736289 1744621
1736288 1744623
1736284 1744625
1736283 1744626
1736281 1744631
1736277 1744633
1736275 1744634
1736274 1744637
1736269 1744640
1736261 1744644
1736255 1744645
1736250 1744646
1736247 1744647
1736246 1744649
1736243 1744651
1736240 1744654
1736237 1744655
1736234 1744656
1736233 1744658
1736231 1744659
1736230 1744660
1736229 1744661
1736227 1744662
1736221 1744665
1736217 1744667
1736214 1744670
1736212 1744671
1736211 1744672
1736208 1744676
1736198 1744681
1736195 1744683
1736188 1744689
1736181 1744692
1736174 1744693
1736170 1744694
1736168 1744696
1736165 1744697
1736163 1744699
1736161 1744700
1736158 1744701
1736154 1744707
1736148 1744709
1736145 1744710
1736143 1744711
1736140 1744712
1736138 1744713
1736136 1744715
1736133 1744718
1736129 1744727
1736119 1744730
1736109 1744734
1736101 1744735
1736099 1744742
1736085 1744743
1736081 1744746
1736078 1744748
1736073 1744753
1736068 1744756
1736061 1744757
1736057 1744758
1736053 1744764
1736051 1744765
1736043 1744766
1736039 1744768
1736035 1744772
1736033 1744773
1736028 1744774
1736023 1744776
1736022 1744784
1736010 1744787
1736006 1744792
1735993 1744794
1735992 1744795
1735991 1744797
1735987 1744798
1735980 1744802
1735977 1744803
1735976 1744806
1735974 1744807
1735966 1744808
1735965 1744810
1735960 1744814
1735956 1744815
1735951 1744816
1735950 1744817
1735946 1744818
1735944 1744821
1735935 1744824
1735934 1744826
1735930 1744830
1735922 1744834
1735912 1744837
1735905 1744838
1735902 1744840
1735896 1744841
1735895 1744845
1735891 1744847
1735883 1744848
1735881 1744850
1735879 1744851
1735877 1744855
1735867 1744857
1735862 1744860
1735858 1744863
1735854 1744864
1735848 1744865
1735847 1744866
1735846 1744868
1735844 1744869
1735836 1744872
1735831 1744877
1735823 1744880
1735815 1744881
1735814 1744882
1735813 1744883
1735810 1744884
1735804 1744885
1735803 1744887
1735799 1744890
1735796 1744891
1735791 1744893
1735787 1744894
1735786 1744895
1735783 1744898
1735777 1744901
1735773 1744902
1735768 1744903
1735766 1744907
1735763 1744910
1735752 1744912
1735751 1744913
1735744 1744914
1735743 1744916
1735735 1744917
1735732 1744920
1735729 1744923
1735721 1744924
1735720 1744925
1735718 1744926
1735716 1744927
1735713 1744928
1735712 1744929
1735709 1744931
1735705 1744933
1735702 1744934
1735698 1744935
1735693 1744936
1735691 1744937
1735689 1744938
1735687 1744939
1735686 1744941
1735685 1744944
1735680 1744946
1735673 1744948
1735666 1744952
1735663 1744955
1735652 1744956
1735651 1744957
1735649 1744959
1735645 1744960
1735640 1744961
1735638 1744963
1735631 1744964
1735629 1744966
1735627 1744967
1735625 1744968
1735621 1744969
1735620 1744970
1735618 1744972
1735613 1744978
1735599 1744981
1735592 1744983
1735590 1744984
1735585 1744987
1735580 1744988
1735577 1744989
1735571 1744991
1735566 1744994
1735564 1744995
1735563 1744996
1735561 1744997
1735560 1744998
1735555 1744999
1735551 1745001
1735544 1745002
1735540 1745005
1735539 1745006
1735535 1745011
1735525 1745012
1735521 1745014
1735514 1745015
1735512 1745018
1735510 1745020
1735500 1745021
1735499 1745024
1735495 1745026
1735485 1745027
1735483 1745029
1735477 1745030
1735475 1745033
1735473 1745035
1735467 1745036
1735464 1745039
1735461 1745040
1735450 1745041
1735448 1745042
1735445 1745044
1735440 1745045
1735439 1745049
1735436 1745050
1735427 1745051
1735426 1745054
1735423 1745055
1735417 1745056
1735415 1745059
1735409 1745060
1735403 1745061
1735402 1745062
1735401 1745065
1735394 1745067
1735387 1745068
1735386 1745070
1735378 1745071
1735373 1745072
1735372 1745075
1735369 1745076
1735361 1745078
1735355 1745079
1735353 1745080
1735351 1745082
1735344 1745083
1735343 1745084
1735339 1745087
1735335 1745090
1735329 1745091
1735325 1745092
1735320 1745093
1735315 1745094
1735314 1745097
1735308 1745098
1735303 1745099
1735302 1745101
1735300 1745102
1735297 1745104
1735295 1745105
1735290 1745106
1735283 1745108
1735279 1745109
1735274 1745110
1735272 1745113
1735267 1745114
1735262 1745115
1735260 1745117
1735257 1745120
1735244 1745123
1735239 1745124
1735235 1745125
1735229 1745127
1735228 1745128
1735224 1745129
1735220 1745134
1735214 1745135
1735204 1745138
1735200 1745139
1735199 1745140
1735196 1745144
1735182 1745145
1735175 1745146
1735173 1745148
1735170 1745150
1735160 1745151
1735159 1745153
1735156 1745155
1735150 1745157
1735145 1745158
1735139 1745161
1735135 1745164
1735121 1745165
1735119 1745166
1735117 1745167
1735115 1745168
1735112 1745170
1735107 1745171
1735105 1745172
1735102 1745173
1735095 1745174
1735093 1745177
1735090 1745179
1735082 1745180
1735076 1745181
1735075 1745182
1735072 1745183
1735071 1745184
1735069 1745185
1735064 1745186
1735061 1745187
1735059 1745188
1735055 1745190
1735048 1745191
1735047 1745192
1735044 1745194
1735039 1745195
1735038 1745197
1735035 1745198
1735025 1745200
1735020 1745202
1735016 1745203
1735013 1745204
1735005 1745207
1735000 1745209
1734999 1745210
1734995 1745212
1734982 1745213
1734979 1745214
1734975 1745215
1734972 1745217
1734971 1745218
1734963 1745222
1734955 1745223
1734952 1745225
1734945 1745226
1734943 1745227
1734939 1745228
1734935 1745229
1734931 1745231
1734930 1745232
1734926 1745233
1734925 1745234
1734917 1745235
1734913 1745236
1734912 1745238
1734911 1745239
1734903 1745240
1734900 1745241
1734894 1745244
1734885 1745245
1734884 1745248
1734875 1745251
1734866 1745253
1734857 1745254
1734854 1745255
1734853 1745259
1734842 1745260
1734837 1745261
1734831 1745262
1734830 1745263
1734828 1745264
1734821 1745267
1734816 1745268
1734811 1745269
1734810 1745273
1734796 1745274
1734795 1745275
1734792 1745276
1734790 1745277
1734785 1745278
1734783 1745279
1734781 1745280
1734778 1745282
1734767 1745284
1734764 1745285
1734758 1745287
1734749 1745290
1734742 1745294
1734728 1745296
1734721 1745301
1734703 1745302
1734700 1745305
1734694 1745306
1734693 1745307
1734688 1745308
1734682 1745309
1734675 1745312
1734669 1745314
1734662 1745316
1734653 1745317
1734650 1745318
1734648 1745319
1734645 1745322
1734637 1745324
1734629 1745325
1734623 1745326
1734618 1745328
1734610 1745329
1734609 1745330
1734604 1745331
1734601 1745335
1734595 1745337
1734579 1745338
1734573 1745341
1734567 1745344
1734556 1745346
1734551 1745347
1734550 1745348
1734541 1745350
1734538 1745351
1734533 1745352
1734526 1745356
1734514 1745357
1734512 1745358
1734504 1745359
1734503 1745360
1734501 1745362
1734490 1745365
1734477 1745366
1734475 1745368
1734473 1745369
1734463 1745372
1734453 1745376
1734440 1745377
1734435 1745379
1734431 1745380
1734430 1745381
1734416 1745383
1734404 1745386
1734392 1745387
1734391 1745390
1734375 1745392
1734369 1745396
1734358 1745398
1734353 1745399
1734347 1745401
1734333 1745402
1734330 1745403
1734328 1745406
1734314 1745410
1734299 1745411
1734291 1745412
1734286 1745415
1734267 1745416
1734264 1745418
1734259 1745419
1734258 1745421
1734241 1745424
1734231 1745425
1734228 1745427
1734219 1745428
1734211 1745433
1734193 1745434
1734178 1745437
1734173 1745440
1734161 1745441
1734148 1745442
1734142 1745443
1734134 1745449
1734114 1745451
1734093 1745452
1734091 1745453
1734075 1745455
1734071 1745456
1734069 1745457
1734068 1745458
1734061 1745460
1734052 1745461
1734045 1745462
1734032 1745464
1734031 1745466
1734019 1745469
1734013 1745471
1733986 1745472
1733978 1745473
1733967 1745475
1733964 1745477
1733957 1745478
1733954 1745479
1733932 1745481
1733923 1745482
1733910 1745483
1733907 1745484
1733896 1745485
1733895 1745489
1733870 1745491
1733858 1745492
1733856 1745493
1733848 1745495
1733847 1745496
1733838 1745499
1733811 1745502
1733779 1745503
1733773 1745505
1733768 1745507
1733757 1745508
1733739 1745509
1733733 1745511
1733713 1745512
1733705 1745515
1733695 1745516
1733691 1745518
1733671 1745521
1733666 1745522
1733643 1745523
1733622 1745526
1733603 1745530
1733569 1745531
1733562 1745533
1733557 1745534
1733536 1745536
1733533 1745538
1733522 1745539
1733508 1745540
1733493 1745541
1733481 1745542
1733451 1745543
1733442 1745544
1733437 1745547
1733408 1745548
1733404 1745550
1733394 1745551
1733380 1745554
1733361 1745556
1733340 1745557
1733328 1745558
1733312 1745559
1733306 1745560
1733277 1745561
1733259 1745562
1733246 1745564
1733229 1745565
1733224 1745566
1733217 1745567
1733189 1745568
1733169 1745569
1733160 1745570
1733140 1745573
1733121 1745574
1733092 1745575
1733062 1745576
1733023 1745577
1733015 1745578
1732980 1745581
1732940 1745583
1732900 1745585
1732831 1745586
1732812 1745587
1732709 1745588
1732696 1745590
1732638 1745591
1732532 1745593
