4000 2
988300
394 857 913
911 820 759
768 409 364
477 603 628
513 435 525
636 925 968
607 236 139
138 326 386
401 250 175
998 207 150
839 566 588
637 374 378
972 549 507
527 796 849
891 466 422
807 424 507
949 173 178
193 187 219
349 902 814
458 128 40
970 322 402
267 867 874
760 444 446
532 704 611
931 500 586
285 751 798
354 679 716
440 258 334
331 848 793
351 905 942
589 961 992
440 874 958
814 465 501
483 920 863
920 955 884
641 894 880
281 661 718
447 384 329
276 277 288
170 481 562
126 202 201
984 787 874
383 719 768
294 438 384
245 630 560
126 761 819
745 256 170
53 955 959
240 267 326
656 762 855
759 679 597
520 230 145
205 173 165
573 839 890
158 157 256
890 292 217
55 998 1072
5 175 259
181 638 570
913 459 522
552 430 445
687 513 432
757 582 542
577 993 1068
629 775 682
833 775 860
831 887 982
903 772 868
497 703 635
889 848 763
248 688 713
700 314 277
232 403 317
224 673 703
971 564 520
719 596 518
592 530 618
337 511 580
4 497 465
833 643 589
483 711 707
712 382 318
41 663 645
674 729 756
185 419 440
730 668 633
203 769 853
653 719 670
88 584 536
686 890 808
362 209 224
666 638 595
289 800 765
984 279 179
332 846 783
958 499 582
699 790 714
384 720 774
916 949 1021
793 291 300
905 375 456
498 887 902
274 255 327
464 548 617
291 551 487
727 719 646
492 647 714
179 754 698
122 554 481
325 431 517
622 918 985
496 838 804
659 461 482
152 341 255
647 206 178
332 367 285
934 490 506
659 346 398
158 544 620
518 667 608
426 606 671
245 461 426
639 759 855
897 411 338
6 476 532
294 799 721
721 880 789
986 510 551
474 298 371
100 194 170
657 379 440
52 228 138
781 517 555
119 504 521
530 625 644
304 432 509
170 534 555
619 578 597
829 318 232
923 198 131
226 539 604
357 369 444
815 417 448
258 143 198
836 667 628
198 307 329
674 208 264
201 750 730
434 391 337
533 453 383
15 604 580
306 450 497
650 342 352
686 928 989
312 731 760
533 116 184
643 660 663
362 467 510
678 823 753
64 140 177
619 277 317
2 615 516
262 382 413
181 873 841
879 704 734
885 389 326
503 250 315
904 711 649
706 461 534
739 597 683
926 318 328
494 940 950
799 945 1007
657 639 738
325 942 1016
638 634 685
795 800 752
471 648 581
865 818 892
413 701 723
645 641 648
579 242 148
518 734 800
113 568 565
49 564 626
638 452 442
413 238 187
18 472 515
813 621 637
477 508 607
75 163 191
223 641 584
923 671 718
439 522 592
948 957 1036
334 792 799
478 305 394
884 525 618
458 274 330
904 792 743
963 788 754
561 468 478
191 664 659
654 431 514
606 298 371
374 208 147
593 685 720
59 641 653
243 612 515
10 416 500
770 645 722
173 940 929
795 544 571
156 969 927
366 895 974
476 775 729
123 952 1025
718 665 749
283 274 207
626 291 226
228 223 312
161 123 46
648 521 604
614 200 114
496 461 448
244 371 453
191 614 520
814 494 544
997 427 334
201 576 608
328 733 810
342 685 595
803 792 831
904 717 679
298 779 840
591 279 189
158 201 149
589 232 143
945 901 812
469 933 884
169 632 648
815 534 619
582 579 624
264 311 337
17 589 675
206 419 423
307 467 502
443 684 637
333 736 678
258 785 821
845 125 195
322 645 678
848 579 529
74 338 340
611 902 908
958 841 888
360 416 324
6 132 129
708 371 435
468 562 477
484 280 364
85 149 97
611 743 661
867 965 898
757 534 589
579 117 164
922 772 691
946 811 731
240 355 416
746 195 150
937 265 317
981 196 265
692 414 405
654 497 461
130 644 560
137 447 478
880 212 228
668 298 303
943 388 441
39 219 221
212 465 455
308 253 239
650 115 40
85 521 577
684 809 891
63 881 790
177 579 664
388 208 227
700 678 685
822 472 487
222 930 987
382 443 362
387 829 878
849 941 1007
635 746 749
502 666 681
30 708 759
139 644 572
777 285 353
184 764 797
106 389 466
480 201 155
288 288 319
222 952 953
936 803 731
561 372 400
233 887 921
832 670 732
29 798 816
764 660 714
77 363 439
179 264 235
379 504 533
326 200 273
105 651 712
399 777 750
272 461 480
901 171 157
675 894 886
293 530 474
577 329 289
749 223 219
193 542 613
293 229 165
900 113 70
650 829 866
45 266 357
113 800 872
994 295 302
466 704 769
712 904 885
838 283 213
324 709 678
457 584 612
460 748 756
269 116 54
444 727 674
219 691 660
426 568 536
95 155 216
986 892 896
180 363 334
853 501 537
386 809 737
104 490 510
110 971 1044
802 252 214
456 462 468
970 773 864
21 189 99
899 909 816
184 483 426
623 802 716
409 521 512
835 646 658
803 290 324
962 174 169
358 452 538
104 926 1006
192 889 973
90 936 1000
509 971 871
287 278 303
748 343 250
351 752 826
553 364 399
624 962 989
9 495 594
925 434 353
801 346 304
729 276 252
698 117 194
886 121 56
149 679 764
870 711 666
156 597 662
113 309 299
546 876 868
909 872 849
174 960 897
360 330 413
367 669 692
379 570 570
18 728 758
693 661 665
242 906 941
464 754 811
325 268 234
182 678 626
138 132 115
385 299 354
14 226 154
531 773 777
225 330 338
844 908 855
739 481 476
463 193 281
640 893 846
278 301 290
303 518 535
515 889 983
644 692 788
390 821 824
637 397 445
534 879 895
950 199 163
44 623 680
924 571 556
139 808 849
597 317 218
473 839 843
127 814 747
925 800 811
248 370 308
113 139 184
212 658 693
788 946 990
306 757 786
91 248 304
323 875 851
142 882 952
932 457 553
708 606 687
1 212 142
32 384 337
647 142 137
587 745 698
314 497 511
468 182 214
328 879 976
195 330 255
585 200 112
143 184 237
257 990 1043
564 239 299
599 476 465
313 902 809
747 251 220
827 760 823
692 461 390
939 448 416
41 562 647
123 616 529
113 410 374
257 205 282
668 917 914
559 426 486
716 458 467
447 769 743
840 607 520
221 736 637
728 150 59
297 972 905
633 143 99
740 431 438
647 332 273
3 766 818
393 588 584
134 186 271
692 519 572
395 579 676
439 585 628
409 626 528
445 776 805
806 137 114
56 616 522
792 799 706
330 590 575
414 129 141
873 954 904
400 748 778
933 739 656
513 488 487
262 501 589
292 187 236
860 532 592
635 562 581
175 595 680
196 977 945
145 588 530
861 815 837
569 504 513
993 584 495
433 137 101
519 976 998
993 753 747
501 579 500
47 221 177
21 155 150
558 457 481
351 647 644
794 303 213
326 789 698
356 841 837
329 238 337
52 783 881
579 315 313
702 412 420
753 664 676
144 202 125
746 756 750
963 299 251
726 347 365
548 389 478
690 816 771
447 815 780
676 809 890
16 359 380
639 839 811
741 449 450
467 555 505
679 973 916
944 320 408
258 845 842
52 797 732
845 154 179
630 445 405
909 362 325
729 904 995
110 337 376
609 786 719
580 121 189
815 312 369
641 260 169
414 694 613
463 853 941
839 520 534
123 789 785
15 182 124
269 144 108
29 764 850
41 911 913
268 772 737
435 584 677
92 626 602
926 714 782
387 664 700
150 285 346
231 715 779
268 904 822
4 301 224
903 240 172
647 695 680
180 985 1057
759 957 1047
438 407 483
61 269 222
257 877 860
936 705 734
829 546 629
45 626 709
191 732 796
848 875 869
832 366 396
784 244 226
119 203 272
297 986 1067
159 335 267
827 706 626
317 393 479
896 319 414
596 247 180
455 979 881
742 508 577
892 197 223
997 562 611
981 427 335
235 345 285
904 491 397
223 581 550
457 520 468
611 498 565
588 646 605
35 658 565
133 521 607
640 193 278
995 858 939
259 898 826
687 190 99
218 217 171
678 526 571
115 743 710
716 601 686
332 863 955
794 897 816
886 835 882
728 771 817
614 691 789
703 819 854
823 862 941
291 215 229
3 862 899
554 275 255
401 211 258
285 178 183
101 262 245
843 916 844
496 677 728
293 668 660
138 382 339
255 288 303
101 798 813
286 520 446
399 878 884
475 644 707
645 226 309
552 596 648
189 725 676
816 510 520
121 920 957
321 285 373
94 797 705
554 423 389
418 542 587
18 127 67
147 855 924
693 783 763
384 571 589
833 801 782
744 401 406
939 124 193
712 963 1051
65 114 113
549 407 489
568 167 253
405 348 263
162 215 269
680 572 503
456 207 304
783 568 614
798 147 181
757 901 877
761 848 837
95 400 499
159 323 336
426 261 355
543 331 257
62 127 189
171 265 218
685 255 165
726 906 975
615 614 635
445 956 929
770 466 458
10 465 489
180 968 877
427 942 960
446 171 201
620 893 957
782 242 243
677 288 234
244 154 223
196 694 652
595 133 45
993 545 459
958 209 159
893 251 287
961 776 701
841 467 516
989 310 315
189 761 702
238 969 959
895 835 864
920 207 155
409 265 211
520 330 268
677 556 473
426 271 180
827 383 460
52 158 233
784 628 541
749 811 771
564 322 261
673 896 819
846 221 226
94 430 339
595 601 646
775 677 607
83 719 815
136 620 526
717 510 573
505 569 582
743 839 765
626 127 187
750 234 264
110 704 752
661 747 714
299 504 426
983 639 578
556 622 588
7 650 559
522 487 497
342 990 949
361 216 300
499 931 965
167 620 676
883 392 380
325 694 742
920 795 840
495 971 927
103 377 334
526 422 484
515 915 845
634 291 293
557 223 125
130 822 757
447 630 542
103 136 113
872 796 757
840 553 613
141 805 886
491 173 159
396 893 982
599 140 156
725 596 523
526 607 560
111 766 808
139 821 884
910 277 314
409 550 555
190 375 409
260 290 222
140 674 685
174 626 557
719 254 330
278 376 357
16 614 617
815 360 391
3 197 210
496 810 905
793 392 324
995 988 972
629 243 255
210 739 786
371 878 869
670 772 818
237 246 296
517 706 719
615 401 414
402 905 817
719 883 954
706 140 210
855 517 513
562 129 167
425 785 697
169 302 348
321 955 1048
991 732 729
318 346 266
211 850 850
80 907 851
113 780 865
569 649 705
590 189 158
349 804 858
564 860 947
513 623 575
213 595 545
478 139 152
310 229 285
206 677 748
958 874 968
565 811 819
653 619 545
433 926 922
277 722 630
852 669 680
398 901 955
430 236 185
563 742 753
200 547 600
60 422 466
847 398 355
419 879 967
337 996 970
25 535 565
653 575 575
542 182 262
683 868 834
394 200 278
885 698 616
237 489 419
559 243 143
424 500 483
420 447 498
897 780 836
420 470 456
500 917 1012
352 829 860
453 234 144
114 140 227
539 223 158
688 360 406
126 360 291
504 733 748
258 515 510
662 320 399
569 706 685
377 685 734
516 382 322
549 429 391
676 375 445
955 531 539
237 296 329
936 437 371
392 951 936
628 486 403
298 393 424
943 745 652
249 521 531
607 700 620
905 979 1034
378 848 894
586 439 532
953 142 223
898 294 253
321 674 759
639 754 698
353 451 384
815 483 466
478 975 879
455 176 261
285 867 828
654 630 708
690 603 672
896 520 568
530 785 698
254 719 759
637 917 828
57 177 251
29 546 515
103 566 626
953 501 418
538 773 821
93 677 663
553 539 504
312 312 383
995 370 292
903 995 1045
978 157 218
468 932 999
979 354 441
419 180 258
164 259 244
800 920 924
283 416 331
509 709 686
800 584 560
795 684 641
847 462 414
771 290 336
46 144 186
124 978 904
291 881 839
201 374 293
545 839 814
218 906 983
749 361 398
395 701 697
790 956 922
992 302 222
31 953 882
6 698 652
873 814 826
170 188 240
988 272 233
883 608 612
165 508 462
828 229 262
779 658 649
995 952 942
943 153 149
604 285 282
396 526 498
482 136 142
664 814 817
225 199 179
671 665 678
804 909 888
421 615 550
367 135 69
416 537 459
611 966 1009
79 512 434
107 833 852
898 416 368
997 879 876
622 348 279
520 852 944
89 315 291
116 471 520
595 623 555
558 725 780
9 474 544
821 576 668
166 217 288
30 449 520
297 880 875
131 130 229
361 984 901
767 435 375
344 211 270
35 358 329
444 158 130
966 917 854
87 882 852
467 757 733
333 630 665
356 167 229
339 167 101
703 245 332
816 425 381
95 246 209
148 562 613
56 887 932
923 164 226
650 477 433
235 817 839
299 532 625
362 363 324
513 516 418
867 461 526
20 711 795
528 992 905
401 779 704
461 535 444
873 369 408
668 619 705
143 275 221
427 248 266
882 521 442
276 531 625
951 377 475
943 307 311
695 370 454
173 481 458
464 524 475
36 257 342
221 198 111
376 406 405
837 934 909
310 141 171
610 119 140
831 114 123
123 579 527
540 511 494
5 853 929
170 194 277
269 129 56
600 190 192
527 630 600
562 966 998
571 658 612
575 307 227
102 796 741
552 124 176
387 495 548
481 390 477
501 316 257
590 439 500
175 896 863
137 320 399
753 908 901
974 260 168
745 351 279
760 552 591
193 343 259
506 138 150
737 973 886
108 269 300
991 988 1054
227 397 490
124 306 350
292 723 761
563 761 749
59 890 830
320 620 598
351 694 773
322 307 334
500 365 413
487 949 996
809 798 890
30 769 686
718 521 496
450 250 338
327 641 541
900 819 783
557 280 314
778 190 288
65 757 755
8 530 626
781 295 352
522 262 325
984 339 346
141 676 773
738 624 586
535 625 567
725 910 964
815 619 628
542 613 635
14 163 187
222 145 125
392 847 932
649 687 769
286 276 186
864 265 322
443 544 508
343 735 645
914 532 605
479 131 112
538 678 662
577 342 370
406 700 607
55 634 671
241 555 649
414 600 666
902 413 368
605 701 724
79 746 752
102 626 528
739 989 999
999 475 400
663 158 164
253 190 207
752 799 865
303 773 721
642 626 555
307 873 923
22 535 600
602 121 207
591 133 167
1 623 657
55 738 704
144 324 341
918 848 815
663 697 725
244 914 870
102 156 174
580 824 846
592 672 614
617 611 671
194 319 380
899 915 987
140 323 223
968 844 928
629 256 273
533 826 891
584 189 275
387 713 715
19 369 289
582 559 602
816 386 468
722 213 275
961 978 1068
787 981 1064
950 912 921
755 543 459
843 391 424
522 330 240
812 783 697
317 874 904
626 624 617
742 547 485
718 379 309
697 336 423
599 264 342
86 752 781
402 825 822
648 528 430
405 575 639
264 638 565
841 329 382
332 746 747
634 916 861
887 163 247
61 999 1003
782 902 923
586 587 489
56 133 164
578 143 55
171 875 840
417 999 932
132 791 791
39 354 281
98 556 460
98 488 404
987 953 1026
523 606 596
549 615 616
586 312 229
446 368 319
445 659 693
211 810 871
485 366 434
986 487 575
411 508 415
360 583 488
916 464 474
485 867 786
711 431 468
2 508 434
619 738 753
405 449 506
692 277 231
116 139 90
562 976 1009
94 123 28
491 146 235
342 636 622
702 724 652
151 444 372
856 561 613
237 184 117
424 883 954
455 236 330
429 466 473
443 172 198
483 198 122
74 149 141
764 532 465
140 658 621
645 785 719
727 573 554
596 721 787
737 596 553
137 574 617
206 163 95
304 724 752
348 832 875
822 356 352
438 504 528
197 786 739
717 940 1038
404 415 432
950 267 232
472 523 515
531 272 306
221 415 509
33 987 951
308 735 663
751 274 290
511 825 880
444 172 171
787 166 246
963 690 760
428 981 945
610 505 575
952 211 125
937 188 109
640 475 457
824 603 536
627 231 266
697 924 848
759 476 557
411 387 461
390 254 213
833 542 623
946 412 484
34 478 537
444 573 561
997 941 893
134 199 277
48 801 818
459 908 877
769 826 877
931 712 641
417 979 1075
755 898 983
170 776 868
689 598 579
624 989 969
723 335 342
500 240 256
397 763 671
202 183 245
878 858 906
855 990 922
741 973 1056
489 909 826
38 876 931
26 348 327
279 706 630
424 294 318
158 814 717
240 852 796
81 686 605
70 458 548
40 602 641
938 527 463
799 604 548
66 404 353
736 758 763
942 867 957
733 531 452
567 548 517
215 744 729
606 832 831
159 791 798
627 521 516
182 685 640
512 883 851
241 214 129
92 682 585
564 639 689
56 736 699
768 156 162
579 538 466
346 980 939
807 569 654
453 992 913
322 348 371
438 651 723
82 720 810
676 737 740
379 517 531
431 801 768
911 387 470
889 512 464
405 777 691
397 711 715
664 806 875
273 468 424
958 344 317
663 301 209
121 759 743
897 378 448
209 680 732
659 608 638
409 844 755
84 907 897
866 485 408
269 349 327
531 602 571
745 928 830
475 966 892
776 451 357
417 320 267
977 998 1077
802 689 650
698 740 718
120 255 206
388 361 366
940 709 620
860 131 191
822 142 97
206 261 171
441 287 280
439 499 488
91 409 358
798 681 770
961 140 53
243 368 358
916 835 814
939 885 836
975 708 623
144 953 909
343 999 1043
780 527 459
116 924 874
757 255 165
790 208 110
80 267 218
894 671 605
765 134 56
438 361 278
386 431 377
385 682 696
854 437 407
768 583 577
931 808 753
41 855 758
217 867 786
847 207 305
873 362 413
156 462 401
515 540 556
159 747 840
526 368 432
58 684 701
842 213 216
679 415 427
531 431 486
640 518 542
922 511 510
318 295 325
801 469 402
517 986 951
807 956 1026
452 796 877
567 431 481
909 893 879
270 502 594
728 303 323
179 858 862
386 410 478
789 990 1018
773 250 182
724 539 632
496 408 392
856 327 424
736 995 1074
177 490 423
393 456 535
234 992 906
571 569 560
560 429 378
716 113 17
199 257 306
533 229 177
777 603 522
772 592 659
199 500 402
588 649 629
579 556 583
95 621 562
454 141 194
457 362 359
622 382 418
755 158 101
309 374 473
850 462 515
288 316 409
893 326 336
394 686 612
968 365 310
3 551 587
286 346 273
591 778 830
644 497 500
940 691 755
336 687 721
566 480 572
808 451 521
456 943 892
742 173 116
238 375 318
502 981 981
252 216 135
687 891 939
341 461 497
989 304 207
405 903 919
788 869 847
725 740 809
794 962 979
93 265 330
73 460 425
191 909 925
69 995 948
463 764 785
680 480 499
572 494 394
426 123 181
135 471 474
92 335 297
266 859 839
660 705 700
558 997 1030
553 625 671
288 863 802
703 515 590
136 158 147
150 161 236
555 865 766
808 434 354
651 711 684
320 180 85
318 603 620
896 306 233
742 959 944
198 246 172
252 137 90
309 536 519
157 426 520
521 434 490
196 525 511
274 852 902
828 877 790
49 509 601
4 633 674
155 123 203
185 239 170
663 476 468
18 846 870
382 821 749
848 626 593
683 120 142
545 787 775
993 848 845
580 816 814
595 555 584
740 470 536
151 609 607
978 133 135
778 686 764
358 812 860
368 224 209
130 768 862
958 271 363
752 706 714
252 254 181
656 830 905
218 680 585
243 231 132
890 686 743
679 592 520
807 364 366
547 743 771
728 717 737
398 684 654
560 279 300
369 403 355
10 295 290
144 321 365
791 329 351
334 139 97
619 268 187
330 724 753
12 406 380
657 940 994
847 365 331
176 903 942
383 247 288
620 673 743
865 425 453
897 969 1064
75 340 359
764 427 512
97 113 200
30 445 464
316 241 229
208 536 559
361 269 169
993 899 923
347 768 765
314 452 428
571 432 423
927 963 907
930 898 861
306 843 812
453 484 517
931 877 951
110 538 484
996 539 484
736 201 215
121 634 711
483 975 966
442 493 470
328 691 654
152 975 999
571 397 312
434 988 889
914 875 798
396 194 116
498 395 465
87 906 1000
59 806 796
490 325 404
143 669 613
116 951 925
438 616 705
425 684 660
285 691 649
378 796 834
698 897 834
593 764 719
376 739 705
617 253 317
246 161 254
192 359 275
760 693 697
406 645 734
59 983 928
829 356 377
714 970 931
450 249 328
157 495 450
317 792 870
374 636 563
653 607 573
309 681 599
909 255 254
891 207 218
168 411 387
135 951 870
291 334 343
723 245 285
490 489 393
82 394 372
641 517 426
283 811 782
446 892 845
554 445 376
892 939 903
838 391 382
90 479 529
241 966 960
666 702 794
984 721 630
442 183 220
231 225 318
110 542 525
486 779 872
418 918 990
733 318 358
148 727 785
110 506 412
775 927 966
462 895 931
543 936 860
672 657 627
158 630 622
908 111 201
817 973 946
52 851 771
745 584 533
190 398 369
108 425 351
990 155 173
919 762 689
534 872 933
120 299 392
120 712 787
90 668 706
922 996 1044
456 197 194
778 419 454
133 737 794
183 856 911
915 495 534
772 617 563
983 448 418
660 418 411
287 307 318
283 923 919
380 696 783
727 242 285
432 846 915
271 657 563
703 459 548
274 190 233
653 395 435
999 706 678
220 235 264
134 732 818
792 271 233
941 216 123
768 853 847
384 719 767
776 747 736
864 699 742
185 449 423
854 184 158
994 506 524
693 194 239
874 133 136
992 410 401
828 445 390
512 864 886
228 634 611
889 142 92
271 781 768
354 224 182
798 555 512
891 192 287
916 838 908
253 410 479
629 819 853
476 133 70
66 677 659
101 133 93
855 358 372
982 747 832
483 118 163
575 372 395
393 353 359
729 223 280
526 975 958
552 685 763
190 851 942
215 329 240
493 599 681
210 220 299
218 155 130
511 800 890
784 460 429
910 934 848
883 745 765
530 225 155
362 129 97
608 980 991
158 142 52
280 953 904
331 860 855
107 307 404
500 265 319
427 572 608
141 639 652
270 284 203
291 420 411
269 724 637
305 331 275
253 376 376
96 607 673
317 142 230
491 132 120
11 819 892
605 538 439
800 154 109
149 240 253
839 647 714
88 707 635
386 906 884
943 465 463
979 318 379
4 266 225
800 658 619
282 541 623
331 549 591
476 796 868
80 413 453
750 269 327
644 395 330
43 746 669
277 293 212
451 121 41
68 387 467
552 662 599
45 586 589
815 333 431
156 211 125
334 837 901
653 650 643
368 806 807
573 913 969
585 112 59
896 203 163
516 117 187
52 281 360
301 740 783
415 732 806
231 795 735
838 635 706
621 160 105
523 612 671
524 420 396
628 630 586
635 899 958
826 770 839
534 681 610
233 428 440
3 313 371
593 495 521
649 369 319
213 570 625
561 391 351
146 732 817
33 981 993
774 800 778
416 665 750
773 797 728
1 409 341
433 226 276
724 788 768
241 124 147
556 815 750
255 193 157
235 130 100
11 631 556
635 979 988
407 912 875
743 164 127
873 307 357
635 977 972
651 447 490
443 995 949
536 263 268
559 550 602
145 865 919
122 980 961
23 575 637
83 858 869
304 253 239
279 921 834
657 456 499
652 203 135
823 445 484
318 914 865
166 702 682
144 500 504
667 862 870
508 698 723
668 305 391
580 687 629
967 746 819
73 495 498
449 637 605
352 368 400
18 595 660
456 950 1043
302 525 552
962 120 48
181 678 740
829 616 594
545 803 774
976 685 671
569 258 334
858 563 509
404 261 211
348 995 1036
814 968 869
825 645 738
463 774 703
32 607 702
811 955 959
458 386 386
624 771 685
133 664 749
302 871 837
297 205 241
262 832 831
863 838 802
609 811 867
168 944 1007
118 926 951
428 503 419
171 948 989
793 122 190
649 947 875
755 354 341
567 959 999
386 510 522
174 795 729
112 602 570
30 438 429
471 995 1072
413 181 92
426 810 880
367 669 669
640 796 747
595 298 362
45 922 863
813 534 510
367 688 687
734 991 995
729 510 608
808 409 390
595 461 527
224 329 269
995 774 842
207 113 100
119 845 840
595 142 100
245 483 514
236 923 901
685 500 424
22 496 582
415 858 863
660 710 759
407 888 936
410 746 836
237 244 158
272 670 703
691 931 1013
605 628 557
44 979 1045
477 199 269
319 138 91
993 605 690
867 383 349
583 156 204
733 113 209
364 175 125
287 767 855
868 687 696
845 817 835
944 667 581
975 535 512
532 773 749
837 708 658
888 117 183
891 779 792
963 761 847
702 986 929
351 937 854
146 537 623
770 176 251
248 239 309
992 585 561
665 926 870
672 259 180
424 112 12
156 616 708
141 555 588
71 748 651
550 824 756
623 763 849
767 653 589
302 521 455
219 861 928
386 168 170
387 266 353
955 266 184
455 235 181
172 827 787
974 842 912
709 986 981
319 926 874
780 198 207
624 353 405
690 210 139
864 665 672
40 607 605
180 688 777
985 895 819
808 275 194
793 144 204
711 567 491
809 784 864
83 379 384
194 169 112
817 302 218
376 779 703
27 328 288
908 282 239
94 389 307
132 474 551
645 300 319
402 409 390
704 323 321
769 792 828
984 985 985
737 169 244
982 276 356
176 544 606
489 797 878
897 881 788
111 780 816
446 423 339
685 786 843
451 332 343
435 941 949
500 498 454
687 390 342
174 304 291
946 138 223
813 943 1007
567 976 1062
918 694 670
678 768 681
927 580 583
861 187 277
297 670 660
611 919 846
829 263 225
859 652 603
796 586 500
770 429 456
426 371 382
166 709 656
694 767 699
780 337 241
410 293 257
319 694 780
491 817 869
100 206 230
634 436 419
993 500 437
286 180 202
959 675 730
698 885 879
952 141 91
158 162 194
814 448 544
609 388 382
716 176 190
83 728 669
521 210 150
598 376 373
234 922 911
105 725 653
139 257 176
198 483 433
577 184 97
889 169 204
962 590 568
657 211 206
769 395 494
69 574 593
980 118 183
672 515 601
837 643 557
256 729 683
339 955 1024
404 128 175
943 731 770
57 192 163
377 616 541
897 614 552
905 254 189
360 991 1060
959 932 968
655 997 1085
605 348 303
624 212 248
322 867 892
414 600 636
982 917 829
548 140 231
709 313 385
700 469 413
624 333 269
621 942 1009
887 890 878
3 250 163
853 858 835
404 527 587
311 247 304
344 301 267
572 264 172
974 143 191
226 342 315
162 505 602
39 361 436
195 755 830
36 815 861
505 272 199
658 986 975
872 795 853
45 203 175
82 242 209
342 903 915
786 341 385
68 331 383
793 222 313
585 114 212
766 764 763
751 885 816
521 393 298
625 207 121
773 529 459
666 829 828
925 440 396
174 195 165
299 873 801
303 836 881
39 830 828
909 384 333
227 523 576
335 548 526
805 613 546
613 750 816
983 302 353
79 552 638
937 864 810
753 991 997
563 749 763
871 300 296
335 518 559
827 311 219
393 660 729
112 807 799
327 657 646
823 442 446
671 380 372
661 585 527
380 170 225
593 677 706
52 215 311
277 844 906
894 882 822
678 747 709
294 268 296
666 664 656
969 241 168
503 651 710
570 841 776
207 643 697
325 331 395
150 316 235
18 148 246
733 329 363
911 609 702
533 290 316
680 703 723
288 824 745
110 643 677
709 801 877
957 596 537
189 438 409
231 526 500
476 521 442
37 230 133
238 199 209
904 761 707
707 407 411
307 500 526
83 211 179
629 995 954
997 290 287
465 608 651
926 941 879
61 148 93
161 166 159
892 657 631
226 864 779
664 438 415
778 998 991
773 411 330
975 676 594
535 219 230
469 856 853
512 138 147
574 341 382
189 757 776
36 199 264
404 269 266
402 612 565
740 139 47
377 226 129
498 310 320
337 808 712
367 351 357
627 837 758
354 577 535
453 221 187
631 954 1000
196 501 428
228 738 813
357 774 724
581 789 839
365 390 307
636 408 399
453 881 797
977 975 962
102 348 425
52 641 645
490 405 448
196 526 614
942 416 376
705 642 718
20 421 370
355 500 576
221 904 871
194 978 940
460 477 459
57 378 371
388 841 932
854 589 519
199 539 457
796 805 865
146 700 764
583 919 853
476 814 793
452 223 240
863 501 410
165 870 791
986 395 393
525 356 325
7 491 500
788 575 543
451 398 395
360 238 152
151 393 402
277 745 844
715 380 452
569 424 329
889 519 421
166 958 965
593 379 387
117 865 831
440 281 337
583 715 643
901 779 737
615 377 390
919 376 333
272 253 324
731 277 325
685 288 369
987 766 766
836 361 384
29 656 567
708 463 491
461 589 597
760 850 781
59 468 383
219 722 691
406 593 509
606 366 419
343 285 335
625 733 750
239 394 417
634 446 411
173 128 185
6 611 620
407 752 773
95 821 885
637 242 188
923 315 382
121 996 931
820 778 838
140 413 321
517 963 998
537 364 433
100 175 245
820 662 614
619 311 282
767 155 253
997 360 443
993 214 121
744 373 444
85 199 298
43 236 238
328 838 747
401 704 633
22 575 668
247 807 824
297 235 206
577 228 198
693 154 123
988 186 104
88 948 883
229 944 887
47 511 520
714 555 644
237 687 780
21 660 603
161 293 295
293 609 527
341 923 979
426 343 397
368 424 496
306 580 498
756 774 701
256 371 441
904 325 242
522 297 218
728 489 442
290 945 957
204 137 217
465 834 799
817 632 671
345 508 408
92 589 641
384 710 613
625 579 663
835 657 645
261 754 688
201 994 986
230 605 638
44 519 445
630 813 902
78 544 502
616 548 524
291 335 388
817 350 328
432 280 225
157 674 671
151 827 864
706 348 431
167 940 1032
956 166 184
444 119 153
936 379 336
189 720 735
457 514 492
647 863 928
282 177 273
88 612 538
356 337 405
288 265 166
351 233 325
361 760 741
663 468 436
349 724 730
802 348 445
649 700 727
724 546 629
289 531 432
543 650 622
717 508 537
854 514 414
585 481 453
988 842 747
678 259 233
945 731 666
608 722 787
98 399 409
571 326 393
178 331 307
624 653 573
78 342 432
494 343 351
317 665 670
484 688 629
182 132 62
869 290 342
194 136 207
436 626 611
684 483 504
294 824 770
554 913 874
815 873 933
438 464 387
88 934 954
112 229 285
313 364 394
342 152 221
921 915 871
341 408 501
144 947 898
47 263 325
903 537 562
302 360 273
228 465 395
361 111 64
646 808 823
693 499 583
598 362 430
932 613 549
873 582 547
45 813 787
524 648 603
804 318 333
204 377 438
204 515 448
987 751 813
425 377 378
708 306 226
273 166 73
803 328 409
593 618 708
198 949 944
431 306 262
731 819 816
186 646 683
906 794 829
206 627 547
426 188 249
488 280 196
732 311 388
304 230 225
248 188 223
467 613 534
265 863 930
867 406 310
636 129 215
218 731 658
305 822 834
495 653 562
720 726 782
854 624 541
942 162 128
507 764 824
354 860 772
686 717 803
707 739 752
405 677 734
205 798 715
814 408 424
507 452 412
85 258 189
143 334 254
877 630 651
720 453 545
402 510 539
109 450 421
746 955 1007
519 764 856
854 844 899
238 475 432
404 745 719
655 887 889
240 977 955
624 629 551
75 596 598
456 283 307
406 599 572
141 386 463
965 355 403
375 159 254
90 413 389
962 743 650
937 310 265
521 658 738
68 757 852
262 324 310
812 877 944
122 315 410
397 214 302
451 873 836
791 854 835
503 305 279
727 339 300
343 586 652
71 499 578
310 479 411
173 863 957
402 719 637
518 700 698
376 650 738
212 933 979
431 407 354
688 737 829
224 122 83
661 860 835
76 769 806
921 912 983
606 887 839
269 971 1026
874 519 450
800 467 440
134 230 289
837 440 437
850 408 450
694 681 655
435 127 116
337 738 711
210 613 707
178 845 793
637 649 572
39 787 870
174 224 134
544 934 1011
878 477 524
520 219 205
539 550 623
244 946 886
809 385 367
635 361 379
241 577 522
2 681 634
130 607 595
55 652 749
467 553 625
590 320 296
84 705 789
25 588 521
333 769 864
615 249 271
140 776 846
781 980 1050
340 330 426
948 722 629
446 710 710
682 589 507
351 931 866
887 863 803
628 123 130
784 990 920
533 645 602
511 513 427
758 383 365
446 368 339
121 401 461
658 850 847
582 934 1001
428 204 248
441 384 354
431 860 787
33 994 1027
486 362 298
792 425 512
82 789 765
408 219 219
240 934 866
167 478 526
272 333 267
580 977 999
423 401 310
417 523 438
700 228 240
54 388 359
816 333 320
938 675 743
865 234 150
279 379 329
529 152 156
504 306 226
831 852 857
295 892 980
427 961 989
740 573 612
990 889 891
626 388 378
765 250 213
68 325 344
115 549 474
335 125 150
169 216 208
48 684 735
5 634 570
524 317 401
400 936 1018
711 502 509
868 904 864
110 297 271
603 827 824
619 938 1002
738 609 706
383 130 37
971 802 710
204 965 978
132 897 990
573 820 855
465 411 420
674 682 713
480 124 75
411 557 632
972 398 421
994 389 488
772 422 515
733 459 393
618 962 923
416 931 1006
754 644 612
398 240 143
413 823 822
915 163 244
239 943 1019
552 601 676
902 600 629
294 573 549
252 727 826
175 999 982
774 890 823
920 306 319
721 321 417
780 764 843
717 683 609
269 578 615
819 467 484
340 154 230
34 493 419
32 492 453
908 861 777
129 123 23
366 628 672
101 610 610
745 517 461
271 636 633
672 356 317
722 878 907
153 772 808
581 890 932
426 274 298
440 347 397
22 348 271
583 990 933
41 548 640
631 744 690
907 290 371
770 565 590
515 252 308
392 858 830
576 603 660
841 267 212
109 934 883
99 148 214
591 341 415
304 307 307
506 515 497
17 432 368
176 990 1029
17 794 711
570 227 260
746 927 928
672 240 263
714 461 503
973 311 271
195 197 218
650 645 567
12 121 47
1 283 244
769 903 867
900 982 1060
818 684 712
964 246 208
358 793 698
583 539 439
681 810 749
283 462 531
295 563 634
489 680 751
380 952 977
360 351 356
5 257 226
157 826 787
925 214 247
407 238 188
194 238 324
589 411 353
99 274 275
739 146 245
686 907 882
956 575 622
121 154 202
925 461 540
42 736 800
185 440 386
328 663 648
666 602 504
850 792 714
889 355 425
786 352 359
309 688 686
357 454 476
751 224 231
455 134 150
826 867 920
447 183 101
999 561 613
765 574 596
41 674 674
312 543 500
961 132 150
348 571 661
476 229 269
502 709 640
353 337 434
435 129 115
941 213 199
462 889 828
97 543 490
583 988 997
607 354 356
126 882 953
259 840 806
931 576 643
186 718 655
207 704 728
322 199 212
199 583 488
685 758 682
672 969 1010
945 569 531
814 134 121
634 898 937
159 306 331
841 161 224
509 329 233
609 884 852
141 498 506
869 522 467
835 632 712
351 372 441
378 651 683
264 153 111
484 774 764
540 445 403
786 281 341
656 301 283
92 607 617
555 201 185
142 404 355
436 315 337
45 178 275
92 765 715
838 138 185
214 540 495
405 802 714
619 627 670
178 995 1057
280 598 571
609 975 976
839 317 405
915 860 957
651 850 765
681 185 268
165 840 766
942 196 203
524 252 183
519 891 857
68 723 745
40 159 103
272 609 521
114 559 654
945 547 572
30 617 578
850 543 537
946 660 643
106 247 335
983 385 376
672 682 687
726 337 350
288 535 602
791 589 679
283 568 647
852 237 322
340 512 567
957 933 977
112 415 481
421 363 425
63 771 768
318 351 293
795 855 855
334 711 669
848 669 683
990 579 564
441 514 567
367 317 361
709 961 1028
992 810 761
736 645 608
7 189 216
844 378 364
520 823 876
149 194 216
675 705 725
130 196 105
362 877 859
319 632 556
106 486 408
707 714 783
795 997 1068
96 675 714
897 170 114
990 850 823
659 506 414
754 154 88
617 194 201
204 560 630
627 667 759
306 768 801
303 634 626
937 506 517
4 239 230
835 435 424
281 763 684
330 802 874
423 956 951
928 544 580
555 415 376
295 380 402
883 974 1057
328 496 567
472 993 1064
837 510 548
570 908 1003
348 113 74
300 879 924
787 415 446
129 133 75
432 408 409
403 954 932
836 881 924
829 752 690
280 627 532
176 356 375
180 334 423
44 606 555
386 365 271
412 949 881
746 249 267
695 700 799
562 159 225
284 798 830
864 968 1056
141 993 916
393 636 595
949 589 557
236 807 852
179 836 763
335 980 1056
998 619 634
53 615 543
826 466 450
791 166 123
784 114 99
375 219 283
912 483 537
696 786 687
513 544 481
492 667 671
64 564 567
631 190 204
32 315 294
94 693 631
98 950 1044
220 443 412
639 285 237
399 971 1062
886 978 972
512 255 347
23 718 623
112 292 323
342 801 838
996 267 323
940 437 513
315 414 334
511 725 773
479 958 886
455 921 826
617 452 459
301 420 432
505 445 479
282 141 43
458 754 656
824 561 651
166 456 409
856 546 601
809 316 267
721 440 482
106 464 429
454 943 968
830 552 478
864 261 243
588 274 348
96 284 323
484 242 314
973 479 522
205 281 286
575 509 458
972 251 221
908 543 604
406 213 240
575 331 331
759 699 617
954 585 522
103 315 349
517 192 220
708 830 899
157 409 393
315 630 609
801 944 905
915 774 816
164 453 410
826 900 809
360 981 1080
591 258 178
683 854 877
492 537 502
828 403 399
412 780 839
350 244 263
97 516 518
482 260 295
370 514 514
349 554 627
514 554 545
350 645 572
830 306 332
159 596 587
912 137 211
63 847 791
519 490 453
686 948 1007
141 663 596
640 222 225
139 991 897
739 508 484
959 631 573
506 302 276
536 710 666
364 596 565
791 793 866
733 187 197
354 897 935
480 159 125
471 619 613
917 647 589
502 987 920
718 286 321
393 616 558
939 868 882
706 287 260
792 167 86
677 657 647
731 384 470
303 679 659
906 208 172
892 395 459
90 546 554
658 257 344
511 444 518
709 955 971
772 391 365
387 479 388
694 882 938
334 822 738
444 292 390
764 578 654
254 421 515
419 903 929
794 845 773
743 733 803
59 361 385
473 692 593
341 736 776
142 542 449
346 616 612
871 608 557
221 503 503
112 479 562
938 150 192
639 276 267
920 142 145
574 696 793
278 705 670
763 442 436
332 476 539
891 904 941
333 234 315
747 679 582
791 606 697
977 351 370
14 756 759
671 325 243
340 315 288
712 607 533
123 137 129
16 862 832
155 584 621
794 501 487
352 518 463
622 480 420
348 121 64
590 580 657
819 660 605
379 988 1075
408 216 128
253 628 543
785 943 889
225 665 570
683 162 137
100 363 263
112 543 512
640 735 822
259 635 686
246 838 765
364 784 793
945 840 899
881 910 926
505 229 290
563 253 251
846 591 609
333 592 632
36 903 871
626 850 870
444 635 704
202 758 700
22 354 285
921 175 82
54 695 703
215 525 446
755 963 1053
297 600 557
189 337 301
20 642 731
610 289 267
339 153 171
613 341 364
686 480 487
343 513 531
809 996 1057
768 202 214
319 160 231
573 414 323
172 701 614
372 655 690
420 114 17
678 643 668
94 301 263
547 779 810
543 415 408
646 243 189
702 741 751
44 615 540
707 656 615
320 714 748
324 427 345
922 440 493
137 999 1071
888 389 370
232 974 1064
380 500 519
90 708 668
656 311 279
270 424 334
948 689 663
305 396 434
675 476 499
674 270 320
987 148 176
958 512 586
396 470 420
69 113 81
294 380 280
646 686 640
298 731 674
618 172 176
30 789 728
210 449 523
252 230 302
703 801 865
108 690 633
110 916 873
413 333 348
61 334 279
759 575 579
828 770 698
592 347 281
972 524 500
107 412 438
884 290 257
536 130 118
442 323 333
692 576 669
943 202 107
465 403 460
207 868 890
473 995 936
938 258 193
278 597 554
480 271 204
502 570 611
740 964 893
265 567 634
368 537 593
697 561 510
550 371 361
544 917 1002
710 211 284
258 370 298
438 623 647
954 774 699
914 512 585
427 642 568
907 499 498
414 305 244
706 525 574
613 929 887
726 864 764
18 745 696
595 872 911
341 538 568
792 649 661
390 530 628
827 646 725
46 200 162
512 375 278
432 149 175
280 407 378
993 408 383
850 638 732
331 368 330
937 946 867
409 560 559
12 553 517
113 463 436
410 741 817
453 759 721
786 433 451
121 753 770
713 199 186
4 175 228
943 453 493
449 547 469
946 988 913
343 386 333
53 714 743
781 608 528
145 887 964
866 525 426
966 158 202
39 546 591
424 340 373
915 966 889
902 179 91
212 290 271
891 502 493
451 189 136
325 279 255
791 179 129
843 186 129
334 828 779
591 584 619
554 289 307
630 393 392
832 449 490
273 810 829
361 328 238
550 541 516
627 882 815
712 216 117
519 409 377
52 635 721
253 350 347
570 878 801
950 430 520
737 171 115
982 704 720
466 749 675
335 193 245
454 341 335
789 349 447
379 654 562
649 596 555
512 141 214
872 247 310
940 203 213
607 401 408
325 920 820
418 150 117
677 827 885
945 358 374
557 351 442
104 391 412
139 654 578
292 536 634
396 374 460
722 867 875
633 455 528
678 458 414
484 758 850
762 573 654
34 200 192
349 164 177
960 705 746
439 812 911
735 806 784
585 746 669
972 337 386
363 218 203
92 470 552
611 435 469
712 351 392
771 763 674
440 379 282
229 118 109
11 115 53
725 465 520
980 568 617
101 345 267
505 725 665
869 646 708
140 356 361
874 984 943
176 144 191
184 158 251
190 563 658
588 732 772
103 532 568
366 309 365
57 408 365
659 589 520
934 424 383
917 892 826
955 268 237
9 924 930
518 894 938
217 874 835
691 610 592
913 328 383
249 136 202
786 392 390
139 532 517
18 797 766
196 949 909
111 369 330
992 842 907
851 594 502
413 869 915
658 345 374
687 148 227
4 890 926
478 440 504
251 821 888
194 239 145
485 507 436
308 782 709
851 628 725
704 667 647
968 431 343
11 119 168
887 916 966
257 634 579
57 475 470
201 332 366
646 363 294
402 492 485
984 614 577
611 605 509
971 962 1060
981 127 27
887 791 868
476 570 499
886 774 714
136 311 291
420 910 819
849 162 152
416 577 564
971 860 769
929 879 782
948 871 970
714 872 949
231 772 744
976 901 850
203 191 167
103 549 609
161 592 622
686 993 907
528 490 398
393 531 625
248 547 631
105 546 572
848 445 518
738 767 835
828 988 897
321 440 369
862 267 228
855 848 946
282 911 915
755 948 1031
247 923 855
736 852 805
113 527 450
850 408 479
837 267 303
208 307 208
384 439 512
214 714 758
114 709 610
56 285 337
969 211 112
804 357 405
274 596 667
607 701 742
784 572 580
6 291 341
375 296 223
54 178 147
726 821 813
922 825 828
36 612 609
313 619 577
859 391 404
523 263 197
43 891 982
246 485 577
454 264 231
530 384 362
329 694 617
133 216 123
697 676 590
269 221 198
584 480 429
755 983 1036
633 247 309
54 209 120
226 175 177
534 474 382
191 821 794
309 925 925
945 960 899
70 137 130
486 481 391
467 700 761
621 495 482
731 327 325
803 378 421
213 831 781
13 867 855
928 306 356
883 752 791
913 929 982
330 455 405
993 501 545
426 330 298
670 720 634
970 269 344
781 909 826
632 245 165
852 639 544
574 419 501
494 151 216
882 834 765
322 171 101
568 812 827
254 227 176
433 292 235
331 183 282
482 262 288
76 352 348
422 379 290
467 302 312
281 148 134
349 287 338
138 421 385
270 933 948
474 264 166
555 457 425
726 456 520
997 128 208
300 557 521
515 608 665
557 210 124
755 596 579
104 379 390
30 667 732
202 293 253
591 303 374
979 608 624
998 451 467
501 363 438
61 649 628
173 462 552
718 525 566
20 898 960
646 505 572
850 352 260
68 619 645
627 492 514
11 121 142
294 636 557
899 530 464
296 881 849
762 838 750
648 577 493
93 409 454
364 266 281
936 303 331
365 864 818
377 518 474
968 171 185
440 268 262
306 420 473
125 724 730
649 778 713
985 849 803
161 606 633
376 229 243
224 802 889
683 154 116
750 404 360
927 914 958
276 447 352
965 242 172
717 715 775
548 875 932
105 227 316
239 792 756
17 411 420
66 355 300
395 633 729
299 884 965
677 635 571
825 660 589
505 794 867
365 618 600
496 428 431
263 380 431
602 667 721
876 265 332
465 469 415
335 451 457
925 370 312
543 533 440
312 665 673
882 546 627
240 914 894
543 486 518
170 270 223
343 958 886
746 815 836
130 134 222
421 607 680
896 795 777
520 826 870
10 418 439
913 334 403
335 691 668
514 393 404
467 630 710
260 758 787
286 409 464
844 359 298
614 242 160
419 607 629
765 361 385
18 899 906
671 762 836
988 218 195
573 715 785
302 627 549
638 313 292
917 115 63
65 292 363
623 376 331
904 923 831
792 589 500
525 177 222
646 952 995
326 406 364
906 276 294
135 376 322
140 730 659
344 946 888
643 818 885
557 175 223
95 212 218
170 264 175
116 913 953
449 663 568
634 923 1010
933 562 476
630 768 709
570 901 911
366 201 140
438 945 995
552 715 784
725 300 203
628 352 278
250 978 994
165 115 58
672 947 877
413 120 176
301 307 277
404 800 843
342 976 907
23 757 798
236 624 610
508 640 552
484 760 722
489 389 383
430 583 512
441 717 728
662 523 595
438 835 787
411 584 605
139 722 747
715 462 535
311 847 821
42 901 972
355 288 257
886 710 765
569 840 783
34 449 524
848 325 288
381 560 605
69 210 283
464 769 785
293 650 728
182 981 1067
381 854 811
55 273 207
875 962 1010
256 266 321
497 158 183
3 440 341
115 197 112
855 966 973
462 593 659
442 496 398
279 436 414
461 692 681
419 847 811
593 619 635
647 421 336
18 977 892
115 983 921
77 161 70
619 641 643
53 492 582
419 505 451
73 855 893
901 365 287
474 654 695
823 280 250
799 349 322
780 420 416
837 593 605
435 637 573
864 203 149
308 162 192
146 369 413
432 984 1009
43 195 115
234 821 905
502 246 290
850 575 575
392 116 84
984 615 670
89 776 803
147 983 1072
437 673 591
420 428 432
515 985 998
314 185 245
466 117 77
988 760 690
994 318 326
562 621 626
311 422 445
292 990 1042
924 943 883
282 136 160
265 601 528
348 216 205
356 928 1011
87 308 388
320 444 523
894 928 920
245 509 563
234 169 81
171 848 945
199 137 90
751 690 696
869 810 886
789 321 268
12 247 211
387 161 189
306 960 967
754 482 538
819 279 182
649 335 272
679 325 302
331 564 491
118 149 50
355 934 993
508 256 317
565 544 482
521 228 228
938 707 657
128 515 429
381 530 574
621 697 677
132 152 198
176 274 343
102 280 220
265 988 1030
753 818 773
885 991 1050
557 547 594
12 773 845
484 839 787
144 592 665
190 950 1049
374 712 646
564 578 532
551 760 767
347 504 462
337 750 685
828 570 617
573 335 384
393 214 160
934 431 405
878 312 324
555 310 397
81 464 464
811 708 618
254 299 279
973 559 606
490 718 731
743 483 410
860 258 264
221 462 455
448 795 764
672 408 488
71 352 448
742 799 857
954 846 755
459 313 216
143 969 970
561 582 532
726 706 628
122 290 256
892 705 761
226 123 114
498 923 928
272 906 859
100 722 666
327 763 799
293 780 844
823 344 320
493 569 490
695 670 616
364 967 891
378 774 744
293 289 358
188 756 680
875 994 937
609 302 311
362 907 974
624 749 781
140 201 132
769 299 369
732 505 448
478 616 634
679 927 1004
406 792 706
399 899 988
614 206 217
510 692 775
229 550 558
331 250 286
543 390 380
987 258 195
555 450 482
474 978 946
241 877 926
129 943 872
236 898 950
890 506 460
385 434 434
542 918 984
855 637 611
22 151 123
403 315 398
379 906 884
242 322 348
178 987 1039
65 229 328
509 907 984
873 259 213
781 704 766
373 554 587
418 887 925
649 320 238
543 247 241
780 594 636
767 268 346
900 944 1035
796 941 933
963 840 807
631 192 115
131 914 912
5 620 702
241 344 355
393 427 347
937 847 923
115 592 622
52 496 506
985 457 426
805 870 831
897 281 369
801 387 301
374 825 740
637 745 708
992 354 395
821 445 474
363 341 393
796 919 981
186 520 579
41 828 848
233 215 215
544 162 122
347 226 261
62 293 255
335 575 536
710 317 242
970 892 890
880 680 637
341 515 509
149 336 338
266 874 923
324 431 389
453 701 728
659 414 453
181 693 599
413 966 1014
292 192 234
933 628 646
388 884 971
642 416 332
501 873 842
861 648 682
525 906 831
866 584 640
522 317 410
485 347 322
576 119 153
159 754 774
29 393 491
372 336 362
230 410 336
834 720 819
730 429 433
263 540 517
495 349 430
760 318 296
770 654 748
494 361 286
812 897 828
66 890 896
403 564 616
89 683 701
447 679 643
930 253 270
199 598 514
432 518 586
43 869 891
325 843 764
210 958 1041
86 210 306
595 682 659
240 469 464
878 998 1082
40 397 467
587 920 830
46 993 990
898 853 858
723 509 579
677 604 516
789 531 460
432 518 566
834 862 958
832 397 469
156 329 409
66 200 197
59 248 254
894 679 665
343 260 191
897 129 195
371 184 208
828 315 225
674 976 1053
995 961 1005
242 838 913
342 750 838
496 295 195
136 770 849
304 266 213
324 405 332
407 257 258
637 811 777
610 859 760
567 760 660
385 512 461
105 403 420
312 352 268
55 353 296
230 261 265
561 472 541
726 592 542
514 153 231
356 450 450
86 457 370
538 461 451
866 679 690
139 313 386
412 387 471
581 583 513
987 159 201
530 912 900
577 249 340
959 151 113
350 597 576
744 657 743
384 171 231
611 666 753
922 550 520
453 483 569
508 619 702
410 366 355
565 758 663
611 719 816
158 995 962
772 459 375
840 401 393
466 224 138
960 170 269
379 482 472
951 422 513
239 350 323
966 749 835
651 773 781
646 761 801
38 171 165
364 242 204
492 654 709
559 721 769
976 718 641
327 229 143
597 191 152
315 518 473
61 458 543
792 940 954
859 674 696
8 206 301
619 486 479
305 290 195
988 948 848
122 165 130
213 227 312
670 502 450
61 747 707
994 682 600
628 302 392
736 845 937
159 823 838
360 349 425
302 372 446
362 375 473
494 668 609
933 602 677
649 817 904
292 197 283
507 280 292
334 239 198
136 204 195
404 720 783
698 617 540
995 505 500
622 500 594
176 683 764
970 574 585
68 519 588
259 459 429
403 957 994
509 332 396
194 737 682
764 573 658
208 677 761
645 214 222
290 189 233
811 995 1033
271 600 651
662 464 367
614 780 764
863 503 588
569 347 271
89 550 627
726 485 403
842 416 463
930 900 805
925 652 719
476 378 300
873 163 217
627 178 155
69 552 502
335 489 552
828 598 679
250 498 524
593 581 576
482 350 331
92 375 341
392 233 294
451 331 367
527 129 90
24 473 448
450 695 737
998 535 542
434 453 510
963 127 103
233 550 622
531 911 1002
668 318 287
916 147 206
937 753 718
345 138 107
3 473 532
480 216 275
864 696 642
883 509 448
378 849 834
279 729 820
512 690 715
553 999 1007
276 819 815
306 219 283
713 530 595
832 351 312
491 171 105
938 377 288
769 550 536
465 931 973
117 894 839
116 562 617
913 156 66
36 583 554
507 427 341
778 274 355
846 547 526
146 700 666
640 750 670
563 247 260
444 881 918
952 192 252
4 884 926
535 932 981
891 362 313
75 428 335
566 343 419
230 696 601
949 993 1026
103 196 142
969 702 737
62 422 447
932 245 271
856 880 813
140 657 568
496 886 812
758 917 956
416 812 897
409 836 911
505 541 636
170 747 836
520 458 360
671 128 216
536 689 748
151 836 923
23 887 873
930 115 53
719 736 757
536 671 574
21 562 566
736 544 582
128 499 441
147 509 585
796 458 441
613 280 293
487 225 243
492 611 615
196 782 730
826 434 489
335 450 509
822 914 920
259 640 671
707 829 890
99 724 744
289 207 150
417 713 753
980 350 289
736 814 792
100 139 82
482 830 840
386 649 623
981 234 260
789 821 788
480 649 636
589 296 341
267 488 416
536 224 148
328 397 469
361 745 837
170 937 925
776 538 603
914 870 931
714 544 563
319 846 761
527 347 380
951 993 1079
80 233 227
402 344 403
116 220 151
46 185 150
527 578 498
382 425 328
869 256 302
696 788 698
962 859 874
955 563 569
93 505 527
355 923 825
478 744 669
561 885 819
87 288 328
441 380 296
604 397 487
367 160 189
208 206 228
717 721 734
161 304 335
74 846 748
786 857 855
657 971 881
856 237 164
160 860 876
483 934 870
538 891 901
645 579 630
332 233 228
549 736 763
376 433 475
217 445 444
185 882 812
327 929 830
170 164 97
96 680 710
973 844 782
500 445 512
637 231 164
341 654 697
703 331 249
80 962 923
947 515 513
868 651 714
929 660 757
570 811 727
395 502 413
771 671 682
906 525 463
518 674 681
766 421 368
724 503 466
179 777 730
787 327 254
406 166 78
194 157 183
634 232 137
265 283 343
731 779 820
364 952 897
714 539 637
156 751 794
905 145 223
149 382 418
212 503 420
264 560 516
401 234 317
595 260 196
346 972 1054
293 712 667
774 912 1009
494 904 832
534 652 562
839 558 497
281 275 257
785 353 388
924 604 519
94 529 563
63 689 592
738 610 571
640 855 771
533 845 860
142 973 895
645 129 219
830 306 252
104 672 575
659 383 471
129 450 356
779 157 76
341 172 239
179 446 441
5 520 421
975 144 73
996 243 302
217 199 224
847 404 449
154 418 395
536 366 369
588 396 355
657 482 509
35 335 398
495 758 822
533 765 824
682 898 956
781 716 617
111 383 454
457 143 45
744 489 498
66 949 875
483 325 383
736 892 957
464 730 694
201 571 641
87 390 397
767 205 168
75 213 198
112 974 1050
537 984 1009
481 580 618
722 700 635
601 514 596
298 359 334
815 645 660
130 515 547
236 991 977
351 384 385
323 764 787
305 662 593
833 332 359
497 948 919
950 216 307
231 139 90
831 474 388
287 988 928
277 689 676
585 184 241
320 634 556
940 294 277
189 432 382
131 998 1047
250 427 466
282 391 477
691 620 672
678 685 594
329 865 830
411 366 448
999 179 125
207 279 213
568 651 622
567 875 873
922 651 699
238 384 288
811 321 363
457 999 977
306 153 197
592 442 368
1737
1697836 1698448
1697835 1698456
1697834 1698513
1697833 1698603
1697831 1698604
1697830 1698606
1697829 1698647
1697828 1698684
1697826 1698762
1697822 1698781
1697821 1698811
1697820 1698842
1697819 1698849
1697818 1698897
1697815 1698909
1697814 1698939
1697813 1698967
1697812 1698969
1697811 1698986
1697810 1699043
1697808 1699044
1697807 1699053
1697806 1699056
1697805 1699085
1697804 1699104
1697802 1699136
1697800 1699173
1697797 1699197
1697795 1699202
1697794 1699221
1697793 1699223
1697792 1699234
1697790 1699260
1697789 1699273
1697787 1699293
1697785 1699317
1697784 1699340
1697782 1699372
1697779 1699376
1697778 1699384
1697776 1699403
1697775 1699432
1697774 1699457
1697770 1699468
1697768 1699495
1697765 1699499
1697764 1699518
1697763 1699556
1697760 1699562
1697758 1699577
1697757 1699578
1697755 1699592
1697753 1699605
1697752 1699614
1697751 1699634
1697750 1699645
1697748 1699649
1697747 1699655
1697746 1699673
1697744 1699684
1697741 1699691
1697740 1699702
1697739 1699730
1697737 1699741
1697735 1699756
1697732 1699762
1697731 1699780
1697730 1699781
1697729 1699794
1697728 1699799
1697727 1699804
1697726 1699813
1697724 1699818
1697723 1699826
1697722 1699829
1697721 1699838
1697720 1699842
1697719 1699844
1697718 1699856
1697717 1699865
1697716 1699875
1697714 1699882
1697713 1699896
1697712 1699898
1697711 1699907
1697709 1699935
1697705 1699940
1697704 1699953
1697703 1699965
1697702 1699978
1697699 1699981
1697698 1699997
1697696 1700002
1697694 1700009
1697692 1700019
1697691 1700032
1697689 1700043
1697687 1700051
1697686 1700063
1697684 1700065
1697683 1700070
1697682 1700076
1697681 1700095
1697677 1700112
1697676 1700120
1697675 1700122
1697674 1700126
1697673 1700128
1697672 1700140
1697670 1700142
1697669 1700160
1697667 1700168
1697665 1700197
1697660 1700205
1697657 1700215
1697656 1700220
1697655 1700229
1697654 1700231
1697653 1700234
1697652 1700235
1697651 1700240
1697650 1700261
1697648 1700276
1697645 1700278
1697644 1700285
1697643 1700295
1697640 1700306
1697639 1700307
1697638 1700319
1697637 1700325
1697634 1700327
1697633 1700341
1697632 1700351
1697630 1700356
1697629 1700358
1697628 1700369
1697625 1700386
1697622 1700392
1697621 1700398
1697619 1700407
1697618 1700427
1697614 1700432
1697611 1700438
1697610 1700444
1697609 1700465
1697605 1700468
1697604 1700469
1697603 1700483
1697602 1700485
1697601 1700487
1697599 1700498
1697598 1700503
1697596 1700504
1697595 1700509
1697594 1700515
1697593 1700532
1697591 1700544
1697590 1700556
1697584 1700558
1697582 1700565
1697581 1700574
1697580 1700576
1697579 1700594
1697576 1700599
1697574 1700609
1697573 1700620
1697571 1700627
1697568 1700634
1697567 1700643
1697565 1700652
1697563 1700659
1697561 1700666
1697560 1700670
1697558 1700679
1697557 1700681
1697555 1700684
1697554 1700693
1697553 1700694
1697552 1700700
1697550 1700701
1697549 1700716
1697546 1700724
1697545 1700725
1697544 1700726
1697543 1700734
1697542 1700755
1697537 1700762
1697536 1700773
1697534 1700776
1697532 1700781
1697530 1700787
1697529 1700790
1697528 1700796
1697526 1700801
1697525 1700807
1697524 1700810
1697523 1700824
1697521 1700830
1697517 1700833
1697516 1700839
1697515 1700846
1697514 1700853
1697512 1700856
1697511 1700858
1697510 1700881
1697503 1700883
1697502 1700890
1697500 1700898
1697499 1700908
1697498 1700913
1697496 1700922
1697495 1700931
1697492 1700934
1697491 1700939
1697489 1700940
1697488 1700957
1697487 1700958
1697484 1700959
1697483 1700961
1697482 1700963
1697481 1700968
1697479 1700989
1697478 1700996
1697474 1700998
1697471 1701014
1697467 1701025
1697466 1701028
1697464 1701037
1697463 1701041
1697462 1701046
1697458 1701070
1697455 1701075
1697450 1701089
1697447 1701093
1697445 1701095
1697444 1701100
1697442 1701102
1697441 1701106
1697440 1701111
1697438 1701121
1697437 1701122
1697436 1701130
1697435 1701139
1697433 1701145
1697429 1701150
1697428 1701156
1697427 1701157
1697425 1701171
1697424 1701175
1697423 1701184
1697418 1701185
1697417 1701190
1697415 1701192
1697414 1701194
1697413 1701202
1697412 1701213
1697407 1701214
1697406 1701226
1697404 1701232
1697402 1701238
1697400 1701246
1697398 1701252
1697395 1701257
1697394 1701262
1697392 1701264
1697391 1701276
1697388 1701279
1697387 1701289
1697382 1701291
1697381 1701315
1697373 1701318
1697371 1701327
1697370 1701328
1697369 1701339
1697364 1701352
1697360 1701358
1697358 1701371
1697355 1701380
1697352 1701381
1697348 1701390
1697347 1701393
1697346 1701402
1697343 1701407
1697341 1701415
1697339 1701417
1697336 1701430
1697335 1701436
1697334 1701441
1697333 1701445
1697328 1701449
1697327 1701458
1697326 1701461
1697323 1701462
1697319 1701467
1697316 1701469
1697315 1701475
1697314 1701484
1697313 1701485
1697310 1701496
1697308 1701500
1697306 1701510
1697303 1701515
1697300 1701520
1697299 1701521
1697298 1701530
1697295 1701532
1697294 1701537
1697293 1701541
1697292 1701543
1697290 1701546
1697287 1701550
1697285 1701567
1697281 1701573
1697277 1701587
1697272 1701593
1697269 1701603
1697267 1701610
1697264 1701613
1697263 1701616
1697259 1701622
1697258 1701627
1697254 1701632
1697253 1701641
1697249 1701648
1697246 1701651
1697245 1701655
1697244 1701658
1697242 1701660
1697241 1701669
1697240 1701678
1697237 1701679
1697235 1701688
1697231 1701699
1697227 1701700
1697226 1701709
1697225 1701722
1697219 1701723
1697215 1701737
1697212 1701739
1697209 1701744
1697208 1701746
1697206 1701753
1697205 1701754
1697204 1701755
1697202 1701763
1697199 1701764
1697198 1701768
1697197 1701769
1697196 1701771
1697195 1701782
1697192 1701784
1697188 1701792
1697186 1701799
1697183 1701800
1697182 1701812
1697179 1701815
1697177 1701819
1697176 1701829
1697173 1701833
1697169 1701838
1697167 1701848
1697163 1701855
1697161 1701862
1697159 1701866
1697152 1701873
1697149 1701881
1697148 1701888
1697146 1701892
1697141 1701893
1697140 1701894
1697139 1701903
1697138 1701907
1697134 1701913
1697131 1701918
1697130 1701923
1697127 1701927
1697126 1701940
1697118 1701944
1697116 1701957
1697114 1701960
1697113 1701966
1697109 1701969
1697107 1701977
1697104 1701978
1697103 1701981
1697101 1701986
1697096 1701990
1697094 1701993
1697093 1702003
1697090 1702004
1697089 1702010
1697084 1702014
1697081 1702026
1697080 1702028
1697076 1702034
1697071 1702035
1697070 1702046
1697069 1702051
1697068 1702052
1697066 1702060
1697058 1702067
1697057 1702080
1697051 1702081
1697050 1702082
1697048 1702086
1697047 1702088
1697045 1702096
1697043 1702099
1697042 1702103
1697038 1702111
1697036 1702115
1697034 1702117
1697032 1702120
1697031 1702122
1697030 1702128
1697029 1702129
1697027 1702137
1697021 1702138
1697020 1702140
1697019 1702145
1697018 1702148
1697017 1702162
1697009 1702163
1697007 1702164
1697006 1702171
1697004 1702177
1697001 1702184
1696996 1702194
1696989 1702198
1696988 1702209
1696983 1702220
1696980 1702222
1696978 1702223
1696976 1702224
1696975 1702228
1696973 1702229
1696972 1702232
1696971 1702241
1696967 1702248
1696962 1702250
1696960 1702260
1696958 1702267
1696955 1702269
1696953 1702271
1696948 1702275
1696946 1702276
1696944 1702280
1696943 1702284
1696942 1702296
1696940 1702297
1696935 1702298
1696933 1702301
1696932 1702307
1696928 1702310
1696926 1702318
1696923 1702323
1696919 1702324
1696916 1702327
1696915 1702335
1696913 1702336
1696910 1702340
1696908 1702341
1696907 1702349
1696903 1702352
1696902 1702356
1696900 1702363
1696895 1702380
1696887 1702382
1696886 1702386
1696885 1702388
1696882 1702399
1696876 1702400
1696875 1702401
1696872 1702406
1696871 1702408
1696869 1702410
1696868 1702412
1696867 1702415
1696864 1702417
1696863 1702421
1696862 1702426
1696859 1702427
1696857 1702431
1696855 1702437
1696853 1702439
1696850 1702448
1696848 1702449
1696846 1702450
1696843 1702454
1696841 1702455
1696840 1702461
1696838 1702462
1696836 1702464
1696834 1702475
1696828 1702476
1696827 1702481
1696825 1702487
1696823 1702491
1696822 1702492
1696820 1702499
1696818 1702501
1696814 1702510
1696811 1702511
1696810 1702513
1696808 1702517
1696806 1702519
1696804 1702522
1696799 1702526
1696798 1702531
1696795 1702535
1696793 1702537
1696791 1702541
1696787 1702544
1696786 1702548
1696783 1702553
1696782 1702555
1696779 1702560
1696778 1702562
1696774 1702565
1696773 1702574
1696768 1702575
1696767 1702577
1696766 1702587
1696761 1702591
1696759 1702593
1696757 1702594
1696755 1702600
1696751 1702607
1696750 1702615
1696744 1702616
1696743 1702617
1696742 1702619
1696738 1702630
1696737 1702632
1696732 1702633
1696730 1702635
1696728 1702637
1696726 1702650
1696719 1702654
1696717 1702656
1696715 1702661
1696714 1702667
1696713 1702668
1696709 1702670
1696707 1702672
1696706 1702674
1696703 1702675
1696702 1702681
1696700 1702684
1696698 1702686
1696697 1702690
1696693 1702697
1696691 1702699
1696690 1702704
1696687 1702708
1696685 1702712
1696681 1702714
1696679 1702717
1696678 1702720
1696673 1702722
1696671 1702729
1696669 1702731
1696667 1702733
1696664 1702735
1696663 1702736
1696662 1702737
1696661 1702740
1696658 1702741
1696657 1702748
1696656 1702751
1696655 1702754
1696651 1702755
1696649 1702760
1696648 1702766
1696644 1702767
1696643 1702773
1696637 1702775
1696636 1702776
1696635 1702789
1696629 1702793
1696624 1702801
1696618 1702804
1696617 1702807
1696615 1702809
1696612 1702811
1696611 1702815
1696610 1702820
1696609 1702821
1696606 1702827
1696601 1702828
1696599 1702833
1696598 1702834
1696596 1702838
1696592 1702845
1696590 1702849
1696589 1702853
1696585 1702858
1696584 1702861
1696575 1702863
1696574 1702866
1696573 1702870
1696570 1702873
1696569 1702878
1696566 1702879
1696563 1702887
1696560 1702890
1696559 1702893
1696557 1702894
1696553 1702905
1696550 1702909
1696545 1702911
1696543 1702913
1696540 1702915
1696539 1702926
1696533 1702927
1696531 1702928
1696529 1702930
1696528 1702931
1696527 1702936
1696524 1702942
1696519 1702944
1696518 1702945
1696517 1702947
1696516 1702949
1696515 1702957
1696510 1702961
1696507 1702962
1696504 1702965
1696502 1702972
1696498 1702974
1696497 1702975
1696494 1702978
1696493 1702979
1696492 1702980
1696489 1702993
1696480 1702994
1696479 1702995
1696478 1702997
1696477 1703012
1696469 1703014
1696468 1703016
1696467 1703019
1696463 1703021
1696462 1703024
1696461 1703026
1696460 1703027
1696459 1703033
1696456 1703035
1696455 1703040
1696448 1703043
1696445 1703045
1696442 1703051
1696441 1703056
1696437 1703059
1696434 1703062
1696432 1703065
1696429 1703066
1696428 1703071
1696427 1703080
1696417 1703081
1696415 1703083
1696414 1703087
1696413 1703088
1696412 1703090
1696411 1703093
1696408 1703099
1696406 1703100
1696403 1703101
1696401 1703108
1696397 1703115
1696393 1703116
1696391 1703117
1696390 1703118
1696388 1703123
1696386 1703125
1696384 1703127
1696382 1703132
1696378 1703137
1696376 1703139
1696374 1703146
1696367 1703148
1696364 1703155
1696362 1703156
1696360 1703159
1696359 1703162
1696357 1703164
1696354 1703165
1696353 1703166
1696351 1703175
1696350 1703177
1696346 1703180
1696341 1703181
1696340 1703191
1696333 1703192
1696331 1703193
1696330 1703197
1696327 1703200
1696326 1703201
1696325 1703202
1696324 1703206
1696320 1703211
1696314 1703224
1696309 1703225
1696306 1703228
1696304 1703229
1696303 1703237
1696297 1703240
1696296 1703241
1696295 1703243
1696293 1703244
1696289 1703248
1696288 1703249
1696287 1703250
1696286 1703259
1696278 1703263
1696275 1703265
1696274 1703266
1696273 1703268
1696272 1703269
1696271 1703270
1696270 1703271
1696269 1703280
1696266 1703281
1696260 1703284
1696259 1703285
1696257 1703290
1696253 1703293
1696251 1703294
1696250 1703295
1696249 1703303
1696243 1703307
1696241 1703316
1696233 1703320
1696232 1703324
1696225 1703325
1696223 1703326
1696221 1703327
1696220 1703328
1696218 1703340
1696215 1703347
1696212 1703352
1696202 1703353
1696200 1703359
1696197 1703360
1696196 1703362
1696195 1703365
1696193 1703367
1696192 1703368
1696189 1703377
1696183 1703378
1696182 1703386
1696176 1703390
1696170 1703392
1696169 1703393
1696168 1703394
1696166 1703398
1696164 1703402
1696163 1703404
1696160 1703409
1696158 1703412
1696152 1703414
1696151 1703415
1696149 1703418
1696147 1703421
1696145 1703422
1696143 1703424
1696140 1703436
1696135 1703439
1696129 1703441
1696127 1703446
1696123 1703450
1696122 1703455
1696114 1703459
1696110 1703467
1696109 1703468
1696101 1703472
1696098 1703477
1696096 1703479
1696093 1703490
1696083 1703491
1696081 1703500
1696074 1703504
1696072 1703517
1696058 1703520
1696056 1703521
1696055 1703522
1696054 1703531
1696047 1703532
1696043 1703537
1696041 1703538
1696040 1703540
1696038 1703541
1696035 1703546
1696031 1703554
1696028 1703555
1696027 1703556
1696023 1703562
1696020 1703566
1696018 1703569
1696011 1703576
1696007 1703580
1696001 1703581
1695999 1703584
1695997 1703587
1695995 1703590
1695991 1703596
1695989 1703598
1695982 1703606
1695975 1703609
1695974 1703620
1695967 1703622
1695963 1703624
1695958 1703630
1695955 1703634
1695952 1703638
1695950 1703643
1695943 1703648
1695942 1703655
1695931 1703658
1695929 1703660
1695928 1703661
1695926 1703664
1695922 1703665
1695920 1703669
1695918 1703673
1695912 1703678
1695907 1703682
1695903 1703685
1695899 1703689
1695898 1703690
1695892 1703693
1695890 1703702
1695881 1703703
1695880 1703704
1695879 1703710
1695876 1703714
1695872 1703716
1695871 1703723
1695869 1703729
1695859 1703733
1695857 1703734
1695851 1703735
1695850 1703737
1695848 1703738
1695847 1703739
1695846 1703745
1695839 1703746
1695838 1703751
1695835 1703752
1695834 1703755
1695833 1703756
1695831 1703758
1695830 1703763
1695826 1703764
1695823 1703766
1695822 1703768
1695818 1703778
1695814 1703780
1695804 1703781
1695802 1703782
1695801 1703791
1695791 1703795
1695789 1703796
1695786 1703797
1695785 1703801
1695783 1703804
1695781 1703808
1695775 1703812
1695771 1703814
1695770 1703817
1695766 1703821
1695761 1703824
1695758 1703827
1695755 1703831
1695752 1703841
1695745 1703844
1695741 1703847
1695730 1703849
1695729 1703852
1695728 1703859
1695722 1703862
1695720 1703866
1695715 1703867
1695714 1703869
1695710 1703875
1695706 1703877
1695701 1703878
1695700 1703880
1695697 1703883
1695695 1703891
1695686 1703892
1695685 1703899
1695681 1703900
1695676 1703906
1695669 1703909
1695668 1703910
1695663 1703914
1695662 1703915
1695659 1703922
1695652 1703925
1695647 1703930
1695646 1703935
1695639 1703938
1695636 1703940
1695632 1703943
1695630 1703946
1695626 1703947
1695623 1703949
1695619 1703950
1695618 1703951
1695617 1703957
1695611 1703958
1695610 1703960
1695609 1703961
1695606 1703965
1695603 1703973
1695596 1703976
1695587 1703977
1695585 1703982
1695584 1703985
1695580 1703986
1695575 1703989
1695574 1703990
1695573 1703997
1695562 1704002
1695561 1704006
1695553 1704007
1695551 1704010
1695548 1704012
1695547 1704017
1695544 1704018
1695540 1704020
1695537 1704026
1695532 1704030
1695524 1704033
1695521 1704035
1695520 1704040
1695513 1704043
1695511 1704046
1695503 1704051
1695500 1704052
1695499 1704053
1695498 1704054
1695496 1704055
1695495 1704057
1695492 1704058
1695491 1704059
1695489 1704067
1695483 1704072
1695476 1704078
1695469 1704081
1695467 1704083
1695465 1704084
1695462 1704087
1695460 1704091
1695454 1704096
1695447 1704097
1695445 1704101
1695439 1704105
1695435 1704106
1695432 1704108
1695431 1704109
1695429 1704116
1695424 1704117
1695422 1704121
1695417 1704123
1695415 1704124
1695412 1704127
1695406 1704131
1695404 1704132
1695400 1704140
1695393 1704143
1695390 1704144
1695389 1704146
1695388 1704147
1695384 1704149
1695383 1704150
1695381 1704151
1695377 1704155
1695374 1704156
1695372 1704161
1695368 1704165
1695361 1704169
1695358 1704170
1695356 1704175
1695351 1704177
1695348 1704179
1695341 1704182
1695338 1704183
1695336 1704189
1695331 1704191
1695329 1704192
1695325 1704194
1695324 1704197
1695323 1704198
1695319 1704199
1695318 1704205
1695313 1704206
1695309 1704207
1695306 1704210
1695304 1704214
1695298 1704215
1695297 1704216
1695294 1704217
1695293 1704219
1695291 1704222
1695288 1704223
1695287 1704227
1695280 1704228
1695278 1704230
1695275 1704232
1695273 1704233
1695272 1704234
1695269 1704240
1695267 1704241
1695260 1704244
1695258 1704246
1695254 1704247
1695253 1704250
1695247 1704255
1695243 1704256
1695241 1704258
1695240 1704259
1695236 1704262
1695234 1704263
1695233 1704264
1695231 1704267
1695226 1704269
1695224 1704270
1695221 1704271
1695220 1704279
1695214 1704281
1695209 1704288
1695199 1704292
1695193 1704295
1695191 1704298
1695184 1704302
1695183 1704304
1695176 1704308
1695170 1704309
1695169 1704310
1695168 1704313
1695167 1704316
1695164 1704319
1695161 1704321
1695156 1704325
1695150 1704328
1695147 1704329
1695144 1704332
1695138 1704334
1695136 1704336
1695133 1704338
1695131 1704339
1695130 1704345
1695125 1704346
1695122 1704347
1695117 1704349
1695115 1704350
1695114 1704351
1695110 1704354
1695108 1704356
1695107 1704357
1695105 1704358
1695103 1704359
1695100 1704365
1695097 1704368
1695092 1704370
1695087 1704371
1695086 1704374
1695081 1704375
1695080 1704378
1695076 1704379
1695073 1704380
1695072 1704383
1695069 1704384
1695064 1704387
1695062 1704389
1695059 1704391
1695055 1704395
1695050 1704397
1695048 1704399
1695043 1704401
1695040 1704403
1695039 1704404
1695038 1704409
1695035 1704410
1695031 1704417
1695020 1704418
1695018 1704419
1695017 1704420
1695015 1704423
1695012 1704424
1695009 1704426
1695006 1704431
1695002 1704432
1695001 1704435
1694994 1704438
1694992 1704439
1694991 1704440
1694988 1704441
1694987 1704442
1694985 1704443
1694981 1704445
1694978 1704446
1694977 1704450
1694974 1704455
1694965 1704456
1694963 1704459
1694961 1704461
1694957 1704465
1694955 1704466
1694948 1704467
1694947 1704468
1694946 1704470
1694945 1704472
1694939 1704474
1694938 1704478
1694930 1704481
1694925 1704482
1694924 1704488
1694918 1704491
1694913 1704495
1694910 1704496
1694907 1704497
1694906 1704499
1694902 1704501
1694898 1704503
1694895 1704504
1694893 1704507
1694891 1704511
1694886 1704515
1694880 1704516
1694876 1704517
1694872 1704522
1694868 1704523
1694864 1704524
1694863 1704527
1694859 1704530
1694857 1704532
1694853 1704533
1694849 1704534
1694848 1704536
1694843 1704538
1694842 1704540
1694839 1704541
1694838 1704542
1694836 1704543
1694835 1704546
1694834 1704547
1694829 1704548
1694828 1704549
1694827 1704550
1694824 1704551
1694822 1704552
1694821 1704554
1694817 1704559
1694812 1704563
1694804 1704569
1694795 1704572
1694794 1704573
1694792 1704574
1694789 1704575
1694788 1704583
1694777 1704585
1694775 1704587
1694768 1704588
1694764 1704590
1694763 1704597
1694758 1704601
1694746 1704602
1694744 1704603
1694742 1704604
1694740 1704605
1694739 1704607
1694737 1704608
1694734 1704613
1694730 1704614
1694727 1704615
1694725 1704616
1694720 1704619
1694716 1704620
1694714 1704622
1694713 1704625
1694709 1704626
1694707 1704628
1694706 1704629
1694702 1704632
1694700 1704634
1694695 1704638
1694690 1704639
1694688 1704640
1694683 1704643
1694682 1704644
1694680 1704648
1694675 1704652
1694668 1704653
1694666 1704654
1694663 1704655
1694661 1704656
1694659 1704659
1694658 1704661
1694656 1704663
1694654 1704665
1694650 1704666
1694649 1704669
1694645 1704670
1694641 1704671
1694638 1704674
1694633 1704680
1694624 1704683
1694615 1704685
1694613 1704689
1694611 1704692
1694609 1704693
1694603 1704695
1694598 1704699
1694591 1704702
1694588 1704704
1694584 1704705
1694583 1704707
1694579 1704711
1694574 1704715
1694565 1704717
1694561 1704720
1694558 1704721
1694557 1704722
1694554 1704724
1694552 1704726
1694548 1704727
1694545 1704729
1694543 1704731
1694540 1704732
1694536 1704734
1694535 1704738
1694530 1704739
1694528 1704741
1694524 1704742
1694523 1704745
1694516 1704747
1694512 1704749
1694507 1704751
1694506 1704752
1694504 1704753
1694500 1704755
1694499 1704756
1694498 1704757
1694495 1704760
1694491 1704762
1694487 1704763
1694486 1704766
1694481 1704767
1694480 1704769
1694478 1704770
1694476 1704771
1694475 1704773
1694472 1704778
1694463 1704783
1694460 1704788
1694448 1704791
1694445 1704793
1694437 1704795
1694435 1704796
1694433 1704797
1694430 1704800
1694426 1704802
1694424 1704803
1694422 1704806
1694418 1704808
1694417 1704810
1694410 1704813
1694401 1704817
1694397 1704818
1694391 1704819
1694389 1704821
1694387 1704822
1694386 1704825
1694383 1704826
1694382 1704827
1694381 1704829
1694378 1704830
1694376 1704832
1694374 1704833
1694366 1704835
1694364 1704836
1694363 1704837
1694360 1704839
1694358 1704840
1694356 1704842
1694354 1704843
1694353 1704844
1694351 1704845
1694350 1704846
1694349 1704849
1694344 1704853
1694339 1704856
1694330 1704859
1694328 1704860
1694324 1704861
1694323 1704862
1694318 1704865
1694311 1704870
1694303 1704871
1694301 1704872
1694299 1704874
1694298 1704875
1694296 1704876
1694292 1704877
1694290 1704878
1694287 1704882
1694283 1704888
1694273 1704889
1694268 1704893
1694262 1704898
1694253 1704899
1694250 1704900
1694249 1704904
1694244 1704907
1694235 1704909
1694234 1704912
1694228 1704913
1694225 1704914
1694221 1704919
1694216 1704920
1694215 1704924
1694207 1704925
1694203 1704926
1694200 1704927
1694196 1704928
1694195 1704931
1694191 1704932
1694190 1704935
1694187 1704939
1694182 1704943
1694176 1704947
1694161 1704949
1694155 1704950
1694153 1704955
1694146 1704958
1694141 1704959
1694135 1704960
1694134 1704963
1694130 1704969
1694122 1704971
1694119 1704973
1694107 1704974
1694104 1704979
1694101 1704980
1694094 1704982
1694093 1704984
1694085 1704986
1694082 1704987
1694081 1704990
1694080 1704992
1694075 1704996
1694064 1704999
1694057 1705000
1694055 1705002
1694054 1705003
1694045 1705004
1694044 1705009
1694035 1705012
1694033 1705014
1694026 1705015
1694023 1705017
1694020 1705019
1694018 1705021
1694016 1705023
1694015 1705024
1694007 1705027
1694002 1705029
1693993 1705030
1693992 1705033
1693987 1705036
1693983 1705037
1693979 1705038
1693977 1705039
1693974 1705041
1693972 1705042
1693971 1705043
1693969 1705044
1693965 1705046
1693962 1705047
1693959 1705050
1693953 1705053
1693950 1705054
1693949 1705058
1693938 1705060
1693933 1705062
1693929 1705064
1693924 1705065
1693923 1705066
1693921 1705067
1693919 1705068
1693916 1705069
1693915 1705071
1693907 1705073
1693905 1705075
1693900 1705077
1693894 1705079
1693890 1705080
1693888 1705081
1693887 1705082
1693886 1705085
1693882 1705088
1693873 1705089
1693870 1705091
1693868 1705092
1693865 1705095
1693856 1705096
1693854 1705098
1693851 1705099
1693850 1705104
1693835 1705107
1693831 1705108
1693830 1705109
1693827 1705111
1693823 1705114
1693822 1705115
1693819 1705117
1693814 1705119
1693811 1705122
1693804 1705126
1693796 1705128
1693789 1705129
1693787 1705133
1693778 1705136
1693776 1705137
1693773 1705139
1693764 1705141
1693763 1705145
1693747 1705149
1693745 1705152
1693734 1705153
1693731 1705158
1693725 1705159
1693722 1705160
1693721 1705161
1693717 1705162
1693715 1705163
1693710 1705166
1693704 1705167
1693703 1705169
1693697 1705170
1693695 1705174
1693687 1705176
1693683 1705178
1693680 1705179
1693674 1705181
1693673 1705182
1693668 1705185
1693664 1705186
1693659 1705188
1693655 1705189
1693651 1705191
1693649 1705192
1693646 1705194
1693642 1705195
1693639 1705196
1693634 1705200
1693632 1705201
1693626 1705203
1693622 1705204
1693618 1705205
1693617 1705210
1693611 1705211
1693608 1705212
1693605 1705214
1693599 1705215
1693598 1705216
1693590 1705220
1693589 1705223
1693580 1705224
1693576 1705225
1693575 1705229
1693564 1705232
1693562 1705233
1693557 1705234
1693556 1705235
1693554 1705236
1693544 1705240
1693539 1705242
1693532 1705243
1693531 1705244
1693530 1705246
1693522 1705250
1693515 1705251
1693513 1705252
1693512 1705254
1693505 1705255
1693504 1705259
1693493 1705260
1693490 1705261
1693487 1705263
1693482 1705267
1693477 1705268
1693476 1705272
1693471 1705273
1693458 1705274
1693457 1705275
1693455 1705276
1693454 1705277
1693451 1705283
1693441 1705285
1693428 1705289
1693422 1705291
1693417 1705292
1693412 1705293
1693409 1705297
1693402 1705298
1693400 1705303
1693392 1705308
1693381 1705309
1693376 1705310
1693374 1705313
1693367 1705316
1693355 1705319
1693351 1705322
1693341 1705326
1693332 1705327
1693329 1705329
1693320 1705332
1693317 1705333
1693313 1705340
1693303 1705342
1693289 1705345
1693281 1705350
1693270 1705351
1693267 1705354
1693266 1705355
1693253 1705356
1693252 1705358
1693248 1705363
1693234 1705365
1693231 1705366
1693229 1705368
1693226 1705370
1693215 1705371
1693213 1705373
1693211 1705376
1693203 1705378
1693194 1705379
1693193 1705380
1693189 1705381
1693184 1705383
1693178 1705385
1693174 1705391
1693153 1705392
1693152 1705395
1693147 1705398
1693142 1705399
1693140 1705401
1693127 1705404
1693121 1705409
1693119 1705411
1693105 1705413
1693102 1705415
1693090 1705416
1693086 1705420
1693075 1705422
1693070 1705423
1693069 1705424
1693063 1705427
1693055 1705429
1693050 1705431
1693045 1705433
1693040 1705434
1693036 1705436
1693029 1705439
1693025 1705441
1693019 1705443
1693013 1705444
1693007 1705446
1692998 1705449
1692992 1705450
1692983 1705453
1692979 1705454
1692978 1705455
1692967 1705457
1692966 1705458
1692961 1705462
1692952 1705465
1692941 1705471
1692928 1705472
1692909 1705474
1692906 1705475
1692904 1705477
1692899 1705478
1692894 1705480
1692892 1705482
1692891 1705483
1692887 1705490
1692869 1705491
1692865 1705493
1692855 1705494
1692848 1705495
1692839 1705499
1692824 1705501
1692822 1705504
1692819 1705507
1692805 1705509
1692800 1705510
1692794 1705511
1692783 1705513
1692779 1705515
1692771 1705516
1692767 1705523
1692761 1705524
1692751 1705525
1692738 1705526
1692736 1705527
1692731 1705528
1692721 1705531
1692717 1705532
1692713 1705533
1692706 1705540
1692679 1705543
1692676 1705544
1692661 1705551
1692634 1705552
1692624 1705553
1692622 1705556
1692615 1705557
1692607 1705558
1692600 1705561
1692594 1705562
1692583 1705564
1692579 1705569
1692560 1705572
1692544 1705574
1692543 1705575
1692535 1705577
1692528 1705580
1692526 1705582
1692509 1705583
1692500 1705584
1692484 1705587
1692483 1705588
1692472 1705591
1692466 1705593
1692455 1705594
1692450 1705595
1692445 1705597
1692436 1705599
1692418 1705603
1692406 1705604
1692395 1705607
1692384 1705610
1692379 1705612
1692363 1705613
1692361 1705615
1692347 1705616
1692346 1705619
1692315 1705622
1692303 1705624
1692302 1705626
1692294 1705627
1692274 1705633
1692255 1705634
1692242 1705639
1692217 1705640
1692195 1705642
1692179 1705644
1692177 1705645
1692174 1705647
1692158 1705648
1692150 1705654
1692116 1705655
1692100 1705658
1692083 1705662
1692062 1705664
1692036 1705667
1692031 1705669
1692012 1705671
1691992 1705672
1691987 1705673
1691980 1705674
1691975 1705676
1691953 1705680
1691916 1705682
1691911 1705684
1691886 1705687
1691861 1705691
1691840 1705694
1691823 1705695
1691818 1705696
1691781 1705700
1691743 1705702
1691728 1705704
1691726 1705705
1691692 1705706
1691687 1705707
1691685 1705710
1691671 1705711
1691650 1705712
1691625 1705714
1691611 1705716
1691610 1705717
1691593 1705720
1691539 1705721
1691536 1705725
1691534 1705726
1691501 1705728
1691460 1705729
1691441 1705731
1691440 1705733
1691390 1705735
1691383 1705736
1691370 1705737
1691345 1705738
1691340 1705740
1691313 1705742
1691307 1705743
1691270 1705744
1691263 1705745
1691243 1705746
1691232 1705750
1691161 1705753
1691132 1705755
1691131 1705756
1691082 1705758
1691039 1705759
1691022 1705761
1691020 1705764
1690948 1705765
1690889 1705766
1690866 1705768
1690855 1705769
1690827 1705770
1690765 1705771
1690738 1705772
1690730 1705774
1690713 1705776
1690636 1705779
1690540 1705780
1690408 1705781
1690381 1705782
1690245 1705783
