10
0 1 678 588
0 2 721 115
0 3 625 613
0 4 790 263
0 5 162 400
0 6 769 819
0 7 843 661
0 8 756 350
0 9 264 878
1 2 523 855
1 3 148 635
1 4 960 479
1 5 385 301
1 6 834 43
1 7 308 476
1 8 347 410
1 9 685 422
2 3 377 840
2 4 230 478
2 5 168 874
2 6 256 280
2 7 319 677
2 8 458 243
2 9 182 824
3 4 999 539
3 5 345 371
3 6 750 368
3 7 214 812
3 8 489 415
3 9 456 618
4 5 389 755
4 6 808 391
4 7 461 445
4 8 706 615
4 9 586 932
5 6 76 886
5 7 227 304
5 8 507 860
5 9 750 764
6 7 733 408
6 8 389 648
6 9 215 825
7 8 111 684
7 9 446 403
8 9 451 66
0
48
1518 5897
1565 5848
1606 5303
1698 5291
1700 4967
1737 4862
1777 4792
1869 4780
1875 4545
1967 4533
1969 4209
2006 4104
2046 4034
2138 4022
2152 3972
2166 3945
2205 3879
2242 3830
2243 3770
2282 3760
2335 3758
2349 3708
2351 3566
2388 3461
2428 3391
2548 3302
2587 3236
2624 3187
2625 3127
2664 3117
2763 3110
2784 3028
2861 2853
2960 2846
3038 2822
3092 2820
3124 2725
3197 2667
3235 2558
3348 2486
3573 2467
3579 2453
3684 2300
3907 2201
4138 2168
4244 2085
4467 1986
4872 1983
