10
0 1 498 409
0 2 483 839
0 3 804 178
0 4 254 961
0 5 214 609
0 6 33 987
0 7 429 610
0 8 384 179
0 9 390 455
1 2 377 222
1 3 341 878
1 4 96 651
1 5 812 320
1 6 347 668
1 7 263 792
1 8 814 57
1 9 292 48
2 3 786 422
2 4 777 809
2 5 264 810
2 6 324 197
2 7 511 120
2 8 456 670
2 9 582 238
3 4 989 293
3 5 273 707
3 6 554 148
3 7 119 740
3 8 930 92
3 9 642 540
4 5 299 559
4 6 394 879
4 7 977 253
4 8 175 745
4 9 349 688
5 6 507 133
5 7 405 297
5 8 926 54
5 9 321 546
6 7 150 371
6 8 212 834
6 9 820 653
7 8 161 339
7 9 190 764
8 9 512 966
0
56
1402 6016
1462 5403
1504 5300
1564 4687
1649 4637
1671 4624
1688 4501
1710 4488
1755 4375
1766 4164
1851 4114
1873 4101
1915 3879
1957 3852
2000 3829
2022 3816
2032 3736
2039 3693
2059 3688
2061 3680
2106 3567
2117 3356
2202 3306
2224 3293
2304 3279
2308 3044
2410 2880
2552 2764
2637 2714
2659 2701
2739 2687
2743 2452
2845 2288
3032 2211
3048 2196
3206 2037
3409 1945
3643 1872
3828 1866
3846 1780
3859 1755
3971 1752
4062 1663
4087 1639
4379 1608
4390 1576
4502 1573
4506 1560
4524 1474
4740 1357
4852 1354
5116 1301
5159 1278
5289 1189
5665 1133
6085 1132
