25
0 1 595 105
0 2 653 312
0 3 977 33
0 4 202 806
0 5 996 38
0 6 938 272
0 7 436 801
0 8 483 667
0 9 558 332
0 10 844 296
0 11 603 761
0 12 196 690
0 13 989 78
0 14 870 252
0 15 279 643
0 16 882 223
0 17 246 780
0 18 237 816
0 19 830 434
0 20 428 744
0 21 967 27
0 22 806 143
0 23 664 586
0 24 430 755
1 2 523 543
1 3 890 121
1 4 325 859
1 5 116 818
1 6 535 317
1 7 214 901
1 8 533 641
1 9 586 31
1 10 397 651
1 11 140 604
1 12 200 806
1 13 75 948
1 14 792 46
1 15 695 590
1 16 167 848
1 17 717 310
1 18 883 82
1 19 652 573
1 20 317 721
1 21 283 784
1 22 10 896
1 23 747 364
1 24 197 613
2 3 631 152
2 4 313 577
2 5 568 276
2 6 543 503
2 7 334 874
2 8 291 592
2 9 671 562
2 10 992 24
2 11 939 226
2 12 220 600
2 13 847 736
2 14 463 343
2 15 125 817
2 16 567 589
2 17 516 530
2 18 434 799
2 19 891 219
2 20 167 972
2 21 159 725
2 22 351 222
2 23 444 345
2 24 903 188
3 4 475 806
3 5 265 475
3 6 700 355
3 7 1 987
3 8 555 508
3 9 228 953
3 10 368 351
3 11 332 289
3 12 781 167
3 13 82 982
3 14 646 722
3 15 698 98
3 16 511 542
3 17 789 9
3 18 509 460
3 19 663 189
3 20 524 384
3 21 206 582
3 22 869 225
3 23 138 920
3 24 672 334
4 5 829 426
4 6 522 354
4 7 548 325
4 8 970 183
4 9 383 777
4 10 98 736
4 11 42 939
4 12 666 726
4 13 759 552
4 14 843 133
4 15 391 688
4 16 670 681
4 17 353 798
4 18 44 933
4 19 559 685
4 20 424 559
4 21 446 680
4 22 754 633
4 23 215 909
4 24 238 732
5 6 794 177
5 7 599 349
5 8 627 278
5 9 310 863
5 10 711 334
5 11 151 683
5 12 229 859
5 13 333 968
5 14 1 999
5 15 335 672
5 16 379 681
5 17 170 463
5 18 977 20
5 19 804 164
5 20 145 759
5 21 26 876
5 22 774 122
5 23 459 517
5 24 429 596
6 7 765 607
6 8 748 239
6 9 881 123
6 10 105 494
6 11 377 311
6 12 339 651
6 13 649 495
6 14 832 617
6 15 926 60
6 16 635 276
6 17 471 269
6 18 39 863
6 19 146 922
6 20 312 453
6 21 28 904
6 22 240 844
6 23 50 881
6 24 63 821
7 8 460 309
7 9 672 371
7 10 758 550
7 11 570 359
7 12 335 745
7 13 753 128
7 14 789 161
7 15 222 657
7 16 402 491
7 17 183 840
7 18 520 666
7 19 643 807
7 20 1 989
7 21 960 208
7 22 9 997
7 23 883 122
7 24 504 388
8 9 637 490
8 10 179 629
8 11 154 620
8 12 854 142
8 13 927 7
8 14 323 427
8 15 871 75
8 16 984 133
8 17 224 488
8 18 487 370
8 19 697 561
8 20 520 423
8 21 29 935
8 22 918 90
8 23 633 62
8 24 932 30
9 10 55 876
9 11 716 191
9 12 634 934
9 13 579 486
9 14 481 379
9 15 85 761
9 16 803 525
9 17 383 347
9 18 486 576
9 19 680 558
9 20 632 325
9 21 904 171
9 22 422 161
9 23 129 865
9 24 318 812
10 11 550 648
10 12 982 150
10 13 208 658
10 14 562 566
10 15 181 735
10 16 548 752
10 17 74 997
10 18 363 550
10 19 255 533
10 20 275 220
10 21 573 424
10 22 180 812
10 23 478 238
10 24 933 46
11 12 959 99
11 13 318 628
11 14 663 686
11 15 795 377
11 16 529 889
11 17 975 7
11 18 514 359
11 19 587 168
11 20 941 32
11 21 984 69
11 22 664 426
11 23 56 970
11 24 108 755
12 13 91 928
12 14 569 640
12 15 394 588
12 16 349 462
12 17 952 466
12 18 160 923
12 19 616 724
12 20 363 398
12 21 907 242
12 22 789 253
12 23 90 723
12 24 931 69
13 14 497 277
13 15 308 700
13 16 225 756
13 17 12 874
13 18 553 193
13 19 819 69
13 20 459 855
13 21 671 657
13 22 503 75
13 23 406 526
13 24 553 781
14 15 136 696
14 16 465 303
14 17 170 707
14 18 962 181
14 19 377 782
14 20 414 726
14 21 216 962
14 22 470 215
14 23 676 196
14 24 593 350
15 16 271 688
15 17 203 490
15 18 979 22
15 19 621 493
15 20 682 385
15 21 520 459
15 22 467 380
15 23 806 320
15 24 674 425
16 17 874 137
16 18 838 305
16 19 760 179
16 20 130 957
16 21 254 491
16 22 246 406
16 23 476 398
16 24 150 675
17 18 723 260
17 19 578 264
17 20 575 681
17 21 156 714
17 22 848 157
17 23 244 646
17 24 62 812
18 19 249 752
18 20 196 815
18 21 761 700
18 22 735 387
18 23 592 635
18 24 592 486
19 20 588 451
19 21 261 939
19 22 291 655
19 23 428 279
19 24 310 499
20 21 992 186
20 22 570 73
20 23 771 274
20 24 934 525
21 22 197 564
21 23 310 810
21 24 697 239
22 23 96 849
22 24 307 802
23 24 210 759
0
1554
1393 21397
1413 21115
1424 20894
1437 20854
1444 20612
1465 20513
1485 20482
1498 20415
1509 20268
1543 20176
1563 20071
1597 19979
1616 19910
1618 19879
1650 19818
1652 19787
1670 19713
1672 19682
1704 19621
1706 19590
1725 19521
1738 19498
1753 19495
1759 19429
1768 19413
1772 19406
1779 19324
1802 19321
1807 19298
1813 19232
1834 19229
1835 19208
1837 19202
1845 19140
1860 19137
1869 19116
1871 19110
1874 19107
1875 19055
1879 19048
1891 19005
1903 18994
1905 18963
1914 18940
1925 18913
1937 18902
1939 18871
1948 18848
1956 18808
1958 18802
1975 18779
1980 18756
1987 18736
1990 18716
1992 18710
2001 18694
2010 18671
2012 18605
2035 18602
2044 18579
2045 18547
2046 18513
2076 18487
2079 18455
2081 18430
2093 18425
2104 18422
2106 18416
2107 18388
2108 18336
2127 18333
2137 18290
2141 18278
2142 18244
2157 18228
2160 18219
2171 18198
2175 18186
2177 18161
2189 18156
2191 18136
2194 18127
2203 18119
2206 18115
2207 18094
2223 18064
2226 18053
2229 18044
2233 18021
2238 18010
2241 18002
2253 17959
2256 17950
2267 17929
2273 17927
2276 17919
2285 17904
2287 17867
2290 17858
2302 17846
2305 17842
2314 17841
2317 17830
2319 17812
2322 17784
2325 17775
2334 17741
2351 17733
2354 17729
2355 17708
2363 17695
2366 17687
2367 17683
2369 17658
2381 17635
2383 17633
2386 17624
2389 17616
2398 17612
2401 17573
2415 17543
2421 17541
2424 17533
2433 17499
2435 17481
2450 17460
2459 17426
2468 17416
2470 17398
2479 17364
2482 17355
2494 17343
2509 17327
2511 17309
2514 17281
2517 17272
2531 17247
2540 17246
2546 17226
2549 17218
2550 17214
2558 17184
2566 17164
2575 17163
2577 17155
2581 17113
2593 17101
2597 17093
2607 17040
2616 17030
2627 16978
2642 16957
2654 16950
2662 16895
2687 16891
2693 16881
2699 16876
2701 16861
2705 16839
2706 16798
2732 16790
2733 16770
2741 16715
2762 16675
2776 16666
2777 16654
2783 16635
2795 16607
2797 16592
2811 16583
2822 16531
2830 16524
2841 16495
2857 16448
2876 16412
2900 16392
2903 16391
2910 16387
2911 16363
2918 16332
2930 16304
2946 16280
2957 16228
2965 16221
2984 16200
2992 16145
3027 16124
3035 16089
3038 16088
3053 16084
3061 16078
3062 16041
3065 16029
3072 16015
3080 16008
3081 16005
3092 16001
3093 15975
3100 15946
3114 15935
3121 15934
3123 15925
3126 15907
3128 15892
3142 15883
3145 15880
3151 15873
3153 15831
3161 15824
3162 15821
3170 15814
3172 15795
3188 15748
3197 15738
3207 15712
3229 15707
3231 15692
3234 15689
3240 15682
3242 15663
3249 15632
3256 15631
3261 15604
3277 15580
3288 15528
3296 15521
3315 15500
3323 15445
3358 15444
3359 15436
3364 15432
3366 15389
3369 15388
3384 15384
3394 15380
3403 15363
3411 15308
3428 15307
3432 15301
3434 15300
3439 15253
3454 15252
3458 15246
3459 15216
3475 15196
3486 15188
3493 15164
3494 15133
3510 15113
3536 15108
3539 15107
3540 15076
3551 15060
3556 15056
3567 15040
3579 15032
3581 15027
3582 14996
3591 14986
3598 14976
3609 14972
3610 14941
3625 14928
3626 14921
3634 14912
3652 14900
3656 14884
3660 14845
3680 14832
3690 14819
3692 14806
3698 14804
3700 14793
3703 14789
3706 14788
3714 14784
3721 14779
3726 14775
3727 14757
3735 14710
3748 14708
3761 14705
3762 14674
3776 14653
3791 14652
3795 14646
3796 14616
3808 14614
3812 14596
3823 14573
3830 14564
3831 14533
3847 14513
3870 14511
3871 14481
3877 14476
3888 14460
3893 14456
3898 14453
3904 14440
3905 14429
3906 14398
3919 14396
3932 14393
3935 14376
3946 14372
3947 14341
3963 14321
3971 14312
3992 14302
3993 14284
3994 14261
4001 14252
4017 14232
4022 14206
4035 14204
4041 14199
4047 14195
4051 14184
4058 14179
4063 14175
4068 14149
4076 14117
4089 14115
4105 14095
4110 14069
4117 14060
4133 14040
4141 14031
4143 14027
4145 14023
4157 14007
4161 14003
4164 13980
4187 13972
4189 13970
4190 13967
4191 13966
4192 13925
4205 13923
4211 13918
4219 13915
4220 13888
4233 13886
4238 13868
4249 13852
4257 13839
4266 13831
4277 13815
4280 13788
4297 13787
4303 13780
4307 13778
4308 13751
4313 13746
4315 13742
4322 13734
4324 13712
4341 13709
4350 13707
4355 13689
4361 13685
4362 13682
4365 13671
4370 13655
4381 13639
4390 13607
4397 13599
4410 13597
4412 13575
4429 13572
4435 13567
4436 13550
4438 13542
4440 13520
4459 13513
4469 13502
4478 13470
4485 13462
4492 13453
4494 13431
4511 13428
4513 13407
4526 13405
4528 13383
4540 13374
4551 13358
4559 13350
4567 13318
4580 13316
4582 13294
4598 13286
4601 13270
4608 13261
4610 13239
4629 13232
4634 13228
4636 13224
4638 13202
4655 13181
4667 13166
4681 13162
4683 13126
4696 13124
4698 13102
4711 13089
4724 13087
4726 13065
4740 13053
4745 13040
4753 13037
4755 13029
4768 13016
4771 12989
4783 12985
4790 12973
4797 12970
4799 12952
4804 12947
4806 12943
4808 12921
4818 12918
4828 12916
4831 12909
4841 12900
4846 12890
4852 12886
4854 12864
4863 12860
4865 12848
4875 12845
4881 12808
4891 12805
4896 12784
4906 12781
4919 12772
4927 12751
4937 12748
4938 12735
4943 12722
4951 12719
4953 12711
4963 12708
4969 12671
4979 12668
4981 12667
4992 12659
4995 12652
5000 12649
5002 12629
5012 12626
5014 12622
5016 12600
5026 12598
5029 12591
5039 12582
5048 12572
5054 12554
5062 12543
5068 12539
5069 12530
5073 12527
5080 12526
5081 12523
5083 12515
5089 12487
5102 12478
5104 12463
5117 12454
5127 12451
5135 12430
5142 12417
5146 12414
5151 12401
5161 12390
5172 12389
5174 12381
5175 12375
5177 12350
5190 12341
5200 12338
5202 12337
5203 12331
5208 12328
5210 12308
5223 12299
5224 12288
5234 12277
5237 12270
5247 12268
5256 12251
5263 12238
5267 12235
5275 12224
5276 12218
5281 12215
5283 12213
5288 12205
5289 12202
5290 12200
5291 12194
5298 12171
5310 12157
5323 12155
5325 12133
5338 12132
5340 12130
5345 12109
5355 12098
5363 12087
5364 12081
5372 12071
5382 12060
5395 12059
5396 12045
5397 12039
5398 12020
5411 12019
5415 12015
5420 12014
5421 12008
5423 12006
5424 12001
5428 11993
5431 11978
5445 11958
5455 11947
5468 11945
5470 11941
5475 11922
5477 11921
5484 11908
5485 11902
5497 11888
5502 11885
5503 11878
5509 11875
5510 11872
5511 11869
5512 11864
5519 11841
5532 11840
5541 11832
5542 11829
5544 11827
5548 11809
5558 11807
5559 11802
5563 11785
5566 11779
5576 11765
5585 11751
5601 11739
5605 11736
5609 11723
5618 11709
5623 11703
5630 11696
5632 11689
5636 11672
5655 11666
5659 11652
5666 11650
5669 11630
5678 11620
5683 11610
5690 11609
5693 11599
5697 11586
5706 11572
5722 11560
5724 11548
5732 11539
5740 11537
5744 11524
5750 11516
5753 11510
5757 11493
5771 11486
5779 11477
5781 11475
5783 11474
5788 11470
5789 11466
5794 11465
5795 11460
5796 11454
5797 11435
5804 11431
5811 11427
5814 11420
5823 11403
5830 11393
5844 11373
5853 11360
5861 11358
5864 11357
5865 11351
5868 11348
5870 11341
5874 11337
5876 11336
5880 11330
5882 11328
5883 11323
5884 11317
5896 11303
5899 11290
5909 11287
5910 11284
5911 11279
5918 11256
5931 11255
5940 11250
5941 11244
5943 11242
5944 11224
5956 11217
5962 11200
5965 11194
5970 11191
5975 11183
5984 11166
5991 11162
5998 11158
6000 11154
6001 11151
6003 11149
6009 11138
6017 11124
6022 11121
6027 11118
6029 11111
6031 11104
6035 11087
6049 11079
6058 11067
6066 11065
6068 11045
6077 11035
6082 11025
6086 11021
6091 11012
6102 11009
6105 10987
6121 10975
6124 10973
6125 10972
6131 10954
6137 10942
6147 10939
6149 10931
6152 10925
6156 10908
6176 10903
6178 10892
6182 10889
6184 10880
6194 10869
6202 10867
6203 10846
6210 10842
6213 10835
6222 10818
6233 10809
6241 10807
6243 10806
6248 10797
6252 10775
6260 10773
6263 10772
6264 10766
6267 10763
6269 10756
6279 10745
6281 10743
6289 10740
6290 10736
6295 10735
6296 10719
6298 10705
6309 10702
6314 10701
6320 10699
6321 10693
6323 10691
6324 10673
6334 10670
6343 10639
6355 10632
6363 10630
6369 10606
6381 10600
6383 10598
6390 10577
6397 10573
6400 10566
6402 10564
6409 10560
6411 10554
6416 10544
6420 10541
6426 10533
6435 10528
6440 10525
6443 10516
6447 10504
6448 10494
6458 10492
6459 10491
6466 10487
6467 10479
6469 10478
6471 10461
6481 10458
6485 10436
6490 10427
6501 10424
6505 10421
6513 10419
6515 10409
6518 10399
6527 10397
6528 10388
6532 10374
6536 10357
6547 10354
6558 10351
6559 10349
6562 10347
6566 10344
6567 10337
6572 10336
6574 10334
6575 10326
6582 10316
6583 10295
6593 10284
6601 10282
6607 10272
6616 10266
6623 10264
6629 10254
6632 10224
6640 10222
6647 10212
6654 10210
6658 10207
6662 10197
6667 10192
6679 10162
6688 10155
6689 10151
6694 10150
6701 10149
6704 10139
6707 10130
6714 10128
6718 10127
6719 10124
6723 10088
6743 10079
6751 10077
6754 10068
6759 10062
6764 10057
6766 10055
6770 10026
6780 10015
6782 10013
6799 10010
6800 10006
6805 9995
6816 9989
6818 9985
6823 9982
6827 9953
6834 9943
6839 9940
6852 9933
6854 9918
6861 9916
6870 9876
6891 9870
6893 9868
6901 9856
6908 9854
6911 9845
6917 9814
6927 9803
6946 9793
6958 9783
6965 9773
6972 9771
6974 9741
6981 9731
7003 9720
7005 9718
7012 9711
7019 9709
7022 9700
7025 9679
7028 9669
7035 9668
7038 9658
7057 9648
7062 9645
7063 9638
7076 9636
7077 9623
7082 9606
7085 9596
7093 9581
7110 9576
7114 9575
7116 9573
7120 9565
7124 9561
7131 9559
7134 9550
7136 9534
7140 9519
7150 9508
7167 9503
7173 9500
7174 9493
7181 9488
7188 9478
7193 9461
7197 9446
7204 9436
7221 9431
7228 9430
7231 9420
7235 9416
7242 9414
7245 9405
7251 9374
7261 9363
7278 9358
7284 9356
7286 9343
7299 9341
7305 9332
7308 9301
7329 9296
7333 9281
7343 9270
7359 9260
7366 9253
7368 9248
7369 9246
7379 9235
7384 9206
7397 9198
7413 9194
7415 9186
7422 9184
7423 9183
7425 9175
7426 9173
7431 9144
7441 9133
7454 9125
7460 9123
7470 9121
7472 9113
7477 9111
7479 9103
7486 9101
7488 9071
7495 9061
7517 9050
7519 9048
7526 9041
7533 9039
7534 9038
7536 9030
7539 9009
7542 8999
7549 8998
7552 8988
7571 8978
7576 8975
7577 8968
7590 8966
7591 8953
7596 8936
7599 8926
7607 8911
7624 8906
7628 8905
7630 8903
7634 8895
7638 8891
7645 8889
7648 8880
7650 8864
7654 8849
7664 8838
7681 8833
7687 8830
7688 8823
7695 8818
7702 8808
7707 8791
7711 8776
7718 8766
7735 8761
7742 8760
7745 8750
7749 8746
7756 8744
7759 8735
7765 8704
7775 8693
7792 8688
7800 8673
7813 8671
7819 8662
7822 8631
7843 8626
7847 8611
7857 8600
7873 8590
7880 8583
7883 8576
7893 8565
7900 8553
7904 8538
7911 8528
7927 8524
7930 8517
7937 8513
7940 8503
7955 8497
7958 8466
7968 8455
7984 8451
7991 8441
8002 8435
8012 8424
8015 8393
8037 8380
8038 8379
8048 8368
8059 8362
8066 8352
8073 8345
8076 8338
8080 8333
8084 8318
8094 8307
8095 8306
8113 8290
8120 8286
8123 8279
8130 8275
8133 8265
8137 8260
8141 8245
8148 8235
8170 8217
8177 8213
8184 8203
8195 8173
8205 8162
8231 8141
8241 8130
8252 8100
8285 8099
8288 8068
8303 8059
8310 8052
8313 8045
8323 8034
8339 8027
8346 8020
8349 8013
8350 7997
8357 7993
8360 7986
8367 7982
8370 7972
8386 7965
8396 7954
8406 7940
8407 7924
8414 7920
8421 7910
8443 7892
8459 7888
8463 7883
8465 7876
8468 7848
8478 7837
8512 7817
8516 7815
8520 7810
8522 7806
8525 7775
8561 7764
8563 7760
8569 7744
8576 7734
8583 7727
8586 7720
8596 7709
8620 7687
8623 7672
8633 7661
8643 7647
8671 7639
8680 7599
8727 7598
8729 7591
8731 7569
8736 7558
8738 7551
8741 7544
8751 7533
8781 7526
8784 7525
8789 7497
8793 7485
8798 7471
8829 7466
8836 7435
8846 7424
8877 7422
8884 7402
8886 7393
8893 7362
8911 7357
8934 7349
8949 7321
8990 7308
8995 7294
8997 7288
8999 7279
9006 7248
9047 7235
9052 7221
9083 7216
9093 7205
9108 7180
9115 7178
9140 7143
9165 7107
9196 7102
9221 7089
9239 7086
9243 7074
9244 7069
9248 7060
9253 7029
9286 7024
9296 7013
9310 7011
9317 6980
9335 6975
9343 6951
9361 6946
9373 6939
9384 6938
9399 6910
9421 6906
9423 6897
9430 6866
9456 6837
9497 6824
9502 6810
9532 6798
9539 6796
9543 6794
9558 6769
9564 6761
9589 6725
9615 6696
9646 6691
9668 6687
9677 6647
9703 6618
9748 6614
9767 6608
9774 6585
9786 6577
9812 6548
9836 6536
9861 6534
9862 6507
9882 6501
9904 6476
9908 6472
9930 6447
9951 6445
9964 6431
9986 6427
9995 6387
10021 6358
10084 6333
10104 6317
10110 6304
10130 6288
10154 6276
10172 6255
10180 6247
10198 6226
10231 6215
10269 6193
10281 6185
10299 6178
10307 6156
10325 6149
10331 6144
10356 6142
10357 6115
10377 6109
10403 6080
10433 6068
10452 6067
10459 6039
10481 6035
10490 5995
10516 5966
10584 5953
10599 5925
10610 5924
10617 5918
10625 5896
10643 5889
10649 5884
10675 5855
10700 5852
10726 5823
10752 5819
10769 5813
10770 5807
10794 5786
10802 5778
10811 5774
10820 5757
10853 5746
10869 5744
10877 5735
10891 5724
10903 5706
10920 5704
10929 5687
10953 5675
10968 5674
10970 5663
10979 5646
10998 5640
11012 5636
11021 5631
11030 5614
11055 5599
11062 5595
11081 5570
11103 5566
11111 5565
11112 5526
11138 5497
11206 5484
11221 5456
11232 5455
11247 5427
11271 5415
11297 5386
11322 5383
11348 5354
11391 5344
11392 5338
11431 5316
11433 5305
11475 5297
11501 5268
11525 5256
11540 5246
11542 5235
11551 5227
11590 5205
11592 5194
11620 5171
11643 5162
11664 5155
11686 5152
11687 5146
11714 5129
11726 5124
11747 5114
11758 5113
11773 5085
11796 5076
11797 5073
11823 5044
11846 5035
11851 5033
11885 5013
11913 4990
11915 4979
11957 4974
11959 4963
11984 4951
12007 4948
12009 4937
12010 4922
12035 4919
12061 4890
12104 4880
12105 4874
12116 4863
12118 4852
12146 4841
12188 4833
12208 4798
12238 4792
12252 4782
12255 4771
12264 4763
12302 4756
12303 4741
12305 4730
12333 4707
12356 4698
12377 4691
12399 4688
12400 4682
12411 4671
12427 4665
12439 4660
12460 4650
12471 4649
12486 4621
12509 4612
12510 4609
12536 4580
12559 4571
12598 4549
12626 4526
12628 4515
12670 4510
12672 4499
12720 4484
12722 4473
12753 4469
12764 4468
12766 4457
12779 4440
12781 4429
12803 4428
12829 4399
12831 4388
12875 4387
12897 4386
12901 4378
12920 4373
12921 4334
12965 4318
13015 4292
13046 4284
13059 4276
13074 4248
13123 4246
13124 4207
13168 4206
13194 4197
13196 4186
13218 4165
13249 4157
13287 4149
13290 4144
13312 4124
13337 4123
13339 4103
13349 4100
13371 4099
13383 4087
13396 4079
13397 4070
13399 4059
13433 4058
13435 4047
13446 4038
13489 4005
13525 3993
13533 3989
13542 3976
13583 3963
13615 3951
13627 3947
13636 3934
13642 3919
13678 3907
13692 3878
13728 3866
13772 3865
13786 3836
13822 3824
13853 3816
13864 3807
13880 3795
13905 3794
13911 3775
13931 3764
13943 3762
13953 3759
13964 3750
13987 3746
13991 3745
14000 3738
14001 3729
14003 3718
14014 3709
14050 3697
14090 3691
14093 3664
14137 3648
14141 3647
14146 3635
14187 3622
14206 3616
14219 3610
14231 3606
14235 3605
14240 3593
14246 3578
14296 3537
14340 3536
14349 3533
14365 3532
14390 3495
14443 3491
14449 3476
14465 3475
14468 3466
14484 3454
14499 3435
14515 3434
14542 3433
14562 3424
14568 3409
14593 3393
14609 3392
14618 3368
14662 3367
14671 3364
14687 3352
14703 3351
14712 3326
14745 3306
14798 3302
14806 3285
14821 3266
14837 3265
14839 3264
14890 3261
14892 3260
14900 3243
14915 3224
14931 3223
14948 3204
14964 3203
15009 3183
15025 3182
15027 3181
15040 3163
15042 3162
15058 3161
15067 3137
15120 3133
15134 3121
15152 3120
15161 3095
15214 3091
15228 3080
15230 3079
15246 3078
15255 3054
15270 3035
15286 3034
15339 3030
15349 3012
15364 2993
15380 2992
15433 2988
15435 2984
15449 2976
15458 2952
15474 2951
15489 2932
15552 2910
15568 2909
15583 2890
15616 2886
15648 2875
15674 2873
15675 2868
15677 2849
15721 2833
15757 2815
15771 2807
15804 2803
15815 2791
15819 2784
15835 2783
15851 2773
15867 2772
15878 2766
15913 2753
15929 2752
15948 2751
15972 2725
15976 2712
16007 2701
16023 2700
16038 2681
16070 2670
16103 2666
16129 2664
16130 2659
16132 2650
16162 2648
16180 2641
16192 2633
16195 2628
16211 2627
16224 2625
16226 2598
16270 2582
16306 2564
16322 2563
16333 2557
16364 2551
16365 2546
16402 2541
16414 2525
16447 2515
16458 2509
16462 2502
16478 2501
16496 2499
16521 2474
16525 2461
16565 2458
16615 2443
16617 2439
16635 2432
16647 2424
16650 2419
16666 2418
16679 2416
16681 2399
16731 2397
16732 2393
16746 2390
16753 2385
16765 2384
16772 2382
16773 2377
16791 2375
16810 2372
16820 2337
16869 2316
16913 2300
16934 2295
16951 2290
16976 2275
17029 2269
17041 2266
17056 2258
17073 2253
17075 2252
17076 2248
17090 2233
17107 2228
17150 2226
17153 2223
17164 2192
17208 2176
17246 2166
17278 2150
17295 2145
17322 2134
17339 2129
17360 2124
17385 2121
17400 2113
17402 2104
17438 2103
17448 2099
17482 2087
17494 2081
17499 2079
17516 2062
17518 2056
17556 2046
17590 2021
17632 2014
17634 2005
17670 2004
17704 1979
17748 1963
17826 1942
17874 1928
17944 1885
18058 1843
18168 1839
18188 1837
18224 1815
18275 1807
18311 1806
18338 1773
18389 1765
18467 1744
18515 1730
18585 1687
18699 1645
18809 1641
18829 1639
18872 1622
18941 1619
18967 1615
18996 1599
18997 1585
19055 1577
19081 1573
19125 1570
19140 1559
19173 1556
19228 1554
19243 1513
19357 1471
19467 1467
19487 1465
19530 1448
19625 1441
19655 1411
19739 1399
19798 1385
19912 1343
20022 1339
20042 1337
20085 1320
20195 1316
20210 1283
20320 1279
20340 1277
20450 1273
20498 1260
20608 1256
20628 1254
20738 1250
