50
0 1 334 795
0 2 313 892
0 3 939 1
0 4 603 57
0 5 753 651
0 6 882 16
0 7 311 309
0 8 277 717
0 9 813 181
0 10 537 304
0 11 123 820
0 12 60 875
0 13 732 148
0 14 838 265
0 15 311 800
0 16 435 679
0 17 366 553
0 18 930 15
0 19 564 382
0 20 534 333
0 21 966 97
0 22 806 287
0 23 586 423
0 24 498 660
0 25 964 48
0 26 696 474
0 27 555 593
0 28 7 997
0 29 679 456
0 30 540 591
0 31 779 159
0 32 874 221
0 33 305 620
0 34 817 316
0 35 711 267
0 36 665 460
0 37 588 58
0 38 197 746
0 39 807 156
0 40 441 773
0 41 219 573
0 42 933 227
0 43 323 785
0 44 13 859
0 45 200 696
0 46 806 160
0 47 656 835
0 48 837 105
0 49 919 76
1 2 704 544
1 3 314 560
1 4 289 641
1 5 239 418
1 6 263 880
1 7 195 203
1 8 681 486
1 9 364 489
1 10 498 602
1 11 789 396
1 12 926 41
1 13 838 86
1 14 887 143
1 15 889 72
1 16 172 901
1 17 218 665
1 18 457 842
1 19 276 734
1 20 331 913
1 21 167 738
1 22 175 797
1 23 812 358
1 24 863 327
1 25 985 110
1 26 57 570
1 27 121 593
1 28 484 227
1 29 809 94
1 30 703 179
1 31 767 422
1 32 40 982
1 33 522 631
1 34 887 794
1 35 696 159
1 36 866 84
1 37 828 530
1 38 361 492
1 39 446 166
1 40 983 45
1 41 783 575
1 42 479 524
1 43 430 567
1 44 471 483
1 45 497 708
1 46 252 570
1 47 711 429
1 48 981 103
1 49 554 361
2 3 211 462
2 4 255 836
2 5 937 227
2 6 115 822
2 7 161 756
2 8 40 809
2 9 781 472
2 10 849 152
2 11 223 869
2 12 204 859
2 13 789 296
2 14 528 633
2 15 349 750
2 16 629 271
2 17 898 74
2 18 160 728
2 19 797 438
2 20 999 2
2 21 259 882
2 22 689 431
2 23 20 999
2 24 750 667
2 25 953 57
2 26 278 319
2 27 696 552
2 28 222 705
2 29 280 895
2 30 270 814
2 31 752 712
2 32 937 52
2 33 107 864
2 34 905 219
2 35 932 123
2 36 567 800
2 37 989 153
2 38 447 461
2 39 463 739
2 40 898 206
2 41 551 692
2 42 430 825
2 43 55 859
2 44 105 825
2 45 227 965
2 46 260 579
2 47 152 795
2 48 728 437
2 49 272 678
3 4 945 109
3 5 725 376
3 6 991 29
3 7 235 932
3 8 994 227
3 9 461 614
3 10 212 906
3 11 602 427
3 12 499 663
3 13 984 9
3 14 992 14
3 15 157 717
3 16 408 644
3 17 550 364
3 18 392 182
3 19 358 883
3 20 912 292
3 21 967 312
3 22 313 552
3 23 818 257
3 24 222 818
3 25 710 448
3 26 993 50
3 27 829 92
3 28 796 195
3 29 2 998
3 30 552 536
3 31 781 154
3 32 738 383
3 33 243 626
3 34 951 68
3 35 817 277
3 36 154 784
3 37 742 713
3 38 256 241
3 39 553 321
3 40 205 444
3 41 885 164
3 42 690 551
3 43 269 394
3 44 337 506
3 45 313 892
3 46 535 767
3 47 94 614
3 48 604 687
3 49 553 655
4 5 60 843
4 6 172 592
4 7 199 844
4 8 937 45
4 9 199 796
4 10 899 253
4 11 685 568
4 12 118 755
4 13 522 551
4 14 224 568
4 15 39 729
4 16 473 628
4 17 934 175
4 18 89 870
4 19 594 592
4 20 236 764
4 21 412 460
4 22 17 925
4 23 967 11
4 24 666 84
4 25 624 254
4 26 959 67
4 27 677 50
4 28 49 990
4 29 220 671
4 30 437 688
4 31 94 768
4 32 227 796
4 33 47 964
4 34 986 22
4 35 91 380
4 36 20 898
4 37 862 211
4 38 213 993
4 39 971 313
4 40 676 192
4 41 224 840
4 42 568 245
4 43 232 617
4 44 547 580
4 45 296 791
4 46 586 442
4 47 361 637
4 48 156 446
4 49 729 548
5 6 513 273
5 7 721 257
5 8 20 850
5 9 229 588
5 10 59 628
5 11 670 324
5 12 311 765
5 13 803 216
5 14 467 365
5 15 51 957
5 16 232 474
5 17 850 232
5 18 628 345
5 19 590 121
5 20 834 267
5 21 170 970
5 22 11 982
5 23 303 697
5 24 805 101
5 25 296 543
5 26 852 336
5 27 923 140
5 28 135 350
5 29 630 146
5 30 983 23
5 31 331 517
5 32 807 686
5 33 42 883
5 34 681 441
5 35 87 834
5 36 984 9
5 37 991 13
5 38 677 104
5 39 125 872
5 40 775 192
5 41 610 621
5 42 966 45
5 43 23 875
5 44 183 440
5 45 921 209
5 46 616 368
5 47 811 472
5 48 111 908
5 49 743 185
6 7 86 975
6 8 620 366
6 9 738 271
6 10 379 720
6 11 764 203
6 12 102 618
6 13 797 175
6 14 277 842
6 15 351 751
6 16 777 425
6 17 796 521
6 18 658 239
6 19 992 41
6 20 377 389
6 21 729 252
6 22 411 393
6 23 356 667
6 24 598 226
6 25 421 448
6 26 924 174
6 27 832 36
6 28 857 376
6 29 604 591
6 30 231 682
6 31 825 213
6 32 804 623
6 33 248 751
6 34 456 489
6 35 416 205
6 36 382 801
6 37 894 60
6 38 354 135
6 39 969 94
6 40 385 492
6 41 206 848
6 42 137 820
6 43 147 897
6 44 67 922
6 45 942 15
6 46 823 458
6 47 817 352
6 48 625 134
6 49 890 386
7 8 843 226
7 9 190 624
7 10 8 970
7 11 720 51
7 12 715 91
7 13 763 363
7 14 659 115
7 15 836 189
7 16 492 223
7 17 88 872
7 18 780 47
7 19 95 709
7 20 70 816
7 21 814 204
7 22 834 534
7 23 246 629
7 24 426 199
7 25 56 980
7 26 526 601
7 27 184 817
7 28 449 538
7 29 52 897
7 30 369 777
7 31 339 962
7 32 982 99
7 33 317 550
7 34 312 828
7 35 982 17
7 36 461 143
7 37 690 473
7 38 378 664
7 39 468 750
7 40 945 159
7 41 534 361
7 42 801 258
7 43 889 35
7 44 384 829
7 45 487 687
7 46 251 886
7 47 452 226
7 48 394 168
7 49 736 323
8 9 12 988
8 10 979 21
8 11 579 499
8 12 166 798
8 13 253 650
8 14 560 409
8 15 939 134
8 16 821 144
8 17 198 690
8 18 515 170
8 19 616 276
8 20 708 384
8 21 852 184
8 22 959 9
8 23 621 120
8 24 487 349
8 25 654 346
8 26 888 210
8 27 724 396
8 28 314 575
8 29 631 309
8 30 649 424
8 31 237 306
8 32 213 556
8 33 980 124
8 34 368 551
8 35 316 759
8 36 781 198
8 37 702 703
8 38 352 822
8 39 988 8
8 40 306 667
8 41 16 997
8 42 996 51
8 43 190 846
8 44 611 473
8 45 232 832
8 46 704 617
8 47 872 471
8 48 934 41
8 49 322 602
9 10 96 946
9 11 465 418
9 12 71 908
9 13 479 394
9 14 677 312
9 15 637 675
9 16 850 193
9 17 518 683
9 18 103 972
9 19 199 622
9 20 405 866
9 21 981 317
9 22 363 567
9 23 505 600
9 24 224 769
9 25 372 425
9 26 852 128
9 27 109 908
9 28 831 392
9 29 4 999
9 30 551 234
9 31 821 44
9 32 328 446
9 33 154 845
9 34 291 751
9 35 73 957
9 36 778 322
9 37 265 791
9 38 876 50
9 39 362 894
9 40 324 768
9 41 745 59
9 42 446 612
9 43 354 527
9 44 789 219
9 45 963 18
9 46 863 420
9 47 847 93
9 48 918 166
9 49 308 567
10 11 816 220
10 12 368 900
10 13 690 275
10 14 239 764
10 15 680 654
10 16 211 852
10 17 692 192
10 18 137 894
10 19 972 45
10 20 654 352
10 21 397 521
10 22 946 176
10 23 969 169
10 24 759 164
10 25 684 106
10 26 733 495
10 27 207 981
10 28 699 208
10 29 98 783
10 30 703 376
10 31 17 814
10 32 822 469
10 33 876 392
10 34 641 291
10 35 122 965
10 36 187 913
10 37 201 798
10 38 887 166
10 39 959 84
10 40 418 594
10 41 920 353
10 42 734 322
10 43 112 865
10 44 739 247
10 45 723 381
10 46 576 368
10 47 802 505
10 48 98 782
10 49 61 917
11 12 862 147
11 13 9 992
11 14 850 430
11 15 214 747
11 16 708 466
11 17 876 227
11 18 678 381
11 19 971 41
11 20 100 739
11 21 560 309
11 22 607 269
11 23 927 134
11 24 70 899
11 25 377 276
11 26 556 598
11 27 75 906
11 28 519 516
11 29 126 739
11 30 773 558
11 31 334 542
11 32 662 723
11 33 197 891
11 34 617 516
11 35 939 83
11 36 142 929
11 37 69 945
11 38 932 23
11 39 53 987
11 40 875 16
11 41 502 722
11 42 429 349
11 43 947 66
11 44 367 754
11 45 34 784
11 46 807 707
11 47 103 654
11 48 161 901
11 49 602 120
12 13 87 626
12 14 117 676
12 15 425 732
12 16 931 281
12 17 897 163
12 18 429 733
12 19 320 740
12 20 149 766
12 21 269 575
12 22 555 415
12 23 990 95
12 24 11 989
12 25 884 33
12 26 497 489
12 27 846 130
12 28 265 757
12 29 156 576
12 30 901 608
12 31 78 876
12 32 78 857
12 33 632 404
12 34 314 816
12 35 551 349
12 36 647 352
12 37 675 853
12 38 380 924
12 39 610 757
12 40 375 718
12 41 566 514
12 42 474 330
12 43 615 323
12 44 607 484
12 45 267 573
12 46 825 126
12 47 74 988
12 48 616 850
12 49 179 940
13 14 166 522
13 15 493 722
13 16 209 785
13 17 711 412
13 18 459 437
13 19 725 272
13 20 118 866
13 21 325 727
13 22 473 426
13 23 291 901
13 24 278 622
13 25 515 645
13 26 736 111
13 27 145 925
13 28 539 413
13 29 521 706
13 30 414 907
13 31 102 883
13 32 64 960
13 33 178 988
13 34 3 954
13 35 273 595
13 36 206 736
13 37 887 334
13 38 376 733
13 39 837 126
13 40 277 545
13 41 369 615
13 42 250 584
13 43 424 491
13 44 712 352
13 45 327 708
13 46 212 736
13 47 453 529
13 48 194 641
13 49 753 500
14 15 349 723
14 16 672 180
14 17 362 715
14 18 914 190
14 19 426 656
14 20 635 335
14 21 526 475
14 22 518 314
14 23 3 961
14 24 993 5
14 25 60 942
14 26 677 584
14 27 378 468
14 28 944 183
14 29 330 743
14 30 14 977
14 31 82 971
14 32 114 947
14 33 902 174
14 34 88 992
14 35 196 444
14 36 103 730
14 37 983 55
14 38 921 104
14 39 636 297
14 40 535 586
14 41 835 358
14 42 641 181
14 43 172 903
14 44 950 34
14 45 828 33
14 46 923 62
14 47 553 497
14 48 53 395
14 49 70 905
15 16 434 552
15 17 691 464
15 18 156 925
15 19 481 569
15 20 650 466
15 21 766 176
15 22 693 564
15 23 265 332
15 24 503 191
15 25 406 661
15 26 84 932
15 27 931 56
15 28 787 389
15 29 202 540
15 30 441 704
15 31 214 580
15 32 352 644
15 33 469 259
15 34 964 49
15 35 75 618
15 36 208 828
15 37 678 320
15 38 661 413
15 39 475 750
15 40 624 271
15 41 509 568
15 42 352 604
15 43 493 667
15 44 718 176
15 45 920 100
15 46 162 670
15 47 558 376
15 48 572 585
15 49 938 317
16 17 752 436
16 18 256 972
16 19 440 403
16 20 967 53
16 21 648 437
16 22 932 108
16 23 292 441
16 24 795 360
16 25 114 769
16 26 509 741
16 27 865 627
16 28 852 66
16 29 373 539
16 30 426 822
16 31 715 463
16 32 804 205
16 33 71 882
16 34 112 823
16 35 623 554
16 36 571 612
16 37 197 749
16 38 799 479
16 39 344 594
16 40 714 194
16 41 947 342
16 42 641 482
16 43 340 171
16 44 298 314
16 45 163 670
16 46 879 281
16 47 654 370
16 48 595 298
16 49 598 192
17 18 540 291
17 19 814 629
17 20 906 303
17 21 623 463
17 22 890 352
17 23 211 903
17 24 34 689
17 25 618 129
17 26 357 378
17 27 712 214
17 28 18 988
17 29 87 681
17 30 649 435
17 31 154 833
17 32 701 337
17 33 872 381
17 34 839 110
17 35 635 659
17 36 948 168
17 37 856 36
17 38 597 346
17 39 536 142
17 40 423 727
17 41 132 834
17 42 803 534
17 43 1 975
17 44 807 436
17 45 252 888
17 46 808 225
17 47 442 600
17 48 29 928
17 49 408 613
18 19 515 384
18 20 114 873
18 21 989 17
18 22 144 820
18 23 713 485
18 24 855 144
18 25 2 999
18 26 750 409
18 27 189 884
18 28 755 301
18 29 953 17
18 30 439 577
18 31 139 923
18 32 411 561
18 33 165 758
18 34 970 3
18 35 690 119
18 36 908 504
18 37 554 653
18 38 970 10
18 39 213 906
18 40 609 603
18 41 572 645
18 42 14 897
18 43 26 952
18 44 375 820
18 45 240 911
18 46 619 71
18 47 303 513
18 48 166 821
18 49 848 144
19 20 801 291
19 21 245 332
19 22 612 123
19 23 253 528
19 24 176 669
19 25 609 523
19 26 871 225
19 27 440 776
19 28 554 382
19 29 378 595
19 30 950 460
19 31 622 175
19 32 519 693
19 33 823 100
19 34 322 850
19 35 339 747
19 36 604 463
19 37 624 427
19 38 286 626
19 39 336 672
19 40 93 797
19 41 886 366
19 42 706 512
19 43 16 997
19 44 546 861
19 45 314 296
19 46 388 878
19 47 45 886
19 48 417 476
19 49 797 237
20 21 268 874
20 22 507 393
20 23 949 26
20 24 675 266
20 25 767 253
20 26 509 770
20 27 279 189
20 28 618 199
20 29 750 245
20 30 474 734
20 31 99 526
20 32 1 995
20 33 880 131
20 34 499 611
20 35 731 182
20 36 244 649
20 37 973 283
20 38 749 526
20 39 803 205
20 40 95 991
20 41 724 653
20 42 11 692
20 43 505 606
20 44 759 40
20 45 896 262
20 46 459 892
20 47 659 218
20 48 134 670
20 49 834 341
21 22 655 301
21 23 381 567
21 24 653 286
21 25 705 523
21 26 44 696
21 27 231 665
21 28 321 771
21 29 273 849
21 30 165 817
21 31 357 724
21 32 241 794
21 33 714 236
21 34 656 142
21 35 516 644
21 36 70 972
21 37 176 408
21 38 385 778
21 39 38 773
21 40 321 837
21 41 710 601
21 42 367 488
21 43 373 853
21 44 681 265
21 45 970 18
21 46 592 593
21 47 115 430
21 48 910 393
21 49 558 274
22 23 753 144
22 24 940 19
22 25 1 1000
22 26 729 360
22 27 322 338
22 28 373 687
22 29 952 52
22 30 774 212
22 31 889 159
22 32 452 496
22 33 126 892
22 34 263 657
22 35 301 475
22 36 504 357
22 37 352 749
22 38 283 767
22 39 580 243
22 40 215 498
22 41 253 818
22 42 273 734
22 43 828 206
22 44 272 864
22 45 546 411
22 46 959 198
22 47 424 188
22 48 205 749
22 49 179 958
23 24 141 932
23 25 803 252
23 26 260 475
23 27 772 236
23 28 650 703
23 29 437 775
23 30 749 208
23 31 999 66
23 32 216 841
23 33 511 365
23 34 316 534
23 35 665 103
23 36 465 614
23 37 81 988
23 38 532 194
23 39 764 481
23 40 587 470
23 41 353 700
23 42 657 277
23 43 602 428
23 44 782 428
23 45 871 259
23 46 713 110
23 47 938 103
23 48 959 282
23 49 252 818
24 25 825 325
24 26 495 294
24 27 437 413
24 28 446 640
24 29 184 375
24 30 17 1000
24 31 152 627
24 32 766 444
24 33 401 391
24 34 199 809
24 35 966 318
24 36 566 263
24 37 477 648
24 38 361 879
24 39 181 721
24 40 267 426
24 41 777 519
24 42 632 551
24 43 901 107
24 44 154 890
24 45 491 435
24 46 331 161
24 47 960 26
24 48 642 457
24 49 591 92
25 26 433 878
25 27 997 29
25 28 424 480
25 29 612 290
25 30 460 315
25 31 226 790
25 32 901 256
25 33 423 922
25 34 815 130
25 35 656 134
25 36 501 479
25 37 325 716
25 38 571 737
25 39 412 109
25 40 248 350
25 41 383 575
25 42 96 974
25 43 207 959
25 44 864 94
25 45 9 969
25 46 2 980
25 47 522 538
25 48 87 965
25 49 796 689
26 27 281 724
26 28 356 572
26 29 859 185
26 30 328 658
26 31 641 281
26 32 396 260
26 33 806 276
26 34 350 714
26 35 70 836
26 36 847 103
26 37 781 388
26 38 202 609
26 39 90 941
26 40 550 281
26 41 716 503
26 42 629 129
26 43 725 409
26 44 409 299
26 45 791 561
26 46 979 70
26 47 278 388
26 48 420 740
26 49 40 876
27 28 253 575
27 29 827 293
27 30 278 887
27 31 817 140
27 32 409 236
27 33 319 627
27 34 437 671
27 35 601 715
27 36 692 375
27 37 792 106
27 38 291 896
27 39 135 921
27 40 598 371
27 41 653 430
27 42 209 765
27 43 986 81
27 44 621 740
27 45 550 746
27 46 688 581
27 47 843 301
27 48 351 465
27 49 893 196
28 29 970 109
28 30 338 406
28 31 821 116
28 32 903 143
28 33 177 923
28 34 788 215
28 35 810 304
28 36 974 53
28 37 614 294
28 38 387 668
28 39 285 841
28 40 780 143
28 41 399 942
28 42 278 502
28 43 2 998
28 44 325 566
28 45 811 163
28 46 641 493
28 47 935 84
28 48 168 878
28 49 853 34
29 30 61 957
29 31 773 85
29 32 251 826
29 33 597 430
29 34 194 862
29 35 271 870
29 36 811 168
29 37 828 641
29 38 336 776
29 39 687 223
29 40 215 460
29 41 841 120
29 42 232 476
29 43 416 503
29 44 1 996
29 45 813 56
29 46 553 785
29 47 561 646
29 48 355 686
29 49 733 322
30 31 503 265
30 32 597 138
30 33 468 593
30 34 402 261
30 35 136 564
30 36 751 418
30 37 581 620
30 38 922 52
30 39 335 325
30 40 219 685
30 41 48 753
30 42 411 443
30 43 144 724
30 44 707 249
30 45 8 976
30 46 8 989
30 47 425 360
30 48 158 836
30 49 852 27
31 32 374 157
31 33 936 96
31 34 630 544
31 35 81 831
31 36 396 637
31 37 59 954
31 38 376 708
31 39 665 304
31 40 364 430
31 41 570 238
31 42 125 948
31 43 140 853
31 44 165 412
31 45 718 741
31 46 241 259
31 47 722 351
31 48 469 269
31 49 599 104
32 33 385 589
32 34 876 37
32 35 754 203
32 36 911 84
32 37 334 606
32 38 172 639
32 39 432 705
32 40 221 894
32 41 817 338
32 42 619 330
32 43 876 176
32 44 190 948
32 45 686 463
32 46 664 347
32 47 409 677
32 48 503 887
32 49 550 474
33 34 364 719
33 35 57 935
33 36 624 460
33 37 164 904
33 38 307 865
33 39 850 20
33 40 285 433
33 41 98 729
33 42 908 222
33 43 540 544
33 44 824 208
33 45 194 917
33 46 246 902
33 47 476 316
33 48 14 822
33 49 29 655
34 35 728 494
34 36 864 241
34 37 180 934
34 38 962 30
34 39 43 971
34 40 895 241
34 41 414 450
34 42 538 372
34 43 601 774
34 44 555 701
34 45 963 60
34 46 172 898
34 47 235 479
34 48 573 79
34 49 614 477
35 36 135 663
35 37 260 549
35 38 678 357
35 39 757 16
35 40 105 760
35 41 166 640
35 42 907 184
35 43 356 782
35 44 633 485
35 45 371 786
35 46 658 512
35 47 25 940
35 48 492 855
35 49 646 750
36 37 662 784
36 38 220 746
36 39 491 391
36 40 322 612
36 41 688 179
36 42 522 499
36 43 105 730
36 44 348 228
36 45 183 865
36 46 831 387
36 47 509 273
36 48 795 354
36 49 22 915
37 38 66 970
37 39 262 935
37 40 69 821
37 41 126 697
37 42 410 528
37 43 344 818
37 44 547 778
37 45 207 853
37 46 386 688
37 47 624 795
37 48 399 788
37 49 526 814
38 39 347 241
38 40 432 726
38 41 443 325
38 42 536 553
38 43 516 484
38 44 903 199
38 45 335 822
38 46 463 314
38 47 527 899
38 48 87 828
38 49 916 101
39 40 515 384
39 41 577 240
39 42 858 136
39 43 334 483
39 44 959 7
39 45 237 696
39 46 427 385
39 47 699 563
39 48 17 981
39 49 232 398
40 41 899 161
40 42 649 544
40 43 8 997
40 44 105 973
40 45 778 158
40 46 322 895
40 47 124 579
40 48 990 43
40 49 764 167
41 42 493 390
41 43 195 603
41 44 120 828
41 45 696 276
41 46 348 472
41 47 225 693
41 48 794 90
41 49 683 204
42 43 709 256
42 44 673 482
42 45 859 128
42 46 773 666
42 47 334 383
42 48 670 546
42 49 844 103
43 44 91 769
43 45 734 85
43 46 386 584
43 47 124 793
43 48 757 312
43 49 601 807
44 45 310 835
44 46 963 100
44 47 974 330
44 48 823 617
44 49 203 332
45 46 3 998
45 47 501 757
45 48 547 692
45 49 811 402
46 47 975 29
46 48 232 341
46 49 524 612
47 48 470 277
47 49 664 358
48 49 477 17
0
6304
1027 45523
1031 45343
1034 45254
1038 45074
1043 45065
1044 45045
1048 44931
1051 44842
1055 44662
1060 44653
1061 44633
1065 44529
1069 44501
1071 44500
1072 44351
1077 44342
1078 44322
1082 44218
1086 44142
1091 44132
1092 44113
1093 44105
1094 44080
1096 44009
1100 43981
1102 43980
1103 43831
1108 43821
1109 43802
1111 43769
1113 43698
1118 43688
1119 43669
1121 43636
1124 43585
1129 43575
1130 43556
1132 43523
1133 43508
1138 43494
1139 43479
1141 43446
1143 43430
1144 43395
1148 43394
1149 43325
1154 43315
1155 43296
1157 43263
1159 43192
1164 43182
1165 43163
1167 43130
1170 43079
1175 43069
1176 43050
1178 43017
1179 43002
1184 42988
1185 42973
1187 42940
1190 42889
1194 42888
1195 42879
1196 42860
1198 42827
1202 42826
1203 42818
1204 42798
1205 42775
1210 42765
1211 42746
1213 42713
1214 42698
1219 42684
1220 42669
1222 42636
1225 42585
1230 42575
1231 42556
1233 42523
1238 42514
1239 42494
1244 42485
1245 42469
1246 42443
1251 42433
1252 42414
1254 42381
1257 42341
1262 42331
1263 42312
1265 42279
1270 42270
1271 42250
1276 42241
1278 42199
1283 42189
1284 42170
1286 42137
1291 42128
1292 42108
1297 42099
1300 42068
1303 42028
1308 42018
1309 41999
1311 41966
1316 41957
1317 41937
1322 41928
1324 41886
1329 41876
1330 41857
1332 41824
1337 41815
1338 41795
1343 41786
1346 41784
1347 41781
1350 41770
1353 41752
1355 41719
1360 41710
1361 41690
1366 41681
1369 41679
1372 41675
1373 41665
1374 41660
1376 41627
1381 41618
1382 41598
1384 41586
1389 41577
1390 41557
1393 41518
1398 41508
1399 41489
1401 41456
1406 41447
1407 41427
1409 41415
1414 41376
1419 41366
1420 41347
1422 41314
1427 41305
1428 41285
1430 41273
1435 41264
1436 41244
1441 41235
1444 41233
1445 41209
1450 41200
1451 41180
1456 41171
1459 41162
1463 41155
1464 41153
1465 41133
1469 41126
1470 41124
1473 41122
1474 41098
1477 41093
1478 41089
1480 41069
1481 41062
1484 41060
1485 41052
1487 41033
1489 41000
1494 40991
1495 40971
1497 40959
1498 40951
1499 40947
1502 40920
1505 40918
1506 40910
1508 40891
1510 40858
1515 40849
1516 40829
1518 40817
1523 40808
1524 40788
1529 40779
1532 40777
1533 40753
1538 40744
1539 40724
1544 40715
1547 40706
1552 40697
1553 40677
1555 40666
1560 40657
1561 40637
1563 40625
1568 40613
1569 40596
1574 40587
1575 40584
1577 40581
1578 40557
1579 40553
1583 40547
1584 40528
1585 40524
1586 40495
1587 40491
1591 40486
1592 40466
1593 40462
1594 40454
1596 40451
1599 40445
1600 40425
1602 40422
1605 40416
1607 40413
1609 40390
1611 40387
1614 40381
1615 40361
1617 40358
1620 40352
1622 40333
1627 40324
1628 40304
1630 40292
1635 40272
1636 40263
1639 40262
1641 40243
1643 40210
1648 40201
1649 40181
1651 40169
1656 40160
1657 40140
1662 40131
1663 40128
1665 40125
1666 40105
1669 40099
1671 40096
1672 40076
1677 40067
1680 40058
1685 40049
1686 40029
1691 40020
1692 40017
1694 40014
1695 39994
1698 39970
1699 39966
1701 39965
1703 39961
1704 39941
1705 39937
1706 39929
1708 39926
1711 39909
1712 39900
1714 39897
1717 39880
1718 39876
1719 39847
1720 39843
1724 39838
1725 39818
1726 39814
1727 39806
1729 39803
1732 39797
1733 39777
1735 39774
1738 39768
1740 39765
1742 39742
1744 39739
1747 39733
1748 39713
1750 39710
1753 39704
1755 39701
1756 39695
1758 39692
1761 39686
1762 39666
1764 39663
1767 39657
1769 39654
1771 39631
1773 39628
1775 39603
1777 39600
1779 39599
1780 39594
1781 39574
1783 39571
1786 39565
1788 39542
1790 39539
1793 39532
1794 39513
1796 39480
1798 39477
1801 39471
1802 39451
1804 39448
1807 39442
1809 39439
1811 39434
1812 39433
1813 39431
1814 39423
1816 39420
1819 39414
1820 39394
1822 39391
1825 39369
1827 39366
1829 39359
1831 39340
1833 39337
1835 39330
1837 39327
1840 39323
1841 39322
1842 39320
1843 39312
1845 39309
1848 39303
1849 39283
1851 39280
1856 39278
1857 39272
1858 39248
1860 39245
1863 39239
1864 39219
1866 39216
1871 39214
1872 39208
1873 39202
1874 39197
1875 39192
1876 39164
1878 39161
1881 39155
1882 39135
1884 39132
1889 39131
1890 39124
1891 39118
1892 39117
1893 39115
1894 39114
1895 39102
1897 39069
1899 39066
1902 39060
1903 39040
1905 39037
1908 39031
1910 39028
1911 39024
1912 39023
1913 39021
1914 39020
1915 39019
1916 39017
1917 39014
1918 39013
1919 39011
1920 39007
1921 39001
1923 38998
1924 38991
1926 38958
1928 38955
1931 38949
1932 38929
1934 38926
1937 38920
1939 38917
1941 38912
1942 38911
1943 38909
1944 38908
1945 38906
1946 38903
1947 38902
1948 38900
1949 38899
1950 38890
1952 38887
1954 38886
1955 38870
1956 38869
1957 38867
1958 38864
1959 38858
1960 38857
1961 38842
1962 38836
1963 38809
1965 38806
1968 38800
1969 38780
1971 38777
1975 38775
1976 38748
1978 38745
1981 38738
1982 38719
1983 38713
1984 38686
1986 38683
1989 38677
1990 38657
1992 38654
1997 38653
1998 38646
1999 38640
2000 38639
2001 38637
2002 38636
2003 38634
2005 38631
2007 38627
2008 38618
2010 38615
2011 38608
2012 38602
2013 38575
2015 38572
2018 38566
2019 38546
2021 38543
2026 38542
2027 38535
2028 38529
2029 38528
2030 38526
2031 38525
2032 38523
2034 38520
2036 38516
2037 38507
2039 38504
2041 38503
2042 38487
2043 38486
2044 38484
2045 38481
2046 38475
2047 38474
2048 38472
2049 38464
2051 38452
2052 38451
2053 38449
2054 38448
2055 38435
2057 38423
2058 38422
2059 38420
2060 38419
2063 38397
2065 38394
2068 38388
2069 38368
2071 38365
2074 38360
2075 38340
2077 38337
2083 38329
2084 38323
2085 38322
2086 38320
2087 38319
2088 38317
2089 38306
2090 38300
2091 38273
2093 38270
2096 38264
2097 38244
2099 38241
2104 38229
2106 38226
2108 38224
2109 38223
2110 38221
2112 38218
2113 38212
2114 38211
2115 38205
2117 38202
2118 38195
2119 38189
2120 38162
2122 38159
2125 38153
2126 38133
2128 38130
2133 38129
2134 38122
2135 38116
2136 38115
2137 38113
2138 38112
2139 38110
2141 38107
2142 38106
2143 38103
2144 38094
2146 38091
2148 38080
2149 38074
2150 38073
2151 38071
2152 38068
2153 38062
2154 38052
2156 38049
2158 38039
2159 38038
2160 38036
2161 38035
2162 38022
2164 38010
2165 38009
2166 38007
2167 38006
2170 37984
2172 37981
2175 37975
2176 37955
2178 37952
2181 37947
2182 37927
2184 37924
2190 37916
2191 37910
2192 37909
2193 37907
2194 37906
2195 37904
2197 37901
2198 37899
2199 37873
2201 37870
2204 37864
2205 37844
2207 37841
2210 37836
2211 37816
2213 37813
2219 37805
2220 37799
2221 37798
2222 37796
2223 37795
2224 37793
2226 37790
2227 37788
2228 37785
2229 37777
2231 37774
2232 37773
2233 37772
2234 37757
2235 37756
2236 37744
2238 37741
2241 37733
2242 37715
2244 37712
2247 37705
2249 37693
2250 37692
2251 37690
2252 37689
2254 37686
2255 37667
2257 37664
2260 37658
2261 37639
2263 37636
2269 37628
2270 37622
2271 37621
2272 37619
2273 37618
2274 37616
2276 37612
2277 37604
2279 37600
2280 37592
2281 37591
2282 37589
2283 37575
2285 37572
2286 37566
2288 37563
2289 37547
2291 37544
2292 37537
2294 37534
2297 37528
2298 37509
2300 37506
2305 37501
2306 37498
2307 37492
2308 37491
2309 37489
2310 37486
2312 37471
2314 37468
2315 37455
2317 37452
2320 37446
2321 37426
2323 37423
2326 37418
2327 37398
2329 37395
2335 37387
2336 37381
2337 37380
2338 37378
2339 37370
2341 37367
2345 37347
2346 37343
2348 37340
2350 37339
2351 37338
2352 37336
2353 37332
2354 37327
2355 37324
2356 37322
2357 37315
2359 37303
2360 37302
2361 37300
2362 37294
2363 37287
2365 37275
2366 37274
2367 37272
2368 37271
2369 37260
2371 37249
2373 37246
2375 37232
2377 37221
2379 37218
2384 37215
2385 37210
2386 37204
2387 37203
2388 37201
2389 37198
2391 37195
2392 37194
2393 37186
2395 37170
2397 37167
2399 37157
2401 37154
2404 37149
2405 37129
2407 37126
2410 37125
2411 37121
2413 37109
2414 37108
2415 37098
2416 37097
2417 37095
2418 37094
2419 37083
2421 37080
2423 37078
2424 37075
2425 37055
2427 37052
2430 37050
2432 37040
2434 37037
2436 37035
2437 37034
2438 37032
2439 37031
2440 37025
2441 37018
2443 37006
2444 37005
2445 37003
2446 37002
2447 36998
2448 36996
2449 36980
2451 36977
2454 36972
2455 36952
2457 36949
2461 36929
2462 36925
2464 36922
2469 36917
2470 36912
2471 36906
2472 36904
2473 36901
2475 36898
2476 36887
2478 36876
2479 36871
2481 36868
2484 36862
2485 36842
2487 36839
2490 36834
2491 36814
2493 36811
2498 36808
2499 36803
2500 36797
2501 36796
2502 36794
2503 36791
2505 36780
2507 36777
2509 36763
2511 36752
2513 36749
2517 36748
2518 36743
2519 36740
2520 36735
2521 36731
2523 36719
2524 36718
2525 36716
2526 36710
2527 36703
2529 36691
2530 36690
2531 36688
2532 36687
2534 36685
2535 36665
2537 36662
2539 36660
2540 36657
2541 36637
2543 36634
2548 36631
2549 36626
2550 36620
2551 36619
2552 36617
2553 36614
2555 36611
2556 36607
2558 36604
2559 36586
2561 36583
2563 36580
2564 36578
2565 36577
2566 36575
2567 36571
2568 36566
2569 36565
2570 36563
2571 36554
2573 36542
2574 36541
2575 36539
2576 36538
2577 36526
2579 36514
2580 36513
2581 36511
2582 36510
2585 36499
2586 36497
2587 36496
2588 36494
2589 36483
2591 36480
2592 36469
2594 36466
2596 36456
2598 36453
2602 36451
2603 36448
2604 36445
2605 36437
2606 36435
2607 36434
2608 36432
2609 36431
2610 36418
2612 36407
2613 36402
2615 36399
2618 36393
2619 36373
2621 36370
2624 36365
2625 36345
2627 36342
2631 36338
2633 36334
2634 36328
2635 36322
2636 36320
2637 36319
2638 36317
2640 36315
2641 36312
2642 36292
2644 36289
2648 36284
2650 36281
2651 36279
2652 36274
2653 36271
2654 36255
2656 36252
2657 36250
2658 36249
2659 36247
2660 36227
2662 36224
2663 36222
2664 36221
2665 36219
2666 36218
2668 36216
2669 36196
2671 36193
2674 36188
2675 36168
2677 36165
2682 36162
2683 36157
2684 36151
2685 36150
2686 36148
2687 36147
2688 36145
2690 36138
2692 36132
2693 36131
2694 36129
2695 36123
2696 36116
2697 36111
2698 36104
2699 36103
2700 36101
2701 36100
2702 36097
2703 36096
2704 36078
2706 36075
2707 36073
2708 36072
2709 36070
2710 36050
2712 36047
2713 36045
2714 36044
2715 36042
2716 36041
2718 36039
2719 36030
2720 36028
2721 36027
2722 36025
2724 36024
2725 36020
2726 36000
2728 35997
2730 35996
2732 35993
2733 35991
2734 35989
2735 35988
2736 35982
2737 35979
2738 35978
2739 35976
2740 35967
2742 35955
2743 35954
2744 35952
2745 35951
2746 35939
2748 35927
2749 35926
2750 35924
2751 35923
2754 35912
2755 35910
2756 35909
2757 35907
2758 35896
2760 35893
2761 35882
2763 35879
2765 35869
2767 35866
2769 35853
2770 35851
2771 35850
2772 35848
2775 35843
2776 35823
2778 35820
2782 35815
2784 35812
2786 35805
2788 35786
2790 35783
2793 35778
2794 35758
2796 35755
2802 35747
2803 35741
2804 35735
2805 35733
2806 35732
2807 35730
2808 35729
2809 35727
2810 35725
2811 35705
2813 35702
2815 35699
2817 35696
2819 35694
2820 35692
2821 35687
2822 35684
2823 35682
2824 35675
2826 35663
2827 35662
2828 35660
2829 35654
2830 35647
2832 35635
2833 35634
2834 35632
2835 35631
2837 35629
2838 35609
2840 35606
2843 35601
2844 35581
2846 35578
2852 35570
2853 35564
2854 35563
2855 35561
2856 35560
2857 35558
2859 35551
2861 35548
2863 35547
2864 35546
2865 35538
2866 35524
2867 35522
2868 35521
2869 35519
2870 35515
2871 35510
2872 35509
2873 35507
2874 35498
2876 35486
2877 35485
2878 35483
2879 35482
2880 35470
2882 35458
2883 35457
2884 35455
2885 35454
2888 35443
2889 35441
2890 35440
2891 35438
2894 35433
2895 35413
2897 35410
2903 35402
2905 35395
2907 35392
2908 35390
2910 35387
2911 35383
2912 35375
2913 35374
2914 35372
2915 35371
2917 35367
2918 35347
2919 35346
2920 35344
2921 35343
2923 35341
2924 35332
2925 35330
2926 35320
2927 35319
2928 35317
2929 35316
2930 35314
2931 35302
2932 35294
2933 35293
2934 35289
2936 35286
2938 35266
2939 35264
2940 35263
2941 35261
2944 35256
2945 35236
2947 35233
2953 35225
2955 35218
2957 35215
2958 35213
2960 35210
2961 35207
2962 35206
2963 35204
2964 35203
2965 35195
2966 35194
2967 35192
2968 35183
2969 35176
2970 35171
2971 35170
2972 35168
2973 35164
2974 35155
2975 35153
2976 35143
2977 35142
2978 35140
2979 35139
2980 35137
2981 35125
2983 35122
2984 35112
2986 35109
2991 35107
2992 35101
2994 35098
2995 35091
2996 35090
2997 35088
2998 35087
3001 35084
3002 35083
3003 35080
3004 35074
3005 35065
3006 35060
3007 35059
3008 35057
3009 35053
3010 35046
3011 35045
3012 35032
3013 35031
3014 35029
3015 35028
3016 35026
3017 35022
3019 35019
3020 35001
3022 34998
3027 34997
3028 34990
3029 34988
3030 34977
3032 34974
3033 34971
3034 34970
3035 34960
3036 34958
3037 34957
3038 34955
3039 34942
3040 34941
3041 34939
3042 34930
3044 34927
3045 34914
3046 34913
3047 34911
3048 34910
3053 34903
3054 34902
3055 34900
3056 34899
3058 34891
3059 34890
3060 34882
3061 34881
3062 34877
3064 34874
3066 34854
3067 34852
3068 34851
3069 34849
3072 34831
3073 34824
3075 34821
3077 34820
3078 34819
3079 34817
3080 34800
3082 34797
3088 34789
3089 34776
3090 34775
3091 34773
3092 34772
3093 34770
3096 34765
3097 34745
3099 34742
3103 34741
3104 34731
3105 34730
3106 34728
3107 34727
3108 34720
3109 34713
3111 34710
3112 34700
3114 34697
3116 34689
3118 34686
3121 34682
3122 34681
3123 34679
3124 34673
3125 34665
3126 34664
3127 34662
3128 34661
3129 34651
3131 34643
3133 34627
3134 34626
3135 34624
3136 34623
3137 34622
3139 34599
3140 34598
3141 34596
3142 34595
3143 34593
3146 34588
3147 34568
3149 34565
3155 34557
3157 34554
3163 34548
3164 34538
3166 34535
3167 34530
3168 34529
3169 34516
3170 34515
3171 34505
3172 34504
3173 34502
3174 34501
3175 34488
3176 34487
3177 34485
3178 34484
3179 34474
3181 34471
3183 34457
3185 34454
3191 34446
3193 34443
3194 34439
3196 34436
3200 34427
3201 34425
3202 34424
3203 34419
3204 34415
3205 34408
3206 34407
3207 34394
3208 34393
3209 34391
3210 34390
3211 34388
3212 34384
3213 34383
3214 34381
3215 34363
3217 34360
3221 34358
3223 34352
3225 34333
3227 34330
3230 34321
3231 34320
3232 34318
3233 34317
3234 34316
3236 34293
3237 34292
3238 34290
3239 34289
3240 34287
3243 34282
3244 34262
3246 34259
3252 34251
3254 34248
3257 34239
3259 34231
3261 34215
3262 34214
3263 34212
3264 34211
3265 34210
3267 34187
3268 34186
3269 34184
3270 34183
3271 34181
3274 34176
3275 34156
3277 34153
3280 34151
3282 34148
3283 34145
3285 34142
3288 34140
3290 34137
3292 34126
3294 34123
3295 34120
3297 34104
3298 34103
3299 34093
3300 34092
3301 34090
3302 34089
3303 34076
3304 34075
3305 34073
3306 34072
3307 34062
3309 34059
3311 34045
3313 34042
3319 34034
3321 34031
3322 34027
3324 34024
3328 34015
3330 34012
3335 33982
3336 33981
3337 33979
3338 33978
3339 33977
3342 33971
3343 33951
3345 33948
3350 33947
3351 33940
3353 33937
3354 33932
3356 33925
3358 33909
3359 33908
3360 33906
3361 33905
3362 33904
3364 33881
3365 33880
3366 33878
3367 33877
3368 33875
3371 33870
3372 33850
3374 33847
3380 33839
3382 33836
3388 33831
3389 33820
3391 33817
3392 33814
3394 33798
3395 33797
3396 33787
3397 33786
3398 33784
3399 33783
3400 33770
3401 33769
3402 33767
3403 33766
3404 33756
3406 33753
3408 33739
3410 33736
3416 33728
3418 33725
3424 33717
3425 33709
3427 33706
3432 33676
3433 33675
3434 33673
3435 33672
3436 33671
3439 33665
3440 33645
3442 33642
3448 33634
3450 33631
3451 33626
3453 33623
3457 33622
3458 33621
3459 33615
3460 33606
3461 33605
3462 33603
3464 33592
3468 33575
3472 33565
3473 33564
3474 33562
3476 33552
3477 33551
3478 33549
3479 33548
3480 33534
3483 33532
3485 33529
3488 33523
3491 33521
3492 33512
3493 33511
3494 33510
3495 33509
3496 33508
3497 33504
3499 33501
3500 33481
3501 33474
3503 33471
3505 33470
3506 33466
3507 33446
3508 33445
3509 33443
3510 33442
3512 33440
3514 33435
3516 33423
3521 33411
3522 33410
3523 33408
3528 33400
3529 33380
3537 33363
3539 33352
3541 33349
3543 33335
3544 33334
3545 33332
3546 33331
3548 33329
3550 33324
3552 33321
3553 33317
3554 33316
3555 33315
3556 33314
3557 33300
3558 33299
3559 33297
3561 33286
3565 33269
3572 33267
3573 33258
3575 33241
3577 33238
3582 33230
3584 33227
3586 33222
3587 33221
3588 33215
3589 33206
3590 33205
3591 33204
3592 33203
3593 33202
3596 33195
3597 33175
3598 33168
3600 33165
3603 33160
3604 33140
3605 33139
3606 33137
3607 33136
3611 33129
3613 33126
3615 33125
3619 33118
3621 33110
3623 33107
3624 33104
3625 33103
3626 33101
3627 33100
3628 33099
3630 33096
3631 33093
3633 33077
3634 33057
3636 33046
3638 33043
3640 33029
3641 33028
3642 33026
3643 33025
3647 33018
3649 33015
3651 33014
3655 33007
3657 32999
3659 32996
3664 32976
3665 32975
3669 32971
3670 32970
3671 32955
3672 32935
3674 32932
3679 32924
3681 32921
3683 32916
3684 32915
3685 32913
3686 32912
3689 32910
3690 32905
3692 32902
3694 32893
3696 32882
3700 32865
3701 32864
3706 32852
3711 32844
3712 32824
3713 32823
3715 32822
3717 32819
3719 32813
3721 32812
3722 32811
3724 32808
3727 32802
3729 32794
3731 32791
3732 32771
3739 32760
3742 32741
3744 32730
3748 32713
3749 32712
3755 32698
3760 32690
3761 32670
3762 32669
3768 32659
3770 32658
3776 32648
3778 32640
3779 32639
3780 32619
3787 32608
3790 32607
3791 32587
3793 32576
3797 32559
3798 32558
3804 32548
3806 32547
3811 32546
3812 32537
3814 32529
3819 32519
3821 32518
3823 32506
3828 32485
3829 32465
3836 32454
3840 32446
3841 32445
3844 32443
3847 32435
3849 32434
3855 32424
3857 32416
3859 32405
3866 32394
3871 32372
3872 32352
3879 32341
3887 32330
3889 32328
3895 32323
3896 32317
3900 32305
3902 32292
3909 32281
3910 32268
3911 32248
3913 32245
3918 32237
3920 32234
3926 32226
3928 32223
3932 32215
3935 32195
3940 32190
3942 32184
3947 32179
3948 32177
3950 32173
3951 32172
3952 32160
3953 32155
3954 32135
3956 32132
3961 32124
3963 32121
3967 32118
3969 32109
3970 32104
3971 32084
3978 32073
3982 32063
3983 32043
3990 32032
3998 32021
4003 32007
4010 31996
4013 31989
4014 31971
4016 31964
4018 31952
4019 31932
4026 31921
4031 31909
4032 31889
4039 31878
4047 31867
4052 31853
4057 31852
4058 31832
4062 31819
4067 31798
4068 31778
4075 31767
4082 31765
4083 31756
4090 31754
4095 31740
4096 31731
4101 31719
4108 31708
4110 31685
4111 31665
4118 31654
4126 31643
4138 31638
4139 31618
4146 31607
4154 31596
4159 31586
4160 31566
4167 31555
4173 31553
4174 31533
4180 31524
4181 31522
4182 31512
4186 31510
4187 31490
4193 31481
4194 31479
4200 31470
4202 31468
4207 31454
4212 31442
4216 31440
4217 31420
4218 31401
4222 31399
4223 31379
4229 31370
4230 31368
4236 31359
4238 31357
4244 31348
4249 31345
4250 31341
4252 31332
4257 31323
4259 31321
4260 31308
4261 31288
4265 31286
4266 31266
4273 31255
4281 31244
4285 31234
4288 31221
4295 31210
4300 31198
4301 31178
4308 31167
4314 31148
4321 31142
4322 31137
4327 31121
4334 31110
4336 31087
4337 31067
4344 31056
4352 31045
4357 31035
4365 31020
4372 31009
4373 31002
4379 30993
4380 30991
4384 30971
4391 30960
4399 30949
4404 30946
4406 30936
4407 30933
4414 30922
4415 30909
4416 30889
4423 30878
4431 30867
4433 30860
4435 30857
4438 30844
4440 30835
4443 30822
4450 30811
4451 30801
4455 30799
4456 30779
4463 30768
4469 30749
4475 30740
4477 30738
4483 30722
4486 30710
4487 30690
4491 30688
4492 30668
4499 30657
4507 30646
4512 30636
4518 30634
4520 30625
4525 30623
4530 30621
4531 30604
4534 30591
4541 30580
4544 30577
4547 30548
4553 30543
4554 30523
4561 30512
4569 30501
4573 30491
4581 30480
4582 30476
4583 30437
4591 30426
4605 30422
4606 30402
4611 30390
4619 30372
4625 30363
4627 30361
4630 30341
4638 30330
4641 30311
4642 30291
4649 30280
4657 30269
4662 30259
4667 30253
4670 30248
4673 30235
4680 30224
4684 30214
4686 30205
4689 30192
4696 30181
4697 30171
4702 30149
4704 30146
4708 30144
4709 30124
4716 30113
4724 30102
4729 30092
4733 30060
4738 30038
4746 30027
4761 30013
4764 30004
4769 30002
4772 29993
4780 29964
4788 29953
4790 29947
4797 29922
4800 29893
4808 29882
4817 29876
4821 29870
4823 29858
4828 29846
4836 29828
4839 29815
4845 29808
4846 29804
4847 29797
4852 29772
4858 29767
4859 29747
4866 29736
4874 29725
4879 29715
4884 29709
4887 29704
4888 29661
4896 29650
4906 29648
4913 29623
4919 29605
4927 29594
4934 29591
4939 29569
4947 29545
4950 29516
4955 29494
4963 29483
4978 29469
4986 29458
4995 29431
4997 29420
5000 29409
5008 29398
5014 29378
5022 29367
5027 29357
5032 29356
5033 29348
5034 29332
5038 29326
5041 29321
5046 29315
5049 29310
5053 29300
5054 29287
5056 29271
5062 29264
5063 29246
5069 29228
5077 29217
5089 29192
5094 29190
5097 29181
5099 29174
5101 29168
5105 29117
5113 29106
5130 29079
5138 29068
5150 29032
5158 29021
5164 29001
5172 28990
5181 28976
5187 28972
5188 28949
5196 28938
5209 28916
5212 28887
5217 28865
5225 28854
5238 28845
5240 28840
5244 28813
5252 28802
5259 28791
5264 28777
5270 28756
5271 28743
5279 28732
5280 28702
5288 28691
5303 28690
5308 28686
5311 28679
5315 28671
5316 28658
5318 28642
5323 28636
5325 28617
5331 28599
5339 28588
5351 28563
5356 28561
5359 28552
5361 28545
5363 28534
5367 28488
5375 28477
5392 28450
5400 28439
5414 28431
5416 28426
5422 28420
5424 28415
5426 28372
5434 28361
5444 28350
5446 28328
5450 28320
5454 28317
5458 28309
5474 28305
5475 28282
5478 28275
5482 28253
5490 28242
5493 28227
5497 28225
5498 28221
5500 28216
5505 28214
5506 28184
5514 28173
5526 28148
5532 28127
5533 28114
5541 28103
5542 28073
5550 28062
5565 28061
5573 28050
5579 28049
5582 28046
5585 28007
5592 27998
5593 27996
5600 27987
5609 27980
5610 27967
5615 27959
5616 27946
5619 27935
5624 27928
5625 27905
5633 27894
5644 27891
5648 27879
5653 27864
5657 27838
5665 27827
5672 27810
5680 27799
5692 27774
5698 27753
5706 27742
5708 27699
5716 27688
5730 27686
5738 27675
5740 27646
5748 27635
5751 27633
5759 27622
5760 27592
5768 27581
5783 27580
5785 27561
5790 27554
5791 27531
5799 27520
5810 27517
5817 27508
5818 27506
5819 27490
5823 27464
5831 27453
5842 27447
5843 27424
5851 27413
5855 27411
5863 27400
5866 27389
5870 27383
5873 27378
5875 27357
5879 27343
5887 27332
5890 27329
5894 27324
5896 27312
5899 27310
5904 27301
5905 27289
5906 27272
5914 27261
5915 27235
5923 27224
5926 27218
5934 27207
5948 27205
5954 27198
5956 27194
5958 27165
5965 27160
5966 27154
5972 27153
5973 27149
5979 27144
5980 27142
5983 27129
5988 27121
5989 27104
5996 27100
5997 27090
5998 27067
6006 27056
6009 27050
6017 27039
6021 27037
6029 27026
6030 27000
6038 26989
6041 26983
6045 26972
6053 26961
6065 26936
6071 26915
6079 26904
6081 26861
6089 26850
6103 26848
6111 26837
6113 26808
6121 26797
6124 26791
6132 26780
6133 26754
6141 26743
6156 26742
6160 26737
6161 26734
6162 26726
6163 26716
6164 26693
6172 26682
6183 26679
6190 26674
6191 26668
6192 26666
6195 26663
6196 26626
6204 26615
6215 26609
6216 26586
6224 26575
6228 26573
6236 26562
6239 26556
6243 26545
6248 26519
6252 26514
6256 26508
6260 26503
6263 26491
6267 26486
6269 26474
6277 26463
6279 26434
6287 26423
6299 26380
6307 26369
6321 26367
6327 26360
6329 26356
6331 26327
6339 26316
6352 26306
6356 26300
6360 26295
6361 26289
6362 26266
6370 26255
6379 26253
6380 26245
6381 26235
6382 26212
6390 26201
6394 26199
6402 26188
6410 26185
6413 26182
6414 26145
6422 26134
6436 26132
6440 26127
6442 26125
6444 26121
6446 26092
6450 26087
6454 26081
6458 26076
6461 26064
6465 26059
6467 26047
6470 26033
6478 26022
6485 26005
6487 25993
6495 25982
6497 25953
6505 25942
6519 25940
6525 25933
6527 25929
6531 25905
6537 25890
6545 25879
6553 25865
6561 25854
6563 25852
6565 25847
6568 25837
6570 25825
6574 25819
6578 25814
6579 25808
6580 25785
6588 25774
6600 25770
6602 25758
6610 25747
6612 25718
6620 25707
6634 25705
6635 25699
6640 25698
6642 25694
6646 25670
6652 25655
6657 25651
6658 25646
6660 25644
6662 25640
6666 25635
6668 25606
6676 25595
6683 25578
6685 25566
6693 25555
6706 25552
6710 25547
6713 25546
6714 25541
6717 25530
6719 25518
6723 25515
6725 25503
6729 25478
6735 25463
6743 25452
6751 25438
6759 25427
6766 25410
6768 25398
6772 25392
6776 25387
6780 25381
6783 25371
6791 25360
6798 25343
6800 25331
6808 25320
6812 25310
6818 25295
6825 25283
6833 25272
6840 25268
6844 25243
6850 25228
6855 25224
6856 25219
6858 25217
6863 25213
6864 25208
6871 25191
6880 25189
6882 25186
6884 25180
6887 25157
6895 25146
6900 25131
6908 25120
6915 25103
6917 25091
6921 25088
6923 25076
6931 25065
6937 25063
6939 25051
6943 25045
6947 25040
6951 25034
6954 25023
6958 25017
6960 25005
6967 24988
6971 24984
6975 24977
6979 24973
6983 24963
6986 24956
6991 24952
6996 24936
6998 24935
7000 24923
7004 24917
7006 24908
7010 24902
7013 24896
7018 24891
7021 24885
7026 24877
7030 24868
7032 24856
7036 24853
7038 24841
7043 24837
7046 24830
7050 24820
7057 24808
7063 24793
7071 24782
7075 24770
7082 24753
7087 24749
7088 24744
7090 24742
7093 24734
7096 24733
7100 24722
7103 24716
7108 24711
7109 24701
7118 24699
7119 24682
7125 24667
7131 24658
7133 24656
7139 24647
7146 24630
7153 24613
7155 24601
7163 24590
7169 24588
7171 24576
7175 24570
7179 24565
7182 24561
7183 24559
7184 24549
7186 24548
7190 24542
7192 24530
7196 24527
7198 24515
7203 24509
7206 24504
7211 24498
7214 24490
7218 24481
7222 24479
7224 24466
7228 24461
7236 24445
7238 24433
7242 24427
7245 24421
7249 24418
7250 24416
7251 24406
7258 24402
7259 24395
7266 24391
7268 24378
7270 24366
7275 24362
7278 24355
7281 24347
7288 24335
7295 24318
7303 24307
7307 24295
7311 24292
7313 24280
7321 24269
7325 24259
7332 24247
7338 24232
7341 24226
7346 24221
7355 24220
7357 24192
7363 24183
7365 24181
7370 24174
7371 24172
7378 24155
7384 24140
7389 24134
7398 24132
7400 24115
7408 24112
7409 24109
7412 24106
7414 24086
7416 24074
7424 24058
7428 24052
7430 24040
7437 24031
7438 24029
7444 24027
7446 24015
7454 24004
7456 23991
7459 23988
7461 23987
7467 23972
7474 23960
7478 23948
7481 23943
7483 23931
7491 23920
7499 23905
7503 23900
7511 23884
7513 23872
7520 23860
7524 23857
7526 23845
7534 23834
7543 23817
7545 23805
7553 23794
7565 23786
7570 23757
7578 23746
7587 23745
7590 23734
7598 23723
7602 23699
7611 23697
7616 23665
7625 23663
7631 23656
7632 23640
7641 23638
7645 23613
7654 23611
7656 23610
7660 23605
7661 23594
7662 23593
7664 23573
7669 23556
7678 23554
7683 23550
7685 23545
7689 23525
7691 23513
7699 23497
7706 23485
7712 23470
7721 23468
7727 23462
7728 23459
7729 23450
7731 23430
7740 23428
7744 23426
7746 23422
7747 23419
7751 23411
7756 23382
7758 23370
7766 23359
7785 23357
7787 23350
7792 23348
7793 23335
7795 23334
7796 23324
7802 23318
7803 23299
7810 23290
7811 23288
7822 23274
7826 23265
7830 23263
7837 23247
7839 23235
7847 23224
7848 23218
7857 23216
7858 23198
7863 23181
7869 23175
7877 23138
7886 23136
7893 23122
7900 23110
7906 23095
7915 23075
7922 23067
7925 23055
7934 23053
7938 23051
7940 23047
7941 23042
7944 22995
7953 22993
7960 22984
7979 22978
7981 22975
7983 22959
7988 22943
7989 22924
7998 22922
8005 22913
8008 22899
8017 22897
8023 22891
8024 22888
8025 22860
8034 22858
8041 22849
8042 22843
8047 22841
8051 22835
8054 22832
8055 22800
8064 22798
8070 22789
8071 22763
8080 22761
8090 22755
8099 22753
8101 22749
8102 22731
8109 22700
8116 22692
8125 22690
8134 22667
8136 22655
8138 22620
8147 22618
8173 22603
8175 22588
8177 22584
8183 22549
8192 22547
8202 22524
8211 22522
8217 22516
8219 22485
8228 22483
8241 22466
8242 22445
8251 22443
8255 22423
8264 22414
8271 22407
8278 22395
8283 22389
8284 22380
8287 22374
8293 22360
8300 22352
8303 22340
8312 22338
8316 22336
8318 22331
8319 22327
8322 22280
8331 22278
8338 22269
8349 22262
8353 22250
8361 22244
8366 22228
8367 22209
8376 22207
8383 22198
8386 22184
8395 22182
8400 22181
8401 22176
8402 22173
8403 22145
8412 22143
8414 22142
8418 22132
8420 22128
8429 22120
8432 22117
8433 22085
8436 22070
8445 22068
8449 22048
8458 22046
8475 22034
8480 22016
8481 21999
8487 21985
8494 21977
8500 21974
8509 21972
8513 21952
8514 21950
8516 21905
8525 21903
8547 21900
8551 21888
8553 21873
8555 21869
8561 21834
8570 21832
8580 21809
8589 21807
8595 21801
8597 21770
8606 21768
8620 21730
8629 21728
8636 21719
8642 21699
8651 21697
8659 21694
8660 21690
8661 21674
8665 21659
8674 21657
8681 21648
8684 21634
8693 21632
8696 21616
8701 21595
8710 21593
8716 21582
8718 21578
8727 21547
8731 21535
8740 21533
8746 21524
8747 21498
8756 21496
8772 21476
8778 21466
8785 21435
8792 21427
8796 21417
8805 21415
8808 21412
8811 21402
8812 21400
8814 21355
8823 21353
8841 21346
8849 21338
8853 21319
8859 21284
8868 21282
8878 21259
8887 21257
8893 21251
8895 21220
8904 21218
8921 21195
8925 21185
8932 21180
8940 21149
8949 21147
8958 21140
8959 21124
8968 21122
8970 21114
8979 21112
8981 21107
8985 21099
8989 21087
8994 21066
9002 21060
9011 21047
9013 21045
9022 21043
9023 21042
9025 20997
9034 20995
9047 20989
9056 20987
9058 20970
9064 20961
9065 20947
9070 20926
9079 20924
9089 20901
9094 20867
9103 20865
9106 20862
9115 20860
9129 20850
9132 20837
9133 20831
9136 20827
9139 20796
9148 20794
9151 20791
9158 20771
9167 20769
9170 20766
9173 20763
9175 20732
9184 20730
9200 20729
9201 20707
9205 20697
9212 20692
9220 20661
9229 20659
9239 20636
9248 20634
9250 20626
9259 20624
9265 20611
9269 20599
9274 20578
9282 20572
9291 20570
9293 20557
9302 20555
9312 20537
9313 20527
9316 20513
9319 20507
9327 20501
9336 20499
9338 20482
9346 20476
9353 20474
9355 20443
9364 20441
9376 20439
9377 20431
9380 20417
9382 20397
9385 20383
9394 20381
9397 20378
9400 20372
9409 20370
9419 20347
9427 20326
9436 20324
9445 20322
9446 20301
9449 20287
9458 20285
9461 20282
9462 20280
9464 20279
9466 20248
9475 20246
9489 20237
9492 20223
9496 20213
9505 20211
9516 20210
9520 20206
9523 20205
9525 20203
9526 20184
9530 20152
9539 20150
9543 20145
9545 20144
9552 20143
9553 20141
9556 20127
9560 20117
9569 20115
9573 20088
9582 20086
9594 20073
9600 20067
9603 20053
9607 20049
9608 20045
9617 20043
9622 20041
9628 20018
9633 20014
9637 19992
9646 19990
9650 19985
9652 19984
9655 19972
9661 19970
9667 19957
9672 19949
9675 19938
9684 19936
9691 19935
9692 19922
9697 19918
9702 19914
9705 19903
9714 19889
9715 19885
9719 19876
9725 19874
9734 19868
9735 19855
9739 19842
9748 19840
9752 19835
9754 19834
9761 19833
9762 19812
9766 19802
9775 19800
9777 19798
9779 19789
9788 19787
9792 19782
9794 19781
9798 19775
9799 19759
9804 19758
9808 19757
9809 19754
9814 19751
9816 19720
9825 19718
9826 19716
9830 19706
9839 19704
9842 19695
9846 19685
9855 19683
9862 19679
9864 19662
9870 19660
9873 19642
9880 19624
9889 19622
9895 19616
9901 19612
9906 19599
9910 19589
9919 19587
9923 19560
9932 19558
9937 19546
9944 19545
9946 19544
9952 19538
9953 19525
9958 19517
9967 19515
9972 19503
9975 19492
9984 19490
9986 19488
9987 19464
9996 19462
10002 19456
10008 19449
10015 19439
10017 19429
10022 19421
10025 19410
10034 19408
10039 19396
10048 19394
10052 19386
10055 19375
10064 19373
10065 19357
10074 19355
10079 19343
10088 19341
10089 19314
10098 19312
10104 19306
10113 19304
10117 19289
10119 19279
10128 19277
10129 19261
10138 19259
10144 19253
10153 19251
10154 19246
10158 19243
10159 19226
10167 19207
10176 19205
10181 19193
10190 19191
10196 19185
10197 19172
10206 19170
10211 19168
10217 19165
10220 19157
10227 19136
10231 19111
10240 19109
10246 19103
10255 19101
10256 19096
10261 19076
10270 19074
10276 19068
10285 19066
10286 19061
10291 19051
10296 19043
10299 19032
10305 19029
10313 19018
10319 19015
10326 19008
10329 18997
10334 18989
10339 18979
10348 18975
10353 18965
10362 18963
10363 18936
10369 18933
10378 18928
10384 18925
10391 18911
10393 18901
10398 18893
10403 18883
10412 18881
10418 18875
10426 18869
10428 18858
10433 18848
10441 18829
10450 18827
10455 18815
10464 18813
10470 18807
10471 18794
10476 18787
10485 18785
10491 18779
10500 18777
10501 18758
10505 18733
10514 18731
10520 18725
10529 18723
10530 18718
10535 18698
10544 18696
10550 18690
10559 18688
10560 18683
10566 18680
10570 18665
10574 18662
10579 18651
10593 18637
10600 18630
10608 18611
10614 18609
10622 18597
10631 18595
10636 18587
10638 18576
10643 18555
10658 18547
10668 18540
10672 18515
10681 18513
10686 18505
10695 18503
10700 18491
10702 18480
10711 18478
10716 18470
10725 18468
10733 18457
10738 18452
10741 18444
10746 18433
10750 18409
10759 18407
10765 18401
10774 18399
10775 18394
10780 18374
10789 18372
10795 18366
10804 18364
10805 18359
10810 18337
10824 18327
10838 18313
10840 18302
10853 18287
10862 18285
10867 18273
10876 18271
10882 18265
10883 18252
10888 18231
10903 18223
10913 18216
10917 18191
10926 18189
10932 18183
10941 18181
10947 18156
10956 18154
10962 18148
10971 18146
10978 18133
10983 18128
10984 18120
10991 18109
11005 18095
11014 18085
11021 18074
11037 18061
11046 18059
11050 18057
11052 18048
11055 18013
11070 18005
11085 17978
11100 17970
11101 17965
11110 17963
11116 17952
11122 17942
11137 17934
11140 17929
11145 17915
11152 17907
11167 17899
11168 17894
11175 17883
11183 17881
11184 17879
11190 17870
11202 17863
11204 17856
11212 17844
11219 17833
11226 17831
11232 17828
11236 17822
11239 17787
11254 17774
11269 17766
11283 17737
11298 17729
11300 17726
11306 17716
11321 17703
11336 17695
11339 17690
11344 17676
11350 17666
11365 17658
11367 17655
11374 17644
11383 17640
11386 17637
11398 17632
11401 17624
11406 17619
11410 17605
11418 17594
11425 17592
11430 17587
11438 17548
11453 17540
11477 17534
11482 17498
11497 17490
11505 17477
11520 17469
11545 17462
11549 17427
11564 17419
11585 17398
11600 17385
11609 17366
11622 17355
11629 17348
11637 17347
11644 17340
11652 17316
11666 17305
11676 17295
11689 17284
11696 17266
11711 17258
11719 17245
11733 17234
11743 17231
11748 17218
11756 17216
11763 17195
11778 17187
11780 17186
11787 17181
11793 17173
11799 17166
11808 17165
11813 17155
11814 17153
11815 17147
11823 17134
11833 17120
11843 17116
11847 17115
11848 17112
11858 17108
11860 17102
11866 17095
11867 17084
11877 17070
11890 17063
11892 17062
11900 17049
11910 17045
11915 17041
11919 17036
11932 17025
11934 17013
11940 17001
11944 16999
11955 16993
11959 16991
11962 16986
11970 16984
11977 16978
11984 16951
11999 16943
12004 16938
12007 16930
12017 16927
12022 16922
12029 16915
12037 16913
12038 16904
12047 16888
12051 16880
12061 16877
12066 16872
12071 16867
12081 16863
12084 16856
12087 16851
12091 16838
12105 16833
12106 16830
12111 16819
12114 16817
12124 16808
12128 16806
12131 16801
12139 16800
12143 16790
12154 16769
12158 16767
12168 16758
12178 16748
12188 16745
12191 16737
12198 16719
12213 16711
12218 16706
12221 16698
12232 16695
12235 16687
12245 16684
12250 16671
12258 16669
12262 16656
12265 16648
12280 16640
12282 16639
12285 16635
12289 16634
12295 16626
12299 16624
12301 16619
12310 16618
12314 16608
12316 16606
12317 16600
12325 16587
12329 16585
12335 16573
12345 16569
12349 16568
12350 16565
12357 16558
12362 16555
12368 16548
12369 16537
12379 16523
12392 16516
12394 16515
12402 16502
12412 16498
12417 16494
12421 16489
12424 16487
12434 16478
12436 16466
12446 16452
12461 16444
12464 16439
12472 16437
12479 16431
12486 16426
12487 16424
12488 16418
12496 16407
12503 16402
12506 16391
12516 16387
12519 16380
12528 16376
12531 16368
12539 16366
12540 16357
12549 16341
12563 16330
12573 16320
12583 16316
12586 16309
12593 16291
12607 16286
12608 16283
12616 16270
12630 16259
12635 16257
12640 16256
12645 16243
12659 16238
12660 16220
12675 16212
12684 16206
12690 16198
12702 16186
12712 16172
12720 16159
12734 16148
12749 16140
12757 16127
12764 16109
12779 16101
12787 16088
12801 16077
12814 16075
12816 16061
12829 16050
12831 16038
12846 16030
12854 16024
12859 16011
12873 16006
12874 16003
12883 15990
12896 15979
12898 15974
12911 15971
12913 15966
12926 15940
12941 15932
12950 15926
12965 15918
12977 15914
12978 15911
12985 15893
12995 15890
13000 15868
13015 15860
13030 15829
13045 15821
13067 15797
13080 15795
13082 15789
13095 15787
13097 15758
13112 15750
13134 15733
13147 15724
13162 15716
13164 15694
13179 15686
13192 15682
13206 15681
13207 15674
13208 15673
13215 15661
13221 15652
13229 15650
13233 15644
13244 15634
13249 15631
13251 15613
13259 15611
13266 15605
13274 15603
13282 15597
13287 15584
13288 15581
13301 15579
13302 15576
13303 15573
13311 15563
13318 15542
13333 15534
13353 15520
13354 15513
13368 15512
13369 15505
13378 15499
13385 15478
13400 15470
13407 15468
13413 15466
13420 15449
13428 15441
13443 15433
13454 15428
13457 15424
13458 15402
13473 15394
13487 15385
13495 15370
13508 15368
13510 15362
13523 15360
13525 15331
13540 15323
13556 15322
13562 15306
13575 15297
13590 15289
13592 15267
13607 15259
13623 15258
13628 15252
13636 15246
13643 15237
13649 15225
13661 15217
13677 15204
13679 15186
13694 15178
13710 15173
13716 15154
13731 15146
13746 15115
13761 15107
13781 15093
13783 15090
13796 15085
13798 15082
13805 15080
13813 15051
13828 15043
13835 15041
13848 15022
13863 15014
13872 15013
13882 15001
13885 14997
13900 14989
13902 14974
13915 14958
13930 14950
13939 14942
13954 14934
13967 14933
13969 14903
13984 14895
14002 14893
14004 14881
14006 14874
14019 14873
14021 14866
14026 14864
14036 14839
14051 14831
14056 14825
14071 14810
14085 14805
14086 14802
14093 14800
14096 14799
14100 14797
14105 14789
14108 14781
14122 14780
14123 14761
14138 14746
14152 14741
14153 14738
14158 14732
14163 14728
14173 14724
14175 14717
14187 14712
14190 14709
14195 14707
14198 14706
14200 14703
14207 14696
14212 14684
14225 14668
14229 14662
14240 14660
14244 14654
14249 14652
14254 14648
14264 14640
14265 14635
14278 14632
14279 14613
14294 14605
14296 14598
14308 14593
14311 14590
14316 14584
14329 14583
14331 14569
14345 14564
14346 14549
14361 14541
14375 14529
14381 14520
14395 14515
14396 14512
14398 14505
14410 14500
14413 14497
14418 14491
14423 14487
14433 14483
14438 14479
14443 14477
14447 14471
14448 14456
14462 14451
14463 14448
14472 14443
14473 14438
14477 14436
14485 14427
14490 14423
14497 14422
14500 14419
14502 14418
14505 14415
14510 14413
14514 14407
14517 14406
14525 14394
14535 14391
14539 14372
14554 14364
14564 14358
14568 14352
14574 14350
14575 14345
14583 14344
14588 14342
14590 14337
14592 14330
14602 14327
14604 14325
14606 14308
14618 14303
14621 14300
14633 14295
14635 14288
14641 14279
14655 14274
14656 14271
14666 14268
14669 14266
14670 14259
14675 14258
14683 14254
14685 14239
14700 14231
14708 14215
14720 14210
14723 14207
14733 14197
14737 14195
14748 14189
14752 14187
14757 14181
14762 14177
14768 14175
14771 14173
14777 14165
14786 14153
14787 14146
14800 14133
14812 14128
14815 14125
14821 14124
14824 14117
14829 14113
14835 14104
14849 14103
14850 14096
14858 14095
14862 14086
14864 14084
14869 14083
14874 14081
14877 14078
14878 14062
14888 14060
14893 14054
14902 14040
14914 14035
14917 14032
14925 14031
14929 14027
14931 14020
14941 14017
14943 14013
14945 13998
14960 13990
14976 13988
14977 13987
14979 13976
14980 13969
14994 13968
14995 13961
15005 13958
15008 13956
15010 13949
15014 13948
15022 13944
15025 13941
15032 13934
15039 13929
15043 13924
15046 13912
15047 13905
15061 13904
15062 13897
15072 13887
15081 13883
15087 13879
15095 13878
15096 13875
15104 13872
15107 13865
15110 13863
15115 13862
15116 13855
15125 13843
15134 13840
15139 13823
15148 13819
15154 13815
15160 13814
15163 13811
15170 13810
15173 13801
15174 13794
15188 13793
15189 13786
15197 13785
15201 13776
15208 13773
15216 13768
15226 13766
15227 13750
15236 13747
15237 13746
15240 13737
15241 13730
15255 13729
15256 13722
15264 13721
15269 13717
15275 13708
15282 13703
15290 13700
15297 13695
15303 13683
15310 13680
15318 13666
15328 13665
15333 13658
15339 13653
15342 13644
15349 13639
15357 13636
15364 13631
15371 13624
15383 13617
15385 13602
15395 13601
15400 13594
15410 13593
15417 13591
15418 13589
15420 13573
15430 13572
15431 13571
15435 13565
15445 13562
15450 13553
15454 13552
15462 13548
15465 13545
15466 13542
15469 13540
15479 13533
15484 13532
15487 13509
15497 13508
15502 13501
15512 13491
15527 13483
15533 13478
15536 13476
15547 13469
15551 13468
15556 13459
15566 13455
15570 13454
15574 13451
15577 13449
15579 13427
15594 13419
15605 13417
15610 13414
15614 13398
15629 13390
15641 13387
15644 13385
15648 13377
15663 13372
15666 13370
15674 13361
15677 13350
15681 13334
15696 13326
15712 13321
15715 13319
15722 13307
15737 13299
15750 13284
15766 13279
15779 13257
15782 13255
15789 13243
15804 13235
15819 13231
15824 13230
15828 13224
15835 13222
15839 13217
15842 13215
15848 13207
15851 13205
15858 13193
15868 13186
15871 13175
15886 13167
15897 13165
15900 13163
15902 13158
15906 13146
15909 13144
15921 13138
15924 13136
15936 13133
15940 13125
15950 13124
15958 13118
15965 13116
15966 13115
15969 13107
15973 13082
15976 13080
15988 13074
15991 13072
16007 13067
16014 13055
16017 13053
16029 13047
16032 13045
16042 13032
16045 13030
16066 13027
16074 13003
16081 12991
16084 12989
16096 12983
16099 12981
16115 12974
16125 12973
16127 12970
16130 12968
16134 12963
16140 12956
16143 12953
16150 12941
16153 12939
16163 12932
16178 12924
16187 12918
16192 12911
16194 12906
16197 12904
16201 12892
16216 12884
16232 12882
16238 12879
16239 12876
16242 12863
16261 12861
16262 12857
16263 12856
16265 12855
16266 12854
16268 12828
16283 12820
16305 12815
16306 12812
16309 12799
16324 12793
16337 12778
16350 12772
16370 12766
16373 12764
16375 12762
16376 12737
16391 12729
16407 12722
16410 12720
16417 12708
16432 12704
16445 12687
16462 12686
16467 12682
16470 12680
16477 12678
16483 12671
16486 12668
16489 12652
16496 12651
16499 12640
16520 12637
16523 12635
16525 12630
16528 12628
16530 12623
16534 12611
16537 12609
16557 12603
16558 12602
16564 12598
16570 12595
16575 12591
16578 12589
16585 12587
16586 12583
16594 12582
16597 12572
16598 12560
16601 12547
16604 12545
16635 12532
16642 12520
16645 12518
16665 12512
16667 12510
16670 12508
16677 12507
16688 12506
16690 12501
16693 12498
16694 12492
16699 12481
16702 12468
16709 12456
16712 12454
16740 12452
16744 12443
16753 12440
16755 12435
16758 12433
16762 12428
16775 12419
16778 12417
16781 12414
16788 12410
16791 12397
16809 12395
16815 12383
16820 12376
16822 12371
16825 12369
16829 12357
16862 12356
16866 12355
16867 12341
16870 12337
16885 12335
16886 12330
16893 12306
16896 12293
16933 12291
16934 12277
16937 12266
16962 12256
16975 12250
16993 12244
16998 12242
17001 12215
17004 12202
17032 12200
17035 12198
17042 12186
17050 12181
17060 12180
17070 12165
17087 12164
17090 12151
17109 12149
17111 12146
17114 12130
17117 12117
17145 12115
17148 12113
17150 12108
17153 12106
17154 12104
17155 12101
17159 12089
17162 12087
17182 12081
17183 12080
17189 12076
17195 12073
17198 12060
17222 12050
17226 12025
17229 12023
17260 12010
17267 11998
17270 11996
17290 11990
17300 11987
17302 11985
17303 11974
17319 11970
17327 11946
17334 11934
17337 11932
17369 11921
17378 11918
17380 11913
17383 11911
17387 11906
17403 11899
17406 11892
17411 11883
17416 11875
17434 11873
17440 11861
17445 11854
17447 11849
17450 11847
17454 11835
17487 11834
17491 11833
17494 11823
17495 11815
17510 11813
17511 11808
17519 11807
17521 11771
17558 11769
17562 11744
17595 11743
17605 11741
17607 11738
17608 11730
17618 11722
17629 11680
17674 11679
17675 11659
17685 11658
17696 11655
17712 11646
17715 11629
17734 11627
17741 11615
17742 11595
17779 11582
17798 11573
17820 11555
17823 11538
17852 11535
17854 11524
17861 11516
17887 11491
17899 11490
17918 11489
17926 11488
17928 11452
17965 11450
17967 11439
17969 11425
18002 11424
18005 11420
18010 11409
18012 11405
18031 11404
18036 11361
18081 11349
18082 11340
18103 11336
18112 11335
18119 11327
18122 11310
18149 11276
18186 11263
18225 11262
18227 11236
18230 11219
18261 11205
18276 11198
18294 11172
18306 11171
18343 11134
18374 11120
18395 11112
18411 11107
18412 11101
18417 11090
18419 11086
18452 11080
18454 11077
18455 11063
18488 11030
18500 11029
18508 11027
18519 11016
18531 11015
18536 11006
18562 10986
18564 10982
18568 10978
18605 10965
18606 10950
18611 10948
18613 10944
18642 10934
18644 10930
18652 10929
18653 10923
18665 10922
18679 10921
18680 10915
18681 10902
18687 10900
18692 10899
18713 10874
18719 10865
18756 10844
18758 10840
18778 10837
18787 10830
18789 10826
18797 10825
18800 10808
18831 10794
18836 10792
18838 10788
18846 10787
18864 10761
18876 10760
18881 10758
18906 10746
18912 10744
18913 10723
18944 10709
18965 10701
18981 10688
18983 10684
18987 10679
18989 10675
19022 10669
19024 10666
19025 10652
19046 10651
19057 10640
19058 10619
19070 10618
19078 10616
19089 10605
19101 10604
19106 10595
19132 10575
19134 10571
19138 10567
19174 10560
19175 10554
19176 10548
19181 10537
19183 10533
19212 10523
19214 10519
19223 10512
19235 10511
19249 10510
19250 10504
19251 10491
19257 10489
19283 10463
19295 10462
19303 10460
19326 10433
19328 10429
19348 10426
19357 10419
19359 10415
19374 10409
19376 10405
19401 10392
19402 10385
19406 10381
19408 10377
19443 10368
19444 10362
19446 10358
19448 10356
19451 10347
19476 10335
19482 10333
19491 10326
19493 10322
19519 10305
19521 10301
19551 10277
19553 10273
19573 10270
19594 10264
19596 10243
19616 10240
19627 10229
19644 10219
19669 10206
19671 10202
19676 10191
19709 10190
19713 10189
19714 10172
19716 10170
19718 10166
19727 10165
19744 10149
19746 10145
19761 10136
19789 10115
19821 10087
19841 10084
19862 10078
19864 10074
19868 10073
19869 10063
19872 10061
19892 10058
19903 10047
19907 10044
19913 10043
19920 10037
19934 10034
19939 10016
19952 10009
19977 10004
19983 9999
19984 9992
19986 9980
20014 9959
20037 9954
20057 9947
20064 9940
20065 9933
20093 9917
20097 9905
20117 9902
20132 9888
20145 9881
20170 9876
20176 9871
20181 9857
20202 9848
20209 9836
20215 9834
20232 9831
20250 9819
20258 9810
20262 9798
20288 9794
20290 9777
20323 9776
20327 9765
20340 9758
20351 9755
20365 9753
20367 9741
20369 9735
20380 9727
20395 9720
20408 9706
20435 9703
20445 9696
20446 9694
20452 9689
20453 9687
20457 9675
20478 9666
20485 9654
20511 9652
20513 9649
20526 9637
20534 9628
20562 9618
20564 9612
20575 9604
20590 9597
20596 9595
20603 9583
20629 9581
20630 9580
20639 9571
20643 9559
20652 9557
20669 9555
20671 9538
20693 9535
20706 9529
20708 9526
20721 9514
20729 9505
20750 9496
20759 9491
20761 9488
20785 9487
20787 9470
20789 9467
20813 9463
20824 9458
20826 9457
20833 9450
20834 9448
20838 9436
20847 9434
20866 9415
20892 9413
20905 9399
20907 9398
20915 9389
20943 9387
20945 9373
20954 9368
20956 9365
20975 9359
20982 9347
20984 9344
21010 9342
21011 9341
21023 9330
21027 9326
21031 9321
21033 9318
21059 9311
21061 9305
21063 9302
21072 9297
21074 9296
21085 9293
21087 9290
21093 9288
21100 9276
21102 9275
21110 9266
21136 9264
21140 9252
21149 9250
21151 9249
21166 9248
21168 9231
21190 9228
21194 9224
21205 9219
21218 9207
21222 9203
21226 9198
21228 9195
21247 9189
21258 9181
21271 9177
21286 9160
21310 9156
21312 9155
21323 9150
21330 9143
21331 9141
21335 9129
21344 9127
21346 9126
21363 9108
21404 9091
21412 9082
21442 9066
21453 9058
21466 9054
21481 9037
21508 9034
21524 9019
21530 9011
21560 8995
21571 8989
21582 8986
21584 8985
21599 8968
21607 8959
21642 8950
21648 8942
21672 8940
21678 8926
21691 8917
21706 8915
21719 8896
21725 8888
21763 8879
21768 8870
21790 8869
21796 8867
21798 8854
21809 8848
21824 8846
21832 8837
21837 8827
21843 8819
21881 8810
21886 8801
21908 8800
21916 8785
21930 8784
21936 8782
21940 8779
21944 8774
21948 8770
21950 8766
21963 8747
22007 8730
22028 8728
22034 8726
22052 8725
22054 8724
22058 8723
22060 8707
22062 8705
22066 8699
22068 8697
22081 8678
22125 8661
22146 8659
22157 8656
22173 8648
22178 8638
22184 8630
22188 8625
22219 8623
22222 8621
22227 8612
22232 8608
22245 8606
22247 8602
22257 8596
22271 8595
22275 8587
22285 8585
22291 8577
22304 8558
22306 8556
22339 8554
22348 8541
22350 8539
22363 8537
22382 8534
22392 8528
22399 8518
22403 8516
22409 8508
22422 8489
22457 8485
22466 8472
22487 8470
22498 8467
22500 8465
22516 8463
22517 8449
22529 8436
22556 8435
22561 8432
22573 8419
22586 8417
22590 8413
22600 8409
22616 8398
22624 8396
22644 8392
22647 8367
22680 8365
22691 8350
22704 8348
22708 8344
22740 8329
22742 8327
22773 8325
22783 8319
22784 8312
22786 8310
22798 8296
22815 8291
22839 8287
22841 8276
22858 8260
22885 8259
22893 8256
22902 8243
22923 8241
22925 8231
22931 8224
22933 8222
22963 8220
22965 8207
22977 8205
22990 8203
22997 8193
23009 8190
23026 8184
23030 8182
23036 8174
23043 8173
23049 8155
23083 8138
23114 8136
23125 8133
23127 8121
23144 8115
23156 8102
23183 8101
23186 8100
23188 8098
23197 8096
23200 8085
23213 8083
23222 8071
23234 8067
23243 8064
23251 8062
23266 8054
23274 8033
23304 8031
23315 8027
23318 8016
23331 8014
23350 8011
23359 8010
23361 8002
23367 7995
23369 7993
23402 7991
23405 7985
23411 7978
23413 7976
23425 7962
23445 7961
23447 7959
23466 7953
23468 7942
23485 7926
23512 7925
23520 7922
23526 7920
23529 7909
23550 7907
23552 7897
23563 7892
23576 7891
23590 7886
23592 7873
23619 7871
23624 7859
23636 7856
23658 7842
23670 7839
23678 7836
23689 7835
23694 7822
23710 7804
23743 7802
23751 7798
23754 7787
23777 7785
23785 7783
23788 7770
23813 7766
23815 7764
23824 7762
23832 7753
23849 7737
23861 7733
23881 7732
23883 7730
23893 7720
23903 7714
23914 7713
23931 7697
23942 7693
23972 7686
23975 7680
23982 7679
23986 7676
23988 7668
23999 7663
24022 7662
24028 7660
24032 7651
24038 7644
24054 7643
24060 7630
24082 7627
24093 7622
24104 7613
24106 7610
24114 7607
24127 7601
24138 7596
24140 7593
24153 7586
24156 7575
24189 7573
24197 7569
24200 7558
24220 7557
24221 7554
24224 7541
24253 7540
24260 7533
24268 7524
24285 7508
24307 7504
24323 7503
24329 7491
24339 7485
24362 7482
24363 7474
24378 7464
24407 7457
24417 7451
24422 7447
24434 7439
24436 7437
24445 7434
24456 7430
24478 7418
24489 7417
24490 7414
24500 7413
24502 7405
24506 7401
24529 7393
24546 7388
24550 7384
24552 7381
24563 7372
24574 7367
24596 7364
24599 7357
24607 7355
24613 7348
24628 7344
24641 7338
24655 7335
24656 7328
24667 7323
24670 7312
24689 7311
24706 7304
24714 7295
24731 7279
24764 7277
24774 7270
24775 7262
24796 7258
24799 7245
24824 7235
24843 7228
24853 7222
24868 7218
24882 7208
24892 7201
24914 7189
24936 7184
24948 7176
24958 7172
24975 7164
24991 7163
24992 7155
25003 7154
25007 7145
25009 7143
25020 7138
25047 7137
25051 7128
25053 7126
25064 7121
25065 7118
25077 7109
25102 7099
25113 7094
25121 7092
25127 7085
25146 7082
25157 7077
25158 7074
25160 7072
25170 7065
25186 7064
25192 7053
25203 7048
25220 7041
25230 7039
25236 7036
25245 7016
25285 7009
25289 6999
25310 6995
25329 6992
25338 6972
25381 6968
25382 6955
25403 6951
25405 6949
25421 6946
25428 6926
25472 6909
25498 6905
25508 6903
25514 6902
25521 6882
25523 6880
25565 6865
25567 6863
25588 6859
25604 6856
25616 6836
25656 6826
25660 6819
25673 6813
25697 6812
25699 6810
25700 6809
25706 6790
25749 6782
25750 6773
25766 6769
25792 6766
25793 6765
25799 6746
25839 6736
25843 6729
25856 6723
25882 6720
25883 6719
25908 6717
25909 6708
25926 6703
25928 6702
25932 6692
25934 6690
25949 6679
25975 6676
25976 6675
25978 6673
25998 6671
25999 6669
26005 6662
26019 6659
26021 6658
26027 6646
26047 6644
26054 6635
26071 6629
26084 6623
26098 6618
26111 6612
26117 6600
26157 6591
26161 6583
26177 6579
26197 6577
26201 6574
26204 6568
26210 6556
26250 6548
26254 6539
26267 6533
26293 6530
26306 6529
26307 6524
26312 6510
26345 6502
26356 6493
26360 6489
26386 6486
26389 6485
26405 6466
26443 6463
26445 6456
26449 6449
26462 6443
26488 6440
26489 6439
26495 6435
26509 6428
26522 6422
26528 6412
26540 6410
26555 6399
26572 6395
26584 6393
26600 6391
26605 6389
26608 6387
26611 6382
26615 6378
26633 6366
26653 6364
26660 6355
26677 6349
26678 6345
26690 6343
26704 6338
26717 6332
26723 6320
26763 6311
26767 6303
26783 6299
26803 6297
26807 6294
26810 6288
26816 6276
26854 6275
26856 6268
26860 6259
26873 6253
26899 6250
26913 6244
26926 6238
26933 6234
26943 6233
26945 6232
26951 6222
26966 6209
26992 6206
26995 6205
27015 6201
27018 6200
27022 6192
27036 6189
27038 6188
27049 6183
27064 6174
27071 6165
27094 6161
27101 6155
27115 6148
27128 6142
27134 6132
27174 6121
27178 6115
27206 6111
27214 6107
27218 6104
27221 6098
27244 6094
27261 6093
27270 6090
27273 6083
27276 6082
27284 6065
27310 6062
27324 6054
27349 6050
27354 6045
27356 6044
27376 6040
27378 6039
27380 6037
27382 6030
27389 6021
27419 6018
27426 6013
27429 6010
27433 6004
27444 6003
27459 6000
27460 5995
27473 5993
27485 5987
27488 5986
27492 5977
27528 5972
27531 5971
27532 5963
27534 5960
27537 5959
27539 5954
27565 5951
27578 5943
27581 5942
27591 5937
27594 5936
27609 5934
27620 5933
27631 5928
27634 5927
27637 5919
27642 5910
27668 5907
27669 5906
27672 5905
27681 5902
27684 5893
27687 5892
27712 5890
27713 5889
27715 5884
27722 5881
27737 5874
27747 5866
27766 5864
27777 5863
27781 5857
27787 5852
27789 5849
27792 5848
27809 5847
27812 5845
27815 5844
27818 5840
27819 5839
27822 5838
27833 5832
27836 5831
27846 5826
27849 5825
27852 5816
27855 5815
27872 5814
27887 5807
27892 5805
27895 5804
27896 5799
27899 5798
27923 5796
27924 5795
27927 5794
27932 5791
27935 5790
27936 5788
27939 5782
27942 5781
27962 5778
27965 5777
27977 5770
27992 5763
28002 5749
28005 5748
28031 5745
28042 5738
28045 5737
28067 5734
28070 5733
28073 5729
28074 5728
28077 5727
28080 5726
28094 5724
28095 5719
28100 5714
28103 5713
28107 5705
28110 5704
28127 5703
28137 5702
28142 5696
28147 5694
28150 5693
28151 5688
28154 5687
28177 5684
28180 5683
28181 5678
28191 5677
28194 5676
28204 5671
28206 5670
28210 5661
28213 5660
28230 5659
28245 5652
28250 5647
28253 5646
28254 5644
28255 5643
28257 5638
28260 5637
28286 5634
28297 5627
28299 5626
28312 5620
28330 5617
28335 5615
28350 5608
28355 5603
28358 5602
28360 5594
28363 5593
28389 5590
28390 5589
28399 5586
28402 5585
28405 5576
28432 5573
28434 5572
28436 5567
28440 5565
28443 5564
28455 5558
28465 5550
28468 5549
28484 5548
28487 5547
28499 5541
28505 5536
28508 5535
28509 5533
28510 5532
28527 5531
28530 5530
28533 5528
28539 5523
28540 5522
28554 5515
28567 5509
28573 5499
28590 5498
28593 5497
28605 5491
28613 5488
28615 5483
28617 5482
28644 5479
28645 5478
28653 5474
28657 5471
28660 5465
28683 5461
28695 5454
28698 5453
28710 5447
28723 5432
28754 5430
28763 5421
28788 5417
28794 5412
28795 5411
28798 5410
28801 5409
28813 5403
28821 5397
28828 5388
28845 5387
28848 5386
28860 5380
28868 5377
28872 5371
28898 5367
28908 5363
28912 5360
28925 5354
28931 5344
28948 5343
28951 5342
28963 5336
28971 5330
28975 5327
28978 5321
29011 5319
29018 5310
29037 5308
29041 5306
29053 5299
29056 5298
29068 5292
29076 5286
29081 5277
29112 5275
29120 5269
29142 5264
29146 5262
29153 5256
29161 5248
29179 5242
29186 5233
29203 5232
29205 5231
29218 5225
29226 5219
29230 5216
29248 5214
29266 5208
29285 5206
29289 5203
29292 5197
29296 5195
29311 5181
29329 5175
29336 5166
29382 5161
29383 5160
29395 5153
29414 5152
29416 5137
29434 5131
29456 5126
29460 5120
29478 5114
29500 5109
29505 5108
29513 5103
29519 5093
29544 5092
29562 5090
29563 5076
29566 5070
29584 5064
29606 5059
29625 5057
29629 5055
29643 5051
29650 5042
29669 5026
29721 5020
29730 5013
29734 5011
29741 5005
29770 5002
29774 4982
29818 4965
29867 4964
29877 4952
29880 4946
29884 4944
29898 4940
29917 4939
29920 4935
29924 4915
29983 4902
30002 4901
30034 4897
30035 4896
30038 4885
30055 4881
30064 4876
30079 4865
30088 4858
30093 4857
30132 4841
30151 4840
30154 4835
30187 4830
30198 4820
30207 4815
30238 4791
30257 4790
30301 4783
30318 4778
30323 4777
30347 4776
30348 4773
30352 4761
30371 4758
30376 4757
30378 4752
30393 4741
30407 4733
30426 4732
30454 4723
30468 4711
30487 4710
30501 4706
30520 4696
30521 4691
30540 4690
30558 4685
30562 4683
30572 4681
30576 4680
30585 4677
30604 4676
30608 4672
30623 4665
30634 4663
30637 4653
30656 4652
30670 4648
30675 4646
30676 4641
30689 4638
30690 4633
30709 4632
30727 4627
30728 4625
30737 4623
30745 4622
30750 4616
30769 4615
30777 4614
30780 4610
30784 4606
30788 4605
30803 4596
30814 4586
30833 4585
30845 4583
30859 4580
30864 4566
30883 4565
30919 4558
30928 4556
30944 4553
30949 4552
30953 4548
30954 4547
30958 4545
30969 4536
30983 4528
31002 4527
31011 4525
31019 4516
31033 4508
31044 4506
31063 4505
31077 4501
31094 4486
31113 4485
31127 4481
31134 4480
31138 4478
31146 4471
31147 4466
31166 4465
31184 4460
31188 4458
31198 4456
31202 4455
31211 4452
31213 4448
31232 4447
31246 4443
31251 4441
31252 4436
31263 4428
31282 4427
31296 4423
31301 4421
31302 4416
31315 4413
31316 4408
31335 4407
31353 4402
31357 4401
31364 4400
31367 4398
31371 4397
31376 4391
31395 4390
31403 4389
31410 4381
31414 4380
31421 4378
31429 4371
31448 4370
31456 4369
31466 4365
31467 4360
31471 4358
31485 4355
31494 4352
31513 4351
31518 4350
31522 4348
31526 4343
31533 4342
31534 4341
31545 4333
31564 4332
31565 4331
31572 4330
31579 4323
31583 4322
31584 4321
31598 4313
31617 4312
31622 4310
31635 4307
31636 4302
31654 4297
31663 4294
31682 4293
31687 4292
31691 4291
31693 4290
31694 4285
31703 4283
31722 4282
31726 4278
31730 4275
31734 4273
31741 4272
31748 4270
31749 4265
31753 4263
31772 4262
31786 4261
31790 4257
31791 4252
31805 4249
31809 4247
31814 4246
31818 4244
31837 4243
31839 4241
31846 4237
31849 4235
31862 4232
31863 4227
31882 4226
31885 4225
31893 4224
31899 4217
31904 4215
31917 4212
31918 4207
31937 4206
31955 4203
31957 4200
31960 4199
31964 4198
31968 4197
31969 4196
31974 4191
31976 4190
31983 4188
32002 4187
32008 4183
32014 4179
32018 4177
32032 4174
32041 4171
32054 4167
32068 4164
32072 4162
32073 4157
32092 4152
32111 4151
32112 4150
32119 4148
32124 4147
32126 4142
32129 4141
32131 4140
32138 4138
32145 4132
32164 4131
32169 4129
32181 4128
32182 4126
32183 4121
32201 4116
32210 4113
32229 4112
32234 4111
32237 4106
32243 4104
32250 4102
32269 4101
32273 4097
32277 4094
32281 4092
32288 4091
32295 4089
32296 4084
32300 4082
32319 4081
32332 4080
32337 4076
32338 4071
32352 4068
32356 4066
32361 4065
32365 4063
32384 4062
32386 4060
32392 4056
32401 4054
32411 4051
32412 4046
32431 4045
32432 4044
32440 4043
32446 4036
32451 4034
32464 4031
32465 4026
32484 4025
32501 4022
32507 4018
32511 4017
32516 4015
32521 4010
32530 4007
32549 4006
32555 4002
32569 4000
32570 3996
32587 3995
32596 3992
32601 3986
32615 3983
32619 3981
32620 3976
32639 3975
32658 3973
32660 3972
32661 3971
32666 3967
32671 3966
32676 3960
32685 3957
32704 3956
32710 3952
32724 3949
32728 3947
32731 3945
32740 3942
32759 3941
32760 3937
32766 3936
32767 3934
32770 3933
32784 3925
32803 3924
32805 3923
32816 3921
32823 3918
32828 3915
32832 3914
32837 3912
32840 3911
32849 3906
32851 3905
32870 3904
32874 3901
32879 3899
32889 3895
32893 3891
32907 3889
32916 3886
32922 3884
32935 3883
32939 3875
32958 3872
32977 3871
32978 3867
32983 3865
32987 3864
32992 3862
32998 3861
33004 3856
33006 3855
33025 3854
33029 3851
33043 3848
33047 3846
33048 3841
33062 3839
33071 3836
33081 3834
33086 3833
33094 3832
33096 3831
33104 3825
33113 3822
33126 3821
33133 3817
33146 3815
33151 3814
33153 3813
33156 3811
33159 3810
33168 3807
33170 3804
33188 3802
33189 3801
33195 3799
33198 3798
33209 3797
33212 3790
33231 3789
33233 3788
33235 3785
33241 3783
33256 3780
33260 3779
33265 3777
33275 3774
33277 3771
33279 3770
33297 3766
33306 3764
33308 3763
33311 3761
33317 3760
33323 3757
33325 3754
33344 3751
33350 3749
33362 3747
33364 3746
33367 3740
33386 3739
33388 3738
33390 3735
33400 3733
33406 3732
33411 3730
33415 3729
33420 3727
33432 3721
33434 3720
33452 3716
33465 3714
33467 3713
33472 3712
33480 3710
33490 3704
33499 3701
33514 3698
33517 3697
33519 3696
33532 3694
33537 3693
33542 3690
33545 3689
33554 3686
33556 3685
33561 3682
33574 3681
33575 3680
33579 3679
33581 3678
33584 3676
33594 3675
33597 3674
33598 3669
33617 3666
33626 3663
33627 3662
33642 3659
33646 3658
33651 3656
33661 3655
33663 3650
33669 3648
33683 3645
33692 3643
33697 3640
33703 3639
33709 3636
33711 3635
33725 3631
33734 3629
33736 3628
33739 3626
33753 3619
33772 3618
33774 3617
33776 3616
33786 3612
33792 3611
33797 3609
33801 3608
33806 3606
33818 3600
33836 3598
33838 3595
33851 3593
33857 3592
33863 3590
33866 3589
33876 3588
33879 3587
33880 3581
33893 3580
33900 3577
33903 3576
33913 3574
33924 3571
33928 3570
33933 3568
33944 3567
33945 3562
33947 3561
33965 3558
33970 3555
33980 3554
33983 3553
33993 3551
33999 3548
34003 3545
34012 3542
34027 3539
34036 3538
34041 3534
34055 3527
34069 3526
34075 3525
34078 3524
34081 3522
34083 3521
34088 3520
34094 3519
34097 3517
34103 3516
34108 3514
34111 3510
34120 3508
34125 3505
34140 3503
34153 3501
34155 3500
34158 3498
34164 3497
34173 3494
34176 3491
34182 3489
34195 3488
34202 3487
34205 3484
34210 3481
34216 3480
34222 3477
34224 3476
34243 3475
34245 3474
34247 3470
34249 3469
34252 3467
34265 3466
34266 3460
34285 3459
34287 3458
34289 3457
34299 3453
34310 3450
34314 3449
34319 3447
34331 3441
34350 3440
34354 3438
34364 3434
34374 3433
34379 3430
34385 3429
34392 3428
34399 3425
34406 3421
34413 3418
34427 3413
34441 3412
34446 3411
34454 3410
34457 3408
34460 3406
34466 3405
34469 3404
34471 3402
34478 3399
34483 3396
34496 3394
34506 3393
34511 3392
34512 3389
34518 3388
34526 3384
34539 3383
34546 3382
34548 3380
34552 3379
34554 3375
34567 3374
34568 3368
34587 3367
34588 3366
34591 3365
34594 3363
34596 3362
34601 3361
34612 3358
34616 3357
34621 3355
34633 3349
34638 3346
34657 3345
34661 3343
34666 3342
34671 3339
34681 3338
34686 3335
34705 3334
34708 3329
34718 3327
34731 3326
34732 3324
34736 3323
34741 3322
34743 3320
34746 3319
34752 3318
34758 3315
34760 3314
34771 3312
34773 3310
34778 3307
34785 3304
34798 3302
34802 3298
34818 3297
34823 3296
34825 3295
34833 3293
34835 3291
34846 3288
34850 3287
34855 3285
34863 3283
34867 3279
34886 3278
34890 3274
34898 3270
34915 3268
34921 3267
34925 3265
34928 3264
34933 3261
34940 3254
34959 3253
34963 3251
34973 3247
34988 3243
35005 3242
35007 3240
35014 3237
35019 3234
35032 3232
35038 3231
35047 3230
35048 3227
35054 3226
35062 3222
35080 3215
35090 3213
35103 3212
35104 3206
35123 3205
35124 3204
35127 3203
35130 3201
35132 3200
35137 3199
35148 3196
35152 3195
35157 3193
35169 3187
35174 3184
35193 3183
35202 3180
35207 3177
35217 3176
35222 3173
35235 3169
35244 3167
35255 3166
35264 3165
35267 3164
35268 3162
35272 3161
35277 3160
35279 3158
35288 3157
35292 3156
35297 3154
35307 3150
35309 3148
35314 3145
35321 3142
35334 3140
35347 3138
35354 3135
35362 3134
35367 3133
35369 3131
35375 3130
35382 3129
35384 3128
35387 3127
35399 3121
35404 3118
35423 3117
35425 3116
35426 3112
35434 3108
35452 3107
35459 3105
35461 3103
35464 3102
35469 3099
35476 3092
35495 3091
35509 3085
35524 3081
35543 3080
35544 3079
35551 3076
35557 3074
35566 3073
35574 3069
35592 3068
35599 3065
35604 3063
35609 3060
35616 3053
35635 3052
35649 3046
35664 3042
35683 3041
35689 3039
35691 3037
35694 3036
35697 3035
35699 3033
35706 3026
35725 3025
35729 3023
35739 3019
35754 3015
35771 3007
35790 3006
35804 3000
35819 2996
35838 2995
35839 2994
35846 2987
35865 2986
35869 2984
35879 2980
35894 2976
35911 2968
35930 2967
35944 2961
35959 2957
35978 2956
35984 2954
35986 2952
35992 2950
36001 2941
36020 2940
36034 2934
36049 2930
36068 2929
36082 2923
36091 2922
36099 2918
36118 2917
36124 2915
36133 2913
36139 2911
36141 2902
36160 2901
36174 2895
36189 2891
36208 2890
36222 2884
36240 2881
36259 2880
36265 2872
36284 2871
36298 2865
36313 2861
36332 2860
36346 2854
36355 2853
36363 2849
36382 2848
36388 2846
36397 2844
36403 2842
36405 2833
36424 2832
36438 2826
36453 2822
36472 2821
36486 2815
36504 2812
36523 2811
36526 2810
36537 2805
36556 2804
36568 2802
36575 2798
36590 2794
36609 2793
36619 2792
36620 2787
36629 2786
36640 2782
36653 2780
36662 2779
36668 2776
36671 2772
36682 2766
36701 2765
36710 2760
36715 2759
36730 2755
36743 2753
36761 2750
36763 2748
36769 2747
36780 2744
36794 2743
36795 2742
36800 2741
36802 2740
36808 2737
36817 2736
36828 2733
36843 2731
36844 2730
36850 2721
36869 2720
36883 2714
36901 2711
36920 2710
36932 2707
36934 2704
36935 2703
36954 2702
36968 2696
36974 2691
36993 2690
37007 2684
37025 2681
37044 2675
37058 2674
37064 2672
37072 2668
37091 2667
37092 2664
37108 2661
37114 2652
37133 2651
37147 2645
37165 2642
37184 2641
37187 2640
37198 2635
37217 2634
37229 2632
37238 2630
37245 2629
37247 2628
37251 2624
37270 2623
37280 2622
37284 2617
37302 2614
37321 2608
37335 2607
37338 2605
37349 2601
37368 2600
37369 2597
37380 2591
37391 2585
37410 2584
37424 2578
37442 2575
37461 2574
37464 2573
37475 2568
37478 2566
37489 2563
37504 2561
37511 2559
37522 2556
37537 2554
37540 2553
37555 2551
37562 2549
37573 2546
37574 2545
37588 2544
37594 2542
37602 2538
37613 2533
37616 2532
37635 2531
37644 2522
37663 2521
37677 2515
37695 2512
37711 2510
37726 2508
37728 2505
37747 2503
37753 2494
37772 2493
37786 2487
37804 2484
37823 2483
37826 2482
37837 2477
37856 2476
37868 2475
37877 2472
37879 2471
37886 2470
37890 2466
37909 2465
37915 2464
37921 2455
37940 2454
37954 2448
37972 2445
37988 2443
38005 2438
38008 2436
38019 2433
38030 2427
38049 2426
38063 2420
38081 2417
38100 2416
38103 2415
38114 2410
38117 2408
38136 2407
38143 2403
38146 2402
38150 2401
38168 2398
38176 2396
38179 2395
38194 2393
38197 2392
38201 2391
38213 2390
38227 2386
38230 2385
38233 2384
38241 2380
38255 2374
38274 2373
38283 2364
38302 2363
38316 2357
38334 2354
38353 2353
38356 2352
38367 2347
38386 2346
38407 2342
38416 2340
38420 2336
38439 2335
38453 2329
38471 2326
38481 2325
38493 2324
38504 2319
38507 2317
38510 2316
38518 2313
38537 2312
38540 2310
38543 2309
38552 2307
38554 2306
38560 2297
38579 2296
38593 2290
38611 2287
38630 2286
38633 2285
38644 2280
38647 2278
38666 2277
38678 2276
38680 2271
38698 2268
38717 2267
38720 2266
38731 2261
38743 2260
38762 2259
38768 2257
38771 2256
38777 2254
38779 2253
38785 2244
38804 2243
38818 2237
38836 2234
38855 2233
38858 2232
38869 2227
38888 2226
38909 2222
38918 2220
38924 2218
38936 2217
38943 2216
38957 2211
38962 2210
38975 2208
38992 2207
38995 2203
39008 2201
39009 2197
39028 2196
39042 2190
39060 2187
39079 2186
39082 2184
39093 2180
39099 2178
39107 2174
39126 2173
39132 2171
39141 2168
39143 2167
39149 2158
39168 2157
39182 2151
39200 2148
39219 2147
39222 2146
39233 2141
39252 2140
39273 2136
39289 2133
39307 2130
39324 2128
39334 2127
39340 2123
39359 2122
39373 2118
39378 2116
39397 2115
39406 2111
39411 2109
39424 2108
39429 2106
39444 2103
39457 2101
39462 2099
39471 2095
39488 2094
39496 2092
39501 2091
39505 2089
39507 2088
39509 2087
39513 2079
39530 2078
39546 2072
39551 2071
39564 2069
39581 2068
39584 2064
39597 2062
39614 2061
39624 2059
39637 2057
39654 2056
39658 2053
39677 2052
39678 2051
39688 2049
39691 2046
39710 2045
39711 2044
39712 2043
39726 2041
39736 2040
39739 2039
39740 2035
39759 2034
39765 2033
39773 2028
39791 2025
39808 2024
39813 2022
39824 2018
39830 2016
39838 2012
39857 2011
39863 2009
39872 2006
39874 2005
39880 1996
39899 1995
39913 1989
39931 1986
39948 1985
39953 1984
39964 1979
39983 1978
40004 1974
40020 1971
40038 1968
40057 1967
40060 1966
40065 1965
40071 1961
40090 1960
40096 1959
40104 1956
40116 1955
40129 1954
40137 1949
40142 1948
40155 1946
40172 1945
40175 1941
40188 1939
40194 1937
40202 1933
40219 1932
40227 1930
40232 1929
40236 1927
40238 1926
40240 1925
40244 1917
40261 1916
40277 1910
40282 1909
40295 1907
40312 1906
40315 1902
40328 1900
40345 1899
40355 1897
40368 1895
40385 1894
40389 1891
40408 1890
40409 1889
40419 1888
40422 1884
40441 1883
40442 1882
40443 1881
40460 1880
40462 1879
40467 1878
40476 1874
40495 1873
40496 1871
40506 1869
40523 1868
40529 1864
40539 1862
40547 1861
40564 1860
40569 1859
40575 1857
40580 1854
40583 1853
40596 1850
40604 1846
40621 1845
40625 1837
40644 1836
40646 1830
40663 1829
40676 1827
40679 1823
40696 1822
40709 1820
40719 1818
40736 1817
40749 1815
40756 1812
40770 1811
40789 1805
40794 1804
40807 1802
40824 1801
40827 1797
40840 1795
40857 1794
40860 1792
40877 1791
40880 1790
40887 1789
40893 1785
40898 1784
40911 1782
40928 1781
40931 1777
40944 1775
40961 1774
40977 1770
40985 1766
41004 1765
41010 1763
41016 1762
41019 1760
41021 1759
41027 1750
41046 1749
41060 1743
41079 1742
41100 1738
41119 1737
41137 1732
41156 1731
41158 1725
41175 1724
41188 1722
41191 1718
41208 1717
41221 1715
41231 1713
41241 1712
41257 1711
41261 1710
41262 1705
41279 1704
41292 1702
41295 1698
41312 1697
41325 1695
41343 1694
41360 1693
41372 1687
41386 1686
41399 1684
41405 1680
41410 1679
41423 1677
41440 1676
41443 1672
41456 1670
41473 1669
41489 1665
41497 1661
41516 1660
41522 1658
41528 1657
41531 1655
41533 1654
41539 1645
41558 1644
41572 1638
41591 1637
41612 1633
41631 1632
41638 1631
41643 1625
41662 1624
41676 1618
41695 1617
41718 1616
41724 1614
41736 1613
41753 1607
41769 1606
41774 1600
41791 1599
41804 1597
41807 1593
41824 1592
41837 1590
41856 1589
41878 1588
41889 1587
41898 1581
41917 1580
41918 1579
41926 1576
41931 1574
41950 1573
41951 1572
41959 1569
41976 1568
41989 1566
42008 1565
42009 1563
42015 1559
42034 1558
42048 1552
42067 1551
42075 1549
42094 1548
42100 1546
42101 1545
42105 1540
42113 1536
42117 1533
42136 1532
42147 1530
42149 1529
42150 1526
42155 1520
42174 1519
42188 1513
42207 1512
42230 1511
42249 1510
42270 1507
42289 1506
42301 1505
42303 1500
42307 1496
42326 1495
42340 1489
42359 1488
42382 1487
42390 1483
42409 1482
42455 1476
42474 1475
42494 1473
42504 1470
42523 1469
42546 1468
42554 1464
42569 1462
42588 1461
42598 1457
42602 1455
42621 1454
42669 1451
42684 1449
42696 1447
42713 1444
42717 1440
42736 1439
42750 1433
42769 1432
42792 1431
42800 1427
42819 1426
42865 1420
42884 1419
42892 1416
42911 1415
42914 1414
42925 1409
42944 1408
42967 1407
42975 1403
42994 1402
43012 1399
43031 1398
43040 1396
43059 1395
43079 1393
43089 1390
43108 1389
43127 1386
43139 1384
43154 1382
43173 1381
43176 1380
43183 1377
43187 1375
43206 1374
43254 1371
43269 1369
43281 1367
43298 1364
43302 1360
43321 1359
43335 1353
43354 1352
43377 1351
43385 1347
43404 1346
43450 1340
43469 1339
43489 1337
43499 1334
43518 1333
43541 1332
43549 1328
43564 1326
43583 1325
43597 1319
43616 1318
43664 1315
43679 1313
43691 1311
43710 1310
43712 1306
43731 1305
43760 1304
43761 1300
43780 1299
43806 1298
43825 1297
43843 1294
43855 1292
43874 1291
43876 1287
43895 1286
43920 1284
43939 1283
43953 1277
43972 1276
44020 1273
44035 1271
44054 1270
44068 1264
44087 1263
44117 1258
44136 1257
44182 1256
44199 1252
44218 1251
44223 1250
44232 1245
44251 1244
44291 1243
44316 1242
44346 1237
44365 1236
44387 1231
44406 1230
44451 1229
44461 1224
44480 1223
44519 1222
44545 1221
44564 1220
44569 1219
44577 1217
44578 1214
44597 1213
44615 1210
44634 1209
44674 1208
44700 1207
44719 1206
44733 1200
44752 1199
44770 1196
44789 1195
44864 1194
44927 1189
44946 1188
44960 1182
44979 1181
45116 1179
45135 1178
45210 1177
45273 1172
45292 1171
45306 1165
45325 1164
