50
0 1 505 962
0 2 730 413
0 3 286 252
0 4 840 75
0 5 90 544
0 6 26 607
0 7 943 306
0 8 447 672
0 9 199 235
0 10 872 494
0 11 898 217
0 12 444 695
0 13 19 856
0 14 626 706
0 15 757 256
0 16 894 654
0 17 533 118
0 18 396 753
0 19 739 123
0 20 741 531
0 21 931 139
0 22 285 615
0 23 758 564
0 24 252 912
0 25 745 526
0 26 333 314
0 27 474 976
0 28 471 711
0 29 281 531
0 30 394 652
0 31 626 58
0 32 961 47
0 33 614 109
0 34 700 567
0 35 733 297
0 36 849 29
0 37 803 323
0 38 862 70
0 39 605 868
0 40 527 176
0 41 496 209
0 42 785 349
0 43 656 282
0 44 296 490
0 45 775 837
0 46 965 84
0 47 559 169
0 48 883 767
0 49 11 979
1 2 843 409
1 3 473 571
1 4 655 616
1 5 618 881
1 6 108 779
1 7 831 74
1 8 119 626
1 9 228 296
1 10 400 613
1 11 576 504
1 12 86 721
1 13 482 266
1 14 695 708
1 15 130 446
1 16 571 386
1 17 913 179
1 18 148 346
1 19 630 215
1 20 707 297
1 21 720 584
1 22 144 229
1 23 500 502
1 24 42 665
1 25 553 533
1 26 255 786
1 27 51 212
1 28 466 642
1 29 973 330
1 30 500 535
1 31 465 333
1 32 392 113
1 33 816 789
1 34 534 261
1 35 40 959
1 36 154 514
1 37 714 152
1 38 755 490
1 39 1000 8
1 40 672 560
1 41 909 134
1 42 986 597
1 43 175 944
1 44 313 136
1 45 392 625
1 46 690 137
1 47 988 420
1 48 297 709
1 49 345 235
2 3 64 919
2 4 683 313
2 5 972 10
2 6 236 507
2 7 532 321
2 8 562 896
2 9 679 863
2 10 141 77
2 11 599 556
2 12 1 989
2 13 928 830
2 14 600 398
2 15 138 718
2 16 465 41
2 17 300 369
2 18 115 594
2 19 337 662
2 20 97 644
2 21 984 172
2 22 71 932
2 23 39 949
2 24 300 811
2 25 694 655
2 26 325 119
2 27 915 420
2 28 556 596
2 29 677 806
2 30 671 440
2 31 306 868
2 32 78 446
2 33 773 184
2 34 313 749
2 35 748 412
2 36 549 708
2 37 4 832
2 38 840 9
2 39 622 59
2 40 295 585
2 41 580 449
2 42 927 712
2 43 598 714
2 44 265 897
2 45 796 485
2 46 883 53
2 47 688 268
2 48 658 259
2 49 348 632
3 4 546 735
3 5 132 448
3 6 193 480
3 7 973 250
3 8 547 494
3 9 716 55
3 10 359 781
3 11 305 121
3 12 247 811
3 13 349 73
3 14 255 912
3 15 718 372
3 16 103 805
3 17 945 838
3 18 921 699
3 19 542 627
3 20 286 119
3 21 740 662
3 22 735 345
3 23 106 869
3 24 826 121
3 25 186 905
3 26 859 193
3 27 441 741
3 28 117 968
3 29 831 118
3 30 466 295
3 31 438 927
3 32 510 683
3 33 111 210
3 34 330 851
3 35 953 897
3 36 875 158
3 37 441 714
3 38 135 400
3 39 329 529
3 40 867 176
3 41 986 456
3 42 737 882
3 43 853 28
3 44 1000 241
3 45 625 785
3 46 13 940
3 47 29 978
3 48 793 609
3 49 19 833
4 5 938 401
4 6 321 348
4 7 874 366
4 8 633 662
4 9 964 315
4 10 151 946
4 11 80 630
4 12 970 404
4 13 826 511
4 14 864 330
4 15 20 799
4 16 450 359
4 17 588 387
4 18 284 371
4 19 610 42
4 20 559 232
4 21 761 53
4 22 461 427
4 23 573 103
4 24 529 117
4 25 812 226
4 26 310 605
4 27 42 98
4 28 618 431
4 29 880 154
4 30 918 135
4 31 527 231
4 32 318 746
4 33 670 51
4 34 881 97
4 35 351 376
4 36 373 468
4 37 20 881
4 38 506 610
4 39 824 46
4 40 481 402
4 41 487 340
4 42 525 557
4 43 659 85
4 44 922 506
4 45 140 319
4 46 887 363
4 47 642 677
4 48 862 301
4 49 889 21
5 6 486 461
5 7 37 929
5 8 919 901
5 9 427 249
5 10 144 616
5 11 764 96
5 12 404 863
5 13 151 738
5 14 472 398
5 15 806 89
5 16 881 244
5 17 612 337
5 18 662 843
5 19 695 833
5 20 335 473
5 21 355 181
5 22 404 357
5 23 23 766
5 24 296 895
5 25 900 10
5 26 536 684
5 27 620 235
5 28 933 550
5 29 622 587
5 30 608 67
5 31 529 645
5 32 187 537
5 33 623 940
5 34 61 772
5 35 924 49
5 36 763 270
5 37 912 63
5 38 793 38
5 39 613 462
5 40 703 759
5 41 230 287
5 42 913 692
5 43 3 605
5 44 594 872
5 45 38 887
5 46 536 542
5 47 312 920
5 48 922 25
5 49 767 545
6 7 567 351
6 8 619 631
6 9 677 318
6 10 982 306
6 11 144 215
6 12 978 722
6 13 234 382
6 14 599 347
6 15 100 887
6 16 35 998
6 17 22 745
6 18 682 475
6 19 630 927
6 20 749 369
6 21 512 317
6 22 873 164
6 23 180 152
6 24 354 672
6 25 553 801
6 26 6 986
6 27 263 760
6 28 819 329
6 29 960 64
6 30 842 179
6 31 898 85
6 32 134 932
6 33 528 805
6 34 217 805
6 35 629 85
6 36 478 677
6 37 118 956
6 38 290 810
6 39 239 782
6 40 551 884
6 41 912 33
6 42 157 695
6 43 109 565
6 44 85 990
6 45 406 831
6 46 777 636
6 47 202 464
6 48 284 557
6 49 854 154
7 8 717 584
7 9 945 271
7 10 335 700
7 11 442 549
7 12 180 229
7 13 772 909
7 14 274 467
7 15 11 980
7 16 40 973
7 17 302 281
7 18 649 485
7 19 539 499
7 20 334 354
7 21 529 303
7 22 434 980
7 23 37 755
7 24 339 149
7 25 124 401
7 26 965 30
7 27 130 804
7 28 400 21
7 29 800 775
7 30 134 721
7 31 142 794
7 32 904 252
7 33 100 60
7 34 432 616
7 35 883 21
7 36 71 367
7 37 466 840
7 38 987 97
7 39 168 577
7 40 841 70
7 41 741 630
7 42 763 107
7 43 829 572
7 44 717 549
7 45 721 389
7 46 2 960
7 47 711 143
7 48 41 958
7 49 238 653
8 9 68 623
8 10 902 743
8 11 735 384
8 12 979 390
8 13 648 593
8 14 869 58
8 15 371 69
8 16 130 549
8 17 818 878
8 18 691 609
8 19 105 870
8 20 89 998
8 21 859 372
8 22 610 102
8 23 779 783
8 24 381 211
8 25 819 834
8 26 247 381
8 27 528 736
8 28 319 710
8 29 59 727
8 30 621 278
8 31 165 559
8 32 502 191
8 33 152 683
8 34 826 360
8 35 689 59
8 36 349 864
8 37 497 327
8 38 489 476
8 39 510 671
8 40 29 727
8 41 743 182
8 42 313 765
8 43 895 179
8 44 595 138
8 45 217 587
8 46 23 858
8 47 955 15
8 48 495 54
8 49 600 572
9 10 752 190
9 11 768 745
9 12 874 275
9 13 796 50
9 14 245 945
9 15 621 443
9 16 102 420
9 17 27 996
9 18 659 487
9 19 502 275
9 20 756 97
9 21 772 20
9 22 331 846
9 23 125 732
9 24 677 36
9 25 677 35
9 26 502 758
9 27 230 723
9 28 976 429
9 29 716 211
9 30 228 597
9 31 236 606
9 32 6 957
9 33 835 513
9 34 214 788
9 35 818 583
9 36 204 898
9 37 304 143
9 38 878 163
9 39 734 166
9 40 605 321
9 41 386 490
9 42 398 230
9 43 107 941
9 44 801 187
9 45 692 49
9 46 722 896
9 47 196 388
9 48 349 870
9 49 930 387
10 11 987 317
10 12 614 88
10 13 290 798
10 14 707 465
10 15 847 436
10 16 311 980
10 17 686 509
10 18 601 964
10 19 49 852
10 20 160 499
10 21 536 484
10 22 124 588
10 23 339 380
10 24 776 305
10 25 240 184
10 26 3 969
10 27 246 114
10 28 480 399
10 29 345 446
10 30 512 596
10 31 596 257
10 32 113 646
10 33 804 429
10 34 291 765
10 35 903 119
10 36 967 97
10 37 1 1000
10 38 154 659
10 39 17 995
10 40 745 794
10 41 187 482
10 42 298 865
10 43 633 236
10 44 584 21
10 45 872 278
10 46 874 586
10 47 264 859
10 48 518 839
10 49 174 77
11 12 947 684
11 13 135 778
11 14 935 413
11 15 87 876
11 16 556 485
11 17 699 847
11 18 847 205
11 19 58 959
11 20 538 671
11 21 597 344
11 22 82 660
11 23 584 841
11 24 930 142
11 25 485 594
11 26 669 562
11 27 535 980
11 28 957 651
11 29 390 779
11 30 614 196
11 31 263 269
11 32 817 324
11 33 611 192
11 34 962 255
11 35 676 166
11 36 245 155
11 37 342 373
11 38 31 931
11 39 470 980
11 40 162 240
11 41 706 434
11 42 524 409
11 43 669 291
11 44 631 186
11 45 912 137
11 46 798 772
11 47 185 535
11 48 368 182
11 49 263 320
12 13 430 673
12 14 80 645
12 15 351 84
12 16 640 373
12 17 232 672
12 18 238 879
12 19 197 222
12 20 191 678
12 21 469 626
12 22 632 842
12 23 7 994
12 24 507 502
12 25 865 838
12 26 873 243
12 27 96 109
12 28 383 490
12 29 987 478
12 30 370 424
12 31 669 764
12 32 55 858
12 33 603 157
12 34 930 129
12 35 286 967
12 36 576 29
12 37 985 48
12 38 135 831
12 39 348 338
12 40 125 610
12 41 255 774
12 42 20 415
12 43 693 26
12 44 857 705
12 45 958 66
12 46 883 422
12 47 711 822
12 48 454 902
12 49 71 894
13 14 435 822
13 15 146 721
13 16 904 491
13 17 683 599
13 18 88 494
13 19 763 126
13 20 970 145
13 21 132 983
13 22 965 59
13 23 334 557
13 24 353 294
13 25 308 173
13 26 473 5
13 27 656 549
13 28 326 579
13 29 290 249
13 30 291 582
13 31 575 701
13 32 954 562
13 33 716 619
13 34 675 982
13 35 394 476
13 36 140 727
13 37 562 344
13 38 636 910
13 39 767 264
13 40 322 564
13 41 201 498
13 42 985 143
13 43 574 172
13 44 670 138
13 45 322 450
13 46 145 825
13 47 978 109
13 48 229 915
13 49 837 554
14 15 501 515
14 16 551 334
14 17 492 252
14 18 88 796
14 19 821 234
14 20 31 772
14 21 818 146
14 22 252 71
14 23 252 674
14 24 914 159
14 25 339 307
14 26 165 870
14 27 758 278
14 28 974 167
14 29 842 281
14 30 147 986
14 31 53 675
14 32 418 812
14 33 9 992
14 34 504 147
14 35 108 581
14 36 688 683
14 37 943 127
14 38 931 92
14 39 836 40
14 40 637 151
14 41 719 160
14 42 777 980
14 43 118 457
14 44 539 433
14 45 16 943
14 46 545 348
14 47 556 131
14 48 146 982
14 49 196 797
15 16 454 495
15 17 83 850
15 18 71 628
15 19 339 544
15 20 954 297
15 21 605 891
15 22 316 220
15 23 823 190
15 24 656 670
15 25 638 594
15 26 480 83
15 27 365 867
15 28 814 529
15 29 287 940
15 30 54 890
15 31 598 324
15 32 660 686
15 33 61 157
15 34 660 270
15 35 724 654
15 36 934 645
15 37 624 754
15 38 911 144
15 39 499 595
15 40 704 654
15 41 450 565
15 42 364 786
15 43 64 506
15 44 358 467
15 45 485 645
15 46 6 644
15 47 271 706
15 48 511 810
15 49 35 942
16 17 238 703
16 18 715 393
16 19 887 157
16 20 644 598
16 21 932 97
16 22 76 963
16 23 33 996
16 24 111 970
16 25 5 849
16 26 195 459
16 27 2 866
16 28 141 380
16 29 815 207
16 30 260 296
16 31 640 269
16 32 61 508
16 33 259 837
16 34 209 830
16 35 730 392
16 36 901 691
16 37 934 95
16 38 302 491
16 39 264 487
16 40 717 102
16 41 922 146
16 42 797 742
16 43 393 247
16 44 326 652
16 45 448 899
16 46 75 838
16 47 261 998
16 48 925 821
16 49 857 75
17 18 209 948
17 19 131 887
17 20 6 822
17 21 641 716
17 22 984 41
17 23 251 917
17 24 920 68
17 25 674 205
17 26 819 68
17 27 160 755
17 28 263 920
17 29 359 462
17 30 381 704
17 31 354 771
17 32 557 877
17 33 238 678
17 34 790 226
17 35 176 945
17 36 185 934
17 37 656 93
17 38 230 322
17 39 644 165
17 40 988 276
17 41 83 433
17 42 743 125
17 43 854 87
17 44 255 294
17 45 429 583
17 46 896 63
17 47 711 213
17 48 690 672
17 49 138 971
18 19 407 135
18 20 116 853
18 21 973 38
18 22 994 89
18 23 524 640
18 24 137 544
18 25 878 451
18 26 547 691
18 27 687 216
18 28 337 140
18 29 345 229
18 30 160 379
18 31 232 851
18 32 200 800
18 33 384 426
18 34 548 144
18 35 516 781
18 36 597 737
18 37 714 432
18 38 301 333
18 39 625 467
18 40 996 235
18 41 383 380
18 42 556 514
18 43 436 606
18 44 379 914
18 45 319 513
18 46 846 92
18 47 590 770
18 48 564 170
18 49 139 891
19 20 772 616
19 21 666 353
19 22 421 209
19 23 397 414
19 24 584 392
19 25 52 326
19 26 941 66
19 27 154 883
19 28 950 418
19 29 469 923
19 30 254 388
19 31 302 822
19 32 664 227
19 33 654 469
19 34 216 814
19 35 293 975
19 36 370 469
19 37 984 546
19 38 610 438
19 39 897 112
19 40 633 565
19 41 65 812
19 42 541 613
19 43 606 427
19 44 669 783
19 45 114 599
19 46 60 32
19 47 247 169
19 48 959 49
19 49 208 403
20 21 563 597
20 22 401 866
20 23 948 148
20 24 672 291
20 25 747 473
20 26 941 336
20 27 34 245
20 28 980 299
20 29 777 713
20 30 241 464
20 31 583 375
20 32 868 23
20 33 63 556
20 34 622 209
20 35 417 792
20 36 94 481
20 37 245 897
20 38 339 537
20 39 969 289
20 40 551 720
20 41 603 516
20 42 227 444
20 43 464 272
20 44 324 929
20 45 793 197
20 46 789 52
20 47 916 336
20 48 996 106
20 49 790 608
21 22 2 392
21 23 755 132
21 24 742 198
21 25 770 859
21 26 299 715
21 27 1000 3
21 28 735 46
21 29 396 843
21 30 84 663
21 31 118 786
21 32 449 436
21 33 353 264
21 34 693 173
21 35 281 828
21 36 281 624
21 37 210 927
21 38 409 872
21 39 140 742
21 40 680 271
21 41 523 812
21 42 457 245
21 43 446 423
21 44 332 641
21 45 450 921
21 46 393 617
21 47 497 761
21 48 185 624
21 49 467 478
22 23 662 527
22 24 727 315
22 25 706 81
22 26 197 82
22 27 113 946
22 28 504 208
22 29 207 983
22 30 660 34
22 31 81 790
22 32 991 186
22 33 57 577
22 34 377 374
22 35 230 686
22 36 29 837
22 37 257 822
22 38 853 487
22 39 426 937
22 40 468 115
22 41 509 662
22 42 379 114
22 43 955 43
22 44 604 181
22 45 340 259
22 46 538 421
22 47 527 406
22 48 253 441
22 49 974 199
23 24 578 249
23 25 542 590
23 26 287 523
23 27 160 437
23 28 789 280
23 29 156 27
23 30 952 587
23 31 341 894
23 32 607 367
23 33 660 193
23 34 734 959
23 35 853 144
23 36 270 695
23 37 708 541
23 38 335 375
23 39 584 667
23 40 61 315
23 41 705 44
23 42 759 110
23 43 274 148
23 44 99 900
23 45 534 221
23 46 58 577
23 47 975 485
23 48 238 956
23 49 534 170
24 25 566 956
24 26 247 536
24 27 561 603
24 28 901 11
24 29 236 954
24 30 523 259
24 31 168 434
24 32 727 852
24 33 232 485
24 34 226 16
24 35 846 361
24 36 696 224
24 37 976 280
24 38 359 492
24 39 256 472
24 40 273 90
24 41 90 540
24 42 17 861
24 43 719 445
24 44 731 180
24 45 323 451
24 46 335 717
24 47 739 340
24 48 548 201
24 49 580 93
25 26 491 510
25 27 213 808
25 28 486 313
25 29 131 759
25 30 187 793
25 31 764 204
25 32 555 708
25 33 162 154
25 34 867 40
25 35 240 450
25 36 496 636
25 37 428 547
25 38 296 722
25 39 469 366
25 40 346 679
25 41 990 374
25 42 298 485
25 43 255 950
25 44 847 802
25 45 754 316
25 46 882 262
25 47 712 599
25 48 260 43
25 49 667 95
26 27 405 341
26 28 359 419
26 29 145 815
26 30 585 416
26 31 46 507
26 32 419 149
26 33 22 937
26 34 439 828
26 35 366 631
26 36 59 983
26 37 667 935
26 38 514 41
26 39 216 306
26 40 11 927
26 41 993 104
26 42 14 632
26 43 103 968
26 44 729 107
26 45 519 393
26 46 633 270
26 47 307 628
26 48 809 471
26 49 574 442
27 28 241 837
27 29 923 143
27 30 254 125
27 31 665 58
27 32 590 167
27 33 751 107
27 34 197 437
27 35 885 66
27 36 589 763
27 37 633 139
27 38 200 937
27 39 247 913
27 40 390 466
27 41 968 161
27 42 3 790
27 43 710 866
27 44 66 802
27 45 318 726
27 46 295 348
27 47 222 286
27 48 810 635
27 49 464 329
28 29 581 713
28 30 383 476
28 31 736 374
28 32 137 967
28 33 300 269
28 34 663 432
28 35 57 798
28 36 818 20
28 37 38 583
28 38 462 54
28 39 391 272
28 40 957 44
28 41 632 496
28 42 915 121
28 43 113 782
28 44 277 928
28 45 59 915
28 46 107 837
28 47 610 648
28 48 391 454
28 49 925 493
29 30 568 422
29 31 254 520
29 32 658 708
29 33 278 242
29 34 998 76
29 35 259 709
29 36 881 379
29 37 585 70
29 38 804 478
29 39 936 84
29 40 309 453
29 41 704 898
29 42 946 419
29 43 596 665
29 44 376 353
29 45 611 628
29 46 351 261
29 47 356 732
29 48 649 4
29 49 318 658
30 31 207 854
30 32 847 128
30 33 906 273
30 34 381 634
30 35 155 764
30 36 644 352
30 37 177 836
30 38 967 212
30 39 315 78
30 40 327 110
30 41 252 789
30 42 190 611
30 43 71 603
30 44 103 951
30 45 273 967
30 46 135 909
30 47 563 829
30 48 796 349
30 49 608 638
31 32 983 118
31 33 778 546
31 34 741 790
31 35 375 765
31 36 489 395
31 37 99 360
31 38 730 88
31 39 685 743
31 40 221 791
31 41 297 876
31 42 145 191
31 43 614 229
31 44 720 427
31 45 876 95
31 46 688 290
31 47 934 318
31 48 215 950
31 49 272 794
32 33 848 48
32 34 445 820
32 35 342 713
32 36 779 41
32 37 357 544
32 38 124 692
32 39 104 972
32 40 773 11
32 41 583 603
32 42 611 310
32 43 818 332
32 44 907 102
32 45 221 828
32 46 636 320
32 47 847 693
32 48 67 1000
32 49 326 567
33 34 163 873
33 35 698 230
33 36 456 456
33 37 483 244
33 38 696 685
33 39 707 578
33 40 495 503
33 41 441 496
33 42 170 702
33 43 819 222
33 44 22 429
33 45 854 38
33 46 554 191
33 47 788 553
33 48 91 997
33 49 145 924
34 35 757 278
34 36 166 469
34 37 356 940
34 38 960 334
34 39 255 979
34 40 850 623
34 41 998 28
34 42 324 165
34 43 710 548
34 44 415 216
34 45 314 619
34 46 826 561
34 47 86 931
34 48 992 41
34 49 965 275
35 36 303 352
35 37 203 839
35 38 617 236
35 39 152 971
35 40 173 556
35 41 23 977
35 42 859 424
35 43 773 251
35 44 383 757
35 45 498 732
35 46 270 385
35 47 918 389
35 48 604 653
35 49 932 9
36 37 275 123
36 38 11 991
36 39 138 937
36 40 559 843
36 41 867 194
36 42 642 594
36 43 557 745
36 44 992 402
36 45 786 275
36 46 975 28
36 47 849 476
36 48 332 550
36 49 88 692
37 38 864 568
37 39 874 755
37 40 676 299
37 41 701 459
37 42 670 384
37 43 421 889
37 44 883 169
37 45 447 949
37 46 690 594
37 47 491 676
37 48 526 639
37 49 851 476
38 39 808 861
38 40 203 473
38 41 635 838
38 42 821 825
38 43 222 854
38 44 112 524
38 45 849 44
38 46 7 615
38 47 36 844
38 48 97 557
38 49 93 745
39 40 277 750
39 41 858 281
39 42 566 204
39 43 17 930
39 44 10 957
39 45 140 315
39 46 249 478
39 47 689 144
39 48 907 681
39 49 485 741
40 41 706 202
40 42 958 16
40 43 243 988
40 44 504 628
40 45 963 68
40 46 953 338
40 47 91 778
40 48 297 508
40 49 779 332
41 42 472 346
41 43 445 371
41 44 48 876
41 45 622 358
41 46 914 312
41 47 566 468
41 48 364 666
41 49 701 40
42 43 70 558
42 44 46 785
42 45 406 562
42 46 47 485
42 47 201 139
42 48 575 543
42 49 608 788
43 44 118 302
43 45 853 651
43 46 868 205
43 47 560 315
43 48 243 504
43 49 320 122
44 45 625 647
44 46 454 443
44 47 524 783
44 48 700 297
44 49 568 165
45 46 56 539
45 47 295 417
45 48 128 579
45 49 816 87
46 47 444 371
46 48 967 738
46 49 65 906
47 48 582 138
47 49 829 412
48 49 146 949
0
3346
995 41078
998 40552
1003 40494
1004 40278
1006 40258
1007 40099
1010 40049
1012 39984
1013 39825
1015 39805
1016 39778
1018 39755
1019 39596
1021 39531
1024 39484
1025 39325
1027 39302
1030 39255
1031 39096
1033 39031
1037 38879
1039 38802
1042 38771
1043 38748
1044 38740
1045 38585
1048 38542
1049 38522
1050 38477
1051 38454
1052 38446
1053 38370
1054 38361
1055 38293
1056 38248
1058 38217
1059 38178
1060 38144
1061 38076
1062 38067
1064 38033
1066 37968
1067 37884
1068 37850
1070 37841
1071 37807
1072 37739
1074 37708
1076 37704
1077 37676
1078 37547
1079 37513
1081 37482
1084 37416
1085 37382
1086 37379
1087 37351
1088 37348
1089 37336
1091 37275
1092 37248
1093 37236
1094 37217
1095 37205
1096 37202
1098 37141
1100 37102
1102 37071
1104 37064
1105 37061
1106 37049
1107 37034
1108 36988
1109 36961
1110 36949
1111 36930
1112 36918
1113 36915
1114 36900
1115 36854
1117 36815
1119 36784
1122 36774
1123 36740
1125 36709
1126 36708
1127 36689
1128 36643
1129 36609
1130 36606
1131 36578
1132 36575
1133 36563
1135 36502
1136 36475
1137 36463
1138 36444
1139 36432
1140 36429
1142 36368
1144 36329
1146 36298
1148 36291
1149 36288
1150 36276
1151 36261
1152 36215
1153 36188
1154 36176
1155 36157
1156 36145
1157 36142
1158 36127
1159 36081
1161 36042
1163 36011
1167 35998
1168 35974
1169 35947
1170 35935
1171 35916
1172 35904
1173 35901
1174 35895
1175 35840
1177 35801
1179 35770
1183 35757
1184 35742
1185 35715
1186 35703
1187 35684
1188 35672
1189 35669
1190 35654
1191 35608
1193 35569
1195 35538
1197 35523
1200 35501
1201 35474
1202 35462
1203 35443
1204 35431
1205 35428
1206 35416
1207 35367
1209 35328
1211 35297
1213 35282
1217 35245
1219 35214
1221 35196
1222 35184
1223 35181
1224 35166
1225 35120
1227 35081
1229 35050
1233 35037
1234 35013
1235 34986
1236 34974
1237 34955
1238 34943
1239 34940
1241 34879
1243 34840
1245 34809
1249 34796
1251 34757
1253 34726
1258 34718
1259 34716
1260 34679
1262 34648
1265 34618
1267 34589
1270 34555
1272 34524
1275 34506
1276 34505
1277 34469
1278 34460
1279 34438
1280 34429
1281 34402
1283 34371
1284 34353
1286 34314
1288 34283
1291 34267
1292 34264
1293 34228
1295 34197
1297 34161
1299 34130
1303 34114
1305 34078
1307 34047
1312 34036
1314 34000
1316 33969
1319 33941
1321 33910
1324 33876
1326 33845
1329 33827
1330 33817
1331 33805
1332 33781
1333 33769
1334 33741
1335 33738
1336 33702
1338 33671
1340 33635
1342 33604
1349 33577
1352 33566
1354 33535
1356 33521
1357 33501
1358 33482
1359 33470
1360 33451
1362 33415
1364 33384
1368 33375
1370 33344
1374 33337
1375 33334
1376 33298
1378 33267
1380 33231
1382 33200
1387 33182
1389 33151
1392 33124
1394 33117
1395 33114
1396 33078
1398 33047
1400 33011
1402 32980
1408 32971
1409 32953
1410 32940
1414 32911
1416 32897
1417 32877
1418 32858
1419 32846
1420 32827
1422 32791
1424 32760
1428 32751
1430 32720
1434 32713
1435 32710
1436 32674
1438 32643
1440 32607
1442 32576
1447 32558
1449 32527
1452 32500
1456 32493
1457 32473
1458 32454
1459 32442
1460 32423
1462 32387
1464 32356
1468 32347
1470 32316
1475 32298
1476 32287
1477 32267
1479 32253
1481 32222
1484 32212
1486 32194
1487 32182
1488 32163
1489 32160
1490 32127
1492 32096
1499 32069
1502 32058
1504 32023
1506 31992
1509 31962
1512 31952
1515 31931
1517 31900
1520 31891
1521 31889
1522 31860
1523 31858
1526 31841
1528 31820
1529 31818
1530 31799
1531 31796
1532 31763
1534 31732
1537 31715
1538 31707
1540 31676
1545 31658
1547 31627
1550 31600
1551 31598
1554 31581
1555 31573
1556 31554
1557 31542
1558 31523
1560 31487
1562 31456
1566 31447
1568 31416
1573 31398
1574 31387
1575 31367
1577 31353
1579 31322
1582 31312
1584 31294
1585 31282
1586 31263
1587 31260
1588 31227
1590 31196
1597 31169
1600 31158
1602 31123
1604 31092
1607 31062
1610 31052
1613 31031
1615 31000
1619 30989
1620 30986
1621 30958
1624 30941
1626 30930
1627 30918
1628 30899
1629 30896
1630 30863
1632 30832
1635 30815
1639 30805
1642 30788
1643 30775
1644 30763
1646 30762
1647 30729
1649 30698
1652 30681
1655 30667
1657 30636
1660 30619
1664 30609
1667 30592
1668 30579
1669 30567
1672 30533
1674 30502
1677 30485
1679 30482
1681 30475
1682 30465
1683 30442
1685 30411
1688 30394
1692 30384
1694 30379
1695 30367
1696 30348
1698 30347
1699 30331
1700 30308
1702 30277
1705 30260
1708 30246
1710 30215
1713 30198
1717 30188
1719 30183
1720 30171
1721 30152
1723 30151
1724 30135
1725 30112
1727 30081
1730 30064
1734 30054
1737 30037
1741 30010
1744 29993
1746 29973
1747 29968
1749 29956
1750 29951
1752 29947
1753 29937
1754 29936
1755 29906
1758 29876
1761 29859
1764 29845
1766 29814
1769 29797
1772 29772
1775 29755
1777 29751
1778 29730
1781 29711
1783 29680
1786 29663
1790 29653
1792 29649
1793 29627
1794 29618
1795 29596
1798 29578
1799 29577
1800 29547
1803 29530
1806 29516
1807 29515
1808 29485
1811 29468
1815 29458
1817 29453
1818 29431
1819 29422
1820 29400
1823 29382
1824 29381
1825 29351
1828 29334
1832 29324
1835 29307
1839 29280
1842 29263
1844 29243
1847 29226
1848 29225
1850 29217
1851 29195
1854 29177
1855 29176
1856 29146
1859 29129
1862 29115
1863 29114
1864 29084
1867 29067
1871 29057
1872 29053
1873 29052
1874 29030
1875 29021
1876 28999
1879 28981
1880 28980
1881 28950
1884 28933
1888 28923
1890 28920
1891 28897
1892 28896
1893 28866
1896 28849
1897 28847
1899 28835
1900 28830
1901 28804
1904 28787
1905 28785
1908 28768
1911 28760
1912 28741
1915 28724
1916 28701
1917 28700
1918 28670
1921 28653
1922 28651
1925 28634
1928 28626
1929 28624
1932 28599
1935 28582
1936 28580
1937 28562
1940 28545
1941 28541
1943 28536
1944 28524
1946 28519
1947 28496
1948 28495
1949 28465
1952 28448
1953 28446
1955 28434
1956 28429
1957 28403
1960 28386
1961 28384
1964 28367
1967 28359
1968 28340
1970 28323
1972 28300
1973 28299
1974 28269
1977 28252
1978 28250
1981 28233
1984 28225
1985 28223
1987 28220
1988 28197
1990 28166
1993 28149
1995 28127
1998 28104
2001 28087
2005 28077
2007 28072
2008 28060
2009 28041
2012 28024
2013 28001
2015 27970
2018 27953
2022 27943
2025 27926
2026 27922
2029 27899
2032 27882
2034 27860
2037 27843
2038 27841
2040 27836
2041 27824
2043 27819
2044 27796
2046 27765
2049 27748
2051 27726
2054 27703
2057 27686
2061 27676
2063 27671
2064 27659
2065 27640
2067 27623
2069 27600
2071 27569
2074 27552
2078 27542
2081 27525
2085 27517
2086 27498
2088 27492
2089 27481
2090 27458
2092 27427
2095 27410
2099 27400
2102 27383
2106 27356
2109 27339
2113 27329
2115 27324
2116 27312
2117 27293
2120 27268
2121 27253
2123 27222
2126 27205
2129 27191
2131 27160
2134 27143
2138 27133
2140 27128
2141 27116
2142 27097
2145 27080
2146 27057
2148 27026
2151 27009
2155 26999
2158 26982
2165 26981
2166 26971
2168 26960
2169 26940
2170 26929
2172 26921
2173 26912
2175 26904
2177 26902
2178 26890
2180 26859
2182 26847
2183 26837
2185 26830
2186 26820
2190 26810
2191 26796
2193 26793
2194 26779
2195 26756
2197 26725
2200 26708
2204 26698
2207 26681
2209 26677
2211 26657
2214 26640
2218 26630
2219 26628
2221 26613
2222 26611
2224 26606
2226 26601
2227 26589
2228 26569
2230 26535
2233 26518
2236 26506
2239 26489
2242 26475
2244 26444
2247 26427
2251 26417
2253 26412
2254 26400
2255 26381
2258 26364
2259 26341
2261 26310
2264 26293
2268 26283
2269 26268
2271 26266
2272 26251
2276 26241
2279 26224
2280 26205
2283 26188
2286 26134
2289 26117
2293 26107
2296 26090
2303 26089
2304 26079
2306 26072
2307 26048
2308 26037
2310 26029
2311 26020
2313 26012
2315 26010
2317 26002
2318 25967
2320 25955
2321 25945
2323 25938
2324 25928
2327 25924
2328 25918
2329 25904
2331 25901
2332 25887
2335 25833
2338 25816
2342 25806
2345 25789
2351 25783
2353 25775
2355 25766
2356 25747
2357 25736
2359 25730
2360 25719
2364 25709
2366 25703
2367 25692
2368 25685
2369 25654
2370 25644
2372 25637
2373 25627
2374 25614
2377 25597
2381 25587
2382 25552
2385 25535
2389 25525
2392 25508
2393 25489
2396 25472
2399 25418
2402 25401
2406 25391
2409 25374
2416 25373
2417 25363
2419 25356
2420 25332
2421 25321
2423 25315
2424 25304
2428 25294
2430 25288
2431 25277
2433 25239
2434 25229
2436 25222
2437 25212
2441 25202
2443 25195
2444 25185
2451 25184
2454 25153
2455 25142
2456 25132
2458 25125
2459 25115
2461 25084
2464 25067
2468 25050
2471 25033
2475 25023
2478 25006
2481 24998
2483 24987
2485 24981
2486 24970
2489 24952
2492 24935
2495 24881
2498 24864
2502 24854
2505 24837
2512 24836
2513 24826
2515 24819
2516 24795
2517 24784
2519 24778
2520 24767
2524 24757
2526 24751
2527 24740
2529 24702
2530 24692
2532 24685
2533 24675
2537 24665
2539 24658
2540 24648
2547 24647
2550 24616
2551 24605
2552 24595
2554 24588
2555 24578
2559 24568
2561 24561
2562 24551
2564 24513
2567 24496
2571 24486
2574 24469
2582 24464
2584 24457
2585 24427
2586 24416
2588 24410
2589 24399
2592 24375
2596 24372
2599 24348
2607 24330
2610 24313
2612 24312
2614 24278
2619 24268
2620 24267
2621 24251
2624 24230
2625 24220
2626 24196
2627 24186
2633 24169
2634 24159
2644 24141
2646 24133
2647 24123
2648 24099
2649 24089
2655 24072
2656 24062
2659 24041
2661 24007
2668 23980
2677 23979
2678 23968
2679 23958
2681 23944
2683 23910
2690 23883
2694 23871
2697 23854
2706 23849
2707 23839
2708 23834
2709 23832
2710 23822
2711 23813
2712 23790
2713 23779
2716 23774
2718 23768
2719 23757
2720 23752
2722 23733
2726 23730
2729 23713
2734 23693
2735 23682
2740 23671
2741 23660
2742 23655
2743 23654
2744 23636
2747 23619
2751 23616
2754 23588
2755 23578
2756 23554
2757 23544
2769 23522
2774 23499
2776 23491
2777 23481
2778 23457
2779 23447
2781 23440
2782 23430
2788 23413
2789 23399
2791 23365
2803 23343
2804 23333
2808 23326
2809 23316
2811 23302
2813 23268
2816 23251
2823 23224
2831 23219
2833 23212
2834 23202
2836 23188
2838 23154
2842 23148
2843 23137
2845 23127
2849 23115
2852 23098
2861 23094
2862 23085
2863 23074
2864 23051
2865 23040
2867 23034
2868 23023
2871 23018
2873 23012
2874 23001
2875 22996
2877 22977
2887 22967
2888 22960
2889 22937
2890 22926
2894 22920
2895 22915
2896 22910
2897 22899
2899 22880
2904 22870
2905 22869
2909 22832
2910 22822
2911 22798
2912 22788
2925 22784
2926 22773
2927 22772
2929 22743
2931 22735
2932 22725
2933 22701
2934 22691
2944 22643
2946 22609
2961 22604
2962 22581
2963 22570
2964 22560
2966 22546
2968 22512
2981 22495
2984 22484
2985 22473
2986 22463
2995 22426
2996 22415
2997 22392
2998 22381
3010 22371
3014 22353
3017 22329
3018 22318
3019 22295
3020 22284
3032 22278
3033 22261
3036 22256
3039 22245
3040 22240
3042 22221
3047 22198
3049 22164
3060 22159
3061 22154
3062 22143
3064 22124
3069 22101
3071 22067
3075 22066
3076 22042
3077 22032
3090 22028
3091 22017
3092 22016
3094 21987
3096 21979
3097 21969
3098 21945
3099 21935
3109 21887
3111 21853
3126 21848
3127 21825
3128 21814
3129 21804
3131 21790
3133 21756
3148 21751
3149 21728
3150 21717
3151 21707
3160 21670
3161 21659
3162 21636
3163 21625
3179 21597
3182 21573
3183 21562
3184 21539
3185 21528
3198 21505
3201 21500
3212 21442
3214 21408
3233 21393
3234 21345
3236 21311
3249 21288
3250 21277
3261 21274
3262 21246
3263 21240
3264 21230
3268 21204
3271 21191
3272 21180
3276 21148
3288 21141
3290 21107
3294 21099
3296 21085
3298 21051
3313 21029
3314 21023
3315 21012
3316 21002
3321 20997
3323 20963
3326 20954
3327 20931
3328 20920
3344 20892
3347 20868
3348 20857
3349 20834
3350 20823
3363 20800
3366 20795
3375 20793
3377 20737
3379 20703
3398 20688
3399 20640
3401 20606
3414 20583
3415 20572
3427 20541
3431 20533
3433 20499
3436 20486
3437 20475
3453 20436
3455 20402
3464 20389
3466 20355
3478 20324
3486 20292
3488 20258
3502 20250
3506 20241
3508 20230
3510 20217
3514 20193
3518 20185
3520 20151
3530 20146
3532 20120
3537 20110
3540 20088
3542 20054
3552 20049
3553 20033
3557 20024
3559 20013
3563 20010
3565 19976
3573 19970
3575 19936
3588 19913
3589 19902
3593 19893
3595 19882
3597 19869
3605 19863
3606 19845
3607 19829
3610 19816
3611 19805
3619 19772
3624 19762
3628 19753
3629 19732
3636 19731
3638 19719
3640 19685
3644 19676
3646 19665
3652 19654
3660 19622
3662 19588
3676 19569
3678 19558
3682 19549
3684 19547
3688 19523
3692 19515
3694 19481
3698 19472
3700 19461
3706 19450
3711 19447
3714 19418
3716 19384
3723 19383
3726 19379
3727 19370
3737 19340
3739 19306
3753 19287
3755 19276
3758 19272
3759 19267
3762 19263
3763 19254
3764 19252
3765 19243
3769 19233
3771 19199
3775 19190
3777 19179
3780 19175
3781 19166
3788 19165
3791 19136
3793 19102
3803 19097
3804 19088
3814 19086
3815 19068
3819 19067
3820 19062
3823 19058
3824 19049
3825 19040
3829 19031
3831 19020
3832 18998
3835 18990
3839 18981
3840 18972
3841 18970
3842 18961
3845 18957
3846 18955
3847 18943
3853 18932
3856 18918
3857 18893
3858 18884
3868 18879
3870 18865
3876 18854
3880 18850
3884 18846
3886 18835
3889 18831
3890 18820
3892 18786
3897 18780
3902 18758
3906 18749
3908 18738
3911 18734
3912 18725
3918 18714
3922 18675
3924 18661
3930 18650
3935 18647
3941 18636
3947 18634
3949 18612
3955 18602
3956 18577
3957 18568
3963 18557
3966 18549
3969 18546
3970 18540
3971 18531
3972 18529
3973 18520
3976 18516
3977 18514
3979 18509
3983 18503
3984 18491
3987 18477
3988 18452
3989 18443
3995 18432
4007 18413
4013 18403
4014 18394
4020 18379
4021 18359
4028 18339
4029 18334
4034 18328
4035 18322
4037 18311
4039 18306
4041 18305
4042 18296
4045 18286
4048 18285
4049 18273
4053 18234
4061 18209
4072 18195
4078 18185
4080 18171
4085 18161
4086 18160
4087 18147
4093 18136
4094 18116
4100 18105
4106 18087
4108 18079
4110 18068
4114 18062
4120 18054
4121 18029
4126 17991
4140 17990
4143 17987
4144 17962
4145 17953
4151 17938
4152 17929
4158 17918
4162 17911
4165 17887
4174 17866
4179 17844
4190 17838
4191 17825
4192 17820
4194 17786
4205 17782
4208 17772
4209 17744
4216 17720
4217 17719
4224 17695
4233 17682
4235 17681
4241 17671
4243 17657
4247 17639
4250 17626
4256 17615
4257 17602
4262 17597
4263 17591
4264 17589
4266 17578
4269 17573
4270 17572
4271 17565
4273 17554
4277 17539
4282 17501
4289 17477
4303 17476
4305 17474
4306 17473
4307 17448
4308 17439
4314 17428
4318 17421
4321 17397
4328 17373
4335 17354
4337 17352
4342 17330
4350 17296
4357 17272
4368 17269
4372 17230
4380 17205
4389 17192
4391 17191
4396 17168
4403 17149
4410 17125
4413 17112
4419 17101
4423 17091
4425 17083
4427 17075
4429 17064
4433 17058
4440 17025
4445 16987
4459 16986
4464 16985
4466 16965
4468 16960
4472 16954
4475 16950
4476 16944
4477 16939
4480 16928
4481 16907
4484 16883
4493 16862
4498 16840
4512 16839
4513 16782
4529 16767
4532 16758
4537 16736
4546 16715
4552 16678
4565 16673
4566 16635
4579 16601
4591 16600
4595 16591
4596 16562
4602 16558
4605 16531
4615 16521
4618 16497
4624 16490
4627 16476
4632 16454
4644 16437
4647 16396
4663 16381
4664 16357
4671 16350
4680 16329
4686 16292
4699 16287
4700 16249
4716 16234
4719 16225
4722 16212
4729 16205
4730 16176
4736 16172
4739 16145
4748 16137
4752 16130
4758 16104
4769 16072
4775 16068
4778 16051
4784 16029
4789 16025
4797 16000
4798 15971
4814 15956
4817 15947
4823 15925
4828 15921
4830 15918
4835 15910
4836 15906
4837 15867
4853 15852
4856 15826
4869 15814
4872 15811
4873 15805
4875 15802
4881 15780
4882 15751
4887 15747
4895 15722
4903 15705
4912 15701
4913 15698
4919 15690
4920 15686
4921 15647
4926 15643
4939 15629
4940 15606
4942 15601
4952 15594
4958 15586
4959 15582
4961 15573
4967 15551
4971 15527
4978 15525
4979 15502
4981 15493
4987 15485
4992 15481
4997 15478
5000 15469
5006 15447
5010 15423
5020 15389
5026 15381
5031 15377
5036 15374
5039 15348
5055 15333
5057 15328
5058 15324
5062 15305
5064 15302
5065 15273
5076 15261
5078 15244
5086 15227
5102 15212
5103 15208
5104 15169
5115 15157
5122 15151
5123 15128
5125 15123
5141 15108
5142 15104
5150 15087
5151 15081
5152 15072
5157 15068
5161 15047
5162 15024
5170 15007
5189 14983
5198 14976
5202 14952
5206 14931
5209 14903
5227 14885
5237 14872
5241 14848
5245 14827
5251 14814
5257 14806
5262 14802
5266 14781
5270 14773
5282 14766
5286 14758
5288 14753
5291 14745
5293 14730
5295 14727
5296 14698
5307 14686
5309 14669
5311 14665
5317 14652
5330 14641
5333 14637
5335 14594
5346 14582
5350 14561
5354 14553
5356 14548
5372 14533
5378 14530
5382 14506
5392 14472
5393 14449
5401 14432
5422 14416
5429 14411
5432 14409
5433 14399
5434 14398
5437 14356
5440 14328
5458 14310
5472 14295
5476 14252
5487 14240
5497 14206
5513 14191
5522 14172
5533 14160
5537 14143
5541 14131
5542 14090
5563 14074
5573 14072
5574 14060
5575 14056
5578 14055
5580 14027
5581 13986
5613 13956
5627 13906
5645 13887
5661 13858
5675 13834
5683 13824
5684 13783
5707 13778
5709 13771
5714 13730
5724 13721
5730 13703
5746 13700
5748 13695
5755 13691
5760 13650
5761 13638
5765 13633
5778 13631
5782 13622
5794 13602
5800 13534
5817 13527
5827 13518
5841 13510
5849 13497
5851 13492
5854 13477
5857 13465
5862 13460
5863 13447
5864 13435
5868 13430
5880 13406
5894 13382
5898 13377
5903 13331
5928 13319
5933 13278
5950 13271
5960 13262
5965 13257
5974 13254
5984 13236
5987 13229
5992 13220
5995 13204
5997 13179
6001 13174
6013 13150
6030 13143
6031 13116
6036 13075
6053 13068
6061 13063
6073 13025
6090 13018
6098 13001
6103 12980
6120 12973
6125 12964
6129 12959
6135 12951
6137 12926
6141 12921
6153 12897
6164 12860
6176 12822
6193 12815
6201 12810
6206 12777
6231 12765
6236 12724
6253 12717
6263 12708
6269 12706
6280 12701
6281 12682
6294 12678
6297 12654
6304 12607
6316 12596
6333 12589
6334 12562
6339 12521
6356 12514
6364 12509
6376 12471
6393 12464
6403 12455
6420 12448
6425 12439
6427 12429
6432 12405
6437 12401
6444 12367
6456 12343
6467 12306
6479 12268
6496 12261
6504 12256
6521 12249
6531 12240
6539 12223
6540 12221
6546 12208
6559 12200
6565 12186
6572 12152
6584 12128
6600 12100
6607 12053
6624 12046
6653 12039
6654 12027
6667 12008
6668 12006
6674 11993
6681 11991
6687 11985
6693 11984
6699 11947
6705 11946
6710 11941
6716 11940
6717 11922
6722 11903
6728 11885
6740 11847
6757 11840
6765 11835
6782 11812
6799 11805
6800 11802
6801 11800
6807 11787
6808 11780
6809 11776
6825 11773
6826 11769
6827 11732
6833 11731
6844 11725
6845 11707
6850 11688
6867 11681
6868 11632
6885 11625
6914 11618
6915 11606
6928 11587
6929 11585
6935 11572
6942 11570
6946 11566
6959 11563
6963 11526
6971 11520
6983 11482
6997 11475
7008 11470
7014 11468
7020 11466
7025 11447
7030 11436
7035 11420
7043 11391
7060 11384
7070 11355
7087 11348
7094 11329
7111 11267
7128 11260
7157 11253
7158 11241
7171 11222
7172 11220
7178 11207
7198 11202
7199 11198
7205 11195
7206 11161
7207 11145
7224 11138
7240 11110
7257 11103
7267 11100
7268 11098
7269 11088
7273 11071
7286 11026
7303 11019
7329 10996
7336 10988
7338 10984
7346 10981
7353 10966
7363 10956
7369 10949
7370 10908
7382 10904
7387 10901
7399 10897
7409 10868
7426 10861
7437 10848
7448 10830
7462 10789
7479 10782
7499 10751
7511 10747
7513 10743
7528 10729
7532 10712
7538 10711
7544 10708
7545 10667
7562 10660
7584 10627
7597 10625
7601 10620
7612 10607
7622 10597
7624 10593
7636 10585
7640 10561
7651 10557
7658 10549
7674 10510
7689 10506
7691 10503
7704 10492
7707 10471
7713 10470
7721 10430
7738 10423
7760 10390
7772 10384
7777 10383
7788 10370
7797 10356
7811 10344
7827 10320
7836 10314
7850 10273
7867 10266
7883 10234
7889 10233
7900 10227
7906 10226
7910 10224
7916 10201
7922 10194
7934 10188
7939 10187
7948 10147
7965 10140
7973 10119
7987 10107
8004 10100
8012 10077
8029 10070
8039 10067
8040 10059
8045 10044
8051 10037
8068 10030
8072 10028
8073 10006
8084 10004
8090 9999
8093 9997
8102 9992
8105 9988
8110 9951
8127 9944
8135 9923
8143 9918
8149 9911
8166 9904
8168 9890
8174 9883
8182 9878
8191 9876
8199 9871
8200 9866
8202 9863
8207 9850
8216 9841
8225 9838
8235 9810
8249 9808
8252 9803
8255 9801
8262 9800
8264 9796
8268 9777
8274 9770
8288 9768
8291 9763
8299 9745
8307 9737
8313 9732
8324 9717
8332 9712
8337 9705
8338 9704
8341 9700
8346 9699
8352 9692
8357 9684
8362 9670
8374 9667
8376 9665
8377 9664
8379 9663
8380 9660
8385 9659
8387 9642
8395 9637
8401 9630
8413 9627
8418 9623
8419 9622
8420 9609
8424 9604
8426 9602
8434 9597
8438 9591
8449 9590
8452 9589
8454 9582
8457 9571
8459 9569
8462 9564
8468 9560
8471 9558
8477 9551
8487 9529
8501 9524
8504 9522
8507 9520
8510 9518
8518 9517
8520 9496
8526 9489
8540 9486
8543 9482
8544 9481
8549 9477
8551 9464
8559 9456
8568 9454
8573 9453
8576 9436
8584 9431
8589 9424
8593 9419
8604 9418
8606 9417
8607 9414
8609 9403
8614 9396
8622 9391
8626 9386
8627 9385
8628 9384
8632 9379
8643 9376
8647 9363
8651 9358
8653 9356
8657 9354
8660 9352
8661 9351
8665 9345
8676 9323
8690 9318
8693 9316
8695 9314
8698 9312
8701 9309
8704 9305
8709 9290
8714 9283
8728 9281
8729 9280
8731 9276
8733 9275
8734 9274
8737 9272
8738 9271
8740 9269
8743 9263
8747 9250
8753 9243
8766 9242
8767 9241
8768 9240
8770 9236
8771 9235
8776 9230
8778 9218
8782 9213
8786 9210
8796 9208
8801 9196
8803 9190
8811 9185
8814 9183
8815 9180
8817 9178
8820 9173
8834 9163
8836 9157
8840 9156
8842 9150
8850 9145
8853 9140
8854 9139
8859 9133
8865 9131
8873 9123
8875 9117
8884 9108
8887 9106
8890 9103
8892 9100
8893 9099
8898 9098
8903 9077
8917 9075
8920 9070
8923 9068
8926 9066
8928 9063
8936 9044
8942 9037
8956 9035
8959 9030
8960 9029
8965 9025
8967 9023
8971 9021
8974 9017
8975 9004
8987 8997
8990 8990
8999 8989
9003 8977
9009 8967
9020 8964
9023 8957
9028 8950
9036 8944
9041 8937
9042 8934
9048 8927
9061 8917
9067 8910
9074 8904
9080 8897
9081 8894
9092 8885
9096 8880
9100 8877
9105 8872
9109 8867
9113 8864
9117 8857
9125 8852
9128 8850
9129 8847
9130 8844
9134 8840
9137 8831
9147 8827
9150 8824
9156 8817
9163 8811
9167 8807
9168 8806
9169 8804
9170 8798
9176 8791
9186 8787
9189 8784
9198 8775
9201 8773
9202 8771
9206 8767
9207 8766
9209 8758
9217 8744
9230 8731
9243 8721
9250 8711
9256 8704
9263 8698
9269 8691
9276 8688
9282 8681
9289 8671
9299 8665
9301 8664
9302 8658
9313 8656
9314 8651
9315 8648
9317 8644
9323 8634
9334 8631
9336 8621
9347 8618
9350 8611
9355 8604
9356 8601
9362 8594
9369 8588
9375 8581
9384 8578
9388 8571
9394 8564
9395 8561
9403 8558
9405 8555
9407 8554
9408 8548
9419 8539
9423 8534
9427 8531
9432 8529
9436 8525
9440 8521
9444 8511
9451 8498
9461 8494
9464 8485
9477 8478
9483 8471
9484 8465
9490 8458
9497 8452
9503 8445
9516 8438
9523 8425
9533 8419
9536 8412
9544 8398
9557 8388
9567 8387
9570 8375
9577 8365
9583 8358
9590 8355
9593 8352
9596 8348
9603 8342
9609 8335
9613 8332
9616 8325
9626 8319
9628 8318
9629 8315
9638 8312
9639 8309
9642 8302
9650 8288
9661 8285
9670 8284
9671 8279
9673 8277
9678 8265
9683 8255
9689 8248
9699 8242
9711 8232
9717 8225
9719 8222
9722 8215
9732 8209
9734 8208
9744 8202
9747 8199
9750 8192
9759 8183
9764 8182
9767 8175
9777 8169
9778 8152
9792 8150
9795 8145
9798 8143
9800 8141
9807 8132
9811 8119
9817 8112
9827 8106
9834 8105
9839 8101
9840 8099
9847 8086
9850 8079
9860 8073
9867 8072
9872 8068
9877 8066
9882 8062
9884 8042
9906 8031
9907 8019
9917 8009
9923 8002
9933 7996
9940 7986
9952 7979
9953 7976
9956 7969
9966 7963
9978 7958
9985 7946
9995 7944
9997 7938
10007 7935
10012 7934
10013 7909
10033 7907
10038 7903
10041 7886
10046 7876
10058 7869
10074 7853
10091 7836
10113 7825
10122 7804
10141 7773
10155 7771
10158 7766
10163 7762
10174 7740
10191 7733
10196 7729
10201 7728
10213 7722
10220 7714
10234 7695
10247 7663
10269 7652
10280 7630
10302 7619
10319 7618
10326 7604
10345 7595
10348 7588
10367 7584
10369 7574
10381 7555
10394 7552
10403 7544
10416 7541
10419 7524
10427 7519
10441 7513
10442 7497
10452 7491
10464 7486
10474 7480
10475 7464
10497 7453
10520 7449
10521 7438
10540 7429
10543 7422
10553 7416
10565 7411
10575 7405
10576 7389
10589 7386
10598 7378
10606 7363
10614 7358
10622 7353
10628 7352
10636 7347
10644 7342
10647 7325
10669 7314
10690 7311
10693 7299
10707 7288
10715 7283
10723 7278
10729 7277
10737 7272
10741 7259
10748 7250
10767 7249
10770 7239
10778 7224
10792 7221
10800 7213
10801 7197
10823 7186
10847 7171
10866 7162
10869 7160
10872 7158
10879 7149
10888 7148
10893 7146
10901 7138
10902 7122
10913 7120
10924 7111
10945 7109
10946 7093
10948 7086
10968 7082
10970 7075
10973 7058
10995 7047
11019 7032
11038 7023
11041 7021
11044 7019
11047 7018
11049 7011
11067 6992
11074 6983
11093 6982
11096 6972
11113 6966
11118 6954
11139 6948
11140 6943
11161 6937
11164 6928
11183 6919
11186 6917
11189 6915
11194 6907
11212 6888
11214 6881
11219 6879
11239 6853
11279 6846
11284 6844
11285 6827
11304 6818
11332 6814
11338 6813
11343 6811
11345 6801
11350 6792
11359 6777
11384 6749
11420 6743
11424 6742
11426 6739
11430 6723
11449 6714
11472 6713
11477 6710
11483 6709
11485 6708
11490 6697
11495 6688
11508 6681
11517 6677
11540 6667
11541 6664
11543 6657
11548 6655
11563 6651
11565 6639
11568 6629
11608 6622
11611 6613
11614 6603
11633 6594
11661 6590
11662 6573
11679 6568
11688 6553
11708 6547
11713 6525
11753 6518
11759 6499
11778 6490
11806 6486
11819 6473
11824 6464
11843 6463
11846 6453
11870 6445
11884 6438
11889 6432
11892 6427
11895 6417
11935 6410
11941 6391
11960 6382
11988 6378
11991 6349
12037 6323
12056 6314
12089 6310
12097 6297
12102 6288
12149 6284
12154 6275
12162 6262
12167 6256
12173 6241
12219 6215
12238 6206
12271 6202
12277 6197
12279 6189
12284 6180
12331 6176
12336 6167
12344 6154
12349 6148
12396 6141
12401 6135
12407 6130
12409 6122
12413 6115
12414 6113
12459 6089
12474 6087
12490 6080
12508 6076
12519 6063
12536 6054
12568 6050
12573 6041
12589 6022
12633 6015
12638 6009
12643 5998
12644 5994
12662 5989
12666 5987
12690 5968
12708 5963
12709 5959
12742 5955
12748 5950
12750 5942
12755 5933
12773 5931
12779 5916
12815 5907
12820 5901
12825 5890
12844 5881
12877 5877
12880 5875
12883 5872
12884 5868
12885 5864
12890 5855
12930 5842
12945 5840
12950 5829
12955 5823
12990 5816
13007 5807
13013 5805
13015 5797
13019 5790
13020 5788
13060 5775
13065 5764
13080 5762
13096 5755
13114 5751
13120 5749
13125 5738
13142 5729
13174 5725
13179 5716
13195 5697
13239 5690
13244 5684
13250 5669
13272 5662
13296 5643
13315 5634
13348 5630
13354 5625
13356 5617
13361 5608
13408 5604
13413 5595
13421 5582
13426 5576
13473 5569
13478 5563
13484 5558
13486 5550
13490 5543
13491 5541
13536 5517
13551 5515
13567 5508
13588 5504
13596 5491
13613 5482
13648 5478
13665 5469
13666 5450
13718 5437
13726 5424
13743 5415
13778 5411
13795 5402
13803 5389
13848 5377
13855 5376
13867 5368
13884 5367
13887 5365
13900 5364
13906 5359
13908 5351
13913 5342
13937 5335
13957 5324
13973 5316
13978 5310
13997 5309
14014 5300
14017 5298
14030 5297
14036 5292
14038 5284
14042 5277
14043 5275
14074 5274
14088 5251
14103 5249
14119 5242
14140 5238
14148 5225
14165 5216
14200 5212
14217 5203
14218 5184
14270 5171
14278 5158
14295 5149
14330 5145
14347 5136
14355 5123
14407 5110
14436 5101
14439 5099
14470 5098
14471 5097
14488 5088
14489 5069
14509 5058
14541 5056
14549 5043
14566 5034
14569 5032
14601 5030
14618 5021
14621 5019
14626 5008
14645 5007
14670 5005
14678 4995
14697 4994
14698 4980
14722 4972
14757 4968
14758 4954
14780 4943
14820 4942
14832 4930
14840 4917
14884 4914
14892 4904
14916 4892
14936 4881
14968 4879
14969 4865
14993 4857
14996 4855
15028 4853
15029 4839
15053 4831
15089 4828
15091 4827
15105 4818
15111 4817
15125 4803
15155 4799
15171 4791
15185 4777
15207 4766
15247 4765
15257 4756
15259 4753
15267 4740
15300 4739
15311 4737
15319 4727
15344 4721
15353 4720
15360 4713
15371 4711
15384 4705
15386 4704
15396 4688
15428 4687
15446 4678
15456 4662
15500 4659
15516 4651
15518 4650
15536 4648
15538 4640
15560 4633
15582 4622
15598 4614
15624 4605
15642 4596
15675 4595
15676 4592
15684 4579
15717 4578
15725 4570
15727 4562
15759 4561
15761 4560
15771 4544
15787 4536
15813 4527
15831 4518
15873 4501
15913 4496
15933 4490
15935 4489
15953 4487
15955 4479
15973 4470
15999 4461
16015 4453
16042 4452
16051 4448
16056 4444
16059 4435
16092 4434
16102 4418
16134 4417
16142 4409
16144 4401
16162 4392
16188 4383
16204 4375
16236 4374
16248 4357
16308 4346
16310 4345
16330 4335
16362 4332
16375 4329
16378 4326
16382 4322
16390 4309
16422 4308
16435 4303
16442 4296
16459 4291
16473 4283
16505 4282
16507 4274
16519 4257
16551 4256
16567 4248
16579 4231
16611 4230
16649 4226
16671 4219
16673 4218
16693 4208
16702 4206
16725 4205
16739 4197
16745 4195
16750 4185
16753 4182
16781 4181
16805 4169
16810 4159
16836 4156
16841 4155
16873 4154
16882 4130
16942 4104
17012 4099
17054 4098
17065 4079
17123 4077
17126 4074
17136 4066
17143 4059
17144 4054
17183 4051
17204 4028
17255 4022
17275 4004
17315 3996
17385 3991
17398 3979
17438 3971
17469 3966
17477 3954
17516 3951
17517 3946
17537 3928
17577 3920
17647 3915
17648 3896
17696 3894
17718 3891
17731 3890
17766 3889
17771 3871
17819 3869
17833 3867
17835 3863
17842 3858
17850 3846
17898 3844
17910 3820
17958 3818
17980 3815
17997 3803
18021 3800
18029 3794
18081 3793
18095 3791
18097 3787
18104 3782
18120 3778
18144 3775
18152 3769
18168 3763
18215 3762
18216 3761
18223 3750
18231 3744
18283 3724
18291 3718
18361 3713
18370 3695
18414 3693
18430 3687
18477 3686
18478 3685
18485 3680
18493 3670
18534 3668
18541 3667
18549 3661
18564 3657
18604 3648
18613 3645
18641 3644
18656 3639
18662 3638
18664 3622
18720 3621
18734 3617
18743 3599
18787 3597
18803 3591
18811 3585
18858 3584
18866 3574
18890 3562
18934 3560
18960 3557
18986 3549
19005 3547
19013 3537
19054 3535
19070 3531
19084 3524
19124 3515
19133 3512
19149 3508
19182 3505
19184 3489
19240 3488
19254 3484
19263 3466
19307 3464
19333 3461
19368 3460
19377 3459
19378 3451
19386 3441
19427 3439
19447 3437
19456 3436
19457 3428
19501 3426
19506 3416
19534 3415
19550 3414
19555 3409
19580 3403
19590 3398
19613 3392
19629 3391
19657 3390
19669 3375
19713 3373
19736 3367
19777 3365
19784 3360
19792 3350
19833 3348
19853 3346
19856 3342
19863 3337
19905 3335
19912 3325
19940 3324
19956 3323
19961 3318
19979 3317
19986 3312
20019 3301
20035 3300
20063 3299
20084 3293
20125 3291
20134 3286
20142 3276
20183 3274
20203 3272
20204 3268
20213 3263
20257 3261
20262 3251
20306 3249
20311 3244
20327 3243
20336 3238
20385 3226
20434 3219
20475 3217
20479 3216
20495 3215
20499 3213
20504 3212
20505 3206
20528 3204
20548 3201
20554 3194
20598 3192
20602 3191
20618 3190
20624 3189
20627 3187
20628 3181
20651 3179
20677 3169
20738 3165
20747 3162
20771 3159
20791 3156
20798 3153
20804 3152
20820 3147
20840 3144
20861 3140
20870 3137
20894 3134
20921 3128
20943 3122
20973 3120
20987 3116
20992 3115
21019 3114
21033 3112
21041 3103
21085 3101
21090 3096
21096 3095
21115 3090
21142 3089
21163 3088
21164 3078
21213 3071
21253 3069
21271 3064
21284 3058
21311 3057
21327 3053
21333 3046
21377 3044
21397 3042
21403 3041
21407 3033
21434 3032
21456 3021
21517 3017
21526 3016
21561 3015
21570 3008
21591 3004
21618 3003
21619 2996
21640 2992
21687 2991
21690 2990
21707 2989
21710 2987
21717 2980
21740 2979
21766 2968
21803 2967
21821 2966
21827 2964
21836 2963
21860 2959
21880 2955
21892 2953
21901 2951
21909 2947
21929 2943
21941 2941
21950 2939
21983 2934
22010 2933
22015 2928
22028 2927
22032 2922
22064 2916
22113 2914
22125 2912
22134 2911
22146 2909
22167 2905
22178 2903
22188 2902
22195 2897
22216 2893
22227 2891
22248 2887
22289 2886
22293 2881
22320 2880
22325 2875
22338 2874
22342 2869
22374 2863
22411 2862
22435 2859
22444 2858
22456 2856
22468 2854
22477 2852
22488 2850
22498 2849
22505 2844
22517 2842
22526 2840
22537 2838
22558 2834
22591 2829
22604 2828
22614 2826
22636 2822
22640 2817
22689 2815
22700 2814
22701 2813
22702 2811
22721 2809
22754 2804
22764 2803
22775 2800
22788 2799
22796 2797
22803 2792
22824 2788
22865 2787
22874 2786
22875 2785
22886 2782
22897 2781
22901 2776
22914 2775
22924 2773
22946 2769
22950 2764
22987 2763
23010 2761
23011 2760
23020 2759
23049 2758
23057 2756
23064 2751
23074 2750
23085 2747
23098 2746
23106 2744
23113 2739
23134 2735
23173 2733
23186 2732
23204 2730
23212 2723
23222 2721
23269 2719
23274 2717
23276 2715
23278 2712
23297 2710
23336 2708
23346 2707
23347 2706
23357 2704
23368 2703
23372 2698
23385 2696
23396 2694
23406 2692
23439 2690
23456 2687
23460 2686
23462 2683
23473 2682
23483 2680
23496 2679
23522 2670
23532 2668
23569 2667
23581 2665
23586 2662
23605 2661
23633 2657
23646 2655
23656 2654
23657 2653
23667 2651
23678 2650
23682 2645
23695 2643
23706 2641
23716 2639
23749 2637
23768 2636
23770 2633
23789 2632
23794 2627
23830 2626
23840 2625
23842 2624
23845 2620
23850 2618
23860 2616
23879 2614
23891 2612
23914 2610
23933 2608
23944 2604
23954 2602
23969 2600
23978 2598
24008 2596
24010 2593
24029 2591
24034 2589
24044 2587
24055 2586
24089 2585
24098 2581
24104 2574
24138 2573
24153 2571
24158 2568
24168 2566
24187 2565
24194 2564
24205 2563
24215 2561
24219 2560
24230 2559
24239 2557
24253 2556
24254 2551
24264 2549
24279 2547
24288 2545
24318 2543
24331 2541
24342 2539
24352 2537
24371 2536
24383 2534
24399 2532
24412 2531
24414 2530
24417 2526
24427 2524
24432 2522
24448 2520
24463 2518
24473 2516
24496 2514
24515 2512
24526 2508
24551 2504
24580 2502
24582 2499
24592 2497
24607 2495
24616 2493
24636 2491
24665 2489
24670 2487
24680 2485
24689 2483
24701 2481
24710 2479
24735 2475
24740 2472
24766 2470
24776 2468
24787 2467
24791 2466
24801 2464
24812 2463
24830 2462
24836 2455
24861 2451
24890 2449
24900 2447
24915 2445
24924 2443
24944 2442
24951 2441
24962 2440
24971 2438
24985 2437
24996 2434
24999 2430
25011 2428
25020 2426
25045 2422
25068 2420
25084 2418
25099 2416
25109 2414
25128 2413
25140 2411
25156 2409
25162 2406
25164 2403
25183 2401
25189 2399
25205 2397
25228 2395
25243 2393
25252 2391
25272 2389
25283 2385
25310 2384
25324 2382
25325 2381
25337 2379
25339 2376
25348 2374
25368 2372
25373 2370
25402 2368
25412 2366
25423 2365
25427 2364
25437 2362
25446 2360
25467 2356
25472 2353
25497 2349
25523 2347
25533 2345
25544 2344
25580 2340
25587 2339
25593 2332
25630 2331
25635 2328
25647 2326
25656 2324
25676 2323
25681 2320
25707 2319
25728 2315
25751 2313
25756 2307
25777 2303
25800 2301
25819 2299
25825 2297
25841 2295
25860 2294
25872 2292
25891 2290
25908 2288
25919 2283
25921 2280
25940 2278
25975 2274
25984 2272
26004 2270
26009 2268
26054 2266
26056 2263
26081 2261
26082 2258
26103 2254
26105 2251
26159 2245
26169 2243
26180 2242
26217 2241
26229 2230
26266 2229
26290 2226
26300 2225
26312 2221
26343 2217
26364 2213
26392 2205
26413 2201
26463 2200
26475 2196
26496 2192
26508 2190
26527 2188
26557 2178
26576 2176
26628 2173
26640 2169
26659 2167
26692 2161
26741 2149
26824 2140
26895 2139
26903 2138
26916 2136
26942 2132
26963 2128
26965 2124
27046 2121
27058 2117
27077 2115
27095 2109
27107 2105
27126 2103
27197 2102
27203 2098
27206 2097
27225 2095
27242 2088
27291 2076
27362 2075
27390 2068
27453 2065
27473 2059
27544 2058
27552 2057
27565 2055
27586 2050
27614 2043
27728 2034
27768 2033
27776 2032
27795 2031
27797 2027
27846 2026
27860 2025
27865 2018
27900 2017
27919 2015
27962 2011
27964 2010
27981 2009
27999 2003
28011 1999
28030 1997
28084 1988
28146 1982
28183 1980
28195 1970
28266 1969
28352 1965
28357 1959
28407 1955
28490 1944
28588 1943
28590 1939
28616 1937
28652 1933
28689 1931
28699 1925
28701 1921
28772 1920
28858 1916
28861 1914
28863 1910
28913 1906
28993 1905
28994 1899
28996 1895
29042 1893
29113 1892
29122 1888
29158 1884
29204 1882
29205 1876
29276 1875
29329 1874
29334 1873
29337 1867
29367 1865
29417 1861
29463 1860
29499 1856
29500 1850
29546 1848
29548 1844
29619 1843
29662 1839
29708 1837
29710 1833
29715 1832
29794 1830
29833 1829
29838 1828
29841 1822
29843 1818
29921 1817
29967 1815
29969 1811
30005 1807
30052 1799
30123 1798
30209 1794
30214 1788
30264 1785
30347 1773
30473 1766
30509 1762
30562 1755
30654 1754
30714 1751
30719 1750
30724 1744
30761 1743
30768 1740
30868 1735
30923 1732
30930 1729
30994 1728
31030 1724
31056 1717
31213 1712
31218 1706
31271 1699
31363 1698
31428 1694
31433 1688
31525 1687
31565 1685
31577 1679
31671 1677
31696 1676
31727 1674
31739 1668
31780 1667
31792 1661
31942 1656
31954 1650
32089 1649
32139 1646
32164 1645
32192 1639
32217 1638
32251 1636
32342 1634
32354 1628
32379 1627
32413 1625
32548 1624
32550 1622
32576 1620
32581 1614
32676 1613
32712 1611
32766 1610
32779 1605
32813 1603
32838 1602
32878 1600
32976 1598
32981 1592
33040 1589
33171 1586
33225 1585
33238 1580
33278 1578
33337 1577
33405 1575
33435 1573
33440 1567
33571 1564
33702 1563
33728 1561
33737 1555
33805 1553
33868 1552
33936 1550
34025 1549
34093 1547
34102 1541
34143 1539
34233 1538
34346 1536
34390 1535
34431 1533
34440 1527
34508 1525
34643 1524
34728 1521
34796 1519
34805 1513
35093 1507
35256 1502
35458 1501
35467 1495
35755 1489
35918 1484
36215 1483
36216 1479
36347 1478
36488 1475
36504 1473
36666 1472
36667 1468
