50
0 1 770 487
0 2 855 157
0 3 267 578
0 4 602 560
0 5 13 815
0 6 243 626
0 7 554 966
0 8 462 65
0 9 827 115
0 10 149 782
0 11 39 724
0 12 166 505
0 13 840 227
0 14 152 166
0 15 421 665
0 16 549 962
0 17 695 509
0 18 951 528
0 19 306 356
0 20 566 914
0 21 7 964
0 22 365 730
0 23 629 132
0 24 590 421
0 25 424 83
0 26 810 16
0 27 118 412
0 28 504 418
0 29 759 430
0 30 51 773
0 31 983 32
0 32 797 443
0 33 81 856
0 34 307 838
0 35 661 973
0 36 703 667
0 37 368 455
0 38 788 241
0 39 54 994
0 40 263 738
0 41 941 112
0 42 914 437
0 43 438 102
0 44 385 141
0 45 404 951
0 46 379 50
0 47 837 242
0 48 792 242
0 49 919 29
1 2 407 287
1 3 799 635
1 4 860 673
1 5 814 945
1 6 814 499
1 7 214 803
1 8 163 450
1 9 494 532
1 10 864 300
1 11 403 841
1 12 110 958
1 13 605 15
1 14 129 898
1 15 21 968
1 16 973 69
1 17 163 908
1 18 363 961
1 19 613 568
1 20 971 61
1 21 39 881
1 22 799 111
1 23 387 771
1 24 540 654
1 25 498 642
1 26 441 258
1 27 11 916
1 28 747 214
1 29 219 964
1 30 269 593
1 31 128 356
1 32 809 167
1 33 270 493
1 34 81 164
1 35 779 317
1 36 224 328
1 37 173 665
1 38 57 765
1 39 50 997
1 40 231 626
1 41 896 299
1 42 208 835
1 43 194 545
1 44 182 612
1 45 972 1
1 46 68 970
1 47 631 505
1 48 68 821
1 49 768 67
2 3 883 287
2 4 748 930
2 5 2 713
2 6 102 338
2 7 689 49
2 8 778 206
2 9 917 66
2 10 274 990
2 11 520 526
2 12 527 51
2 13 286 560
2 14 509 140
2 15 558 701
2 16 585 252
2 17 993 169
2 18 789 730
2 19 554 441
2 20 888 8
2 21 632 221
2 22 335 742
2 23 535 400
2 24 785 69
2 25 791 681
2 26 2 987
2 27 452 335
2 28 637 155
2 29 567 455
2 30 511 730
2 31 228 812
2 32 423 944
2 33 609 747
2 34 282 956
2 35 521 121
2 36 869 747
2 37 814 49
2 38 722 839
2 39 70 604
2 40 225 991
2 41 614 774
2 42 414 315
2 43 283 587
2 44 63 995
2 45 768 930
2 46 694 819
2 47 732 343
2 48 993 2
2 49 633 49
3 4 827 257
3 5 547 358
3 6 901 255
3 7 348 965
3 8 402 950
3 9 497 541
3 10 831 234
3 11 1 956
3 12 619 744
3 13 77 851
3 14 518 198
3 15 174 997
3 16 724 276
3 17 821 336
3 18 697 367
3 19 573 689
3 20 765 121
3 21 11 913
3 22 515 577
3 23 565 456
3 24 182 659
3 25 402 994
3 26 353 819
3 27 934 333
3 28 65 582
3 29 823 709
3 30 251 458
3 31 564 178
3 32 297 116
3 33 790 157
3 34 161 876
3 35 681 104
3 36 42 872
3 37 769 325
3 38 29 698
3 39 144 630
3 40 350 985
3 41 335 449
3 42 979 8
3 43 512 852
3 44 765 504
3 45 973 189
3 46 277 296
3 47 272 518
3 48 784 50
3 49 984 284
4 5 155 267
4 6 829 203
4 7 527 234
4 8 630 46
4 9 212 599
4 10 172 927
4 11 109 794
4 12 969 31
4 13 345 453
4 14 94 469
4 15 442 440
4 16 440 237
4 17 13 990
4 18 401 286
4 19 83 949
4 20 276 412
4 21 448 70
4 22 558 509
4 23 687 703
4 24 160 811
4 25 540 306
4 26 716 832
4 27 734 676
4 28 931 54
4 29 356 709
4 30 952 72
4 31 279 422
4 32 494 717
4 33 364 525
4 34 983 14
4 35 169 771
4 36 90 517
4 37 681 129
4 38 434 687
4 39 179 305
4 40 528 165
4 41 438 946
4 42 790 251
4 43 835 422
4 44 919 324
4 45 650 829
4 46 186 928
4 47 137 553
4 48 145 731
4 49 959 50
5 6 433 513
5 7 678 736
5 8 908 271
5 9 689 227
5 10 811 162
5 11 107 557
5 12 416 392
5 13 595 721
5 14 479 640
5 15 327 193
5 16 500 871
5 17 669 597
5 18 663 322
5 19 127 705
5 20 820 429
5 21 289 618
5 22 884 46
5 23 441 679
5 24 458 960
5 25 425 492
5 26 917 385
5 27 47 474
5 28 534 801
5 29 158 608
5 30 731 244
5 31 227 942
5 32 5 412
5 33 628 693
5 34 363 278
5 35 397 233
5 36 198 409
5 37 192 564
5 38 980 87
5 39 870 752
5 40 440 423
5 41 474 34
5 42 390 549
5 43 962 436
5 44 352 282
5 45 529 570
5 46 235 823
5 47 793 391
5 48 777 186
5 49 568 599
6 7 500 189
6 8 695 439
6 9 160 593
6 10 62 517
6 11 951 649
6 12 905 697
6 13 114 773
6 14 299 945
6 15 115 867
6 16 650 47
6 17 1 760
6 18 632 554
6 19 813 442
6 20 777 223
6 21 654 389
6 22 486 758
6 23 477 934
6 24 142 221
6 25 272 437
6 26 327 289
6 27 794 318
6 28 41 809
6 29 394 809
6 30 184 919
6 31 627 256
6 32 919 399
6 33 992 24
6 34 349 733
6 35 678 557
6 36 638 591
6 37 114 406
6 38 532 443
6 39 283 665
6 40 325 873
6 41 437 486
6 42 489 968
6 43 439 926
6 44 655 825
6 45 668 217
6 46 986 121
6 47 43 978
6 48 410 326
6 49 842 325
7 8 928 416
7 9 916 55
7 10 166 830
7 11 425 912
7 12 50 957
7 13 983 185
7 14 352 803
7 15 757 709
7 16 358 407
7 17 505 302
7 18 418 282
7 19 302 351
7 20 316 577
7 21 107 426
7 22 168 750
7 23 539 471
7 24 376 580
7 25 545 539
7 26 643 397
7 27 58 889
7 28 367 563
7 29 5 474
7 30 341 400
7 31 636 122
7 32 855 422
7 33 1 942
7 34 958 722
7 35 213 893
7 36 52 797
7 37 839 826
7 38 927 328
7 39 445 868
7 40 395 550
7 41 409 328
7 42 891 490
7 43 989 133
7 44 223 197
7 45 737 532
7 46 440 340
7 47 561 388
7 48 485 217
7 49 744 71
8 9 805 708
8 10 728 18
8 11 789 112
8 12 400 674
8 13 64 120
8 14 267 291
8 15 779 716
8 16 86 327
8 17 306 953
8 18 905 550
8 19 546 949
8 20 689 572
8 21 168 698
8 22 958 16
8 23 133 892
8 24 168 848
8 25 436 476
8 26 794 419
8 27 960 495
8 28 889 378
8 29 844 394
8 30 803 534
8 31 396 801
8 32 231 598
8 33 252 121
8 34 336 288
8 35 950 138
8 36 102 401
8 37 692 26
8 38 424 60
8 39 885 430
8 40 13 998
8 41 539 696
8 42 254 421
8 43 546 609
8 44 286 701
8 45 910 253
8 46 588 699
8 47 779 661
8 48 288 636
8 49 434 468
9 10 988 28
9 11 351 654
9 12 259 831
9 13 139 972
9 14 761 640
9 15 204 889
9 16 727 623
9 17 665 267
9 18 520 711
9 19 327 831
9 20 467 760
9 21 239 161
9 22 177 372
9 23 63 673
9 24 252 930
9 25 445 158
9 26 268 989
9 27 968 790
9 28 455 120
9 29 891 83
9 30 702 834
9 31 365 100
9 32 669 480
9 33 107 868
9 34 116 885
9 35 744 278
9 36 885 143
9 37 801 139
9 38 758 328
9 39 397 883
9 40 884 93
9 41 834 373
9 42 330 534
9 43 8 808
9 44 416 964
9 45 418 427
9 46 687 71
9 47 242 575
9 48 285 556
9 49 268 519
10 11 38 476
10 12 760 41
10 13 983 7
10 14 779 638
10 15 90 310
10 16 487 765
10 17 773 473
10 18 500 46
10 19 420 917
10 20 623 54
10 21 670 145
10 22 751 306
10 23 376 787
10 24 445 55
10 25 537 562
10 26 745 548
10 27 977 425
10 28 615 729
10 29 727 186
10 30 336 950
10 31 781 280
10 32 391 894
10 33 917 135
10 34 269 917
10 35 263 620
10 36 853 247
10 37 829 943
10 38 334 503
10 39 287 287
10 40 388 399
10 41 434 465
10 42 906 211
10 43 915 104
10 44 885 253
10 45 267 798
10 46 484 953
10 47 500 735
10 48 471 830
10 49 980 247
11 12 419 209
11 13 806 302
11 14 14 965
11 15 73 657
11 16 282 571
11 17 894 87
11 18 22 989
11 19 915 5
11 20 51 841
11 21 747 59
11 22 643 123
11 23 404 159
11 24 231 586
11 25 506 139
11 26 495 89
11 27 533 233
11 28 155 880
11 29 323 44
11 30 296 920
11 31 271 685
11 32 128 662
11 33 173 785
11 34 679 320
11 35 318 794
11 36 288 316
11 37 421 441
11 38 110 919
11 39 846 197
11 40 192 968
11 41 764 67
11 42 673 862
11 43 255 214
11 44 412 857
11 45 736 735
11 46 710 486
11 47 815 845
11 48 201 313
11 49 102 919
12 13 442 441
12 14 499 311
12 15 835 103
12 16 425 522
12 17 324 706
12 18 38 555
12 19 702 420
12 20 44 844
12 21 880 640
12 22 989 15
12 23 914 509
12 24 555 731
12 25 818 355
12 26 190 563
12 27 454 892
12 28 483 118
12 29 486 592
12 30 201 339
12 31 781 99
12 32 908 58
12 33 332 156
12 34 84 750
12 35 61 453
12 36 665 707
12 37 464 47
12 38 289 648
12 39 314 760
12 40 877 142
12 41 985 278
12 42 952 274
12 43 120 914
12 44 497 839
12 45 856 853
12 46 363 320
12 47 45 702
12 48 445 945
12 49 572 759
13 14 632 900
13 15 525 811
13 16 373 162
13 17 733 95
13 18 685 215
13 19 310 689
13 20 864 752
13 21 527 496
13 22 477 111
13 23 533 145
13 24 672 48
13 25 134 911
13 26 828 196
13 27 175 79
13 28 138 199
13 29 700 260
13 30 703 487
13 31 328 800
13 32 968 44
13 33 855 650
13 34 678 253
13 35 153 509
13 36 830 89
13 37 503 790
13 38 793 352
13 39 698 33
13 40 308 447
13 41 882 667
13 42 360 466
13 43 513 548
13 44 379 497
13 45 950 143
13 46 986 32
13 47 25 698
13 48 784 41
13 49 717 63
14 15 822 454
14 16 574 354
14 17 793 144
14 18 260 361
14 19 493 502
14 20 992 45
14 21 709 150
14 22 626 733
14 23 484 395
14 24 196 342
14 25 413 694
14 26 344 475
14 27 773 381
14 28 408 879
14 29 912 127
14 30 47 263
14 31 932 600
14 32 886 328
14 33 425 880
14 34 671 378
14 35 82 938
14 36 641 180
14 37 93 795
14 38 959 103
14 39 839 142
14 40 181 852
14 41 826 612
14 42 582 611
14 43 847 353
14 44 117 694
14 45 642 709
14 46 377 156
14 47 904 506
14 48 33 925
14 49 152 86
15 16 125 145
15 17 934 603
15 18 779 191
15 19 908 356
15 20 692 301
15 21 833 137
15 22 481 742
15 23 853 144
15 24 65 677
15 25 502 176
15 26 265 459
15 27 448 343
15 28 211 513
15 29 595 28
15 30 81 567
15 31 494 433
15 32 141 766
15 33 810 832
15 34 361 596
15 35 330 877
15 36 631 920
15 37 789 879
15 38 801 276
15 39 266 506
15 40 670 608
15 41 50 322
15 42 782 836
15 43 635 366
15 44 311 408
15 45 193 832
15 46 13 807
15 47 881 87
15 48 807 64
15 49 778 224
16 17 212 60
16 18 810 537
16 19 376 766
16 20 913 192
16 21 652 353
16 22 19 971
16 23 310 627
16 24 940 154
16 25 305 679
16 26 28 822
16 27 542 289
16 28 720 378
16 29 785 498
16 30 873 138
16 31 376 779
16 32 427 222
16 33 169 494
16 34 82 459
16 35 614 884
16 36 59 628
16 37 418 724
16 38 542 623
16 39 985 96
16 40 247 772
16 41 176 590
16 42 146 120
16 43 934 115
16 44 394 422
16 45 267 587
16 46 988 97
16 47 118 600
16 48 854 197
16 49 991 363
17 18 186 332
17 19 640 508
17 20 422 409
17 21 332 228
17 22 135 911
17 23 398 457
17 24 798 856
17 25 779 73
17 26 871 92
17 27 863 537
17 28 491 704
17 29 719 128
17 30 474 850
17 31 389 791
17 32 306 926
17 33 865 495
17 34 265 205
17 35 541 357
17 36 914 210
17 37 351 169
17 38 306 669
17 39 880 104
17 40 156 995
17 41 168 564
17 42 779 250
17 43 25 953
17 44 298 657
17 45 438 730
17 46 488 328
17 47 480 203
17 48 962 391
17 49 679 518
18 19 571 127
18 20 647 446
18 21 489 314
18 22 28 914
18 23 322 431
18 24 580 815
18 25 597 35
18 26 534 226
18 27 670 245
18 28 440 400
18 29 680 326
18 30 46 776
18 31 995 476
18 32 265 531
18 33 381 881
18 34 554 526
18 35 149 906
18 36 194 610
18 37 498 345
18 38 596 445
18 39 177 389
18 40 280 765
18 41 875 332
18 42 473 175
18 43 28 914
18 44 803 246
18 45 271 806
18 46 393 913
18 47 207 523
18 48 157 781
18 49 131 725
19 20 359 303
19 21 839 587
19 22 67 605
19 23 902 4
19 24 568 519
19 25 496 663
19 26 588 448
19 27 962 69
19 28 13 811
19 29 347 726
19 30 495 850
19 31 793 179
19 32 68 881
19 33 503 920
19 34 307 321
19 35 202 908
19 36 583 223
19 37 901 201
19 38 884 218
19 39 983 3
19 40 226 782
19 41 463 928
19 42 835 708
19 43 598 461
19 44 719 76
19 45 354 170
19 46 229 542
19 47 145 228
19 48 865 182
19 49 17 878
20 21 108 844
20 22 329 373
20 23 938 181
20 24 73 904
20 25 33 862
20 26 704 498
20 27 211 380
20 28 947 89
20 29 493 285
20 30 295 541
20 31 741 658
20 32 164 870
20 33 177 655
20 34 73 929
20 35 812 525
20 36 730 290
20 37 83 357
20 38 213 630
20 39 58 461
20 40 578 542
20 41 684 759
20 42 501 980
20 43 780 634
20 44 308 624
20 45 30 938
20 46 551 653
20 47 232 784
20 48 512 607
20 49 971 657
21 22 837 266
21 23 329 492
21 24 579 339
21 25 610 398
21 26 888 341
21 27 996 33
21 28 436 710
21 29 155 474
21 30 54 801
21 31 105 967
21 32 857 11
21 33 63 960
21 34 801 28
21 35 961 22
21 36 464 93
21 37 202 72
21 38 803 794
21 39 384 613
21 40 592 343
21 41 10 962
21 42 972 453
21 43 496 650
21 44 227 204
21 45 908 327
21 46 498 332
21 47 579 427
21 48 787 152
21 49 926 264
22 23 510 243
22 24 396 758
22 25 185 699
22 26 620 636
22 27 974 256
22 28 670 435
22 29 991 253
22 30 126 690
22 31 315 470
22 32 597 336
22 33 185 241
22 34 602 77
22 35 664 87
22 36 988 278
22 37 119 426
22 38 464 88
22 39 172 950
22 40 426 344
22 41 8 998
22 42 445 967
22 43 517 907
22 44 992 147
22 45 434 481
22 46 811 154
22 47 614 418
22 48 868 79
22 49 534 423
23 24 992 244
23 25 679 517
23 26 129 464
23 27 840 320
23 28 926 388
23 29 190 504
23 30 204 896
23 31 207 431
23 32 71 607
23 33 542 629
23 34 850 27
23 35 856 159
23 36 728 427
23 37 843 417
23 38 186 660
23 39 926 24
23 40 95 919
23 41 841 499
23 42 777 738
23 43 941 153
23 44 894 203
23 45 842 459
23 46 281 414
23 47 968 206
23 48 809 317
23 49 518 81
24 25 94 635
24 26 571 116
24 27 937 12
24 28 372 537
24 29 120 713
24 30 251 974
24 31 39 770
24 32 204 993
24 33 703 328
24 34 699 447
24 35 582 601
24 36 818 408
24 37 432 523
24 38 739 739
24 39 368 606
24 40 333 389
24 41 98 847
24 42 998 49
24 43 389 404
24 44 294 576
24 45 286 445
24 46 655 673
24 47 935 838
24 48 182 632
24 49 442 610
25 26 423 377
25 27 170 575
25 28 604 996
25 29 183 552
25 30 143 195
25 31 752 222
25 32 562 365
25 33 945 239
25 34 510 217
25 35 527 97
25 36 332 787
25 37 490 606
25 38 415 32
25 39 971 457
25 40 833 79
25 41 339 883
25 42 983 123
25 43 191 663
25 44 145 55
25 45 719 840
25 46 356 248
25 47 594 128
25 48 443 452
25 49 54 475
26 27 706 578
26 28 909 73
26 29 939 420
26 30 843 303
26 31 49 755
26 32 841 616
26 33 589 463
26 34 302 911
26 35 809 772
26 36 239 974
26 37 458 924
26 38 880 192
26 39 162 148
26 40 230 203
26 41 997 126
26 42 879 369
26 43 466 207
26 44 823 837
26 45 581 363
26 46 678 57
26 47 697 324
26 48 320 413
26 49 454 450
27 28 310 910
27 29 438 290
27 30 435 282
27 31 368 233
27 32 228 608
27 33 1 983
27 34 468 484
27 35 558 664
27 36 794 443
27 37 79 542
27 38 268 841
27 39 552 296
27 40 624 848
27 41 363 908
27 42 701 57
27 43 826 717
27 44 638 292
27 45 805 98
27 46 170 562
27 47 855 481
27 48 676 514
27 49 25 830
28 29 544 33
28 30 654 805
28 31 746 68
28 32 86 945
28 33 197 290
28 34 321 709
28 35 861 547
28 36 368 949
28 37 725 64
28 38 319 753
28 39 522 549
28 40 912 385
28 41 268 377
28 42 175 759
28 43 778 226
28 44 905 64
28 45 566 640
28 46 804 243
28 47 343 608
28 48 252 971
28 49 486 294
29 30 171 869
29 31 148 878
29 32 382 920
29 33 25 697
29 34 928 2
29 35 943 140
29 36 109 987
29 37 614 483
29 38 438 493
29 39 856 813
29 40 152 516
29 41 362 904
29 42 450 62
29 43 373 853
29 44 715 486
29 45 852 298
29 46 191 853
29 47 130 881
29 48 256 338
29 49 278 805
30 31 64 937
30 32 264 983
30 33 309 354
30 34 792 482
30 35 658 51
30 36 103 635
30 37 879 14
30 38 440 477
30 39 209 628
30 40 29 917
30 41 810 66
30 42 654 627
30 43 846 540
30 44 462 770
30 45 505 936
30 46 121 253
30 47 33 923
30 48 156 646
30 49 27 853
31 32 349 187
31 33 606 447
31 34 443 139
31 35 19 1000
31 36 116 269
31 37 903 260
31 38 88 341
31 39 34 932
31 40 968 15
31 41 107 996
31 42 925 3
31 43 339 471
31 44 619 397
31 45 526 900
31 46 678 572
31 47 201 622
31 48 654 188
31 49 925 628
32 33 551 346
32 34 392 254
32 35 529 345
32 36 785 88
32 37 222 847
32 38 699 664
32 39 415 29
32 40 425 574
32 41 102 869
32 42 424 795
32 43 792 706
32 44 413 906
32 45 231 987
32 46 265 848
32 47 273 887
32 48 834 193
32 49 97 470
33 34 124 987
33 35 316 826
33 36 863 89
33 37 114 309
33 38 816 964
33 39 106 979
33 40 516 545
33 41 366 639
33 42 773 10
33 43 104 647
33 44 487 401
33 45 228 204
33 46 841 133
33 47 38 801
33 48 978 283
33 49 384 515
34 35 665 711
34 36 396 141
34 37 847 581
34 38 503 272
34 39 982 207
34 40 569 139
34 41 944 16
34 42 289 564
34 43 556 263
34 44 399 400
34 45 319 184
34 46 309 163
34 47 479 792
34 48 768 543
34 49 772 606
35 36 553 659
35 37 793 550
35 38 666 565
35 39 268 739
35 40 329 115
35 41 678 719
35 42 772 654
35 43 212 180
35 44 425 620
35 45 175 815
35 46 548 759
35 47 52 861
35 48 280 192
35 49 645 898
36 37 712 686
36 38 712 895
36 39 90 309
36 40 448 638
36 41 771 94
36 42 654 191
36 43 889 130
36 44 60 998
36 45 965 853
36 46 338 959
36 47 539 569
36 48 440 817
36 49 240 919
37 38 621 627
37 39 888 270
37 40 358 205
37 41 392 705
37 42 99 471
37 43 712 27
37 44 54 858
37 45 950 223
37 46 602 316
37 47 139 154
37 48 512 557
37 49 459 80
38 39 269 326
38 40 847 800
38 41 312 470
38 42 381 581
38 43 813 647
38 44 870 693
38 45 500 769
38 46 561 603
38 47 117 797
38 48 656 800
38 49 583 352
39 40 191 946
39 41 119 657
39 42 215 781
39 43 990 139
39 44 463 125
39 45 579 437
39 46 845 402
39 47 83 607
39 48 261 673
39 49 764 186
40 41 744 207
40 42 802 288
40 43 996 128
40 44 887 37
40 45 637 373
40 46 318 872
40 47 918 69
40 48 604 133
40 49 794 466
41 42 894 24
41 43 501 150
41 44 930 54
41 45 551 589
41 46 161 643
41 47 201 873
41 48 50 841
41 49 145 734
42 43 215 271
42 44 613 321
42 45 951 15
42 46 987 126
42 47 587 490
42 48 465 512
42 49 659 872
43 44 871 571
43 45 213 602
43 46 972 6
43 47 479 556
43 48 363 256
43 49 296 74
44 45 598 466
44 46 368 423
44 47 962 364
44 48 247 792
44 49 51 685
45 46 244 728
45 47 154 540
45 48 170 786
45 49 469 609
46 47 53 798
46 48 774 286
46 49 309 922
47 48 940 31
47 49 93 909
48 49 380 630
0
3495
1230 41192
1232 41120
1235 41070
1236 41013
1237 40998
1238 40427
1240 40355
1243 40305
1244 40248
1245 40233
1246 39809
1251 39687
1255 39515
1256 39440
1260 39393
1261 39318
1265 39146
1268 39138
1270 39024
1273 39016
1274 38997
1276 38949
1277 38925
1279 38875
1282 38867
1283 38850
1284 38787
1285 38767
1286 38712
1287 38637
1288 38615
1291 38607
1293 38493
1296 38343
1299 38335
1302 38268
1305 38194
1308 38186
1309 38181
1310 38106
1313 38099
1314 38078
1315 38066
1316 37964
1319 37812
1322 37804
1325 37697
1328 37663
1331 37622
1334 37548
1337 37540
1340 37473
1342 37453
1343 37432
1345 37318
1348 37310
1351 37243
1352 37218
1354 37169
1357 37161
1358 37143
1360 37094
1361 37069
1363 37047
1366 37039
1367 36994
1369 36972
1370 36953
1371 36925
1372 36839
1374 36817
1377 36809
1378 36764
1380 36742
1381 36690
1383 36668
1386 36660
1387 36615
1389 36593
1390 36568
1392 36552
1394 36549
1395 36520
1396 36493
1397 36475
1398 36446
1400 36424
1401 36338
1407 36263
1410 36189
1416 36114
1418 36094
1419 36073
1423 36048
1424 36019
1425 35998
1426 35974
1427 35945
1432 35899
1433 35870
1436 35829
1440 35804
1442 35754
1443 35730
1449 35655
1455 35642
1456 35618
1457 35589
1459 35542
1463 35538
1464 35509
1466 35502
1467 35473
1469 35463
1470 35432
1472 35430
1473 35393
1476 35357
1477 35333
1479 35318
1480 35294
1483 35258
1486 35219
1491 35192
1493 35145
1496 35106
1501 35079
1503 35073
1504 35040
1506 35033
1507 35013
1509 34994
1510 34974
1514 34939
1517 34900
1520 34861
1524 34826
1527 34787
1532 34760
1533 34749
1535 34721
1537 34714
1538 34694
1540 34675
1541 34655
1544 34632
1546 34628
1548 34581
1551 34542
1556 34515
1559 34476
1561 34469
1564 34430
1565 34426
1567 34421
1568 34387
1572 34352
1574 34347
1575 34313
1577 34308
1580 34286
1581 34275
1583 34247
1585 34240
1587 34235
1588 34201
1590 34196
1593 34167
1596 34107
1599 34068
1604 34041
1607 34002
1609 33995
1612 33956
1617 33922
1620 33883
1622 33873
1625 33834
1628 33817
1630 33807
1633 33768
1634 33767
1635 33761
1637 33728
1638 33722
1641 33693
1643 33688
1644 33654
1646 33649
1649 33627
1650 33616
1652 33588
1654 33581
1656 33576
1657 33542
1659 33537
1662 33515
1664 33509
1665 33448
1668 33409
1673 33382
1676 33343
1678 33336
1681 33297
1686 33270
1689 33231
1691 33214
1694 33175
1699 33148
1702 33109
1704 33102
1707 33063
1712 33036
1715 32997
1721 32991
1722 32986
1723 32974
1726 32935
1730 32920
1731 32908
1734 32869
1736 32862
1739 32823
1743 32808
1744 32796
1747 32757
1750 32756
1751 32751
1753 32730
1754 32712
1756 32691
1758 32684
1761 32645
1766 32618
1769 32579
1771 32562
1774 32523
1779 32496
1782 32457
1784 32450
1787 32411
1792 32384
1795 32345
1801 32339
1802 32334
1803 32322
1806 32283
1810 32268
1811 32256
1814 32217
1816 32210
1819 32171
1823 32156
1824 32144
1827 32105
1830 32104
1831 32099
1834 32060
1839 32033
1842 31994
1848 31988
1849 31976
1850 31971
1853 31932
1857 31917
1858 31905
1861 31866
1862 31864
1863 31859
1866 31820
1870 31805
1871 31793
1874 31754
1877 31753
1881 31742
1882 31739
1883 31736
1884 31733
1885 31727
1886 31712
1888 31697
1890 31673
1891 31670
1892 31668
1893 31667
1896 31625
1900 31612
1901 31601
1905 31564
1908 31562
1909 31513
1914 31506
1915 31503
1916 31494
1919 31492
1920 31457
1924 31428
1925 31427
1928 31391
1931 31383
1933 31361
1936 31356
1939 31317
1944 31310
1945 31297
1946 31292
1947 31287
1948 31285
1949 31265
1950 31255
1952 31241
1954 31226
1957 31214
1958 31189
1959 31187
1960 31175
1963 31143
1967 31128
1968 31116
1971 31077
1974 31076
1979 31062
1980 31056
1982 31046
1983 31035
1984 31024
1985 31022
1986 31017
1987 30996
1988 30993
1989 30978
1993 30948
1995 30934
1997 30912
2000 30911
2002 30887
2003 30883
2006 30836
2011 30829
2014 30812
2017 30796
2018 30794
2019 30781
2022 30750
2026 30735
2027 30723
2028 30718
2030 30684
2032 30671
2037 30664
2039 30659
2040 30647
2042 30620
2045 30616
2046 30588
2048 30585
2049 30571
2052 30555
2054 30540
2056 30519
2057 30513
2061 30494
2062 30486
2063 30477
2065 30443
2070 30436
2072 30423
2073 30419
2075 30406
2077 30379
2080 30375
2081 30362
2082 30359
2083 30348
2087 30315
2089 30304
2091 30278
2096 30257
2099 30254
2100 30206
2105 30195
2108 30178
2111 30163
2113 30147
2116 30120
2120 30105
2121 30093
2122 30084
2124 30054
2126 30041
2131 30030
2133 30029
2134 30013
2136 29986
2139 29982
2140 29958
2142 29955
2143 29941
2146 29922
2148 29910
2150 29889
2153 29888
2155 29864
2157 29847
2159 29813
2164 29806
2166 29793
2167 29789
2169 29776
2171 29749
2174 29745
2175 29732
2176 29729
2179 29727
2180 29725
2181 29685
2183 29682
2185 29648
2190 29641
2192 29636
2193 29624
2194 29606
2195 29597
2197 29584
2199 29565
2202 29548
2205 29533
2207 29517
2211 29501
2213 29498
2214 29494
2215 29484
2216 29454
2219 29453
2220 29441
2221 29432
2222 29427
2224 29420
2225 29400
2228 29383
2230 29356
2233 29352
2235 29349
2236 29340
2237 29336
2238 29326
2240 29292
2242 29289
2245 29285
2246 29275
2247 29272
2248 29262
2250 29252
2251 29247
2252 29228
2253 29213
2256 29191
2259 29189
2261 29184
2262 29174
2264 29158
2265 29149
2266 29127
2270 29108
2273 29107
2274 29103
2275 29085
2276 29076
2278 29060
2279 29048
2280 29044
2282 29041
2283 29027
2285 29024
2287 28997
2288 28996
2290 28993
2291 28984
2292 28980
2293 28965
2296 28943
2297 28933
2300 28932
2301 28917
2302 28911
2303 28906
2304 28895
2306 28879
2309 28862
2310 28854
2311 28835
2313 28832
2314 28831
2316 28827
2318 28815
2319 28800
2322 28783
2323 28768
2324 28756
2327 28749
2329 28741
2330 28740
2331 28731
2332 28726
2333 28717
2334 28692
2336 28689
2337 28670
2340 28668
2342 28662
2343 28658
2344 28652
2345 28637
2346 28628
2348 28625
2349 28614
2350 28591
2351 28587
2353 28584
2356 28574
2357 28566
2358 28558
2359 28539
2360 28527
2363 28520
2364 28508
2366 28503
2368 28476
2371 28472
2372 28460
2374 28444
2376 28441
2377 28422
2380 28420
2381 28397
2382 28396
2384 28393
2385 28374
2387 28370
2390 28343
2391 28333
2394 28311
2397 28306
2398 28295
2400 28279
2403 28262
2405 28235
2407 28232
2408 28228
2411 28227
2412 28215
2413 28205
2414 28201
2416 28180
2417 28168
2420 28167
2421 28149
2423 28141
2425 28131
2427 28117
2429 28101
2431 28070
2434 28063
2437 28058
2439 28037
2440 28036
2441 28035
2442 28015
2443 28014
2444 28011
2445 27987
2447 27984
2450 27982
2451 27966
2453 27939
2455 27936
2457 27920
2460 27903
2462 27876
2465 27872
2467 27869
2468 27849
2470 27846
2471 27822
2474 27820
2477 27808
2478 27795
2479 27774
2482 27772
2484 27759
2486 27751
2487 27741
2488 27711
2493 27704
2494 27684
2497 27677
2498 27676
2500 27655
2502 27628
2505 27627
2508 27601
2510 27580
2514 27569
2516 27553
2518 27547
2519 27544
2520 27534
2523 27530
2524 27511
2525 27490
2528 27463
2533 27461
2534 27436
2536 27415
2541 27409
2542 27388
2544 27382
2545 27379
2547 27373
2549 27365
2550 27355
2551 27325
2556 27318
2558 27307
2559 27296
2561 27290
2563 27282
2564 27270
2565 27242
2568 27241
2571 27234
2573 27194
2580 27189
2581 27161
2582 27158
2584 27148
2586 27135
2587 27125
2589 27113
2590 27110
2591 27077
2596 27075
2597 27069
2599 27029
2604 27027
2607 26996
2608 26993
2613 26981
2614 26962
2615 26948
2616 26945
2621 26927
2622 26910
2623 26906
2627 26895
2629 26879
2630 26862
2633 26860
2636 26847
2637 26836
2638 26816
2641 26789
2646 26781
2647 26762
2649 26741
2654 26735
2655 26714
2657 26701
2660 26699
2663 26671
2664 26651
2669 26644
2671 26633
2672 26622
2673 26620
2674 26613
2677 26596
2678 26568
2681 26567
2685 26563
2686 26520
2693 26515
2694 26487
2695 26484
2699 26461
2700 26450
2702 26439
2703 26436
2704 26403
2709 26401
2711 26392
2712 26355
2717 26353
2720 26322
2721 26319
2726 26285
2728 26274
2729 26271
2734 26266
2735 26236
2737 26227
2742 26204
2743 26188
2749 26170
2750 26162
2751 26155
2752 26152
2753 26146
2754 26143
2756 26135
2758 26121
2759 26107
2760 26104
2762 26075
2765 26072
2768 26060
2770 26027
2775 26025
2776 25997
2778 25994
2779 25987
2782 25970
2784 25957
2786 25946
2787 25939
2791 25907
2795 25906
2796 25903
2798 25889
2799 25882
2800 25876
2801 25860
2802 25849
2805 25848
2807 25826
2808 25823
2810 25820
2812 25814
2813 25776
2816 25766
2819 25765
2822 25764
2823 25744
2824 25718
2829 25695
2830 25692
2832 25685
2833 25682
2834 25669
2835 25659
2838 25648
2839 25611
2842 25601
2847 25599
2849 25579
2850 25553
2855 25530
2856 25527
2858 25520
2859 25517
2862 25496
2864 25483
2866 25472
2867 25469
2871 25448
2872 25446
2873 25434
2878 25415
2879 25412
2880 25402
2881 25386
2887 25367
2888 25360
2889 25353
2890 25350
2893 25331
2896 25330
2897 25283
2903 25270
2906 25266
2908 25259
2909 25250
2910 25243
2912 25228
2913 25202
2914 25195
2919 25189
2920 25186
2922 25185
2923 25170
2925 25153
2928 25147
2929 25105
2936 25104
2937 25100
2938 25098
2939 25089
2940 25056
2942 25050
2945 25024
2946 25021
2950 25019
2951 24974
2957 24972
2958 24969
2959 24966
2962 24940
2964 24938
2967 24893
2968 24890
2973 24857
2976 24854
2977 24809
2989 24776
2990 24773
2993 24728
2994 24725
3003 24716
3006 24692
3009 24689
3010 24644
3019 24635
3020 24632
3024 24591
3030 24589
3031 24577
3032 24556
3036 24551
3040 24510
3041 24507
3045 24501
3046 24474
3049 24472
3050 24426
3054 24425
3060 24423
3061 24420
3062 24393
3063 24390
3066 24345
3067 24342
3071 24341
3073 24322
3076 24308
3079 24305
3080 24260
3089 24241
3090 24238
3092 24227
3093 24224
3096 24179
3097 24176
3106 24157
3109 24143
3111 24135
3113 24095
3122 24088
3123 24085
3127 24042
3133 24040
3134 24028
3135 24025
3136 24023
3137 24020
3139 24004
3142 23987
3143 23961
3144 23958
3146 23939
3149 23925
3153 23877
3162 23858
3163 23855
3165 23844
3166 23841
3169 23796
3170 23793
3176 23773
3182 23760
3184 23752
3186 23712
3192 23692
3193 23689
3200 23671
3201 23668
3205 23656
3207 23645
3209 23608
3214 23586
3223 23555
3226 23553
3227 23550
3230 23505
3231 23502
3239 23474
3240 23471
3243 23469
3245 23438
3247 23421
3249 23390
3261 23357
3262 23354
3265 23309
3266 23306
3275 23299
3278 23273
3280 23265
3282 23225
3287 23203
3296 23184
3297 23181
3299 23170
3300 23167
3303 23122
3304 23119
3310 23099
3316 23086
3320 23038
3326 23018
3327 23015
3336 23008
3339 22982
3342 22979
3343 22934
3352 22927
3353 22924
3356 22922
3360 22920
3361 22912
3362 22882
3363 22879
3364 22876
3365 22864
3369 22843
3374 22825
3379 22764
3383 22716
3395 22683
3396 22680
3399 22635
3400 22632
3409 22625
3412 22599
3416 22551
3425 22544
3426 22541
3434 22531
3435 22519
3436 22516
3438 22508
3442 22460
3449 22450
3452 22435
3459 22389
3465 22369
3466 22366
3473 22365
3475 22351
3476 22338
3477 22335
3478 22333
3481 22330
3482 22285
3489 22284
3490 22281
3493 22254
3500 22214
3506 22200
3511 22181
3513 22176
3515 22133
3518 22115
3522 22067
3531 22052
3532 22049
3534 22034
3535 22031
3538 21986
3539 21983
3548 21968
3551 21950
3555 21902
3565 21900
3573 21882
3574 21870
3575 21867
3581 21819
3590 21807
3591 21786
3598 21783
3599 21770
3606 21730
3607 21723
3614 21702
3615 21689
3616 21686
3622 21649
3623 21646
3628 21643
3632 21605
3639 21565
3650 21532
3654 21484
3666 21451
3667 21448
3670 21403
3671 21400
3683 21367
3687 21319
3697 21317
3705 21299
3706 21287
3707 21284
3713 21236
3722 21224
3723 21203
3731 21187
3738 21147
3739 21140
3747 21106
3748 21103
3754 21066
3755 21063
3760 21060
3764 21022
3771 20982
3782 20965
3784 20962
3790 20939
3792 20924
3800 20881
3807 20866
3812 20863
3813 20860
3815 20850
3816 20843
3823 20803
3826 20798
3829 20779
3831 20769
3832 20766
3836 20765
3837 20763
3841 20732
3844 20723
3848 20685
3859 20668
3861 20665
3865 20663
3866 20628
3868 20625
3877 20584
3884 20544
3895 20527
3900 20506
3903 20501
3905 20486
3906 20482
3913 20468
3918 20449
3920 20428
3921 20426
3924 20425
3926 20415
3927 20412
3929 20405
3936 20365
3942 20341
3943 20331
3945 20328
3954 20294
3961 20247
3972 20230
3978 20225
3979 20190
3982 20189
3990 20178
3994 20162
3995 20152
3997 20131
4001 20128
4003 20125
4006 20115
4008 20114
4013 20068
4019 20044
4029 20035
4030 20032
4031 20011
4034 20010
4037 19987
4039 19977
4040 19974
4046 19951
4049 19940
4055 19928
4056 19893
4066 19891
4071 19865
4075 19850
4077 19835
4082 19810
4089 19808
4091 19798
4092 19777
4097 19774
4098 19771
4101 19761
4103 19752
4104 19748
4108 19714
4114 19690
4124 19681
4125 19678
4127 19671
4129 19656
4134 19631
4138 19622
4140 19607
4141 19597
4143 19594
4150 19574
4152 19560
4159 19513
4166 19511
4170 19496
4174 19494
4176 19491
4177 19456
4180 19455
4188 19444
4190 19443
4192 19428
4193 19418
4195 19397
4199 19394
4201 19391
4204 19381
4206 19380
4207 19365
4211 19334
4217 19310
4228 19307
4229 19277
4232 19276
4235 19253
4237 19243
4238 19240
4247 19206
4253 19194
4254 19159
4269 19131
4273 19127
4274 19124
4275 19101
4283 19090
4287 19074
4289 19064
4290 19043
4295 19040
4296 19037
4299 19027
4305 19015
4306 18980
4312 18956
4325 18948
4326 18945
4327 18922
4332 18921
4335 18905
4336 18888
4342 18864
4347 18861
4348 18840
4357 18830
4360 18799
4364 18777
4372 18760
4377 18758
4378 18742
4381 18741
4386 18725
4388 18709
4394 18685
4396 18683
4398 18678
4400 18661
4405 18631
4412 18620
4418 18596
4424 18581
4426 18573
4430 18563
4433 18562
4435 18555
4436 18539
4438 18529
4441 18515
4446 18506
4448 18492
4454 18480
4455 18445
4463 18428
4470 18417
4474 18413
4476 18387
4484 18376
4487 18360
4490 18350
4491 18329
4496 18326
4499 18312
4506 18301
4507 18266
4513 18242
4523 18232
4528 18208
4536 18191
4537 18174
4543 18150
4548 18147
4549 18126
4558 18116
4563 18092
4565 18063
4573 18046
4581 18035
4584 18031
4586 18027
4587 18011
4589 17995
4595 17971
4599 17964
4601 17947
4606 17917
4619 17914
4621 17889
4625 17867
4627 17859
4631 17855
4635 17848
4638 17846
4639 17832
4642 17801
4647 17792
4651 17785
4654 17783
4655 17775
4656 17773
4658 17738
4664 17714
4679 17680
4683 17676
4687 17663
4688 17646
4694 17622
4700 17598
4707 17596
4709 17588
4714 17570
4715 17564
4716 17535
4724 17518
4733 17514
4736 17512
4738 17502
4739 17484
4740 17467
4746 17443
4752 17419
4760 17402
4768 17400
4769 17392
4770 17386
4774 17374
4775 17368
4776 17339
4782 17327
4789 17318
4791 17308
4796 17299
4797 17293
4798 17264
4805 17255
4806 17247
4807 17245
4812 17223
4813 17221
4817 17217
4821 17213
4822 17207
4828 17187
4832 17183
4834 17148
4841 17139
4842 17131
4843 17129
4849 17105
4853 17101
4857 17097
4858 17068
4865 17042
4869 17038
4873 17025
4875 17014
4882 17011
4887 16984
4889 16974
4894 16952
4895 16950
4899 16946
4901 16926
4905 16922
4909 16909
4911 16898
4918 16895
4919 16893
4920 16888
4923 16868
4925 16846
4927 16835
4931 16834
4935 16818
4943 16817
4944 16814
4946 16800
4947 16771
4951 16767
4954 16762
4955 16754
4957 16743
4961 16730
4963 16719
4971 16702
4978 16694
4980 16692
4981 16686
4983 16655
4987 16639
4991 16638
4993 16627
5000 16618
5002 16608
5006 16604
5007 16575
5009 16564
5016 16555
5017 16547
5018 16545
5023 16523
5024 16521
5031 16518
5032 16513
5033 16507
5036 16491
5039 16487
5043 16459
5045 16448
5052 16439
5053 16431
5054 16429
5060 16405
5067 16402
5068 16397
5069 16368
5076 16342
5084 16325
5093 16311
5096 16295
5098 16284
5100 16274
5105 16252
5106 16250
5112 16226
5120 16209
5128 16207
5129 16195
5130 16193
5132 16179
5134 16168
5136 16146
5142 16134
5149 16125
5154 16117
5157 16100
5158 16071
5165 16062
5166 16054
5172 16030
5181 16020
5182 16014
5188 16011
5189 15994
5194 15955
5201 15946
5202 15938
5209 15929
5212 15926
5217 15904
5218 15875
5225 15866
5231 15854
5236 15846
5238 15845
5242 15818
5247 15791
5254 15759
5261 15750
5270 15740
5271 15734
5272 15730
5278 15702
5283 15675
5291 15658
5300 15656
5301 15646
5306 15624
5307 15595
5320 15574
5325 15566
5327 15565
5331 15538
5341 15532
5343 15479
5361 15450
5367 15422
5373 15410
5385 15393
5389 15376
5395 15368
5397 15353
5398 15344
5401 15336
5409 15294
5422 15287
5425 15279
5427 15265
5433 15237
5447 15233
5448 15218
5451 15208
5455 15191
5461 15183
5464 15159
5467 15151
5475 15149
5477 15134
5484 15109
5488 15102
5491 15094
5499 15092
5500 15083
5501 15054
5508 15052
5512 15043
5514 15028
5521 15024
5522 15011
5525 14997
5535 14991
5536 14986
5537 14938
5550 14924
5558 14918
5559 14911
5561 14881
5567 14869
5574 14832
5589 14827
5591 14812
5595 14795
5598 14775
5603 14753
5619 14738
5620 14729
5625 14726
5626 14721
5627 14696
5632 14689
5640 14647
5655 14642
5656 14632
5661 14610
5664 14590
5678 14586
5679 14578
5685 14553
5686 14544
5692 14536
5698 14504
5710 14487
5715 14462
5722 14447
5737 14435
5738 14433
5739 14405
5744 14401
5745 14393
5761 14359
5767 14351
5768 14344
5769 14336
5772 14334
5773 14319
5781 14277
5797 14262
5802 14258
5803 14250
5805 14220
5810 14216
5825 14204
5826 14201
5827 14174
5833 14166
5834 14159
5839 14134
5851 14117
5856 14113
5857 14109
5862 14105
5863 14077
5868 14073
5879 14063
5880 14056
5885 14031
5891 14019
5892 14016
5903 14006
5907 14004
5908 14002
5909 13974
5914 13970
5915 13962
5929 13958
5932 13945
5937 13916
5938 13913
5943 13908
5944 13905
5949 13876
5961 13859
5967 13851
5973 13819
5989 13805
5990 13802
5995 13773
6001 13765
6013 13748
6019 13716
6025 13708
6043 13698
6047 13662
6065 13647
6066 13644
6071 13605
6078 13604
6089 13590
6095 13587
6104 13559
6111 13544
6117 13536
6118 13533
6124 13501
6130 13493
6135 13487
6141 13479
6156 13448
6163 13433
6175 13428
6176 13390
6187 13376
6205 13353
6221 13325
6227 13307
6233 13299
6244 13279
6250 13271
6251 13250
6257 13242
6274 13221
6279 13196
6296 13168
6303 13139
6310 13138
6321 13124
6326 13110
6336 13093
6343 13078
6349 13070
6350 13067
6356 13035
6362 13027
6367 13021
6373 13013
6388 12982
6395 12967
6407 12962
6408 12924
6419 12910
6441 12906
6446 12888
6453 12859
6460 12858
6470 12845
6471 12844
6476 12813
6482 12805
6487 12803
6493 12798
6498 12789
6500 12787
6506 12755
6512 12747
6517 12741
6523 12733
6528 12702
6545 12687
6558 12644
6569 12630
6589 12627
6591 12626
6596 12620
6597 12619
6602 12584
6607 12581
6613 12570
6620 12565
6624 12542
6626 12533
6632 12525
6637 12523
6648 12509
6664 12505
6666 12489
6669 12477
6670 12473
6676 12465
6678 12422
6702 12420
6705 12412
6711 12404
6722 12362
6748 12356
6749 12345
6755 12344
6757 12301
6774 12262
6798 12260
6801 12241
6818 12202
6826 12199
6845 12192
6851 12184
6853 12141
6870 12139
6889 12132
6895 12106
6897 12081
6905 12078
6922 12039
6946 12037
6949 12018
6963 11990
6966 11979
6985 11972
6993 11969
6999 11961
7001 11918
7025 11916
7029 11912
7037 11909
7042 11869
7045 11858
7081 11849
7084 11834
7086 11809
7111 11767
7122 11762
7133 11749
7155 11707
7174 11700
7177 11689
7190 11646
7214 11644
7218 11640
7232 11611
7234 11586
7272 11572
7287 11538
7311 11490
7322 11477
7346 11475
7357 11474
7362 11469
7366 11417
7397 11390
7421 11389
7424 11387
7440 11386
7441 11348
7448 11339
7459 11326
7461 11300
7492 11297
7497 11285
7503 11266
7514 11252
7529 11221
7547 11214
7558 11201
7573 11179
7593 11131
7629 11116
7641 11112
7642 11107
7651 11101
7668 11093
7672 11085
7675 11067
7679 11048
7711 11040
7721 11037
7723 11034
7728 11021
7730 10980
7750 10976
7765 10945
7774 10938
7800 10924
7804 10916
7809 10903
7816 10897
7829 10855
7864 10834
7868 10826
7887 10825
7900 10819
7904 10811
7911 10791
7915 10772
7946 10770
7950 10751
7954 10743
7966 10704
8001 10683
8005 10675
8010 10662
8036 10648
8040 10640
8049 10633
8052 10621
8075 10619
8079 10595
8091 10592
8096 10579
8100 10558
8104 10550
8136 10543
8139 10529
8158 10528
8160 10504
8182 10494
8186 10475
8190 10467
8216 10444
8237 10407
8241 10399
8273 10392
8276 10378
8281 10365
8285 10357
8297 10353
8311 10343
8320 10336
8323 10324
8327 10316
8341 10311
8350 10298
8354 10290
8367 10282
8371 10274
8375 10253
8409 10252
8410 10244
8411 10238
8422 10236
8426 10228
8431 10207
8435 10199
8457 10189
8461 10170
8487 10147
8491 10139
8512 10102
8535 10097
8547 10093
8548 10087
8556 10060
8568 10056
8572 10048
8592 10045
8594 10038
8598 10019
8612 10014
8616 10006
8625 9993
8642 9977
8654 9973
8658 9965
8680 9955
8681 9947
8685 9939
8697 9931
8702 9923
8706 9902
8741 9889
8742 9887
8753 9885
8757 9877
8762 9842
8792 9819
8806 9800
8818 9796
8822 9788
8842 9785
8843 9751
8866 9746
8879 9736
8887 9709
8908 9705
8923 9694
8929 9668
8952 9663
8956 9642
8973 9626
9003 9625
9007 9617
9014 9612
9019 9600
9028 9580
9042 9559
9072 9538
9088 9533
9093 9491
9129 9476
9137 9449
9170 9442
9173 9434
9179 9408
9214 9400
9223 9366
9269 9340
9278 9320
9311 9299
9322 9278
9355 9257
9374 9256
9386 9252
9392 9242
9404 9237
9407 9205
9420 9182
9451 9163
9464 9140
9493 9122
9528 9114
9534 9104
9537 9080
9552 9073
9578 9062
9583 9054
9592 9034
9596 9031
9615 9030
9625 9013
9636 8992
9659 8988
9669 8971
9687 8970
9690 8969
9706 8956
9710 8953
9718 8951
9721 8950
9722 8937
9724 8925
9734 8896
9768 8883
9770 8881
9778 8854
9814 8839
9847 8831
9848 8818
9866 8787
9892 8776
9902 8772
9910 8745
9929 8744
9946 8730
9965 8729
9973 8702
9992 8693
10001 8684
10004 8683
10024 8667
10036 8651
10044 8647
10045 8642
10048 8641
10061 8635
10078 8634
10080 8632
10087 8624
10088 8605
10105 8593
10124 8584
10138 8579
10141 8578
10150 8573
10158 8569
10159 8564
10162 8563
10166 8561
10168 8542
10176 8538
10185 8536
10196 8532
10199 8531
10202 8527
10203 8518
10219 8515
10220 8496
10239 8495
10240 8490
10243 8489
10247 8476
10270 8470
10282 8464
10283 8453
10298 8452
10302 8444
10303 8439
10306 8438
10311 8435
10314 8434
10319 8432
10333 8427
10334 8418
10335 8409
10346 8402
10355 8393
10358 8392
10363 8390
10371 8386
10379 8367
10398 8366
10415 8344
10434 8335
10442 8324
10461 8315
10470 8306
10473 8305
10478 8293
10493 8289
10495 8287
10501 8286
10505 8273
10513 8269
10514 8264
10517 8263
10530 8257
10541 8250
10550 8241
10553 8240
10557 8227
10574 8215
10593 8206
10608 8203
10610 8200
10613 8190
10616 8189
10628 8186
10629 8183
10637 8164
10645 8160
10654 8158
10663 8154
10668 8153
10671 8149
10673 8141
10688 8137
10689 8118
10708 8117
10709 8112
10712 8111
10725 8103
10731 8102
10743 8100
10746 8097
10749 8096
10751 8086
10752 8075
10771 8066
10772 8061
10775 8060
10780 8057
10783 8056
10788 8054
10798 8051
10801 8050
10803 8040
10808 8038
10811 8037
10815 8024
10824 8015
10827 8014
10832 8012
10840 8008
10849 8006
10858 8002
10866 7997
10868 7996
10876 7993
10884 7966
10903 7957
10912 7955
10920 7951
10926 7950
10929 7946
10938 7937
10941 7936
10946 7934
10947 7915
10964 7909
10970 7908
10975 7905
10978 7904
10983 7900
10993 7899
10996 7898
10998 7888
11010 7872
11019 7863
11022 7862
11038 7854
11041 7853
11056 7848
11059 7847
11061 7837
11078 7831
11082 7812
11085 7811
11098 7805
11107 7803
11115 7799
11124 7794
11126 7793
11133 7785
11136 7784
11142 7763
11159 7757
11178 7748
11196 7734
11199 7733
11212 7727
11221 7725
11222 7706
11233 7702
11236 7701
11251 7696
11254 7695
11256 7685
11273 7679
11277 7660
11280 7659
11309 7658
11311 7650
11321 7641
11336 7628
11347 7624
11350 7623
11365 7618
11368 7617
11372 7615
11373 7596
11391 7582
11394 7581
11417 7554
11446 7547
11449 7546
11456 7538
11459 7537
11487 7518
11504 7506
11521 7500
11531 7476
11560 7469
11563 7468
11570 7460
11573 7459
11584 7449
11586 7441
11596 7432
11618 7428
11635 7422
11638 7420
11639 7403
11642 7402
11666 7399
11681 7398
11682 7396
11684 7385
11687 7384
11698 7371
11700 7363
11710 7354
11735 7339
11753 7325
11756 7324
11779 7297
11816 7295
11819 7294
11824 7279
11842 7267
11849 7261
11867 7259
11879 7244
11889 7235
11893 7219
11946 7213
11949 7208
11956 7189
11985 7182
11988 7181
11993 7166
12003 7157
12011 7154
12021 7145
12043 7141
12060 7135
12063 7133
12064 7116
12067 7115
12091 7112
12098 7111
12107 7109
12108 7102
12109 7098
12112 7097
12123 7084
12125 7076
12135 7067
12160 7052
12178 7038
12181 7037
12204 7010
12249 6992
12274 6974
12292 6972
12304 6957
12314 6948
12318 6932
12374 6921
12392 6919
12400 6912
12402 6910
12409 6902
12414 6895
12418 6879
12428 6870
12479 6866
12483 6857
12506 6850
12514 6834
12523 6824
12533 6815
12550 6808
12567 6804
12570 6803
12593 6776
12635 6761
12650 6755
12658 6754
12660 6746
12663 6740
12681 6738
12697 6726
12698 6721
12707 6698
12765 6691
12768 6685
12786 6683
12793 6681
12794 6676
12802 6671
12812 6643
12858 6629
12872 6623
12895 6616
12913 6614
12914 6608
12917 6595
12939 6574
12968 6567
12986 6545
13040 6540
13044 6519
13073 6512
13090 6505
13091 6490
13133 6473
13160 6467
13170 6465
13174 6463
13175 6458
13190 6452
13196 6442
13203 6437
13214 6423
13218 6421
13238 6418
13247 6395
13305 6388
13308 6382
13319 6368
13323 6366
13352 6340
13412 6320
13435 6313
13446 6299
13457 6292
13479 6271
13493 6270
13517 6265
13526 6242
13580 6237
13584 6216
13598 6215
13631 6187
13682 6183
13692 6181
13695 6179
13697 6177
13700 6164
13710 6162
13714 6160
13725 6146
13736 6139
13754 6120
13758 6118
13803 6113
13815 6107
13819 6105
13822 6094
13830 6091
13859 6065
13863 6063
13903 6062
13911 6059
13919 6045
13927 6039
13942 6038
13960 6036
13961 6030
13964 6017
13979 6011
13986 5996
14024 5990
14033 5967
14084 5963
14091 5941
14131 5940
14135 5938
14138 5912
14199 5906
14202 5904
14207 5889
14211 5887
14221 5885
14239 5883
14243 5864
14265 5843
14310 5838
14326 5830
14329 5819
14363 5816
14370 5788
14410 5787
14418 5784
14434 5764
14468 5761
14486 5736
14515 5732
14530 5729
14539 5716
14542 5714
14561 5695
14591 5688
14613 5667
14642 5663
14650 5660
14666 5640
14706 5639
14714 5636
14718 5612
14747 5608
14782 5588
14811 5584
14826 5581
14838 5566
14863 5556
14878 5553
14887 5540
14890 5538
14909 5519
14938 5515
14946 5512
14968 5508
14976 5497
14990 5487
15014 5464
15043 5460
15081 5442
15095 5432
15133 5414
15159 5408
15174 5405
15186 5390
15215 5386
15241 5383
15253 5368
15264 5360
15267 5358
15279 5350
15286 5339
15323 5332
15324 5321
15360 5318
15361 5314
15391 5284
15429 5266
15482 5264
15495 5258
15517 5250
15520 5246
15532 5244
15533 5240
15551 5225
15563 5210
15589 5207
15601 5192
15654 5190
15656 5170
15694 5152
15747 5150
15760 5144
15782 5136
15785 5132
15798 5126
15820 5118
15828 5096
15866 5078
15919 5076
15954 5062
15957 5058
15992 5044
16031 5040
16037 5038
16040 5035
16069 5022
16075 5020
16109 5018
16131 5015
16137 5010
16157 5006
16160 5002
16164 4996
16181 4995
16195 4988
16202 4978
16249 4977
16255 4976
16265 4970
16274 4967
16278 4964
16290 4962
16293 4958
16294 4948
16328 4944
16332 4930
16336 4922
16374 4904
16427 4902
16458 4896
16462 4888
16465 4884
16500 4870
16539 4866
16545 4864
16548 4861
16577 4848
16583 4846
16636 4844
16639 4841
16645 4836
16665 4832
16668 4828
16674 4826
16689 4821
16703 4814
16728 4812
16748 4808
16751 4805
16757 4803
16773 4796
16782 4793
16786 4790
16802 4774
16840 4756
16878 4753
16928 4740
16931 4736
16941 4735
16966 4722
17004 4719
17005 4718
17009 4715
17014 4713
17043 4700
17049 4698
17081 4697
17087 4695
17105 4693
17111 4688
17131 4680
17140 4678
17150 4677
17155 4673
17169 4666
17194 4664
17207 4663
17212 4659
17217 4657
17223 4655
17239 4648
17248 4645
17252 4642
17277 4630
17286 4627
17306 4623
17343 4622
17344 4605
17397 4603
17400 4590
17407 4587
17435 4585
17445 4584
17457 4579
17470 4571
17475 4567
17513 4564
17518 4562
17526 4556
17533 4553
17547 4549
17553 4547
17576 4546
17583 4545
17597 4532
17610 4531
17616 4529
17644 4527
17649 4524
17659 4522
17666 4521
17673 4515
17678 4511
17684 4509
17715 4507
17721 4506
17722 4504
17723 4498
17736 4497
17752 4494
17756 4491
17771 4489
17781 4479
17790 4476
17819 4473
17837 4464
17846 4461
17853 4458
17866 4457
17873 4454
17887 4453
17903 4450
17904 4439
17911 4436
17941 4434
17961 4428
17967 4421
17979 4416
18017 4413
18030 4405
18037 4402
18042 4398
18070 4396
18080 4395
18087 4394
18092 4390
18093 4387
18101 4381
18114 4380
18120 4378
18150 4376
18153 4373
18157 4366
18164 4363
18182 4360
18188 4358
18214 4355
18226 4353
18227 4347
18232 4343
18245 4342
18251 4340
18275 4338
18283 4332
18290 4329
18304 4325
18323 4322
18340 4321
18341 4313
18350 4310
18357 4307
18387 4305
18391 4302
18406 4300
18407 4299
18413 4292
18416 4290
18425 4287
18454 4284
18467 4279
18471 4270
18488 4269
18508 4265
18521 4262
18538 4255
18546 4247
18594 4240
18596 4239
18597 4236
18610 4234
18623 4233
18625 4232
18628 4231
18630 4230
18634 4229
18637 4227
18660 4226
18661 4215
18668 4212
18697 4211
18698 4210
18711 4209
18717 4207
18718 4204
18724 4197
18736 4192
18749 4191
18755 4189
18786 4187
18787 4181
18794 4178
18799 4174
18827 4172
18837 4171
18844 4170
18846 4169
18849 4166
18850 4163
18862 4158
18871 4156
18890 4154
18910 4149
18917 4141
18925 4140
18939 4136
18958 4133
18975 4132
18983 4129
18984 4126
18992 4118
19030 4116
19036 4115
19039 4114
19040 4111
19042 4110
19043 4107
19061 4103
19065 4102
19076 4101
19083 4098
19098 4089
19107 4086
19114 4083
19144 4081
19157 4080
19163 4078
19164 4075
19170 4068
19173 4066
19182 4063
19195 4062
19201 4060
19224 4055
19228 4046
19245 4045
19265 4041
19278 4038
19295 4037
19296 4034
19299 4032
19303 4023
19353 4015
19354 4012
19371 4011
19376 4010
19385 4007
19394 4003
19429 3989
19468 3985
19479 3981
19499 3978
19502 3976
19506 3967
19543 3963
19544 3960
19556 3959
19574 3955
19594 3951
19597 3947
19613 3945
19618 3940
19619 3937
19632 3933
19668 3932
19669 3929
19670 3926
19674 3917
19711 3912
19724 3909
19743 3902
19749 3894
19799 3886
19800 3883
19818 3879
19837 3878
19840 3874
19868 3871
19869 3868
19875 3860
19909 3859
19914 3856
19925 3852
19944 3845
19952 3838
19994 3837
20002 3830
20020 3826
20021 3823
20040 3822
20043 3818
20071 3815
20078 3804
20112 3803
20128 3796
20147 3789
20183 3788
20184 3785
20185 3784
20197 3781
20214 3777
20223 3770
20250 3764
20259 3762
20287 3760
20288 3757
20289 3754
20311 3750
20332 3749
20336 3740
20358 3739
20362 3737
20363 3734
20380 3732
20395 3730
20397 3728
20415 3720
20418 3714
20455 3709
20462 3706
20472 3705
20487 3699
20492 3698
20493 3691
20541 3690
20543 3683
20562 3676
20600 3675
20607 3672
20612 3668
20618 3664
20635 3663
20638 3657
20658 3653
20675 3649
20696 3635
20744 3634
20746 3627
20765 3620
20802 3616
20815 3612
20839 3611
20841 3601
20876 3600
20877 3593
20910 3586
20927 3585
20929 3581
20950 3580
20958 3574
20971 3571
20995 3569
20998 3566
21012 3565
21021 3563
21022 3559
21033 3551
21074 3547
21080 3537
21102 3536
21130 3529
21152 3528
21166 3518
21174 3515
21198 3513
21215 3509
21224 3507
21225 3503
21236 3495
21284 3494
21286 3487
21305 3480
21342 3476
21355 3472
21379 3471
21381 3461
21417 3453
21450 3446
21467 3445
21487 3442
21490 3440
21500 3438
21503 3434
21537 3431
21550 3420
21558 3417
21582 3415
21599 3411
21608 3409
21620 3397
21668 3396
21670 3389
21703 3383
21706 3378
21744 3377
21753 3375
21756 3370
21765 3363
21812 3359
21815 3355
21849 3354
21862 3351
21866 3350
21873 3344
21887 3336
21910 3334
21934 3332
21937 3328
21959 3325
21960 3323
21972 3314
22018 3310
22022 3306
22028 3300
22052 3298
22069 3294
22078 3292
22090 3280
22140 3272
22201 3271
22202 3263
22225 3261
22239 3253
22264 3249
22281 3247
22289 3245
22299 3241
22306 3239
22342 3235
22343 3227
22380 3217
22404 3215
22421 3211
22430 3209
22442 3197
22492 3189
22552 3188
22554 3180
22573 3178
22596 3176
22601 3175
22604 3172
22616 3166
22633 3164
22651 3158
22658 3156
22695 3144
22714 3142
22738 3140
22745 3136
22764 3134
22776 3122
22826 3114
22887 3113
22888 3105
22911 3103
22925 3095
22950 3091
22967 3089
22975 3087
22985 3083
22998 3082
23017 3081
23028 3077
23029 3069
23066 3059
23090 3057
23107 3053
23116 3051
23128 3039
23178 3031
23238 3030
23240 3022
23275 3020
23287 3017
23290 3014
23302 3008
23319 3006
23337 3000
23369 2998
23381 2986
23431 2978
23493 2969
23525 2963
23543 2961
23575 2955
23590 2947
23637 2946
23640 2939
23677 2937
23696 2932
23702 2930
23714 2927
23734 2924
23752 2922
23755 2921
23764 2919
23776 2907
23826 2899
23886 2898
23888 2896
23890 2893
23907 2890
23923 2888
23935 2885
23950 2876
23967 2874
23985 2868
24017 2866
24029 2854
24079 2846
24151 2842
24159 2837
24173 2831
24209 2829
24223 2823
24238 2815
24288 2807
24344 2800
24364 2798
24382 2792
24414 2790
24426 2778
24476 2770
24503 2769
24544 2768
24546 2763
24553 2761
24573 2759
24585 2756
24606 2753
24623 2745
24635 2739
24673 2737
24685 2731
24737 2730
24741 2724
24749 2718
24794 2717
24797 2714
24799 2710
24832 2706
24864 2704
24876 2692
24926 2684
24958 2679
25006 2675
25008 2671
25020 2669
25056 2667
25064 2664
25070 2661
25085 2653
25135 2645
25146 2642
25191 2638
25196 2634
25223 2633
25229 2630
25261 2628
25273 2616
25323 2608
25350 2607
25355 2603
25400 2599
25405 2595
25432 2594
25453 2591
25461 2588
25482 2577
25532 2569
25588 2562
25613 2560
25620 2557
25641 2555
25663 2552
25670 2549
25691 2547
25714 2545
25735 2543
25747 2531
25797 2523
25854 2522
25865 2521
25872 2515
25878 2514
25906 2509
25928 2506
25956 2501
25979 2499
26002 2498
26013 2491
26031 2484
26063 2483
26081 2476
26137 2469
26162 2467
26190 2462
26212 2459
26234 2458
26240 2454
26263 2451
26284 2450
26296 2438
26346 2430
26414 2428
26427 2421
26455 2416
26477 2413
26505 2408
26528 2405
26574 2402
26586 2399
26600 2396
26636 2391
26650 2388
26670 2384
26687 2383
26710 2381
26713 2376
26745 2375
26759 2374
26763 2368
26790 2366
26819 2361
26840 2358
26871 2357
26872 2354
26882 2353
26894 2351
26916 2350
26921 2349
26922 2346
26935 2338
26978 2330
27028 2322
27066 2321
27094 2316
27097 2315
27109 2313
27137 2308
27147 2307
27159 2305
27187 2300
27210 2297
27239 2296
27256 2293
27268 2291
27278 2290
27282 2288
27306 2285
27318 2283
27329 2282
27332 2280
27352 2276
27369 2275
27392 2273
27402 2268
27429 2266
27451 2265
27458 2261
27472 2258
27503 2257
27511 2254
27514 2253
27522 2250
27553 2249
27561 2246
27564 2245
27584 2243
27603 2241
27617 2230
27667 2222
27735 2220
27736 2215
27748 2213
27776 2208
27779 2207
27798 2205
27826 2200
27829 2199
27849 2197
27895 2193
27907 2191
27910 2190
27921 2188
27938 2185
27957 2183
27960 2182
27971 2180
27988 2177
28008 2175
28011 2174
28031 2173
28054 2172
28057 2171
28069 2168
28080 2166
28083 2165
28103 2163
28111 2158
28133 2157
28153 2153
28161 2150
28192 2149
28203 2145
28230 2143
28242 2141
28259 2138
28270 2136
28273 2135
28292 2133
28312 2131
28320 2128
28323 2127
28343 2125
28362 2123
28385 2120
28401 2119
28404 2118
28415 2116
28418 2107
28468 2099
28536 2097
28549 2090
28577 2085
28599 2082
28627 2077
28650 2074
28696 2071
28708 2068
28722 2065
28758 2060
28772 2057
28809 2052
28832 2050
28855 2049
28878 2046
28881 2043
28904 2040
28912 2035
28943 2034
28954 2032
28962 2027
28993 2026
29030 2025
29037 2024
29043 2018
29071 2013
29093 2010
29121 2005
29144 2002
29175 2001
29190 1999
29202 1996
29216 1993
29247 1992
29252 1988
29266 1985
29297 1984
29303 1980
29326 1978
29349 1977
29372 1974
29375 1971
29398 1968
29425 1963
29448 1960
29479 1959
29485 1956
29516 1955
29531 1952
29554 1950
29557 1946
29580 1944
29607 1938
29630 1936
29661 1935
29697 1931
29705 1926
29736 1925
29739 1922
29755 1918
29786 1917
29789 1914
29820 1913
29836 1909
29867 1908
29879 1907
29886 1901
29917 1900
29929 1899
29933 1898
29937 1893
29968 1892
29983 1890
30009 1884
30040 1883
30059 1876
30090 1875
30115 1873
30119 1869
30150 1868
30165 1865
30191 1859
30222 1858
30241 1851
30272 1850
30297 1849
30328 1848
30341 1847
30347 1841
30373 1835
30404 1834
30423 1827
30454 1826
30519 1825
30544 1822
30560 1821
30569 1817
30600 1816
30612 1814
30629 1810
30658 1809
30662 1806
30682 1804
30701 1800
30726 1798
30742 1797
30751 1792
30782 1791
30807 1790
30814 1787
30845 1786
30857 1782
30864 1779
30883 1776
30914 1775
30933 1768
30964 1767
30996 1763
31027 1762
31046 1755
31077 1754
31142 1753
31167 1750
31172 1747
31192 1745
31218 1742
31219 1739
31250 1738
31269 1731
31300 1730
31324 1728
31349 1726
31374 1720
31405 1719
31430 1718
31461 1717
31474 1716
31475 1714
31480 1710
31506 1704
31537 1703
31556 1696
31587 1695
31653 1694
31660 1691
31691 1690
31703 1686
31710 1683
31729 1680
31760 1679
31779 1672
31810 1671
31841 1670
31842 1667
31873 1666
31892 1659
31923 1658
31988 1657
32013 1654
32018 1651
32038 1649
32064 1646
32082 1643
32098 1642
32127 1641
32131 1638
32162 1637
32170 1632
32195 1630
32220 1624
32251 1623
32276 1622
32307 1621
32320 1620
32326 1614
32352 1608
32383 1607
32402 1600
32433 1599
32505 1598
32523 1595
32554 1594
32565 1593
32591 1587
32622 1586
32629 1585
32637 1582
32641 1579
32672 1578
32687 1574
32705 1571
32736 1570
32755 1568
32786 1567
32844 1565
32846 1562
32853 1561
32884 1560
32894 1557
32903 1553
32934 1552
32944 1550
32975 1549
32990 1545
33021 1544
33040 1542
33058 1539
33089 1538
33131 1536
33138 1535
33142 1532
33173 1531
33188 1527
33206 1524
33237 1523
33256 1521
33287 1520
33297 1518
33328 1517
33343 1513
33374 1512
33395 1510
33426 1509
33434 1507
33441 1506
33445 1503
33476 1502
33491 1498
33522 1497
33541 1495
33559 1492
33590 1491
33641 1490
33648 1489
33665 1486
33680 1484
33698 1481
33729 1480
33748 1478
33779 1477
33787 1475
33794 1474
33798 1471
33829 1470
33844 1466
33875 1465
33926 1464
33933 1463
33950 1460
33968 1457
33983 1455
34014 1454
34033 1452
34051 1449
34082 1448
34105 1446
34136 1445
34181 1441
34196 1440
34203 1439
34234 1438
34246 1437
34253 1431
34284 1430
34303 1428
34321 1425
34336 1423
34367 1422
34442 1421
34473 1420
34479 1416
34510 1415
34529 1413
34549 1408
34556 1407
34587 1406
34606 1399
34637 1398
34704 1397
34743 1396
34749 1392
34780 1391
34799 1389
34830 1388
34832 1384
34863 1383
34893 1382
34924 1381
34943 1374
34974 1373
35045 1369
35052 1368
35083 1367
35102 1360
35133 1359
35200 1358
35229 1354
35260 1353
35298 1351
35329 1350
35363 1349
35371 1348
35372 1347
35382 1344
35389 1343
35420 1342
35439 1335
35470 1334
35627 1328
35635 1326
35666 1325
35668 1324
35675 1323
35706 1322
35725 1315
35756 1314
35831 1313
35862 1312
35914 1311
35921 1306
35952 1305
35964 1303
36128 1302
36148 1299
36160 1294
36193 1292
36200 1291
36250 1283
36356 1281
36446 1274
36507 1273
36552 1272
36673 1267
36703 1264
36801 1261
36907 1259
36924 1258
36930 1257
36997 1252
37033 1251
37040 1250
37090 1242
37196 1240
37286 1233
37347 1232
37392 1231
37513 1226
37543 1223
37641 1220
37747 1218
37764 1217
37770 1216
37837 1211
37898 1210
37943 1209
38021 1207
38070 1206
38094 1201
38212 1200
38297 1199
38315 1195
38364 1194
38421 1193
38469 1190
38572 1185
38621 1184
38698 1183
38816 1182
38856 1181
38893 1180
38919 1177
38959 1176
39008 1175
39073 1172
39176 1167
39225 1166
39440 1165
39460 1163
39497 1162
39546 1161
39563 1158
39612 1157
39815 1154
39884 1153
39918 1149
39967 1148
40239 1144
40288 1143
40674 1142
