50
0 1 204 631
0 2 413 585
0 3 634 858
0 4 817 330
0 5 425 616
0 6 740 290
0 7 637 356
0 8 333 556
0 9 798 365
0 10 23 991
0 11 216 532
0 12 551 383
0 13 775 756
0 14 117 829
0 15 122 769
0 16 961 207
0 17 761 368
0 18 901 18
0 19 809 84
0 20 370 521
0 21 698 353
0 22 824 444
0 23 520 420
0 24 823 182
0 25 819 171
0 26 588 484
0 27 763 99
0 28 575 164
0 29 763 257
0 30 257 891
0 31 941 46
0 32 746 346
0 33 611 117
0 34 188 673
0 35 448 889
0 36 765 296
0 37 687 156
0 38 124 900
0 39 76 805
0 40 777 340
0 41 248 976
0 42 181 876
0 43 499 604
0 44 231 891
0 45 691 630
0 46 853 392
0 47 516 138
0 48 406 381
0 49 759 137
1 2 771 402
1 3 698 228
1 4 742 350
1 5 546 310
1 6 683 550
1 7 652 627
1 8 628 602
1 9 668 217
1 10 6 982
1 11 676 783
1 12 642 128
1 13 749 823
1 14 226 626
1 15 251 614
1 16 528 483
1 17 118 914
1 18 680 475
1 19 210 700
1 20 602 425
1 21 428 279
1 22 491 265
1 23 634 737
1 24 502 386
1 25 530 313
1 26 262 331
1 27 517 273
1 28 574 725
1 29 177 859
1 30 710 316
1 31 367 842
1 32 199 842
1 33 280 572
1 34 897 51
1 35 240 924
1 36 837 155
1 37 850 63
1 38 35 757
1 39 865 107
1 40 657 282
1 41 171 620
1 42 860 192
1 43 603 491
1 44 867 305
1 45 76 947
1 46 371 695
1 47 862 114
1 48 615 302
1 49 574 533
2 3 849 106
2 4 607 356
2 5 701 819
2 6 452 408
2 7 705 258
2 8 90 647
2 9 841 346
2 10 37 979
2 11 975 36
2 12 796 224
2 13 681 155
2 14 358 663
2 15 193 911
2 16 401 621
2 17 345 843
2 18 309 283
2 19 583 299
2 20 584 517
2 21 744 341
2 22 320 957
2 23 97 899
2 24 719 193
2 25 884 86
2 26 825 343
2 27 743 548
2 28 309 893
2 29 267 887
2 30 856 420
2 31 121 908
2 32 946 76
2 33 917 193
2 34 696 486
2 35 479 213
2 36 494 494
2 37 894 106
2 38 461 660
2 39 728 351
2 40 219 510
2 41 643 437
2 42 421 640
2 43 803 355
2 44 683 484
2 45 947 378
2 46 465 832
2 47 709 84
2 48 586 368
2 49 326 662
3 4 374 564
3 5 526 311
3 6 685 680
3 7 57 877
3 8 613 392
3 9 53 982
3 10 111 943
3 11 207 841
3 12 290 161
3 13 140 983
3 14 897 109
3 15 632 802
3 16 249 795
3 17 118 764
3 18 424 510
3 19 643 141
3 20 599 592
3 21 474 738
3 22 501 418
3 23 822 288
3 24 328 549
3 25 252 685
3 26 563 648
3 27 159 863
3 28 778 107
3 29 381 819
3 30 228 809
3 31 13 957
3 32 114 944
3 33 953 7
3 34 75 424
3 35 592 308
3 36 873 18
3 37 449 347
3 38 381 709
3 39 594 387
3 40 788 377
3 41 140 788
3 42 767 580
3 43 407 425
3 44 41 963
3 45 315 482
3 46 541 652
3 47 82 744
3 48 595 158
3 49 601 433
4 5 801 572
4 6 776 171
4 7 911 93
4 8 23 967
4 9 546 561
4 10 272 856
4 11 410 543
4 12 317 786
4 13 377 409
4 14 721 658
4 15 296 832
4 16 726 331
4 17 969 23
4 18 703 192
4 19 265 762
4 20 824 866
4 21 190 802
4 22 403 836
4 23 873 99
4 24 512 485
4 25 518 666
4 26 520 330
4 27 855 272
4 28 503 462
4 29 931 59
4 30 525 523
4 31 15 963
4 32 48 909
4 33 316 525
4 34 761 304
4 35 803 319
4 36 78 799
4 37 589 770
4 38 37 909
4 39 699 253
4 40 87 824
4 41 523 503
4 42 168 883
4 43 498 594
4 44 695 342
4 45 935 39
4 46 805 44
4 47 607 467
4 48 969 25
4 49 331 439
5 6 87 788
5 7 595 391
5 8 134 970
5 9 340 801
5 10 206 577
5 11 131 985
5 12 228 686
5 13 350 739
5 14 321 760
5 15 745 248
5 16 349 774
5 17 547 783
5 18 888 75
5 19 296 561
5 20 358 617
5 21 105 881
5 22 396 905
5 23 790 308
5 24 429 509
5 25 689 675
5 26 833 35
5 27 985 18
5 28 241 896
5 29 663 769
5 30 395 777
5 31 608 198
5 32 924 48
5 33 660 62
5 34 534 398
5 35 281 500
5 36 915 230
5 37 163 774
5 38 273 715
5 39 931 159
5 40 439 697
5 41 970 135
5 42 596 358
5 43 939 375
5 44 543 271
5 45 819 196
5 46 678 235
5 47 181 793
5 48 653 274
5 49 137 758
6 7 934 130
6 8 365 482
6 9 352 633
6 10 562 317
6 11 181 869
6 12 247 395
6 13 272 497
6 14 971 366
6 15 372 971
6 16 607 491
6 17 213 772
6 18 155 936
6 19 624 390
6 20 916 67
6 21 528 526
6 22 359 822
6 23 664 377
6 24 464 650
6 25 13 991
6 26 28 954
6 27 827 375
6 28 707 489
6 29 966 10
6 30 453 446
6 31 260 880
6 32 710 345
6 33 877 133
6 34 889 183
6 35 429 559
6 36 733 277
6 37 971 83
6 38 275 535
6 39 860 131
6 40 229 805
6 41 356 704
6 42 391 682
6 43 307 752
6 44 739 202
6 45 400 701
6 46 784 384
6 47 566 649
6 48 722 129
6 49 131 639
7 8 73 918
7 9 875 6
7 10 308 803
7 11 713 368
7 12 692 83
7 13 983 4
7 14 872 209
7 15 16 869
7 16 489 420
7 17 562 663
7 18 616 219
7 19 83 736
7 20 43 901
7 21 250 533
7 22 311 568
7 23 998 3
7 24 385 579
7 25 382 596
7 26 737 80
7 27 725 447
7 28 943 485
7 29 401 825
7 30 165 863
7 31 539 22
7 32 830 212
7 33 110 876
7 34 126 829
7 35 126 761
7 36 284 771
7 37 849 447
7 38 766 282
7 39 2 991
7 40 631 276
7 41 530 267
7 42 945 50
7 43 276 401
7 44 96 795
7 45 730 157
7 46 796 67
7 47 516 522
7 48 573 353
7 49 916 76
8 9 827 307
8 10 418 577
8 11 388 752
8 12 913 47
8 13 549 389
8 14 715 259
8 15 568 574
8 16 608 65
8 17 974 4
8 18 309 645
8 19 438 595
8 20 554 586
8 21 19 860
8 22 60 924
8 23 947 9
8 24 959 247
8 25 278 211
8 26 659 382
8 27 419 293
8 28 878 24
8 29 769 173
8 30 535 633
8 31 760 169
8 32 680 287
8 33 996 2
8 34 727 518
8 35 781 149
8 36 169 712
8 37 882 386
8 38 23 950
8 39 130 755
8 40 825 178
8 41 118 688
8 42 481 591
8 43 46 851
8 44 887 241
8 45 199 542
8 46 504 118
8 47 285 805
8 48 495 629
8 49 417 479
9 10 519 249
9 11 309 415
9 12 965 86
9 13 652 651
9 14 174 757
9 15 4 997
9 16 260 725
9 17 242 602
9 18 781 717
9 19 731 385
9 20 572 362
9 21 944 47
9 22 682 432
9 23 763 355
9 24 504 548
9 25 438 740
9 26 275 619
9 27 146 972
9 28 853 546
9 29 389 480
9 30 830 55
9 31 227 740
9 32 476 354
9 33 429 660
9 34 898 19
9 35 812 317
9 36 668 602
9 37 236 972
9 38 645 451
9 39 50 919
9 40 757 248
9 41 61 861
9 42 932 224
9 43 129 700
9 44 455 205
9 45 600 231
9 46 30 958
9 47 637 378
9 48 852 160
9 49 566 622
10 11 220 812
10 12 771 559
10 13 77 727
10 14 428 555
10 15 473 581
10 16 26 835
10 17 910 217
10 18 984 43
10 19 467 654
10 20 426 498
10 21 814 297
10 22 603 309
10 23 294 782
10 24 907 182
10 25 946 126
10 26 985 30
10 27 95 961
10 28 56 901
10 29 122 604
10 30 574 364
10 31 784 242
10 32 185 865
10 33 244 379
10 34 810 58
10 35 533 289
10 36 410 620
10 37 914 116
10 38 801 237
10 39 129 949
10 40 171 568
10 41 394 688
10 42 978 48
10 43 875 82
10 44 428 559
10 45 810 764
10 46 49 807
10 47 40 588
10 48 376 262
10 49 901 387
11 12 861 321
11 13 48 910
11 14 600 523
11 15 80 747
11 16 463 246
11 17 661 751
11 18 94 794
11 19 272 660
11 20 876 182
11 21 297 493
11 22 952 50
11 23 104 951
11 24 504 411
11 25 33 936
11 26 259 411
11 27 185 422
11 28 992 5
11 29 444 203
11 30 316 659
11 31 12 937
11 32 349 846
11 33 916 392
11 34 499 74
11 35 728 250
11 36 104 866
11 37 561 575
11 38 480 510
11 39 128 912
11 40 639 506
11 41 339 600
11 42 787 481
11 43 141 689
11 44 421 653
11 45 6 957
11 46 203 890
11 47 175 446
11 48 91 583
11 49 5 942
12 13 253 571
12 14 675 758
12 15 600 331
12 16 692 485
12 17 19 881
12 18 846 539
12 19 633 639
12 20 552 535
12 21 358 277
12 22 184 834
12 23 89 791
12 24 165 813
12 25 151 921
12 26 646 524
12 27 572 73
12 28 754 518
12 29 80 964
12 30 353 701
12 31 545 361
12 32 175 710
12 33 529 870
12 34 952 144
12 35 647 740
12 36 599 79
12 37 852 141
12 38 225 604
12 39 448 354
12 40 344 520
12 41 673 293
12 42 753 166
12 43 124 765
12 44 25 978
12 45 890 146
12 46 289 745
12 47 749 306
12 48 602 216
12 49 226 753
13 14 24 996
13 15 710 664
13 16 620 84
13 17 910 225
13 18 264 677
13 19 221 920
13 20 645 818
13 21 690 81
13 22 135 746
13 23 678 247
13 24 714 157
13 25 93 760
13 26 633 208
13 27 600 274
13 28 970 64
13 29 249 629
13 30 871 224
13 31 500 734
13 32 474 634
13 33 828 293
13 34 668 564
13 35 919 194
13 36 513 269
13 37 49 994
13 38 420 578
13 39 582 174
13 40 118 816
13 41 144 890
13 42 742 163
13 43 637 253
13 44 549 428
13 45 100 848
13 46 316 880
13 47 886 216
13 48 346 768
13 49 557 405
14 15 995 50
14 16 47 907
14 17 95 793
14 18 558 537
14 19 372 612
14 20 925 228
14 21 698 545
14 22 896 180
14 23 729 364
14 24 202 883
14 25 754 114
14 26 96 832
14 27 121 746
14 28 235 775
14 29 841 183
14 30 141 927
14 31 623 377
14 32 206 617
14 33 810 124
14 34 732 52
14 35 282 561
14 36 146 919
14 37 53 826
14 38 469 517
14 39 56 805
14 40 507 403
14 41 827 126
14 42 718 77
14 43 73 771
14 44 793 403
14 45 283 524
14 46 969 78
14 47 859 152
14 48 718 701
14 49 162 507
15 16 120 906
15 17 505 896
15 18 791 192
15 19 57 842
15 20 678 67
15 21 341 771
15 22 637 205
15 23 546 654
15 24 956 104
15 25 434 784
15 26 547 431
15 27 289 798
15 28 974 202
15 29 622 468
15 30 747 282
15 31 196 949
15 32 908 86
15 33 690 726
15 34 609 502
15 35 958 80
15 36 168 740
15 37 261 676
15 38 76 832
15 39 677 294
15 40 83 890
15 41 438 734
15 42 422 576
15 43 748 527
15 44 890 223
15 45 639 328
15 46 900 185
15 47 207 802
15 48 562 518
15 49 670 445
16 17 370 695
16 18 848 483
16 19 293 428
16 20 112 896
16 21 869 108
16 22 199 751
16 23 776 196
16 24 384 435
16 25 658 645
16 26 504 738
16 27 808 281
16 28 842 121
16 29 276 274
16 30 264 646
16 31 713 229
16 32 798 100
16 33 948 117
16 34 941 85
16 35 879 672
16 36 364 350
16 37 704 413
16 38 264 921
16 39 935 349
16 40 247 750
16 41 993 10
16 42 73 484
16 43 56 819
16 44 223 569
16 45 904 245
16 46 64 804
16 47 390 330
16 48 970 42
16 49 378 697
17 18 266 628
17 19 111 668
17 20 877 353
17 21 404 678
17 22 891 66
17 23 559 330
17 24 966 247
17 25 399 812
17 26 131 610
17 27 997 2
17 28 494 607
17 29 97 923
17 30 314 801
17 31 700 312
17 32 314 578
17 33 772 602
17 34 119 602
17 35 679 290
17 36 343 540
17 37 944 128
17 38 561 656
17 39 350 849
17 40 127 860
17 41 519 273
17 42 679 335
17 43 798 416
17 44 468 857
17 45 299 898
17 46 896 25
17 47 275 328
17 48 909 232
17 49 880 172
18 19 263 497
18 20 809 209
18 21 578 219
18 22 375 668
18 23 577 692
18 24 614 322
18 25 861 39
18 26 283 625
18 27 678 305
18 28 331 610
18 29 637 185
18 30 288 494
18 31 999 3
18 32 439 543
18 33 240 400
18 34 464 691
18 35 61 998
18 36 535 468
18 37 914 174
18 38 265 796
18 39 493 290
18 40 707 330
18 41 662 157
18 42 182 536
18 43 424 778
18 44 617 220
18 45 328 414
18 46 69 948
18 47 175 739
18 48 744 713
18 49 241 530
19 20 656 357
19 21 210 760
19 22 676 307
19 23 654 159
19 24 755 126
19 25 802 693
19 26 254 316
19 27 314 530
19 28 936 234
19 29 88 866
19 30 832 336
19 31 15 919
19 32 175 827
19 33 326 673
19 34 294 506
19 35 516 605
19 36 526 599
19 37 469 605
19 38 693 262
19 39 554 695
19 40 571 415
19 41 920 120
19 42 101 628
19 43 881 169
19 44 1000 8
19 45 344 278
19 46 516 323
19 47 27 967
19 48 65 832
19 49 77 816
20 21 639 374
20 22 533 352
20 23 981 49
20 24 56 959
20 25 393 618
20 26 765 85
20 27 907 78
20 28 363 672
20 29 186 775
20 30 298 625
20 31 820 280
20 32 332 578
20 33 351 598
20 34 325 285
20 35 130 884
20 36 992 155
20 37 40 772
20 38 777 169
20 39 614 129
20 40 179 798
20 41 530 420
20 42 391 835
20 43 529 618
20 44 818 225
20 45 287 540
20 46 739 376
20 47 834 199
20 48 149 750
20 49 559 730
21 22 58 659
21 23 672 342
21 24 912 254
21 25 459 791
21 26 405 524
21 27 28 939
21 28 178 736
21 29 532 498
21 30 603 287
21 31 420 392
21 32 459 136
21 33 349 789
21 34 898 249
21 35 875 210
21 36 68 736
21 37 645 373
21 38 801 283
21 39 132 901
21 40 269 604
21 41 671 106
21 42 666 298
21 43 364 705
21 44 33 986
21 45 630 99
21 46 391 627
21 47 104 809
21 48 594 298
21 49 126 875
22 23 240 516
22 24 118 795
22 25 823 189
22 26 934 56
22 27 217 977
22 28 908 280
22 29 256 286
22 30 26 811
22 31 778 221
22 32 920 41
22 33 656 395
22 34 871 439
22 35 193 791
22 36 258 663
22 37 824 292
22 38 741 179
22 39 458 205
22 40 405 799
22 41 262 745
22 42 334 746
22 43 679 246
22 44 417 501
22 45 712 10
22 46 457 642
22 47 701 440
22 48 574 468
22 49 824 368
23 24 223 719
23 25 976 40
23 26 875 11
23 27 998 24
23 28 684 136
23 29 909 251
23 30 761 563
23 31 658 510
23 32 748 365
23 33 883 342
23 34 134 845
23 35 961 51
23 36 333 683
23 37 693 123
23 38 915 194
23 39 303 778
23 40 616 596
23 41 433 776
23 42 143 907
23 43 678 347
23 44 402 970
23 45 4 956
23 46 100 799
23 47 792 266
23 48 561 750
23 49 867 205
24 25 500 372
24 26 715 99
24 27 679 177
24 28 55 949
24 29 299 567
24 30 651 606
24 31 430 357
24 32 525 620
24 33 3 994
24 34 770 445
24 35 150 821
24 36 319 812
24 37 375 676
24 38 425 331
24 39 851 634
24 40 873 122
24 41 501 322
24 42 722 244
24 43 602 617
24 44 992 25
24 45 669 352
24 46 5 999
24 47 212 578
24 48 339 397
24 49 472 565
25 26 116 863
25 27 408 645
25 28 304 159
25 29 361 454
25 30 123 664
25 31 990 102
25 32 215 909
25 33 378 198
25 34 597 517
25 35 719 895
25 36 943 25
25 37 845 157
25 38 986 151
25 39 86 964
25 40 325 499
25 41 831 154
25 42 747 379
25 43 418 322
25 44 443 424
25 45 311 593
25 46 669 434
25 47 818 420
25 48 529 547
25 49 543 811
26 27 554 919
26 28 339 894
26 29 652 273
26 30 983 44
26 31 199 880
26 32 9 989
26 33 960 208
26 34 216 588
26 35 828 99
26 36 108 905
26 37 951 111
26 38 649 444
26 39 118 869
26 40 407 411
26 41 13 988
26 42 551 843
26 43 176 880
26 44 89 716
26 45 250 676
26 46 440 675
26 47 787 439
26 48 196 928
26 49 164 877
27 28 560 393
27 29 217 778
27 30 157 815
27 31 422 703
27 32 679 427
27 33 292 857
27 34 49 996
27 35 70 756
27 36 951 304
27 37 350 807
27 38 364 305
27 39 338 576
27 40 901 281
27 41 938 52
27 42 365 693
27 43 702 668
27 44 436 564
27 45 857 364
27 46 908 75
27 47 697 337
27 48 705 313
27 49 925 174
28 29 524 600
28 30 195 883
28 31 775 138
28 32 761 57
28 33 126 971
28 34 558 203
28 35 729 200
28 36 106 930
28 37 33 976
28 38 531 630
28 39 142 689
28 40 490 361
28 41 795 437
28 42 355 796
28 43 840 236
28 44 785 53
28 45 980 78
28 46 255 492
28 47 454 522
28 48 732 256
28 49 880 302
29 30 870 71
29 31 723 222
29 32 652 336
29 33 215 892
29 34 938 241
29 35 720 490
29 36 448 728
29 37 37 928
29 38 423 196
29 39 115 816
29 40 422 501
29 41 762 284
29 42 524 655
29 43 55 292
29 44 927 43
29 45 123 738
29 46 600 445
29 47 711 564
29 48 92 791
29 49 301 705
30 31 763 206
30 32 579 708
30 33 247 832
30 34 149 595
30 35 289 858
30 36 987 102
30 37 148 716
30 38 171 930
30 39 18 993
30 40 50 982
30 41 927 225
30 42 984 34
30 43 220 733
30 44 107 869
30 45 770 273
30 46 150 647
30 47 269 789
30 48 60 981
30 49 407 647
31 32 587 235
31 33 342 493
31 34 574 371
31 35 690 351
31 36 399 261
31 37 118 782
31 38 481 657
31 39 482 650
31 40 549 84
31 41 175 917
31 42 673 293
31 43 730 356
31 44 325 422
31 45 522 630
31 46 3 987
31 47 644 405
31 48 570 457
31 49 596 661
32 33 469 603
32 34 33 841
32 35 811 339
32 36 10 938
32 37 858 54
32 38 194 742
32 39 400 528
32 40 632 309
32 41 940 56
32 42 531 297
32 43 166 703
32 44 759 357
32 45 602 507
32 46 78 906
32 47 806 723
32 48 658 324
32 49 274 917
33 34 243 852
33 35 494 922
33 36 413 258
33 37 653 617
33 38 501 344
33 39 307 161
33 40 344 925
33 41 672 356
33 42 159 906
33 43 239 679
33 44 404 136
33 45 46 779
33 46 910 23
33 47 675 660
33 48 473 354
33 49 745 359
34 35 914 161
34 36 15 996
34 37 720 815
34 38 101 964
34 39 122 809
34 40 720 119
34 41 797 316
34 42 203 774
34 43 863 381
34 44 719 227
34 45 121 805
34 46 117 875
34 47 157 791
34 48 967 35
34 49 694 424
35 36 14 981
35 37 189 382
35 38 171 819
35 39 533 225
35 40 153 727
35 41 825 209
35 42 15 982
35 43 976 56
35 44 703 663
35 45 607 137
35 46 511 583
35 47 554 524
35 48 540 340
35 49 38 845
36 37 337 681
36 38 256 935
36 39 6 992
36 40 771 367
36 41 250 745
36 42 87 671
36 43 3 991
36 44 830 370
36 45 572 493
36 46 773 277
36 47 86 974
36 48 155 924
36 49 949 91
37 38 816 333
37 39 322 743
37 40 718 380
37 41 387 860
37 42 404 269
37 43 862 108
37 44 337 409
37 45 671 553
37 46 100 780
37 47 51 975
37 48 471 369
37 49 180 733
38 39 230 887
38 40 353 375
38 41 8 947
38 42 491 458
38 43 598 351
38 44 908 213
38 45 397 724
38 46 871 122
38 47 224 848
38 48 506 665
38 49 862 328
39 40 368 260
39 41 72 804
39 42 696 681
39 43 545 264
39 44 370 710
39 45 988 12
39 46 909 211
39 47 433 656
39 48 380 386
39 49 402 483
40 41 162 514
40 42 159 817
40 43 797 213
40 44 827 159
40 45 980 16
40 46 216 669
40 47 695 311
40 48 620 227
40 49 633 394
41 42 467 774
41 43 970 156
41 44 651 381
41 45 922 117
41 46 703 328
41 47 431 793
41 48 574 505
41 49 157 648
42 43 844 96
42 44 988 3
42 45 433 316
42 46 907 264
42 47 856 269
42 48 198 913
42 49 232 965
43 44 964 9
43 45 119 989
43 46 399 278
43 47 84 919
43 48 753 399
43 49 822 358
44 45 927 144
44 46 741 234
44 47 373 472
44 48 163 729
44 49 869 48
45 46 523 512
45 47 588 312
45 48 333 579
45 49 33 967
46 47 756 340
46 48 636 669
46 49 542 720
47 48 590 678
47 49 706 231
48 49 830 546
0
6540
1087 46322
1092 46153
1097 46004
1099 45713
1104 45544
1109 45395
1112 45334
1115 45314
1117 45185
1122 45167
1123 45104
1126 45083
1129 45077
1131 45054
1134 45033
1135 45030
1137 45027
1138 44982
1141 44949
1143 44936
1144 44928
1147 44922
1148 44918
1149 44855
1152 44834
1155 44828
1156 44827
1157 44805
1160 44784
1161 44781
1163 44770
1164 44733
1167 44700
1169 44642
1174 44624
1175 44561
1178 44540
1181 44534
1183 44511
1186 44490
1187 44487
1189 44484
1191 44472
1192 44463
1193 44406
1195 44393
1196 44385
1199 44379
1200 44375
1201 44312
1204 44291
1207 44285
1209 44262
1212 44241
1213 44238
1215 44227
1217 44223
1218 44206
1219 44157
1222 44136
1225 44130
1227 44107
1230 44086
1233 44063
1235 44057
1236 44021
1239 44000
1241 43978
1244 43957
1247 43950
1248 43947
1249 43928
1251 43908
1252 43907
1253 43895
1254 43866
1257 43845
1259 43814
1261 43808
1262 43793
1264 43787
1267 43764
1269 43758
1270 43743
1271 43740
1272 43737
1273 43729
1275 43723
1276 43708
1277 43659
1279 43653
1280 43638
1282 43632
1285 43609
1287 43603
1288 43588
1290 43582
1291 43574
1293 43561
1294 43523
1296 43517
1297 43502
1299 43480
1301 43474
1302 43459
1304 43453
1305 43452
1306 43449
1307 43430
1309 43424
1310 43409
1311 43406
1312 43368
1314 43362
1315 43347
1317 43325
1319 43319
1320 43304
1322 43298
1323 43297
1325 43275
1327 43269
1328 43254
1330 43248
1331 43245
1333 43236
1334 43227
1336 43202
1338 43196
1339 43195
1341 43184
1343 43178
1344 43152
1346 43146
1348 43143
1349 43134
1350 43121
1352 43115
1353 43100
1355 43094
1358 43082
1359 43073
1360 43066
1362 43060
1363 43059
1364 43041
1365 43036
1366 43035
1367 43030
1368 43015
1369 42998
1370 42993
1371 42992
1372 42987
1373 42972
1375 42966
1376 42965
1377 42964
1378 42943
1380 42937
1381 42922
1383 42916
1384 42913
1386 42904
1387 42895
1389 42870
1391 42864
1392 42863
1393 42862
1394 42852
1396 42846
1397 42820
1399 42814
1401 42811
1402 42802
1403 42789
1405 42783
1406 42768
1408 42762
1411 42750
1412 42741
1413 42734
1415 42728
1416 42727
1417 42709
1419 42703
1421 42684
1422 42666
1424 42660
1427 42648
1429 42642
1430 42632
1432 42626
1435 42614
1436 42605
1438 42599
1440 42594
1441 42573
1443 42567
1446 42530
1448 42524
1451 42512
1453 42506
1456 42501
1458 42485
1460 42483
1462 42464
1463 42446
1465 42440
1468 42428
1470 42422
1471 42412
1473 42406
1475 42397
1476 42394
1477 42385
1479 42379
1480 42372
1482 42349
1484 42347
1487 42310
1489 42304
1492 42292
1494 42286
1497 42281
1499 42261
1501 42255
1504 42243
1506 42237
1507 42231
1510 42211
1512 42205
1513 42204
1515 42193
1516 42177
1518 42171
1521 42159
1523 42129
1527 42128
1528 42111
1531 42106
1532 42096
1534 42090
1535 42080
1537 42078
1539 42072
1540 42041
1542 42035
1545 42023
1547 42017
1550 42012
1552 41996
1555 41991
1557 41978
1560 41962
1563 41942
1565 41936
1566 41935
1568 41915
1571 41903
1573 41897
1576 41860
1579 41859
1581 41842
1584 41837
1585 41827
1587 41821
1589 41819
1590 41809
1592 41803
1595 41789
1596 41771
1598 41765
1599 41761
1601 41753
1603 41747
1604 41743
1607 41738
1608 41726
1611 41721
1612 41720
1613 41702
1616 41692
1618 41677
1619 41672
1621 41646
1624 41645
1626 41628
1629 41623
1632 41590
1636 41589
1637 41572
1641 41557
1643 41551
1646 41539
1648 41533
1651 41519
1653 41512
1655 41491
1658 41488
1660 41473
1663 41463
1666 41460
1667 41451
1668 41445
1669 41432
1673 41431
1674 41407
1677 41376
1681 41375
1682 41358
1686 41357
1688 41356
1690 41350
1692 41333
1695 41329
1697 41308
1700 41301
1702 41290
1705 41283
1707 41262
1711 41249
1712 41244
1714 41218
1718 41217
1719 41193
1723 41192
1724 41175
1728 41174
1732 41171
1734 41150
1737 41143
1739 41132
1742 41118
1744 41104
1747 41100
1749 41079
1753 41078
1754 41061
1756 41035
1760 41034
1761 41017
1765 41016
1771 41000
1775 40995
1776 40980
1779 40960
1783 40959
1784 40942
1786 40921
1789 40908
1791 40903
1794 40890
1798 40889
1799 40881
1803 40877
1805 40868
1806 40866
1807 40861
1808 40842
1809 40840
1812 40833
1813 40817
1817 40815
1818 40799
1819 40794
1823 40793
1824 40776
1827 40772
1829 40767
1830 40749
1831 40725
1835 40724
1836 40707
1840 40706
1845 40701
1846 40700
1848 40691
1850 40659
1854 40650
1855 40641
1859 40632
1861 40611
1865 40610
1866 40593
1869 40589
1873 40584
1874 40571
1878 40566
1880 40563
1881 40556
1883 40532
1887 40531
1888 40514
1892 40513
1893 40505
1897 40496
1898 40490
1899 40475
1903 40464
1904 40457
1905 40439
1909 40438
1910 40421
1914 40420
1915 40409
1919 40407
1920 40391
1924 40373
1925 40349
1929 40348
1930 40331
1934 40330
1935 40325
1939 40324
1940 40307
1944 40306
1945 40294
1948 40274
1952 40273
1953 40256
1957 40246
1961 40245
1962 40228
1963 40213
1967 40212
1968 40195
1972 40194
1973 40191
1977 40170
1978 40163
1982 40152
1983 40145
1986 40138
1990 40137
1991 40120
1995 40119
1996 40111
1997 40107
1998 40105
1999 40063
2003 40062
2004 40045
2008 40044
2009 40033
2013 40032
2014 40015
2018 40014
2019 40008
2022 39988
2026 39987
2027 39970
2031 39969
2032 39958
2036 39957
2037 39940
2041 39939
2042 39923
2046 39915
2047 39905
2051 39884
2052 39877
2056 39866
2057 39859
2061 39858
2062 39847
2066 39842
2067 39829
2071 39824
2072 39822
2073 39818
2074 39809
2075 39802
2078 39800
2079 39791
2080 39784
2084 39783
2085 39772
2088 39770
2089 39767
2090 39754
2094 39744
2095 39737
2097 39704
2101 39703
2102 39686
2106 39685
2109 39680
2113 39679
2114 39670
2117 39649
2120 39629
2124 39628
2125 39611
2129 39610
2132 39605
2134 39603
2136 39602
2137 39595
2138 39586
2140 39564
2144 39563
2145 39546
2149 39545
2150 39518
2154 39517
2155 39500
2159 39499
2163 39489
2164 39483
2168 39471
2169 39465
2170 39463
2171 39459
2173 39443
2176 39441
2178 39425
2182 39424
2187 39408
2191 39404
2192 39390
2193 39378
2197 39373
2198 39360
2202 39355
2203 39346
2207 39343
2208 39328
2212 39325
2213 39323
2214 39319
2216 39303
2217 39297
2221 39285
2222 39279
2224 39273
2226 39271
2227 39262
2229 39255
2231 39253
2232 39244
2236 39243
2237 39242
2240 39222
2244 39218
2245 39204
2247 39198
2250 39187
2252 39180
2255 39169
2259 39168
2260 39157
2264 39156
2265 39139
2267 39133
2269 39131
2270 39122
2272 39115
2274 39113
2275 39104
2277 39101
2280 39090
2282 39083
2283 39082
2285 39072
2288 39064
2290 39058
2291 39056
2293 39047
2295 39040
2297 39038
2298 39029
2300 39026
2302 39024
2303 39015
2305 39008
2308 38997
2312 38996
2313 38992
2314 38981
2317 38978
2320 38967
2322 38960
2323 38954
2325 38949
2328 38936
2329 38934
2333 38908
2337 38907
2338 38890
2342 38889
2343 38886
2344 38884
2346 38875
2348 38868
2351 38857
2353 38853
2356 38833
2360 38829
2361 38815
2365 38811
2367 38809
2368 38800
2371 38793
2374 38782
2376 38768
2380 38767
2381 38750
2385 38749
2386 38736
2390 38735
2391 38718
2395 38717
2396 38713
2399 38693
2403 38688
2404 38675
2408 38670
2409 38661
2411 38660
2413 38657
2414 38643
2418 38639
2419 38635
2421 38628
2424 38620
2426 38613
2428 38612
2429 38603
2431 38595
2433 38594
2434 38585
2436 38582
2437 38578
2439 38571
2441 38564
2442 38560
2444 38553
2448 38552
2449 38548
2451 38542
2452 38521
2456 38520
2457 38503
2461 38502
2462 38495
2464 38492
2467 38481
2469 38474
2472 38463
2475 38446
2479 38442
2480 38428
2484 38424
2485 38420
2487 38413
2490 38406
2492 38399
2495 38388
2499 38387
2500 38373
2502 38367
2505 38356
2507 38349
2510 38338
2514 38337
2515 38333
2517 38327
2521 38314
2522 38312
2525 38301
2526 38296
2529 38295
2530 38277
2533 38266
2535 38259
2538 38248
2542 38247
2545 38244
2546 38241
2547 38231
2550 38222
2553 38202
2556 38191
2558 38184
2561 38173
2565 38172
2568 38170
2570 38156
2573 38147
2574 38142
2576 38136
2578 38129
2579 38124
2581 38118
2584 38116
2586 38113
2589 38102
2590 38101
2591 38095
2593 38091
2594 38084
2595 38083
2596 38081
2597 38067
2600 38066
2601 38063
2602 38049
2606 38045
2607 38041
2609 38034
2612 38027
2614 38020
2617 38009
2618 38008
2621 37997
2622 37994
2624 37988
2625 37987
2627 37977
2628 37976
2629 37970
2632 37959
2636 37951
2639 37948
2641 37942
2643 37937
2644 37933
2645 37932
2646 37926
2647 37922
2648 37912
2651 37901
2652 37898
2655 37887
2657 37880
2659 37876
2660 37869
2666 37864
2668 37857
2669 37852
2671 37846
2672 37843
2675 37823
2678 37812
2680 37805
2683 37794
2690 37791
2692 37777
2695 37768
2698 37757
2700 37750
2703 37739
2707 37737
2710 37736
2711 37730
2712 37722
2714 37721
2715 37712
2716 37711
2717 37704
2718 37702
2719 37698
2720 37693
2722 37687
2724 37682
2727 37673
2730 37662
2734 37661
2735 37656
2736 37654
2737 37649
2739 37643
2740 37629
2743 37618
2747 37608
2750 37597
2755 37583
2758 37572
2762 37571
2763 37563
2765 37558
2766 37554
2767 37553
2768 37547
2770 37533
2773 37522
2778 37508
2781 37497
2785 37496
2787 37493
2788 37485
2790 37478
2792 37475
2793 37467
2798 37453
2801 37442
2805 37441
2807 37438
2808 37430
2810 37425
2811 37421
2814 37410
2815 37407
2818 37396
2820 37389
2821 37387
2822 37385
2823 37378
2828 37371
2830 37370
2831 37360
2834 37355
2835 37350
2837 37346
2838 37332
2841 37321
2843 37314
2846 37303
2852 37299
2855 37286
2858 37275
2861 37264
2863 37259
2865 37256
2866 37248
2868 37245
2869 37239
2873 37238
2875 37231
2876 37227
2878 37220
2879 37214
2880 37213
2881 37209
2882 37203
2883 37202
2885 37196
2886 37195
2887 37189
2888 37181
2890 37178
2891 37170
2896 37163
2899 37159
2900 37156
2902 37152
2903 37138
2906 37127
2908 37126
2910 37117
2911 37115
2913 37106
2918 37092
2921 37081
2925 37080
2926 37070
2928 37063
2930 37060
2931 37052
2933 37042
2936 37031
2941 37017
2944 37006
2948 37005
2950 37002
2951 36994
2953 36987
2955 36984
2956 36976
2961 36962
2964 36951
2968 36950
2970 36945
2971 36939
2973 36934
2975 36931
2976 36923
2978 36920
2979 36912
2981 36907
2984 36896
2988 36887
2991 36876
2994 36869
2996 36868
2997 36862
2998 36859
2999 36857
3000 36851
3001 36848
3003 36844
3006 36834
3008 36832
3009 36823
3011 36821
3012 36819
3013 36816
3014 36812
3015 36808
3016 36805
3018 36791
3021 36780
3024 36773
3026 36766
3028 36765
3029 36755
3031 36754
3032 36748
3036 36743
3038 36736
3040 36733
3041 36725
3042 36723
3044 36718
3045 36712
3046 36711
3048 36708
3049 36700
3050 36698
3051 36690
3053 36687
3054 36679
3059 36672
3062 36668
3065 36664
3066 36656
3067 36654
3068 36653
3069 36645
3070 36643
3071 36635
3073 36632
3074 36624
3079 36617
3082 36613
3083 36608
3085 36604
3086 36590
3088 36589
3089 36579
3091 36572
3094 36561
3100 36557
3103 36544
3106 36533
3109 36522
3111 36517
3114 36506
3117 36497
3119 36496
3123 36489
3124 36485
3126 36478
3127 36472
3129 36467
3130 36461
3133 36454
3134 36453
3135 36447
3136 36439
3138 36436
3139 36428
3142 36421
3146 36420
3147 36414
3150 36410
3151 36396
3154 36385
3156 36384
3158 36381
3159 36373
3160 36371
3162 36366
3163 36360
3166 36356
3168 36353
3169 36345
3171 36341
3173 36338
3174 36330
3176 36327
3177 36321
3178 36318
3179 36314
3181 36300
3184 36289
3189 36275
3192 36264
3196 36263
3198 36260
3199 36252
3201 36245
3203 36242
3204 36234
3209 36220
3212 36209
3216 36208
3218 36203
3219 36197
3221 36192
3223 36189
3224 36181
3226 36178
3227 36170
3229 36165
3232 36154
3236 36152
3238 36149
3239 36138
3241 36137
3242 36127
3244 36126
3245 36120
3247 36115
3248 36109
3251 36102
3254 36094
3257 36087
3258 36086
3259 36083
3260 36077
3262 36072
3263 36066
3266 36060
3268 36058
3269 36042
3272 36031
3277 36017
3280 36006
3284 36005
3286 36002
3287 35994
3289 35987
3290 35981
3292 35976
3293 35970
3296 35966
3297 35962
3298 35956
3299 35948
3301 35945
3302 35937
3307 35930
3311 35929
3312 35927
3313 35926
3314 35918
3315 35916
3316 35911
3317 35907
3318 35901
3319 35893
3321 35890
3322 35882
3327 35875
3330 35873
3331 35866
3333 35862
3336 35847
3339 35836
3344 35828
3347 35820
3348 35819
3351 35808
3354 35799
3356 35792
3357 35786
3359 35781
3360 35775
3364 35769
3366 35768
3367 35767
3368 35759
3369 35755
3371 35754
3372 35744
3374 35743
3375 35741
3376 35739
3377 35731
3378 35723
3380 35720
3381 35712
3384 35708
3386 35698
3387 35690
3389 35687
3390 35679
3395 35672
3399 35671
3400 35667
3402 35660
3403 35656
3404 35653
3405 35647
3406 35643
3407 35635
3408 35629
3410 35624
3411 35618
3414 35614
3416 35611
3417 35603
3423 35599
3424 35589
3427 35578
3430 35575
3432 35570
3433 35564
3434 35559
3436 35556
3437 35548
3440 35547
3442 35541
3444 35534
3445 35528
3446 35525
3447 35523
3448 35517
3449 35514
3451 35513
3452 35511
3454 35495
3457 35484
3463 35480
3465 35478
3466 35467
3469 35456
3472 35452
3473 35450
3474 35440
3477 35429
3479 35428
3481 35425
3482 35417
3486 35413
3488 35409
3490 35407
3491 35398
3492 35397
3493 35389
3495 35386
3496 35371
3499 35360
3502 35356
3504 35353
3505 35345
3511 35341
3513 35339
3515 35333
3516 35327
3518 35317
3519 35316
3520 35313
3521 35306
3522 35301
3523 35295
3525 35290
3526 35284
3533 35270
3534 35267
3536 35259
3537 35256
3539 35255
3542 35237
3545 35226
3551 35222
3553 35220
3554 35212
3555 35206
3557 35201
3558 35195
3560 35194
3561 35192
3562 35182
3563 35176
3565 35171
3566 35165
3569 35161
3570 35159
3572 35150
3578 35146
3580 35141
3581 35133
3584 35122
3587 35115
3588 35109
3589 35106
3590 35104
3591 35098
3592 35095
3595 35094
3597 35092
3598 35090
3600 35086
3601 35072
3604 35061
3607 35058
3608 35055
3611 35037
3614 35026
3621 35017
3624 35006
3627 35003
3628 34997
3631 34993
3632 34987
3633 34983
3634 34975
3636 34972
3637 34964
3643 34948
3646 34937
3648 34936
3651 34918
3654 34907
3657 34903
3660 34892
3666 34888
3668 34883
3670 34882
3671 34875
3673 34864
3675 34860
3676 34851
3677 34848
3678 34842
3679 34840
3680 34837
3681 34831
3688 34828
3689 34814
3692 34803
3698 34797
3699 34794
3700 34788
3701 34786
3702 34783
3703 34777
3707 34771
3709 34759
3710 34753
3712 34748
3713 34742
3716 34739
3719 34735
3720 34729
3722 34717
3725 34706
3731 34702
3732 34698
3734 34694
3735 34688
3738 34685
3739 34680
3740 34674
3742 34662
3743 34656
3745 34651
3746 34645
3752 34643
3753 34637
3755 34636
3756 34633
3758 34625
3760 34624
3761 34620
3762 34619
3763 34602
3766 34584
3769 34573
3777 34572
3778 34570
3779 34564
3782 34559
3783 34552
3785 34548
3786 34541
3788 34530
3791 34519
3795 34513
3797 34511
3798 34495
3801 34484
3809 34478
3811 34473
3812 34467
3815 34462
3817 34457
3818 34451
3820 34441
3823 34430
3828 34416
3831 34398
3834 34387
3841 34379
3847 34375
3848 34366
3850 34362
3851 34355
3853 34344
3856 34333
3861 34331
3862 34325
3864 34317
3865 34314
3867 34306
3870 34301
3873 34290
3881 34279
3884 34273
3886 34263
3888 34262
3889 34252
3891 34251
3892 34247
3894 34234
3897 34220
3900 34209
3903 34204
3906 34193
3913 34190
3916 34184
3919 34166
3922 34155
3925 34150
3928 34139
3932 34128
3935 34117
3939 34112
3943 34104
3946 34093
3951 34092
3952 34085
3954 34074
3957 34063
3960 34056
3963 34045
3966 34040
3968 34036
3969 34026
3972 34015
3982 34007
3985 33996
3987 33993
3988 33990
3990 33982
3991 33972
3994 33961
3998 33950
4001 33939
4009 33929
4012 33928
4014 33920
4015 33910
4018 33899
4020 33896
4023 33885
4028 33883
4029 33879
4031 33872
4032 33862
4035 33851
4040 33845
4044 33834
4047 33823
4055 33814
4058 33803
4061 33786
4064 33775
4069 33769
4071 33768
4072 33764
4074 33763
4077 33752
4078 33746
4081 33735
4089 33726
4090 33725
4091 33721
4092 33715
4093 33714
4094 33710
4096 33709
4099 33696
4102 33678
4105 33667
4110 33659
4117 33652
4118 33650
4119 33646
4121 33639
4122 33635
4124 33624
4127 33613
4132 33602
4135 33591
4138 33586
4140 33585
4141 33581
4143 33574
4144 33570
4151 33565
4152 33559
4154 33548
4157 33537
4160 33532
4162 33531
4163 33527
4165 33514
4168 33500
4171 33489
4174 33484
4177 33473
4184 33470
4186 33469
4187 33464
4189 33458
4190 33446
4193 33435
4196 33430
4198 33424
4199 33419
4201 33413
4203 33408
4206 33397
4210 33392
4214 33384
4217 33373
4220 33370
4223 33359
4225 33354
4228 33343
4231 33336
4233 33332
4234 33325
4236 33321
4237 33320
4239 33316
4240 33306
4243 33295
4252 33294
4253 33287
4255 33278
4256 33276
4258 33267
4261 33260
4262 33252
4264 33249
4265 33241
4269 33230
4272 33219
4280 33209
4283 33208
4285 33200
4286 33190
4289 33179
4291 33176
4294 33165
4299 33154
4302 33143
4303 33142
4306 33131
4311 33125
4315 33114
4318 33103
4321 33100
4324 33089
4329 33083
4332 33066
4335 33055
4340 33049
4345 33038
4348 33027
4349 33026
4352 33015
4359 33007
4360 33006
4362 32990
4365 32979
4370 32973
4372 32972
4373 32968
4375 32967
4378 32950
4381 32939
4389 32930
4391 32929
4392 32919
4394 32918
4395 32914
4397 32913
4400 32900
4403 32882
4406 32871
4411 32863
4418 32856
4419 32854
4420 32850
4422 32843
4423 32839
4425 32828
4428 32817
4433 32815
4434 32809
4435 32808
4436 32801
4437 32798
4439 32790
4441 32789
4442 32785
4444 32778
4445 32774
4453 32763
4456 32757
4457 32753
4458 32747
4460 32746
4461 32736
4463 32735
4464 32731
4466 32718
4469 32704
4472 32693
4475 32688
4478 32677
4485 32674
4487 32673
4488 32668
4490 32662
4491 32650
4494 32639
4497 32634
4500 32623
4504 32612
4507 32601
4511 32596
4515 32588
4518 32577
4523 32575
4524 32569
4526 32558
4529 32547
4532 32540
4535 32529
4538 32524
4540 32520
4541 32510
4544 32499
4553 32498
4554 32491
4557 32480
4559 32477
4560 32474
4562 32466
4563 32456
4566 32445
4570 32434
4573 32423
4581 32413
4584 32412
4586 32404
4587 32394
4590 32383
4592 32380
4595 32369
4600 32367
4601 32363
4603 32356
4604 32346
4607 32335
4612 32329
4616 32318
4619 32307
4627 32298
4630 32287
4633 32270
4636 32259
4641 32253
4646 32251
4647 32247
4649 32240
4650 32230
4653 32219
4661 32210
4664 32199
4668 32196
4669 32193
4671 32185
4673 32182
4676 32171
4679 32154
4682 32143
4690 32134
4693 32123
4698 32117
4703 32110
4706 32099
4707 32094
4710 32083
4713 32082
4714 32080
4716 32071
4717 32069
4722 32063
4725 32056
4727 32052
4728 32049
4730 32041
4731 32037
4732 32034
4734 32026
4735 32023
4736 32018
4738 32017
4739 32007
4746 32004
4748 31998
4751 31987
4753 31983
4756 31972
4759 31965
4760 31961
4762 31955
4763 31950
4768 31947
4770 31941
4773 31935
4774 31933
4776 31918
4779 31907
4784 31901
4785 31896
4790 31894
4791 31890
4792 31887
4793 31883
4794 31873
4797 31862
4802 31860
4804 31857
4805 31849
4807 31846
4811 31844
4812 31843
4813 31836
4814 31833
4816 31825
4819 31819
4820 31814
4822 31802
4823 31797
4825 31791
4826 31786
4833 31782
4836 31771
4841 31765
4842 31760
4847 31758
4848 31755
4849 31752
4850 31747
4851 31737
4854 31726
4858 31723
4860 31717
4861 31712
4865 31710
4867 31704
4870 31693
4873 31689
4875 31682
4877 31679
4878 31671
4879 31666
4880 31661
4882 31655
4883 31650
4890 31643
4894 31635
4897 31632
4898 31631
4899 31629
4900 31624
4901 31621
4903 31609
4906 31598
4912 31590
4913 31589
4915 31587
4917 31579
4918 31576
4920 31568
4922 31565
4925 31555
4928 31544
4933 31538
4935 31535
4936 31527
4938 31525
4940 31519
4941 31514
4946 31503
4948 31500
4949 31492
4951 31489
4956 31484
4957 31479
4959 31473
4960 31468
4963 31462
4966 31445
4969 31434
4977 31432
4980 31429
4981 31426
4982 31419
4984 31415
4985 31408
4989 31407
4990 31402
4992 31401
4993 31391
4998 31388
5000 31385
5001 31371
5003 31367
5004 31360
5006 31356
5009 31353
5010 31352
5011 31347
5013 31341
5014 31336
5017 31332
5020 31327
5021 31326
5023 31309
5026 31298
5033 31291
5038 31285
5040 31280
5041 31279
5042 31276
5043 31272
5045 31271
5048 31266
5049 31262
5050 31258
5051 31255
5052 31253
5053 31247
5055 31242
5056 31237
5058 31235
5059 31233
5061 31224
5064 31220
5067 31216
5068 31211
5070 31205
5071 31200
5074 31195
5076 31186
5079 31175
5081 31173
5084 31162
5090 31155
5091 31148
5094 31137
5100 31127
5103 31116
5110 31112
5111 31111
5112 31106
5113 31101
5116 31094
5119 31088
5123 31085
5124 31077
5126 31074
5127 31073
5128 31069
5129 31063
5132 31055
5133 31050
5136 31039
5140 31038
5143 31035
5145 31030
5148 31019
5149 31012
5152 31001
5154 30995
5157 30984
5160 30980
5166 30978
5167 30973
5170 30969
5171 30965
5173 30958
5176 30954
5178 30951
5179 30943
5181 30940
5184 30936
5186 30930
5187 30927
5189 30919
5191 30914
5192 30910
5194 30903
5196 30896
5199 30885
5204 30878
5208 30877
5209 30876
5210 30868
5211 30859
5213 30857
5214 30848
5218 30844
5221 30841
5224 30837
5225 30830
5228 30819
5233 30818
5234 30811
5236 30807
5239 30804
5241 30797
5244 30794
5245 30793
5246 30785
5247 30783
5249 30774
5252 30770
5253 30760
5256 30749
5262 30742
5264 30736
5267 30725
5269 30723
5270 30721
5272 30712
5278 30705
5279 30698
5282 30687
5286 30683
5291 30675
5294 30671
5297 30668
5299 30661
5301 30657
5302 30651
5304 30646
5306 30637
5309 30626
5311 30624
5314 30613
5320 30605
5321 30599
5324 30588
5328 30585
5333 30580
5335 30571
5336 30569
5337 30562
5338 30560
5340 30551
5346 30544
5349 30539
5351 30538
5355 30531
5356 30525
5359 30514
5362 30506
5363 30501
5366 30490
5372 30486
5374 30480
5375 30477
5377 30469
5379 30463
5382 30452
5388 30445
5389 30439
5392 30428
5396 30424
5401 30416
5404 30408
5409 30402
5411 30398
5412 30395
5414 30387
5416 30381
5417 30378
5419 30370
5421 30365
5424 30354
5430 30350
5431 30340
5434 30329
5442 30319
5445 30308
5447 30303
5450 30292
5456 30291
5459 30280
5464 30278
5465 30273
5466 30266
5469 30255
5472 30251
5474 30245
5477 30234
5482 30229
5484 30220
5485 30218
5487 30209
5489 30204
5492 30193
5500 30183
5503 30172
5509 30171
5512 30160
5516 30159
5517 30158
5518 30153
5519 30146
5522 30135
5524 30130
5527 30119
5534 30118
5535 30109
5538 30098
5542 30084
5545 30073
5554 30064
5560 30054
5563 30051
5565 30043
5567 30037
5569 30035
5570 30026
5572 30024
5576 30019
5577 30010
5580 29999
5584 29998
5585 29997
5588 29986
5592 29982
5594 29979
5595 29973
5598 29962
5602 29958
5604 29955
5605 29952
5607 29944
5609 29939
5612 29928
5618 29924
5619 29914
5622 29903
5627 29899
5630 29888
5633 29882
5635 29877
5637 29874
5638 29866
5640 29863
5647 29854
5648 29853
5651 29842
5653 29837
5656 29826
5660 29825
5662 29819
5665 29808
5670 29803
5672 29794
5673 29792
5675 29783
5677 29778
5680 29767
5688 29757
5690 29754
5691 29746
5693 29743
5695 29738
5698 29727
5706 29717
5709 29706
5712 29704
5715 29693
5723 29683
5726 29672
5730 29658
5733 29647
5744 29645
5745 29636
5748 29618
5751 29607
5762 29602
5765 29584
5768 29573
5778 29564
5780 29562
5784 29557
5785 29548
5788 29537
5792 29536
5793 29534
5796 29523
5802 29517
5804 29513
5805 29512
5806 29510
5807 29502
5809 29499
5810 29496
5811 29494
5812 29493
5813 29490
5814 29483
5815 29482
5817 29477
5820 29466
5825 29462
5827 29452
5830 29441
5835 29437
5838 29426
5842 29421
5845 29412
5848 29401
5855 29392
5860 29381
5862 29378
5863 29376
5864 29374
5865 29367
5867 29363
5870 29357
5873 29346
5879 29342
5880 29332
5883 29321
5885 29316
5888 29305
5897 29302
5898 29292
5901 29281
5903 29276
5906 29265
5915 29258
5918 29247
5920 29242
5923 29231
5935 29214
5938 29196
5941 29185
5952 29183
5953 29174
5956 29156
5959 29145
5970 29140
5973 29122
5976 29111
5987 29109
5989 29102
5991 29100
5994 29096
5996 29088
5999 29077
6001 29072
6004 29061
6013 29058
6014 29048
6017 29037
6019 29032
6022 29021
6026 29020
6029 29016
6031 29014
6034 29003
6036 28998
6039 28987
6044 28980
6051 28970
6054 28952
6057 28941
6068 28939
6069 28930
6072 28912
6075 28901
6082 28896
6088 28892
6089 28878
6092 28867
6094 28866
6097 28855
6109 28845
6115 28835
6118 28824
6121 28819
6127 28804
6130 28793
6139 28779
6142 28776
6144 28764
6147 28746
6150 28735
6161 28733
6165 28731
6168 28720
6174 28713
6177 28702
6179 28701
6182 28690
6191 28689
6193 28682
6194 28671
6197 28668
6201 28659
6206 28654
6211 28631
6214 28613
6229 28599
6232 28581
6235 28570
6246 28568
6249 28563
6251 28550
6254 28539
6263 28536
6266 28525
6269 28524
6270 28520
6273 28519
6275 28518
6278 28514
6279 28506
6281 28496
6284 28485
6287 28473
6290 28462
6294 28453
6299 28448
6306 28439
6315 28435
6317 28429
6318 28417
6326 28408
6330 28403
6333 28402
6334 28398
6336 28385
6339 28374
6347 28364
6348 28363
6351 28358
6353 28348
6354 28340
6356 28330
6359 28319
6370 28317
6372 28308
6375 28297
6379 28288
6386 28286
6387 28278
6391 28274
6394 28266
6398 28257
6403 28252
6408 28247
6410 28243
6411 28242
6415 28238
6417 28227
6420 28215
6423 28197
6431 28191
6434 28180
6437 28169
6440 28158
6444 28154
6455 28152
6458 28143
6460 28134
6463 28123
6472 28113
6476 28112
6478 28108
6479 28101
6483 28092
6487 28091
6488 28090
6491 28082
6492 28080
6493 28075
6496 28057
6499 28046
6503 28037
6504 28036
6508 28032
6516 28026
6519 28015
6522 28004
6525 27993
6535 27992
6536 27991
6538 27984
6543 27978
6545 27969
6548 27958
6556 27948
6559 27947
6560 27942
6563 27924
6567 27915
6574 27908
6577 27896
6580 27885
6584 27876
6588 27872
6589 27871
6596 27862
6600 27861
6603 27850
6607 27841
6612 27836
6616 27831
6620 27826
6623 27819
6626 27811
6629 27800
6636 27798
6637 27793
6638 27786
6640 27775
6643 27764
6644 27763
6646 27753
6649 27742
6660 27740
6662 27731
6665 27720
6669 27711
6676 27709
6678 27708
6681 27697
6685 27696
6688 27685
6692 27676
6696 27675
6699 27674
6700 27666
6703 27665
6704 27660
6707 27642
6710 27638
6713 27620
6721 27614
6724 27603
6728 27599
6729 27598
6731 27588
6734 27577
6745 27575
6747 27568
6752 27562
6756 27554
6760 27553
6761 27549
6764 27544
6765 27542
6766 27538
6768 27531
6769 27527
6772 27526
6774 27525
6778 27513
6781 27510
6782 27504
6783 27498
6786 27480
6789 27469
6793 27460
6798 27455
6806 27449
6809 27438
6816 27436
6818 27435
6820 27427
6821 27424
6825 27415
6829 27414
6832 27403
6840 27393
6843 27392
6845 27388
6846 27384
6849 27379
6850 27365
6853 27347
6857 27338
6868 27333
6871 27315
6874 27304
6878 27295
6889 27293
6892 27289
6896 27281
6901 27276
6904 27271
6905 27269
6908 27258
6912 27249
6916 27244
6918 27240
6921 27239
6922 27231
6925 27228
6927 27216
6930 27198
6933 27187
6938 27182
6942 27173
6956 27167
6957 27165
6960 27154
6962 27153
6965 27142
6972 27136
6976 27127
6980 27122
6986 27111
6989 27106
6990 27104
6993 27093
6994 27083
6997 27065
7012 27051
7015 27033
7018 27022
7029 27020
7033 27019
7040 27018
7041 27009
7044 26998
7048 26989
7049 26987
7052 26976
7056 26971
7061 26962
7065 26957
7075 26956
7076 26953
7079 26918
7082 26900
7093 26898
7097 26897
7104 26889
7108 26876
7112 26867
7116 26854
7120 26849
7126 26844
7129 26833
7133 26824
7134 26822
7137 26811
7141 26806
7152 26804
7156 26803
7158 26791
7163 26776
7166 26758
7169 26747
7180 26745
7183 26740
7185 26727
7188 26716
7193 26711
7197 26702
7201 26689
7205 26684
7215 26683
7216 26682
7220 26671
7227 26665
7230 26643
7233 26625
7245 26618
7248 26607
7252 26594
7257 26593
7267 26580
7270 26562
7273 26551
7284 26549
7285 26547
7288 26536
7292 26531
7302 26529
7304 26516
7307 26505
7309 26503
7311 26500
7312 26485
7324 26473
7327 26471
7330 26453
7333 26442
7337 26429
7348 26427
7352 26414
7356 26409
7364 26407
7367 26396
7371 26383
7375 26378
7380 26377
7385 26371
7386 26369
7389 26351
7392 26340
7394 26338
7396 26335
7397 26320
7408 26318
7412 26317
7418 26305
7421 26287
7424 26276
7431 26274
7435 26269
7441 26264
7444 26253
7448 26244
7449 26242
7452 26231
7456 26218
7460 26213
7471 26211
7475 26198
7478 26196
7481 26178
7484 26167
7488 26154
7500 26147
7503 26136
7508 26131
7512 26122
7516 26109
7520 26104
7530 26094
7535 26091
7540 26076
7543 26065
7545 26063
7547 26060
7548 26045
7563 26042
7564 26032
7567 26014
7579 26002
7582 26000
7585 25982
7588 25971
7599 25969
7600 25967
7603 25956
7607 25943
7611 25938
7619 25936
7622 25925
7626 25920
7631 25911
7635 25906
7639 25893
7649 25867
7652 25849
7663 25847
7667 25834
7671 25829
7681 25819
7686 25803
7690 25798
7700 25791
7701 25789
7704 25771
7707 25760
7711 25755
7722 25753
7723 25751
7726 25740
7730 25727
7733 25725
7736 25707
7739 25696
7750 25694
7753 25689
7760 25679
7768 25656
7771 25638
7775 25633
7786 25631
7790 25618
7800 25592
7803 25574
7818 25571
7827 25555
7830 25544
7840 25536
7842 25532
7845 25514
7855 25496
7858 25485
7862 25480
7872 25478
7876 25473
7879 25468
7883 25463
7891 25440
7894 25422
7904 25414
7919 25381
7922 25363
7926 25358
7941 25355
7946 25354
7950 25348
7952 25345
7955 25338
7956 25336
7959 25325
7961 25321
7963 25320
7964 25303
7968 25298
7978 25280
7981 25269
7992 25267
7993 25257
7996 25239
8011 25236
8016 25234
8019 25216
8023 25203
8027 25198
8036 25191
8042 25165
8045 25147
8055 25145
8060 25144
8065 25143
8069 25137
8073 25132
8075 25126
8079 25120
8082 25109
8084 25105
8087 25087
8097 25079
8101 25073
8112 25046
8115 25028
8119 25023
8134 25020
8142 25019
8143 25005
8146 24987
8155 24980
8159 24975
8163 24970
8167 24965
8171 24952
8174 24934
8185 24932
8187 24916
8198 24910
8208 24908
8209 24899
8211 24897
8212 24881
8216 24868
8220 24862
8224 24857
8229 24856
8235 24830
8238 24812
8253 24809
8262 24802
8263 24799
8266 24797
8268 24791
8272 24786
8275 24774
8278 24764
8286 24754
8294 24738
8299 24736
8306 24705
8310 24700
8325 24697
8327 24677
8336 24670
8339 24652
8343 24646
8348 24645
8352 24640
8362 24622
8365 24611
8376 24609
8379 24599
8380 24581
8391 24575
8403 24558
8407 24545
8411 24540
8413 24527
8417 24522
8428 24517
8429 24489
8439 24487
8444 24486
8446 24466
8450 24461
8465 24458
8466 24451
8471 24429
8481 24421
8485 24415
8488 24406
8492 24401
8499 24370
8503 24365
8518 24362
8520 24342
8530 24329
8536 24311
8547 24306
8551 24301
8558 24276
8569 24250
8579 24248
8584 24247
8589 24246
8593 24240
8596 24223
8600 24210
8604 24204
8608 24199
8611 24190
8621 24182
8622 24154
8637 24151
8639 24131
8643 24126
8658 24123
8659 24116
8663 24110
8664 24107
8670 24090
8678 24080
8687 24073
8691 24068
8696 24062
8698 24037
8709 24035
8712 24030
8716 24024
8722 24013
8723 23994
8727 23988
8736 23984
8740 23971
8744 23965
8748 23960
8760 23952
8762 23915
8777 23912
8786 23905
8790 23900
8792 23894
8796 23889
8797 23869
8801 23864
8810 23857
8818 23841
8828 23828
8836 23823
8839 23822
8840 23818
8843 23817
8845 23805
8849 23800
8855 23784
8856 23775
8863 23755
8867 23749
8877 23747
8882 23746
8887 23745
8889 23734
8894 23722
8898 23709
8902 23704
8907 23703
8909 23689
8915 23678
8920 23653
8935 23650
8937 23630
8941 23625
8956 23622
8957 23615
8959 23607
8962 23606
8968 23589
8977 23584
8981 23579
8984 23571
8989 23567
8994 23561
8995 23545
8996 23536
9007 23534
9010 23529
9016 23518
9021 23493
9034 23483
9038 23470
9042 23465
9047 23464
9048 23449
9060 23414
9075 23411
9089 23404
9090 23396
9095 23393
9096 23385
9097 23376
9100 23368
9108 23356
9117 23345
9121 23340
9124 23332
9129 23329
9134 23322
9138 23317
9143 23315
9147 23310
9148 23304
9149 23289
9153 23283
9161 23254
9176 23251
9186 23247
9187 23233
9188 23210
9201 23208
9203 23207
9208 23204
9209 23196
9216 23195
9218 23185
9222 23180
9223 23164
9227 23159
9236 23152
9240 23129
9254 23123
9257 23106
9266 23099
9275 23095
9277 23091
9282 23070
9289 23050
9293 23044
9303 23042
9308 23041
9313 23040
9314 23037
9315 23029
9320 23017
9324 23004
9328 22999
9333 22998
9335 22984
9341 22969
9346 22948
9358 22946
9361 22945
9363 22925
9367 22920
9382 22917
9383 22910
9385 22902
9394 22884
9403 22879
9407 22874
9411 22867
9415 22862
9420 22856
9422 22831
9433 22829
9436 22824
9437 22821
9442 22813
9447 22788
9460 22778
9464 22765
9468 22760
9473 22759
9483 22755
9484 22746
9486 22709
9501 22706
9515 22699
9516 22691
9521 22688
9523 22671
9526 22663
9534 22651
9543 22640
9547 22635
9552 22633
9555 22624
9560 22617
9564 22612
9569 22610
9573 22605
9574 22599
9581 22595
9585 22586
9587 22549
9602 22546
9613 22528
9619 22523
9623 22516
9624 22507
9627 22503
9634 22499
9635 22491
9644 22480
9648 22475
9655 22471
9656 22464
9661 22457
9665 22452
9666 22424
9681 22421
9683 22401
9692 22394
9703 22386
9710 22382
9714 22366
9720 22363
9723 22355
9725 22347
9735 22339
9740 22332
9744 22327
9749 22325
9752 22316
9756 22311
9758 22310
9761 22309
9765 22301
9767 22264
9774 22260
9784 22241
9799 22238
9803 22231
9804 22222
9810 22220
9812 22214
9815 22206
9821 22199
9824 22195
9830 22192
9831 22191
9835 22186
9836 22179
9841 22172
9845 22167
9852 22163
9853 22156
9861 22153
9862 22150
9863 22116
9872 22109
9875 22100
9889 22086
9894 22083
9900 22078
9904 22071
9905 22062
9911 22060
9913 22054
9920 22051
9921 22048
9922 22039
9932 22031
9936 22026
9938 22025
9941 22020
9946 22017
9949 22008
9953 22003
9954 21975
9964 21956
9971 21952
9980 21945
9990 21935
9999 21928
10000 21923
10001 21914
10009 21906
10016 21895
10024 21888
10027 21884
10028 21883
10032 21878
10033 21871
10042 21869
10046 21861
10049 21858
10051 21852
10055 21815
10069 21801
10072 21792
10087 21789
10091 21775
10098 21771
10100 21765
10101 21763
10102 21754
10110 21746
10121 21735
10124 21731
10129 21723
10133 21718
10138 21712
10147 21704
10151 21667
10160 21660
10177 21637
10182 21634
10188 21629
10192 21622
10196 21620
10199 21611
10201 21605
10207 21599
10213 21587
10226 21576
10229 21571
10234 21568
10237 21565
10238 21563
10239 21561
10247 21553
10248 21544
10252 21507
10278 21486
10287 21479
10288 21474
10297 21457
10304 21446
10312 21439
10318 21427
10321 21423
10331 21421
10334 21418
10338 21412
10340 21406
10350 21394
10351 21385
10357 21352
10379 21326
10389 21314
10398 21297
10409 21286
10417 21284
10424 21276
10426 21263
10437 21260
10439 21258
10441 21253
10445 21246
10448 21242
10450 21236
10455 21234
10456 21225
10464 21217
10475 21207
10478 21204
10482 21203
10483 21194
10484 21171
10494 21159
10501 21138
10515 21135
10516 21133
10525 21116
10535 21104
10542 21100
10546 21093
10553 21082
10555 21076
10561 21070
10567 21069
10571 21067
10574 21063
10576 21061
10577 21055
10580 21047
10583 21044
10587 21043
10591 21036
10593 21025
10601 21024
10602 21015
10606 20978
10628 20957
10638 20945
10647 20928
10659 20921
10666 20910
10679 20903
10681 20901
10682 20895
10688 20889
10692 20883
10700 20878
10703 20876
10706 20866
10707 20860
10713 20859
10717 20854
10719 20853
10720 20844
10726 20837
10729 20834
10733 20797
10743 20785
10752 20768
10764 20761
10774 20747
10784 20735
10793 20729
10797 20725
10805 20711
10812 20700
10824 20693
10827 20691
10830 20686
10833 20685
10834 20679
10838 20675
10842 20651
10859 20618
10870 20604
10879 20587
10889 20575
10900 20568
10910 20551
10919 20550
10923 20543
10930 20539
10932 20530
10935 20526
10939 20519
10943 20515
10949 20509
10955 20508
10957 20505
10960 20500
10964 20498
10965 20494
10967 20493
10968 20486
10969 20470
10981 20464
10982 20460
10986 20437
10994 20417
11005 20408
11016 20394
11026 20384
11035 20367
11047 20360
11054 20349
11062 20345
11065 20340
11070 20334
11072 20333
11076 20328
11080 20322
11081 20316
11091 20315
11093 20309
11095 20291
11107 20282
11109 20279
11113 20269
11115 20260
11121 20236
11131 20224
11140 20207
11152 20200
11162 20186
11172 20174
11181 20168
11188 20166
11192 20159
11193 20150
11200 20139
11208 20135
11212 20132
11215 20130
11218 20123
11222 20110
11230 20090
11241 20081
11247 20057
11258 20043
11267 20026
11277 20014
11288 20007
11298 19990
11307 19989
11315 19985
11320 19969
11327 19958
11334 19956
11339 19951
11342 19949
11345 19942
11348 19939
11350 19934
11357 19909
11368 19900
11370 19899
11374 19876
11384 19864
11393 19847
11404 19833
11415 19826
11425 19809
11434 19808
11446 19790
11453 19779
11461 19775
11465 19772
11468 19770
11471 19763
11475 19758
11479 19756
11483 19730
11495 19721
11497 19718
11501 19708
11503 19699
11511 19683
11520 19666
11530 19654
11550 19648
11551 19630
11570 19629
11573 19609
11580 19598
11592 19591
11594 19587
11598 19582
11605 19577
11610 19549
11622 19540
11623 19539
11627 19529
11629 19520
11638 19515
11641 19511
11643 19508
11647 19498
11657 19473
11678 19449
11697 19448
11700 19441
11704 19439
11705 19437
11707 19430
11714 19428
11716 19423
11721 19406
11732 19396
11737 19381
11738 19373
11748 19361
11750 19358
11754 19348
11756 19339
11764 19336
11768 19330
11769 19329
11773 19319
11784 19305
11787 19303
11795 19298
11805 19281
11814 19280
11817 19276
11819 19273
11820 19272
11826 19262
11830 19260
11832 19256
11833 19251
11841 19247
11842 19244
11847 19227
11861 19215
11863 19202
11867 19196
11875 19180
11883 19171
11884 19163
11891 19155
11894 19151
11896 19148
11900 19138
11910 19126
11914 19122
11930 19120
11931 19102
11944 19095
11953 19081
11957 19079
11960 19070
11969 19063
11974 19046
11987 19036
11990 19021
11993 19017
12002 19012
12005 19010
12007 19005
12009 18992
12021 18970
12037 18945
12058 18921
12077 18920
12081 18919
12083 18915
12084 18911
12085 18909
12088 18905
12095 18904
12096 18893
12101 18878
12112 18868
12114 18855
12118 18845
12120 18836
12128 18833
12132 18829
12133 18826
12136 18811
12148 18802
12151 18800
12159 18795
12166 18793
12167 18775
12183 18770
12184 18769
12189 18754
12196 18753
12197 18748
12200 18744
12206 18741
12208 18738
12210 18732
12212 18728
12219 18727
12222 18716
12226 18712
12227 18699
12242 18698
12243 18692
12247 18668
12255 18652
12260 18645
12264 18635
12274 18623
12278 18619
12294 18594
12317 18578
12321 18576
12324 18567
12333 18560
12337 18551
12349 18535
12354 18518
12369 18517
12370 18511
12373 18489
12385 18482
12395 18468
12401 18442
12422 18418
12436 18417
12445 18416
12447 18412
12448 18401
12460 18392
12463 18390
12467 18381
12474 18377
12476 18365
12482 18350
12496 18349
12497 18341
12500 18308
12512 18301
12530 18290
12531 18272
12553 18251
12564 18241
12572 18235
12574 18229
12576 18225
12586 18213
12590 18209
12594 18200
12606 18184
12620 18181
12623 18168
12632 18160
12636 18157
12639 18156
12648 18150
12649 18141
12654 18124
12658 18091
12685 18079
12695 18074
12697 18072
12701 18048
12713 18032
12722 18024
12733 18014
12734 18008
12748 18005
12759 18002
12760 17998
12763 17996
12768 17982
12776 17971
12781 17951
12794 17940
12800 17914
12812 17898
12824 17891
12831 17878
12843 17862
12853 17857
12865 17841
12875 17837
12876 17831
12886 17819
12890 17815
12899 17806
12906 17790
12918 17785
12923 17774
12932 17766
12936 17763
12939 17762
12944 17750
12953 17749
12954 17738
12958 17697
12970 17681
12984 17678
13001 17666
13007 17664
13013 17638
13027 17635
13033 17620
13034 17614
13045 17604
13059 17601
13068 17588
13080 17572
13081 17557
13094 17546
13107 17538
13109 17537
13112 17504
13124 17497
13138 17494
13142 17486
13143 17468
13153 17467
13157 17465
13165 17447
13179 17444
13186 17437
13187 17427
13199 17420
13206 17409
13208 17408
13211 17396
13218 17391
13228 17390
13229 17384
13231 17380
13235 17376
13240 17370
13243 17364
13244 17356
13258 17353
13264 17343
13270 17287
13284 17284
13307 17274
13313 17256
13327 17253
13334 17232
13345 17210
13359 17207
13380 17178
13394 17164
13407 17144
13430 17143
13431 17136
13438 17130
13439 17126
13444 17123
13449 17114
13450 17113
13451 17111
13455 17101
13461 17094
13465 17057
13479 17054
13498 17048
13508 17026
13522 17023
13529 17002
13540 16980
13543 16970
13555 16966
13569 16963
13575 16948
13576 16933
13590 16930
13602 16914
13611 16906
13618 16893
13625 16886
13644 16884
13645 16883
13646 16881
13650 16871
13651 16856
13656 16831
13670 16828
13686 16824
13692 16823
13693 16818
13700 16809
13702 16801
13713 16790
13724 16772
13731 16754
13738 16740
13750 16736
13761 16712
13771 16703
13785 16700
13793 16688
13802 16685
13806 16676
13813 16644
13827 16641
13836 16635
13846 16626
13849 16616
13851 16601
13865 16598
13877 16589
13888 16567
13902 16564
13908 16560
13919 16542
13923 16535
13926 16524
13929 16514
13941 16510
13950 16501
13956 16482
13970 16479
13988 16458
13997 16455
14002 16452
14004 16437
14016 16433
14023 16419
14030 16418
14031 16405
14044 16386
14056 16382
14063 16377
14066 16373
14072 16369
14078 16367
14079 16359
14086 16327
14098 16323
14110 16316
14119 16290
14124 16284
14136 16280
14150 16272
14154 16263
14161 16250
14168 16243
14192 16225
14194 16213
14199 16188
14213 16185
14229 16181
14234 16175
14241 16161
14245 16158
14254 16151
14256 16147
14267 16129
14274 16111
14288 16108
14303 16101
14304 16069
14318 16066
14329 16065
14336 16045
14350 16039
14359 16032
14367 16031
14369 16023
14371 16006
14379 15992
14392 15973
14404 15969
14409 15963
14414 15960
14427 15946
14438 15943
14439 15942
14446 15929
14449 15921
14463 15918
14467 15896
14472 15871
14484 15867
14498 15864
14514 15860
14518 15841
14527 15834
14539 15830
14540 15812
14547 15794
14559 15790
14573 15775
14578 15769
14582 15762
14589 15748
14603 15745
14621 15724
14635 15718
14642 15706
14650 15703
14653 15673
14664 15671
14667 15670
14677 15652
14684 15647
14695 15646
14696 15643
14699 15639
14708 15636
14710 15632
14712 15625
14717 15610
14722 15604
14734 15600
14748 15592
14752 15575
14757 15550
14771 15547
14787 15543
14790 15530
14797 15508
14811 15505
14825 15491
14832 15473
14846 15458
14858 15454
14863 15448
14867 15441
14872 15431
14886 15428
14893 15427
14900 15421
14902 15389
14916 15386
14926 15356
14938 15352
14952 15349
14968 15345
14969 15326
14977 15312
14990 15293
15002 15289
15007 15283
15012 15280
15025 15266
15036 15247
15043 15233
15057 15230
15065 15216
15070 15191
15082 15187
15096 15184
15112 15180
15116 15161
15128 15157
15131 15137
15138 15132
15145 15114
15157 15110
15171 15095
15176 15089
15180 15082
15187 15068
15201 15065
15211 15035
15225 15032
15241 15028
15248 15023
15251 14993
15262 14991
15265 14990
15275 14972
15289 14969
15293 14966
15297 14959
15308 14952
15310 14945
15321 14926
15335 14923
15350 14895
15355 14870
15369 14867
15385 14863
15388 14850
15401 14840
15415 14837
15419 14836
15423 14811
15430 14793
15444 14778
15456 14774
15461 14768
15465 14761
15479 14751
15490 14748
15491 14747
15498 14741
15505 14727
15519 14722
15524 14676
15536 14672
15550 14669
15566 14665
15570 14646
15582 14642
15593 14631
15599 14620
15610 14610
15622 14606
15628 14604
15634 14567
15641 14553
15655 14550
15673 14529
15687 14523
15701 14520
15704 14515
15709 14511
15716 14497
15717 14496
15724 14494
15725 14492
15727 14487
15729 14457
15743 14454
15751 14444
15764 14430
15775 14427
15783 14420
15797 14414
15804 14401
15809 14355
15823 14352
15839 14348
15853 14345
15855 14325
15869 14322
15874 14321
15884 14299
15895 14289
15909 14286
15919 14246
15933 14243
15961 14240
15965 14216
15979 14213
15994 14190
16005 14180
16009 14173
16039 14166
16040 14160
16051 14150
16055 14125
16069 14122
16083 14108
16095 14107
16097 14105
16119 14064
16141 14059
16155 14056
16158 14052
16165 14034
16194 14008
16196 14006
16202 14005
16205 13998
16219 13987
16227 13972
16241 13969
16242 13966
16255 13943
16273 13942
16278 13936
16283 13926
16302 13916
16306 13897
16316 13895
16320 13894
16330 13870
16337 13863
16351 13860
16365 13843
16376 13840
16377 13832
16391 13829
16396 13793
16410 13768
16424 13765
16442 13763
16456 13738
16470 13735
16482 13727
16485 13712
16496 13702
16510 13699
16528 13697
16530 13688
16531 13682
16537 13681
16542 13672
16549 13667
16560 13655
16571 13646
16574 13630
16588 13627
16596 13611
16610 13586
16642 13581
16649 13574
16656 13556
16671 13555
16679 13552
16682 13545
16685 13530
16693 13527
16696 13520
16724 13514
16731 13500
16739 13497
16742 13490
16748 13487
16749 13485
16755 13483
16760 13473
16765 13468
16769 13458
16774 13448
16783 13444
16797 13419
16811 13416
16814 13410
16828 13385
16842 13382
16860 13380
16863 13367
16872 13363
16874 13355
16883 13353
16888 13352
16893 13345
16900 13344
16903 13329
16914 13319
16928 13316
16938 13311
16947 13306
16948 13305
16949 13299
16955 13284
16961 13281
16964 13270
16969 13259
16978 13245
16992 13242
16997 13237
17014 13228
17024 13215
17028 13203
17053 13189
17063 13185
17064 13179
17074 13173
17083 13171
17098 13165
17099 13159
17103 13147
17114 13137
17133 13121
17147 13113
17156 13109
17160 13107
17161 13099
17164 13088
17178 13063
17201 13061
17210 13058
17215 13036
17224 13033
17239 13032
17242 13028
17250 13018
17253 13007
17261 13006
17264 12997
17280 12996
17281 12984
17290 12980
17299 12977
17301 12970
17310 12967
17317 12962
17327 12954
17336 12950
17339 12941
17342 12935
17347 12931
17351 12921
17356 12910
17365 12896
17379 12893
17392 12888
17401 12879
17411 12866
17415 12854
17431 12844
17440 12840
17450 12836
17451 12830
17461 12824
17472 12823
17477 12814
17481 12802
17490 12798
17501 12788
17517 12778
17520 12772
17534 12764
17547 12758
17549 12751
17551 12739
17565 12714
17592 12706
17611 12684
17622 12683
17629 12679
17631 12662
17640 12658
17651 12648
17668 12635
17677 12632
17686 12628
17695 12627
17697 12618
17704 12613
17706 12606
17714 12605
17717 12596
17726 12592
17734 12582
17743 12579
17752 12576
17754 12569
17763 12566
17765 12564
17770 12553
17779 12539
17793 12536
17795 12534
17800 12530
17804 12520
17809 12509
17818 12495
17832 12492
17845 12487
17854 12478
17859 12474
17864 12465
17868 12453
17884 12451
17893 12439
17904 12429
17914 12423
17925 12422
17930 12421
17934 12409
17936 12402
17943 12397
17954 12387
17965 12382
17973 12371
17979 12357
18004 12338
18009 12334
18018 12313
18045 12305
18054 12301
18064 12283
18075 12282
18082 12278
18084 12269
18093 12257
18104 12247
18121 12242
18130 12239
18139 12227
18148 12225
18150 12217
18157 12212
18170 12203
18178 12202
18179 12191
18187 12189
18196 12186
18200 12185
18203 12182
18207 12176
18216 12173
18218 12163
18223 12152
18232 12138
18246 12135
18253 12129
18257 12126
18262 12115
18271 12102
18282 12096
18307 12082
18312 12073
18317 12072
18321 12060
18337 12059
18342 12058
18346 12046
18350 12045
18357 12036
18367 12030
18380 12022
18387 12014
18389 12009
18396 12004
18407 11994
18417 11991
18418 11981
18426 11978
18432 11956
18457 11945
18462 11933
18471 11920
18492 11918
18503 11915
18507 11900
18517 11890
18532 11889
18537 11877
18546 11864
18557 11854
18578 11852
18583 11847
18592 11834
18601 11832
18603 11824
18610 11819
18623 11811
18632 11798
18653 11796
18656 11789
18669 11781
18671 11769
18678 11768
18685 11763
18696 11753
18701 11746
18706 11743
18710 11733
18731 11731
18736 11720
18745 11707
18756 11701
18771 11697
18780 11694
18781 11687
18786 11678
18792 11677
18795 11665
18808 11658
18820 11651
18824 11650
18831 11641
18838 11635
18847 11622
18861 11619
18863 11614
18870 11609
18881 11599
18891 11596
18892 11586
18900 11583
18906 11561
18931 11550
18936 11538
18945 11525
18978 11520
18980 11512
18981 11505
18992 11495
19006 11494
19011 11482
19020 11469
19031 11459
19055 11456
19066 11446
19067 11439
19075 11437
19084 11424
19097 11416
19106 11403
19131 11394
19141 11390
19145 11374
19159 11368
19170 11358
19175 11351
19184 11338
19215 11335
19217 11333
19219 11325
19227 11324
19231 11308
19245 11302
19254 11299
19256 11297
19261 11285
19270 11272
19282 11263
19304 11257
19307 11252
19312 11240
19321 11227
19356 11214
19357 11207
19372 11206
19379 11201
19381 11196
19387 11184
19396 11171
19415 11153
19440 11142
19445 11130
19454 11117
19487 11112
19490 11097
19501 11087
19515 11086
19520 11074
19529 11061
19540 11051
19560 11040
19576 11031
19584 11029
19587 11021
19593 11016
19606 11008
19615 10995
19626 10985
19654 10966
19662 10965
19668 10960
19673 10955
19679 10950
19684 10943
19692 10942
19693 10930
19701 10929
19712 10919
19736 10916
19740 10900
19748 10899
19754 10894
19765 10889
19770 10877
19778 10876
19779 10864
19787 10863
19791 10855
19816 10844
19821 10832
19830 10819
19856 10811
19865 10798
19890 10788
19896 10776
19905 10763
19930 10754
19942 10745
19951 10732
19960 10731
19963 10723
19969 10718
19985 10717
19988 10712
19993 10700
20002 10687
20030 10668
20038 10667
20044 10662
20055 10657
20060 10645
20068 10644
20069 10632
20077 10631
20096 10613
20121 10602
20126 10590
20135 10577
20168 10572
20169 10567
20171 10557
20182 10547
20196 10546
20199 10544
20201 10534
20208 10531
20210 10521
20221 10511
20241 10500
20257 10491
20266 10490
20276 10487
20282 10480
20287 10468
20296 10455
20321 10451
20329 10448
20332 10447
20335 10426
20360 10415
20365 10403
20374 10390
20405 10389
20407 10385
20415 10382
20420 10381
20421 10360
20438 10358
20446 10349
20451 10337
20460 10324
20472 10315
20497 10304
20502 10292
20511 10279
20547 10259
20571 10248
20577 10236
20586 10223
20618 10218
20629 10217
20635 10215
20637 10205
20644 10202
20646 10192
20657 10182
20668 10181
20677 10171
20693 10162
20697 10153
20705 10150
20711 10128
20732 10126
20736 10117
20741 10105
20750 10092
20796 10086
20801 10074
20810 10061
20843 10056
20851 10053
20856 10052
20857 10031
20882 10020
20887 10008
20896 9995
20908 9986
20932 9980
20933 9975
20938 9963
20947 9950
20983 9930
21008 9919
21013 9907
21022 9894
21065 9888
21078 9883
21088 9882
21090 9876
21095 9865
21099 9863
21102 9857
21104 9852
21111 9846
21129 9838
21132 9834
21133 9824
21141 9821
21147 9799
21172 9788
21177 9776
21186 9763
21255 9752
21275 9743
21280 9741
21284 9730
21285 9729
21294 9716
21314 9714
21323 9709
21332 9698
21333 9695
21336 9692
21344 9689
21350 9667
21368 9651
21380 9644
21389 9631
21419 9621
21444 9610
21449 9598
21458 9585
21491 9578
21518 9567
21528 9555
21537 9542
21566 9540
21571 9519
21604 9518
21608 9514
21616 9511
21619 9502
21622 9489
21640 9473
21652 9466
21661 9453
21681 9452
21701 9446
21706 9441
21711 9429
21720 9416
21740 9410
21763 9400
21783 9393
21792 9392
21795 9389
21800 9377
21809 9364
21822 9363
21831 9356
21843 9341
21854 9340
21879 9329
21884 9317
21893 9304
21922 9298
21945 9288
21950 9287
21953 9274
21973 9268
21978 9263
21983 9251
21992 9238
22012 9232
22032 9231
22034 9224
22052 9220
22055 9215
22057 9208
22071 9195
22075 9192
22087 9185
22096 9172
22126 9162
22151 9151
22156 9139
22165 9126
22194 9120
22198 9119
22216 9112
22222 9109
22225 9108
22235 9096
22244 9083
22267 9082
22273 9081
22276 9073
22278 9060
22297 9059
22304 9053
22306 9046
22326 9043
22329 9030
22343 9017
22347 9014
22359 9007
22368 8994
22388 8993
22408 8987
22413 8982
22418 8970
22427 8957
22447 8951
22470 8941
22488 8934
22499 8933
22502 8930
22507 8918
22516 8905
22529 8904
22538 8897
22550 8882
22580 8881
22589 8868
22598 8865
22609 8845
22629 8839
22648 8838
22652 8829
22657 8825
22660 8815
22680 8809
22685 8804
22690 8792
22699 8779
22719 8773
22739 8772
22741 8765
22759 8761
22769 8749
22778 8736
22801 8726
22810 8719
22839 8713
22843 8712
22859 8710
22861 8708
22867 8692
22880 8683
22881 8667
22901 8661
22923 8653
22929 8650
22940 8647
22949 8644
22960 8624
22974 8623
22983 8614
22992 8607
23004 8600
23011 8594
23013 8587
23036 8583
23041 8571
23050 8558
23083 8557
23092 8544
23110 8540
23111 8538
23115 8534
23131 8532
23138 8530
23143 8518
23152 8505
23161 8498
23190 8495
23194 8491
23195 8475
23218 8471
23232 8446
23271 8442
23274 8432
23280 8429
23292 8428
23297 8422
23320 8418
23322 8415
23325 8402
23334 8393
23343 8386
23355 8379
23364 8366
23410 8362
23415 8361
23424 8348
23425 8346
23436 8343
23448 8342
23457 8326
23462 8317
23466 8313
23501 8312
23504 8303
23510 8301
23515 8299
23519 8298
23521 8290
23540 8289
23546 8254
23579 8253
23585 8250
23594 8237
23606 8236
23632 8230
23644 8221
23647 8219
23648 8201
23681 8200
23688 8189
23707 8180
23735 8176
23740 8172
23744 8163
23751 8161
23755 8157
23761 8141
23776 8125
23809 8124
23818 8120
23829 8107
23835 8098
23863 8088
23870 8077
23903 8076
23909 8073
23918 8060
23926 8051
23937 8045
23968 8044
23971 8042
23972 8024
23991 8012
24021 7988
24050 7985
24059 7978
24065 7969
24085 7964
24100 7948
24123 7935
24152 7932
24153 7930
24156 7922
24159 7921
24163 7913
24187 7911
24202 7909
24207 7904
24211 7896
24215 7895
24230 7891
24236 7875
24250 7874
24251 7859
24280 7856
24304 7841
24310 7832
24338 7822
24345 7811
24371 7809
24374 7808
24378 7800
24389 7792
24393 7784
24412 7779
24439 7775
24442 7774
24445 7766
24447 7758
24452 7757
24466 7746
24480 7745
24495 7740
24499 7739
24503 7732
24519 7728
24525 7719
24534 7712
24540 7703
24560 7698
24575 7682
24604 7679
24608 7671
24627 7666
24628 7664
24631 7656
24634 7655
24638 7647
24662 7645
24667 7644
24677 7643
24682 7628
24710 7627
24714 7626
24718 7619
24725 7608
24736 7602
24740 7594
24755 7590
24769 7589
24773 7581
24790 7569
24818 7563
24823 7556
24827 7555
24832 7554
24838 7553
24843 7551
24846 7543
24849 7542
24853 7534
24864 7526
24868 7518
24897 7515
24914 7509
24917 7508
24920 7500
24927 7491
24951 7489
24955 7479
24975 7474
24987 7473
24988 7468
25007 7463
25008 7461
25014 7452
25018 7444
25029 7438
25062 7425
25073 7422
25079 7413
25083 7405
25112 7399
25120 7391
25135 7387
25142 7378
25157 7362
25190 7361
25199 7360
25201 7359
25203 7353
25217 7344
25225 7341
25229 7339
25233 7331
25244 7323
25248 7315
25277 7312
25296 7311
25297 7305
25307 7288
25327 7286
25335 7278
25355 7271
25362 7266
25372 7249
25401 7243
25409 7235
25431 7230
25440 7228
25452 7225
25453 7219
25455 7212
25459 7210
25463 7202
25492 7196
25512 7192
25522 7175
25537 7159
25570 7158
25582 7157
25587 7149
25597 7141
25614 7139
25616 7130
25624 7122
25641 7117
25653 7116
25661 7103
25670 7099
25699 7093
25700 7090
25707 7083
25728 7080
25731 7079
25737 7072
25741 7069
25742 7063
25752 7046
25781 7040
25802 7037
25811 7029
25812 7028
25832 7022
25846 7021
25852 7012
25856 7004
25868 7003
25879 6995
25898 6992
25905 6984
25906 6979
25913 6976
25930 6961
25952 6959
25959 6953
25967 6946
25986 6944
25990 6943
25993 6942
25996 6927
26017 6924
26020 6923
26026 6916
26041 6900
26084 6899
26086 6898
26094 6895
26096 6893
26100 6885
26101 6882
26113 6879
26116 6878
26121 6866
26135 6865
26145 6848
26172 6847
26174 6842
26186 6841
26196 6840
26203 6834
26204 6831
26205 6830
26211 6827
26230 6826
26231 6820
26235 6810
26241 6803
26256 6800
26259 6792
26285 6781
26306 6778
26318 6775
26319 6774
26331 6765
26340 6763
26350 6762
26357 6760
26360 6748
26365 6747
26373 6743
26389 6729
26410 6720
26424 6719
26434 6702
26461 6701
26466 6699
26474 6692
26479 6691
26485 6684
26500 6681
26503 6673
26524 6664
26530 6657
26548 6646
26579 6643
26590 6639
26599 6633
26604 6629
26608 6628
26610 6623
26620 6619
26639 6617
26646 6614
26647 6613
26649 6602
26652 6594
26678 6583
26705 6582
26710 6580
26711 6577
26712 6576
26718 6573
26738 6565
26739 6564
26742 6556
26748 6549
26763 6546
26766 6545
26774 6538
26792 6527
26813 6524
26825 6523
26830 6521
26834 6520
26835 6519
26838 6511
26847 6509
26854 6503
26862 6500
26867 6494
26880 6489
26893 6483
26896 6475
26937 6468
26941 6448
26981 6445
26982 6441
26986 6437
26992 6430
27007 6427
27010 6426
27028 6424
27031 6410
27037 6403
27055 6399
27082 6392
27086 6389
27097 6385
27098 6384
27106 6379
27111 6375
27124 6370
27127 6365
27143 6358
27151 6354
27156 6348
27169 6343
27185 6329
27225 6326
27226 6322
27231 6320
27241 6316
27245 6311
27246 6310
27252 6303
27270 6299
27273 6291
27281 6284
27299 6280
27319 6278
27330 6270
27341 6266
27342 6265
27350 6260
27355 6255
27363 6253
27369 6246
27375 6243
27389 6242
27395 6235
27400 6229
27413 6224
27434 6221
27445 6217
27446 6215
27451 6210
27459 6208
27465 6205
27471 6198
27485 6197
27488 6191
27496 6184
27514 6180
27517 6172
27545 6170
27556 6166
27557 6165
27561 6160
27562 6145
27590 6143
27599 6136
27607 6134
27613 6127
27619 6124
27649 6121
27652 6107
27658 6100
27686 6098
27695 6091
27703 6089
27707 6086
27715 6079
27727 6076
27732 6072
27748 6062
27764 6055
27777 6045
27803 6041
27806 6026
27834 6024
27847 6019
27854 6017
27866 6008
27867 6007
27873 6000
27896 5988
27902 5981
27930 5979
27940 5975
27951 5967
27962 5963
27963 5962
27971 5957
27976 5952
27992 5943
27996 5940
28021 5926
28047 5922
28053 5920
28061 5919
28066 5914
28067 5912
28072 5907
28086 5902
28092 5895
28111 5888
28117 5881
28146 5879
28149 5875
28157 5874
28161 5871
28162 5869
28166 5867
28177 5863
28178 5862
28182 5857
28184 5856
28191 5852
28195 5851
28198 5850
28207 5843
28211 5840
28220 5833
28240 5821
28274 5818
28281 5814
28282 5812
28287 5807
28291 5806
28300 5804
28301 5802
28307 5795
28316 5788
28330 5783
28336 5776
28365 5775
28372 5774
28374 5770
28377 5769
28385 5763
28393 5762
28396 5759
28397 5757
28399 5756
28405 5752
28406 5750
28410 5748
28426 5738
28430 5736
28435 5733
28455 5721
28481 5718
28493 5716
28495 5714
28500 5710
28501 5707
28506 5703
28520 5698
28525 5695
28526 5691
28531 5688
28545 5683
28551 5676
28587 5672
28589 5670
28591 5669
28595 5667
28596 5665
28598 5663
28609 5658
28616 5653
28618 5651
28621 5650
28629 5646
28641 5638
28654 5629
28674 5617
28705 5613
28716 5607
28725 5601
28744 5591
28750 5584
28764 5579
28770 5572
28806 5569
28808 5566
28813 5563
28819 5560
28824 5558
28831 5557
28832 5556
28833 5551
28839 5548
28840 5546
28860 5534
28888 5532
28895 5528
28903 5525
28907 5524
28908 5523
28909 5522
28915 5515
28920 5513
28927 5512
28928 5511
28929 5510
28935 5503
28940 5501
28973 5497
28978 5494
28982 5492
28986 5491
28987 5488
28997 5486
28998 5482
29005 5477
29007 5476
29017 5474
29018 5473
29021 5471
29025 5465
29032 5459
29043 5454
29052 5447
29063 5442
29096 5441
29097 5439
29098 5438
29103 5432
29114 5430
29118 5426
29122 5421
29134 5418
29139 5409
29159 5397
29193 5394
29197 5390
29202 5388
29206 5385
29217 5378
29222 5376
29226 5373
29246 5364
29266 5352
29296 5347
29302 5340
29316 5335
29322 5328
29336 5326
29342 5319
29356 5314
29362 5307
29391 5304
29392 5302
29400 5301
29405 5298
29411 5295
29412 5290
29421 5284
29431 5283
29432 5281
29441 5272
29452 5269
29479 5268
29481 5266
29487 5259
29492 5257
29506 5256
29507 5250
29512 5248
29519 5247
29521 5245
29527 5238
29532 5236
29557 5233
29559 5232
29569 5230
29570 5229
29573 5227
29577 5221
29584 5215
29595 5210
29604 5203
29615 5198
29624 5194
29635 5189
29644 5182
29655 5177
29686 5174
29691 5165
29711 5153
29731 5144
29751 5132
29780 5129
29789 5125
29794 5123
29800 5120
29809 5113
29814 5111
29820 5108
29848 5105
29855 5104
29856 5096
29868 5093
29876 5084
29895 5083
29896 5075
29908 5072
29916 5063
29947 5060
29954 5057
29959 5054
29967 5051
29973 5040
29987 5039
29993 5028
30013 5019
30033 5007
30064 5004
30078 5003
30084 4995
30092 4994
30098 4991
30104 4983
30130 4980
30134 4979
30138 4971
30150 4968
30154 4967
30158 4959
30174 4958
30178 4950
30190 4947
30194 4946
30198 4938
30229 4935
30243 4934
30249 4926
30257 4925
30261 4923
30263 4922
30269 4914
30299 4910
30311 4907
30319 4898
30339 4889
30351 4886
30359 4877
30390 4874
30406 4873
30410 4865
30422 4862
30427 4856
30430 4853
30447 4844
30467 4835
30487 4823
30518 4820
30530 4817
30538 4808
30555 4805
30558 4799
30584 4796
30592 4787
30604 4784
30612 4775
30615 4773
30632 4766
30644 4763
30652 4754
30655 4752
30683 4751
30686 4749
30703 4742
30711 4741
30714 4739
30723 4730
30726 4728
30769 4726
30772 4713
30780 4704
30812 4692
30820 4683
30851 4680
30871 4679
30879 4670
30883 4668
30891 4659
30934 4657
30938 4656
30940 4655
30946 4647
30950 4646
30969 4638
30978 4635
30986 4626
31009 4621
31012 4619
31028 4618
31036 4610
31057 4602
31080 4597
31083 4595
31099 4594
31107 4586
31129 4580
31135 4579
31137 4571
31169 4559
31175 4558
31177 4550
31208 4547
31227 4538
31236 4537
31240 4535
31246 4534
31248 4526
31286 4525
31290 4523
31292 4519
31298 4514
31300 4510
31326 4505
31332 4498
31340 4489
31371 4486
31385 4485
31393 4477
31399 4476
31403 4474
31411 4465
31454 4463
31456 4461
31464 4453
31470 4452
31489 4444
31498 4441
31506 4432
31532 4425
31548 4424
31551 4417
31556 4416
31576 4414
31577 4408
31584 4405
31603 4401
31619 4400
31622 4393
31627 4392
31647 4390
31649 4386
31655 4381
31657 4377
31689 4365
31697 4356
31728 4353
31747 4344
31756 4343
31760 4341
31768 4332
31806 4331
31810 4329
31817 4328
31818 4320
31827 4319
31846 4311
31869 4309
31871 4308
31873 4304
31880 4299
31905 4291
31913 4283
31939 4280
31947 4278
31951 4275
31958 4272
31963 4271
31976 4267
31984 4259
32010 4256
32018 4254
32023 4253
32029 4248
32031 4244
32056 4241
32062 4238
32063 4232
32071 4223
32096 4220
32104 4211
32130 4210
32134 4208
32142 4199
32163 4198
32167 4196
32175 4187
32201 4186
32218 4185
32220 4178
32234 4174
32247 4171
32253 4166
32276 4164
32279 4158
32287 4150
32312 4146
32320 4138
32350 4134
32354 4133
32358 4126
32383 4122
32391 4114
32421 4111
32425 4109
32430 4108
32436 4105
32438 4099
32468 4097
32469 4093
32470 4087
32478 4078
32509 4075
32528 4073
32537 4065
32541 4063
32549 4054
32592 4052
32598 4050
32599 4049
32603 4048
32608 4041
32625 4040
32627 4033
32650 4031
32654 4026
32674 4024
32684 4023
32686 4013
32694 4005
32724 4002
32728 4000
32755 3999
32757 3989
32765 3981
32795 3978
32799 3976
32819 3975
32835 3968
32841 3967
32843 3960
32866 3958
32873 3957
32877 3955
32890 3951
32900 3950
32902 3940
32916 3937
32936 3935
32944 3927
32961 3924
32973 3916
33003 3913
33007 3911
33015 3903
33045 3900
33050 3899
33051 3895
33074 3893
33078 3891
33085 3890
33087 3885
33093 3882
33112 3880
33123 3879
33124 3872
33149 3867
33152 3862
33166 3859
33177 3851
33199 3850
33207 3848
33211 3846
33223 3838
33253 3835
33255 3830
33270 3826
33289 3825
33294 3818
33301 3817
33320 3815
33328 3807
33348 3805
33357 3802
33365 3794
33385 3786
33415 3783
33419 3781
33427 3773
33457 3770
33462 3769
33463 3765
33486 3763
33493 3762
33497 3760
33499 3755
33502 3753
33505 3752
33516 3750
33535 3749
33536 3742
33544 3740
33565 3737
33573 3729
33603 3726
33607 3724
33614 3721
33615 3716
33635 3708
33665 3705
33670 3704
33679 3703
33682 3696
33693 3695
33707 3690
33713 3687
33724 3685
33743 3684
33748 3683
33749 3677
33752 3675
33766 3672
33785 3669
33786 3664
33799 3663
33816 3661
33820 3660
33823 3651
33853 3648
33858 3646
33864 3643
33870 3639
33892 3636
33895 3633
33901 3630
33924 3628
33931 3627
33936 3625
33937 3620
33948 3618
33957 3612
33974 3607
34004 3600
34015 3599
34021 3595
34035 3591
34046 3589
34052 3586
34074 3579
34088 3576
34099 3574
34108 3568
34121 3567
34136 3563
34145 3555
34175 3552
34180 3551
34186 3547
34192 3543
34214 3540
34223 3534
34244 3533
34246 3532
34253 3531
34258 3530
34259 3529
34261 3528
34270 3522
34283 3519
34296 3511
34326 3508
34330 3507
34340 3506
34343 3499
34361 3498
34365 3496
34374 3490
34397 3488
34404 3487
34408 3486
34410 3485
34412 3484
34415 3481
34421 3478
34434 3475
34456 3473
34458 3467
34481 3463
34493 3460
34505 3455
34512 3454
34535 3452
34536 3446
34553 3445
34559 3442
34566 3437
34583 3434
34587 3432
34592 3431
34613 3425
34631 3424
34634 3420
34639 3419
34644 3416
34658 3415
34665 3411
34670 3410
34688 3409
34691 3404
34695 3402
34704 3401
34712 3399
34717 3398
34725 3396
34728 3393
34742 3390
34749 3388
34754 3387
34767 3384
34773 3381
34782 3380
34796 3376
34801 3375
34806 3372
34809 3371
34820 3369
34827 3367
34829 3363
34846 3358
34866 3357
34874 3355
34876 3351
34887 3350
34893 3346
34907 3342
34918 3340
34924 3337
34944 3336
34946 3330
34960 3327
34971 3325
34980 3319
34993 3318
35008 3314
35017 3306
35047 3303
35052 3302
35058 3298
35064 3294
35086 3291
35095 3285
35116 3284
35118 3283
35125 3282
35130 3281
35131 3280
35133 3279
35142 3273
35155 3270
35168 3262
35198 3259
35202 3258
35212 3257
35215 3250
35233 3249
35237 3247
35246 3241
35269 3239
35276 3238
35280 3237
35282 3236
35284 3235
35287 3232
35293 3229
35306 3226
35328 3224
35330 3218
35353 3214
35365 3211
35377 3206
35384 3205
35407 3203
35408 3197
35425 3196
35431 3193
35438 3188
35455 3185
35459 3183
35464 3182
35485 3176
35503 3175
35506 3171
35511 3170
35516 3167
35537 3162
35542 3161
35560 3160
35563 3155
35576 3152
35584 3150
35589 3149
35597 3147
35600 3144
35621 3139
35626 3138
35641 3137
35644 3135
35647 3132
35654 3131
35668 3127
35673 3126
35678 3123
35699 3118
35704 3117
35715 3114
35725 3111
35729 3109
35738 3108
35746 3106
35751 3105
35759 3103
35762 3102
35776 3097
35785 3096
35793 3093
35806 3091
35807 3088
35816 3087
35830 3086
35837 3082
35840 3081
35853 3078
35854 3076
35863 3075
35867 3073
35877 3070
35889 3069
35891 3065
35903 3064
35914 3061
35924 3058
35931 3057
35938 3053
35945 3052
35955 3049
35969 3044
35981 3043
35992 3040
36002 3037
36006 3035
36015 3034
36016 3032
36028 3031
36029 3029
36041 3028
36053 3023
36062 3022
36075 3020
36076 3017
36084 3014
36093 3013
36107 3008
36119 3007
36130 3006
36131 3002
36140 3001
36144 2999
36154 2996
36166 2995
36168 2991
36183 2990
36191 2987
36206 2986
36209 2984
36215 2979
36222 2978
36237 2977
36245 2976
36246 2970
36261 2969
36269 2966
36284 2965
36291 2963
36293 2958
36306 2955
36321 2954
36336 2952
36338 2951
36347 2948
36353 2943
36368 2942
36383 2940
36384 2934
36399 2933
36407 2932
36422 2931
36428 2929
36431 2922
36446 2921
36454 2920
36469 2919
36475 2917
36477 2915
36492 2914
36498 2913
36500 2911
36508 2910
36512 2909
36518 2908
36522 2905
36524 2903
36537 2900
36552 2899
36563 2898
36565 2896
36569 2893
36573 2892
36580 2891
36584 2888
36596 2887
36600 2884
36604 2883
36615 2879
36630 2878
36638 2877
36643 2875
36647 2872
36651 2871
36660 2869
36662 2867
36677 2866
36685 2865
36696 2864
36699 2863
36701 2862
36703 2860
36707 2857
36711 2856
36726 2855
36734 2851
36738 2848
36742 2847
36757 2846
36765 2845
36774 2844
36776 2841
36781 2839
36785 2836
36789 2835
36804 2834
36812 2833
36823 2829
36829 2827
36844 2826
36852 2823
36867 2822
36874 2820
36876 2815
36889 2812
36904 2811
36913 2810
36919 2809
36921 2808
36927 2806
36930 2805
36936 2800
36951 2799
36958 2797
36965 2796
36967 2791
36982 2790
36990 2789
37005 2785
37012 2784
37014 2779
37029 2778
37037 2777
37052 2776
37054 2774
37060 2772
37065 2770
37080 2769
37083 2768
37088 2765
37096 2761
37107 2760
37119 2759
37120 2757
37130 2755
37134 2754
37135 2753
37143 2749
37158 2748
37166 2747
37167 2745
37177 2743
37181 2742
37183 2741
37187 2740
37198 2736
37213 2735
37221 2734
37226 2732
37230 2729
37234 2728
37243 2726
37245 2724
37260 2723
37268 2722
37279 2721
37282 2720
37284 2719
37286 2717
37290 2714
37294 2713
37309 2712
37317 2708
37321 2705
37325 2704
37340 2703
37348 2702
37359 2698
37364 2696
37368 2693
37372 2692
37387 2691
37395 2690
37406 2686
37418 2685
37420 2684
37435 2683
37437 2682
37441 2681
37449 2680
37452 2679
37457 2677
37461 2674
37465 2673
37474 2671
37478 2670
37488 2668
37496 2667
37502 2666
37510 2663
37517 2662
37521 2659
37525 2658
37535 2656
37541 2654
37548 2653
37552 2650
37556 2649
37571 2648
37579 2647
37580 2646
37588 2642
37595 2641
37599 2638
37603 2637
37618 2636
37626 2635
37636 2634
37637 2631
37648 2627
37663 2626
37671 2622
37679 2618
37694 2617
37702 2616
37709 2615
37713 2612
37717 2611
37718 2610
37726 2606
37741 2605
37749 2604
37756 2603
37760 2600
37764 2599
37774 2598
37778 2597
37793 2596
37795 2595
37803 2594
37806 2593
37810 2592
37811 2591
37819 2587
37832 2584
37847 2583
37850 2581
37857 2580
37867 2579
37871 2576
37879 2572
37894 2571
37897 2569
37902 2567
37910 2563
37925 2562
37933 2561
37940 2560
37944 2557
37948 2556
37949 2555
37957 2551
37972 2550
37980 2549
37987 2548
37991 2545
37995 2544
38005 2543
38009 2542
38024 2541
38032 2540
38034 2539
38040 2538
38044 2537
38046 2536
38054 2532
38063 2529
38071 2525
38085 2523
38100 2522
38108 2521
38110 2517
38118 2513
38132 2511
38147 2510
38155 2509
38162 2508
38164 2506
38178 2504
38187 2502
38195 2501
38201 2500
38203 2498
38211 2494
38225 2492
38238 2489
38242 2488
38256 2486
38265 2484
38277 2481
38281 2480
38285 2477
38289 2476
38294 2474
38302 2470
38316 2468
38331 2467
38339 2466
38341 2462
38349 2458
38363 2456
38378 2455
38386 2454
38393 2453
38398 2451
38412 2449
38426 2446
38441 2445
38443 2444
38450 2443
38452 2442
38457 2441
38463 2439
38465 2437
38479 2435
38490 2434
38496 2432
38499 2430
38504 2429
38512 2425
38526 2423
38541 2422
38544 2421
38556 2420
38563 2419
38569 2415
38577 2411
38591 2409
38606 2408
38614 2407
38619 2406
38623 2404
38637 2402
38646 2400
38654 2399
38657 2398
38661 2397
38662 2396
38666 2394
38670 2392
38674 2391
38680 2389
38683 2387
38697 2385
38712 2384
38713 2383
38719 2381
38721 2379
38727 2377
38730 2375
38744 2373
38753 2372
38761 2368
38775 2366
38790 2365
38798 2364
38800 2360
38808 2356
38822 2354
38837 2353
38845 2352
38852 2351
38857 2349
38871 2347
38884 2346
38885 2344
38893 2342
38906 2338
38920 2336
38924 2335
38938 2333
38949 2332
38955 2330
38958 2328
38963 2327
38971 2323
38985 2321
39000 2320
39008 2319
39015 2318
39022 2313
39036 2311
39051 2309
39055 2308
39061 2306
39069 2305
39075 2304
39082 2303
39094 2300
39100 2298
39102 2296
39108 2294
39122 2292
39129 2291
39133 2289
39139 2287
39142 2285
39156 2283
39171 2282
39172 2281
39178 2279
39180 2277
39186 2275
39189 2273
39203 2271
39218 2270
39226 2269
39233 2268
39238 2266
39252 2264
39263 2263
39266 2261
39278 2259
39284 2257
39287 2255
39301 2253
39305 2252
39318 2248
39332 2246
39343 2244
39349 2242
39352 2240
39365 2236
39379 2234
39394 2233
39400 2232
39403 2230
39414 2229
39417 2228
39428 2227
39434 2223
39447 2222
39448 2221
39461 2220
39471 2219
39478 2218
39479 2217
39481 2211
39495 2209
39510 2208
39514 2206
39520 2204
39528 2203
39534 2202
39542 2201
39553 2198
39559 2196
39561 2194
39567 2192
39581 2190
39604 2188
39610 2187
39616 2185
39630 2183
39638 2182
39644 2178
39658 2176
39665 2174
39677 2173
39679 2172
39683 2171
39690 2169
39696 2167
39699 2165
39713 2163
39724 2161
39730 2159
39737 2157
39743 2155
39746 2153
39760 2151
39775 2150
39781 2149
39790 2148
39795 2146
39806 2144
39812 2142
39815 2140
39828 2139
39829 2138
39842 2137
39852 2136
39853 2132
39859 2130
39862 2128
39876 2126
39891 2125
39899 2124
39906 2122
39909 2120
39923 2118
39938 2117
39939 2116
39951 2114
39957 2112
39960 2110
39974 2108
39978 2107
39991 2103
40005 2101
40016 2099
40022 2097
40025 2095
40038 2091
40052 2089
40067 2088
40071 2086
40077 2084
40091 2082
40110 2078
40116 2076
40118 2074
40124 2072
40138 2070
40161 2068
40167 2067
40173 2065
40187 2061
40193 2059
40201 2058
40207 2057
40215 2056
40230 2055
40234 2049
40240 2047
40254 2045
40277 2043
40281 2041
40287 2039
40301 2037
40317 2035
40331 2034
40332 2031
40338 2029
40350 2028
40352 2027
40356 2026
40363 2024
40369 2022
40372 2020
40386 2018
40397 2016
40403 2014
40410 2012
40416 2010
40419 2008
40433 2006
40448 2005
40456 2004
40463 2003
40468 2001
40482 1999
40492 1998
40496 1996
40501 1994
40515 1992
40526 1991
40532 1989
40535 1987
40549 1985
40560 1984
40566 1982
40573 1979
40579 1977
40582 1975
40596 1973
40611 1972
40619 1971
40626 1970
40633 1969
40640 1968
40647 1967
40655 1965
40661 1963
40664 1961
40678 1959
40686 1958
40690 1957
40696 1956
40704 1955
40710 1954
40713 1953
40723 1951
40727 1948
40731 1947
40733 1946
40737 1945
40744 1941
40750 1939
40764 1937
40787 1935
40791 1929
40797 1927
40811 1925
40834 1923
40840 1922
40846 1920
40860 1918
40868 1917
40873 1915
40879 1913
40893 1911
40907 1908
40913 1906
40927 1904
40950 1902
40954 1896
40960 1894
40974 1892
40997 1890
41004 1889
41018 1887
41036 1882
41042 1880
41056 1878
41074 1875
41088 1873
41111 1871
41118 1870
41127 1869
41129 1868
41133 1867
41135 1866
41142 1864
41148 1862
41156 1861
41162 1860
41170 1859
41176 1858
41189 1852
41195 1850
41209 1848
41238 1845
41244 1843
41258 1841
41266 1840
41271 1838
41277 1836
41291 1834
41305 1831
41311 1829
41325 1827
41348 1826
41352 1819
41358 1817
41372 1815
41403 1813
41417 1811
41425 1810
41434 1805
41440 1803
41454 1801
41472 1798
41486 1796
41521 1794
41525 1792
41527 1791
41531 1790
41533 1789
41545 1788
41547 1787
41554 1784
41568 1782
41574 1781
41588 1779
41607 1778
41609 1777
41613 1776
41615 1775
41627 1774
41629 1773
41645 1771
41647 1770
41650 1769
41656 1767
41670 1765
41688 1762
41702 1760
41723 1759
41727 1757
41729 1756
41741 1755
41743 1754
41749 1753
41761 1752
41763 1751
41770 1748
41784 1746
41800 1745
41806 1743
41820 1741
41829 1740
41831 1739
41843 1738
41845 1737
41861 1735
41863 1734
41875 1733
41877 1732
41882 1731
41888 1729
41902 1727
41920 1724
41934 1722
41943 1721
41945 1720
41957 1719
41959 1718
41975 1717
41979 1716
41981 1715
41993 1714
41995 1713
42002 1710
42016 1708
42022 1707
42036 1705
42055 1704
42057 1703
42061 1702
42063 1701
42075 1700
42077 1699
42093 1697
42095 1696
42098 1695
42104 1693
42118 1691
42136 1688
42150 1686
42171 1685
42175 1683
42177 1682
42189 1681
42191 1680
42197 1679
42209 1678
42211 1677
42218 1674
42232 1672
42268 1669
42271 1668
42273 1667
42277 1666
42279 1665
42291 1664
42293 1663
42309 1661
42311 1660
42323 1659
42325 1658
42350 1655
42364 1653
42370 1652
42373 1651
42384 1650
42387 1649
42391 1647
42393 1646
42405 1645
42407 1644
42445 1643
42446 1640
42452 1638
42466 1636
42484 1633
42498 1631
42527 1630
42533 1629
42541 1628
42545 1626
42546 1624
42560 1622
42566 1619
42580 1617
42620 1615
42638 1612
42652 1610
42687 1608
42698 1607
42700 1603
42714 1601
42720 1598
42734 1596
42784 1594
42799 1592
42800 1590
42814 1588
42820 1585
42834 1583
42864 1582
42872 1581
42878 1580
42884 1577
42898 1575
42938 1574
42940 1573
42945 1569
42959 1567
42974 1564
42988 1562
43031 1560
43050 1558
43056 1557
43070 1555
43090 1554
43097 1552
43099 1548
43113 1546
43138 1543
43152 1541
43192 1540
43194 1539
43199 1535
43213 1533
43251 1531
43263 1527
43277 1525
43304 1524
43342 1521
43344 1520
43351 1518
43353 1514
43367 1512
43415 1510
43429 1508
43435 1507
43449 1505
43484 1503
43499 1501
43505 1497
43517 1493
43531 1491
43584 1490
43599 1488
43634 1484
43648 1482
43663 1480
43669 1476
43683 1474
43724 1471
43738 1469
43753 1467
43800 1465
43806 1464
43815 1463
43820 1462
43828 1460
43842 1458
43876 1454
43888 1450
43902 1448
43917 1446
43972 1445
43987 1443
44022 1441
44040 1433
44054 1431
44069 1429
44146 1427
44181 1425
44203 1424
44214 1415
44228 1413
44374 1412
44381 1407
44395 1405
44410 1403
44487 1401
44522 1399
44531 1398
44545 1396
44555 1389
44569 1387
44715 1386
44729 1384
44753 1380
44767 1378
44872 1372
44886 1370
44917 1366
44931 1364
45070 1363
45084 1361
45115 1357
45129 1355
45234 1349
45248 1347
45394 1346
45408 1344
45432 1340
45446 1338
