50 1225
0 1 44 957
0 2 905 93
0 3 645 185
0 4 23 974
0 5 360 708
0 6 171 937
0 7 553 363
0 8 17 878
0 9 651 161
0 10 752 389
0 11 191 666
0 12 397 886
0 13 756 229
0 14 462 859
0 15 64 874
0 16 142 890
0 17 872 52
0 18 49 764
0 19 225 284
0 20 895 103
0 21 96 943
0 22 343 797
0 23 862 28
0 24 233 656
0 25 385 648
0 26 543 422
0 27 536 456
0 28 790 36
0 29 275 833
0 30 956 14
0 31 660 441
0 32 382 544
0 33 872 219
0 34 525 518
0 35 166 557
0 36 614 257
0 37 976 14
0 38 725 60
0 39 7 972
0 40 975 58
0 41 69 567
0 42 920 405
0 43 340 928
0 44 755 130
0 45 351 424
0 46 718 324
0 47 538 119
0 48 652 192
0 49 886 401
1 2 903 97
1 3 317 529
1 4 305 831
1 5 797 181
1 6 262 710
1 7 627 237
1 8 621 680
1 9 136 876
1 10 863 222
1 11 475 677
1 12 243 589
1 13 201 308
1 14 579 602
1 15 718 340
1 16 104 561
1 17 229 730
1 18 827 51
1 19 718 339
1 20 58 864
1 21 130 748
1 22 304 776
1 23 365 720
1 24 179 751
1 25 615 675
1 26 851 49
1 27 114 796
1 28 415 341
1 29 27 994
1 30 330 448
1 31 843 265
1 32 806 85
1 33 386 810
1 34 14 917
1 35 165 956
1 36 228 579
1 37 626 329
1 38 956 232
1 39 645 529
1 40 329 644
1 41 964 135
1 42 296 949
1 43 313 522
1 44 782 411
1 45 183 855
1 46 630 651
1 47 200 776
1 48 549 500
1 49 71 894
2 3 498 325
2 4 137 689
2 5 643 424
2 6 994 17
2 7 152 727
2 8 321 562
2 9 818 2
2 10 201 688
2 11 221 694
2 12 158 659
2 13 970 11
2 14 60 827
2 15 290 932
2 16 238 813
2 17 596 364
2 18 861 125
2 19 872 299
2 20 545 568
2 21 179 671
2 22 29 994
2 23 600 602
2 24 236 717
2 25 31 909
2 26 132 715
2 27 301 657
2 28 865 32
2 29 521 587
2 30 611 483
2 31 537 514
2 32 695 474
2 33 35 978
2 34 481 537
2 35 720 614
2 36 291 906
2 37 71 928
2 38 834 327
2 39 938 34
2 40 769 101
2 41 317 340
2 42 855 60
2 43 822 33
2 44 578 487
2 45 345 900
2 46 501 680
2 47 163 735
2 48 179 618
2 49 306 803
3 4 255 639
3 5 723 639
3 6 57 674
3 7 710 557
3 8 638 131
3 9 111 915
3 10 49 984
3 11 985 45
3 12 838 316
3 13 715 339
3 14 507 587
3 15 692 118
3 16 964 132
3 17 433 338
3 18 981 48
3 19 444 679
3 20 285 783
3 21 137 852
3 22 449 668
3 23 912 76
3 24 498 425
3 25 516 564
3 26 215 683
3 27 163 890
3 28 925 90
3 29 513 509
3 30 759 195
3 31 465 504
3 32 10 995
3 33 846 19
3 34 144 944
3 35 53 914
3 36 466 306
3 37 771 406
3 38 540 730
3 39 216 703
3 40 937 110
3 41 591 660
3 42 271 664
3 43 776 534
3 44 75 949
3 45 345 519
3 46 960 152
3 47 621 49
3 48 763 704
3 49 195 676
4 5 247 781
4 6 174 525
4 7 615 297
4 8 627 318
4 9 441 807
4 10 652 371
4 11 311 798
4 12 204 945
4 13 600 224
4 14 140 737
4 15 298 730
4 16 298 773
4 17 464 963
4 18 514 283
4 19 870 68
4 20 755 472
4 21 30 943
4 22 942 114
4 23 605 489
4 24 684 77
4 25 614 271
4 26 572 468
4 27 129 779
4 28 573 880
4 29 427 168
4 30 926 220
4 31 474 538
4 32 319 670
4 33 657 199
4 34 958 62
4 35 626 469
4 36 279 650
4 37 134 914
4 38 358 684
4 39 657 234
4 40 956 101
4 41 203 788
4 42 836 541
4 43 131 817
4 44 489 369
4 45 488 284
4 46 249 728
4 47 256 751
4 48 467 796
4 49 245 664
5 6 689 120
5 7 184 569
5 8 448 698
5 9 306 796
5 10 125 525
5 11 310 777
5 12 425 743
5 13 24 973
5 14 678 792
5 15 248 921
5 16 376 534
5 17 182 710
5 18 792 36
5 19 850 245
5 20 842 527
5 21 46 920
5 22 496 586
5 23 87 650
5 24 939 72
5 25 697 345
5 26 375 757
5 27 808 769
5 28 416 456
5 29 43 908
5 30 917 183
5 31 578 185
5 32 272 874
5 33 389 465
5 34 621 878
5 35 999 7
5 36 432 536
5 37 324 544
5 38 448 415
5 39 368 547
5 40 729 619
5 41 609 244
5 42 351 203
5 43 913 133
5 44 959 68
5 45 263 745
5 46 158 861
5 47 964 14
5 48 223 712
5 49 64 907
6 7 272 620
6 8 251 595
6 9 428 487
6 10 308 871
6 11 381 450
6 12 296 883
6 13 538 855
6 14 20 951
6 15 131 672
6 16 112 735
6 17 824 198
6 18 622 501
6 19 422 643
6 20 570 163
6 21 352 632
6 22 733 392
6 23 618 417
6 24 935 36
6 25 534 558
6 26 131 362
6 27 831 308
6 28 675 275
6 29 757 340
6 30 392 549
6 31 733 324
6 32 89 518
6 33 301 636
6 34 984 21
6 35 121 556
6 36 214 489
6 37 940 61
6 38 634 500
6 39 971 56
6 40 436 216
6 41 995 3
6 42 946 32
6 43 325 423
6 44 523 205
6 45 988 96
6 46 322 966
6 47 971 52
6 48 423 689
6 49 456 799
7 8 605 518
7 9 599 769
7 10 971 171
7 11 424 308
7 12 830 380
7 13 81 871
7 14 318 638
7 15 37 752
7 16 899 380
7 17 744 419
7 18 840 446
7 19 325 778
7 20 941 32
7 21 224 868
7 22 481 733
7 23 108 978
7 24 293 672
7 25 82 971
7 26 99 901
7 27 472 613
7 28 316 708
7 29 483 237
7 30 632 339
7 31 47 834
7 32 146 882
7 33 828 332
7 34 609 416
7 35 388 743
7 36 846 164
7 37 684 369
7 38 274 508
7 39 928 58
7 40 434 573
7 41 212 794
7 42 900 40
7 43 878 6
7 44 81 861
7 45 758 359
7 46 90 801
7 47 44 920
7 48 432 191
7 49 958 29
8 9 26 965
8 10 967 118
8 11 656 155
8 12 151 949
8 13 262 559
8 14 357 677
8 15 985 39
8 16 192 732
8 17 574 748
8 18 152 764
8 19 399 165
8 20 99 547
8 21 677 84
8 22 925 62
8 23 210 556
8 24 472 755
8 25 205 774
8 26 532 131
8 27 1 998
8 28 739 230
8 29 363 758
8 30 825 345
8 31 151 560
8 32 877 380
8 33 489 497
8 34 598 524
8 35 490 322
8 36 682 170
8 37 37 851
8 38 300 713
8 39 231 840
8 40 812 52
8 41 136 992
8 42 613 517
8 43 710 101
8 44 234 880
8 45 271 622
8 46 670 334
8 47 764 735
8 48 829 436
8 49 151 781
9 10 622 394
9 11 157 818
9 12 358 176
9 13 979 11
9 14 248 809
9 15 310 783
9 16 656 807
9 17 696 571
9 18 992 71
9 19 641 519
9 20 514 259
9 21 578 758
9 22 873 450
9 23 844 94
9 24 315 643
9 25 342 644
9 26 489 734
9 27 755 178
9 28 131 791
9 29 510 569
9 30 595 399
9 31 503 325
9 32 778 488
9 33 762 193
9 34 523 605
9 35 389 657
9 36 31 935
9 37 429 452
9 38 817 255
9 39 162 859
9 40 829 264
9 41 284 708
9 42 447 298
9 43 140 981
9 44 349 536
9 45 240 778
9 46 599 364
9 47 119 774
9 48 668 770
9 49 339 417
10 11 837 97
10 12 947 132
10 13 76 944
10 14 732 318
10 15 456 547
10 16 43 964
10 17 734 215
10 18 76 946
10 19 411 509
10 20 778 203
10 21 42 960
10 22 479 639
10 23 694 293
10 24 426 543
10 25 937 33
10 26 966 137
10 27 900 100
10 28 699 374
10 29 749 160
10 30 304 432
10 31 735 260
10 32 198 911
10 33 988 7
10 34 750 584
10 35 667 454
10 36 924 82
10 37 347 577
10 38 826 196
10 39 492 370
10 40 684 272
10 41 254 688
10 42 70 771
10 43 822 188
10 44 637 196
10 45 321 283
10 46 141 512
10 47 352 735
10 48 363 503
10 49 599 652
11 12 781 409
11 13 768 139
11 14 711 720
11 15 469 540
11 16 918 217
11 17 415 227
11 18 128 975
11 19 26 992
11 20 362 624
11 21 245 561
11 22 283 283
11 23 219 534
11 24 70 718
11 25 613 819
11 26 164 747
11 27 897 190
11 28 962 294
11 29 817 57
11 30 467 676
11 31 634 477
11 32 589 485
11 33 2 960
11 34 735 551
11 35 81 872
11 36 134 878
11 37 956 96
11 38 295 822
11 39 236 701
11 40 689 390
11 41 220 799
11 42 524 472
11 43 525 385
11 44 927 70
11 45 326 907
11 46 117 954
11 47 28 794
11 48 718 76
11 49 91 831
12 13 479 604
12 14 897 200
12 15 125 531
12 16 783 73
12 17 839 341
12 18 870 42
12 19 809 231
12 20 69 929
12 21 843 206
12 22 363 487
12 23 240 930
12 24 199 834
12 25 735 472
12 26 746 116
12 27 406 778
12 28 265 786
12 29 444 401
12 30 412 845
12 31 758 124
12 32 754 210
12 33 228 956
12 34 896 228
12 35 197 908
12 36 577 502
12 37 511 591
12 38 995 46
12 39 465 561
12 40 24 944
12 41 184 750
12 42 893 511
12 43 33 982
12 44 110 683
12 45 398 482
12 46 690 223
12 47 541 548
12 48 467 347
12 49 616 284
13 14 554 407
13 15 65 881
13 16 302 639
13 17 376 715
13 18 49 833
13 19 549 842
13 20 64 787
13 21 973 114
13 22 721 696
13 23 141 544
13 24 328 179
13 25 574 305
13 26 187 744
13 27 730 376
13 28 801 92
13 29 485 593
13 30 686 309
13 31 560 90
13 32 119 871
13 33 395 565
13 34 538 473
13 35 315 754
13 36 314 475
13 37 97 947
13 38 281 482
13 39 654 187
13 40 326 825
13 41 980 34
13 42 361 771
13 43 124 460
13 44 435 515
13 45 533 537
13 46 140 860
13 47 595 242
13 48 96 823
13 49 208 591
14 15 591 317
14 16 568 353
14 17 573 433
14 18 723 568
14 19 382 396
14 20 849 272
14 21 123 606
14 22 493 187
14 23 742 51
14 24 269 601
14 25 531 356
14 26 5 977
14 27 730 200
14 28 230 589
14 29 514 593
14 30 184 788
14 31 412 971
14 32 96 542
14 33 334 524
14 34 541 509
14 35 761 729
14 36 469 666
14 37 600 676
14 38 143 851
14 39 948 21
14 40 493 290
14 41 21 967
14 42 48 821
14 43 281 617
14 44 923 51
14 45 493 532
14 46 898 53
14 47 424 406
14 48 879 175
14 49 311 365
15 16 906 111
15 17 570 493
15 18 419 927
15 19 857 110
15 20 41 899
15 21 192 750
15 22 747 547
15 23 915 60
15 24 943 43
15 25 383 331
15 26 782 763
15 27 479 570
15 28 53 901
15 29 378 639
15 30 324 427
15 31 383 753
15 32 597 496
15 33 721 362
15 34 751 326
15 35 441 450
15 36 929 180
15 37 209 693
15 38 434 878
15 39 10 1000
15 40 420 865
15 41 944 57
15 42 319 365
15 43 156 947
15 44 82 989
15 45 199 739
15 46 749 229
15 47 213 805
15 48 494 372
15 49 61 928
16 17 494 200
16 18 748 323
16 19 770 130
16 20 87 561
16 21 357 450
16 22 422 294
16 23 247 867
16 24 515 740
16 25 865 461
16 26 948 42
16 27 576 458
16 28 726 260
16 29 286 508
16 30 931 215
16 31 593 532
16 32 384 779
16 33 359 745
16 34 733 713
16 35 3 965
16 36 255 835
16 37 477 337
16 38 682 237
16 39 228 693
16 40 133 922
16 41 755 354
16 42 781 534
16 43 527 697
16 44 252 403
16 45 917 21
16 46 445 568
16 47 17 995
16 48 881 76
16 49 610 597
17 18 880 244
17 19 91 626
17 20 500 256
17 21 63 737
17 22 441 401
17 23 358 977
17 24 116 810
17 25 864 203
17 26 780 634
17 27 486 568
17 28 344 262
17 29 258 681
17 30 856 286
17 31 339 685
17 32 310 911
17 33 915 21
17 34 265 693
17 35 540 474
17 36 319 623
17 37 112 929
17 38 787 56
17 39 204 912
17 40 204 779
17 41 849 399
17 42 906 402
17 43 770 68
17 44 484 620
17 45 642 353
17 46 457 434
17 47 515 972
17 48 92 506
17 49 882 293
18 19 884 228
18 20 72 853
18 21 753 248
18 22 248 864
18 23 744 424
18 24 658 200
18 25 749 159
18 26 574 598
18 27 54 978
18 28 841 450
18 29 937 96
18 30 775 335
18 31 370 617
18 32 374 487
18 33 71 913
18 34 912 403
18 35 663 353
18 36 597 324
18 37 857 744
18 38 26 984
18 39 612 178
18 40 37 977
18 41 636 263
18 42 17 912
18 43 753 360
18 44 234 800
18 45 993 72
18 46 284 471
18 47 120 838
18 48 5 973
18 49 854 298
19 20 573 842
19 21 84 937
19 22 466 843
19 23 675 486
19 24 860 119
19 25 563 779
19 26 416 611
19 27 686 593
19 28 373 314
19 29 311 638
19 30 804 26
19 31 275 652
19 32 205 555
19 33 846 172
19 34 385 856
19 35 80 856
19 36 478 754
19 37 783 316
19 38 815 442
19 39 969 60
19 40 362 299
19 41 152 742
19 42 197 651
19 43 416 398
19 44 445 557
19 45 699 344
19 46 690 356
19 47 49 806
19 48 634 370
19 49 96 876
20 21 464 322
20 22 508 331
20 23 695 242
20 24 900 125
20 25 313 482
20 26 997 1
20 27 21 749
20 28 625 660
20 29 637 469
20 30 677 379
20 31 538 565
20 32 435 586
20 33 333 650
20 34 845 83
20 35 829 360
20 36 26 943
20 37 969 335
20 38 319 830
20 39 586 465
20 40 206 607
20 41 682 584
20 42 825 314
20 43 789 296
20 44 297 889
20 45 616 237
20 46 527 162
20 47 675 248
20 48 705 152
20 49 568 300
21 22 607 75
21 23 392 360
21 24 58 945
21 25 142 917
21 26 189 879
21 27 192 191
21 28 276 867
21 29 4 987
21 30 607 372
21 31 209 584
21 32 58 931
21 33 324 459
21 34 111 709
21 35 511 528
21 36 606 92
21 37 458 652
21 38 30 687
21 39 366 786
21 40 125 852
21 41 123 952
21 42 648 814
21 43 186 767
21 44 159 875
21 45 569 404
21 46 155 490
21 47 627 540
21 48 416 595
21 49 229 949
22 23 977 120
22 24 137 741
22 25 882 146
22 26 802 342
22 27 488 827
22 28 40 928
22 29 852 550
22 30 564 835
22 31 276 677
22 32 890 376
22 33 784 165
22 34 869 165
22 35 691 428
22 36 84 917
22 37 401 825
22 38 324 480
22 39 464 91
22 40 891 117
22 41 368 543
22 42 687 756
22 43 843 279
22 44 145 943
22 45 155 808
22 46 885 152
22 47 106 708
22 48 792 191
22 49 988 36
23 24 89 862
23 25 616 339
23 26 30 978
23 27 192 942
23 28 298 826
23 29 694 520
23 30 828 342
23 31 634 605
23 32 842 469
23 33 486 791
23 34 949 52
23 35 827 493
23 36 875 288
23 37 744 44
23 38 971 31
23 39 968 168
23 40 641 816
23 41 121 479
23 42 928 219
23 43 646 227
23 44 308 419
23 45 517 310
23 46 361 708
23 47 684 225
23 48 149 985
23 49 372 408
24 25 707 432
24 26 351 813
24 27 525 764
24 28 216 795
24 29 120 302
24 30 427 140
24 31 683 516
24 32 739 170
24 33 385 836
24 34 245 900
24 35 238 766
24 36 931 57
24 37 394 873
24 38 120 816
24 39 704 107
24 40 499 104
24 41 730 391
24 42 534 99
24 43 875 6
24 44 586 438
24 45 47 964
24 46 51 913
24 47 858 681
24 48 552 159
24 49 493 312
25 26 734 458
25 27 287 614
25 28 476 666
25 29 115 816
25 30 283 793
25 31 865 69
25 32 645 701
25 33 309 749
25 34 594 296
25 35 468 593
25 36 336 497
25 37 923 286
25 38 126 810
25 39 394 911
25 40 52 651
25 41 183 918
25 42 352 827
25 43 793 181
25 44 46 999
25 45 386 202
25 46 420 577
25 47 587 527
25 48 299 745
25 49 61 868
26 27 700 226
26 28 11 984
26 29 84 868
26 30 105 975
26 31 727 650
26 32 613 240
26 33 167 683
26 34 921 69
26 35 15 959
26 36 657 81
26 37 149 886
26 38 643 464
26 39 906 128
26 40 815 204
26 41 737 26
26 42 979 27
26 43 35 981
26 44 146 844
26 45 794 170
26 46 524 504
26 47 170 551
26 48 700 208
26 49 479 591
27 28 202 761
27 29 162 730
27 30 9 974
27 31 185 689
27 32 292 647
27 33 536 817
27 34 97 678
27 35 75 797
27 36 711 421
27 37 588 794
27 38 853 114
27 39 237 659
27 40 4 993
27 41 486 451
27 42 240 781
27 43 975 91
27 44 565 587
27 45 218 524
27 46 211 543
27 47 781 229
27 48 426 627
27 49 462 425
28 29 561 355
28 30 238 482
28 31 970 95
28 32 603 438
28 33 21 885
28 34 652 292
28 35 376 664
28 36 422 441
28 37 186 695
28 38 321 515
28 39 802 294
28 40 242 870
28 41 443 500
28 42 390 365
28 43 830 473
28 44 396 369
28 45 872 198
28 46 432 467
28 47 385 797
28 48 267 724
28 49 588 283
29 30 359 433
29 31 409 370
29 32 902 171
29 33 978 109
29 34 727 628
29 35 235 796
29 36 962 53
29 37 894 262
29 38 282 627
29 39 388 700
29 40 525 502
29 41 165 770
29 42 862 347
29 43 116 828
29 44 952 157
29 45 833 246
29 46 491 352
29 47 63 960
29 48 718 192
29 49 682 245
30 31 768 242
30 32 79 633
30 33 562 747
30 34 431 666
30 35 89 975
30 36 198 596
30 37 306 823
30 38 663 542
30 39 35 831
30 40 703 335
30 41 570 297
30 42 534 183
30 43 582 446
30 44 18 946
30 45 151 680
30 46 30 972
30 47 645 325
30 48 147 839
30 49 989 12
31 32 476 675
31 33 409 555
31 34 576 677
31 35 734 918
31 36 434 512
31 37 90 905
31 38 270 694
31 39 28 943
31 40 347 918
31 41 307 763
31 42 855 167
31 43 979 85
31 44 141 493
31 45 287 850
31 46 796 184
31 47 385 579
31 48 237 753
31 49 740 225
32 33 987 3
32 34 481 354
32 35 780 96
32 36 493 339
32 37 213 618
32 38 866 260
32 39 410 562
32 40 759 266
32 41 685 343
32 42 551 852
32 43 4 1000
32 44 576 328
32 45 968 28
32 46 519 622
32 47 569 723
32 48 234 484
32 49 174 910
33 34 839 73
33 35 167 859
33 36 460 334
33 37 386 423
33 38 641 530
33 39 26 759
33 40 14 753
33 41 475 486
33 42 945 316
33 43 449 875
33 44 39 753
33 45 156 917
33 46 868 102
33 47 66 666
33 48 290 277
33 49 582 729
34 35 327 505
34 36 643 567
34 37 964 128
34 38 567 762
34 39 632 808
34 40 149 955
34 41 972 19
34 42 519 291
34 43 148 771
34 44 21 923
34 45 93 795
34 46 91 907
34 47 855 249
34 48 293 575
34 49 818 359
35 36 612 504
35 37 890 170
35 38 772 222
35 39 937 134
35 40 217 801
35 41 834 51
35 42 411 540
35 43 320 650
35 44 591 492
35 45 112 817
35 46 975 7
35 47 911 96
35 48 257 730
35 49 242 391
36 37 407 592
36 38 558 152
36 39 513 513
36 40 439 772
36 41 988 243
36 42 260 950
36 43 422 477
36 44 329 811
36 45 543 212
36 46 685 244
36 47 434 336
36 48 777 482
36 49 762 209
37 38 920 61
37 39 633 43
37 40 676 361
37 41 21 966
37 42 677 425
37 43 86 958
37 44 307 973
37 45 460 499
37 46 795 290
37 47 64 855
37 48 623 553
37 49 929 39
38 39 54 935
38 40 528 454
38 41 14 969
38 42 681 609
38 43 767 27
38 44 695 209
38 45 814 251
38 46 509 358
38 47 867 30
38 48 705 386
38 49 485 223
39 40 527 408
39 41 58 916
39 42 29 983
39 43 281 884
39 44 948 151
39 45 16 797
39 46 873 21
39 47 806 248
39 48 135 884
39 49 295 803
40 41 878 78
40 42 460 678
40 43 750 187
40 44 106 731
40 45 491 174
40 46 302 490
40 47 530 461
40 48 192 543
40 49 859 308
41 42 849 235
41 43 598 315
41 44 909 22
41 45 690 146
41 46 965 233
41 47 754 568
41 48 898 182
41 49 517 538
42 43 740 522
42 44 84 914
42 45 418 821
42 46 545 641
42 47 699 329
42 48 780 273
42 49 110 856
43 44 727 560
43 45 61 880
43 46 77 539
43 47 638 353
43 48 287 579
43 49 205 818
44 45 469 582
44 46 222 680
44 47 83 673
44 48 585 649
44 49 425 659
45 46 488 274
45 47 108 766
45 48 128 817
45 49 423 565
46 47 778 376
46 48 792 270
46 49 306 723
47 48 982 3
47 49 668 393
48 49 957 80
0
5995
1053 46059
1055 46058
1056 45752
1058 45751
1060 45701
1062 45677
1063 45661
1065 45633
1066 45626
1067 45551
1069 45550
1071 45500
1073 45425
1075 45424
1077 45374
1079 45350
1080 45334
1082 45306
1083 45299
1084 45224
1086 45223
1088 45173
1090 45149
1092 45148
1093 45105
1094 45098
1096 45097
1097 45054
1099 45030
1101 45029
1102 45024
1103 44979
1105 44978
1107 44960
1108 44916
1111 44915
1112 44865
1114 44841
1117 44797
1118 44790
1121 44746
1123 44722
1126 44716
1127 44671
1130 44670
1131 44652
1132 44641
1133 44628
1136 44607
1137 44577
1140 44551
1142 44547
1144 44526
1145 44521
1146 44476
1149 44475
1150 44451
1151 44446
1153 44436
1154 44432
1155 44421
1156 44382
1159 44361
1160 44357
1161 44352
1163 44331
1165 44327
1167 44283
1169 44256
1172 44253
1173 44237
1174 44226
1176 44216
1177 44189
1179 44162
1182 44141
1184 44132
1186 44131
1187 44111
1189 44108
1190 44063
1193 44043
1195 44033
1197 44018
1198 44013
1200 43969
1203 43948
1205 43939
1206 43928
1207 43924
1208 43918
1210 43898
1212 43894
1213 43877
1214 43850
1216 43823
1219 43820
1220 43804
1221 43793
1223 43783
1224 43756
1226 43729
1229 43708
1231 43699
1233 43698
1234 43678
1236 43675
1237 43630
1241 43611
1242 43600
1244 43590
1246 43581
1247 43536
1250 43515
1252 43506
1254 43505
1255 43485
1257 43484
1258 43470
1260 43444
1263 43420
1265 43414
1266 43399
1268 43390
1270 43350
1273 43329
1275 43320
1276 43305
1278 43299
1279 43284
1281 43275
1283 43274
1284 43254
1285 43230
1287 43214
1289 43211
1290 43200
1291 43195
1292 43184
1294 43174
1295 43136
1297 43120
1298 43115
1300 43099
1302 43090
1303 43085
1305 43069
1307 43068
1308 43044
1310 43028
1311 43021
1313 43004
1314 42999
1315 42998
1316 42983
1318 42950
1320 42934
1321 42929
1323 42913
1324 42905
1325 42904
1326 42889
1327 42884
1328 42883
1329 42868
1331 42859
1332 42854
1334 42835
1335 42814
1337 42813
1339 42795
1340 42784
1342 42773
1343 42769
1344 42765
1345 42720
1347 42719
1348 42699
1350 42690
1352 42682
1353 42669
1355 42668
1356 42654
1357 42652
1358 42628
1361 42605
1363 42598
1364 42583
1366 42575
1368 42534
1371 42513
1373 42504
1374 42489
1376 42483
1377 42468
1379 42459
1381 42458
1382 42438
1384 42419
1387 42397
1389 42389
1390 42374
1392 42367
1393 42353
1395 42344
1397 42303
1400 42282
1402 42273
1404 42272
1405 42252
1407 42251
1408 42237
1411 42216
1413 42188
1416 42167
1418 42158
1420 42157
1421 42137
1423 42136
1424 42122
1425 42114
1427 42101
1428 42093
1429 42092
1430 42084
1432 42071
1433 42063
1435 42058
1436 42048
1439 42027
1441 41999
1444 41978
1446 41969
1448 41968
1449 41948
1451 41947
1452 41933
1455 41912
1457 41903
1459 41902
1460 41882
1462 41881
1463 41869
1465 41860
1467 41851
1468 41839
1470 41835
1471 41824
1474 41803
1476 41794
1478 41790
1479 41773
1481 41769
1482 41768
1483 41760
1485 41759
1486 41739
1488 41738
1489 41726
1491 41717
1492 41711
1493 41708
1494 41696
1495 41690
1497 41681
1498 41671
1500 41660
1501 41650
1503 41641
1504 41637
1505 41630
1506 41620
1507 41616
1508 41615
1509 41605
1511 41594
1512 41584
1514 41575
1515 41571
1517 41554
1518 41550
1520 41522
1523 41501
1525 41492
1527 41491
1528 41471
1530 41470
1531 41456
1534 41435
1536 41426
1538 41425
1539 41405
1541 41404
1542 41392
1544 41383
1546 41374
1547 41362
1549 41358
1550 41347
1553 41326
1555 41317
1557 41313
1558 41296
1560 41292
1561 41291
1562 41283
1564 41282
1565 41262
1567 41261
1568 41249
1570 41240
1572 41231
1573 41219
1575 41218
1576 41204
1577 41194
1579 41183
1580 41173
1582 41164
1584 41153
1585 41143
1587 41142
1588 41128
1591 41107
1593 41098
1595 41097
1596 41077
1598 41076
1599 41064
1601 41055
1603 41046
1604 41034
1606 41030
1607 41019
1610 40998
1612 40989
1614 40985
1615 40968
1617 40964
1618 40963
1619 40955
1621 40954
1622 40934
1624 40933
1625 40921
1627 40912
1629 40903
1630 40891
1632 40890
1633 40876
1634 40873
1636 40855
1638 40846
1640 40845
1641 40825
1643 40824
1644 40820
1645 40815
1647 40810
1648 40794
1650 40789
1651 40785
1652 40775
1653 40771
1654 40766
1655 40759
1656 40750
1657 40745
1658 40741
1660 40730
1661 40720
1663 40709
1664 40705
1665 40700
1667 40684
1668 40679
1669 40675
1671 40666
1672 40654
1674 40650
1675 40641
1676 40636
1677 40632
1679 40621
1680 40611
1682 40600
1683 40596
1684 40591
1686 40575
1687 40570
1688 40566
1690 40562
1691 40545
1693 40541
1694 40536
1695 40532
1697 40523
1698 40511
1700 40507
1701 40498
1702 40493
1703 40489
1705 40478
1706 40468
1708 40457
1709 40453
1710 40448
1712 40432
1713 40427
1714 40423
1716 40422
1717 40402
1719 40401
1720 40396
1721 40392
1722 40391
1723 40387
1724 40371
1726 40366
1727 40361
1728 40357
1730 40348
1731 40336
1733 40335
1734 40323
1735 40318
1736 40314
1737 40311
1738 40303
1739 40293
1741 40282
1742 40278
1743 40273
1744 40270
1745 40257
1746 40252
1747 40248
1748 40245
1749 40244
1750 40227
1752 40223
1753 40218
1754 40214
1755 40212
1756 40202
1757 40193
1758 40191
1759 40187
1760 40180
1761 40175
1762 40166
1763 40161
1764 40157
1765 40150
1767 40136
1768 40135
1769 40130
1770 40127
1771 40114
1772 40109
1773 40105
1774 40102
1776 40084
1778 40083
1779 40078
1780 40074
1781 40069
1782 40059
1783 40053
1784 40048
1785 40044
1786 40039
1788 40023
1789 40018
1790 40014
1792 40013
1793 39993
1795 39992
1796 39987
1797 39983
1798 39981
1799 39977
1800 39962
1802 39956
1804 39952
1805 39943
1806 39938
1807 39934
1808 39931
1809 39922
1810 39913
1812 39909
1813 39904
1814 39900
1815 39898
1816 39888
1817 39879
1818 39877
1819 39868
1820 39864
1821 39859
1822 39852
1823 39843
1824 39838
1825 39834
1827 39822
1828 39813
1830 39812
1831 39807
1832 39803
1834 39791
1835 39782
1838 39776
1840 39772
1841 39763
1842 39761
1843 39751
1845 39745
1846 39733
1848 39729
1849 39718
1851 39708
1852 39697
1854 39688
1856 39687
1857 39667
1859 39663
1860 39662
1861 39657
1862 39642
1864 39636
1866 39630
1868 39620
1869 39611
1871 39608
1872 39605
1873 39590
1875 39589
1876 39583
1877 39580
1878 39574
1879 39565
1880 39559
1881 39553
1882 39550
1883 39545
1884 39538
1885 39529
1886 39524
1887 39517
1889 39508
1890 39499
1891 39496
1892 39487
1894 39486
1895 39482
1896 39477
1897 39468
1898 39465
1899 39456
1902 39449
1903 39440
1905 39439
1906 39428
1907 39425
1909 39415
1910 39409
1911 39406
1912 39403
1913 39395
1914 39385
1915 39382
1916 39374
1917 39370
1918 39365
1920 39349
1921 39344
1922 39340
1923 39337
1925 39319
1926 39316
1928 39313
1929 39309
1930 39306
1932 39288
1933 39285
1935 39282
1936 39280
1937 39269
1939 39263
1940 39260
1941 39255
1942 39251
1943 39239
1944 39238
1946 39224
1948 39217
1949 39203
1951 39194
1953 39193
1954 39173
1956 39172
1957 39168
1958 39163
1960 39156
1961 39142
1963 39136
1964 39133
1965 39126
1966 39123
1967 39114
1969 39113
1970 39102
1972 39095
1973 39089
1974 39083
1975 39080
1977 39071
1978 39059
1980 39058
1981 39044
1984 39023
1986 39014
1988 39013
1989 38993
1991 38992
1992 38988
1993 38983
1995 38976
1996 38962
1999 38957
2000 38946
2001 38943
2003 38940
2004 38936
2005 38933
2007 38915
2008 38912
2010 38909
2011 38907
2012 38904
2013 38896
2014 38894
2015 38887
2016 38882
2017 38878
2018 38866
2020 38865
2021 38851
2024 38830
2026 38821
2028 38820
2029 38800
2031 38799
2032 38795
2033 38790
2035 38782
2036 38769
2038 38761
2040 38759
2041 38756
2042 38750
2044 38744
2045 38729
2047 38728
2048 38716
2049 38714
2050 38707
2052 38698
2053 38686
2055 38685
2056 38671
2059 38650
2061 38641
2063 38640
2064 38620
2066 38619
2067 38615
2068 38610
2071 38589
2074 38584
2077 38579
2078 38568
2079 38565
2080 38558
2082 38557
2083 38553
2084 38548
2085 38537
2087 38527
2090 38522
2091 38511
2092 38508
2093 38506
2094 38497
2096 38496
2097 38484
2098 38480
2099 38475
2101 38466
2102 38454
2104 38453
2105 38439
2108 38418
2110 38409
2112 38408
2113 38388
2115 38387
2116 38383
2117 38378
2119 38374
2120 38357
2123 38352
2125 38347
2126 38343
2127 38338
2128 38326
2130 38325
2131 38321
2132 38316
2133 38315
2135 38295
2136 38294
2138 38290
2139 38281
2140 38279
2141 38272
2143 38263
2144 38251
2146 38250
2147 38236
2150 38215
2152 38206
2154 38205
2155 38185
2157 38184
2158 38180
2159 38175
2162 38154
2165 38149
2168 38142
2169 38138
2170 38130
2172 38124
2174 38115
2175 38111
2177 38094
2179 38093
2180 38089
2181 38084
2182 38083
2183 38080
2184 38063
2185 38062
2187 38058
2188 38049
2190 38040
2192 38031
2193 38019
2195 38018
2196 38004
2199 37983
2201 37974
2203 37973
2204 37953
2206 37952
2207 37948
2208 37943
2210 37939
2211 37922
2214 37917
2216 37912
2217 37908
2218 37903
2219 37891
2221 37890
2222 37886
2223 37881
2226 37860
2229 37855
2232 37848
2233 37844
2234 37836
2237 37830
2238 37823
2239 37817
2240 37816
2241 37803
2242 37800
2243 37794
2245 37785
2246 37773
2248 37764
2250 37755
2252 37754
2253 37734
2255 37733
2256 37728
2257 37724
2259 37707
2260 37703
2262 37702
2263 37689
2265 37680
2266 37676
2268 37659
2270 37658
2271 37654
2272 37649
2274 37645
2275 37628
2278 37623
2281 37614
2282 37609
2283 37604
2286 37598
2287 37591
2288 37589
2290 37580
2291 37568
2293 37567
2294 37553
2297 37532
2299 37523
2301 37522
2302 37502
2304 37501
2306 37492
2308 37488
2309 37471
2312 37470
2314 37461
2315 37457
2316 37452
2317 37440
2319 37439
2320 37434
2321 37430
2323 37413
2324 37409
2326 37408
2327 37403
2330 37382
2333 37377
2336 37372
2337 37363
2338 37358
2339 37352
2340 37351
2341 37343
2343 37341
2344 37322
2346 37321
2347 37317
2348 37312
2349 37307
2350 37304
2351 37291
2352 37286
2354 37277
2355 37274
2357 37256
2359 37255
2361 37238
2363 37229
2364 37225
2366 37208
2368 37207
2370 37198
2372 37194
2373 37177
2379 37163
2380 37158
2384 37151
2385 37140
2387 37139
2389 37130
2391 37120
2392 37109
2394 37106
2395 37105
2396 37097
2397 37094
2399 37076
2401 37075
2402 37071
2403 37058
2405 37049
2406 37045
2408 37028
2410 37027
2412 37018
2413 37013
2415 36997
2416 36992
2418 36983
2420 36982
2421 36962
2423 36961
2425 36952
2428 36931
2434 36929
2435 36912
2439 36905
2440 36894
2442 36893
2444 36876
2446 36867
2447 36863
2449 36846
2451 36845
2453 36836
2455 36832
2456 36815
2458 36812
2460 36803
2462 36801
2463 36782
2465 36781
2467 36772
2470 36751
2477 36732
2481 36725
2482 36714
2484 36708
2486 36696
2487 36693
2488 36687
2489 36683
2491 36666
2493 36665
2494 36662
2495 36656
2496 36651
2498 36635
2499 36630
2501 36621
2503 36620
2504 36600
2506 36599
2508 36590
2511 36569
2518 36550
2522 36543
2524 36542
2525 36520
2529 36512
2532 36501
2533 36497
2535 36486
2536 36482
2538 36471
2540 36469
2541 36450
2543 36441
2545 36440
2546 36420
2548 36419
2550 36410
2553 36389
2557 36385
2560 36370
2564 36363
2565 36361
2567 36340
2570 36331
2572 36330
2574 36315
2576 36314
2577 36300
2580 36299
2582 36290
2583 36284
2584 36282
2585 36269
2587 36266
2588 36254
2590 36253
2591 36251
2592 36236
2594 36235
2595 36223
2597 36222
2599 36205
2602 36204
2604 36196
2605 36187
2607 36181
2608 36180
2609 36166
2611 36165
2612 36151
2614 36150
2615 36149
2616 36135
2618 36134
2619 36120
2622 36119
2623 36116
2624 36110
2625 36105
2626 36100
2627 36089
2628 36084
2630 36075
2632 36074
2633 36054
2635 36053
2637 36044
2640 36023
2647 36005
2649 36004
2650 36000
2651 35997
2653 35996
2654 35974
2657 35969
2658 35966
2661 35951
2663 35950
2664 35940
2665 35936
2667 35925
2668 35920
2670 35904
2672 35895
2674 35894
2675 35874
2677 35873
2679 35864
2682 35843
2688 35839
2689 35825
2691 35818
2693 35817
2694 35815
2695 35808
2696 35794
2698 35787
2699 35785
2701 35784
2703 35769
2706 35754
2710 35753
2712 35738
2713 35736
2715 35735
2716 35723
2717 35708
2719 35707
2720 35705
2722 35704
2723 35692
2724 35677
2726 35676
2728 35668
2730 35659
2732 35658
2733 35638
2735 35637
2736 35635
2737 35628
2738 35620
2740 35607
2741 35605
2743 35604
2745 35589
2748 35574
2754 35558
2755 35554
2757 35549
2759 35548
2761 35533
2762 35525
2764 35518
2766 35517
2768 35512
2769 35505
2770 35502
2771 35491
2773 35482
2775 35472
2776 35461
2778 35460
2780 35451
2782 35441
2783 35430
2787 35426
2789 35422
2790 35405
2792 35404
2794 35395
2796 35384
2797 35374
2799 35369
2801 35368
2803 35353
2806 35338
2811 35325
2813 35318
2814 35316
2816 35315
2817 35310
2818 35295
2820 35289
2821 35285
2824 35279
2825 35264
2827 35263
2829 35255
2831 35246
2832 35239
2834 35225
2836 35224
2837 35222
2838 35215
2839 35207
2841 35194
2842 35192
2844 35191
2845 35190
2846 35176
2848 35169
2849 35161
2852 35159
2853 35151
2855 35138
2856 35136
2858 35135
2860 35120
2863 35105
2867 35104
2869 35089
2870 35087
2872 35080
2874 35079
2875 35074
2876 35059
2877 35056
2879 35049
2882 35043
2883 35028
2884 35026
2886 35025
2888 35024
2889 35018
2890 35003
2891 34995
2893 34994
2895 34986
2897 34971
2898 34970
2900 34956
2902 34955
2904 34940
2905 34939
2907 34925
2911 34915
2913 34914
2914 34900
2916 34899
2918 34884
2921 34869
2925 34868
2928 34851
2930 34850
2934 34843
2935 34820
2939 34819
2941 34805
2942 34790
2944 34789
2947 34788
2948 34774
2949 34759
2952 34758
2955 34749
2956 34734
2958 34733
2961 34732
2962 34718
2963 34703
2966 34702
2970 34700
2972 34687
2973 34684
2975 34683
2977 34669
2979 34665
2980 34653
2984 34652
2986 34638
2987 34623
2989 34622
2992 34621
2993 34607
2994 34592
3000 34582
3001 34567
3003 34566
3007 34551
3008 34536
3012 34535
3014 34521
3015 34519
3017 34518
3019 34517
3020 34515
3021 34502
3022 34488
3024 34487
3026 34479
3028 34464
3030 34463
3031 34449
3033 34448
3035 34433
3038 34418
3045 34400
3047 34399
3050 34393
3052 34369
3057 34362
3059 34354
3060 34352
3062 34349
3064 34348
3065 34336
3066 34335
3067 34321
3068 34313
3071 34312
3072 34298
3073 34283
3075 34282
3078 34281
3079 34267
3080 34252
3083 34251
3090 34233
3092 34232
3095 34220
3097 34202
3102 34195
3104 34192
3105 34187
3107 34182
3109 34170
3110 34169
3111 34161
3112 34156
3113 34146
3117 34131
3118 34116
3120 34115
3124 34100
3125 34085
3133 34070
3135 34069
3139 34054
3140 34039
3145 34033
3146 34032
3149 34025
3151 34024
3152 34002
3156 33994
3162 33988
3163 33982
3164 33979
3165 33976
3167 33975
3168 33961
3169 33957
3171 33948
3172 33945
3175 33930
3179 33926
3181 33920
3182 33912
3183 33904
3184 33896
3186 33895
3189 33881
3190 33866
3191 33865
3197 33835
3205 33820
3206 33819
3209 33810
3210 33795
3212 33789
3216 33779
3217 33764
3226 33753
3228 33744
3231 33737
3235 33722
3236 33707
3238 33706
3241 33704
3242 33691
3243 33676
3248 33673
3251 33661
3253 33660
3256 33646
3257 33645
3258 33630
3263 33615
3268 33614
3269 33606
3270 33591
3272 33590
3274 33585
3275 33583
3276 33575
3277 33560
3282 33545
3283 33544
3289 33514
3299 33509
3300 33503
3301 33500
3302 33487
3304 33486
3306 33478
3307 33472
3308 33469
3309 33456
3313 33454
3314 33453
3317 33441
3318 33432
3320 33423
3323 33416
3324 33410
3327 33401
3328 33386
3330 33385
3334 33370
3335 33355
3342 33341
3343 33340
3348 33325
3349 33310
3355 33294
3363 33285
3364 33273
3366 33264
3371 33259
3372 33258
3373 33250
3374 33249
3377 33243
3378 33228
3380 33219
3383 33212
3386 33203
3387 33197
3388 33182
3390 33181
3394 33166
3395 33151
3400 33150
3401 33135
3408 33121
3410 33120
3415 33090
3423 33084
3424 33069
3426 33060
3430 33053
3432 33044
3437 33039
3439 33030
3441 33029
3444 33008
3446 32999
3449 32992
3453 32977
3454 32962
3456 32961
3460 32946
3461 32931
3474 32921
3475 32917
3478 32910
3480 32901
3482 32895
3483 32880
3485 32871
3487 32870
3489 32864
3490 32849
3492 32840
3503 32839
3506 32836
3507 32821
3509 32819
3512 32816
3513 32805
3514 32789
3516 32788
3519 32785
3521 32758
3532 32753
3535 32731
3537 32723
3539 32722
3543 32707
3544 32692
3555 32689
3557 32680
3558 32678
3559 32671
3561 32670
3563 32662
3564 32649
3566 32640
3568 32632
3570 32631
3572 32625
3573 32610
3575 32601
3578 32596
3580 32595
3584 32580
3585 32565
3595 32558
3597 32550
3599 32549
3600 32543
3604 32519
3605 32513
3609 32505
3611 32504
3613 32498
3614 32483
3616 32474
3626 32469
3629 32461
3631 32452
3633 32446
3634 32431
3636 32422
3645 32392
3654 32387
3658 32372
3659 32365
3661 32357
3663 32356
3665 32340
3668 32326
3678 32319
3679 32313
3682 32312
3683 32304
3687 32289
3688 32274
3692 32266
3694 32265
3696 32259
3697 32244
3699 32235
3708 32231
3710 32222
3714 32213
3716 32207
3717 32192
3719 32183
3724 32177
3728 32153
3729 32147
3739 32140
3741 32133
3742 32126
3747 32112
3748 32101
3752 32098
3753 32095
3755 32086
3757 32080
3758 32065
3760 32056
3770 32051
3771 32044
3773 32035
3776 32030
3778 32021
3781 32016
3782 32006
3784 32004
3789 31974
3798 31969
3802 31953
3803 31947
3807 31938
3811 31923
3812 31908
3822 31901
3825 31898
3826 31894
3827 31887
3829 31886
3830 31873
3832 31865
3834 31856
3838 31847
3840 31841
3841 31826
3843 31817
3854 31813
3856 31806
3858 31804
3859 31791
3861 31782
3863 31774
3865 31767
3867 31765
3872 31735
3881 31730
3885 31724
3886 31708
3890 31700
3891 31694
3894 31685
3896 31680
3904 31673
3906 31666
3910 31648
3912 31647
3915 31626
3917 31617
3920 31612
3922 31603
3925 31598
3927 31589
3935 31582
3939 31567
3941 31565
3944 31553
3946 31535
3951 31521
3956 31507
3964 31500
3965 31494
3968 31485
3970 31480
3973 31470
3974 31455
3981 31451
3984 31448
3987 31445
3988 31441
3990 31438
3991 31433
3993 31431
3994 31412
3996 31403
3999 31398
4000 31394
4001 31389
4002 31388
4003 31373
4005 31364
4016 31363
4018 31353
4020 31351
4022 31344
4023 31339
4025 31321
4027 31314
4029 31312
4030 31307
4034 31282
4047 31271
4048 31255
4055 31247
4056 31232
4062 31230
4066 31222
4068 31213
4072 31203
4074 31194
4077 31173
4079 31164
4090 31163
4091 31148
4093 31139
4097 31131
4101 31114
4103 31112
4108 31082
4119 31081
4122 31057
4130 31032
4137 31030
4140 31022
4142 31013
4144 31007
4151 31003
4152 31002
4154 30993
4155 30978
4162 30974
4164 30963
4166 30961
4171 30931
4177 30926
4180 30921
4181 30917
4182 30912
4183 30911
4184 30896
4186 30887
4193 30881
4199 30876
4201 30874
4203 30867
4204 30862
4206 30844
4208 30837
4210 30835
4211 30830
4215 30805
4228 30794
4229 30778
4236 30770
4237 30755
4243 30753
4247 30745
4249 30736
4253 30726
4255 30717
4258 30696
4260 30687
4271 30686
4272 30671
4274 30662
4278 30654
4282 30637
4284 30635
4289 30605
4300 30604
4303 30580
4311 30555
4321 30545
4323 30536
4325 30530
4333 30525
4335 30520
4337 30511
4339 30509
4343 30499
4345 30486
4347 30484
4352 30454
4365 30449
4366 30429
4374 30404
4388 30379
4396 30374
4398 30366
4400 30364
4402 30358
4403 30351
4405 30334
4414 30330
4417 30324
4420 30323
4422 30314
4425 30301
4427 30284
4435 30271
4437 30262
4446 30242
4448 30233
4455 30229
4459 30212
4461 30210
4462 30208
4466 30180
4477 30151
4488 30130
4491 30126
4498 30120
4499 30101
4509 30091
4511 30082
4513 30076
4520 30074
4521 30071
4522 30061
4524 30059
4525 30057
4527 30055
4529 30029
4540 30000
4551 29979
4554 29975
4562 29950
4573 29949
4575 29941
4576 29925
4582 29909
4590 29904
4593 29880
4602 29876
4604 29859
4614 29849
4615 29830
4623 29817
4625 29808
4636 29803
4637 29792
4638 29790
4639 29783
4643 29775
4645 29758
4649 29756
4654 29726
4665 29725
4667 29708
4668 29701
4676 29676
4686 29666
4688 29657
4690 29651
4698 29646
4700 29641
4702 29632
4704 29630
4708 29620
4710 29607
4712 29605
4717 29575
4730 29570
4731 29550
4739 29525
4753 29500
4761 29495
4763 29487
4765 29485
4767 29479
4770 29455
4783 29445
4785 29444
4787 29435
4792 29405
4802 29395
4804 29386
4814 29375
4815 29371
4818 29367
4820 29363
4824 29349
4826 29336
4828 29334
4833 29304
4846 29299
4850 29284
4855 29254
4867 29241
4875 29237
4877 29224
4878 29220
4881 29216
4883 29212
4887 29198
4889 29191
4897 29187
4899 29174
4903 29166
4909 29148
4914 29142
4920 29121
4929 29117
4931 29100
4936 29092
4941 29090
4942 29071
4950 29058
4952 29049
4963 29044
4964 29033
4965 29031
4966 29024
4970 29016
4972 28999
4977 28991
4981 28967
4992 28966
4994 28949
4995 28942
4999 28941
5003 28917
5013 28907
5015 28898
5017 28892
5025 28887
5027 28882
5029 28873
5031 28871
5035 28861
5037 28848
5044 28816
5057 28811
5058 28791
5066 28766
5080 28741
5088 28736
5090 28728
5094 28720
5097 28696
5110 28686
5112 28685
5119 28646
5129 28636
5131 28627
5141 28616
5148 28614
5151 28590
5153 28577
5160 28545
5173 28540
5179 28536
5181 28534
5182 28495
5201 28486
5203 28484
5204 28465
5214 28439
5226 28415
5236 28389
5253 28387
5254 28383
5255 28380
5257 28378
5258 28359
5259 28357
5267 28347
5270 28344
5271 28339
5274 28315
5280 28309
5290 28307
5291 28301
5292 28294
5294 28286
5296 28265
5299 28262
5306 28255
5308 28246
5316 28236
5318 28235
5321 28212
5328 28209
5330 28196
5337 28164
5350 28159
5353 28156
5358 28153
5359 28114
5375 28106
5380 28103
5381 28084
5391 28058
5403 28034
5413 28008
5418 28006
5431 28001
5433 28000
5434 27997
5435 27978
5436 27976
5440 27956
5455 27953
5457 27928
5462 27926
5468 27920
5471 27905
5472 27900
5480 27896
5482 27880
5484 27876
5490 27870
5493 27855
5494 27850
5507 27847
5511 27840
5514 27824
5516 27820
5517 27818
5525 27799
5534 27790
5536 27774
5538 27770
5547 27749
5552 27747
5557 27723
5569 27719
5570 27717
5571 27712
5574 27697
5579 27673
5591 27669
5596 27667
5599 27647
5601 27643
5606 27641
5611 27617
5621 27597
5623 27593
5628 27591
5633 27567
5640 27546
5653 27541
5655 27537
5656 27535
5665 27517
5670 27515
5672 27511
5675 27491
5677 27487
5684 27466
5691 27464
5694 27440
5710 27429
5713 27414
5717 27408
5721 27388
5735 27384
5738 27360
5745 27358
5752 27353
5754 27349
5755 27338
5757 27334
5761 27328
5763 27312
5765 27308
5771 27302
5774 27287
5775 27282
5789 27278
5790 27276
5792 27272
5796 27270
5797 27256
5798 27250
5806 27247
5807 27232
5811 27228
5815 27222
5817 27206
5819 27202
5828 27181
5839 27180
5840 27174
5842 27170
5849 27168
5850 27164
5851 27149
5852 27144
5855 27129
5860 27105
5872 27101
5880 27100
5881 27094
5885 27081
5890 27080
5893 27074
5894 27068
5896 27064
5897 27053
5899 27049
5902 27029
5904 27025
5909 27023
5914 26999
5931 26997
5932 26991
5935 26988
5937 26967
5946 26949
5951 26947
5953 26943
5956 26923
5958 26919
5972 26912
5976 26911
5978 26901
5979 26891
5981 26887
5986 26885
5991 26861
5994 26846
6000 26843
6012 26831
6017 26817
6023 26811
6026 26806
6030 26805
6031 26800
6032 26795
6033 26785
6035 26781
6036 26770
6038 26766
6044 26765
6048 26740
6061 26737
6066 26734
6068 26730
6069 26729
6071 26708
6077 26702
6080 26690
6086 26689
6088 26685
6090 26664
6092 26660
6098 26659
6106 26653
6112 26642
6113 26632
6115 26628
6117 26618
6125 26602
6131 26596
6134 26584
6140 26583
6142 26579
6146 26572
6151 26558
6157 26552
6159 26542
6161 26538
6166 26536
6167 26526
6169 26522
6171 26512
6178 26506
6183 26482
6195 26478
6202 26471
6203 26462
6208 26458
6209 26455
6211 26443
6213 26436
6215 26432
6220 26430
6222 26426
6225 26406
6227 26402
6232 26400
6237 26376
6251 26359
6257 26356
6260 26344
6265 26337
6269 26326
6274 26324
6276 26320
6279 26300
6281 26296
6293 26283
6295 26279
6301 26278
6302 26268
6304 26264
6305 26253
6314 26238
6317 26223
6323 26220
6334 26215
6335 26208
6337 26203
6342 26199
6344 26197
6346 26188
6347 26177
6349 26173
6355 26172
6356 26162
6358 26158
6359 26147
6361 26143
6371 26117
6388 26109
6391 26097
6394 26085
6400 26082
6403 26067
6413 26041
6415 26037
6429 26030
6432 26029
6435 26019
6436 26009
6438 26005
6440 25995
6448 25979
6457 25961
6468 25956
6469 25949
6477 25943
6478 25938
6480 25929
6482 25919
6484 25915
6489 25913
6490 25903
6492 25899
6494 25889
6510 25880
6511 25873
6513 25869
6521 25863
6522 25850
6525 25848
6526 25839
6531 25837
6532 25832
6534 25823
6536 25813
6538 25809
6552 25802
6554 25800
6555 25793
6560 25786
6564 25774
6566 25770
6574 25736
6580 25733
6594 25726
6595 25725
6601 25722
6602 25710
6606 25696
6608 25694
6616 25660
6618 25656
6628 25630
6648 25620
6649 25619
6659 25611
6660 25580
6670 25554
6672 25550
6686 25543
6692 25542
6693 25539
6702 25516
6713 25505
6714 25474
6728 25467
6734 25466
6735 25463
6740 25437
6746 25436
6757 25425
6761 25419
6771 25418
6774 25408
6782 25361
6788 25360
6802 25353
6803 25350
6814 25323
6825 25312
6829 25306
6835 25305
6841 25280
6856 25247
6879 25222
6883 25204
6899 25198
6903 25192
6911 25182
6913 25180
6915 25166
6921 25146
6923 25142
6933 25116
6953 25106
6954 25105
6955 25104
6957 25090
6965 25066
6975 25040
6977 25036
6991 25029
6997 25028
6998 25025
7007 25002
7009 24998
7018 24991
7019 24960
7033 24953
7039 24952
7040 24949
7045 24923
7051 24922
7062 24911
7066 24905
7076 24904
7077 24885
7083 24884
7084 24879
7087 24847
7093 24846
7107 24839
7108 24836
7119 24809
7130 24798
7134 24792
7140 24791
7146 24766
7158 24765
7161 24733
7178 24728
7184 24722
7186 24718
7188 24690
7204 24684
7208 24678
7220 24652
7228 24642
7231 24641
7235 24635
7250 24620
7252 24614
7253 24609
7254 24605
7262 24576
7279 24574
7281 24570
7286 24567
7293 24561
7296 24529
7305 24527
7309 24521
7315 24519
7323 24494
7337 24487
7339 24480
7341 24468
7349 24457
7355 24448
7359 24439
7367 24431
7369 24413
7387 24410
7389 24405
7390 24402
7391 24381
7397 24372
7403 24371
7409 24355
7413 24333
7427 24326
7433 24325
7434 24322
7443 24299
7456 24284
7460 24278
7465 24267
7471 24258
7477 24257
7478 24252
7481 24220
7487 24219
7501 24212
7502 24209
7510 24198
7520 24197
7524 24171
7528 24165
7534 24164
7544 24163
7545 24144
7546 24139
7552 24138
7555 24106
7572 24101
7578 24095
7582 24063
7598 24057
7602 24051
7619 24046
7620 24025
7622 24015
7625 24014
7629 24008
7645 24002
7646 23987
7647 23982
7656 23949
7673 23947
7680 23940
7687 23934
7690 23902
7699 23900
7703 23894
7713 23889
7717 23867
7731 23860
7733 23853
7735 23841
7745 23840
7747 23833
7755 23821
7764 23819
7768 23813
7772 23808
7775 23792
7781 23783
7785 23754
7791 23745
7803 23728
7813 23727
7827 23721
7829 23713
7832 23703
7834 23696
7838 23690
7840 23684
7846 23679
7849 23678
7850 23673
7853 23669
7856 23664
7859 23640
7876 23635
7882 23629
7886 23597
7904 23571
7914 23570
7924 23559
7926 23549
7940 23542
7947 23522
7950 23521
7951 23516
7954 23512
7960 23483
7984 23474
7991 23468
7993 23462
7994 23436
8016 23435
8025 23402
8028 23398
8038 23395
8039 23375
8049 23366
8059 23355
8061 23349
8075 23343
8080 23330
8085 23317
8089 23316
8095 23279
8107 23262
8117 23261
8131 23255
8136 23250
8139 23238
8144 23218
8154 23211
8157 23203
8160 23198
8162 23192
8172 23181
8175 23177
8181 23173
8184 23170
8198 23143
8205 23141
8208 23105
8218 23104
8231 23089
8247 23079
8252 23057
8258 23046
8273 23024
8276 23020
8286 23019
8289 23012
8297 22996
8312 22990
8317 22976
8319 22971
8322 22970
8323 22965
8332 22932
8348 22922
8352 22920
8353 22900
8365 22883
8384 22872
8390 22855
8402 22838
8411 22824
8418 22819
8421 22815
8430 22802
8433 22798
8439 22794
8449 22787
8451 22786
8453 22763
8461 22748
8466 22726
8479 22711
8489 22710
8503 22681
8513 22680
8516 22667
8526 22660
8531 22645
8534 22641
8547 22633
8556 22619
8570 22592
8580 22554
8590 22553
8606 22543
8618 22526
8624 22506
8642 22493
8648 22476
8660 22459
8669 22445
8684 22439
8692 22434
8701 22433
8702 22427
8704 22418
8706 22406
8713 22404
8715 22387
8719 22369
8725 22349
8737 22332
8756 22321
8761 22302
8781 22291
8784 22288
8787 22284
8800 22273
8805 22261
8813 22258
8816 22254
8823 22235
8828 22213
8833 22197
8838 22175
8862 22167
8872 22166
8875 22158
8877 22149
8882 22134
8901 22116
8911 22106
8913 22099
8922 22088
8937 22069
8942 22060
8951 22058
8960 22055
8963 22051
8966 22047
8968 22030
8969 22022
8978 21992
8990 21975
9009 21964
9014 21942
9034 21934
9043 21915
9058 21901
9069 21897
9073 21882
9081 21856
9091 21818
9114 21817
9115 21810
9120 21788
9135 21777
9150 21770
9154 21759
9164 21747
9166 21742
9182 21736
9186 21710
9195 21703
9204 21701
9213 21699
9219 21682
9222 21665
9227 21643
9251 21635
9257 21623
9266 21617
9267 21585
9290 21584
9291 21577
9296 21555
9311 21544
9321 21541
9326 21525
9333 21524
9340 21514
9346 21510
9354 21509
9355 21495
9357 21494
9362 21477
9363 21469
9367 21460
9373 21431
9403 21410
9417 21390
9429 21389
9432 21383
9434 21367
9448 21355
9462 21350
9464 21349
9468 21323
9477 21316
9480 21286
9504 21278
9509 21256
9538 21252
9539 21236
9543 21227
9549 21198
9574 21184
9575 21178
9584 21171
9586 21167
9593 21157
9608 21138
9610 21137
9628 21123
9636 21122
9638 21117
9639 21107
9644 21090
9653 21083
9656 21053
9677 21048
9680 21045
9685 21023
9687 21010
9710 21009
9711 21002
9715 20993
9716 20980
9731 20969
9744 20963
9746 20962
9751 20945
9760 20938
9762 20899
9791 20895
9799 20882
9806 20872
9818 20857
9823 20835
9837 20823
9853 20817
9857 20791
9866 20784
9868 20780
9886 20779
9891 20760
9892 20750
9907 20748
9911 20743
9912 20739
9920 20730
9922 20717
9930 20713
9936 20709
9938 20666
9959 20661
9963 20652
9969 20623
9997 20606
9999 20605
10013 20582
10028 20575
10033 20558
10042 20551
10048 20548
10056 20547
10058 20542
10060 20541
10064 20515
10073 20508
10076 20478
10100 20470
10105 20448
10137 20443
10142 20431
10149 20409
10155 20403
10162 20398
10167 20396
10171 20370
10180 20363
10189 20361
10198 20359
10204 20330
10231 20329
10234 20312
10244 20301
10248 20289
10257 20248
10281 20218
10304 20217
10308 20215
10311 20185
10335 20177
10336 20173
10340 20155
10350 20138
10358 20091
10395 20074
10402 20064
10422 20057
10436 20051
10437 20016
10445 20015
10449 20009
10453 19983
10462 19976
10490 19966
10492 19955
10501 19949
10505 19947
10513 19942
10516 19925
10532 19908
10548 19900
10557 19868
10585 19845
10593 19798
10630 19781
10637 19771
10657 19764
10668 19739
10672 19723
10680 19722
10684 19716
10688 19690
10697 19683
10715 19674
10725 19673
10728 19671
10734 19666
10736 19656
10740 19654
10748 19649
10758 19638
10763 19631
10767 19615
10783 19607
10792 19575
10805 19544
10840 19541
10842 19527
10849 19517
10866 19511
10869 19510
10873 19508
10875 19486
10884 19469
10892 19468
10896 19462
10900 19436
10909 19429
10937 19419
10939 19408
10948 19402
10950 19381
10963 19378
10977 19363
10979 19361
10995 19353
10998 19338
11004 19321
11029 19306
11032 19298
11040 19251
11077 19234
11084 19224
11102 19223
11104 19217
11118 19211
11119 19176
11127 19175
11131 19169
11135 19143
11144 19136
11162 19127
11172 19126
11181 19119
11183 19109
11187 19107
11195 19102
11206 19100
11214 19068
11230 19060
11239 19028
11266 19012
11276 19011
11277 18997
11287 18994
11291 18992
11296 18991
11298 18989
11299 18987
11305 18985
11308 18973
11320 18961
11322 18939
11347 18929
11359 18922
11364 18914
11366 18912
11372 18889
11382 18886
11386 18884
11389 18881
11397 18834
11417 18831
11426 18824
11434 18817
11442 18812
11454 18805
11461 18800
11470 18791
11476 18759
11487 18744
11501 18719
11512 18704
11538 18702
11540 18692
11544 18690
11549 18687
11556 18677
11570 18674
11574 18668
11578 18662
11582 18636
11595 18634
11599 18628
11603 18622
11607 18596
11634 18580
11644 18577
11648 18575
11655 18562
11659 18560
11667 18555
11677 18553
11679 18522
11699 18518
11702 18513
11708 18511
11716 18505
11726 18502
11730 18495
11732 18482
11746 18480
11750 18454
11754 18452
11768 18444
11770 18442
11775 18437
11780 18426
11783 18407
11794 18392
11820 18390
11824 18389
11830 18387
11831 18375
11838 18365
11844 18327
11869 18287
11889 18284
11903 18280
11906 18270
11914 18265
11926 18258
11927 18257
11933 18253
11940 18242
11952 18217
11961 18209
11965 18202
11984 18201
11989 18200
11990 18199
11997 18195
11998 18192
12000 18183
12009 18157
12012 18145
12016 18143
12034 18136
12040 18134
12048 18132
12049 18128
12051 18119
12059 18096
12065 18094
12076 18079
12095 18075
12099 18073
12102 18065
12108 18060
12112 18058
12120 18052
12123 18045
12127 18025
12146 18011
12151 17975
12171 17971
12188 17958
12198 17955
12202 17954
12206 17952
12208 17946
12215 17941
12219 17937
12223 17935
12231 17930
12234 17905
12243 17897
12247 17890
12262 17874
12271 17848
12308 17831
12314 17829
12318 17827
12324 17823
12325 17816
12335 17814
12336 17808
12341 17784
12347 17782
12354 17778
12358 17767
12367 17763
12385 17736
12405 17732
12408 17702
12433 17662
12453 17659
12461 17657
12467 17655
12470 17645
12478 17640
12490 17633
12497 17628
12504 17617
12520 17612
12526 17605
12529 17577
12544 17562
12560 17549
12573 17532
12576 17520
12580 17518
12598 17511
12607 17504
12613 17503
12617 17501
12623 17471
12643 17468
12656 17464
12660 17454
12663 17451
12664 17435
12676 17433
12680 17422
12687 17420
12691 17400
12711 17397
12715 17350
12741 17349
12752 17333
12764 17330
12766 17329
12770 17327
12772 17321
12779 17316
12787 17315
12793 17310
12800 17305
12801 17289
12811 17265
12826 17249
12835 17223
12872 17206
12888 17198
12889 17191
12899 17189
12905 17159
12931 17138
12949 17111
12969 17107
12973 17088
12999 17087
13001 17074
13016 17058
13023 17037
13025 17032
13045 17026
13059 17013
13065 17012
13069 17003
13079 17000
13084 16987
13093 16961
13107 16953
13108 16937
13124 16924
13139 16920
13143 16910
13161 16907
13163 16897
13170 16886
13171 16879
13189 16876
13203 16868
13204 16852
13207 16849
13213 16846
13220 16839
13227 16826
13228 16810
13244 16797
13263 16793
13281 16775
13283 16770
13290 16759
13291 16752
13298 16746
13314 16733
13324 16725
13333 16719
13340 16712
13342 16698
13358 16685
13366 16675
13382 16662
13394 16661
13397 16658
13401 16648
13404 16647
13405 16640
13416 16624
13418 16619
13432 16611
13434 16606
13452 16600
13462 16590
13468 16587
13471 16584
13477 16576
13478 16573
13480 16568
13481 16561
13486 16548
13500 16540
13502 16535
13514 16534
13516 16527
13528 16526
13530 16521
13532 16507
13536 16497
13548 16494
13552 16484
13563 16473
13564 16466
13579 16460
13580 16453
13595 16449
13598 16446
13600 16436
13606 16433
13616 16423
13620 16413
13632 16412
13636 16400
13648 16399
13650 16385
13656 16380
13666 16372
13672 16367
13674 16362
13676 16357
13683 16346
13684 16339
13699 16333
13700 16326
13725 16322
13726 16306
13734 16301
13742 16293
13746 16288
13753 16282
13754 16275
13769 16269
13770 16262
13779 16261
13780 16254
13790 16245
13794 16235
13797 16234
13798 16227
13810 16222
13813 16221
13814 16214
13821 16211
13826 16209
13837 16198
13840 16194
13846 16189
13856 16181
13860 16176
13864 16171
13870 16163
13871 16160
13873 16155
13874 16148
13887 16147
13889 16142
13890 16135
13908 16123
13924 16110
13928 16100
13936 16097
13941 16084
13955 16076
13956 16069
13964 16067
13970 16063
13972 16056
13980 16054
13984 16044
13987 16043
13988 16036
13991 16033
14000 16031
14003 16030
14004 16023
14007 16020
14014 16013
14019 16002
14030 16000
14035 15989
14042 15988
14048 15983
14055 15972
14061 15969
14064 15962
14068 15960
14071 15959
14075 15949
14076 15942
14091 15936
14092 15929
14105 15921
14108 15918
14111 15916
14118 15909
14121 15908
14127 15903
14128 15901
14129 15898
14131 15893
14138 15891
14139 15875
14155 15862
14172 15857
14178 15850
14181 15842
14186 15838
14189 15837
14190 15830
14197 15829
14202 15825
14204 15822
14206 15817
14209 15811
14212 15804
14225 15798
14228 15791
14235 15790
14245 15781
14249 15771
14253 15763
14265 15758
14266 15751
14269 15750
14281 15745
14282 15738
14295 15730
14298 15727
14300 15726
14301 15725
14308 15719
14311 15717
14316 15713
14317 15712
14318 15710
14319 15707
14322 15700
14326 15692
14329 15684
14342 15679
14345 15671
14356 15670
14362 15666
14363 15659
14372 15657
14374 15654
14376 15647
14379 15646
14380 15639
14383 15636
14392 15634
14395 15633
14396 15626
14399 15623
14402 15613
14411 15605
14418 15600
14425 15599
14427 15592
14435 15590
14436 15588
14439 15580
14443 15572
14455 15567
14456 15565
14459 15559
14470 15558
14472 15552
14479 15551
14483 15538
14484 15534
14492 15532
14497 15524
14500 15521
14503 15519
14512 15509
14516 15501
14523 15496
14531 15478
14547 15465
14569 15455
14570 15453
14573 15445
14586 15440
14589 15432
14594 15430
14596 15425
14601 15414
14604 15407
14617 15401
14620 15394
14627 15393
14637 15384
14641 15374
14645 15366
14657 15361
14661 15353
14673 15347
14674 15343
14682 15341
14687 15333
14690 15330
14693 15328
14700 15322
14703 15320
14709 15315
14710 15313
14711 15310
14714 15303
14718 15295
14721 15287
14734 15282
14737 15274
14755 15262
14766 15257
14771 15249
14782 15244
14783 15243
14784 15239
14787 15235
14794 15216
14810 15203
14817 15202
14827 15193
14828 15191
14831 15183
14835 15175
14847 15170
14851 15162
14867 15159
14876 15152
14879 15145
14881 15142
14884 15135
14890 15131
14897 15127
14900 15122
14904 15112
14908 15104
14920 15099
14924 15091
14931 15090
14941 15081
14945 15071
14961 15058
14970 15056
14976 15048
14981 15047
14984 15039
14992 15035
14993 15033
14996 15025
14998 15023
15001 15015
15012 15012
15014 15010
15017 15002
15018 15000
15034 14987
15041 14986
15046 14984
15049 14977
15057 14968
15065 14964
15067 14963
15069 14954
15074 14944
15085 14941
15087 14936
15090 14931
15098 14927
15106 14923
15110 14913
15115 14903
15126 14900
15131 14890
15150 14888
15151 14879
15154 14871
15160 14865
15166 14857
15171 14856
15177 14855
15179 14852
15182 14844
15183 14842
15188 14832
15199 14829
15201 14824
15204 14819
15222 14815
15226 14813
15227 14800
15239 14786
15250 14784
15255 14773
15267 14771
15268 14759
15274 14753
15280 14745
15291 14743
15296 14732
15311 14720
15330 14711
15341 14688
15353 14674
15364 14672
15367 14664
15369 14661
15384 14649
15400 14647
15403 14640
15407 14635
15412 14633
15415 14626
15423 14617
15433 14612
15435 14603
15440 14593
15456 14585
15464 14576
15476 14562
15481 14552
15509 14549
15512 14544
15516 14539
15517 14528
15520 14520
15529 14514
15532 14506
15537 14505
15549 14491
15554 14481
15572 14477
15586 14468
15592 14462
15593 14449
15605 14435
15626 14432
15633 14420
15634 14408
15645 14406
15646 14394
15665 14391
15677 14386
15679 14385
15681 14381
15690 14372
15691 14371
15696 14366
15702 14358
15707 14337
15719 14323
15750 14319
15761 14317
15763 14301
15768 14300
15775 14287
15786 14285
15789 14277
15791 14274
15802 14273
15804 14269
15806 14262
15809 14259
15819 14249
15829 14248
15834 14246
15837 14239
15845 14230
15848 14227
15855 14225
15857 14216
15860 14213
15862 14206
15875 14202
15877 14198
15878 14197
15881 14195
15882 14188
15892 14178
15898 14175
15903 14165
15921 14156
15933 14142
15939 14141
15942 14133
15951 14126
15954 14119
15959 14118
15962 14115
15971 14104
15974 14101
15976 14094
15984 14091
15994 14090
16003 14088
16008 14081
16014 14075
16015 14062
16027 14048
16035 14044
16043 14039
16045 14034
16047 14030
16056 14021
16057 14020
16067 14019
16068 14007
16087 14004
16099 14003
16101 13998
16103 13994
16104 13982
16116 13968
16129 13950
16141 13936
16172 13932
16183 13930
16185 13923
16186 13921
16188 13919
16190 13913
16198 13907
16201 13906
16203 13902
16213 13901
16214 13896
16215 13895
16217 13892
16219 13889
16220 13885
16226 13882
16231 13872
16241 13862
16257 13859
16262 13857
16265 13854
16267 13848
16269 13845
16270 13840
16277 13838
16279 13833
16282 13826
16287 13825
16289 13824
16290 13821
16295 13820
16297 13815
16299 13811
16300 13810
16303 13808
16304 13801
16312 13798
16314 13791
16326 13790
16331 13780
16343 13769
16355 13755
16368 13749
16371 13746
16373 13739
16382 13734
16383 13733
16384 13728
16385 13727
16394 13718
16396 13714
16404 13709
16406 13704
16425 13701
16432 13689
16444 13675
16453 13666
16455 13663
16457 13657
16465 13652
16467 13647
16469 13643
16479 13633
16496 13622
16515 13619
16526 13595
16538 13581
16564 13579
16569 13551
16600 13547
16605 13545
16611 13541
16613 13538
16616 13534
16617 13531
16618 13528
16623 13527
16625 13522
16628 13517
16631 13515
16637 13508
16641 13505
16642 13498
16653 13491
16659 13487
16669 13477
16683 13476
16684 13470
16687 13467
16695 13463
16696 13456
16699 13454
16700 13453
16701 13446
16709 13444
16710 13441
16711 13440
16712 13439
16721 13430
16722 13425
16732 13416
16734 13411
16742 13406
16756 13405
16760 13402
16768 13392
16776 13387
16780 13378
16781 13373
16783 13370
16793 13359
16795 13354
16807 13340
16824 13329
16834 13319
16853 13316
16854 13302
16866 13288
16892 13279
16893 13267
16897 13258
16907 13248
16944 13241
16950 13240
16952 13238
16954 13229
16957 13228
16961 13224
16964 13222
16966 13196
16992 13194
16997 13184
17011 13183
17019 13178
17023 13170
17025 13167
17028 13160
17035 13156
17037 13151
17040 13146
17049 13137
17056 13132
17064 13131
17065 13123
17070 13113
17081 13106
17096 13099
17104 13094
17108 13085
17115 13082
17123 13079
17124 13071
17129 13061
17137 13060
17139 13055
17140 13054
17149 13045
17161 13038
17162 13026
17181 13023
17184 13020
17193 13012
17196 13008
17205 12998
17208 12993
17220 12986
17221 12974
17235 12955
17282 12943
17285 12940
17286 12939
17290 12936
17294 12903
17335 12896
17342 12884
17355 12881
17357 12879
17358 12869
17363 12865
17379 12856
17382 12851
17394 12844
17395 12842
17401 12832
17404 12823
17409 12813
17438 12805
17439 12798
17458 12795
17462 12783
17463 12771
17468 12761
17477 12752
17512 12727
17535 12718
17536 12700
17559 12696
17560 12684
17574 12681
17588 12662
17617 12655
17618 12643
17633 12613
17647 12610
17680 12607
17681 12595
17686 12585
17691 12572
17710 12558
17733 12554
17740 12542
17753 12539
17754 12524
17762 12520
17791 12513
17792 12505
17796 12494
17807 12471
17821 12468
17854 12465
17858 12460
17859 12452
17860 12440
17865 12430
17885 12422
17890 12416
17903 12414
17913 12412
17923 12410
17924 12406
17925 12405
17928 12382
17933 12369
17962 12362
17970 12352
17971 12350
17987 12329
18001 12326
18011 12320
18033 12310
18038 12291
18044 12279
18076 12272
18092 12270
18093 12266
18102 12257
18107 12227
18136 12220
18145 12211
18149 12201
18171 12193
18180 12186
18185 12178
18203 12177
18204 12159
18212 12149
18218 12137
18255 12136
18256 12121
18276 12115
18282 12103
18286 12102
18287 12085
18301 12072
18315 12069
18323 12059
18349 12054
18351 12051
18354 12044
18359 12031
18378 12017
18392 12007
18398 11995
18422 11983
18430 11979
18456 11973
18459 11972
18460 11964
18462 11961
18464 11953
18475 11930
18489 11927
18503 11917
18527 11911
18528 11899
18533 11889
18553 11881
18558 11875
18581 11868
18592 11865
18593 11864
18594 11861
18596 11841
18601 11828
18633 11821
18638 11811
18639 11809
18655 11788
18669 11785
18679 11779
18701 11769
18706 11750
18712 11738
18744 11731
18760 11729
18761 11725
18770 11716
18775 11686
18812 11679
18817 11660
18839 11652
18853 11637
18880 11608
18886 11596
18923 11595
18924 11589
18935 11583
18944 11574
18950 11562
18955 11544
18983 11540
18991 11518
19019 11510
19033 11495
19055 11484
19060 11466
19066 11454
19094 11452
19115 11441
19124 11432
19130 11420
19138 11417
19144 11405
19157 11398
19171 11376
19199 11374
19205 11362
19226 11360
19235 11342
19249 11327
19262 11320
19268 11310
19294 11299
19310 11284
19331 11282
19332 11276
19337 11256
19372 11250
19373 11232
19379 11220
19405 11209
19415 11207
19437 11198
19442 11178
19448 11168
19468 11157
19484 11142
19510 11131
19520 11119
19546 11108
19553 11090
19559 11078
19579 11067
19608 11065
19617 11056
19623 11044
19631 11029
19648 11015
19664 11000
19684 10989
19701 10987
19709 10980
19722 10973
19726 10966
19748 10955
19753 10937
19759 10925
19787 10923
19806 10909
19817 10903
19823 10891
19830 10880
19837 10876
19850 10869
19864 10847
19881 10845
19898 10833
19902 10831
19928 10813
19935 10802
19942 10798
19944 10795
19955 10791
19961 10781
19983 10779
19986 10767
20003 10755
20013 10743
20030 10727
20058 10715
20066 10703
20072 10691
20108 10678
20124 10653
20135 10649
20141 10639
20163 10637
20169 10635
20177 10613
20205 10605
20213 10590
20241 10579
20246 10561
20252 10549
20291 10541
20301 10536
20310 10527
20316 10515
20324 10500
20343 10493
20357 10471
20388 10466
20395 10455
20402 10451
20415 10444
20421 10437
20443 10432
20446 10420
20448 10415
20463 10408
20493 10395
20503 10390
20510 10386
20512 10380
20523 10351
20563 10349
20566 10343
20570 10337
20572 10331
20587 10317
20595 10302
20623 10290
20628 10273
20637 10266
20673 10253
20683 10248
20692 10239
20701 10232
20706 10214
20734 10210
20743 10207
20748 10202
20768 10197
20770 10180
20793 10177
20798 10176
20804 10159
20817 10124
20873 10121
20875 10114
20881 10090
20904 10087
20908 10068
20947 10065
20948 10055
20957 10048
20972 10034
20984 10032
20995 10031
21001 10026
21010 10019
21014 10009
21019 10004
21026 9996
21050 9989
21066 9988
21068 9984
21071 9980
21075 9976
21078 9975
21079 9967
21088 9926
21137 9906
21152 9892
21175 9889
21190 9877
21198 9872
21218 9867
21228 9850
21249 9845
21251 9838
21255 9834
21260 9831
21281 9821
21292 9816
21297 9801
21319 9800
21324 9797
21327 9786
21329 9779
21357 9775
21361 9767
21384 9764
21387 9762
21391 9752
21393 9745
21408 9708
21438 9696
21440 9689
21461 9679
21472 9674
21495 9671
21502 9662
21504 9655
21518 9654
21529 9640
21531 9633
21569 9627
21571 9620
21575 9616
21580 9613
21593 9606
21595 9599
21607 9597
21617 9583
21635 9581
21637 9574
21642 9569
21647 9568
21649 9561
21670 9554
21681 9549
21696 9548
21698 9541
21700 9539
21702 9532
21709 9498
21711 9491
21758 9478
21760 9471
21773 9464
21775 9457
21811 9449
21813 9442
21821 9437
21843 9436
21849 9422
21851 9415
21876 9406
21878 9399
21902 9393
21904 9386
21915 9381
21918 9373
21920 9366
21942 9365
21955 9363
21957 9356
21960 9355
21962 9351
21969 9346
21982 9339
21984 9332
22010 9327
22015 9322
22020 9321
22022 9314
22029 9280
22031 9273
22081 9263
22082 9251
22084 9244
22095 9239
22131 9231
22133 9224
22141 9219
22163 9218
22172 9207
22174 9200
22192 9197
22194 9190
22196 9188
22198 9181
22222 9175
22224 9168
22238 9155
22240 9148
22262 9147
22280 9137
22285 9136
22290 9135
22291 9126
22293 9119
22304 9114
22330 9109
22333 9108
22335 9104
22342 9099
22352 9065
22354 9058
22401 9045
22402 9033
22404 9026
22418 9024
22454 9016
22456 9009
22467 9004
22486 9003
22492 8989
22494 8982
22512 8979
22514 8972
22521 8966
22545 8960
22547 8953
22558 8948
22569 8941
22571 8934
22585 8932
22598 8930
22600 8923
22603 8922
22605 8918
22611 8908
22613 8901
22653 8890
22658 8889
22663 8888
22665 8881
22672 8847
22674 8840
22725 8818
22727 8811
22738 8806
22774 8798
22776 8791
22795 8790
22806 8785
22838 8764
22839 8755
22841 8748
22865 8742
22867 8735
22892 8726
22894 8719
22905 8714
22923 8704
22943 8699
22971 8683
22973 8676
22976 8675
22978 8671
22987 8670
22990 8667
23007 8665
23008 8661
23025 8655
23032 8650
23034 8643
23045 8600
23047 8593
23108 8588
23113 8579
23115 8572
23175 8558
23177 8540
23179 8533
23211 8517
23212 8508
23214 8501
23243 8499
23275 8496
23279 8491
23281 8484
23296 8457
23329 8453
23344 8448
23346 8441
23363 8425
23365 8418
23381 8414
23391 8407
23415 8403
23416 8396
23418 8389
23429 8384
23444 8378
23455 8373
23463 8365
23483 8364
23492 8363
23493 8358
23499 8354
23511 8333
23513 8326
23548 8322
23550 8293
23552 8286
23595 8285
23613 8281
23618 8272
23620 8265
23637 8260
23639 8253
23669 8249
23678 8241
23680 8234
23685 8232
23716 8210
23717 8201
23719 8194
23736 8178
23738 8171
23762 8167
23764 8160
23801 8150
23830 8146
23832 8139
23866 8136
23868 8118
23870 8111
23894 8107
23896 8100
23902 8095
23903 8086
23905 8079
23929 8075
23931 8068
23960 8066
23968 8058
23987 8035
24013 8024
24037 8019
24055 8014
24061 8013
24063 8006
24069 8003
24070 7999
24071 7996
24072 7992
24090 7990
24096 7988
24097 7985
24098 7981
24113 7980
24116 7979
24119 7975
24127 7974
24132 7970
24139 7969
24142 7953
24144 7946
24154 7943
24174 7942
24179 7941
24180 7932
24200 7931
24202 7911
24204 7904
24228 7900
24230 7893
24241 7871
24243 7864
24267 7860
24269 7853
24309 7850
24311 7843
24328 7838
24330 7831
24354 7827
24356 7820
24369 7819
24371 7812
24376 7810
24395 7808
24397 7801
24402 7799
24407 7788
24408 7779
24410 7772
24434 7768
24436 7761
24477 7760
24479 7757
24492 7728
24518 7717
24551 7713
24560 7707
24574 7696
24576 7689
24600 7685
24602 7678
24611 7674
24618 7673
24635 7670
24637 7663
24644 7662
24658 7645
24659 7636
24684 7634
24685 7625
24718 7621
24736 7619
24745 7612
24746 7603
24759 7600
24768 7598
24772 7592
24774 7588
24778 7582
24785 7581
24794 7571
24796 7564
24807 7558
24822 7553
24833 7531
24835 7524
24859 7520
24861 7513
24901 7510
24903 7503
24927 7499
24929 7492
24960 7488
24961 7479
24963 7472
24968 7470
24974 7466
24989 7461
24994 7459
24999 7448
25000 7439
25002 7432
25026 7428
25028 7421
25069 7420
25071 7417
25084 7388
25110 7377
25143 7373
25152 7367
25166 7356
25168 7349
25192 7345
25194 7338
25203 7334
25210 7333
25223 7330
25229 7323
25236 7322
25250 7305
25251 7296
25276 7294
25277 7285
25310 7281
25328 7279
25342 7276
25344 7273
25354 7268
25366 7248
25370 7242
25377 7241
25392 7237
25396 7231
25403 7230
25417 7213
25443 7202
25452 7198
25459 7197
25474 7195
25478 7187
25485 7186
25509 7185
25518 7182
25519 7181
25520 7177
25527 7176
25530 7162
25533 7156
25554 7154
25556 7151
25559 7145
25577 7143
25591 7140
25598 7139
25603 7132
25612 7130
25614 7123
25618 7115
25619 7106
25626 7105
25644 7104
25645 7095
25652 7094
25685 7090
25686 7089
25687 7088
25690 7086
25696 7079
25697 7070
25722 7068
25723 7059
25741 7057
25745 7051
25758 7049
25767 7046
25771 7040
25784 7038
25785 7023
25792 7022
25811 7012
25818 7011
25827 7007
25842 7005
25853 6996
25863 6987
25889 6976
25898 6972
25908 6965
25922 6964
25924 6960
25934 6954
25945 6953
25950 6949
25971 6942
25978 6941
25979 6930
25993 6924
25994 6915
26019 6913
26020 6904
26054 6899
26061 6898
26062 6897
26064 6889
26065 6880
26090 6877
26091 6869
26116 6866
26126 6859
26147 6856
26152 6848
26160 6832
26186 6821
26213 6819
26224 6815
26231 6797
26257 6786
26284 6784
26288 6775
26297 6773
26299 6769
26314 6764
26320 6762
26325 6758
26346 6751
26359 6740
26367 6739
26368 6738
26370 6734
26380 6732
26385 6729
26391 6727
26396 6723
26406 6721
26417 6716
26429 6708
26438 6704
26451 6697
26463 6690
26465 6686
26489 6679
26491 6675
26500 6673
26520 6670
26526 6662
26534 6655
26536 6651
26546 6649
26560 6644
26562 6640
26572 6638
26591 6633
26593 6629
26602 6627
26603 6626
26617 6614
26643 6603
26662 6598
26664 6594
26672 6593
26673 6592
26683 6590
26685 6586
26690 6583
26696 6581
26706 6579
26711 6575
26716 6574
26722 6570
26723 6568
26732 6566
26734 6562
26743 6558
26745 6557
26753 6556
26754 6555
26756 6551
26768 6544
26782 6540
26787 6539
26794 6533
26803 6531
26805 6527
26815 6525
26820 6522
26824 6521
26826 6520
26831 6516
26839 6509
26849 6507
26851 6503
26865 6498
26875 6496
26877 6492
26886 6490
26896 6487
26906 6484
26908 6480
26912 6479
26920 6472
26922 6468
26946 6461
26948 6457
26967 6452
26975 6451
26977 6450
26979 6446
26988 6444
26989 6443
26993 6441
26999 6439
27005 6435
27011 6433
27015 6432
27021 6428
27026 6426
27028 6422
27037 6420
27046 6416
27048 6415
27050 6411
27058 6410
27059 6409
27074 6404
27076 6400
27082 6398
27090 6397
27092 6393
27097 6391
27099 6387
27108 6385
27118 6382
27120 6379
27125 6376
27129 6375
27131 6374
27141 6372
27146 6368
27154 6361
27173 6356
27180 6350
27189 6348
27191 6344
27206 6339
27211 6338
27212 6337
27217 6333
27225 6326
27251 6315
27275 6313
27277 6309
27282 6304
27292 6301
27294 6297
27306 6294
27308 6293
27314 6291
27318 6290
27320 6286
27331 6280
27348 6279
27350 6275
27353 6269
27361 6268
27363 6267
27379 6258
27385 6256
27395 6251
27402 6245
27412 6243
27414 6239
27423 6237
27428 6234
27432 6233
27434 6232
27440 6228
27446 6226
27460 6221
27469 6220
27470 6219
27471 6216
27472 6215
27476 6214
27478 6210
27483 6208
27485 6204
27494 6202
27504 6199
27509 6197
27511 6193
27517 6191
27538 6187
27541 6184
27543 6180
27552 6179
27560 6176
27563 6173
27578 6168
27580 6167
27584 6166
27589 6162
27597 6155
27609 6152
27615 6151
27618 6150
27621 6146
27623 6144
27638 6140
27641 6139
27650 6137
27653 6133
27664 6127
27674 6125
27676 6121
27685 6117
27687 6116
27690 6115
27692 6111
27701 6109
27710 6103
27717 6097
27736 6092
27743 6086
27749 6084
27767 6080
27768 6079
27773 6075
27774 6074
27775 6073
27781 6068
27788 6062
27806 6061
27807 6057
27814 6051
27820 6049
27840 6045
27846 6038
27855 6037
27857 6033
27866 6031
27876 6028
27881 6026
27883 6022
27889 6020
27908 6019
27912 6017
27913 6013
27915 6009
27921 6008
27924 6004
27940 6003
27941 5998
27947 5997
27953 5995
27954 5993
27956 5991
27967 5987
27975 5986
27979 5979
27988 5975
27990 5974
27995 5969
28002 5968
28016 5963
28026 5961
28027 5956
28047 5952
28050 5944
28064 5940
28071 5937
28073 5933
28094 5931
28096 5927
28097 5926
28099 5922
28117 5919
28119 5915
28135 5911
28136 5909
28140 5908
28143 5903
28153 5897
28160 5891
28175 5890
28179 5886
28186 5880
28192 5878
28209 5875
28218 5867
28243 5863
28252 5861
28256 5860
28257 5851
28276 5849
28277 5848
28278 5844
28280 5840
28293 5837
28305 5826
28325 5824
28326 5822
28331 5815
28350 5810
28360 5804
28362 5803
28367 5798
28376 5791
28399 5785
28402 5780
28422 5773
28438 5772
28442 5770
28443 5766
28445 5762
28464 5761
28468 5759
28469 5755
28471 5751
28492 5748
28500 5744
28507 5740
28509 5737
28512 5733
28532 5731
28535 5726
28546 5724
28552 5722
28555 5719
28567 5717
28569 5710
28578 5708
28583 5698
28604 5697
28612 5692
28620 5688
28629 5680
28645 5679
28649 5677
28650 5673
28652 5669
28665 5664
28688 5658
28691 5653
28711 5646
28716 5644
28731 5632
28748 5620
28774 5609
28801 5606
28819 5600
28824 5599
28841 5595
28844 5592
28845 5589
28858 5583
28864 5578
28872 5571
28881 5566
28901 5565
28907 5555
28918 5553
28934 5552
28938 5539
28955 5527
28998 5525
29001 5524
29005 5517
29015 5513
29020 5505
29037 5493
29063 5482
29088 5473
29131 5472
29133 5469
29134 5462
29153 5451
29170 5439
29192 5436
29196 5428
29218 5425
29222 5420
29227 5412
29244 5400
29278 5398
29288 5395
29298 5392
29302 5391
29304 5386
29315 5380
29330 5375
29346 5374
29351 5371
29360 5358
29377 5346
29398 5342
29421 5341
29424 5331
29442 5328
29448 5326
29459 5316
29481 5309
29494 5305
29497 5304
29507 5298
29511 5293
29527 5292
29531 5288
29541 5282
29557 5277
29567 5271
29577 5268
29588 5261
29605 5249
29640 5244
29645 5241
29655 5239
29663 5236
29665 5235
29669 5234
29670 5227
29687 5215
29710 5214
29713 5204
29731 5201
29738 5195
29748 5189
29788 5186
29792 5184
29796 5182
29802 5181
29803 5173
29819 5169
29820 5161
29842 5158
29846 5150
29864 5147
29870 5143
29872 5142
29877 5134
29894 5122
29928 5120
29940 5119
29952 5115
29954 5108
29975 5104
29980 5097
29993 5096
29998 5094
30001 5093
30003 5089
30010 5080
30027 5068
30049 5065
30072 5064
30078 5055
30092 5050
30109 5038
30131 5031
30144 5027
30147 5026
30157 5020
30161 5015
30182 5011
30186 5010
30191 5004
30211 5001
30217 4993
30231 4992
30242 4984
30264 4977
30272 4973
30280 4972
30290 4966
30295 4963
30307 4962
30313 4958
30319 4956
30321 4950
30338 4938
30367 4928
30381 4923
30398 4911
30441 4909
30444 4908
30446 4904
30453 4903
30454 4896
30471 4884
30500 4874
30510 4872
30514 4869
30520 4865
30531 4857
30561 4846
30588 4843
30591 4842
30605 4831
30626 4830
30634 4821
30643 4818
30648 4816
30651 4815
30653 4811
30665 4804
30694 4792
30716 4789
30724 4788
30735 4781
30739 4779
30753 4778
30757 4774
30767 4773
30768 4769
30776 4762
30784 4761
30787 4758
30798 4755
30799 4752
30811 4751
30814 4750
30817 4747
30824 4744
30828 4739
30843 4736
30849 4735
30853 4734
30858 4728
30868 4727
30878 4725
30884 4717
30898 4716
30902 4713
30909 4708
30921 4706
30931 4701
30937 4700
30945 4698
30947 4693
30954 4688
30962 4686
30964 4681
30983 4678
30988 4674
30993 4671
31005 4662
31014 4661
31024 4654
31034 4652
31048 4647
31065 4635
31087 4634
31095 4632
31097 4627
31116 4624
31121 4620
31126 4617
31136 4615
31138 4608
31147 4607
31157 4600
31167 4598
31181 4593
31187 4589
31198 4581
31229 4579
31231 4574
31250 4571
31255 4567
31258 4566
31260 4564
31269 4561
31272 4555
31281 4554
31291 4547
31301 4545
31315 4540
31318 4539
31320 4535
31332 4528
31363 4527
31365 4522
31379 4521
31384 4519
31385 4517
31389 4515
31391 4512
31400 4511
31402 4505
31406 4503
31415 4502
31424 4498
31425 4495
31435 4493
31448 4492
31449 4488
31450 4487
31451 4485
31454 4482
31466 4476
31484 4471
31504 4468
31510 4460
31528 4456
31535 4451
31552 4449
31557 4444
31563 4443
31569 4437
31578 4436
31580 4431
31588 4429
31598 4427
31609 4421
31614 4417
31623 4416
31629 4410
31631 4405
31640 4404
31655 4403
31660 4395
31674 4390
31691 4378
31713 4377
31715 4376
31721 4375
31731 4373
31742 4367
31747 4363
31756 4362
31762 4356
31764 4351
31773 4350
31788 4349
31793 4341
31807 4336
31824 4324
31848 4322
31865 4320
31876 4314
31881 4310
31884 4309
31893 4308
31896 4303
31898 4298
31907 4297
31922 4296
31927 4288
31941 4283
31944 4282
31958 4271
31982 4269
31999 4268
32000 4267
32009 4266
32010 4262
32015 4258
32017 4255
32026 4254
32030 4251
32032 4246
32041 4245
32056 4244
32060 4240
32061 4236
32074 4235
32075 4231
32077 4228
32092 4219
32116 4217
32134 4215
32137 4214
32144 4206
32151 4203
32160 4202
32173 4196
32178 4192
32187 4191
32194 4188
32195 4180
32204 4179
32211 4176
32224 4170
32238 4165
32255 4153
32277 4152
32279 4151
32301 4150
32306 4142
32311 4138
32320 4137
32328 4126
32337 4125
32352 4124
32357 4116
32371 4111
32388 4099
32412 4097
32431 4096
32440 4089
32445 4085
32448 4084
32457 4083
32462 4073
32471 4072
32486 4071
32491 4063
32505 4058
32508 4057
32522 4046
32546 4044
32564 4042
32573 4041
32574 4037
32579 4033
32581 4030
32590 4029
32596 4021
32605 4020
32620 4019
32624 4015
32625 4011
32639 4006
32641 4003
32656 3994
32680 3992
32698 3990
32707 3989
32715 3978
32724 3977
32739 3976
32741 3974
32744 3968
32754 3967
32758 3963
32775 3951
32797 3950
32799 3949
32801 3947
32814 3940
32836 3939
32838 3938
32856 3934
32860 3931
32865 3929
32870 3925
32879 3924
32887 3913
32896 3912
32911 3911
32916 3903
32930 3898
32947 3886
32971 3884
32999 3877
33004 3873
33013 3872
33021 3861
33030 3860
33045 3859
33050 3851
33064 3846
33081 3834
33105 3832
33141 3829
33149 3826
33158 3825
33160 3817
33166 3814
33175 3813
33190 3812
33191 3807
33195 3804
33201 3802
33209 3799
33222 3790
33226 3787
33250 3785
33272 3779
33281 3778
33291 3776
33296 3772
33301 3769
33313 3760
33322 3759
33332 3752
33342 3750
33356 3745
33367 3743
33373 3733
33397 3731
33406 3727
33415 3726
33417 3725
33435 3717
33449 3712
33466 3700
33490 3698
33514 3689
33518 3686
33534 3685
33542 3684
33547 3683
33551 3673
33575 3671
33580 3670
33590 3668
33594 3665
33600 3663
33607 3656
33611 3653
33631 3646
33655 3644
33659 3642
33671 3641
33679 3638
33690 3637
33692 3629
33696 3626
33707 3625
33720 3624
33727 3616
33741 3611
33752 3609
33758 3599
33782 3597
33802 3591
33812 3589
33826 3584
33837 3582
33843 3572
33867 3570
33872 3569
33876 3566
33885 3565
33886 3564
33892 3562
33899 3555
33903 3552
33919 3551
33923 3545
33936 3539
33960 3537
33984 3528
33988 3525
34009 3524
34012 3523
34017 3522
34021 3519
34030 3518
34031 3517
34037 3515
34041 3512
34044 3508
34060 3507
34064 3501
34068 3498
34077 3495
34081 3492
34101 3485
34125 3483
34129 3481
34150 3480
34151 3477
34160 3476
34162 3475
34168 3465
34177 3464
34192 3463
34197 3455
34209 3454
34211 3450
34222 3448
34228 3438
34252 3436
34290 3434
34292 3433
34296 3430
34305 3429
34309 3421
34313 3418
34322 3417
34333 3411
34342 3408
34352 3406
34356 3403
34362 3401
34369 3394
34373 3391
34393 3384
34417 3382
34448 3380
34454 3374
34463 3373
34474 3367
34478 3364
34479 3363
34497 3359
34501 3356
34507 3354
34514 3347
34534 3340
34538 3337
34558 3335
34582 3333
34598 3331
34606 3329
34607 3328
34613 3326
34619 3320
34620 3319
34624 3316
34642 3312
34644 3309
34662 3305
34666 3302
34679 3293
34699 3291
34723 3281
34747 3277
34765 3272
34779 3269
34785 3265
34789 3262
34807 3258
34827 3256
34833 3253
34841 3249
34851 3246
34864 3237
34888 3233
34892 3230
34912 3223
34924 3222
34930 3218
34944 3215
34968 3213
34974 3206
34982 3205
34986 3202
35001 3200
35006 3195
35014 3193
35033 3186
35038 3183
35053 3179
35057 3176
35077 3174
35085 3171
35089 3168
35109 3166
35115 3162
35127 3158
35142 3156
35143 3155
35147 3151
35151 3148
35171 3146
35179 3139
35198 3132
35218 3130
35223 3127
35230 3124
35242 3120
35265 3118
35274 3112
35284 3111
35289 3108
35292 3104
35308 3101
35326 3097
35336 3092
35358 3089
35364 3083
35383 3076
35402 3073
35415 3068
35430 3064
35443 3061
35449 3057
35463 3054
35474 3052
35477 3048
35493 3045
35511 3041
35520 3039
35525 3037
35533 3036
35537 3033
35543 3029
35557 3026
35565 3024
35577 3022
35584 3017
35589 3014
35604 3010
35608 3007
35628 3005
35634 3001
35658 2999
35661 2995
35666 2993
35678 2989
35693 2987
35694 2986
35698 2982
35702 2979
35722 2977
35728 2973
35730 2970
35749 2963
35769 2961
35774 2958
35793 2951
35816 2949
35826 2947
35830 2944
35835 2942
35840 2939
35843 2935
35859 2932
35877 2928
35887 2923
35911 2921
35912 2920
35915 2914
35934 2907
35953 2904
35971 2900
35981 2895
36000 2888
36020 2886
36025 2883
36028 2879
36044 2876
36062 2872
36071 2870
36081 2869
36092 2868
36094 2860
36114 2858
36128 2853
36138 2848
36156 2844
36165 2842
36166 2839
36185 2832
36209 2830
36212 2826
36222 2825
36233 2824
36242 2823
36248 2821
36257 2818
36262 2816
36266 2813
36277 2812
36279 2804
36303 2802
36306 2798
36313 2797
36322 2795
36340 2791
36357 2790
36361 2789
36370 2787
36371 2784
36390 2777
36407 2769
36416 2767
36434 2763
36442 2762
36444 2758
36463 2751
36484 2749
36505 2747
36514 2743
36518 2742
36526 2740
36528 2737
36540 2735
36544 2732
36555 2731
36556 2728
36557 2723
36575 2721
36591 2716
36602 2715
36612 2714
36626 2713
36633 2712
36635 2709
36642 2708
36647 2707
36648 2706
36652 2705
36656 2702
36669 2693
36685 2688
36696 2687
36703 2686
36712 2684
36720 2681
36730 2680
36742 2678
36760 2676
36763 2674
36771 2673
36773 2669
36789 2668
36792 2662
36797 2658
36806 2656
36824 2652
36832 2651
36834 2647
36853 2640
36877 2638
36886 2634
36904 2632
36916 2629
36920 2627
36930 2624
36934 2621
36947 2612
36971 2610
36981 2605
36998 2604
37005 2603
37014 2599
37025 2598
37032 2597
37038 2595
37044 2594
37049 2592
37059 2591
37069 2589
37075 2577
37099 2575
37110 2570
37126 2569
37132 2567
37152 2566
37153 2563
37161 2562
37163 2558
37182 2551
37206 2549
37210 2545
37230 2542
37245 2538
37259 2535
37260 2532
37276 2523
37300 2521
37310 2516
37324 2514
37346 2513
37348 2512
37359 2507
37367 2506
37373 2505
37391 2504
37394 2503
37395 2500
37404 2488
37428 2486
37439 2481
37459 2478
37481 2477
37483 2476
37494 2471
37509 2469
37526 2465
37537 2464
37539 2456
37563 2454
37574 2449
37587 2443
37611 2441
37622 2436
37638 2435
37644 2433
37656 2431
37665 2429
37673 2428
37675 2424
37700 2422
37711 2420
37717 2409
37741 2407
37752 2402
37768 2401
37772 2398
37788 2389
37812 2387
37823 2382
37836 2380
37852 2377
37871 2373
37885 2371
37887 2370
37901 2367
37902 2364
37916 2354
37940 2352
37951 2347
37966 2346
37973 2344
37993 2343
37997 2342
38001 2339
38008 2337
38021 2335
38037 2332
38046 2320
38070 2318
38081 2313
38101 2309
38125 2307
38136 2302
38151 2301
38160 2300
38168 2297
38179 2296
38181 2288
38205 2286
38216 2281
38229 2275
38253 2273
38264 2268
38280 2267
38286 2265
38306 2264
38307 2261
38315 2260
38317 2256
38342 2254
38353 2252
38364 2243
38388 2241
38399 2236
38413 2233
38414 2230
38430 2221
38454 2219
38465 2214
38478 2212
38502 2210
38513 2205
38527 2203
38548 2201
38549 2198
38558 2186
38582 2184
38593 2179
38615 2176
38635 2175
38639 2174
38648 2173
38650 2169
38663 2167
38687 2165
38690 2163
38693 2154
38717 2152
38728 2147
38743 2141
38767 2139
38778 2134
38802 2132
38820 2130
38833 2126
38857 2124
38858 2123
38868 2119
38875 2118
38878 2109
38902 2107
38913 2102
38937 2100
38955 2098
38959 2095
38983 2093
38994 2088
39007 2086
39018 2081
39042 2079
39053 2074
39077 2072
39087 2060
39111 2058
39122 2053
39144 2050
39164 2049
39168 2048
39177 2047
39179 2043
39192 2041
39216 2039
39219 2037
39222 2028
39246 2026
39257 2021
39272 2015
39296 2013
39307 2008
39331 2006
39349 2004
39362 2000
39386 1998
39387 1997
39397 1993
39404 1992
39407 1983
39431 1981
39442 1976
39466 1974
39484 1972
39508 1970
39521 1969
39535 1967
39539 1960
39547 1955
39571 1953
39582 1948
39606 1946
39624 1944
39635 1942
39652 1940
39670 1935
39679 1932
39681 1930
39705 1928
39723 1926
39724 1925
39741 1923
39744 1919
39759 1918
39768 1917
39775 1914
39779 1912
39795 1908
39810 1907
39819 1906
39827 1905
39830 1901
39854 1899
39872 1897
39876 1896
39882 1895
39884 1891
39908 1889
39917 1888
39919 1884
39935 1880
39959 1878
39970 1873
39994 1871
40012 1869
40016 1868
40018 1866
40042 1864
40060 1862
40067 1857
40069 1855
40093 1853
40111 1851
40135 1849
40165 1848
40176 1843
40183 1841
40207 1839
40222 1838
40224 1836
40242 1834
40250 1832
40273 1827
40275 1825
40296 1824
40299 1823
40301 1821
40325 1819
40331 1817
40336 1814
40347 1813
40360 1812
40371 1811
40378 1810
40380 1808
40382 1806
40406 1804
40415 1801
40430 1799
40433 1798
40435 1796
40459 1794
40477 1792
40479 1790
40481 1788
40505 1786
40512 1785
40514 1783
40538 1781
40556 1779
40580 1777
40588 1776
40595 1774
40619 1772
40621 1771
40628 1769
40639 1768
40641 1766
40665 1764
40683 1762
40685 1760
40687 1758
40711 1756
40718 1755
40720 1753
40744 1751
40762 1749
40786 1747
40799 1746
40801 1744
40825 1742
40832 1741
40834 1739
40858 1737
40873 1736
40876 1735
40897 1734
40898 1733
40915 1732
40917 1730
40919 1728
40943 1726
40950 1725
40952 1723
40976 1721
40994 1719
41000 1718
41018 1717
41024 1716
41054 1715
41068 1713
41074 1711
41081 1709
41097 1708
41105 1707
41107 1706
41114 1704
41125 1703
41127 1701
41151 1699
41171 1695
41173 1693
41197 1691
41204 1690
41206 1688
41230 1686
41265 1685
41281 1684
41285 1681
41287 1679
41311 1677
41318 1676
41320 1674
41344 1672
41359 1671
41383 1669
41395 1667
41403 1665
41405 1663
41428 1662
41429 1661
41436 1660
41438 1658
41462 1656
41497 1655
41503 1653
41527 1651
41540 1650
41542 1648
41566 1646
41581 1645
41584 1644
41587 1643
41606 1642
41611 1641
41617 1639
41627 1637
41651 1635
41658 1634
41660 1632
41684 1630
41702 1628
41705 1627
41726 1626
41729 1625
41735 1623
41759 1621
41777 1619
41783 1618
41801 1617
41807 1616
41815 1615
41822 1613
41833 1612
41835 1610
41859 1608
41879 1604
41881 1602
41905 1600
41912 1599
41914 1597
41938 1595
41956 1593
41980 1591
41987 1590
41989 1588
42013 1586
42026 1585
42028 1583
42052 1581
42067 1580
42070 1579
42091 1578
42094 1577
42101 1576
42103 1574
42113 1572
42137 1570
42144 1569
42146 1567
42170 1565
42188 1563
42212 1561
42219 1560
42221 1558
42245 1556
42280 1555
42293 1554
42295 1552
42319 1550
42334 1549
42337 1548
42358 1547
42361 1546
42368 1545
42370 1543
42380 1541
42404 1539
42411 1538
42413 1536
42437 1534
42455 1532
42479 1530
42486 1529
42488 1527
42512 1525
42555 1524
42563 1523
42587 1521
42627 1519
42637 1517
42661 1515
42668 1514
42670 1512
42694 1510
42712 1508
42736 1506
42743 1505
42745 1503
42769 1501
42793 1499
42817 1497
42843 1495
42858 1494
42861 1493
42882 1492
42885 1491
42892 1490
42894 1488
42904 1486
42928 1484
42935 1483
42937 1481
42961 1479
42979 1477
43003 1475
43010 1474
43012 1472
43036 1470
43079 1469
43087 1468
43111 1466
43166 1465
43168 1464
43178 1462
43199 1460
43209 1458
43211 1457
43233 1456
43235 1455
43242 1453
43266 1451
43284 1449
43286 1448
43308 1447
43310 1446
43317 1444
43341 1442
43384 1441
43392 1440
43416 1438
43496 1437
43503 1435
43527 1433
43547 1432
43571 1430
43589 1428
43591 1427
43613 1426
43615 1425
43622 1423
43646 1421
43689 1420
43697 1419
43721 1417
43801 1416
43808 1414
43832 1412
43875 1411
43878 1410
43896 1408
43920 1406
43963 1405
43971 1404
43995 1402
44064 1401
44119 1400
44121 1399
44128 1397
44152 1395
44221 1394
44245 1392
44288 1391
44296 1390
44320 1388
44439 1387
44572 1385
44615 1384
44623 1383
44647 1381
44766 1380
