50 1225
0 1 216 775
0 2 611 268
0 3 35 912
0 4 874 266
0 5 153 620
0 6 770 247
0 7 547 368
0 8 682 304
0 9 518 622
0 10 426 836
0 11 386 674
0 12 717 141
0 13 322 613
0 14 65 794
0 15 117 466
0 16 366 889
0 17 450 355
0 18 363 591
0 19 920 77
0 20 139 977
0 21 270 801
0 22 620 538
0 23 924 184
0 24 727 756
0 25 35 941
0 26 538 588
0 27 427 602
0 28 172 809
0 29 254 849
0 30 99 508
0 31 45 938
0 32 848 137
0 33 975 25
0 34 616 808
0 35 45 997
0 36 105 818
0 37 626 177
0 38 332 603
0 39 981 20
0 40 770 831
0 41 503 332
0 42 98 949
0 43 306 814
0 44 38 817
0 45 943 108
0 46 162 960
0 47 738 173
0 48 100 858
0 49 845 188
1 2 62 939
1 3 301 834
1 4 794 116
1 5 94 992
1 6 415 593
1 7 978 92
1 8 389 978
1 9 840 68
1 10 593 330
1 11 408 533
1 12 773 83
1 13 682 694
1 14 898 215
1 15 379 379
1 16 369 793
1 17 966 11
1 18 143 720
1 19 502 486
1 20 937 331
1 21 866 29
1 22 434 511
1 23 618 284
1 24 336 614
1 25 580 397
1 26 486 696
1 27 149 791
1 28 104 948
1 29 370 547
1 30 145 898
1 31 501 670
1 32 9 972
1 33 187 888
1 34 393 685
1 35 666 338
1 36 664 376
1 37 542 736
1 38 666 670
1 39 183 866
1 40 750 198
1 41 296 688
1 42 865 809
1 43 35 891
1 44 386 422
1 45 816 63
1 46 400 497
1 47 297 573
1 48 442 559
1 49 308 424
2 3 672 316
2 4 682 507
2 5 458 395
2 6 253 858
2 7 868 88
2 8 377 511
2 9 40 993
2 10 1000 1
2 11 73 564
2 12 215 746
2 13 801 276
2 14 359 498
2 15 761 56
2 16 476 155
2 17 533 682
2 18 967 123
2 19 973 75
2 20 661 240
2 21 832 259
2 22 358 958
2 23 705 52
2 24 523 333
2 25 440 520
2 26 302 422
2 27 754 224
2 28 102 670
2 29 997 6
2 30 948 183
2 31 770 173
2 32 978 82
2 33 72 937
2 34 565 515
2 35 913 197
2 36 846 227
2 37 432 902
2 38 4 779
2 39 529 358
2 40 289 923
2 41 919 18
2 42 997 96
2 43 827 91
2 44 636 292
2 45 354 566
2 46 920 59
2 47 351 343
2 48 311 844
2 49 336 748
3 4 203 914
3 5 498 695
3 6 986 531
3 7 399 704
3 8 160 867
3 9 772 87
3 10 268 883
3 11 502 463
3 12 982 321
3 13 896 142
3 14 855 17
3 15 519 420
3 16 123 838
3 17 696 301
3 18 731 406
3 19 404 573
3 20 931 689
3 21 796 283
3 22 656 148
3 23 945 46
3 24 819 297
3 25 514 554
3 26 90 986
3 27 669 351
3 28 946 245
3 29 695 593
3 30 838 297
3 31 591 357
3 32 617 373
3 33 770 177
3 34 232 587
3 35 275 989
3 36 447 387
3 37 797 449
3 38 504 685
3 39 62 876
3 40 518 640
3 41 233 410
3 42 547 482
3 43 43 893
3 44 329 366
3 45 901 175
3 46 407 656
3 47 361 377
3 48 931 136
3 49 702 390
4 5 36 937
4 6 980 72
4 7 104 658
4 8 707 179
4 9 879 124
4 10 377 380
4 11 228 391
4 12 91 898
4 13 754 402
4 14 730 223
4 15 803 123
4 16 439 612
4 17 585 336
4 18 229 831
4 19 983 14
4 20 927 4
4 21 335 862
4 22 749 328
4 23 537 184
4 24 411 638
4 25 774 277
4 26 572 727
4 27 632 630
4 28 28 939
4 29 808 246
4 30 634 288
4 31 48 939
4 32 941 50
4 33 3 994
4 34 188 821
4 35 616 419
4 36 334 548
4 37 249 845
4 38 302 988
4 39 967 244
4 40 611 646
4 41 684 96
4 42 383 361
4 43 318 841
4 44 989 132
4 45 802 784
4 46 577 191
4 47 241 918
4 48 649 472
4 49 152 918
5 6 46 954
5 7 378 251
5 8 172 920
5 9 733 324
5 10 345 583
5 11 578 473
5 12 165 734
5 13 782 241
5 14 155 955
5 15 569 183
5 16 201 509
5 17 635 480
5 18 153 893
5 19 860 126
5 20 467 364
5 21 501 288
5 22 659 369
5 23 658 290
5 24 148 854
5 25 261 946
5 26 117 697
5 27 76 947
5 28 240 636
5 29 440 679
5 30 911 151
5 31 970 52
5 32 611 453
5 33 643 506
5 34 636 713
5 35 841 203
5 36 215 377
5 37 727 39
5 38 659 86
5 39 740 416
5 40 324 896
5 41 3 998
5 42 861 371
5 43 839 182
5 44 588 430
5 45 343 725
5 46 437 259
5 47 665 593
5 48 883 447
5 49 506 242
6 7 466 211
6 8 299 703
6 9 70 869
6 10 842 224
6 11 712 430
6 12 694 472
6 13 272 760
6 14 955 25
6 15 95 756
6 16 753 333
6 17 786 380
6 18 307 367
6 19 841 236
6 20 376 673
6 21 877 501
6 22 554 423
6 23 199 789
6 24 826 148
6 25 561 745
6 26 394 541
6 27 416 688
6 28 652 648
6 29 197 631
6 30 228 911
6 31 262 573
6 32 612 356
6 33 418 759
6 34 491 190
6 35 298 858
6 36 169 900
6 37 372 702
6 38 107 798
6 39 222 597
6 40 456 619
6 41 859 201
6 42 2 919
6 43 421 395
6 44 780 181
6 45 964 222
6 46 879 77
6 47 978 93
6 48 214 622
6 49 928 87
7 8 455 573
7 9 80 834
7 10 802 482
7 11 935 4
7 12 25 1000
7 13 510 752
7 14 781 276
7 15 347 682
7 16 535 410
7 17 588 177
7 18 189 866
7 19 733 54
7 20 280 546
7 21 495 437
7 22 630 245
7 23 415 662
7 24 639 670
7 25 683 71
7 26 752 239
7 27 730 212
7 28 107 994
7 29 386 456
7 30 900 201
7 31 575 209
7 32 506 532
7 33 718 287
7 34 516 527
7 35 649 355
7 36 833 279
7 37 782 375
7 38 107 820
7 39 155 820
7 40 641 851
7 41 735 143
7 42 21 937
7 43 982 37
7 44 605 515
7 45 338 568
7 46 985 17
7 47 973 296
7 48 159 721
7 49 985 35
8 9 346 314
8 10 318 692
8 11 16 992
8 12 499 616
8 13 719 92
8 14 364 432
8 15 932 64
8 16 40 958
8 17 680 380
8 18 14 962
8 19 975 10
8 20 381 800
8 21 502 596
8 22 711 633
8 23 625 323
8 24 715 615
8 25 861 134
8 26 962 25
8 27 980 63
8 28 779 309
8 29 847 67
8 30 186 796
8 31 101 351
8 32 482 598
8 33 202 924
8 34 170 573
8 35 37 556
8 36 538 516
8 37 367 253
8 38 524 463
8 39 931 115
8 40 105 759
8 41 114 497
8 42 175 329
8 43 126 906
8 44 189 977
8 45 961 42
8 46 698 48
8 47 962 23
8 48 891 41
8 49 597 83
9 10 408 733
9 11 530 191
9 12 257 461
9 13 356 495
9 14 278 618
9 15 127 885
9 16 344 612
9 17 850 438
9 18 986 397
9 19 443 434
9 20 242 656
9 21 28 980
9 22 357 881
9 23 351 596
9 24 760 205
9 25 221 928
9 26 142 838
9 27 377 727
9 28 207 847
9 29 361 847
9 30 818 288
9 31 494 352
9 32 202 922
9 33 687 194
9 34 863 150
9 35 728 825
9 36 930 384
9 37 787 427
9 38 667 330
9 39 10 898
9 40 91 794
9 41 523 461
9 42 305 577
9 43 628 91
9 44 33 800
9 45 188 673
9 46 277 839
9 47 760 470
9 48 420 609
9 49 284 314
10 11 958 31
10 12 190 743
10 13 607 466
10 14 218 362
10 15 616 372
10 16 753 411
10 17 492 385
10 18 610 324
10 19 859 107
10 20 960 37
10 21 178 903
10 22 327 798
10 23 266 778
10 24 777 692
10 25 699 326
10 26 107 614
10 27 797 482
10 28 702 397
10 29 71 974
10 30 174 740
10 31 78 946
10 32 61 867
10 33 692 421
10 34 361 257
10 35 487 642
10 36 138 948
10 37 277 752
10 38 432 310
10 39 759 539
10 40 950 62
10 41 390 664
10 42 889 125
10 43 725 747
10 44 693 509
10 45 932 120
10 46 58 800
10 47 903 176
10 48 266 863
10 49 776 466
11 12 629 267
11 13 944 142
11 14 338 567
11 15 33 494
11 16 466 586
11 17 978 64
11 18 422 623
11 19 169 489
11 20 157 624
11 21 848 124
11 22 354 665
11 23 365 911
11 24 984 81
11 25 232 674
11 26 995 2
11 27 697 349
11 28 555 303
11 29 600 842
11 30 910 211
11 31 634 884
11 32 420 966
11 33 395 459
11 34 836 420
11 35 207 760
11 36 920 441
11 37 696 242
11 38 387 305
11 39 320 763
11 40 724 133
11 41 11 984
11 42 838 75
11 43 155 565
11 44 97 727
11 45 52 970
11 46 847 261
11 47 754 675
11 48 937 272
11 49 420 527
12 13 787 251
12 14 141 816
12 15 405 164
12 16 99 608
12 17 880 60
12 18 228 798
12 19 461 667
12 20 444 853
12 21 897 90
12 22 283 806
12 23 568 345
12 24 420 719
12 25 80 870
12 26 360 734
12 27 350 491
12 28 188 654
12 29 989 46
12 30 415 836
12 31 173 363
12 32 369 859
12 33 728 625
12 34 199 805
12 35 384 911
12 36 770 453
12 37 6 978
12 38 985 69
12 39 226 985
12 40 426 720
12 41 185 551
12 42 227 821
12 43 264 821
12 44 341 479
12 45 199 372
12 46 92 926
12 47 688 469
12 48 98 398
12 49 279 557
13 14 160 897
13 15 291 904
13 16 516 429
13 17 573 615
13 18 528 907
13 19 993 21
13 20 541 406
13 21 953 65
13 22 858 301
13 23 218 536
13 24 416 237
13 25 35 866
13 26 952 298
13 27 280 330
13 28 298 873
13 29 490 604
13 30 575 464
13 31 781 629
13 32 304 542
13 33 457 790
13 34 928 215
13 35 505 381
13 36 171 862
13 37 238 830
13 38 646 106
13 39 397 838
13 40 695 166
13 41 618 609
13 42 951 157
13 43 460 112
13 44 67 781
13 45 756 172
13 46 264 760
13 47 468 417
13 48 438 694
13 49 106 706
14 15 453 607
14 16 947 35
14 17 926 299
14 18 754 230
14 19 706 583
14 20 292 258
14 21 875 208
14 22 59 835
14 23 967 61
14 24 57 998
14 25 475 386
14 26 333 339
14 27 890 89
14 28 38 968
14 29 384 387
14 30 825 580
14 31 976 27
14 32 361 835
14 33 594 737
14 34 335 301
14 35 245 845
14 36 292 687
14 37 631 244
14 38 189 536
14 39 486 270
14 40 474 686
14 41 509 247
14 42 966 17
14 43 853 176
14 44 878 374
14 45 254 522
14 46 796 226
14 47 880 564
14 48 787 243
14 49 361 708
15 16 41 956
15 17 637 128
15 18 257 782
15 19 407 783
15 20 354 645
15 21 726 132
15 22 721 457
15 23 934 10
15 24 248 618
15 25 254 715
15 26 774 476
15 27 645 757
15 28 836 178
15 29 361 704
15 30 207 933
15 31 301 630
15 32 466 562
15 33 384 367
15 34 219 741
15 35 506 643
15 36 970 20
15 37 783 281
15 38 829 595
15 39 789 222
15 40 908 19
15 41 850 174
15 42 125 931
15 43 493 788
15 44 715 96
15 45 463 248
15 46 446 405
15 47 58 953
15 48 528 136
15 49 70 741
16 17 454 879
16 18 31 962
16 19 333 375
16 20 210 699
16 21 560 501
16 22 280 682
16 23 664 510
16 24 125 685
16 25 298 665
16 26 826 198
16 27 372 311
16 28 478 305
16 29 89 772
16 30 357 190
16 31 757 406
16 32 78 625
16 33 625 326
16 34 458 260
16 35 901 267
16 36 108 701
16 37 264 731
16 38 970 64
16 39 844 320
16 40 471 604
16 41 165 715
16 42 569 287
16 43 496 559
16 44 240 725
16 45 720 627
16 46 206 595
16 47 571 634
16 48 68 885
16 49 222 894
17 18 249 429
17 19 450 630
17 20 81 990
17 21 273 286
17 22 747 468
17 23 920 61
17 24 916 251
17 25 557 730
17 26 532 142
17 27 906 104
17 28 169 958
17 29 561 435
17 30 746 201
17 31 675 753
17 32 786 69
17 33 722 442
17 34 776 486
17 35 176 782
17 36 426 931
17 37 336 729
17 38 770 361
17 39 22 910
17 40 540 476
17 41 127 660
17 42 296 453
17 43 842 52
17 44 588 615
17 45 975 36
17 46 702 526
17 47 500 759
17 48 451 423
17 49 207 599
18 19 89 811
18 20 589 548
18 21 313 887
18 22 986 41
18 23 640 122
18 24 809 232
18 25 20 862
18 26 12 978
18 27 133 713
18 28 347 310
18 29 63 961
18 30 257 309
18 31 471 554
18 32 345 709
18 33 293 700
18 34 269 849
18 35 694 544
18 36 124 722
18 37 510 503
18 38 677 675
18 39 258 426
18 40 978 28
18 41 912 190
18 42 408 474
18 43 467 401
18 44 392 353
18 45 355 767
18 46 294 428
18 47 304 886
18 48 931 197
18 49 980 73
19 20 936 6
19 21 217 370
19 22 966 363
19 23 80 854
19 24 701 371
19 25 33 620
19 26 921 170
19 27 223 656
19 28 632 282
19 29 347 860
19 30 393 322
19 31 421 460
19 32 741 286
19 33 438 376
19 34 391 755
19 35 608 786
19 36 105 969
19 37 279 551
19 38 522 716
19 39 628 793
19 40 180 836
19 41 174 218
19 42 5 964
19 43 916 155
19 44 931 171
19 45 543 364
19 46 904 97
19 47 670 741
19 48 146 808
19 49 98 907
20 21 9 978
20 22 660 509
20 23 17 908
20 24 165 891
20 25 830 569
20 26 246 727
20 27 546 321
20 28 53 837
20 29 712 129
20 30 159 552
20 31 400 619
20 32 632 610
20 33 153 647
20 34 601 465
20 35 220 897
20 36 848 194
20 37 349 882
20 38 156 810
20 39 980 50
20 40 209 763
20 41 162 938
20 42 574 599
20 43 802 282
20 44 711 593
20 45 925 80
20 46 285 845
20 47 692 273
20 48 483 352
20 49 815 281
21 22 439 672
21 23 464 606
21 24 144 733
21 25 384 872
21 26 163 828
21 27 319 470
21 28 721 272
21 29 656 473
21 30 555 528
21 31 55 964
21 32 499 229
21 33 21 973
21 34 646 119
21 35 664 152
21 36 911 304
21 37 920 144
21 38 292 806
21 39 419 521
21 40 712 706
21 41 455 222
21 42 840 45
21 43 685 305
21 44 571 528
21 45 116 956
21 46 797 256
21 47 511 807
21 48 552 301
21 49 214 934
22 23 223 619
22 24 730 277
22 25 431 515
22 26 863 86
22 27 641 788
22 28 729 615
22 29 193 910
22 30 442 488
22 31 400 573
22 32 288 812
22 33 143 799
22 34 586 608
22 35 682 325
22 36 576 440
22 37 258 447
22 38 894 47
22 39 226 618
22 40 194 920
22 41 652 450
22 42 368 537
22 43 599 571
22 44 777 283
22 45 398 582
22 46 767 231
22 47 173 762
22 48 154 490
22 49 961 43
23 24 237 849
23 25 783 467
23 26 184 707
23 27 2 997
23 28 523 253
23 29 634 135
23 30 579 531
23 31 986 12
23 32 801 136
23 33 540 330
23 34 138 916
23 35 708 286
23 36 565 552
23 37 736 315
23 38 816 66
23 39 32 983
23 40 894 155
23 41 983 147
23 42 99 897
23 43 594 220
23 44 693 402
23 45 339 574
23 46 757 46
23 47 960 72
23 48 639 190
23 49 877 126
24 25 459 679
24 26 427 779
24 27 320 509
24 28 831 77
24 29 498 485
24 30 497 231
24 31 208 720
24 32 792 277
24 33 734 366
24 34 729 393
24 35 281 226
24 36 459 451
24 37 309 959
24 38 610 860
24 39 505 359
24 40 49 964
24 41 503 713
24 42 552 256
24 43 711 159
24 44 363 618
24 45 399 696
24 46 889 135
24 47 235 978
24 48 399 599
24 49 185 511
25 26 574 694
25 27 92 855
25 28 185 795
25 29 707 259
25 30 259 835
25 31 819 344
25 32 17 904
25 33 916 111
25 34 297 562
25 35 213 920
25 36 814 167
25 37 198 338
25 38 329 905
25 39 595 577
25 40 820 171
25 41 652 164
25 42 232 756
25 43 362 917
25 44 738 220
25 45 240 687
25 46 957 75
25 47 462 871
25 48 758 115
25 49 678 448
26 27 299 554
26 28 907 139
26 29 955 85
26 30 852 215
26 31 216 456
26 32 117 422
26 33 831 454
26 34 143 831
26 35 322 447
26 36 142 554
26 37 462 584
26 38 885 71
26 39 509 358
26 40 953 267
26 41 423 510
26 42 969 241
26 43 799 626
26 44 101 935
26 45 811 293
26 46 383 629
26 47 924 25
26 48 661 559
26 49 503 678
27 28 858 91
27 29 222 816
27 30 93 916
27 31 420 128
27 32 50 984
27 33 427 206
27 34 494 586
27 35 726 112
27 36 809 145
27 37 90 698
27 38 60 760
27 39 85 775
27 40 278 840
27 41 730 412
27 42 583 250
27 43 97 678
27 44 123 686
27 45 744 332
27 46 10 744
27 47 399 747
27 48 224 798
27 49 421 790
28 29 948 68
28 30 803 57
28 31 677 97
28 32 378 762
28 33 820 104
28 34 315 672
28 35 59 956
28 36 103 667
28 37 816 23
28 38 517 301
28 39 998 19
28 40 181 948
28 41 967 102
28 42 276 491
28 43 776 395
28 44 559 243
28 45 22 989
28 46 733 451
28 47 512 235
28 48 633 594
28 49 152 581
29 30 126 896
29 31 369 660
29 32 660 521
29 33 491 657
29 34 621 555
29 35 902 239
29 36 537 510
29 37 304 782
29 38 318 692
29 39 394 390
29 40 199 833
29 41 802 121
29 42 92 894
29 43 510 114
29 44 815 192
29 45 626 553
29 46 825 146
29 47 213 528
29 48 483 730
29 49 664 248
30 31 249 698
30 32 46 816
30 33 146 937
30 34 556 701
30 35 88 848
30 36 135 544
30 37 796 44
30 38 465 548
30 39 109 659
30 40 9 963
30 41 265 923
30 42 562 526
30 43 788 343
30 44 899 134
30 45 402 447
30 46 143 756
30 47 981 157
30 48 631 502
30 49 700 175
31 32 340 120
31 33 180 568
31 34 264 389
31 35 299 968
31 36 252 588
31 37 141 841
31 38 50 752
31 39 437 639
31 40 51 864
31 41 770 307
31 42 743 169
31 43 819 421
31 44 248 645
31 45 46 990
31 46 570 442
31 47 475 329
31 48 814 460
31 49 703 269
32 33 808 116
32 34 234 758
32 35 910 213
32 36 535 666
32 37 292 786
32 38 136 976
32 39 99 753
32 40 737 548
32 41 180 884
32 42 477 555
32 43 776 241
32 44 262 405
32 45 45 857
32 46 868 83
32 47 16 970
32 48 687 41
32 49 10 980
33 34 842 169
33 35 226 761
33 36 569 418
33 37 929 370
33 38 150 893
33 39 68 659
33 40 931 100
33 41 363 708
33 42 826 552
33 43 313 425
33 44 116 809
33 45 759 66
33 46 195 849
33 47 837 225
33 48 843 388
33 49 845 117
34 35 896 456
34 36 914 246
34 37 701 263
34 38 287 959
34 39 804 346
34 40 460 644
34 41 451 396
34 42 984 112
34 43 714 691
34 44 229 699
34 45 986 2
34 46 811 295
34 47 860 308
34 48 298 598
34 49 912 201
35 36 423 452
35 37 110 688
35 38 506 545
35 39 929 50
35 40 54 948
35 41 208 595
35 42 347 374
35 43 877 260
35 44 145 691
35 45 108 916
35 46 992 43
35 47 392 770
35 48 211 752
35 49 101 825
36 37 518 639
36 38 610 154
36 39 825 754
36 40 662 243
36 41 28 992
36 42 909 109
36 43 490 706
36 44 23 988
36 45 379 498
36 46 580 360
36 47 685 122
36 48 833 90
36 49 759 188
37 38 628 293
37 39 466 407
37 40 882 299
37 41 277 484
37 42 627 523
37 43 165 962
37 44 967 12
37 45 742 600
37 46 640 674
37 47 587 582
37 48 909 167
37 49 770 254
38 39 445 227
38 40 80 964
38 41 388 927
38 42 441 512
38 43 522 647
38 44 452 662
38 45 936 46
38 46 453 699
38 47 203 968
38 48 152 522
38 49 519 244
39 40 829 346
39 41 160 586
39 42 396 980
39 43 797 156
39 44 847 295
39 45 991 14
39 46 256 573
39 47 522 457
39 48 479 478
39 49 214 769
40 41 914 202
40 42 983 42
40 43 792 327
40 44 46 763
40 45 627 756
40 46 205 577
40 47 737 497
40 48 224 763
40 49 180 702
41 42 309 748
41 43 99 934
41 44 582 54
41 45 723 870
41 46 61 870
41 47 756 170
41 48 630 295
41 49 546 419
42 43 190 190
42 44 30 956
42 45 870 526
42 46 165 896
42 47 485 241
42 48 908 62
42 49 495 439
43 44 427 273
43 45 106 948
43 46 99 607
43 47 429 569
43 48 233 910
43 49 455 476
44 45 6 978
44 46 715 758
44 47 247 899
44 48 97 796
44 49 260 849
45 46 609 115
45 47 294 436
45 48 601 356
45 49 766 264
46 47 492 304
46 48 607 255
46 49 824 207
47 48 983 27
47 49 556 402
48 49 885 91
0
6715
1304 45011
1307 44675
1309 44639
1310 44551
1312 44489
1314 44453
1315 44365
1317 44309
1319 44273
1320 44185
1322 44149
1325 44100
1327 44064
1330 44045
1332 44009
1336 43971
1338 43935
1342 43916
1345 43867
1347 43822
1349 43786
1350 43698
1352 43662
1355 43613
1357 43577
1360 43558
1362 43522
1366 43484
1368 43448
1372 43429
1375 43380
1377 43344
1382 43329
1383 43269
1385 43233
1388 43184
1390 43148
1395 43133
1396 43129
1401 43093
1403 43085
1405 43049
1406 43008
1412 42999
1414 42989
1415 42926
1417 42890
1422 42875
1423 42871
1428 42866
1429 42862
1430 42827
1432 42791
1433 42750
1439 42741
1441 42731
1443 42701
1445 42677
1450 42662
1451 42658
1455 42646
1456 42638
1457 42607
1458 42602
1459 42561
1461 42537
1466 42525
1468 42489
1471 42488
1473 42470
1477 42469
1478 42461
1479 42420
1480 42413
1483 42390
1484 42349
1487 42348
1490 42340
1492 42330
1494 42300
1498 42293
1499 42281
1501 42257
1502 42249
1505 42231
1506 42224
1507 42207
1508 42200
1510 42160
1514 42159
1515 42152
1516 42151
1517 42150
1518 42109
1524 42069
1527 42068
1528 42060
1530 42019
1531 42012
1534 42011
1537 41986
1540 41970
1541 41963
1543 41961
1544 41920
1548 41919
1549 41912
1550 41880
1554 41870
1556 41830
1557 41823
1561 41822
1563 41814
1564 41779
1565 41772
1571 41732
1574 41730
1575 41723
1577 41682
1580 41681
1583 41656
1584 41640
1587 41633
1589 41631
1590 41590
1591 41583
1595 41582
1597 41543
1602 41534
1603 41493
1605 41492
1610 41483
1611 41442
1617 41416
1618 41409
1621 41393
1624 41369
1629 41354
1630 41319
1631 41303
1636 41294
1637 41253
1645 41234
1648 41219
1651 41197
1656 41180
1657 41170
1658 41129
1663 41120
1664 41079
1672 41060
1676 41040
1678 41023
1684 41021
1686 41004
1689 40977
1696 40943
1697 40916
1702 40907
1703 40866
1711 40847
1717 40824
1719 40820
1724 40811
1725 40770
1728 40764
1732 40737
1735 40729
1737 40728
1738 40687
1746 40668
1750 40648
1752 40631
1754 40624
1756 40611
1758 40607
1762 40605
1763 40573
1764 40557
1769 40523
1774 40516
1776 40515
1777 40474
1783 40467
1785 40455
1791 40432
1793 40411
1799 40378
1802 40360
1807 40351
1808 40310
1816 40291
1822 40268
1824 40264
1827 40261
1828 40232
1830 40214
1833 40208
1835 40207
1837 40181
1838 40165
1843 40131
1848 40124
1851 40112
1855 40092
1857 40075
1859 40068
1861 40055
1863 40051
1867 40019
1869 40001
1875 39995
1876 39968
1879 39960
1881 39959
1882 39918
1890 39899
1896 39876
1898 39855
1904 39822
1907 39816
1909 39815
1911 39814
1912 39803
1914 39781
1918 39766
1921 39765
1922 39762
1923 39753
1926 39742
1927 39726
1929 39713
1932 39705
1933 39676
1935 39663
1937 39659
1940 39651
1942 39650
1943 39609
1951 39590
1953 39568
1960 39561
1961 39549
1965 39540
1966 39513
1968 39507
1969 39505
1971 39504
1972 39463
1980 39444
1985 39422
1990 39421
1992 39415
1993 39403
1996 39402
1997 39361
2001 39359
2004 39326
2006 39313
2008 39309
2012 39307
2014 39259
2022 39240
2029 39224
2031 39211
2034 39203
2036 39179
2037 39163
2039 39157
2043 39113
2051 39094
2056 39081
2061 39077
2063 39065
2064 39062
2066 39057
2067 39056
2068 39011
2074 39008
2075 38967
2082 38960
2083 38948
2088 38935
2092 38927
2095 38919
2096 38910
2098 38897
2099 38892
2100 38865
2106 38843
2107 38829
2109 38826
2111 38822
2114 38814
2115 38810
2116 38802
2117 38772
2125 38753
2129 38747
2131 38741
2132 38719
2135 38697
2139 38683
2140 38676
2142 38670
2146 38626
2154 38607
2160 38595
2164 38581
2166 38569
2167 38560
2169 38547
2171 38524
2174 38515
2177 38493
2178 38480
2185 38473
2186 38461
2192 38458
2193 38454
2194 38445
2195 38440
2196 38435
2197 38419
2198 38412
2200 38397
2202 38391
2203 38369
2206 38347
2210 38342
2214 38328
2217 38327
2218 38323
2223 38310
2225 38308
2226 38299
2227 38294
2228 38267
2230 38266
2231 38245
2235 38232
2238 38201
2242 38196
2245 38194
2246 38182
2250 38177
2253 38175
2255 38161
2258 38159
2259 38156
2260 38130
2262 38126
2263 38099
2267 38085
2269 38082
2270 38063
2277 38028
2285 38009
2290 37996
2291 37992
2292 37983
2294 37980
2295 37961
2299 37948
2300 37932
2301 37925
2302 37917
2306 37882
2314 37863
2322 37859
2324 37846
2326 37823
2327 37815
2329 37814
2331 37780
2333 37779
2339 37761
2341 37744
2345 37729
2349 37725
2352 37718
2353 37710
2355 37696
2357 37690
2358 37668
2361 37646
2366 37642
2369 37627
2370 37598
2378 37579
2383 37566
2386 37544
2390 37531
2393 37500
2395 37496
2400 37493
2401 37481
2403 37477
2408 37474
2410 37460
2411 37459
2413 37458
2415 37429
2417 37425
2418 37398
2422 37394
2424 37381
2426 37377
2430 37359
2432 37327
2440 37308
2446 37291
2449 37279
2450 37277
2452 37271
2453 37261
2454 37258
2455 37231
2457 37225
2461 37181
2469 37162
2478 37159
2479 37155
2481 37141
2486 37079
2494 37060
2500 37028
2508 37009
2510 36995
2515 36991
2517 36986
2518 36976
2521 36942
2525 36926
2529 36923
2533 36907
2535 36893
2541 36860
2546 36840
2554 36821
2560 36789
2566 36758
2570 36756
2573 36737
2580 36707
2585 36687
2590 36674
2593 36668
2595 36654
2598 36635
2601 36621
2605 36605
2609 36602
2612 36584
2615 36572
2620 36565
2622 36551
2626 36519
2633 36498
2637 36482
2640 36468
2645 36463
2647 36449
2650 36435
2654 36419
2658 36396
2665 36366
2672 36345
2675 36333
2680 36326
2682 36312
2686 36296
2689 36282
2692 36278
2694 36277
2695 36264
2697 36243
2702 36240
2705 36224
2707 36210
2713 36203
2714 36180
2720 36162
2721 36159
2726 36155
2727 36141
2729 36140
2732 36137
2733 36129
2734 36117
2740 36099
2741 36087
2744 36078
2746 36057
2751 36054
2752 36039
2754 36038
2758 36033
2760 36020
2762 36017
2763 36013
2765 36003
2767 36000
2768 35999
2769 35976
2773 35964
2776 35955
2781 35945
2783 35931
2790 35901
2792 35898
2795 35890
2796 35883
2797 35880
2800 35879
2801 35853
2807 35847
2809 35834
2810 35833
2815 35817
2816 35814
2817 35813
2818 35809
2820 35799
2822 35778
2827 35772
2828 35760
2830 35759
2835 35731
2841 35712
2842 35710
2845 35697
2847 35694
2849 35693
2850 35686
2851 35683
2852 35676
2855 35675
2856 35661
2859 35647
2864 35631
2867 35608
2872 35605
2875 35589
2877 35574
2883 35568
2884 35545
2891 35524
2896 35508
2899 35505
2902 35502
2903 35493
2904 35482
2910 35464
2911 35452
2916 35422
2921 35419
2923 35415
2924 35403
2928 35398
2930 35386
2932 35382
2933 35378
2935 35368
2937 35365
2940 35352
2942 35341
2943 35329
2950 35322
2951 35310
2953 35296
2960 35266
2962 35263
2965 35255
2966 35252
2967 35245
2970 35244
2972 35229
2975 35226
2978 35223
2979 35200
2986 35179
2989 35178
2990 35177
2991 35174
2992 35143
2999 35137
3000 35124
3005 35118
3006 35107
3009 35099
3011 35077
3016 35074
3018 35062
3019 35058
3021 35055
3023 35053
3026 35043
3027 35037
3028 35033
3030 35023
3031 35022
3034 35021
3035 35018
3036 35014
3037 34996
3038 34984
3041 34976
3042 34973
3046 34965
3048 34951
3055 34921
3060 34910
3061 34907
3062 34900
3066 34898
3067 34895
3068 34891
3069 34888
3070 34881
3074 34870
3075 34864
3076 34863
3080 34855
3081 34839
3084 34833
3085 34832
3086 34829
3087 34798
3095 34779
3103 34778
3104 34754
3110 34751
3111 34750
3112 34735
3113 34717
3116 34710
3121 34698
3124 34691
3126 34677
3129 34676
3130 34672
3131 34669
3133 34666
3134 34658
3136 34631
3137 34628
3144 34612
3145 34609
3148 34602
3152 34596
3155 34589
3156 34583
3160 34577
3161 34553
3162 34550
3163 34547
3165 34543
3166 34540
3167 34536
3169 34534
3170 34519
3171 34518
3175 34510
3176 34507
3178 34500
3179 34499
3183 34491
3184 34488
3186 34482
3187 34471
3188 34462
3192 34459
3193 34455
3194 34443
3196 34438
3197 34435
3198 34432
3199 34431
3200 34430
3201 34429
3202 34424
3204 34410
3209 34398
3210 34386
3211 34380
3216 34369
3217 34366
3218 34359
3219 34352
3220 34349
3221 34348
3225 34347
3226 34340
3227 34333
3228 34330
3229 34329
3231 34323
3232 34322
3235 34317
3236 34305
3237 34295
3238 34292
3242 34288
3243 34257
3251 34238
3258 34231
3259 34228
3260 34213
3264 34211
3266 34207
3267 34204
3268 34194
3269 34176
3275 34172
3277 34157
3280 34156
3281 34153
3282 34136
3286 34131
3287 34128
3290 34117
3292 34090
3293 34087
3300 34071
3301 34068
3308 34055
3311 34050
3312 34044
3315 34043
3316 34036
3317 34033
3318 34009
3319 34006
3324 34005
3325 34002
3326 33978
3327 33977
3331 33969
3332 33966
3334 33959
3335 33958
3339 33950
3340 33947
3343 33930
3344 33921
3351 33911
3352 33897
3353 33896
3357 33888
3358 33885
3360 33878
3361 33877
3364 33876
3365 33857
3366 33856
3369 33849
3370 33840
3373 33838
3374 33837
3375 33811
3376 33808
3377 33807
3383 33792
3384 33789
3385 33788
3391 33776
3392 33775
3393 33754
3394 33751
3401 33730
3402 33727
3403 33726
3408 33723
3409 33711
3410 33698
3414 33690
3415 33687
3416 33686
3418 33679
3419 33673
3420 33670
3423 33668
3424 33667
3426 33651
3427 33648
3428 33641
3432 33633
3433 33630
3435 33617
3440 33609
3441 33606
3442 33605
3443 33598
3444 33594
3445 33591
3448 33590
3449 33577
3452 33570
3453 33567
3454 33560
3457 33558
3458 33552
3459 33531
3460 33528
3466 33527
3467 33512
3468 33509
3474 33496
3477 33474
3478 33471
3484 33450
3485 33447
3491 33446
3492 33431
3493 33428
3498 33410
3499 33407
3503 33393
3504 33390
3507 33388
3510 33369
3511 33366
3516 33353
3517 33350
3518 33338
3523 33329
3524 33326
3526 33319
3528 33314
3529 33311
3531 33310
3532 33307
3535 33290
3536 33281
3542 33272
3543 33269
3544 33257
3549 33248
3550 33245
3552 33238
3553 33237
3554 33233
3555 33230
3557 33217
3561 33209
3562 33200
3565 33198
3567 33171
3568 33168
3575 33152
3576 33149
3583 33136
3585 33114
3586 33111
3593 33090
3594 33087
3599 33086
3600 33083
3601 33071
3602 33068
3606 33050
3607 33047
3611 33033
3612 33030
3615 33028
3618 33011
3619 33008
3624 32993
3625 32990
3627 32989
3632 32969
3633 32966
3636 32954
3637 32951
3640 32950
3641 32947
3644 32930
3645 32927
3650 32912
3651 32909
3653 32908
3657 32890
3658 32887
3662 32873
3663 32870
3666 32868
3669 32866
3670 32854
3671 32851
3675 32833
3676 32830
3682 32827
3683 32809
3684 32806
3689 32805
3690 32802
3691 32790
3692 32787
3695 32785
3696 32780
3697 32777
3700 32776
3701 32752
3702 32749
3707 32748
3708 32745
3709 32733
3710 32730
3715 32724
3716 32721
3717 32716
3718 32713
3721 32708
3722 32699
3723 32696
3726 32694
3728 32684
3729 32675
3733 32667
3734 32664
3735 32659
3736 32656
3737 32651
3741 32648
3742 32645
3743 32635
3744 32632
3746 32631
3747 32627
3748 32624
3751 32616
3752 32613
3754 32603
3755 32594
3760 32565
3761 32562
3768 32546
3769 32543
3778 32508
3779 32505
3786 32484
3787 32481
3792 32480
3793 32477
3794 32465
3795 32462
3800 32461
3801 32458
3804 32427
3805 32424
3810 32423
3811 32405
3812 32402
3818 32399
3819 32386
3820 32383
3826 32380
3827 32377
3828 32372
3829 32348
3830 32345
3836 32342
3837 32324
3838 32321
3843 32320
3844 32317
3845 32305
3846 32302
3851 32301
3852 32298
3854 32291
3855 32267
3856 32264
3861 32263
3862 32260
3863 32248
3864 32245
3869 32239
3870 32236
3871 32231
3872 32228
3877 32220
3878 32217
3879 32212
3880 32209
3886 32206
3887 32182
3888 32179
3889 32174
3890 32171
3895 32163
3896 32160
3897 32150
3898 32147
3903 32146
3904 32143
3905 32131
3906 32128
3911 32127
3912 32124
3915 32093
3916 32090
3921 32089
3922 32086
3923 32074
3924 32071
3929 32065
3930 32062
3934 32049
3935 32046
3938 32043
3942 32025
3943 32022
3947 32008
3948 32005
3951 32003
3955 31989
3956 31986
3960 31968
3961 31965
3966 31964
3967 31946
3968 31943
3973 31941
3974 31940
3975 31927
3976 31924
3981 31922
3982 31916
3983 31913
3985 31889
3986 31886
3991 31884
3992 31883
3993 31865
3994 31862
3999 31860
4000 31858
4001 31846
4002 31843
4007 31841
4008 31835
4009 31832
4011 31808
4012 31805
4017 31803
4018 31801
4019 31789
4020 31786
4023 31784
4024 31781
4025 31780
4026 31777
4028 31775
4031 31765
4032 31762
4033 31761
4034 31758
4037 31740
4038 31737
4041 31727
4042 31724
4043 31723
4044 31720
4045 31716
4046 31713
4049 31703
4050 31700
4053 31697
4054 31694
4057 31684
4058 31681
4062 31680
4063 31659
4064 31656
4067 31646
4068 31643
4071 31640
4072 31637
4075 31627
4076 31624
4079 31623
4080 31620
4081 31618
4082 31615
4083 31610
4084 31607
4087 31604
4088 31601
4089 31599
4090 31596
4091 31591
4092 31588
4095 31574
4096 31571
4097 31566
4098 31563
4099 31561
4100 31558
4101 31553
4102 31550
4105 31542
4106 31539
4109 31529
4110 31526
4113 31523
4114 31520
4117 31510
4118 31507
4123 31485
4124 31482
4127 31472
4128 31469
4131 31466
4132 31463
4135 31453
4136 31450
4141 31444
4142 31441
4143 31438
4146 31428
4147 31425
4149 31422
4150 31417
4151 31414
4154 31404
4155 31400
4156 31397
4158 31395
4159 31387
4160 31384
4163 31381
4164 31376
4165 31373
4167 31368
4168 31360
4169 31357
4172 31347
4173 31344
4175 31338
4176 31335
4179 31325
4180 31322
4183 31319
4184 31316
4187 31306
4188 31303
4193 31281
4194 31278
4197 31268
4198 31265
4201 31257
4202 31254
4205 31244
4206 31241
4209 31238
4210 31235
4213 31225
4214 31222
4219 31200
4220 31197
4223 31187
4224 31184
4227 31181
4228 31178
4231 31168
4232 31165
4237 31159
4238 31156
4240 31154
4241 31153
4242 31150
4245 31140
4246 31137
4249 31119
4250 31116
4251 31115
4252 31112
4255 31102
4256 31099
4257 31095
4258 31092
4263 31083
4264 31080
4265 31076
4266 31073
4271 31072
4272 31069
4273 31062
4274 31059
4275 31038
4276 31035
4281 31034
4282 31031
4283 31019
4284 31016
4289 31010
4290 31007
4291 31002
4292 30999
4297 30991
4298 30988
4299 30983
4300 30980
4305 30977
4306 30974
4307 30953
4308 30950
4309 30945
4310 30942
4315 30934
4316 30931
4317 30921
4318 30918
4323 30917
4324 30914
4325 30902
4326 30899
4331 30898
4332 30893
4333 30890
4335 30864
4336 30861
4341 30860
4342 30857
4343 30845
4344 30842
4349 30836
4350 30833
4354 30820
4355 30817
4358 30812
4359 30809
4361 30801
4362 30796
4363 30793
4367 30779
4368 30776
4370 30774
4372 30768
4373 30765
4375 30760
4376 30755
4377 30752
4380 30739
4381 30736
4385 30733
4387 30717
4388 30714
4394 30711
4395 30698
4396 30695
4401 30692
4402 30687
4403 30684
4404 30683
4405 30660
4406 30657
4412 30654
4413 30636
4414 30633
4419 30632
4420 30629
4421 30617
4422 30614
4427 30613
4428 30606
4429 30603
4431 30579
4432 30576
4437 30575
4438 30572
4439 30560
4440 30557
4445 30551
4446 30548
4453 30532
4454 30529
4460 30521
4461 30518
4462 30513
4463 30494
4464 30491
4470 30489
4471 30475
4472 30472
4478 30470
4479 30467
4484 30466
4485 30463
4487 30461
4488 30432
4489 30429
4494 30428
4495 30425
4496 30413
4497 30410
4502 30404
4503 30401
4507 30388
4508 30385
4511 30375
4512 30372
4514 30369
4515 30364
4516 30361
4519 30351
4520 30347
4521 30344
4523 30342
4527 30332
4528 30328
4529 30325
4531 30323
4533 30307
4534 30304
4537 30294
4538 30291
4540 30285
4541 30282
4545 30275
4546 30272
4548 30266
4549 30263
4554 30260
4555 30257
4558 30228
4559 30225
4565 30222
4566 30204
4567 30201
4572 30200
4573 30197
4574 30185
4575 30182
4580 30181
4581 30178
4584 30147
4585 30144
4590 30143
4591 30140
4592 30128
4593 30125
4598 30119
4599 30116
4606 30100
4607 30097
4616 30062
4617 30059
4624 30043
4625 30040
4638 30033
4639 30030
4641 30029
4643 30026
4644 30023
4646 30000
4647 29997
4654 29981
4655 29978
4663 29968
4664 29943
4665 29940
4672 29919
4673 29916
4678 29915
4679 29912
4680 29900
4681 29897
4686 29896
4687 29893
4690 29862
4691 29859
4696 29858
4697 29855
4698 29843
4699 29840
4704 29834
4705 29831
4712 29815
4713 29812
4722 29777
4723 29774
4730 29758
4731 29755
4744 29748
4745 29745
4747 29742
4748 29739
4750 29738
4752 29729
4753 29726
4755 29723
4756 29720
4761 29702
4762 29699
4765 29682
4766 29679
4772 29676
4773 29663
4774 29660
4779 29657
4780 29654
4782 29645
4783 29642
4785 29641
4787 29638
4788 29635
4789 29623
4790 29620
4791 29601
4792 29598
4797 29597
4798 29594
4799 29582
4800 29579
4805 29578
4806 29575
4812 29573
4814 29560
4815 29557
4821 29538
4822 29535
4823 29516
4824 29513
4831 29497
4832 29494
4848 29483
4850 29480
4851 29477
4856 29464
4860 29463
4861 29460
4862 29441
4863 29438
4868 29435
4870 29417
4871 29397
4872 29394
4879 29378
4880 29375
4888 29360
4889 29357
4894 29356
4895 29353
4896 29351
4897 29316
4898 29313
4903 29312
4904 29309
4905 29297
4906 29294
4911 29293
4912 29290
4920 29275
4921 29272
4928 29266
4929 29231
4930 29228
4937 29212
4938 29209
4955 29208
4956 29195
4957 29192
4963 29180
4964 29177
4968 29156
4969 29153
4974 29150
4976 29137
4977 29134
4982 29131
4984 29128
4985 29125
4987 29121
4988 29118
4989 29099
4990 29096
4995 29095
4996 29077
4997 29074
5000 29073
5001 29070
5002 29066
5003 29063
5004 29058
5005 29055
5008 29054
5009 29051
5010 29047
5011 29044
5016 29043
5017 29040
5019 29036
5020 29033
5021 29014
5022 29011
5028 28992
5029 28989
5034 28981
5035 28978
5036 28973
5037 28970
5042 28962
5043 28959
5050 28958
5051 28955
5056 28949
5057 28946
5060 28939
5061 28936
5063 28934
5066 28933
5067 28917
5068 28914
5069 28895
5070 28892
5075 28889
5081 28887
5082 28873
5083 28870
5088 28860
5089 28857
5092 28856
5093 28853
5094 28849
5095 28814
5096 28811
5101 28810
5102 28807
5110 28805
5113 28804
5114 28801
5120 28775
5121 28772
5123 28770
5126 28764
5127 28729
5128 28726
5141 28723
5142 28720
5148 28692
5149 28689
5154 28688
5155 28685
5156 28673
5157 28670
5162 28669
5163 28666
5166 28654
5167 28651
5172 28648
5174 28645
5175 28642
5177 28640
5180 28607
5181 28604
5188 28588
5189 28585
5194 28575
5195 28572
5198 28571
5199 28568
5200 28564
5201 28561
5206 28560
5207 28557
5214 28551
5215 28548
5219 28531
5220 28528
5225 28525
5226 28490
5227 28487
5232 28479
5233 28476
5240 28475
5241 28472
5246 28466
5247 28453
5248 28450
5251 28449
5252 28446
5255 28434
5256 28431
5259 28430
5260 28427
5265 28415
5266 28412
5271 28404
5272 28390
5273 28387
5279 28368
5280 28365
5287 28349
5288 28346
5296 28345
5297 28342
5299 28325
5300 28322
5303 28321
5304 28318
5311 28315
5312 28312
5314 28309
5317 28308
5318 28292
5319 28289
5320 28271
5321 28268
5328 28260
5329 28257
5331 28240
5332 28237
5339 28236
5340 28233
5343 28232
5344 28229
5345 28227
5346 28190
5347 28187
5352 28186
5353 28183
5364 28176
5365 28173
5370 28165
5371 28151
5372 28148
5378 28105
5379 28102
5396 28101
5401 28095
5402 28092
5405 28091
5406 28086
5407 28083
5410 28076
5411 28073
5413 28070
5415 28067
5417 28030
5418 28027
5424 28025
5428 28016
5433 28010
5434 28007
5438 27992
5439 27989
5444 27988
5445 27951
5446 27948
5449 27947
5450 27944
5461 27942
5463 27937
5464 27934
5465 27927
5466 27924
5470 27907
5471 27904
5477 27866
5478 27863
5495 27862
5497 27842
5498 27839
5509 27832
5510 27829
5511 27811
5512 27808
5516 27791
5517 27788
5527 27777
5536 27767
5537 27753
5538 27750
5541 27749
5542 27746
5544 27745
5547 27721
5548 27718
5551 27717
5552 27714
5559 27706
5560 27703
5564 27688
5565 27685
5568 27684
5569 27668
5570 27665
5575 27663
5576 27660
5578 27657
5579 27636
5580 27633
5590 27630
5596 27603
5597 27600
5608 27593
5609 27590
5610 27572
5611 27569
5615 27552
5616 27549
5629 27547
5631 27545
5635 27528
5636 27525
5642 27509
5643 27506
5646 27505
5647 27502
5649 27497
5650 27494
5654 27477
5655 27474
5661 27472
5665 27463
5668 27462
5670 27457
5671 27454
5673 27452
5674 27424
5675 27421
5682 27398
5683 27395
5686 27394
5687 27391
5698 27389
5702 27374
5703 27371
5707 27354
5708 27351
5712 27342
5713 27339
5714 27313
5715 27310
5729 27309
5730 27306
5734 27289
5735 27286
5744 27279
5745 27276
5748 27258
5749 27255
5753 27238
5754 27235
5764 27224
5767 27223
5773 27214
5774 27200
5775 27197
5776 27194
5777 27191
5784 27168
5785 27165
5788 27164
5789 27161
5794 27158
5796 27153
5797 27150
5801 27135
5802 27132
5805 27131
5806 27115
5807 27112
5812 27110
5813 27107
5815 27104
5816 27083
5817 27080
5833 27050
5834 27047
5845 27040
5846 27037
5847 27019
5848 27016
5855 27008
5856 27005
5866 26994
5868 26992
5872 26975
5873 26972
5879 26956
5880 26953
5883 26952
5884 26949
5886 26944
5887 26941
5897 26930
5898 26923
5899 26920
5904 26912
5905 26909
5907 26906
5908 26903
5909 26900
5910 26897
5911 26871
5912 26868
5922 26867
5927 26862
5928 26859
5930 26856
5931 26847
5932 26844
5934 26841
5935 26838
5938 26837
5939 26821
5940 26818
5945 26816
5946 26813
5949 26789
5950 26786
5961 26782
5966 26756
5967 26753
5976 26751
5978 26746
5979 26743
5981 26726
5982 26723
5985 26722
5986 26719
5988 26714
5989 26711
5994 26708
5998 26693
5999 26690
6002 26689
6003 26673
6004 26670
6012 26662
6013 26641
6014 26638
6029 26632
6030 26608
6031 26605
6042 26598
6043 26595
6044 26577
6045 26574
6052 26566
6053 26563
6063 26552
6065 26550
6069 26533
6070 26530
6080 26519
6083 26502
6084 26499
6094 26488
6095 26481
6096 26478
6102 26477
6104 26464
6105 26461
6107 26457
6108 26454
6112 26448
6113 26445
6114 26432
6115 26429
6118 26428
6119 26425
6124 26420
6125 26417
6127 26414
6128 26411
6129 26408
6131 26399
6132 26396
6135 26395
6136 26379
6137 26376
6146 26347
6147 26344
6162 26338
6163 26314
6164 26311
6175 26304
6176 26301
6185 26272
6186 26269
6196 26258
6202 26239
6203 26236
6213 26225
6216 26222
6217 26219
6219 26216
6225 26215
6226 26190
6227 26187
6229 26184
6235 26183
6240 26163
6241 26160
6243 26157
6244 26154
6246 26151
6251 26149
6252 26146
6257 26126
6258 26123
6261 26117
6262 26114
6267 26112
6268 26109
6276 26101
6278 26084
6279 26081
6284 26079
6285 26076
6290 26074
6291 26071
6293 26068
6296 26055
6297 26052
6300 26042
6301 26039
6307 26037
6308 26030
6309 26027
6317 26009
6318 26006
6321 26003
6323 26000
6325 25997
6326 25994
6331 25977
6332 25974
6337 25973
6338 25970
6339 25966
6340 25963
6341 25960
6342 25957
6348 25944
6349 25928
6350 25925
6359 25896
6360 25893
6376 25863
6377 25860
6387 25859
6388 25856
6392 25844
6393 25841
6399 25839
6404 25826
6405 25823
6409 25807
6418 25806
6419 25803
6421 25801
6422 25798
6425 25793
6426 25774
6431 25768
6432 25765
6440 25763
6441 25736
6442 25733
6453 25712
6454 25709
6458 25703
6459 25700
6464 25698
6465 25695
6470 25679
6471 25676
6474 25666
6475 25663
6486 25660
6487 25657
6489 25654
6490 25651
6491 25633
6492 25630
6502 25629
6503 25623
6504 25620
6507 25614
6508 25611
6513 25609
6514 25606
6519 25596
6520 25590
6524 25577
6530 25576
6531 25573
6535 25552
6536 25549
6541 25544
6546 25539
6547 25536
6552 25519
6553 25516
6558 25514
6559 25511
6563 25501
6564 25498
6568 25482
6569 25479
6573 25469
6574 25466
6585 25449
6586 25446
6590 25436
6591 25433
6595 25425
6596 25422
6600 25408
6601 25405
6605 25393
6606 25390
6617 25375
6618 25372
6622 25360
6623 25357
6633 25356
6634 25353
6640 25347
6645 25336
6650 25319
6655 25304
6666 25303
6667 25285
6668 25282
6672 25271
6677 25265
6678 25262
6682 25248
6683 25245
6687 25233
6688 25230
6694 25224
6695 25221
6699 25209
6700 25206
6704 25200
6705 25197
6710 25195
6711 25191
6712 25188
6715 25178
6716 25175
6717 25173
6720 25163
6721 25160
6732 25145
6733 25142
6737 25130
6738 25127
6748 25126
6749 25120
6755 25118
6760 25106
6761 25102
6765 25089
6766 25087
6770 25074
6776 25064
6777 25061
6781 25049
6782 25046
6787 25041
6793 25031
6794 25028
6798 25016
6799 25013
6804 25011
6805 25008
6809 24994
6810 24991
6814 24979
6815 24976
6826 24961
6827 24958
6831 24946
6832 24943
6836 24937
6837 24934
6846 24905
6847 24902
6863 24872
6864 24869
6881 24857
6884 24855
6885 24852
6886 24848
6895 24847
6896 24816
6908 24797
6909 24794
6913 24783
6918 24777
6919 24774
6925 24764
6926 24761
6928 24745
6929 24742
6940 24721
6941 24718
6945 24712
6946 24709
6951 24707
6952 24704
6957 24688
6958 24685
6961 24675
6962 24672
6978 24642
6979 24639
6990 24632
6999 24625
7000 24622
7001 24618
7007 24599
7011 24586
7021 24582
7022 24561
7023 24558
7028 24553
7038 24549
7039 24528
7040 24525
7045 24523
7046 24520
7054 24512
7055 24491
7056 24488
7071 24479
7072 24458
7073 24455
7091 24452
7093 24441
7094 24438
7095 24434
7104 24423
7105 24402
7115 24398
7116 24395
7121 24390
7122 24369
7132 24365
7133 24362
7138 24360
7139 24357
7141 24349
7142 24346
7146 24340
7147 24337
7148 24328
7149 24325
7158 24316
7159 24313
7162 24303
7163 24300
7165 24295
7166 24292
7179 24270
7180 24267
7191 24260
7198 24239
7208 24227
7212 24214
7215 24206
7220 24201
7221 24198
7223 24189
7224 24186
7229 24181
7239 24177
7240 24156
7241 24153
7246 24151
7247 24148
7255 24140
7256 24119
7257 24116
7270 24112
7272 24107
7273 24086
7274 24083
7292 24080
7294 24069
7295 24066
7296 24062
7302 24060
7305 24051
7306 24030
7316 24026
7317 24023
7322 24018
7323 23997
7333 23993
7334 23990
7339 23988
7340 23985
7344 23976
7345 23973
7349 23956
7350 23953
7360 23939
7361 23936
7366 23923
7367 23920
7377 23906
7378 23903
7388 23899
7389 23896
7394 23894
7395 23891
7398 23889
7399 23867
7410 23850
7416 23834
7421 23829
7422 23826
7427 23817
7442 23812
7443 23809
7444 23805
7446 23797
7447 23794
7451 23788
7452 23785
7457 23783
7458 23780
7461 23777
7463 23764
7464 23761
7467 23751
7468 23748
7471 23740
7481 23736
7482 23733
7484 23718
7485 23715
7496 23708
7502 23691
7503 23688
7513 23675
7514 23666
7515 23663
7517 23662
7525 23649
7526 23646
7528 23637
7529 23634
7534 23629
7545 23604
7546 23601
7551 23599
7552 23596
7561 23567
7562 23564
7575 23560
7578 23534
7579 23531
7595 23528
7596 23525
7599 23517
7600 23514
7601 23510
7607 23508
7611 23478
7628 23445
7645 23439
7649 23428
7656 23422
7661 23418
7662 23405
7669 23396
7670 23393
7679 23372
7686 23363
7687 23360
7693 23347
7694 23344
7699 23342
7700 23339
7710 23334
7711 23331
7713 23323
7714 23320
7719 23307
7726 23277
7727 23274
7743 23271
7744 23268
7746 23267
7747 23260
7748 23257
7749 23253
7755 23251
7757 23242
7758 23239
7763 23234
7766 23231
7767 23228
7774 23209
7775 23206
7776 23188
7790 23172
7791 23169
7802 23167
7804 23165
7807 23139
7808 23136
7819 23134
7824 23132
7825 23129
7827 23115
7833 23109
7834 23100
7835 23097
7840 23083
7851 23067
7852 23064
7857 23050
7873 23047
7874 23043
7876 23041
7878 23033
7884 23011
7891 23010
7898 23001
7899 22998
7901 22978
7908 22977
7915 22968
7916 22965
7922 22952
7923 22949
7928 22947
7929 22944
7931 22941
7932 22938
7940 22936
7943 22935
7944 22932
7948 22912
7952 22905
7955 22882
7956 22879
7967 22877
7972 22875
7973 22872
7976 22865
7977 22862
7978 22858
7981 22852
7988 22848
7989 22845
7995 22836
7996 22833
7999 22810
8000 22807
8005 22793
8021 22790
8022 22786
8026 22776
8030 22775
8031 22772
8036 22767
8038 22759
8045 22747
8047 22742
8048 22739
8049 22721
8056 22720
8062 22714
8063 22705
8064 22702
8077 22698
8080 22672
8081 22669
8097 22668
8099 22666
8100 22648
8105 22646
8106 22642
8113 22616
8126 22615
8128 22613
8130 22583
8144 22580
8148 22577
8149 22574
8151 22566
8154 22560
8160 22546
8161 22543
8172 22541
8177 22539
8178 22536
8181 22510
8188 22508
8193 22494
8195 22485
8196 22482
8201 22480
8202 22477
8204 22474
8205 22471
8210 22457
8217 22453
8218 22450
8228 22415
8229 22412
8247 22409
8249 22398
8250 22395
8251 22391
8254 22385
8261 22381
8262 22378
8267 22364
8278 22326
8299 22309
8311 22292
8318 22280
8325 22276
8326 22273
8329 22253
8335 22247
8342 22243
8343 22240
8349 22235
8356 22230
8359 22224
8362 22219
8367 22217
8369 22207
8375 22187
8377 22182
8378 22179
8386 22174
8392 22154
8400 22149
8401 22146
8406 22144
8407 22141
8413 22137
8416 22116
8417 22113
8427 22093
8433 22079
8434 22076
8452 22073
8454 22062
8455 22059
8456 22055
8458 22053
8463 22051
8464 22048
8466 22027
8483 21990
8490 21986
8491 21983
8504 21973
8511 21969
8512 21966
8513 21962
8517 21954
8523 21948
8530 21944
8531 21941
8534 21917
8540 21897
8557 21891
8561 21880
8574 21875
8580 21855
8582 21846
8583 21843
8591 21824
8605 21822
8607 21820
8608 21818
8611 21806
8615 21794
8621 21780
8622 21777
8632 21757
8639 21753
8640 21750
8653 21740
8660 21736
8661 21733
8662 21729
8671 21691
8678 21687
8679 21684
8689 21664
8706 21658
8710 21647
8712 21644
8713 21641
8722 21618
8728 21598
8749 21581
8760 21576
8762 21555
8769 21551
8770 21547
8771 21544
8779 21525
8794 21524
8795 21521
8799 21507
8812 21504
8813 21482
8819 21462
8820 21458
8827 21454
8828 21451
8841 21441
8848 21435
8849 21434
8859 21423
8861 21411
8862 21408
8870 21389
8877 21365
8898 21348
8911 21322
8918 21318
8919 21315
8929 21303
8938 21296
8941 21294
8945 21284
8948 21277
8959 21276
8960 21274
8961 21271
8963 21257
8968 21229
8986 21225
8987 21222
8992 21212
8996 21211
8999 21208
9000 21205
9002 21191
9008 21190
9010 21185
9016 21183
9020 21167
9029 21160
9036 21136
9049 21119
9053 21118
9065 21097
9072 21094
9077 21089
9078 21086
9081 21075
9088 21071
9089 21068
9092 21065
9093 21055
9094 21051
9099 21048
9100 21046
9102 21044
9115 21034
9120 21028
9123 21025
9127 21000
9138 20982
9141 20979
9148 20975
9149 20972
9151 20958
9169 20956
9170 20955
9172 20939
9179 20935
9180 20931
9181 20928
9185 20915
9189 20909
9193 20908
9198 20886
9219 20869
9223 20866
9229 20846
9230 20842
9237 20838
9238 20835
9242 20822
9258 20819
9259 20817
9261 20815
9266 20805
9269 20798
9271 20795
9272 20792
9280 20773
9287 20749
9307 20746
9308 20732
9310 20729
9321 20706
9328 20702
9329 20699
9339 20687
9348 20680
9351 20678
9355 20668
9357 20657
9373 20641
9374 20639
9378 20613
9396 20609
9397 20606
9401 20593
9412 20575
9415 20572
9422 20568
9423 20565
9430 20551
9439 20544
9446 20520
9463 20502
9472 20479
9482 20478
9487 20473
9488 20470
9493 20462
9497 20459
9498 20458
9503 20439
9504 20435
9511 20431
9512 20428
9524 20417
9532 20412
9533 20410
9536 20408
9537 20384
9554 20366
9561 20342
9581 20339
9582 20325
9589 20322
9595 20299
9602 20295
9603 20292
9613 20280
9622 20273
9625 20271
9631 20250
9641 20249
9647 20237
9651 20234
9652 20206
9670 20202
9671 20199
9679 20193
9683 20188
9691 20185
9692 20167
9699 20163
9700 20160
9704 20144
9713 20137
9720 20113
9741 20096
9749 20074
9756 20071
9761 20066
9762 20063
9772 20051
9784 20042
9789 20029
9790 20028
9791 20025
9799 20018
9801 20012
9808 20009
9810 20005
9811 19977
9831 19974
9836 19968
9838 19964
9843 19963
9847 19935
9858 19928
9863 19915
9879 19911
9880 19893
9882 19889
9888 19881
9899 19873
9906 19849
9908 19845
9915 19842
9929 19840
9934 19827
9936 19825
9940 19819
9944 19803
9948 19800
9949 19792
9958 19789
9960 19783
9967 19780
9973 19776
9974 19756
9985 19749
9994 19747
9995 19739
9998 19738
10001 19730
10006 19706
10020 19704
10026 19703
10027 19702
10029 19701
10031 19697
10032 19695
10033 19693
10037 19687
10038 19685
10039 19664
10046 19660
10047 19652
10058 19644
10065 19620
10077 19618
10083 19610
10094 19609
10095 19606
10096 19604
10098 19598
10099 19590
10101 19578
10103 19574
10112 19571
10116 19568
10118 19564
10128 19560
10129 19556
10133 19554
10135 19548
10142 19524
10144 19520
10153 19518
10155 19512
10162 19509
10169 19485
10177 19479
10180 19478
10185 19467
10196 19458
10203 19435
10212 19432
10222 19431
10224 19430
10225 19428
10226 19423
10227 19419
10232 19416
10233 19414
10234 19393
10241 19389
10242 19381
10256 19379
10260 19349
10275 19339
10282 19335
10291 19333
10293 19327
10294 19319
10301 19295
10313 19293
10323 19289
10328 19283
10334 19273
10337 19253
10339 19249
10350 19247
10360 19246
10362 19245
10363 19243
10364 19238
10365 19231
10371 19229
10372 19208
10380 19196
10391 19187
10398 19164
10407 19161
10413 19154
10421 19152
10429 19129
10439 19110
10451 19108
10462 19098
10463 19094
10470 19068
10477 19064
10496 19024
10519 19020
10529 19002
10536 18999
10541 18988
10545 18976
10559 18967
10567 18944
10576 18941
10577 18932
10598 18924
10600 18913
10601 18909
10608 18883
10629 18882
10631 18871
10634 18839
10655 18838
10657 18827
10665 18804
10688 18800
10698 18782
10706 18779
10714 18756
10728 18747
10736 18746
10737 18744
10738 18735
10744 18733
10746 18712
10757 18711
10766 18708
10767 18697
10769 18686
10777 18663
10793 18653
10795 18642
10803 18619
10824 18618
10826 18607
10843 18603
10845 18586
10855 18571
10872 18569
10875 18559
10888 18549
10894 18538
10904 18523
10907 18515
10918 18514
10926 18494
10936 18477
10938 18466
10954 18456
10957 18445
10962 18433
10964 18422
10983 18401
10993 18386
11014 18385
11016 18374
11033 18370
11035 18353
11049 18352
11052 18351
11055 18341
11062 18336
11065 18326
11084 18305
11087 18297
11095 18293
11097 18280
11116 18259
11118 18248
11123 18236
11128 18233
11142 18215
11144 18204
11152 18200
11154 18189
11173 18168
11194 18167
11196 18156
11213 18154
11219 18152
11221 18150
11223 18139
11229 18134
11236 18131
11240 18129
11242 18118
11245 18108
11256 18096
11275 18075
11277 18062
11287 18047
11303 18018
11308 18015
11313 18003
11332 17982
11334 17971
11355 17970
11360 17969
11372 17968
11377 17965
11380 17964
11382 17953
11388 17948
11395 17945
11399 17943
11400 17936
11401 17932
11403 17921
11424 17920
11429 17919
11431 17913
11432 17909
11435 17907
11436 17878
11457 17869
11461 17863
11462 17862
11463 17852
11467 17829
11488 17822
11492 17816
11493 17785
11519 17783
11521 17772
11542 17771
11559 17750
11560 17746
11562 17735
11587 17727
11590 17722
11596 17710
11606 17695
11621 17680
11622 17666
11627 17663
11632 17651
11642 17648
11647 17636
11651 17630
11652 17629
11653 17619
11666 17615
11668 17604
11680 17586
11719 17584
11720 17580
11721 17579
11722 17569
11728 17568
11735 17565
11737 17554
11746 17541
11749 17536
11755 17526
11770 17511
11781 17510
11783 17501
11786 17477
11801 17462
11812 17433
11827 17418
11853 17416
11855 17405
11876 17404
11878 17398
11879 17394
11881 17383
11894 17379
11896 17368
11916 17359
11924 17355
11926 17344
11930 17343
11933 17342
11940 17328
11942 17315
11947 17312
11952 17300
11956 17299
11961 17296
11966 17284
11971 17277
11973 17268
11985 17263
11986 17262
11987 17252
11999 17234
12014 17219
12042 17218
12047 17216
12054 17213
12055 17212
12056 17202
12062 17201
12065 17189
12068 17184
12075 17175
12083 17169
12089 17159
12105 17138
12106 17126
12120 17110
12132 17082
12146 17066
12172 17064
12173 17063
12174 17053
12195 17052
12198 17042
12201 17032
12212 17031
12213 17027
12215 17016
12230 17009
12243 17003
12249 17002
12250 16992
12252 16990
12259 16989
12260 16977
12262 16976
12265 16970
12276 16948
12281 16945
12286 16933
12291 16926
12305 16910
12307 16901
12319 16883
12333 16867
12367 16865
12374 16860
12376 16851
12381 16849
12385 16838
12388 16833
12399 16831
12400 16828
12402 16817
12409 16808
12425 16787
12439 16771
12440 16759
12463 16749
12466 16715
12492 16711
12494 16702
12515 16701
12517 16690
12528 16688
12532 16680
12535 16665
12549 16657
12563 16652
12568 16650
12572 16639
12579 16638
12584 16631
12596 16609
12599 16603
12614 16600
12619 16597
12623 16594
12624 16582
12625 16559
12645 16553
12650 16538
12653 16516
12694 16509
12701 16498
12710 16492
12717 16484
12719 16481
12722 16466
12733 16464
12736 16458
12755 16453
12759 16420
12778 16411
12786 16404
12797 16382
12804 16367
12812 16360
12832 16354
12837 16339
12848 16337
12866 16332
12869 16306
12888 16299
12897 16293
12904 16285
12918 16264
12934 16261
12937 16255
12943 16243
12954 16241
12955 16231
12958 16227
12963 16211
12981 16205
12984 16183
12991 16168
13028 16150
13047 16143
13053 16129
13056 16107
13090 16087
13097 16072
13124 16056
13135 16034
13150 16012
13162 16011
13168 16006
13175 15991
13200 15973
13207 15958
13215 15951
13235 15945
13240 15930
13251 15928
13256 15916
13274 15910
13276 15908
13281 15895
13291 15890
13296 15879
13307 15876
13319 15857
13321 15855
13322 15835
13346 15834
13357 15832
13358 15822
13361 15818
13366 15802
13384 15796
13385 15795
13387 15774
13394 15759
13428 15739
13450 15734
13456 15724
13463 15709
13474 15707
13480 15702
13491 15699
13493 15678
13500 15663
13506 15658
13527 15647
13538 15625
13553 15603
13571 15597
13578 15582
13607 15575
13612 15562
13621 15560
13622 15553
13629 15542
13645 15528
13659 15507
13677 15501
13684 15486
13699 15470
13722 15448
13725 15426
13766 15418
13773 15408
13780 15404
13788 15386
13794 15376
13804 15372
13813 15365
13828 15364
13829 15351
13831 15330
13859 15324
13872 15322
13880 15311
13883 15293
13897 15282
13900 15280
13909 15249
13950 15239
13952 15227
13960 15209
13976 15195
14003 15186
14015 15153
14043 15147
14045 15145
14056 15143
14058 15131
14077 15117
14081 15105
14082 15099
14110 15093
14118 15076
14132 15065
14134 15062
14144 15032
14160 15018
14187 15009
14203 14996
14211 14978
14229 14968
14240 14966
14254 14955
14266 14922
14294 14916
14309 14900
14316 14888
14328 14886
14332 14874
14335 14872
14359 14866
14369 14845
14383 14834
14395 14801
14433 14798
14434 14790
14438 14778
14464 14751
14498 14739
14507 14728
14513 14726
14523 14713
14527 14711
14529 14699
14556 14693
14562 14677
14563 14669
14567 14657
14598 14649
14606 14646
14610 14635
14629 14623
14632 14619
14636 14607
14645 14603
14654 14602
14656 14590
14663 14588
14667 14582
14679 14574
14684 14567
14701 14555
14714 14553
14722 14552
14725 14540
14730 14534
14734 14533
14735 14525
14748 14524
14750 14519
14753 14517
14756 14511
14770 14505
14774 14482
14785 14478
14804 14475
14813 14446
14835 14444
14839 14438
14843 14432
14851 14430
14854 14428
14856 14423
14877 14420
14882 14396
14885 14390
14908 14380
14914 14357
14942 14350
14946 14338
14957 14334
14977 14330
14981 14314
14983 14307
14985 14302
15011 14300
15015 14288
15026 14284
15028 14280
15035 14271
15042 14269
15046 14263
15048 14255
15054 14252
15057 14246
15074 14235
15081 14233
15082 14225
15086 14213
15114 14206
15117 14205
15119 14200
15126 14196
15129 14191
15143 14185
15146 14179
15151 14175
15153 14170
15155 14163
15164 14159
15173 14158
15174 14156
15175 14146
15186 14138
15192 14127
15203 14123
15218 14119
15220 14111
15233 14109
15235 14104
15242 14103
15244 14096
15253 14089
15254 14081
15261 14077
15264 14071
15287 14068
15289 14061
15293 14038
15303 14035
15323 14031
15326 14025
15332 14002
15358 13994
15362 13988
15364 13983
15375 13979
15395 13975
15398 13969
15401 13952
15425 13948
15427 13936
15433 13933
15436 13927
15453 13916
15460 13914
15461 13906
15465 13894
15475 13891
15496 13886
15498 13881
15500 13870
15504 13858
15530 13856
15532 13851
15534 13844
15544 13841
15547 13836
15554 13827
15564 13824
15565 13819
15573 13808
15582 13804
15591 13803
15593 13791
15604 13783
15623 13777
15632 13770
15633 13762
15638 13756
15651 13754
15660 13753
15662 13741
15672 13726
15682 13716
15702 13712
15707 13706
15711 13683
15737 13675
15747 13672
15751 13666
15754 13660
15761 13659
15772 13651
15776 13639
15780 13633
15804 13632
15806 13624
15814 13621
15816 13614
15823 13610
15826 13608
15836 13605
15841 13601
15843 13593
15845 13581
15854 13572
15879 13551
15883 13539
15910 13537
15914 13531
15922 13528
15923 13522
15926 13517
15943 13505
15948 13501
15952 13489
15970 13484
15972 13472
15983 13464
16011 13461
16012 13455
16013 13449
16017 13437
16039 13434
16041 13422
16051 13407
16077 13403
16082 13399
16086 13387
16094 13385
16104 13382
16106 13370
16117 13362
16120 13357
16126 13353
16138 13352
16140 13340
16151 13332
16155 13320
16183 13318
16185 13305
16195 13303
16198 13298
16209 13290
16215 13286
16220 13282
16224 13270
16244 13253
16260 13251
16272 13250
16274 13238
16278 13236
16285 13230
16289 13218
16310 13208
16313 13203
16323 13188
16349 13184
16354 13180
16358 13168
16366 13166
16378 13151
16392 13138
16412 13121
16428 13119
16444 13106
16446 13104
16447 13101
16455 13099
16457 13086
16481 13071
16496 13058
16513 13056
16517 13052
16526 13036
16545 13035
16546 13019
16567 13013
16572 13011
16574 13002
16585 12991
16601 12989
16604 12987
16614 12982
16615 12969
16630 12956
16648 12955
16651 12954
16656 12946
16663 12935
16679 12933
16685 12924
16690 12922
16693 12920
16701 12911
16705 12905
16707 12903
16708 12900
16719 12889
16737 12888
16742 12870
16752 12868
16761 12864
16769 12861
16773 12858
16779 12855
16784 12853
16786 12838
16797 12833
16813 12825
16818 12823
16819 12822
16828 12821
16830 12814
16831 12803
16841 12801
16850 12797
16857 12793
16862 12791
16863 12788
16875 12771
16876 12768
16895 12762
16902 12758
16907 12756
16919 12747
16920 12736
16934 12734
16946 12726
16947 12723
16952 12721
16961 12717
16964 12712
16965 12701
16984 12695
16991 12691
16996 12689
17009 12669
17023 12667
17036 12656
17050 12650
17053 12645
17059 12641
17068 12632
17080 12624
17094 12622
17095 12615
17104 12606
17114 12604
17124 12600
17128 12594
17136 12591
17139 12587
17143 12581
17148 12574
17149 12571
17157 12565
17170 12564
17172 12562
17173 12559
17180 12546
17193 12539
17207 12529
17217 12527
17220 12526
17224 12514
17238 12504
17251 12497
17262 12492
17269 12479
17282 12472
17295 12469
17296 12462
17306 12460
17309 12459
17313 12447
17314 12444
17339 12442
17340 12430
17341 12427
17358 12412
17374 12410
17384 12402
17385 12395
17399 12393
17403 12377
17428 12375
17429 12367
17430 12360
17447 12345
17473 12340
17474 12328
17488 12326
17498 12325
17501 12322
17504 12321
17505 12320
17514 12319
17517 12308
17518 12300
17533 12291
17543 12290
17548 12289
17549 12286
17556 12285
17561 12284
17566 12281
17567 12274
17569 12265
17579 12263
17587 12258
17593 12254
17600 12253
17601 12250
17607 12247
17608 12240
17613 12233
17614 12230
17622 12224
17638 12219
17645 12205
17658 12198
17674 12196
17676 12193
17682 12187
17688 12185
17689 12173
17703 12163
17721 12158
17730 12157
17732 12153
17734 12138
17747 12131
17765 12126
17766 12123
17777 12118
17778 12106
17779 12103
17806 12097
17810 12091
17821 12086
17822 12083
17823 12071
17839 12069
17850 12065
17855 12056
17866 12051
17868 12036
17895 12030
17899 12024
17911 12016
17912 12004
17939 11998
17955 11984
17961 11982
17982 11978
17985 11975
17992 11970
17995 11969
17998 11968
17999 11965
18005 11950
18008 11949
18029 11943
18039 11937
18043 11933
18051 11929
18052 11917
18078 11915
18079 11911
18083 11910
18088 11898
18095 11897
18096 11890
18106 11888
18112 11885
18122 11883
18123 11880
18131 11878
18132 11866
18145 11863
18150 11856
18167 11848
18175 11846
18181 11844
18185 11843
18189 11836
18191 11831
18198 11823
18205 11821
18212 11813
18225 11812
18228 11809
18235 11808
18236 11796
18242 11791
18249 11789
18256 11781
18272 11777
18279 11776
18280 11764
18281 11761
18305 11759
18308 11755
18312 11749
18317 11742
18324 11741
18325 11729
18341 11727
18352 11723
18357 11714
18361 11710
18368 11709
18370 11694
18397 11688
18401 11682
18413 11674
18414 11662
18441 11656
18457 11642
18463 11640
18484 11636
18487 11633
18494 11628
18497 11627
18500 11626
18501 11623
18507 11608
18510 11607
18531 11601
18541 11595
18545 11591
18553 11587
18554 11575
18580 11573
18581 11569
18585 11568
18590 11556
18597 11555
18598 11548
18608 11546
18614 11543
18624 11541
18625 11538
18633 11536
18634 11524
18647 11521
18652 11514
18669 11506
18677 11504
18683 11502
18687 11501
18691 11494
18694 11493
18700 11481
18714 11471
18727 11470
18730 11467
18737 11466
18738 11461
18744 11449
18758 11439
18774 11435
18781 11434
18785 11433
18787 11429
18792 11427
18801 11419
18807 11417
18810 11416
18817 11415
18818 11410
18819 11400
18826 11399
18837 11395
18846 11394
18850 11388
18851 11385
18854 11384
18862 11380
18863 11368
18870 11367
18890 11362
18897 11361
18898 11352
18899 11349
18906 11348
18912 11346
18919 11345
18920 11343
18928 11335
18934 11333
18941 11332
18942 11325
18943 11317
18956 11314
18963 11313
18964 11311
18978 11301
18986 11297
18992 11295
18996 11291
19003 11286
19010 11280
19027 11279
19031 11278
19034 11274
19035 11271
19036 11263
19044 11258
19047 11254
19054 11253
19057 11252
19063 11249
19070 11248
19071 11247
19074 11244
19081 11243
19082 11238
19083 11235
19088 11226
19101 11220
19108 11219
19118 11212
19125 11211
19127 11203
19137 11201
19140 11200
19143 11198
19148 11197
19150 11193
19154 11192
19156 11186
19163 11177
19170 11176
19181 11169
19194 11165
19198 11161
19200 11154
19207 11145
19214 11144
19229 11136
19243 11126
19250 11125
19256 11123
19263 11122
19264 11120
19272 11112
19273 11104
19287 11094
19300 11091
19307 11090
19308 11088
19316 11084
19322 11082
19326 11078
19330 11074
19336 11072
19346 11071
19347 11063
19353 11060
19354 11057
19365 11055
19366 11050
19376 11048
19377 11046
19380 11040
19390 11038
19391 11031
19398 11030
19401 11029
19407 11026
19413 11022
19420 11016
19427 11012
19434 11006
19445 10997
19452 10996
19457 10990
19467 10988
19471 10980
19481 10978
19484 10977
19485 10975
19492 10974
19494 10970
19498 10969
19500 10963
19511 10956
19525 10946
19538 10943
19544 10931
19564 10926
19565 10924
19573 10913
19587 10911
19592 10909
19600 10907
19602 10904
19604 10901
19610 10897
19616 10893
19617 10881
19637 10877
19644 10875
19651 10874
19653 10869
19658 10868
19660 10861
19666 10859
19672 10858
19677 10855
19683 10847
19695 10842
19697 10837
19709 10832
19710 10827
19720 10825
19721 10823
19728 10817
19738 10815
19743 10814
19744 10812
19749 10810
19756 10807
19757 10799
19764 10793
19782 10783
19787 10782
19800 10779
19801 10767
19811 10765
19817 10762
19822 10761
19829 10752
19836 10751
19844 10747
19850 10745
19851 10743
19855 10733
19872 10732
19875 10729
19880 10728
19881 10723
19891 10721
19894 10713
19895 10711
19905 10709
19909 10701
19921 10699
19922 10698
19929 10697
19930 10695
19934 10694
19935 10689
19948 10679
19954 10674
19966 10669
19971 10668
19975 10667
19976 10664
19983 10656
19995 10651
20001 10648
20002 10645
20013 10638
20020 10637
20023 10636
20025 10634
20027 10624
20039 10619
20054 10618
20055 10614
20056 10613
20058 10609
20067 10604
20074 10603
20076 10602
20079 10597
20087 10591
20093 10587
20103 10585
20106 10584
20109 10582
20114 10578
20116 10577
20119 10575
20120 10570
20130 10568
20131 10559
20147 10553
20160 10550
20166 10538
20174 10536
20186 10531
20192 10526
20195 10520
20209 10518
20211 10510
20221 10508
20224 10505
20232 10504
20234 10503
20238 10500
20239 10488
20259 10484
20265 10476
20278 10471
20282 10468
20288 10466
20294 10465
20296 10461
20304 10456
20305 10454
20315 10445
20319 10444
20325 10443
20331 10439
20332 10434
20342 10432
20343 10430
20350 10424
20358 10422
20365 10421
20366 10419
20369 10411
20379 10406
20386 10400
20404 10390
20409 10389
20412 10388
20422 10386
20423 10374
20433 10372
20439 10369
20449 10362
20462 10357
20466 10354
20468 10352
20477 10340
20497 10334
20503 10330
20509 10329
20513 10328
20515 10326
20516 10320
20526 10318
20527 10316
20532 10313
20541 10302
20553 10297
20557 10296
20569 10292
20570 10286
20576 10281
20588 10276
20593 10275
20596 10274
20603 10273
20604 10271
20605 10263
20617 10258
20623 10255
20624 10252
20634 10248
20644 10246
20646 10243
20647 10241
20649 10231
20661 10226
20676 10225
20677 10221
20680 10216
20688 10214
20692 10211
20698 10209
20704 10206
20706 10204
20709 10198
20723 10196
20725 10188
20735 10186
20736 10185
20741 10182
20742 10177
20752 10175
20753 10166
20770 10165
20773 10162
20779 10154
20789 10149
20796 10143
20808 10138
20814 10133
20819 10132
20828 10131
20831 10127
20833 10117
20843 10115
20846 10112
20856 10110
20861 10107
20864 10102
20872 10100
20876 10097
20882 10095
20887 10083
20900 10078
20914 10077
20918 10068
20926 10063
20936 10061
20937 10052
20947 10050
20953 10047
20963 10040
20974 10037
20979 10035
20980 10029
20990 10027
20991 10018
21011 10014
21017 10008
21027 10001
21030 9998
21034 9995
21046 9991
21054 9990
21056 9986
21057 9984
21064 9983
21070 9981
21071 9969
21084 9964
21090 9959
21102 9954
21110 9952
21114 9949
21119 9941
21131 9936
21137 9933
21138 9930
21146 9928
21155 9926
21158 9923
21162 9921
21163 9909
21175 9904
21190 9903
21191 9899
21202 9898
21204 9896
21206 9889
21212 9887
21218 9881
21230 9877
21231 9876
21238 9874
21241 9870
21250 9863
21255 9860
21256 9855
21266 9853
21268 9850
21274 9845
21284 9843
21290 9840
21296 9838
21302 9835
21303 9827
21310 9821
21322 9816
21328 9811
21343 9809
21346 9807
21347 9795
21357 9793
21363 9790
21374 9789
21375 9785
21384 9780
21390 9775
21396 9773
21401 9761
21421 9756
21428 9755
21434 9749
21440 9741
21450 9739
21453 9736
21464 9733
21468 9729
21474 9726
21480 9724
21486 9721
21488 9715
21494 9707
21504 9705
21510 9702
21512 9697
21527 9695
21528 9692
21537 9687
21541 9679
21547 9676
21548 9673
21567 9671
21568 9666
21579 9665
21581 9661
21584 9659
21585 9647
21601 9642
21612 9641
21616 9638
21621 9637
21627 9636
21628 9627
21634 9625
21640 9622
21641 9619
21652 9615
21660 9606
21672 9601
21678 9593
21688 9591
21694 9588
21702 9586
21704 9583
21706 9581
21712 9578
21722 9573
21728 9571
21732 9559
21748 9554
21753 9552
21758 9549
21765 9547
21771 9542
21772 9539
21777 9533
21785 9528
21799 9527
21800 9524
21805 9523
21807 9518
21817 9517
21819 9511
21825 9505
21831 9499
21844 9492
21854 9490
21860 9487
21863 9479
21878 9474
21887 9472
21890 9467
21898 9458
21912 9457
21918 9453
21919 9451
21924 9445
21932 9440
21937 9438
21942 9435
21950 9433
21956 9425
21966 9423
21971 9417
21977 9414
21978 9411
21990 9410
21991 9404
22001 9402
22007 9399
22009 9394
22010 9391
22015 9385
22031 9380
22037 9379
22038 9376
22044 9373
22045 9370
22058 9365
22063 9360
22071 9357
22081 9356
22082 9344
22098 9339
22103 9337
22108 9331
22118 9329
22124 9326
22125 9324
22131 9322
22136 9319
22138 9316
22149 9312
22152 9311
22156 9306
22162 9297
22175 9290
22185 9288
22191 9285
22199 9283
22201 9279
22202 9277
22209 9275
22210 9272
22215 9266
22229 9256
22245 9251
22249 9249
22255 9243
22269 9236
22274 9230
22282 9225
22293 9217
22308 9212
22315 9211
22316 9208
22320 9205
22322 9202
22328 9196
22342 9195
22348 9191
22349 9189
22359 9188
22360 9176
22375 9171
22385 9169
22386 9163
22396 9161
22401 9160
22402 9158
22403 9156
22409 9154
22413 9151
22416 9148
22421 9142
22429 9137
22439 9132
22440 9129
22453 9122
22463 9120
22467 9117
22468 9114
22474 9111
22475 9108
22487 9107
22493 9098
22507 9088
22512 9082
22528 9077
22533 9075
22548 9072
22549 9070
22550 9068
22555 9062
22560 9057
22568 9054
22579 9050
22586 9044
22594 9043
22596 9042
22598 9037
22600 9034
22605 9028
22615 9026
22621 9023
22627 9022
22629 9021
22631 9017
22633 9016
22639 9013
22640 9010
22649 9008
22653 9003
22659 8994
22675 8989
22686 8988
22691 8983
22698 8976
22699 8974
22707 8969
22712 8963
22726 8962
22732 8959
22733 8956
22744 8952
22745 8949
22746 8946
22752 8940
22768 8935
22776 8933
22778 8929
22780 8928
22789 8926
22790 8914
22805 8909
22812 8908
22815 8907
22817 8902
22831 8898
22833 8894
22839 8892
22845 8888
22846 8886
22859 8875
22873 8874
22883 8860
22893 8858
22898 8857
22899 8855
22905 8854
22907 8853
22910 8848
22917 8845
22924 8844
22926 8843
22929 8840
22936 8837
22937 8826
22952 8821
22964 8814
22978 8810
22980 8806
22986 8804
22990 8795
23004 8794
23010 8791
23012 8789
23017 8783
23030 8772
23045 8769
23046 8767
23054 8765
23055 8764
23057 8760
23071 8756
23073 8755
23076 8752
23083 8741
23091 8740
23093 8739
23095 8734
23110 8729
23122 8728
23124 8727
23127 8726
23128 8714
23137 8707
23151 8706
23164 8695
23171 8694
23177 8692
23180 8687
23184 8686
23186 8685
23188 8680
23203 8677
23204 8675
23212 8673
23221 8660
23230 8653
23242 8646
23255 8645
23257 8641
23267 8640
23274 8638
23275 8626
23291 8621
23295 8615
23315 8611
23318 8606
23324 8604
23328 8595
23335 8592
23348 8591
23350 8589
23351 8587
23359 8585
23360 8584
23368 8572
23384 8567
23388 8561
23396 8560
23412 8554
23414 8552
23421 8541
23431 8539
23433 8534
23442 8527
23466 8523
23467 8521
23474 8518
23475 8507
23489 8506
23505 8500
23507 8498
23518 8487
23524 8485
23526 8480
23535 8473
23559 8466
23560 8465
23568 8453
23580 8446
23596 8441
23607 8440
23612 8438
23614 8433
23623 8426
23633 8415
23652 8412
23653 8411
23665 8406
23666 8404
23670 8403
23673 8392
23689 8387
23697 8385
23707 8379
23717 8377
23719 8372
23726 8361
23750 8354
23759 8350
23763 8349
23767 8347
23771 8343
23772 8341
23780 8327
23804 8326
23812 8318
23823 8307
23837 8304
23843 8300
23855 8298
23860 8293
23864 8289
23865 8287
23870 8284
23873 8273
23897 8266
23913 8264
23917 8258
23919 8253
23930 8250
23940 8246
23942 8245
23951 8238
23960 8235
23962 8233
23963 8230
23971 8224
23975 8223
23984 8218
23990 8212
24009 8210
24012 8199
24027 8198
24028 8192
24035 8191
24044 8184
24053 8181
24055 8179
24064 8170
24068 8169
24077 8164
24088 8163
24089 8157
24102 8156
24105 8152
24110 8150
24114 8149
24121 8138
24132 8137
24142 8126
24161 8123
24162 8122
24166 8120
24167 8118
24174 8117
24175 8104
24182 8103
24198 8098
24203 8096
24207 8095
24216 8090
24218 8084
24228 8083
24235 8072
24255 8070
24259 8065
24260 8064
24268 8050
24289 8038
24312 8035
24314 8030
24321 8029
24332 8018
24346 8015
24352 8011
24357 8010
24364 8009
24366 8001
24373 8000
24374 7998
24379 7995
24382 7984
24406 7977
24407 7976
24422 7975
24426 7969
24428 7964
24439 7961
24448 7958
24449 7957
24450 7956
24459 7947
24469 7946
24471 7944
24472 7941
24480 7935
24484 7934
24499 7923
24518 7921
24521 7910
24537 7903
24556 7900
24557 7899
24562 7892
24564 7890
24573 7881
24577 7880
24593 7875
24597 7874
24598 7873
24608 7872
24610 7870
24611 7867
24619 7861
24623 7860
24630 7849
24652 7848
24654 7842
24661 7837
24671 7835
24675 7831
24676 7829
24684 7815
24710 7814
24712 7807
24716 7806
24727 7795
24747 7788
24759 7786
24764 7781
24768 7777
24769 7775
24777 7761
24801 7754
24821 7746
24823 7741
24844 7734
24856 7733
24862 7732
24864 7723
24866 7721
24875 7712
24894 7700
24916 7687
24938 7685
24940 7680
24955 7678
24957 7669
24959 7667
24968 7658
24992 7651
25003 7649
25005 7647
25014 7638
25033 7626
25055 7625
25056 7614
25074 7608
25076 7606
25085 7597
25096 7595
25098 7593
25107 7584
25131 7577
25139 7575
25145 7574
25148 7571
25154 7565
25172 7564
25173 7553
25194 7551
25195 7540
25213 7534
25215 7532
25224 7523
25236 7522
25238 7520
25247 7511
25265 7510
25271 7504
25278 7501
25284 7500
25287 7497
25293 7491
25311 7490
25312 7479
25334 7478
25336 7471
25343 7470
25350 7469
25353 7461
25355 7459
25364 7450
25375 7448
25377 7446
25386 7437
25404 7436
25410 7430
25417 7428
25427 7424
25441 7421
25444 7419
25451 7417
25453 7410
25464 7408
25473 7404
25477 7401
25490 7397
25492 7387
25494 7385
25503 7376
25532 7375
25533 7374
25534 7367
25544 7363
25555 7361
25557 7354
25566 7350
25581 7347
25588 7345
25590 7343
25594 7340
25607 7336
25619 7335
25621 7333
25624 7327
25630 7324
25633 7323
25644 7321
25648 7318
25649 7314
25661 7309
25672 7300
25674 7293
25683 7289
25705 7284
25714 7280
25736 7274
25737 7267
25747 7263
25758 7261
25760 7259
25765 7256
25769 7250
25787 7249
25790 7247
25792 7245
25793 7243
25800 7241
25801 7236
25807 7235
25816 7226
25836 7223
25841 7222
25847 7216
25854 7206
25875 7200
25877 7198
25885 7197
25886 7189
25904 7182
25917 7180
25927 7176
25929 7173
25931 7171
25940 7162
25956 7153
25981 7149
25987 7143
25993 7142
25996 7139
26002 7133
26027 7129
26031 7126
26033 7124
26036 7122
26043 7120
26045 7113
26057 7106
26066 7102
26084 7090
26086 7088
26095 7079
26120 7075
26126 7070
26136 7066
26167 7056
26173 7050
26182 7046
26186 7043
26199 7039
26213 7037
26216 7030
26225 7026
26237 7019
26241 7017
26255 7016
26264 7003
26266 6996
26275 6992
26297 6987
26306 6983
26323 6975
26339 6966
26353 6963
26357 6960
26366 6956
26376 6955
26379 6952
26385 6946
26395 6943
26410 6942
26414 6939
26415 6937
26416 6934
26421 6930
26428 6926
26434 6925
26441 6923
26446 6909
26467 6903
26469 6901
26477 6900
26478 6892
26503 6888
26509 6883
26519 6879
26534 6869
26556 6863
26565 6859
26569 6856
26587 6854
26594 6852
26595 6850
26596 6847
26599 6843
26605 6842
26608 6839
26612 6837
26624 6830
26638 6829
26643 6828
26647 6816
26649 6809
26658 6805
26680 6800
26689 6796
26715 6794
26716 6791
26726 6785
26736 6776
26740 6773
26749 6769
26762 6765
26768 6764
26777 6760
26778 6756
26783 6754
26798 6750
26799 6747
26804 6743
26817 6738
26824 6736
26829 6722
26860 6713
26883 6705
26896 6704
26906 6693
26917 6682
26948 6673
26969 6671
26971 6669
26978 6663
26979 6660
26986 6659
26988 6655
26995 6650
27008 6646
27026 6641
27032 6639
27036 6637
27052 6629
27054 6622
27063 6618
27085 6613
27094 6609
27099 6607
27109 6606
27114 6605
27116 6601
27120 6599
27126 6598
27136 6597
27137 6596
27138 6593
27141 6588
27145 6586
27149 6584
27151 6577
27160 6573
27166 6567
27184 6565
27197 6558
27209 6556
27222 6551
27229 6549
27234 6535
27257 6531
27265 6526
27270 6524
27279 6520
27300 6518
27301 6517
27303 6516
27306 6511
27311 6506
27316 6505
27322 6495
27331 6490
27353 6486
27369 6484
27376 6482
27383 6476
27384 6473
27391 6472
27393 6468
27400 6463
27408 6461
27413 6459
27419 6450
27450 6437
27471 6436
27472 6433
27480 6431
27486 6429
27488 6427
27490 6423
27497 6418
27510 6414
27521 6410
27527 6408
27534 6407
27538 6397
27556 6390
27565 6386
27571 6380
27589 6378
27602 6371
27609 6370
27616 6365
27629 6361
27643 6356
27647 6354
27656 6350
27657 6349
27662 6344
27668 6335
27684 6333
27705 6331
27707 6329
27711 6324
27720 6321
27721 6318
27731 6317
27736 6303
27759 6299
27768 6298
27774 6293
27787 6282
27805 6280
27809 6279
27813 6274
27824 6263
27852 6261
27855 6250
27878 6246
27885 6244
27888 6243
27891 6242
27893 6240
27895 6236
27902 6231
27915 6227
27926 6223
27932 6221
27939 6220
27943 6210
27971 6208
27973 6204
27974 6202
27982 6200
27990 6199
27991 6195
28004 6191
28007 6190
28010 6189
28012 6187
28014 6183
28021 6178
28034 6174
28048 6169
28058 6167
28062 6162
28073 6148
28091 6146
28110 6142
28129 6140
28130 6139
28132 6138
28133 6135
28136 6130
28142 6125
28156 6123
28162 6122
28164 6112
28173 6111
28179 6106
28192 6095
28210 6093
28222 6089
28231 6085
28244 6084
28248 6083
28250 6079
28257 6074
28266 6073
28275 6070
28276 6065
28283 6059
28292 6058
28298 6053
28311 6047
28328 6040
28341 6036
28359 6034
28362 6033
28363 6028
28369 6026
28376 6021
28385 6020
28387 6019
28394 6018
28395 6012
28396 6008
28417 6005
28419 6004
28422 5996
28428 5991
28447 5987
28465 5985
28469 5984
28473 5979
28482 5978
28484 5968
28506 5966
28513 5965
28514 5964
28515 5955
28536 5952
28538 5951
28541 5943
28547 5938
28562 5936
28575 5932
28586 5928
28592 5926
28597 5924
28603 5915
28625 5913
28631 5908
28634 5907
28646 5905
28650 5904
28653 5900
28660 5895
28666 5890
28674 5888
28681 5883
28694 5879
28708 5874
28718 5871
28722 5867
28731 5863
28733 5853
28751 5851
28768 5841
28785 5837
28796 5835
28802 5830
28816 5828
28822 5827
28824 5817
28833 5816
28839 5811
28850 5810
28852 5800
28870 5798
28882 5794
28900 5792
28903 5791
28904 5789
28908 5788
28910 5784
28917 5779
28926 5778
28935 5775
28936 5770
28943 5764
28952 5763
28958 5758
28971 5752
28989 5750
29001 5741
29006 5740
29019 5739
29022 5738
29023 5736
29027 5734
29029 5731
29036 5726
29045 5725
29047 5724
29055 5717
29062 5716
29065 5713
29077 5710
29082 5701
29088 5696
29117 5689
29123 5684
29146 5681
29155 5678
29156 5677
29161 5675
29166 5671
29174 5669
29181 5663
29184 5660
29196 5657
29201 5648
29207 5643
29231 5642
29237 5637
29257 5635
29264 5634
29265 5633
29266 5630
29272 5625
29275 5624
29281 5621
29285 5618
29291 5613
29300 5612
29316 5609
29320 5600
29326 5595
29350 5589
29355 5588
29356 5584
29361 5583
29384 5580
29386 5578
29387 5577
29391 5576
29394 5573
29396 5572
29398 5571
29400 5568
29402 5567
29404 5565
29410 5560
29419 5559
29420 5556
29437 5555
29439 5547
29445 5542
29469 5541
29475 5536
29493 5535
29495 5534
29498 5531
29504 5529
29510 5523
29515 5519
29517 5518
29521 5514
29529 5512
29533 5508
29539 5503
29563 5502
29564 5500
29565 5498
29569 5497
29586 5496
29588 5488
29594 5483
29613 5481
29617 5478
29623 5473
29632 5472
29634 5471
29636 5470
29638 5467
29640 5466
29642 5464
29648 5459
29655 5455
29675 5454
29678 5450
29682 5449
29684 5445
29688 5444
29690 5443
29707 5440
29714 5439
29718 5436
29720 5435
29724 5431
29732 5428
29734 5427
29736 5425
29742 5420
29751 5419
29753 5418
29755 5417
29759 5413
29768 5407
29774 5402
29798 5401
29804 5396
29824 5394
29826 5392
29827 5391
29831 5389
29833 5386
29839 5384
29842 5383
29847 5379
29849 5378
29853 5374
29861 5372
29870 5371
29877 5370
29881 5367
29887 5359
29893 5354
29917 5348
29922 5347
29923 5343
29928 5342
29945 5339
29952 5338
29956 5335
29958 5334
29962 5330
29969 5326
29974 5324
29980 5319
29987 5315
30004 5314
30006 5306
30012 5301
30036 5300
30042 5295
30056 5291
30065 5290
30069 5288
30076 5285
30077 5283
30078 5282
30082 5278
30084 5277
30088 5273
30100 5267
30106 5262
30130 5261
30132 5257
30136 5256
30153 5255
30155 5247
30161 5242
30184 5241
30191 5237
30197 5234
30201 5230
30203 5229
30207 5225
30216 5223
30219 5219
30225 5214
30242 5213
30245 5209
30249 5208
30251 5204
30255 5203
30260 5202
30277 5199
30281 5198
30288 5195
30290 5194
30294 5190
30301 5186
30310 5184
30316 5181
30320 5177
30322 5176
30326 5172
30338 5166
30344 5161
30368 5160
30374 5155
30391 5154
30392 5153
30394 5150
30398 5148
30400 5145
30409 5143
30410 5142
30414 5138
30416 5137
30420 5133
30442 5132
30446 5131
30450 5127
30455 5126
30458 5122
30464 5117
30475 5113
30487 5107
30493 5102
30517 5100
30524 5099
30526 5098
30529 5094
30533 5090
30535 5089
30539 5085
30548 5083
30559 5082
30561 5079
30565 5078
30569 5074
30574 5073
30577 5069
30583 5064
30607 5063
30611 5061
30613 5058
30624 5055
30630 5052
30634 5050
30636 5047
30648 5041
30652 5037
30654 5036
30658 5032
30682 5031
30684 5030
30688 5026
30697 5024
30708 5023
30710 5020
30717 5019
30719 5018
30723 5014
30724 5013
30726 5010
30730 5008
30732 5005
30759 5001
30768 4997
30773 4996
30774 4992
30781 4991
30785 4988
30787 4986
30797 4982
30801 4978
30803 4977
30807 4973
30838 4972
30840 4969
30843 4965
30849 4960
30856 4959
30858 4958
30862 4954
30878 4953
30879 4949
30884 4948
30887 4944
30893 4939
30917 4938
30923 4933
30930 4932
30934 4930
30936 4927
30944 4925
30958 4921
30961 4920
30962 4912
30968 4907
30983 4905
30998 4901
31005 4900
31007 4899
31011 4895
31027 4894
31033 4889
31036 4885
31042 4880
31059 4877
31073 4872
31083 4871
31088 4870
31091 4866
31097 4861
31111 4853
31117 4848
31132 4846
31147 4845
31156 4844
31162 4843
31165 4842
31166 4834
31172 4829
31187 4827
31198 4824
31200 4823
31204 4819
31208 4818
31213 4817
31216 4813
31222 4808
31240 4807
31246 4802
31263 4799
31269 4796
31273 4794
31275 4791
31287 4785
31291 4781
31293 4780
31297 4776
31315 4775
31321 4770
31336 4768
31347 4765
31349 4764
31353 4760
31362 4758
31363 4757
31365 4754
31369 4752
31371 4749
31395 4747
31398 4745
31407 4741
31412 4740
31413 4736
31420 4735
31424 4732
31426 4730
31436 4726
31440 4722
31442 4721
31446 4717
31477 4716
31479 4713
31482 4709
31488 4704
31495 4703
31497 4702
31501 4698
31514 4694
31518 4693
31523 4692
31526 4688
31532 4683
31556 4682
31562 4677
31569 4676
31573 4674
31575 4671
31583 4669
31588 4667
31597 4665
31601 4656
31607 4651
31631 4650
31637 4645
31644 4644
31646 4643
31650 4639
31663 4635
31672 4633
31675 4629
31681 4624
31706 4621
31712 4616
31722 4615
31727 4614
31730 4610
31736 4605
31750 4597
31756 4592
31786 4589
31801 4587
31805 4578
31811 4573
31833 4572
31837 4568
31839 4567
31843 4563
31855 4562
31859 4561
31861 4557
31876 4555
31879 4551
31885 4546
31908 4545
31909 4544
31910 4543
31911 4541
31915 4539
31916 4538
31917 4536
31933 4534
31936 4532
31941 4529
31953 4528
31954 4519
31960 4514
31982 4513
31986 4509
31988 4508
31992 4504
32008 4502
32016 4497
32028 4496
32034 4491
32041 4490
32043 4489
32047 4485
32059 4484
32062 4481
32064 4480
32065 4479
32072 4475
32078 4470
32102 4469
32108 4464
32115 4463
32119 4461
32121 4458
32129 4456
32137 4449
32147 4443
32153 4438
32177 4437
32183 4432
32190 4431
32192 4430
32196 4426
32211 4422
32218 4420
32221 4416
32227 4411
32252 4408
32258 4403
32268 4402
32273 4401
32276 4397
32282 4392
32286 4390
32296 4384
32302 4379
32332 4376
32341 4371
32351 4365
32357 4360
32381 4359
32387 4354
32399 4353
32401 4349
32405 4348
32407 4344
32422 4342
32425 4338
32431 4333
32456 4330
32462 4325
32476 4324
32479 4321
32482 4319
32487 4316
32490 4312
32500 4306
32506 4301
32536 4298
32546 4295
32548 4294
32554 4289
32562 4284
32581 4282
32587 4277
32603 4275
32605 4271
32609 4270
32611 4266
32636 4263
32642 4258
32659 4254
32667 4249
32677 4248
32683 4243
32692 4242
32707 4240
32709 4239
32714 4235
32715 4234
32733 4231
32734 4229
32739 4226
32742 4222
32752 4216
32758 4211
32775 4210
32782 4208
32785 4204
32791 4199
32814 4194
32831 4193
32833 4192
32837 4189
32839 4187
32846 4184
32847 4182
32857 4181
32863 4176
32880 4175
32887 4173
32890 4169
32894 4168
32896 4164
32911 4162
32919 4159
32932 4158
32937 4156
32938 4153
32944 4152
32951 4149
32952 4147
32964 4141
32970 4136
32980 4135
32986 4130
33012 4129
33016 4127
33018 4124
33026 4119
33034 4118
33037 4114
33042 4113
33043 4109
33067 4106
33073 4105
33075 4101
33085 4100
33089 4099
33091 4095
33098 4094
33099 4092
33122 4087
33131 4082
33142 4079
33147 4078
33148 4074
33163 4072
33164 4071
33169 4068
33174 4065
33180 4060
33203 4059
33204 4057
33216 4051
33222 4046
33232 4045
33236 4043
33238 4040
33249 4039
33255 4034
33265 4033
33271 4028
33285 4025
33294 4023
33303 4022
33310 4019
33311 4017
33319 4016
33326 4013
33327 4011
33337 4010
33341 4008
33343 4005
33354 4004
33357 4002
33360 3999
33370 3998
33374 3997
33376 3993
33383 3992
33399 3988
33408 3987
33413 3985
33415 3983
33416 3981
33421 3978
33426 3975
33432 3970
33449 3969
33450 3965
33459 3963
33465 3958
33488 3953
33501 3949
33506 3948
33507 3944
33517 3943
33521 3941
33523 3938
33537 3935
33553 3934
33555 3930
33562 3929
33563 3927
33570 3923
33579 3921
33593 3918
33595 3917
33605 3916
33606 3914
33611 3911
33612 3909
33622 3908
33626 3906
33628 3903
33638 3900
33644 3895
33667 3894
33668 3892
33674 3891
33683 3888
33684 3886
33692 3883
33696 3880
33700 3878
33702 3875
33711 3873
33717 3868
33735 3863
33749 3860
33758 3858
33767 3856
33772 3853
33773 3851
33790 3848
33791 3846
33801 3845
33805 3841
33807 3840
33816 3838
33821 3837
33822 3833
33838 3832
33840 3828
33847 3827
33857 3826
33861 3824
33863 3821
33877 3818
33878 3816
33890 3810
33896 3805
33913 3804
33923 3798
33929 3793
33952 3788
33968 3786
33971 3784
33977 3781
33981 3778
33985 3776
33987 3773
34001 3770
34018 3769
34026 3767
34028 3763
34032 3762
34034 3758
34043 3756
34057 3751
34075 3746
34086 3743
34090 3741
34092 3738
34109 3735
34113 3734
34131 3729
34137 3727
34138 3726
34147 3723
34148 3721
34161 3720
34162 3716
34165 3714
34175 3708
34181 3703
34214 3700
34218 3699
34221 3697
34230 3693
34231 3691
34236 3688
34237 3686
34263 3681
34269 3676
34280 3673
34286 3668
34311 3667
34317 3664
34321 3661
34325 3659
34327 3656
34341 3653
34342 3651
34355 3650
34361 3645
34374 3641
34383 3639
34390 3636
34410 3635
34412 3634
34416 3630
34422 3629
34426 3626
34430 3624
34432 3621
34449 3618
34460 3615
34466 3610
34478 3609
34488 3604
34495 3601
34505 3597
34515 3591
34521 3586
34554 3583
34561 3580
34571 3574
34577 3569
34606 3568
34610 3562
34620 3556
34626 3551
34664 3549
34666 3545
34676 3539
34682 3534
34695 3533
34701 3528
34724 3524
34730 3519
34752 3517
34772 3516
34774 3512
34778 3511
34780 3507
34790 3504
34800 3498
34806 3493
34829 3489
34835 3484
34873 3482
34877 3481
34879 3479
34882 3477
34883 3476
34896 3475
34898 3471
34902 3470
34904 3466
34926 3465
34927 3462
34931 3461
34933 3457
34946 3456
34955 3454
34961 3450
34979 3447
34984 3445
35001 3440
35007 3435
35030 3431
35031 3430
35036 3426
35050 3424
35059 3423
35073 3422
35077 3420
35081 3419
35082 3418
35083 3416
35089 3411
35105 3408
35116 3407
35120 3405
35126 3400
35134 3399
35145 3394
35155 3389
35164 3388
35186 3384
35201 3381
35209 3380
35215 3377
35220 3375
35224 3373
35232 3372
35241 3371
35243 3367
35251 3366
35253 3362
35263 3358
35269 3353
35297 3350
35313 3349
35317 3347
35319 3345
35325 3340
35342 3339
35346 3336
35356 3331
35365 3330
35367 3326
35395 3323
35403 3321
35409 3316
35416 3315
35418 3314
35423 3313
35436 3312
35438 3310
35442 3307
35444 3305
35454 3304
35464 3300
35470 3295
35496 3294
35505 3293
35506 3291
35507 3289
35514 3288
35516 3287
35527 3286
35529 3285
35535 3284
35536 3283
35540 3280
35542 3278
35558 3277
35562 3273
35568 3268
35579 3267
35583 3265
35589 3260
35607 3259
35610 3258
35620 3253
35636 3251
35643 3249
35646 3246
35655 3245
35671 3244
35677 3240
35681 3238
35687 3233
35698 3232
35708 3231
35716 3230
35718 3226
35729 3223
35741 3222
35744 3219
35754 3215
35760 3210
35784 3209
35790 3204
35808 3201
35815 3200
35821 3195
35842 3194
35852 3188
35858 3183
35873 3180
35879 3175
35900 3173
35909 3169
35919 3168
35927 3166
35933 3164
35940 3160
35958 3159
35963 3158
35971 3153
35977 3148
35998 3146
36006 3145
36007 3142
36019 3138
36028 3136
36038 3133
36049 3132
36052 3129
36073 3127
36082 3123
36092 3121
36098 3116
36105 3115
36111 3110
36126 3109
36137 3108
36144 3107
36147 3105
36150 3102
36159 3101
36168 3099
36180 3096
36190 3094
36192 3092
36196 3089
36203 3088
36209 3083
36217 3081
36224 3080
36230 3075
36257 3074
36260 3071
36271 3070
36278 3066
36284 3064
36299 3063
36309 3059
36315 3054
36322 3053
36328 3048
36357 3044
36366 3042
36373 3041
36376 3039
36379 3036
36390 3035
36397 3034
36403 3029
36430 3028
36433 3025
36435 3024
36437 3023
36443 3021
36449 3016
36464 3015
36471 3014
36477 3009
36488 3008
36495 3007
36501 3002
36527 2999
36530 2998
36535 2996
36541 2994
36547 2989
36562 2986
36568 2981
36593 2980
36598 2977
36616 2975
36622 2970
36637 2969
36644 2968
36650 2963
36660 2959
36666 2954
36688 2951
36696 2950
36707 2949
36711 2947
36717 2942
36735 2940
36741 2935
36759 2934
36771 2931
36773 2930
36775 2929
36786 2924
36805 2922
36809 2920
36815 2915
36826 2914
36833 2913
36839 2908
36861 2905
36869 2904
36873 2902
36878 2899
36890 2896
36907 2892
36924 2887
36931 2886
36946 2884
36948 2883
36959 2878
36978 2876
36982 2874
36988 2869
36999 2868
37005 2865
37020 2862
37026 2857
37046 2856
37051 2853
37074 2851
37080 2846
37091 2845
37097 2840
37118 2835
37124 2830
37154 2829
37162 2828
37166 2826
37172 2824
37178 2819
37193 2816
37199 2811
37210 2810
37216 2805
37241 2804
37246 2801
37264 2799
37270 2794
37291 2789
37297 2784
37323 2781
37330 2780
37331 2778
37336 2775
37355 2773
37359 2771
37365 2766
37383 2764
37389 2759
37414 2758
37419 2755
37423 2753
37445 2751
37453 2749
37460 2745
37463 2744
37468 2743
37474 2738
37496 2735
37503 2734
37504 2732
37509 2729
37528 2727
37532 2725
37538 2720
37555 2716
37572 2714
37579 2710
37596 2707
37620 2705
37626 2703
37633 2699
37636 2698
37641 2697
37647 2692
37668 2686
37674 2681
37712 2679
37716 2677
37722 2675
37728 2670
37745 2668
37752 2664
37778 2663
37784 2662
37786 2658
37806 2657
37807 2655
37821 2654
37823 2653
37827 2649
37831 2646
37841 2640
37847 2635
37875 2634
37881 2629
37903 2627
37925 2622
37935 2618
37953 2617
37959 2612
37979 2611
37980 2609
37994 2608
38000 2603
38009 2600
38017 2597
38036 2596
38038 2594
38047 2593
38048 2588
38054 2583
38092 2581
38098 2576
38110 2575
38117 2574
38118 2572
38132 2570
38137 2567
38139 2566
38145 2561
38166 2558
38184 2556
38190 2551
38215 2550
38216 2548
38220 2547
38223 2544
38236 2539
38257 2538
38261 2537
38264 2536
38269 2535
38275 2530
38297 2527
38302 2526
38305 2524
38310 2521
38312 2520
38318 2515
38339 2512
38352 2509
38356 2508
38373 2506
38380 2502
38397 2499
38421 2497
38427 2495
38430 2492
38434 2491
38437 2490
38442 2489
38448 2484
38469 2478
38475 2473
38513 2471
38517 2469
38519 2468
38523 2467
38525 2463
38529 2462
38546 2460
38553 2456
38579 2455
38587 2450
38608 2447
38624 2445
38631 2443
38632 2438
38642 2432
38648 2427
38676 2426
38682 2421
38707 2419
38728 2416
38730 2415
38736 2410
38754 2409
38760 2404
38781 2401
38801 2399
38804 2397
38810 2392
38837 2388
38839 2386
38849 2380
38855 2375
38893 2373
38908 2370
38913 2369
38918 2366
38919 2364
38940 2358
38946 2353
38984 2351
38988 2349
38995 2348
39008 2347
39009 2346
39011 2345
39017 2340
39024 2336
39037 2331
39058 2330
39075 2329
39086 2328
39095 2325
39100 2324
39103 2318
39113 2312
39119 2307
39147 2306
39153 2301
39182 2300
39191 2299
39199 2296
39215 2295
39216 2294
39225 2289
39231 2284
39269 2282
39272 2279
39293 2276
39297 2274
39302 2273
39308 2268
39310 2266
39320 2260
39326 2255
39364 2253
39384 2252
39389 2248
39407 2245
39413 2240
39446 2238
39454 2235
39471 2234
39475 2232
39481 2231
39484 2229
39485 2228
39487 2226
39492 2222
39502 2216
39508 2211
39546 2209
39571 2204
39594 2203
39609 2202
39628 2197
39657 2196
39661 2195
39665 2191
39676 2187
39678 2185
39688 2179
39694 2174
39724 2170
39757 2167
39775 2164
39781 2159
39795 2156
39801 2151
39839 2149
39852 2148
39853 2147
39860 2141
39870 2135
39876 2130
39914 2128
39939 2123
39967 2118
39977 2112
39983 2107
40021 2105
40046 2100
40084 2098
40092 2089
40130 2087
40134 2084
40154 2078
40160 2073
40198 2071
40199 2066
40237 2064
40259 2062
40262 2059
40284 2058
40288 2053
40294 2048
40330 2047
40332 2046
40340 2041
40346 2036
40376 2032
40397 2030
40409 2029
40427 2026
40433 2021
40447 2018
40453 2013
40472 2009
40496 2008
40502 2003
40522 1997
40528 1992
40566 1990
40579 1986
40591 1985
40609 1980
40629 1974
40635 1969
40662 1967
40698 1962
40725 1960
40744 1951
40763 1949
40769 1944
40807 1942
40825 1939
40832 1937
40851 1928
40878 1926
40911 1924
40914 1921
40936 1920
40941 1918
40955 1916
40960 1914
40984 1912
40985 1903
41011 1899
41048 1896
41062 1893
41074 1892
41092 1887
41101 1882
41112 1881
41118 1876
41145 1874
41181 1869
41208 1867
41210 1864
41227 1858
41246 1856
41252 1851
41290 1849
41308 1846
41315 1844
41317 1841
41334 1835
41361 1833
41397 1828
41424 1826
41443 1821
41467 1819
41468 1810
41506 1808
41531 1803
41569 1801
41577 1796
41611 1795
41615 1794
41625 1790
41640 1789
41663 1788
41678 1787
41688 1783
41697 1779
41720 1773
41745 1770
41770 1767
41783 1766
41795 1765
41808 1763
41829 1759
41850 1750
41888 1748
41913 1743
41951 1741
41959 1736
41990 1735
41997 1733
42007 1730
42022 1729
42045 1728
42060 1726
42070 1723
42079 1719
42102 1713
42127 1710
42152 1707
42165 1706
42177 1705
42190 1703
42211 1699
42236 1696
42259 1693
42274 1692
42286 1691
42299 1689
42321 1688
42322 1686
42345 1685
42349 1684
42356 1679
42379 1673
42401 1671
42404 1670
42429 1668
42442 1666
42464 1664
42467 1663
42488 1659
42493 1657
42513 1656
42531 1655
42538 1654
42551 1652
42556 1650
42576 1649
42594 1648
42601 1647
42602 1643
42630 1640
42650 1637
42653 1634
42678 1631
42703 1628
42716 1627
42722 1626
42741 1624
42745 1620
42770 1617
42795 1614
42808 1613
42820 1612
42833 1610
42854 1606
42879 1603
42902 1600
42917 1599
42929 1598
42930 1594
42955 1591
42980 1589
42993 1587
42999 1586
43018 1584
43022 1580
43047 1577
43072 1575
43085 1573
43108 1572
43110 1570
43131 1566
43156 1563
43181 1561
43194 1559
43219 1556
43244 1554
43271 1551
43296 1548
43318 1546
43334 1544
43343 1543
43359 1541
43368 1540
43381 1539
43387 1538
43406 1536
43410 1532
43435 1529
43460 1527
43473 1525
43496 1524
43498 1522
43519 1518
43544 1515
43569 1513
43582 1511
43607 1508
43632 1506
43659 1503
43684 1500
43709 1498
43722 1496
43731 1495
43747 1493
43756 1492
43772 1491
43781 1490
43794 1488
43819 1485
43844 1483
43871 1480
43894 1479
43896 1477
43919 1476
43921 1475
43934 1473
43959 1470
43970 1467
43995 1464
44020 1462
44033 1460
44056 1459
44058 1457
44079 1453
44104 1450
44129 1448
44142 1446
44167 1443
44192 1441
44219 1438
44244 1435
44269 1433
44282 1431
44291 1430
44307 1428
44316 1427
44332 1426
44341 1425
44354 1423
44379 1420
44404 1418
44431 1415
44456 1412
44481 1410
44494 1408
44519 1405
44544 1403
44580 1402
44582 1401
44605 1400
44618 1398
44643 1395
44668 1393
44695 1390
44720 1387
44745 1385
44758 1383
44783 1380
44808 1378
44850 1377
44880 1376
44893 1374
44918 1371
44943 1369
44959 1368
44973 1366
44984 1365
44998 1364
45009 1363
45011 1362
45036 1359
45061 1357
45103 1356
45133 1355
45144 1354
45146 1353
45171 1350
45196 1348
45238 1347
45321 1346
45400 1345
45404 1344
45429 1341
45454 1339
45496 1338
45575 1336
45617 1335
45700 1334
45779 1333
45821 1332
