10
0 1 353 12
0 2 937 908
0 3 533 88
0 4 35 307
0 5 78 819
0 6 59 805
0 7 87 832
0 8 309 898
0 9 25 652
1 2 327 986
1 3 904 224
1 4 333 975
1 5 715 82
1 6 391 117
1 7 347 493
1 8 130 965
1 9 698 831
2 3 798 546
2 4 39 698
2 5 34 518
2 6 609 477
2 7 860 149
2 8 669 406
2 9 445 634
3 4 404 403
3 5 795 221
3 6 128 248
3 7 141 190
3 8 482 754
3 9 216 854
4 5 589 659
4 6 106 115
4 7 77 847
4 8 839 999
4 9 262 747
5 6 658 695
5 7 293 776
5 8 930 394
5 9 452 348
6 7 86 743
6 8 607 864
6 9 586 651
7 8 88 772
7 9 593 121
8 9 173 795
0
38
615 5812
624 5708
637 5650
662 5122
671 5018
684 4960
726 4465
885 4169
894 4065
907 4007
943 3993
949 3512
1305 3322
1362 3162
1517 2981
1625 2896
1873 2791
1930 2631
2052 2592
2193 2365
2511 2265
2549 2175
2691 2146
2774 1999
3019 1996
3035 1987
3130 1809
3272 1780
3517 1777
3533 1768
3535 1649
3600 1630
3861 1618
3956 1440
4098 1411
4359 1399
4361 1280
4622 1268
