10
0 1 173 492
0 2 451 724
0 3 435 636
0 4 258 919
0 5 475 799
0 6 344 9
0 7 817 582
0 8 714 496
0 9 526 113
1 2 649 274
1 3 984 698
1 4 63 27
1 5 32 753
1 6 919 489
1 7 679 302
1 8 635 819
1 9 877 656
2 3 29 323
2 4 977 27
2 5 93 638
2 6 579 815
2 7 465 725
2 8 400 320
2 9 817 72
3 4 314 775
3 5 965 956
3 6 508 403
3 7 899 639
3 8 477 457
3 9 234 258
4 5 520 667
4 6 407 985
4 7 118 123
4 8 589 456
4 9 690 35
5 6 453 482
5 7 835 318
5 8 906 837
5 9 848 322
6 7 105 204
6 8 599 315
6 9 4 63
7 8 944 760
7 9 646 45
8 9 598 310
0
34
1017 2943
1158 2563
1188 2460
1219 2448
1329 2080
1390 1965
1588 1955
1750 1809
1931 1806
1948 1799
1973 1779
2132 1645
2330 1635
2333 1623
2493 1578
2538 1558
2673 1486
2715 1459
2875 1414
2920 1394
3080 1349
3256 1300
3300 1290
3416 1255
3460 1245
3461 1235
3505 1225
3621 1190
3665 1180
3863 1170
3988 1167
4033 1147
4193 1102
4391 1092
