10
0 1 848 107
0 2 765 866
0 3 867 750
0 4 517 32
0 5 174 318
0 6 509 535
0 7 599 749
0 8 171 404
0 9 788 778
1 2 191 47
1 3 497 666
1 4 262 680
1 5 801 281
1 6 712 310
1 7 899 590
1 8 254 318
1 9 868 389
2 3 213 85
2 4 986 984
2 5 289 51
2 6 434 895
2 7 724 220
2 8 753 9
2 9 731 603
3 4 91 891
3 5 235 869
3 6 358 617
3 7 271 550
3 8 88 717
3 9 22 445
4 5 949 678
4 6 139 341
4 7 273 485
4 8 333 713
4 9 642 522
5 6 118 17
5 7 218 517
5 8 531 597
5 9 988 557
6 7 44 454
6 8 326 226
6 9 226 79
7 8 44 264
7 9 913 533
8 9 97 743
0
33
982 3324
985 3238
1030 2774
1033 2688
1109 2654
1123 2600
1168 2136
1171 2050
1234 2022
1247 2016
1298 2000
1361 1972
1374 1966
1381 1914
1435 1742
1438 1656
1565 1606
1648 1520
1717 1514
1720 1428
1781 1370
1816 1347
1908 1320
1943 1297
1991 1234
2026 1211
2063 1142
2098 1119
2490 925
2525 902
3170 881
3199 691
3879 647
