25
0 1 650 597
0 2 309 358
0 3 955 79
0 4 619 205
0 5 666 979
0 6 820 474
0 7 763 592
0 8 122 853
0 9 202 286
0 10 591 940
0 11 784 104
0 12 48 111
0 13 106 276
0 14 981 253
0 15 734 968
0 16 378 124
0 17 227 226
0 18 376 412
0 19 848 767
0 20 447 435
0 21 326 163
0 22 36 399
0 23 978 279
0 24 113 674
1 2 581 118
1 3 268 327
1 4 498 253
1 5 209 619
1 6 753 567
1 7 233 943
1 8 380 544
1 9 873 397
1 10 133 168
1 11 449 445
1 12 556 50
1 13 956 511
1 14 140 815
1 15 733 357
1 16 505 434
1 17 966 955
1 18 824 743
1 19 727 73
1 20 915 500
1 21 26 648
1 22 820 190
1 23 350 416
1 24 803 978
2 3 919 233
2 4 176 760
2 5 757 976
2 6 935 120
2 7 495 73
2 8 491 435
2 9 620 963
2 10 419 332
2 11 873 713
2 12 939 883
2 13 762 635
2 14 987 918
2 15 488 681
2 16 216 559
2 17 601 419
2 18 404 660
2 19 225 199
2 20 723 913
2 21 344 847
2 22 12 271
2 23 119 259
2 24 186 795
3 4 175 796
3 5 847 754
3 6 236 299
3 7 489 366
3 8 463 571
3 9 246 383
3 10 2 57
3 11 48 173
3 12 13 329
3 13 909 505
3 14 324 732
3 15 963 361
3 16 454 708
3 17 931 700
3 18 782 851
3 19 767 782
3 20 962 584
3 21 476 252
3 22 122 978
3 23 356 109
3 24 636 94
4 5 165 602
4 6 615 755
4 7 581 147
4 8 960 294
4 9 332 109
4 10 520 686
4 11 920 500
4 12 409 364
4 13 724 163
4 14 98 396
4 15 425 541
4 16 571 519
4 17 231 931
4 18 558 402
4 19 832 212
4 20 419 525
4 21 390 919
4 22 728 244
4 23 319 34
4 24 924 243
5 6 583 780
5 7 148 494
5 8 754 420
5 9 288 820
5 10 613 257
5 11 24 321
5 12 761 44
5 13 954 506
5 14 627 160
5 15 111 626
5 16 184 596
5 17 8 889
5 18 491 984
5 19 587 490
5 20 205 642
5 21 98 195
5 22 824 456
5 23 435 715
5 24 194 57
6 7 471 929
6 8 332 48
6 9 423 867
6 10 947 878
6 11 235 41
6 12 371 998
6 13 562 513
6 14 758 620
6 15 817 936
6 16 974 699
6 17 196 227
6 18 865 179
6 19 14 905
6 20 93 462
6 21 394 919
6 22 625 185
6 23 941 915
6 24 447 987
7 8 945 970
7 9 32 34
7 10 805 285
7 11 358 727
7 12 194 186
7 13 982 138
7 14 643 368
7 15 533 659
7 16 518 556
7 17 52 707
7 18 993 674
7 19 909 916
7 20 825 811
7 21 540 156
7 22 443 274
7 23 173 496
7 24 563 681
8 9 434 903
8 10 712 996
8 11 315 160
8 12 605 441
8 13 183 320
8 14 375 633
8 15 827 102
8 16 467 490
8 17 249 979
8 18 592 588
8 19 55 822
8 20 254 129
8 21 315 527
8 22 374 39
8 23 707 578
8 24 377 705
9 10 262 375
9 11 18 829
9 12 250 361
9 13 518 424
9 14 202 924
9 15 86 175
9 16 767 103
9 17 828 280
9 18 379 686
9 19 160 947
9 20 306 103
9 21 73 693
9 22 979 4
9 23 914 190
9 24 343 338
10 11 176 178
10 12 123 878
10 13 666 461
10 14 816 743
10 15 627 871
10 16 702 9
10 17 530 634
10 18 479 323
10 19 455 518
10 20 832 784
10 21 312 366
10 22 183 299
10 23 602 68
10 24 538 845
11 12 447 72
11 13 677 793
11 14 31 154
11 15 713 221
11 16 331 689
11 17 989 201
11 18 198 354
11 19 377 271
11 20 169 651
11 21 382 981
11 22 543 621
11 23 620 626
11 24 730 318
12 13 659 30
12 14 167 409
12 15 636 974
12 16 212 843
12 17 593 606
12 18 504 151
12 19 549 575
12 20 171 478
12 21 799 230
12 22 855 838
12 23 705 922
12 24 310 374
13 14 758 438
13 15 108 533
13 16 574 218
13 17 37 17
13 18 409 664
13 19 87 526
13 20 749 879
13 21 597 235
13 22 96 241
13 23 211 334
13 24 776 460
14 15 908 731
14 16 83 552
14 17 164 703
14 18 151 27
14 19 115 260
14 20 146 92
14 21 247 36
14 22 416 275
14 23 659 537
14 24 495 124
15 16 578 135
15 17 39 480
15 18 879 535
15 19 399 587
15 20 968 116
15 21 945 853
15 22 987 848
15 23 130 255
15 24 501 221
16 17 574 706
16 18 531 916
16 19 937 882
16 20 315 430
16 21 537 295
16 22 976 710
16 23 351 350
16 24 917 442
17 18 724 529
17 19 852 207
17 20 751 228
17 21 690 169
17 22 27 463
17 23 411 69
17 24 144 795
18 19 443 32
18 20 511 725
18 21 527 166
18 22 1000 607
18 23 928 195
18 24 787 714
19 20 670 971
19 21 314 576
19 22 655 864
19 23 649 772
19 24 387 23
20 21 68 506
20 22 861 94
20 23 394 281
20 24 104 465
21 22 599 848
21 23 643 259
21 24 345 564
22 23 832 311
22 24 848 221
23 24 186 468
0
306
1205 10153
1211 10089
1217 9927
1223 9863
1230 9655
1236 9591
1242 9429
1248 9365
1257 9301
1265 9206
1270 8939
1276 8875
1287 8871
1298 8673
1309 8669
1317 8634
1323 8570
1332 8551
1338 8285
1344 8221
1355 8217
1366 8019
1377 8015
1391 7975
1402 7971
1414 7916
1416 7871
1417 7842
1422 7807
1433 7803
1435 7797
1444 7605
1445 7576
1456 7572
1473 7539
1484 7535
1493 7473
1495 7428
1506 7424
1512 7399
1513 7383
1514 7354
1523 7162
1534 7158
1551 7125
1552 7096
1563 7092
1573 7074
1583 7065
1585 7020
1592 6940
1603 6936
1613 6754
1624 6750
1630 6682
1641 6678
1651 6660
1662 6656
1678 6647
1679 6623
1680 6594
1682 6532
1693 6528
1699 6460
1710 6456
1720 6274
1731 6270
1741 6252
1752 6248
1758 6180
1769 6176
1789 6052
1800 6048
1810 6030
1821 6026
1827 5958
1838 5954
1848 5772
1859 5768
1898 5767
1900 5759
1911 5755
1917 5550
1928 5546
1951 5537
1962 5533
1987 5427
1988 5359
1990 5351
2001 5347
2008 5325
2020 5315
2031 5311
2058 5236
2059 5129
2070 5125
2091 5124
2102 5120
2111 5090
2129 5006
2130 4938
2141 4934
2150 4904
2182 4899
2200 4815
2211 4811
2220 4781
2221 4713
2284 4712
2285 4644
2291 4590
2351 4576
2355 4521
2366 4517
2369 4509
2379 4500
2421 4453
2432 4449
2433 4440
2440 4431
2441 4419
2442 4351
2504 4348
2506 4282
2512 4228
2576 4159
2587 4155
2590 4147
2600 4138
2650 4093
2654 4078
2661 4069
2665 4066
2678 4057
2712 4055
2716 4025
2725 4000
2729 3997
2735 3943
2737 3923
2799 3874
2801 3854
2807 3800
2871 3731
2882 3727
2885 3719
2895 3710
2949 3650
2956 3641
2960 3638
2973 3629
3007 3627
3015 3620
3020 3572
3024 3569
3030 3515
3094 3446
3105 3442
3108 3434
3118 3425
3172 3365
3183 3361
3196 3344
3230 3342
3238 3335
3262 3316
3273 3312
3282 3304
3284 3282
3295 3278
3308 3261
3350 3252
3362 3209
3373 3205
3376 3197
3390 3188
3440 3128
3451 3124
3468 3107
3502 3105
3510 3098
3533 3075
3544 3071
3550 3067
3552 3045
3563 3041
3580 3024
3622 3015
3634 2972
3645 2968
3648 2960
3704 2959
3712 2891
3723 2887
3757 2885
3761 2881
3782 2878
3803 2872
3805 2838
3816 2834
3824 2808
3835 2804
3917 2755
3925 2741
3959 2739
3963 2735
4004 2701
4005 2665
4016 2661
4037 2658
4097 2648
4116 2618
4130 2605
4140 2596
4209 2565
4218 2515
4297 2475
4397 2461
4428 2460
4429 2452
4431 2443
4445 2433
4455 2424
4471 2401
4533 2343
4640 2331
4642 2312
4708 2310
4742 2298
4746 2271
4786 2229
4857 2228
4878 2180
4985 2168
4999 2157
5016 2145
5091 2108
5131 2066
5202 2065
5238 2054
5240 2044
5269 2031
5340 2030
5343 2024
5344 1994
5361 1982
5453 1972
5455 1951
5536 1949
5554 1948
5562 1939
5564 1929
5593 1916
5614 1868
5685 1867
5723 1846
5817 1844
5826 1826
5869 1805
5922 1804
5938 1753
6037 1750
6047 1731
6150 1711
6246 1689
6265 1674
6355 1667
6361 1635
6446 1630
6566 1629
6573 1593
6658 1588
6669 1571
6688 1556
6773 1551
6881 1529
6989 1511
6996 1492
7127 1488
7219 1467
7242 1451
7297 1447
7418 1446
7465 1426
7543 1406
7669 1393
7726 1382
7829 1379
7892 1368
7915 1352
7944 1342
7972 1341
8075 1338
8138 1327
8190 1301
8399 1283
8504 1273
8611 1271
8645 1242
8931 1228
9137 1202
9245 1200
9352 1198
9386 1169
10122 1162
10293 1137
