50 1225
0 1 111 837
0 2 858 580
0 3 124 877
0 4 839 825
0 5 785 591
0 6 212 740
0 7 854 885
0 8 876 315
0 9 501 479
0 10 819 763
0 11 379 953
0 12 42 924
0 13 405 769
0 14 355 176
0 15 20 522
0 16 104 912
0 17 140 234
0 18 361 756
0 19 552 702
0 20 165 535
0 21 481 900
0 22 973 520
0 23 398 864
0 24 364 84
0 25 415 254
0 26 208 760
0 27 683 831
0 28 794 979
0 29 382 668
0 30 179 641
0 31 429 854
0 32 216 155
0 33 920 444
0 34 843 724
0 35 773 927
0 36 800 543
0 37 656 583
0 38 708 498
0 39 48 723
0 40 972 732
0 41 376 620
0 42 393 151
0 43 956 174
0 44 802 36
0 45 944 898
0 46 346 983
0 47 102 860
0 48 125 511
0 49 947 292
1 2 201 984
1 3 333 904
1 4 256 380
1 5 905 7
1 6 113 453
1 7 598 801
1 8 411 263
1 9 161 853
1 10 597 337
1 11 233 148
1 12 597 469
1 13 730 300
1 14 521 532
1 15 373 821
1 16 70 500
1 17 667 271
1 18 212 108
1 19 680 72
1 20 518 756
1 21 414 143
1 22 272 997
1 23 746 600
1 24 586 315
1 25 584 874
1 26 97 965
1 27 670 242
1 28 638 639
1 29 293 215
1 30 784 186
1 31 16 903
1 32 198 984
1 33 827 851
1 34 713 868
1 35 869 821
1 36 749 30
1 37 824 895
1 38 278 830
1 39 384 629
1 40 646 956
1 41 373 72
1 42 593 459
1 43 741 405
1 44 624 608
1 45 722 516
1 46 798 200
1 47 45 653
1 48 68 681
1 49 161 180
2 3 328 280
2 4 232 324
2 5 169 726
2 6 798 360
2 7 711 175
2 8 697 60
2 9 722 546
2 10 207 247
2 11 496 305
2 12 659 214
2 13 609 328
2 14 121 840
2 15 128 853
2 16 132 116
2 17 522 350
2 18 250 957
2 19 401 890
2 20 673 325
2 21 814 573
2 22 345 38
2 23 318 879
2 24 74 792
2 25 552 380
2 26 793 504
2 27 130 772
2 28 562 736
2 29 292 76
2 30 365 263
2 31 358 237
2 32 588 216
2 33 183 334
2 34 35 758
2 35 246 941
2 36 525 698
2 37 736 875
2 38 990 486
2 39 723 985
2 40 821 275
2 41 300 601
2 42 767 166
2 43 580 171
2 44 352 165
2 45 941 904
2 46 549 39
2 47 757 835
2 48 30 998
2 49 273 803
3 4 812 554
3 5 204 38
3 6 535 590
3 7 681 474
3 8 274 45
3 9 843 854
3 10 49 590
3 11 902 471
3 12 990 298
3 13 789 387
3 14 608 184
3 15 554 878
3 16 837 396
3 17 564 152
3 18 660 522
3 19 932 880
3 20 895 112
3 21 45 265
3 22 10 167
3 23 763 281
3 24 250 745
3 25 695 198
3 26 374 329
3 27 816 139
3 28 888 118
3 29 788 226
3 30 576 149
3 31 531 37
3 32 665 869
3 33 591 146
3 34 576 401
3 35 347 173
3 36 299 92
3 37 753 783
3 38 218 978
3 39 532 886
3 40 207 846
3 41 830 925
3 42 861 419
3 43 211 937
3 44 547 33
3 45 478 100
3 46 7 400
3 47 724 895
3 48 298 42
3 49 855 131
4 5 547 953
4 6 265 731
4 7 868 75
4 8 937 36
4 9 835 493
4 10 449 163
4 11 422 402
4 12 195 333
4 13 34 118
4 14 848 644
4 15 211 761
4 16 422 730
4 17 526 503
4 18 626 59
4 19 997 632
4 20 131 247
4 21 210 691
4 22 458 809
4 23 475 561
4 24 644 637
4 25 81 653
4 26 156 823
4 27 739 559
4 28 932 487
4 29 609 442
4 30 199 329
4 31 742 7
4 32 575 131
4 33 218 464
4 34 523 78
4 35 334 503
4 36 334 598
4 37 400 154
4 38 935 950
4 39 60 24
4 40 863 623
4 41 190 258
4 42 57 726
4 43 815 331
4 44 630 191
4 45 673 629
4 46 707 256
4 47 577 900
4 48 464 356
4 49 692 405
5 6 265 273
5 7 959 657
5 8 41 53
5 9 579 656
5 10 169 837
5 11 718 60
5 12 696 893
5 13 575 620
5 14 982 962
5 15 659 178
5 16 103 155
5 17 673 669
5 18 67 752
5 19 916 663
5 20 630 635
5 21 376 212
5 22 206 404
5 23 851 317
5 24 320 199
5 25 346 69
5 26 632 983
5 27 564 97
5 28 347 857
5 29 800 373
5 30 722 40
5 31 469 630
5 32 656 902
5 33 35 837
5 34 620 449
5 35 728 464
5 36 2 157
5 37 970 322
5 38 889 578
5 39 444 100
5 40 37 639
5 41 119 659
5 42 87 271
5 43 917 831
5 44 481 847
5 45 339 586
5 46 144 643
5 47 209 498
5 48 428 452
5 49 357 704
6 7 306 931
6 8 777 400
6 9 47 349
6 10 640 272
6 11 133 134
6 12 537 9
6 13 768 12
6 14 537 845
6 15 379 113
6 16 867 594
6 17 258 682
6 18 413 339
6 19 602 928
6 20 769 777
6 21 629 517
6 22 916 188
6 23 27 770
6 24 417 708
6 25 753 881
6 26 486 80
6 27 358 40
6 28 646 780
6 29 757 338
6 30 81 338
6 31 792 789
6 32 283 56
6 33 960 96
6 34 494 802
6 35 232 550
6 36 867 888
6 37 550 683
6 38 409 792
6 39 75 299
6 40 658 798
6 41 95 844
6 42 434 676
6 43 428 529
6 44 795 543
6 45 90 142
6 46 458 44
6 47 866 57
6 48 736 444
6 49 438 89
7 8 705 163
7 9 294 516
7 10 930 299
7 11 597 169
7 12 930 318
7 13 454 577
7 14 906 649
7 15 27 665
7 16 626 337
7 17 542 905
7 18 239 975
7 19 761 86
7 20 171 618
7 21 59 484
7 22 940 574
7 23 580 91
7 24 914 219
7 25 72 870
7 26 653 461
7 27 585 224
7 28 57 335
7 29 915 522
7 30 786 249
7 31 227 497
7 32 976 28
7 33 359 636
7 34 368 721
7 35 666 546
7 36 187 995
7 37 847 969
7 38 640 321
7 39 892 826
7 40 209 381
7 41 480 787
7 42 35 254
7 43 672 570
7 44 345 954
7 45 322 924
7 46 700 420
7 47 969 743
7 48 539 598
7 49 613 47
8 9 411 601
8 10 490 409
8 11 118 910
8 12 293 941
8 13 946 532
8 14 65 584
8 15 485 375
8 16 60 991
8 17 847 8
8 18 533 689
8 19 186 365
8 20 934 456
8 21 613 153
8 22 359 401
8 23 715 701
8 24 30 459
8 25 414 945
8 26 501 283
8 27 777 369
8 28 726 592
8 29 243 900
8 30 562 728
8 31 14 193
8 32 578 849
8 33 961 112
8 34 694 265
8 35 987 116
8 36 753 519
8 37 405 171
8 38 115 897
8 39 205 649
8 40 846 306
8 41 312 674
8 42 37 676
8 43 990 513
8 44 872 538
8 45 973 181
8 46 123 938
8 47 802 253
8 48 508 342
8 49 432 100
9 10 260 523
9 11 704 571
9 12 302 265
9 13 363 484
9 14 460 392
9 15 763 461
9 16 411 301
9 17 973 339
9 18 587 537
9 19 534 493
9 20 308 283
9 21 85 205
9 22 544 620
9 23 454 816
9 24 185 595
9 25 778 700
9 26 297 971
9 27 14 901
9 28 307 964
9 29 993 441
9 30 3 289
9 31 497 7
9 32 632 421
9 33 342 622
9 34 344 229
9 35 168 765
9 36 964 439
9 37 253 315
9 38 158 267
9 39 746 570
9 40 129 472
9 41 369 895
9 42 430 915
9 43 814 863
9 44 560 572
9 45 33 762
9 46 237 616
9 47 581 494
9 48 559 357
9 49 867 879
10 11 850 891
10 12 359 325
10 13 32 535
10 14 210 243
10 15 490 252
10 16 860 534
10 17 734 130
10 18 999 72
10 19 904 516
10 20 352 255
10 21 528 24
10 22 958 4
10 23 785 363
10 24 532 456
10 25 255 767
10 26 16 62
10 27 230 342
10 28 707 890
10 29 418 682
10 30 768 601
10 31 669 876
10 32 616 625
10 33 84 132
10 34 382 519
10 35 732 298
10 36 406 735
10 37 263 893
10 38 897 415
10 39 881 146
10 40 918 197
10 41 262 98
10 42 530 349
10 43 657 138
10 44 991 32
10 45 369 161
10 46 49 703
10 47 255 151
10 48 206 189
10 49 794 77
11 12 103 903
11 13 251 985
11 14 124 470
11 15 94 296
11 16 832 178
11 17 189 470
11 18 925 611
11 19 373 551
11 20 860 510
11 21 286 293
11 22 985 170
11 23 612 59
11 24 976 962
11 25 540 390
11 26 893 909
11 27 168 890
11 28 85 185
11 29 663 748
11 30 663 337
11 31 525 516
11 32 941 357
11 33 253 789
11 34 329 987
11 35 21 96
11 36 278 712
11 37 766 440
11 38 762 527
11 39 314 962
11 40 508 724
11 41 809 237
11 42 542 25
11 43 808 915
11 44 478 20
11 45 833 738
11 46 825 789
11 47 397 304
11 48 362 200
11 49 918 677
12 13 132 292
12 14 130 635
12 15 871 900
12 16 844 917
12 17 531 694
12 18 383 963
12 19 296 123
12 20 538 780
12 21 401 448
12 22 166 261
12 23 550 139
12 24 132 377
12 25 54 984
12 26 256 823
12 27 86 552
12 28 3 228
12 29 392 706
12 30 954 333
12 31 555 108
12 32 838 678
12 33 877 45
12 34 764 423
12 35 618 447
12 36 135 831
12 37 45 98
12 38 139 617
12 39 255 81
12 40 77 54
12 41 527 726
12 42 785 903
12 43 161 561
12 44 507 74
12 45 818 81
12 46 403 514
12 47 61 87
12 48 321 837
12 49 83 73
13 14 560 45
13 15 505 810
13 16 970 373
13 17 596 963
13 18 866 636
13 19 170 523
13 20 279 210
13 21 417 174
13 22 44 967
13 23 394 905
13 24 613 33
13 25 427 585
13 26 801 330
13 27 851 457
13 28 288 319
13 29 882 662
13 30 363 227
13 31 809 368
13 32 116 96
13 33 254 784
13 34 901 879
13 35 727 388
13 36 44 732
13 37 486 308
13 38 399 850
13 39 329 625
13 40 600 279
13 41 841 689
13 42 829 122
13 43 573 369
13 44 399 581
13 45 264 709
13 46 693 752
13 47 775 623
13 48 663 670
13 49 776 671
14 15 503 897
14 16 229 867
14 17 117 518
14 18 539 48
14 19 604 407
14 20 226 300
14 21 260 155
14 22 373 479
14 23 408 769
14 24 987 915
14 25 351 50
14 26 31 754
14 27 74 572
14 28 576 180
14 29 496 400
14 30 569 272
14 31 221 136
14 32 513 207
14 33 839 126
14 34 897 176
14 35 656 659
14 36 358 439
14 37 783 882
14 38 712 1000
14 39 759 128
14 40 397 38
14 41 652 302
14 42 656 717
14 43 402 8
14 44 260 26
14 45 947 590
14 46 785 372
14 47 908 736
14 48 471 786
14 49 60 676
15 16 195 397
15 17 307 385
15 18 541 364
15 19 985 226
15 20 900 17
15 21 20 751
15 22 761 859
15 23 956 23
15 24 228 723
15 25 204 275
15 26 609 633
15 27 140 267
15 28 201 725
15 29 343 650
15 30 811 166
15 31 394 341
15 32 167 849
15 33 400 326
15 34 940 206
15 35 699 788
15 36 356 263
15 37 979 34
15 38 69 226
15 39 493 939
15 40 998 144
15 41 257 402
15 42 766 192
15 43 145 802
15 44 970 90
15 45 249 248
15 46 943 802
15 47 827 341
15 48 832 236
15 49 117 674
16 17 357 968
16 18 422 213
16 19 416 665
16 20 227 990
16 21 370 68
16 22 95 474
16 23 318 770
16 24 386 335
16 25 976 756
16 26 715 591
16 27 491 768
16 28 858 70
16 29 219 192
16 30 158 88
16 31 235 800
16 32 983 32
16 33 545 900
16 34 567 132
16 35 235 929
16 36 799 140
16 37 74 108
16 38 589 150
16 39 576 672
16 40 332 969
16 41 271 152
16 42 879 709
16 43 309 171
16 44 237 274
16 45 610 519
16 46 23 600
16 47 81 944
16 48 469 916
16 49 539 32
17 18 364 672
17 19 64 841
17 20 263 382
17 21 963 47
17 22 566 462
17 23 975 480
17 24 145 174
17 25 104 776
17 26 646 123
17 27 221 162
17 28 145 124
17 29 907 129
17 30 76 46
17 31 635 258
17 32 114 924
17 33 834 902
17 34 21 412
17 35 905 256
17 36 308 892
17 37 349 50
17 38 414 390
17 39 373 732
17 40 921 981
17 41 89 615
17 42 64 45
17 43 431 477
17 44 31 122
17 45 652 831
17 46 236 742
17 47 665 899
17 48 236 860
17 49 174 503
18 19 519 647
18 20 138 365
18 21 549 734
18 22 674 871
18 23 929 519
18 24 373 326
18 25 748 284
18 26 390 607
18 27 258 264
18 28 588 713
18 29 886 184
18 30 903 526
18 31 200 757
18 32 634 793
18 33 983 140
18 34 887 382
18 35 489 412
18 36 200 148
18 37 544 827
18 38 576 31
18 39 373 128
18 40 955 484
18 41 399 12
18 42 518 738
18 43 247 857
18 44 307 23
18 45 966 838
18 46 501 346
18 47 88 432
18 48 519 943
18 49 922 429
19 20 118 131
19 21 488 879
19 22 235 369
19 23 771 258
19 24 380 879
19 25 228 361
19 26 668 52
19 27 182 312
19 28 945 850
19 29 183 315
19 30 829 699
19 31 204 615
19 32 464 866
19 33 19 610
19 34 843 521
19 35 979 811
19 36 570 146
19 37 710 916
19 38 126 553
19 39 315 509
19 40 285 419
19 41 604 718
19 42 367 653
19 43 664 756
19 44 799 240
19 45 645 560
19 46 263 332
19 47 306 895
19 48 76 336
19 49 885 203
20 21 717 989
20 22 204 871
20 23 109 331
20 24 284 573
20 25 401 488
20 26 492 794
20 27 415 963
20 28 310 912
20 29 244 857
20 30 827 34
20 31 891 977
20 32 300 190
20 33 221 663
20 34 66 649
20 35 596 610
20 36 927 226
20 37 63 742
20 38 195 47
20 39 161 546
20 40 387 88
20 41 866 267
20 42 125 714
20 43 839 677
20 44 929 492
20 45 489 15
20 46 122 850
20 47 2 188
20 48 620 189
20 49 449 43
21 22 98 209
21 23 624 477
21 24 906 819
21 25 854 676
21 26 182 842
21 27 586 890
21 28 683 23
21 29 282 555
21 30 673 278
21 31 829 545
21 32 646 815
21 33 349 960
21 34 633 752
21 35 415 498
21 36 876 407
21 37 313 310
21 38 378 295
21 39 472 626
21 40 369 102
21 41 888 877
21 42 174 745
21 43 155 206
21 44 419 356
21 45 924 647
21 46 613 475
21 47 878 686
21 48 111 680
21 49 706 519
22 23 828 618
22 24 317 994
22 25 100 737
22 26 761 866
22 27 106 396
22 28 973 341
22 29 775 470
22 30 901 11
22 31 795 545
22 32 466 917
22 33 591 472
22 34 658 31
22 35 764 925
22 36 237 808
22 37 583 948
22 38 430 771
22 39 552 411
22 40 598 745
22 41 496 753
22 42 619 915
22 43 780 294
22 44 293 194
22 45 989 610
22 46 828 225
22 47 907 849
22 48 33 1
22 49 508 722
23 24 632 965
23 25 467 93
23 26 886 779
23 27 870 379
23 28 540 201
23 29 25 253
23 30 207 72
23 31 737 576
23 32 705 530
23 33 82 715
23 34 942 619
23 35 793 126
23 36 148 430
23 37 105 879
23 38 251 795
23 39 172 519
23 40 939 682
23 41 965 651
23 42 181 416
23 43 908 442
23 44 953 365
23 45 160 633
23 46 284 609
23 47 290 671
23 48 931 425
23 49 921 679
24 25 66 387
24 26 287 470
24 27 616 287
24 28 309 421
24 29 675 603
24 30 757 971
24 31 99 517
24 32 841 139
24 33 298 74
24 34 642 612
24 35 872 186
24 36 408 927
24 37 649 114
24 38 715 2
24 39 488 857
24 40 93 177
24 41 406 291
24 42 818 87
24 43 153 494
24 44 677 793
24 45 159 263
24 46 324 461
24 47 305 429
24 48 988 562
24 49 249 21
25 26 753 145
25 27 16 682
25 28 920 470
25 29 694 650
25 30 361 331
25 31 573 537
25 32 198 441
25 33 993 961
25 34 8 899
25 35 131 797
25 36 643 486
25 37 937 176
25 38 923 222
25 39 657 503
25 40 77 368
25 41 963 717
25 42 612 391
25 43 637 67
25 44 35 278
25 45 723 637
25 46 644 122
25 47 960 493
25 48 391 664
25 49 928 802
26 27 184 445
26 28 548 891
26 29 265 189
26 30 873 940
26 31 552 513
26 32 511 62
26 33 143 767
26 34 247 603
26 35 210 557
26 36 505 278
26 37 477 711
26 38 175 704
26 39 769 437
26 40 168 161
26 41 76 49
26 42 484 583
26 43 840 750
26 44 845 356
26 45 519 435
26 46 800 678
26 47 245 649
26 48 390 94
26 49 190 565
27 28 560 567
27 29 410 68
27 30 666 426
27 31 775 215
27 32 487 523
27 33 297 245
27 34 550 199
27 35 125 912
27 36 645 593
27 37 904 873
27 38 677 932
27 39 386 711
27 40 328 388
27 41 492 689
27 42 541 268
27 43 500 460
27 44 893 809
27 45 552 868
27 46 931 212
27 47 225 68
27 48 888 601
27 49 888 933
28 29 637 406
28 30 662 939
28 31 647 877
28 32 535 277
28 33 712 810
28 34 116 624
28 35 834 145
28 36 347 299
28 37 39 235
28 38 209 363
28 39 512 569
28 40 349 760
28 41 464 358
28 42 132 92
28 43 378 578
28 44 458 568
28 45 743 898
28 46 846 331
28 47 259 554
28 48 365 485
28 49 72 265
29 30 10 396
29 31 170 634
29 32 965 697
29 33 505 455
29 34 544 626
29 35 597 261
29 36 502 821
29 37 253 327
29 38 383 36
29 39 656 703
29 40 740 254
29 41 291 409
29 42 290 234
29 43 506 827
29 44 448 215
29 45 949 209
29 46 755 183
29 47 714 443
29 48 976 410
29 49 475 140
30 31 758 805
30 32 455 677
30 33 110 826
30 34 470 492
30 35 178 303
30 36 84 602
30 37 592 485
30 38 577 229
30 39 433 888
30 40 708 873
30 41 40 729
30 42 847 197
30 43 340 720
30 44 430 342
30 45 147 928
30 46 697 652
30 47 358 435
30 48 99 446
30 49 1 425
31 32 649 531
31 33 493 545
31 34 762 292
31 35 155 810
31 36 854 338
31 37 375 837
31 38 381 517
31 39 447 48
31 40 940 732
31 41 702 791
31 42 373 966
31 43 841 158
31 44 878 713
31 45 611 862
31 46 375 226
31 47 673 805
31 48 839 304
31 49 980 497
32 33 838 715
32 34 906 211
32 35 227 413
32 36 958 445
32 37 794 39
32 38 678 945
32 39 895 789
32 40 897 953
32 41 302 263
32 42 820 268
32 43 47 500
32 44 937 484
32 45 123 28
32 46 23 917
32 47 363 42
32 48 699 417
32 49 919 19
33 34 580 338
33 35 547 837
33 36 125 102
33 37 328 732
33 38 42 714
33 39 203 335
33 40 398 232
33 41 634 887
33 42 490 807
33 43 374 194
33 44 873 917
33 45 126 967
33 46 501 791
33 47 656 213
33 48 644 738
33 49 314 828
34 35 522 65
34 36 652 36
34 37 369 522
34 38 546 826
34 39 174 227
34 40 10 177
34 41 82 354
34 42 227 628
34 43 366 953
34 44 69 445
34 45 132 192
34 46 814 94
34 47 50 620
34 48 218 973
34 49 349 560
35 36 864 888
35 37 818 350
35 38 296 355
35 39 915 28
35 40 459 918
35 41 164 367
35 42 538 858
35 43 189 239
35 44 260 992
35 45 772 463
35 46 479 747
35 47 739 861
35 48 509 452
35 49 943 685
36 37 90 993
36 38 720 792
36 39 259 154
36 40 441 390
36 41 542 694
36 42 371 145
36 43 660 262
36 44 688 825
36 45 103 970
36 46 787 721
36 47 169 643
36 48 754 274
36 49 172 691
37 38 481 258
37 39 155 715
37 40 99 742
37 41 461 730
37 42 258 326
37 43 416 883
37 44 508 257
37 45 580 506
37 46 124 382
37 47 746 95
37 48 76 991
37 49 39 994
38 39 682 963
38 40 543 744
38 41 649 632
38 42 15 931
38 43 619 13
38 44 294 400
38 45 190 886
38 46 243 486
38 47 49 56
38 48 116 78
38 49 655 659
39 40 611 686
39 41 163 657
39 42 251 992
39 43 792 265
39 44 489 39
39 45 129 596
39 46 770 633
39 47 305 601
39 48 277 60
39 49 549 986
40 41 38 782
40 42 362 848
40 43 884 952
40 44 189 505
40 45 394 310
40 46 8 749
40 47 506 626
40 48 661 862
40 49 880 558
41 42 859 530
41 43 620 773
41 44 568 8
41 45 228 883
41 46 893 974
41 47 34 161
41 48 367 33
41 49 246 822
42 43 988 962
42 44 711 787
42 45 507 470
42 46 525 712
42 47 327 265
42 48 363 233
42 49 394 219
43 44 150 502
43 45 234 414
43 46 717 121
43 47 84 98
43 48 55 208
43 49 433 948
44 45 303 838
44 46 835 3
44 47 397 465
44 48 683 126
44 49 490 170
45 46 33 14
45 47 5 798
45 48 206 370
45 49 127 709
46 47 429 904
46 48 116 513
46 49 553 825
47 48 377 754
47 49 424 751
48 49 263 348
0
1811
1228 23883
1231 23813
1233 23643
1236 23472
1239 23402
1240 23184
1243 23114
1245 22944
1248 22773
1251 22703
1252 22564
1253 22533
1255 22494
1256 22463
1257 22324
1260 22254
1261 22241
1262 22182
1264 22171
1265 22032
1268 21962
1270 21866
1273 21820
1274 21657
1275 21626
1278 21574
1279 21417
1282 21365
1283 21334
1284 21275
1287 21125
1291 21116
1292 20983
1297 20979
1298 20846
1305 20723
1307 20704
1310 20583
1312 20562
1314 20504
1316 20446
1318 20425
1319 20362
1322 20317
1325 20225
1328 20180
1330 20162
1332 20102
1334 20083
1335 20057
1336 20025
1337 19962
1339 19941
1342 19896
1343 19825
1345 19804
1348 19759
1349 19696
1352 19681
1355 19559
1357 19541
1362 19436
1363 19404
1366 19400
1369 19275
1372 19263
1375 19138
1381 19124
1382 19015
1384 19000
1387 18987
1389 18895
1390 18863
1393 18858
1396 18734
1399 18721
1402 18597
1408 18583
1409 18474
1414 18446
1417 18414
1419 18395
1420 18317
1423 18277
1426 18180
1430 18154
1433 18057
1439 17977
1445 17960
1446 17854
1452 17837
1453 17768
1454 17737
1457 17697
1460 17657
1463 17560
1467 17534
1470 17437
1477 17351
1484 17240
1491 17117
1498 17031
1506 16992
1509 16952
1512 16855
1519 16769
1525 16705
1527 16672
1532 16582
1533 16535
1539 16496
1540 16449
1546 16385
1553 16262
1560 16176
1568 16137
1571 16097
1574 16000
1581 15914
1587 15884
1589 15817
1594 15798
1595 15680
1602 15594
1618 15561
1623 15475
1624 15428
1631 15342
1638 15292
1644 15155
1653 15102
1660 15092
1661 15073
1663 15071
1664 14985
1667 14936
1671 14899
1674 14850
1689 14800
1692 14780
1693 14733
1695 14663
1700 14647
1703 14598
1707 14597
1710 14548
1713 14460
1716 14411
1722 14407
1725 14358
1732 14348
1733 14295
1740 14209
1742 14208
1745 14159
1751 14155
1754 14106
1758 14105
1761 14056
1762 14043
1764 13968
1767 13919
1774 13909
1776 13907
1780 13905
1781 13896
1782 13770
1792 13760
1793 13716
1796 13667
1805 13655
1810 13646
1811 13518
1820 13506
1822 13466
1823 13457
1825 13417
1832 13402
1836 13367
1838 13308
1840 13268
1849 13256
1852 13207
1859 13205
1861 13152
1865 13115
1867 13058
1872 13016
1886 12995
1892 12905
1893 12900
1897 12865
1899 12806
1901 12766
1920 12750
1922 12650
1926 12613
1928 12556
1938 12534
1944 12530
1947 12497
1953 12403
1962 12386
1963 12381
1969 12374
1970 12362
1971 12320
1977 12294
1985 12282
1987 12233
1990 12217
1995 12209
1996 12164
1997 12152
1998 12124
2004 12084
2014 12062
2019 12008
2022 11999
2023 11971
2025 11914
2035 11892
2041 11888
2044 11855
2047 11848
2050 11761
2059 11744
2060 11739
2066 11735
2067 11720
2068 11678
2074 11652
2082 11640
2084 11591
2087 11575
2092 11567
2093 11525
2094 11510
2099 11499
2101 11442
2111 11420
2117 11416
2119 11357
2126 11289
2135 11272
2136 11267
2142 11263
2144 11206
2153 11187
2154 11184
2156 11171
2158 11168
2160 11119
2163 11103
2169 11053
2178 11036
2179 11031
2181 11018
2183 11015
2185 11003
2187 10999
2188 10950
2197 10933
2198 10928
2203 10883
2206 10867
2210 10850
2212 10846
2216 10845
2219 10833
2220 10828
2222 10780
2226 10779
2231 10714
2240 10697
2241 10692
2244 10680
2245 10676
2247 10664
2249 10660
2253 10643
2257 10642
2258 10612
2260 10609
2263 10593
2265 10544
2272 10511
2274 10507
2279 10506
2281 10494
2282 10489
2284 10485
2287 10471
2288 10440
2297 10423
2298 10418
2301 10405
2302 10404
2303 10402
2304 10390
2305 10388
2306 10341
2308 10337
2315 10304
2321 10301
2322 10270
2329 10237
2330 10235
2331 10233
2338 10220
2339 10215
2340 10213
2341 10211
2343 10201
2344 10199
2345 10197
2346 10185
2347 10183
2348 10181
2349 10134
2357 10133
2358 10122
2359 10112
2363 10067
2364 10065
2365 10063
2371 10032
2372 10030
2373 10028
2380 10015
2381 10010
2382 10008
2383 10006
2386 9994
2389 9978
2395 9966
2399 9956
2400 9926
2405 9862
2406 9860
2407 9858
2414 9825
2423 9808
2424 9803
2432 9796
2433 9786
2436 9763
2437 9761
2438 9759
2442 9749
2443 9747
2444 9728
2445 9726
2446 9724
2448 9655
2457 9643
2458 9633
2467 9621
2478 9558
2479 9556
2480 9554
2487 9521
2496 9504
2501 9503
2502 9501
2505 9467
2514 9455
2516 9443
2521 9351
2530 9339
2539 9335
2543 9298
2552 9286
2563 9285
2567 9275
2568 9272
2569 9238
2570 9236
2571 9234
2578 9201
2591 9185
2592 9183
2593 9181
2596 9147
2602 9143
2603 9141
2604 9139
2605 9131
2607 9123
2611 9065
2612 9031
2621 9019
2632 9018
2633 9012
2634 8978
2643 8966
2645 8936
2654 8924
2663 8920
2667 8883
2676 8871
2686 8861
2691 8860
2693 8823
2694 8821
2695 8819
2696 8811
2702 8745
2711 8733
2720 8732
2724 8692
2733 8680
2736 8616
2745 8604
2756 8603
2758 8563
2767 8551
2778 8550
2782 8540
2786 8525
2795 8502
2797 8486
2806 8474
2807 8473
2808 8472
2814 8461
2817 8449
2819 8433
2820 8396
2829 8384
2840 8378
2842 8343
2848 8332
2851 8331
2856 8328
2857 8320
2858 8297
2860 8292
2867 8283
2869 8280
2870 8279
2876 8271
2879 8267
2880 8244
2882 8239
2889 8230
2891 8227
2892 8168
2912 8155
2914 8115
2931 8058
2951 8045
2953 8005
2971 7998
2973 7992
2975 7985
2976 7948
2992 7928
2998 7895
3004 7884
3012 7880
3014 7875
3015 7838
3023 7835
3026 7831
3034 7827
3037 7785
3043 7774
3051 7770
3055 7734
3062 7725
3065 7721
3073 7717
3076 7708
3077 7681
3084 7672
3088 7664
3096 7660
3098 7655
3100 7624
3110 7611
3116 7604
3122 7571
3127 7554
3135 7550
3139 7514
3147 7511
3149 7501
3157 7497
3161 7461
3169 7458
3174 7441
3182 7437
3185 7425
3186 7401
3196 7388
3200 7384
3207 7372
3208 7348
3220 7336
3222 7331
3224 7315
3232 7312
3234 7302
3242 7283
3246 7262
3254 7259
3257 7258
3259 7226
3267 7223
3269 7213
3271 7202
3281 7173
3289 7170
3293 7149
3305 7137
3306 7113
3316 7100
3320 7096
3327 7084
3328 7060
3342 7043
3344 7027
3352 7024
3354 7014
3362 7011
3366 6974
3374 6971
3377 6970
3379 6954
3389 6930
3391 6914
3401 6901
3405 6897
3413 6861
3427 6844
3435 6841
3440 6824
3452 6784
3462 6771
3470 6761
3474 6731
3492 6708
3500 6705
3503 6704
3505 6688
3514 6671
3515 6664
3517 6648
3527 6635
3531 6631
3539 6595
3553 6578
3561 6575
3566 6558
3578 6518
3588 6505
3600 6465
3618 6458
3628 6445
3639 6433
3640 6405
3666 6401
3676 6386
3679 6373
3702 6364
3711 6347
3712 6340
3714 6324
3724 6311
3728 6307
3736 6271
3750 6254
3758 6251
3763 6234
3775 6194
3785 6181
3797 6141
3815 6134
3825 6121
3836 6109
3837 6081
3863 6077
3873 6062
3876 6049
3901 6042
3912 6030
3913 6002
3932 5996
3943 5984
3952 5970
3971 5969
3978 5966
3981 5965
3983 5924
4008 5917
4019 5905
4025 5900
4032 5893
4047 5890
4057 5886
4059 5845
4078 5844
4085 5841
4088 5840
4099 5828
4101 5821
4108 5814
4127 5813
4134 5810
4138 5781
4139 5768
4154 5765
4164 5761
4175 5749
4181 5744
4193 5742
4203 5734
4214 5705
4215 5689
4234 5688
4241 5685
4256 5681
4257 5665
4283 5661
4293 5641
4294 5625
4310 5609
4335 5595
4354 5594
4361 5591
4370 5549
4389 5545
4412 5525
4430 5515
4449 5485
4465 5469
4490 5455
4509 5454
4532 5431
4540 5426
4544 5405
4582 5402
4585 5375
4623 5374
4635 5346
4642 5344
4658 5328
4683 5314
4702 5313
4714 5301
4725 5290
4733 5285
4736 5280
4737 5264
4765 5257
4777 5250
4778 5234
4806 5227
4825 5226
4827 5221
4828 5205
4848 5203
4852 5198
4855 5196
4860 5177
4896 5166
4901 5147
4929 5139
4946 5137
4948 5130
4951 5118
4958 5116
4970 5109
4974 5100
4999 5086
5018 5085
5020 5080
5030 5073
5041 5062
5045 5057
5048 5055
5052 5052
5053 5036
5089 5025
5093 5022
5094 5006
5127 5000
5139 4996
5143 4993
5144 4977
5166 4975
5168 4970
5191 4961
5210 4960
5211 4958
5215 4953
5218 4941
5223 4932
5240 4930
5241 4923
5245 4911
5264 4902
5281 4900
5286 4881
5314 4873
5320 4859
5336 4852
5356 4848
5360 4845
5361 4829
5406 4819
5410 4816
5411 4800
5433 4798
5435 4794
5452 4789
5458 4784
5477 4783
5478 4781
5483 4776
5485 4774
5490 4755
5507 4753
5512 4734
5531 4725
5548 4723
5553 4704
5581 4696
5598 4694
5603 4675
5627 4669
5644 4664
5660 4663
5672 4656
5679 4654
5694 4635
5701 4633
5718 4629
5729 4625
5746 4618
5751 4604
5775 4598
5784 4593
5796 4589
5803 4584
5820 4582
5825 4563
5853 4555
5870 4553
5875 4534
5899 4528
5916 4523
5932 4522
5944 4515
5951 4513
5952 4502
5966 4494
5973 4492
5990 4488
6001 4484
6002 4473
6023 4463
6043 4462
6047 4457
6064 4452
6068 4448
6092 4442
6093 4433
6100 4431
6114 4423
6138 4417
6145 4416
6150 4402
6174 4396
6191 4391
6195 4387
6215 4386
6216 4377
6236 4376
6237 4365
6241 4362
6265 4356
6282 4355
6286 4347
6287 4336
6311 4330
6328 4325
6343 4316
6363 4315
6367 4310
6378 4296
6385 4294
6402 4290
6413 4286
6430 4279
6434 4276
6435 4265
6459 4259
6476 4254
6480 4250
6504 4244
6521 4239
6526 4225
6550 4219
6571 4210
6578 4208
6595 4204
6606 4200
6623 4198
6628 4179
6652 4173
6666 4171
6669 4168
6697 4160
6709 4159
6714 4158
6718 4154
6719 4139
6743 4133
6764 4129
6768 4125
6792 4121
6800 4119
6809 4114
6814 4100
6859 4085
6866 4083
6894 4075
6911 4073
6915 4070
6916 4054
6957 4043
6985 4035
6997 4034
7002 4033
7007 4014
7072 4007
7076 4005
7082 3998
7088 3994
7108 3984
7129 3976
7160 3974
7165 3970
7170 3965
7189 3964
7198 3957
7199 3955
7220 3936
7231 3934
7267 3930
7281 3924
7290 3915
7312 3914
7313 3909
7317 3901
7322 3894
7372 3890
7387 3887
7392 3885
7397 3878
7403 3874
7404 3869
7439 3863
7444 3856
7475 3854
7479 3853
7480 3850
7485 3849
7494 3846
7503 3837
7525 3836
7526 3831
7530 3823
7535 3816
7566 3814
7585 3807
7600 3802
7610 3800
7616 3796
7617 3791
7632 3781
7667 3780
7682 3777
7688 3776
7692 3775
7693 3772
7698 3771
7707 3765
7713 3761
7714 3756
7749 3755
7754 3743
7779 3736
7798 3729
7809 3727
7813 3724
7835 3723
7836 3718
7845 3703
7876 3701
7895 3694
7900 3687
7926 3683
7927 3678
7958 3676
7968 3671
7977 3667
7982 3662
8003 3659
8008 3658
8017 3656
8022 3649
8050 3646
8057 3644
8058 3643
8059 3642
8065 3636
8081 3630
8089 3623
8108 3616
8113 3609
8144 3607
8163 3605
8169 3604
8170 3603
8171 3598
8178 3595
8188 3593
8190 3589
8195 3584
8210 3574
8245 3573
8260 3570
8266 3569
8270 3568
8271 3565
8272 3564
8278 3558
8291 3554
8292 3549
8327 3548
8332 3536
8357 3529
8382 3526
8391 3517
8413 3516
8414 3511
8423 3496
8454 3494
8473 3492
8495 3491
8498 3480
8504 3476
8505 3471
8536 3469
8546 3464
8555 3460
8576 3456
8580 3455
8581 3452
8586 3451
8611 3450
8617 3449
8621 3448
8623 3444
8628 3439
8635 3437
8637 3435
8643 3429
8663 3427
8667 3416
8702 3415
8712 3414
8717 3412
8724 3409
8725 3404
8736 3403
8742 3400
8748 3396
8749 3391
8768 3382
8799 3380
8818 3378
8824 3372
8830 3371
8843 3366
8849 3362
8850 3357
8856 3351
8887 3349
8906 3347
8921 3342
8925 3341
8926 3338
8931 3335
8937 3331
8938 3326
8969 3324
8980 3323
8988 3315
9008 3313
9009 3311
9012 3302
9057 3300
9062 3298
9065 3296
9068 3292
9070 3290
9087 3286
9093 3282
9094 3277
9100 3271
9135 3270
9139 3268
9150 3267
9169 3258
9175 3255
9181 3251
9182 3246
9201 3237
9232 3235
9251 3233
9257 3230
9258 3227
9263 3226
9276 3221
9282 3217
9283 3212
9314 3210
9334 3209
9339 3207
9340 3202
9354 3197
9358 3196
9359 3193
9364 3192
9390 3191
9395 3190
9396 3188
9404 3187
9410 3182
9413 3178
9434 3177
9436 3172
9441 3168
9445 3157
9495 3153
9516 3152
9519 3147
9520 3141
9526 3137
9527 3132
9572 3123
9601 3122
9602 3116
9603 3113
9608 3112
9647 3107
9653 3103
9654 3098
9678 3097
9684 3093
9685 3088
9729 3082
9730 3079
9735 3078
9741 3074
9760 3072
9766 3068
9805 3063
9811 3059
9812 3054
9844 3052
9850 3048
9868 3040
9887 3038
9893 3034
9899 3030
9943 3024
9949 3020
9973 3018
9974 3014
9980 3010
10024 3009
10026 2996
10058 2994
10064 2990
10095 2989
10101 2980
10107 2976
10141 2974
10159 2968
10182 2965
10187 2960
10217 2958
10223 2952
10238 2951
10245 2950
10257 2949
10262 2944
10268 2940
10298 2938
10307 2932
10309 2931
10341 2929
10347 2925
10350 2918
10384 2915
10390 2911
10424 2909
10429 2904
10442 2903
10459 2902
10468 2896
10470 2895
10481 2893
10488 2892
10506 2887
10511 2882
10541 2880
10545 2879
10551 2875
10581 2873
10590 2867
10614 2865
10619 2864
10625 2860
10633 2853
10667 2851
10674 2850
10689 2849
10699 2848
10702 2844
10712 2839
10742 2837
10749 2834
10751 2831
10755 2830
10764 2828
10771 2827
10786 2824
10794 2817
10824 2815
10835 2814
10839 2812
10862 2806
10874 2803
10897 2800
10902 2799
10908 2795
10916 2794
10925 2792
10932 2791
10951 2790
10955 2786
10957 2785
10980 2784
10982 2783
10985 2779
10992 2777
10998 2772
11023 2770
11032 2769
11038 2765
11058 2764
11063 2763
11069 2759
11077 2758
11090 2757
11102 2755
11112 2754
11116 2750
11118 2749
11129 2747
11136 2746
11145 2741
11159 2736
11189 2734
11193 2733
11199 2729
11224 2727
11232 2726
11238 2721
11262 2719
11273 2714
11275 2712
11281 2707
11306 2705
11330 2704
11336 2703
11350 2698
11360 2693
11386 2691
11393 2690
11399 2685
11412 2682
11419 2681
11434 2678
11436 2676
11442 2671
11472 2669
11487 2666
11512 2664
11516 2662
11522 2657
11545 2654
11556 2649
11573 2646
11580 2645
11603 2644
11610 2643
11621 2640
11627 2638
11633 2633
11648 2630
11678 2628
11687 2624
11694 2623
11706 2618
11717 2613
11754 2612
11762 2608
11771 2607
11787 2606
11791 2604
11797 2599
11820 2596
11839 2592
11848 2588
11855 2587
11891 2585
11896 2582
11897 2580
11917 2577
11923 2572
11960 2571
11975 2565
11981 2560
12023 2559
12029 2554
12065 2549
12096 2546
12102 2541
12109 2540
12145 2538
12151 2533
12186 2530
12193 2529
12208 2528
12215 2527
12227 2522
12229 2518
12235 2513
12283 2512
12292 2511
12308 2510
12312 2508
12313 2507
12318 2503
12319 2502
12341 2500
12360 2496
12369 2492
12376 2491
12412 2489
12417 2486
12418 2484
12438 2481
12444 2476
12481 2475
12496 2469
12502 2464
12544 2463
12550 2458
12586 2453
12617 2450
12623 2445
12630 2444
12666 2442
12672 2437
12707 2434
12714 2433
12750 2422
12756 2417
12834 2411
12840 2406
12904 2405
12911 2404
12914 2403
12920 2398
12943 2397
12949 2392
12972 2391
12978 2386
13031 2382
13033 2381
13037 2377
13051 2376
13062 2375
13086 2373
13092 2368
13121 2366
13137 2361
13176 2357
13215 2355
13221 2350
13247 2349
13253 2344
13285 2343
13301 2342
13306 2338
13330 2336
13337 2333
13359 2330
13387 2327
13412 2326
13414 2325
13418 2321
13432 2320
13443 2319
13467 2317
13473 2312
13502 2310
13528 2307
13534 2304
13548 2303
13557 2301
13583 2300
13587 2298
13589 2295
13618 2293
13634 2288
13666 2287
13673 2284
13687 2282
13713 2280
13718 2277
13750 2276
13756 2273
13768 2271
13797 2270
13798 2269
13803 2265
13829 2263
13840 2262
13856 2257
13884 2254
13909 2251
13915 2248
13929 2247
13940 2246
13964 2244
13968 2242
13970 2239
13999 2237
14023 2233
14051 2232
14052 2231
14054 2228
14084 2225
14098 2224
14107 2222
14133 2221
14137 2217
14139 2216
14168 2214
14184 2209
14210 2207
14221 2206
14223 2205
14259 2203
14263 2201
14265 2198
14300 2197
14306 2194
14318 2192
14348 2190
14373 2189
14374 2188
14379 2184
14390 2183
14406 2178
14432 2176
14434 2175
14459 2174
14465 2169
14479 2168
14490 2167
14514 2165
14520 2160
14549 2158
14598 2154
14601 2153
14604 2149
14677 2148
14678 2145
14681 2143
14687 2138
14701 2137
14754 2133
14760 2128
14771 2127
14809 2124
14815 2119
14896 2118
14899 2117
14903 2115
14909 2113
14924 2109
14962 2106
14976 2102
14982 2097
15023 2095
15047 2094
15071 2091
15098 2090
15100 2089
15101 2086
15107 2084
15131 2083
15155 2080
15172 2076
15184 2075
15198 2074
15203 2073
15204 2072
15228 2071
15238 2069
15252 2068
15256 2065
15268 2064
15287 2062
15298 2061
15311 2059
15312 2056
15318 2054
15342 2053
15366 2050
15406 2049
15408 2048
15412 2044
15414 2043
15461 2040
15467 2035
15479 2034
15509 2031
15533 2028
15574 2026
15576 2025
15604 2021
15628 2018
15634 2013
15675 2011
15699 2010
15701 2009
15723 2007
15731 2006
15749 2005
15754 2004
15755 2003
15759 2000
15783 1999
15795 1998
15807 1996
15815 1991
15839 1990
15845 1988
15863 1987
15869 1985
15893 1984
15911 1980
15939 1978
15941 1977
15963 1975
15965 1974
15970 1970
15994 1969
16006 1968
16018 1966
16030 1965
16060 1962
16066 1959
16127 1956
16131 1955
16155 1952
16161 1947
16185 1944
16226 1942
16250 1941
16252 1940
16276 1939
16278 1938
16282 1937
16286 1934
16310 1931
16334 1930
16342 1925
16366 1922
16390 1921
16396 1919
16431 1918
16438 1914
16462 1911
16490 1909
16492 1908
16497 1904
16521 1901
16545 1900
16557 1899
16592 1897
16593 1893
16617 1890
16660 1889
16682 1886
16693 1882
16712 1878
16753 1876
16778 1875
16779 1874
16805 1872
16815 1868
16837 1865
16863 1864
16873 1862
16874 1860
16893 1856
16928 1854
16934 1853
16969 1851
16970 1849
16989 1845
17022 1844
17024 1843
17029 1839
17048 1835
17089 1834
17125 1828
17144 1824
17211 1820
17241 1818
17244 1813
17285 1811
17310 1810
17311 1809
17331 1808
17337 1807
17347 1803
17366 1799
17407 1798
17424 1793
17425 1791
17465 1789
17466 1788
17486 1787
17520 1782
17521 1780
17578 1778
17580 1770
17661 1768
17676 1759
17742 1757
17743 1755
17773 1753
17792 1749
17834 1747
17862 1745
17863 1743
17876 1742
17888 1738
17898 1734
17959 1732
17995 1728
18018 1722
18057 1720
18098 1717
18110 1713
18114 1711
18180 1709
18181 1707
18211 1705
18212 1699
18303 1698
18309 1693
18326 1690
18336 1686
18423 1684
18424 1678
18466 1676
18494 1674
18495 1672
18536 1669
18548 1665
18590 1663
18645 1659
18650 1651
18741 1650
18747 1645
18845 1642
18862 1630
18904 1628
18959 1624
19001 1622
19078 1620
19120 1618
19123 1615
19165 1613
19209 1611
19220 1609
19262 1607
19306 1605
19363 1599
19405 1597
19411 1596
19453 1594
19460 1593
19502 1586
19544 1583
19599 1580
19641 1577
19708 1575
19739 1574
19750 1573
19756 1562
19798 1560
19853 1556
19895 1554
19972 1552
20014 1550
20017 1547
20059 1545
20103 1543
20114 1541
20156 1539
20200 1537
20258 1535
20281 1533
20305 1528
20347 1526
20396 1518
20438 1516
20493 1512
20535 1510
20602 1507
20644 1505
20657 1503
20699 1501
20743 1499
20754 1497
20796 1495
20840 1493
20863 1492
20898 1491
20905 1490
20945 1484
20987 1482
21042 1478
21084 1476
21145 1469
21187 1467
21242 1463
21284 1461
21338 1460
21380 1458
21406 1454
21448 1452
21492 1450
21503 1448
21545 1446
21589 1444
21641 1443
21647 1442
21685 1441
21694 1435
21736 1433
21791 1429
21833 1427
21887 1426
21929 1424
21955 1420
21997 1418
22052 1414
22087 1411
22129 1409
22184 1405
22226 1403
22318 1401
22348 1396
22390 1394
22434 1392
22445 1390
22487 1388
22531 1386
22589 1384
22636 1377
22678 1375
22733 1371
22775 1369
22893 1366
22897 1362
22939 1360
22994 1356
23036 1354
23096 1352
23138 1350
23196 1349
23211 1348
23251 1345
23260 1343
23302 1341
23350 1340
23357 1337
23399 1335
23476 1333
23517 1332
23518 1331
23559 1330
23573 1327
23614 1326
23615 1325
23656 1324
23671 1323
23713 1321
23775 1320
23790 1319
23830 1316
23839 1314
23881 1312
23929 1311
23936 1308
23978 1306
24096 1303
24138 1301
24153 1300
24193 1297
24235 1295
24250 1294
24292 1292
24410 1289
24442 1288
24452 1287
24470 1286
24507 1283
24549 1281
24609 1280
24651 1278
24706 1277
24727 1275
24756 1274
24761 1273
24784 1272
24803 1271
24826 1270
24866 1269
24908 1267
24963 1266
24978 1265
25017 1264
25018 1262
25041 1261
25060 1260
25075 1259
25117 1257
25235 1254
25267 1253
25277 1252
25308 1251
25332 1248
25374 1246
25484 1245
25514 1244
25526 1243
25554 1241
25577 1240
25581 1239
25611 1238
25623 1237
25653 1236
25771 1233
25803 1232
25813 1231
25844 1230
25868 1227
25910 1225
26020 1224
26062 1222
26117 1218
26159 1216
26355 1214
26465 1213
26498 1211
26540 1209
26562 1207
26604 1205
26747 1202
26789 1200
27195 1199
27237 1198
27400 1196
27406 1195
27448 1193
27585 1191
27991 1190
28033 1189
28273 1187
28279 1186
28321 1184
28458 1182
28906 1180
29530 1179
