100 4950
0 1 866 940
0 2 462 527
0 3 898 669
0 4 203 314
0 5 893 940
0 6 465 251
0 7 932 877
0 8 452 440
0 9 986 928
0 10 499 312
0 11 406 824
0 12 211 168
0 13 17 278
0 14 446 552
0 15 665 74
0 16 280 295
0 17 80 91
0 18 894 931
0 19 411 225
0 20 686 343
0 21 30 11
0 22 999 996
0 23 427 107
0 24 244 312
0 25 440 688
0 26 141 174
0 27 669 898
0 28 946 971
0 29 536 682
0 30 60 360
0 31 121 95
0 32 606 605
0 33 914 878
0 34 892 983
0 35 271 113
0 36 445 633
0 37 152 123
0 38 400 85
0 39 43 329
0 40 723 866
0 41 529 737
0 42 754 597
0 43 89 38
0 44 863 598
0 45 621 738
0 46 133 153
0 47 320 276
0 48 481 769
0 49 918 940
0 50 655 887
0 51 332 359
0 52 833 909
0 53 466 539
0 54 502 747
0 55 944 902
0 56 129 292
0 57 108 287
0 58 984 995
0 59 209 283
0 60 877 949
0 61 226 624
0 62 607 654
0 63 827 970
0 64 868 698
0 65 487 522
0 66 431 168
0 67 62 173
0 68 558 773
0 69 757 582
0 70 481 176
0 71 263 131
0 72 301 184
0 73 30 49
0 74 734 654
0 75 537 696
0 76 759 791
0 77 664 299
0 78 417 296
0 79 449 558
0 80 320 227
0 81 705 787
0 82 487 639
0 83 455 382
0 84 384 232
0 85 402 448
0 86 703 95
0 87 322 500
0 88 313 700
0 89 693 559
0 90 284 324
0 91 728 320
0 92 20 67
0 93 304 372
0 94 160 151
0 95 143 166
0 96 783 623
0 97 554 221
0 98 883 727
0 99 15 6
1 2 548 805
1 3 186 94
1 4 247 269
1 5 992 985
1 6 395 193
1 7 729 677
1 8 277 59
1 9 207 60
1 10 989 963
1 11 408 222
1 12 579 401
1 13 629 407
1 14 976 995
1 15 708 892
1 16 694 786
1 17 883 694
1 18 567 456
1 19 706 344
1 20 40 35
1 21 147 72
1 22 388 470
1 23 743 612
1 24 163 6
1 25 189 53
1 26 561 111
1 27 791 733
1 28 267 178
1 29 534 593
1 30 143 172
1 31 442 358
1 32 633 305
1 33 526 345
1 34 334 253
1 35 462 197
1 36 184 290
1 37 209 199
1 38 860 605
1 39 667 884
1 40 18 86
1 41 612 415
1 42 390 903
1 43 996 908
1 44 917 879
1 45 993 983
1 46 993 982
1 47 174 286
1 48 683 377
1 49 909 1000
1 50 85 188
1 51 143 296
1 52 680 778
1 53 976 992
1 54 700 677
1 55 864 868
1 56 387 272
1 57 582 814
1 58 612 413
1 59 767 467
1 60 996 980
1 61 418 344
1 62 269 240
1 63 457 200
1 64 562 694
1 65 754 394
1 66 970 983
1 67 992 982
1 68 483 693
1 69 741 748
1 70 87 37
1 71 995 935
1 72 197 56
1 73 747 650
1 74 39 83
1 75 452 333
1 76 557 375
1 77 865 807
1 78 396 311
1 79 391 524
1 80 877 904
1 81 165 540
1 82 682 695
1 83 1000 998
1 84 605 562
1 85 224 41
1 86 141 487
1 87 15 34
1 88 4 18
1 89 870 938
1 90 83 436
1 91 429 293
1 92 757 544
1 93 144 256
1 94 469 362
1 95 473 733
1 96 185 123
1 97 480 629
1 98 564 591
1 99 871 932
2 3 577 313
2 4 869 866
2 5 771 767
2 6 549 726
2 7 680 736
2 8 367 105
2 9 119 17
2 10 151 179
2 11 933 853
2 12 597 642
2 13 398 722
2 14 422 537
2 15 75 179
2 16 902 990
2 17 141 291
2 18 525 804
2 19 835 888
2 20 452 549
2 21 793 905
2 22 900 640
2 23 229 171
2 24 554 464
2 25 459 477
2 26 300 109
2 27 96 206
2 28 344 142
2 29 194 297
2 30 454 334
2 31 479 259
2 32 362 217
2 33 535 624
2 34 533 728
2 35 155 198
2 36 604 721
2 37 532 716
2 38 803 800
2 39 84 51
2 40 854 644
2 41 306 171
2 42 583 299
2 43 917 830
2 44 217 202
2 45 788 552
2 46 49 13
2 47 995 986
2 48 743 118
2 49 629 286
2 50 13 1
2 51 663 742
2 52 267 64
2 53 955 904
2 54 137 109
2 55 902 772
2 56 877 850
2 57 968 856
2 58 596 612
2 59 374 104
2 60 570 632
2 61 215 399
2 62 357 494
2 63 494 805
2 64 315 414
2 65 841 813
2 66 439 389
2 67 994 993
2 68 603 523
2 69 333 186
2 70 199 121
2 71 52 197
2 72 452 470
2 73 656 848
2 74 925 749
2 75 642 673
2 76 804 454
2 77 789 966
2 78 68 402
2 79 410 177
2 80 872 772
2 81 383 353
2 82 326 393
2 83 396 373
2 84 996 943
2 85 836 380
2 86 184 328
2 87 620 408
2 88 494 329
2 89 528 225
2 90 788 708
2 91 220 719
2 92 360 276
2 93 22 15
2 94 851 901
2 95 649 693
2 96 146 57
2 97 553 903
2 98 977 818
2 99 317 480
3 4 308 565
3 5 194 224
3 6 120 154
3 7 618 231
3 8 374 454
3 9 806 474
3 10 2 20
3 11 268 127
3 12 605 755
3 13 760 664
3 14 816 959
3 15 372 811
3 16 603 702
3 17 214 184
3 18 818 891
3 19 166 225
3 20 580 468
3 21 273 374
3 22 783 582
3 23 281 230
3 24 437 699
3 25 115 128
3 26 835 834
3 27 368 690
3 28 428 735
3 29 778 715
3 30 86 257
3 31 589 626
3 32 211 419
3 33 7 101
3 34 388 387
3 35 239 324
3 36 531 430
3 37 721 733
3 38 346 279
3 39 334 112
3 40 873 619
3 41 207 290
3 42 469 202
3 43 579 495
3 44 213 505
3 45 904 859
3 46 861 865
3 47 151 226
3 48 874 680
3 49 161 313
3 50 480 298
3 51 747 913
3 52 540 611
3 53 445 771
3 54 548 454
3 55 935 717
3 56 975 541
3 57 610 420
3 58 63 49
3 59 297 407
3 60 924 808
3 61 23 12
3 62 263 83
3 63 432 512
3 64 561 775
3 65 108 87
3 66 191 133
3 67 857 659
3 68 75 184
3 69 79 195
3 70 489 456
3 71 679 927
3 72 754 653
3 73 612 618
3 74 94 166
3 75 383 145
3 76 711 577
3 77 167 116
3 78 19 48
3 79 16 71
3 80 646 935
3 81 522 263
3 82 589 550
3 83 698 688
3 84 260 481
3 85 540 487
3 86 326 522
3 87 850 598
3 88 335 482
3 89 895 537
3 90 807 623
3 91 552 553
3 92 450 369
3 93 734 750
3 94 977 924
3 95 102 319
3 96 152 64
3 97 39 130
3 98 499 707
3 99 883 612
4 5 210 65
4 6 188 362
4 7 723 198
4 8 431 657
4 9 39 89
4 10 266 73
4 11 493 560
4 12 414 447
4 13 130 302
4 14 664 600
4 15 286 558
4 16 574 796
4 17 153 134
4 18 175 255
4 19 851 962
4 20 126 243
4 21 834 628
4 22 714 764
4 23 843 790
4 24 296 498
4 25 462 500
4 26 736 867
4 27 418 321
4 28 725 809
4 29 311 342
4 30 833 919
4 31 821 749
4 32 916 807
4 33 9 49
4 34 989 995
4 35 942 921
4 36 32 21
4 37 290 584
4 38 799 680
4 39 740 629
4 40 477 386
4 41 967 945
4 42 609 678
4 43 281 440
4 44 987 888
4 45 469 448
4 46 468 722
4 47 214 99
4 48 610 390
4 49 284 505
4 50 637 778
4 51 29 73
4 52 874 814
4 53 285 495
4 54 500 875
4 55 120 181
4 56 931 975
4 57 426 192
4 58 835 769
4 59 632 349
4 60 140 220
4 61 255 500
4 62 974 967
4 63 552 917
4 64 245 168
4 65 478 183
4 66 695 394
4 67 264 427
4 68 417 267
4 69 356 108
4 70 622 382
4 71 764 876
4 72 681 675
4 73 404 391
4 74 941 931
4 75 163 161
4 76 912 805
4 77 547 775
4 78 236 249
4 79 290 278
4 80 182 125
4 81 778 838
4 82 435 262
4 83 834 668
4 84 11 76
4 85 978 913
4 86 199 488
4 87 69 149
4 88 421 882
4 89 646 895
4 90 87 604
4 91 412 664
4 92 683 532
4 93 850 856
4 94 279 360
4 95 138 217
4 96 906 833
4 97 800 597
4 98 70 133
4 99 13 39
5 6 757 721
5 7 773 656
5 8 731 545
5 9 977 892
5 10 58 95
5 11 98 102
5 12 811 829
5 13 426 253
5 14 707 928
5 15 784 750
5 16 973 972
5 17 916 902
5 18 144 103
5 19 750 869
5 20 224 328
5 21 276 90
5 22 695 816
5 23 748 836
5 24 374 315
5 25 777 791
5 26 285 313
5 27 619 899
5 28 137 60
5 29 682 654
5 30 128 152
5 31 746 705
5 32 842 450
5 33 647 442
5 34 666 774
5 35 967 696
5 36 585 676
5 37 959 790
5 38 205 501
5 39 986 900
5 40 377 415
5 41 774 356
5 42 932 963
5 43 688 725
5 44 42 5
5 45 93 175
5 46 912 674
5 47 548 616
5 48 61 22
5 49 41 51
5 50 499 839
5 51 506 532
5 52 996 1000
5 53 657 746
5 54 256 69
5 55 160 28
5 56 828 414
5 57 426 412
5 58 465 522
5 59 340 208
5 60 367 224
5 61 948 911
5 62 754 911
5 63 278 657
5 64 627 290
5 65 164 92
5 66 378 540
5 67 61 139
5 68 15 10
5 69 476 353
5 70 775 679
5 71 175 136
5 72 950 909
5 73 347 283
5 74 44 45
5 75 691 720
5 76 854 976
5 77 188 668
5 78 800 894
5 79 306 331
5 80 75 98
5 81 756 691
5 82 955 789
5 83 779 537
5 84 521 515
5 85 376 730
5 86 588 655
5 87 764 797
5 88 521 449
5 89 828 914
5 90 330 485
5 91 527 470
5 92 142 305
5 93 527 834
5 94 133 158
5 95 828 766
5 96 855 962
5 97 314 325
5 98 15 4
5 99 735 711
6 7 351 214
6 8 292 413
6 9 927 898
6 10 164 650
6 11 862 698
6 12 444 537
6 13 196 321
6 14 396 426
6 15 351 377
6 16 93 126
6 17 765 786
6 18 757 466
6 19 344 467
6 20 687 879
6 21 986 990
6 22 638 286
6 23 550 591
6 24 663 907
6 25 378 100
6 26 109 79
6 27 911 691
6 28 537 481
6 29 888 528
6 30 754 519
6 31 135 331
6 32 51 65
6 33 737 820
6 34 231 518
6 35 359 269
6 36 96 531
6 37 903 812
6 38 605 711
6 39 720 897
6 40 821 905
6 41 248 70
6 42 722 600
6 43 229 737
6 44 879 936
6 45 848 864
6 46 920 879
6 47 252 363
6 48 386 481
6 49 857 905
6 50 867 962
6 51 460 442
6 52 54 23
6 53 364 729
6 54 558 282
6 55 234 278
6 56 949 901
6 57 444 326
6 58 213 301
6 59 100 467
6 60 710 450
6 61 670 713
6 62 180 368
6 63 984 979
6 64 782 831
6 65 449 234
6 66 606 515
6 67 315 222
6 68 940 959
6 69 30 1
6 70 535 499
6 71 123 116
6 72 523 834
6 73 867 811
6 74 833 872
6 75 248 592
6 76 834 953
6 77 458 606
6 78 78 53
6 79 607 717
6 80 46 47
6 81 836 555
6 82 83 181
6 83 118 211
6 84 153 115
6 85 284 641
6 86 970 801
6 87 630 277
6 88 736 734
6 89 43 41
6 90 842 625
6 91 821 417
6 92 359 466
6 93 45 37
6 94 424 263
6 95 224 219
6 96 268 102
6 97 468 647
6 98 385 290
6 99 465 605
7 8 152 301
7 9 480 391
7 10 7 39
7 11 902 939
7 12 396 497
7 13 949 885
7 14 918 737
7 15 634 671
7 16 371 329
7 17 460 667
7 18 802 335
7 19 604 910
7 20 930 858
7 21 151 248
7 22 603 551
7 23 690 260
7 24 138 80
7 25 993 997
7 26 209 153
7 27 553 387
7 28 168 437
7 29 962 989
7 30 16 62
7 31 727 850
7 32 604 741
7 33 956 886
7 34 354 143
7 35 112 32
7 36 242 64
7 37 632 638
7 38 699 462
7 39 765 597
7 40 121 245
7 41 812 766
7 42 47 64
7 43 862 904
7 44 519 464
7 45 50 50
7 46 541 264
7 47 634 666
7 48 909 914
7 49 816 839
7 50 50 66
7 51 861 973
7 52 30 13
7 53 319 154
7 54 44 43
7 55 580 280
7 56 617 729
7 57 101 161
7 58 967 931
7 59 734 868
7 60 526 843
7 61 927 800
7 62 590 256
7 63 77 528
7 64 410 849
7 65 85 119
7 66 521 838
7 67 483 878
7 68 393 689
7 69 582 461
7 70 538 544
7 71 820 684
7 72 624 808
7 73 625 472
7 74 310 183
7 75 802 730
7 76 95 197
7 77 689 766
7 78 53 342
7 79 80 154
7 80 170 93
7 81 16 30
7 82 909 945
7 83 953 808
7 84 502 133
7 85 179 100
7 86 586 621
7 87 74 53
7 88 555 477
7 89 453 659
7 90 300 117
7 91 82 87
7 92 47 33
7 93 734 807
7 94 362 296
7 95 253 354
7 96 844 825
7 97 373 127
7 98 11 22
7 99 924 851
8 9 566 364
8 10 894 924
8 11 811 690
8 12 590 351
8 13 274 359
8 14 778 772
8 15 349 389
8 16 132 58
8 17 551 348
8 18 138 101
8 19 687 523
8 20 635 467
8 21 290 181
8 22 801 493
8 23 298 632
8 24 447 456
8 25 9 49
8 26 729 787
8 27 511 442
8 28 99 228
8 29 949 913
8 30 37 183
8 31 789 673
8 32 431 684
8 33 963 974
8 34 450 501
8 35 735 165
8 36 310 657
8 37 92 551
8 38 934 968
8 39 409 253
8 40 143 379
8 41 233 268
8 42 118 406
8 43 219 203
8 44 69 213
8 45 324 151
8 46 15 291
8 47 221 191
8 48 993 998
8 49 232 63
8 50 981 913
8 51 206 164
8 52 27 20
8 53 363 300
8 54 200 430
8 55 140 294
8 56 847 526
8 57 996 959
8 58 749 424
8 59 723 757
8 60 981 1000
8 61 938 688
8 62 456 721
8 63 391 127
8 64 203 200
8 65 750 630
8 66 578 633
8 67 656 533
8 68 170 186
8 69 889 555
8 70 910 929
8 71 624 537
8 72 523 706
8 73 408 251
8 74 193 99
8 75 532 359
8 76 598 52
8 77 470 576
8 78 564 658
8 79 124 118
8 80 81 91
8 81 401 368
8 82 134 350
8 83 785 835
8 84 806 520
8 85 864 501
8 86 156 150
8 87 225 630
8 88 119 25
8 89 371 194
8 90 683 296
8 91 354 86
8 92 73 66
8 93 59 39
8 94 741 625
8 95 676 743
8 96 813 618
8 97 182 212
8 98 283 357
8 99 806 695
9 10 441 269
9 11 271 305
9 12 581 517
9 13 155 28
9 14 505 477
9 15 850 887
9 16 768 729
9 17 817 834
9 18 142 169
9 19 143 44
9 20 100 99
9 21 953 551
9 22 404 390
9 23 906 862
9 24 296 151
9 25 967 772
9 26 280 359
9 27 790 339
9 28 220 99
9 29 253 253
9 30 108 64
9 31 174 132
9 32 648 680
9 33 538 739
9 34 598 681
9 35 369 131
9 36 522 697
9 37 532 216
9 38 222 205
9 39 878 818
9 40 837 840
9 41 728 945
9 42 388 199
9 43 349 236
9 44 473 921
9 45 44 107
9 46 448 718
9 47 510 236
9 48 588 248
9 49 290 192
9 50 509 781
9 51 612 623
9 52 111 171
9 53 527 454
9 54 266 359
9 55 295 174
9 56 455 634
9 57 765 779
9 58 301 170
9 59 235 358
9 60 56 17
9 61 138 108
9 62 981 912
9 63 268 260
9 64 892 870
9 65 963 846
9 66 318 247
9 67 837 350
9 68 502 677
9 69 381 673
9 70 901 624
9 71 353 241
9 72 738 805
9 73 154 320
9 74 135 33
9 75 488 904
9 76 967 887
9 77 804 707
9 78 593 400
9 79 769 679
9 80 880 861
9 81 967 853
9 82 62 119
9 83 856 632
9 84 640 536
9 85 864 522
9 86 650 445
9 87 127 74
9 88 633 352
9 89 896 958
9 90 322 213
9 91 686 741
9 92 3 361
9 93 6 22
9 94 601 872
9 95 60 68
9 96 157 29
9 97 281 263
9 98 753 944
9 99 476 418
10 11 825 755
10 12 557 823
10 13 599 536
10 14 490 783
10 15 544 922
10 16 885 456
10 17 751 680
10 18 513 331
10 19 313 763
10 20 526 234
10 21 72 118
10 22 356 438
10 23 526 387
10 24 342 689
10 25 568 317
10 26 322 468
10 27 954 992
10 28 56 26
10 29 45 395
10 30 103 96
10 31 192 91
10 32 119 373
10 33 82 82
10 34 263 358
10 35 395 519
10 36 641 586
10 37 275 219
10 38 320 575
10 39 755 817
10 40 997 1000
10 41 176 201
10 42 314 833
10 43 681 712
10 44 384 476
10 45 220 393
10 46 962 988
10 47 779 931
10 48 242 77
10 49 645 555
10 50 360 636
10 51 892 558
10 52 319 98
10 53 319 77
10 54 425 529
10 55 801 623
10 56 487 431
10 57 853 954
10 58 865 931
10 59 888 766
10 60 736 427
10 61 169 445
10 62 683 527
10 63 592 870
10 64 146 268
10 65 441 625
10 66 616 774
10 67 45 165
10 68 760 683
10 69 340 269
10 70 208 349
10 71 995 961
10 72 611 380
10 73 45 59
10 74 841 776
10 75 502 613
10 76 899 584
10 77 475 832
10 78 537 778
10 79 262 524
10 80 758 774
10 81 618 383
10 82 400 270
10 83 204 85
10 84 522 659
10 85 591 824
10 86 860 745
10 87 48 12
10 88 842 911
10 89 106 144
10 90 409 567
10 91 881 951
10 92 670 529
10 93 516 387
10 94 615 339
10 95 894 911
10 96 857 752
10 97 171 249
10 98 715 723
10 99 103 84
11 12 601 404
11 13 872 911
11 14 30 24
11 15 534 790
11 16 633 784
11 17 797 833
11 18 232 156
11 19 889 761
11 20 529 440
11 21 338 385
11 22 273 299
11 23 533 448
11 24 316 881
11 25 268 116
11 26 383 668
11 27 775 856
11 28 636 609
11 29 262 155
11 30 178 844
11 31 649 828
11 32 506 540
11 33 850 982
11 34 624 262
11 35 491 678
11 36 54 315
11 37 741 856
11 38 445 824
11 39 311 661
11 40 260 900
11 41 76 137
11 42 561 179
11 43 441 635
11 44 980 994
11 45 947 960
11 46 755 372
11 47 551 284
11 48 54 17
11 49 99 260
11 50 248 147
11 51 805 845
11 52 200 50
11 53 373 482
11 54 340 381
11 55 196 535
11 56 597 823
11 57 823 902
11 58 276 94
11 59 45 119
11 60 378 738
11 61 316 232
11 62 853 902
11 63 805 771
11 64 1 1
11 65 740 637
11 66 202 469
11 67 428 765
11 68 442 499
11 69 575 650
11 70 264 709
11 71 996 972
11 72 825 885
11 73 397 845
11 74 968 678
11 75 145 62
11 76 934 833
11 77 847 769
11 78 566 514
11 79 236 817
11 80 242 384
11 81 327 265
11 82 517 374
11 83 200 258
11 84 815 939
11 85 450 701
11 86 965 969
11 87 644 546
11 88 412 43
11 89 320 671
11 90 144 173
11 91 630 666
11 92 81 73
11 93 556 180
11 94 190 570
11 95 100 124
11 96 743 804
11 97 973 968
11 98 129 528
11 99 637 843
12 13 772 559
12 14 304 74
12 15 750 280
12 16 941 782
12 17 300 326
12 18 486 343
12 19 334 341
12 20 22 78
12 21 774 884
12 22 860 386
12 23 349 269
12 24 200 47
12 25 494 496
12 26 392 258
12 27 434 196
12 28 276 414
12 29 453 423
12 30 325 850
12 31 679 600
12 32 891 686
12 33 850 638
12 34 398 712
12 35 612 503
12 36 94 136
12 37 553 641
12 38 567 481
12 39 626 378
12 40 612 889
12 41 702 497
12 42 612 972
12 43 681 578
12 44 686 763
12 45 716 657
12 46 941 838
12 47 50 23
12 48 88 46
12 49 964 574
12 50 552 582
12 51 277 242
12 52 148 173
12 53 285 192
12 54 220 203
12 55 313 371
12 56 529 355
12 57 511 570
12 58 433 696
12 59 236 267
12 60 863 782
12 61 624 426
12 62 561 255
12 63 737 868
12 64 176 205
12 65 504 332
12 66 242 94
12 67 556 231
12 68 532 539
12 69 716 764
12 70 33 48
12 71 985 947
12 72 598 661
12 73 929 868
12 74 571 780
12 75 933 960
12 76 403 472
12 77 305 139
12 78 380 360
12 79 893 770
12 80 685 498
12 81 850 600
12 82 598 339
12 83 899 885
12 84 780 933
12 85 628 673
12 86 402 528
12 87 805 777
12 88 746 890
12 89 661 941
12 90 117 179
12 91 564 555
12 92 160 287
12 93 738 481
12 94 863 811
12 95 537 254
12 96 169 288
12 97 480 354
12 98 804 734
12 99 451 798
13 14 189 240
13 15 34 94
13 16 708 590
13 17 176 171
13 18 152 88
13 19 530 559
13 20 144 110
13 21 792 972
13 22 211 200
13 23 140 45
13 24 812 666
13 25 447 417
13 26 191 79
13 27 439 254
13 28 198 305
13 29 307 154
13 30 470 621
13 31 919 859
13 32 792 309
13 33 640 652
13 34 942 949
13 35 978 943
13 36 473 499
13 37 857 812
13 38 552 464
13 39 68 156
13 40 919 923
13 41 62 184
13 42 899 769
13 43 362 182
13 44 781 733
13 45 569 424
13 46 277 143
13 47 943 959
13 48 834 895
13 49 969 943
13 50 729 180
13 51 704 626
13 52 581 797
13 53 187 360
13 54 824 394
13 55 283 472
13 56 236 294
13 57 561 462
13 58 108 63
13 59 815 812
13 60 45 269
13 61 944 559
13 62 185 80
13 63 680 660
13 64 28 337
13 65 506 652
13 66 772 767
13 67 64 75
13 68 56 16
13 69 813 481
13 70 962 970
13 71 512 332
13 72 850 752
13 73 848 506
13 74 618 639
13 75 862 479
13 76 540 425
13 77 169 110
13 78 864 820
13 79 809 625
13 80 622 348
13 81 522 899
13 82 202 561
13 83 492 520
13 84 76 50
13 85 201 193
13 86 726 393
13 87 527 430
13 88 930 935
13 89 532 103
13 90 705 704
13 91 534 897
13 92 972 978
13 93 876 894
13 94 226 361
13 95 117 261
13 96 89 21
13 97 186 203
13 98 670 971
13 99 775 521
14 15 74 39
14 16 69 91
14 17 826 549
14 18 128 23
14 19 623 410
14 20 885 860
14 21 650 467
14 22 259 595
14 23 171 25
14 24 331 408
14 25 467 651
14 26 29 2
14 27 691 766
14 28 718 616
14 29 59 31
14 30 444 770
14 31 977 871
14 32 744 789
14 33 163 618
14 34 591 598
14 35 397 377
14 36 749 845
14 37 680 676
14 38 983 934
14 39 708 498
14 40 390 352
14 41 212 646
14 42 821 898
14 43 589 234
14 44 257 65
14 45 754 421
14 46 771 548
14 47 415 676
14 48 479 580
14 49 27 67
14 50 56 440
14 51 447 224
14 52 254 63
14 53 250 249
14 54 585 775
14 55 97 25
14 56 676 897
14 57 757 495
14 58 563 733
14 59 68 144
14 60 279 662
14 61 134 346
14 62 191 330
14 63 337 348
14 64 454 627
14 65 520 677
14 66 296 286
14 67 4 52
14 68 283 388
14 69 3 11
14 70 432 670
14 71 317 149
14 72 5 58
14 73 383 437
14 74 137 384
14 75 947 962
14 76 410 130
14 77 537 773
14 78 613 429
14 79 895 795
14 80 270 459
14 81 533 741
14 82 386 396
14 83 182 655
14 84 46 212
14 85 625 655
14 86 268 207
14 87 459 490
14 88 351 509
14 89 935 766
14 90 73 98
14 91 825 433
14 92 359 154
14 93 15 26
14 94 450 522
14 95 428 306
14 96 722 759
14 97 967 943
14 98 889 996
14 99 286 257
15 16 804 501
15 17 492 950
15 18 293 293
15 19 662 891
15 20 203 715
15 21 675 862
15 22 121 480
15 23 338 454
15 24 385 135
15 25 698 539
15 26 366 192
15 27 905 623
15 28 716 662
15 29 105 150
15 30 540 670
15 31 514 144
15 32 673 700
15 33 823 782
15 34 448 205
15 35 332 697
15 36 713 484
15 37 334 97
15 38 85 487
15 39 270 619
15 40 762 513
15 41 649 886
15 42 692 852
15 43 517 623
15 44 568 866
15 45 188 122
15 46 562 836
15 47 926 875
15 48 871 917
15 49 142 9
15 50 702 732
15 51 902 737
15 52 94 106
15 53 671 383
15 54 363 277
15 55 699 605
15 56 459 333
15 57 462 544
15 58 750 754
15 59 176 383
15 60 160 54
15 61 899 947
15 62 904 822
15 63 493 720
15 64 818 704
15 65 977 875
15 66 747 801
15 67 472 569
15 68 245 136
15 69 295 242
15 70 782 595
15 71 820 702
15 72 519 297
15 73 392 330
15 74 671 326
15 75 347 302
15 76 515 767
15 77 52 107
15 78 73 236
15 79 639 748
15 80 646 430
15 81 393 326
15 82 432 559
15 83 609 813
15 84 18 22
15 85 849 576
15 86 475 779
15 87 916 916
15 88 93 88
15 89 93 175
15 90 307 71
15 91 413 648
15 92 426 845
15 93 239 72
15 94 344 466
15 95 403 365
15 96 807 702
15 97 216 256
15 98 393 571
15 99 604 580
16 17 718 790
16 18 870 952
16 19 254 431
16 20 295 473
16 21 160 121
16 22 776 248
16 23 281 365
16 24 671 820
16 25 692 527
16 26 874 715
16 27 872 517
16 28 772 765
16 29 207 469
16 30 613 682
16 31 250 309
16 32 236 503
16 33 320 286
16 34 159 53
16 35 8 61
16 36 377 399
16 37 333 338
16 38 15 9
16 39 746 652
16 40 798 573
16 41 429 341
16 42 911 254
16 43 839 421
16 44 712 790
16 45 367 134
16 46 991 981
16 47 711 536
16 48 623 690
16 49 475 255
16 50 344 484
16 51 594 538
16 52 298 360
16 53 855 610
16 54 150 165
16 55 861 542
16 56 56 192
16 57 348 317
16 58 120 145
16 59 246 694
16 60 755 746
16 61 263 237
16 62 172 788
16 63 952 950
16 64 420 539
16 65 695 543
16 66 353 323
16 67 780 917
16 68 81 170
16 69 169 395
16 70 22 13
16 71 711 760
16 72 276 196
16 73 39 75
16 74 963 721
16 75 806 927
16 76 319 618
16 77 849 765
16 78 682 717
16 79 677 530
16 80 596 399
16 81 301 170
16 82 242 520
16 83 969 880
16 84 914 626
16 85 764 518
16 86 961 912
16 87 87 97
16 88 61 189
16 89 419 366
16 90 721 912
16 91 738 463
16 92 110 61
16 93 845 856
16 94 345 308
16 95 555 391
16 96 887 889
16 97 530 313
16 98 234 55
16 99 731 812
17 18 412 333
17 19 922 752
17 20 451 715
17 21 616 273
17 22 729 764
17 23 792 739
17 24 74 219
17 25 530 265
17 26 532 605
17 27 205 353
17 28 327 381
17 29 253 229
17 30 673 767
17 31 387 179
17 32 674 464
17 33 751 600
17 34 59 53
17 35 215 64
17 36 527 576
17 37 497 403
17 38 484 458
17 39 553 840
17 40 882 443
17 41 317 659
17 42 419 796
17 43 665 938
17 44 100 157
17 45 452 230
17 46 43 176
17 47 662 345
17 48 706 478
17 49 45 44
17 50 324 427
17 51 785 902
17 52 838 911
17 53 29 37
17 54 435 589
17 55 729 925
17 56 75 437
17 57 307 406
17 58 362 829
17 59 272 383
17 60 151 125
17 61 48 67
17 62 731 720
17 63 332 113
17 64 753 747
17 65 49 138
17 66 237 186
17 67 817 688
17 68 37 63
17 69 458 497
17 70 699 552
17 71 529 650
17 72 18 6
17 73 241 286
17 74 856 728
17 75 630 638
17 76 405 735
17 77 641 898
17 78 296 427
17 79 108 54
17 80 508 491
17 81 834 826
17 82 414 385
17 83 352 309
17 84 294 233
17 85 4 15
17 86 468 398
17 87 334 399
17 88 272 78
17 89 432 766
17 90 657 687
17 91 91 205
17 92 875 901
17 93 820 591
17 94 155 192
17 95 802 518
17 96 727 634
17 97 606 562
17 98 6 137
17 99 896 868
18 19 689 559
18 20 122 57
18 21 425 210
18 22 455 321
18 23 468 560
18 24 593 370
18 25 598 440
18 26 728 285
18 27 844 563
18 28 646 437
18 29 828 471
18 30 789 806
18 31 210 559
18 32 1 2
18 33 117 116
18 34 508 262
18 35 925 754
18 36 358 223
18 37 148 58
18 38 497 203
18 39 487 660
18 40 662 597
18 41 237 545
18 42 411 398
18 43 960 937
18 44 554 513
18 45 209 348
18 46 687 132
18 47 703 699
18 48 704 554
18 49 151 195
18 50 757 689
18 51 521 551
18 52 815 729
18 53 993 949
18 54 911 807
18 55 871 926
18 56 225 239
18 57 647 724
18 58 694 637
18 59 268 143
18 60 967 807
18 61 518 523
18 62 898 897
18 63 72 167
18 64 904 898
18 65 914 899
18 66 636 438
18 67 776 722
18 68 261 313
18 69 843 849
18 70 674 241
18 71 434 857
18 72 44 6
18 73 228 159
18 74 627 280
18 75 746 889
18 76 415 511
18 77 235 200
18 78 808 726
18 79 755 523
18 80 88 68
18 81 79 259
18 82 963 902
18 83 330 278
18 84 180 557
18 85 149 297
18 86 725 511
18 87 128 73
18 88 529 251
18 89 234 397
18 90 716 467
18 91 324 332
18 92 565 256
18 93 513 671
18 94 558 424
18 95 217 543
18 96 980 994
18 97 379 164
18 98 368 344
18 99 459 584
19 20 114 176
19 21 582 198
19 22 565 670
19 23 117 92
19 24 562 197
19 25 416 141
19 26 678 872
19 27 358 353
19 28 124 394
19 29 757 901
19 30 228 117
19 31 374 226
19 32 188 44
19 33 72 64
19 34 164 267
19 35 383 181
19 36 112 100
19 37 433 380
19 38 20 26
19 39 84 117
19 40 697 282
19 41 432 237
19 42 599 761
19 43 234 166
19 44 429 369
19 45 789 797
19 46 630 456
19 47 614 560
19 48 468 484
19 49 367 290
19 50 709 220
19 51 340 623
19 52 526 461
19 53 438 777
19 54 332 134
19 55 187 343
19 56 523 474
19 57 870 848
19 58 133 213
19 59 284 95
19 60 801 696
19 61 972 997
19 62 439 622
19 63 347 366
19 64 631 660
19 65 775 461
19 66 908 560
19 67 308 530
19 68 206 243
19 69 255 249
19 70 779 721
19 71 259 714
19 72 101 104
19 73 85 159
19 74 555 705
19 75 441 677
19 76 896 847
19 77 521 651
19 78 556 602
19 79 440 373
19 80 594 795
19 81 612 396
19 82 310 223
19 83 425 456
19 84 125 41
19 85 475 317
19 86 777 605
19 87 841 825
19 88 753 797
19 89 216 759
19 90 22 31
19 91 669 854
19 92 970 779
19 93 884 746
19 94 754 712
19 95 602 953
19 96 537 439
19 97 585 639
19 98 992 998
19 99 686 709
20 21 858 640
20 22 308 228
20 23 258 301
20 24 991 986
20 25 94 450
20 26 205 306
20 27 793 505
20 28 800 498
20 29 10 92
20 30 8 93
20 31 445 662
20 32 297 514
20 33 886 627
20 34 638 422
20 35 277 517
20 36 667 592
20 37 820 844
20 38 309 342
20 39 537 871
20 40 726 727
20 41 675 658
20 42 548 311
20 43 851 588
20 44 524 723
20 45 152 217
20 46 60 116
20 47 789 722
20 48 584 847
20 49 743 429
20 50 832 430
20 51 655 698
20 52 775 667
20 53 287 440
20 54 201 143
20 55 370 534
20 56 905 458
20 57 830 661
20 58 710 920
20 59 803 443
20 60 209 296
20 61 430 487
20 62 873 878
20 63 496 786
20 64 860 909
20 65 754 832
20 66 647 638
20 67 5 4
20 68 966 764
20 69 907 799
20 70 851 815
20 71 90 435
20 72 498 203
20 73 944 760
20 74 358 851
20 75 578 430
20 76 135 158
20 77 890 847
20 78 815 855
20 79 589 693
20 80 844 898
20 81 961 501
20 82 723 591
20 83 589 605
20 84 428 121
20 85 514 405
20 86 802 561
20 87 745 888
20 88 541 934
20 89 922 903
20 90 207 314
20 91 821 958
20 92 64 192
20 93 359 170
20 94 188 153
20 95 842 808
20 96 863 494
20 97 772 581
20 98 214 426
20 99 946 982
21 22 24 130
21 23 926 792
21 24 499 404
21 25 282 219
21 26 920 907
21 27 373 126
21 28 163 248
21 29 236 222
21 30 980 900
21 31 787 889
21 32 146 573
21 33 9 167
21 34 593 109
21 35 55 40
21 36 114 71
21 37 140 206
21 38 686 931
21 39 181 348
21 40 422 664
21 41 53 53
21 42 846 884
21 43 447 688
21 44 227 66
21 45 42 19
21 46 391 368
21 47 682 572
21 48 306 154
21 49 422 223
21 50 187 266
21 51 96 298
21 52 89 75
21 53 236 571
21 54 940 535
21 55 241 109
21 56 941 962
21 57 44 48
21 58 372 326
21 59 170 66
21 60 589 489
21 61 573 533
21 62 995 976
21 63 673 725
21 64 519 94
21 65 455 229
21 66 512 339
21 67 666 735
21 68 424 399
21 69 620 532
21 70 99 179
21 71 856 287
21 72 988 998
21 73 205 705
21 74 77 27
21 75 847 896
21 76 90 149
21 77 641 394
21 78 941 946
21 79 413 186
21 80 660 532
21 81 761 895
21 82 147 37
21 83 226 612
21 84 107 41
21 85 853 522
21 86 735 777
21 87 911 929
21 88 660 504
21 89 61 161
21 90 760 654
21 91 976 747
21 92 372 141
21 93 781 741
21 94 283 360
21 95 308 595
21 96 368 774
21 97 820 677
21 98 339 287
21 99 284 353
22 23 105 171
22 24 563 226
22 25 385 853
22 26 453 734
22 27 160 88
22 28 370 507
22 29 111 99
22 30 166 66
22 31 607 366
22 32 303 473
22 33 249 276
22 34 211 685
22 35 40 55
22 36 304 137
22 37 261 103
22 38 656 604
22 39 690 608
22 40 241 3
22 41 67 149
22 42 888 689
22 43 358 611
22 44 675 521
22 45 310 407
22 46 364 661
22 47 76 43
22 48 354 425
22 49 451 657
22 50 894 679
22 51 367 124
22 52 661 483
22 53 700 572
22 54 96 53
22 55 584 702
22 56 29 94
22 57 465 253
22 58 458 256
22 59 930 915
22 60 121 208
22 61 43 53
22 62 841 977
22 63 839 851
22 64 120 203
22 65 547 796
22 66 85 307
22 67 395 268
22 68 550 348
22 69 871 978
22 70 911 844
22 71 295 764
22 72 637 247
22 73 93 162
22 74 998 994
22 75 114 224
22 76 543 279
22 77 734 591
22 78 678 734
22 79 705 375
22 80 812 680
22 81 538 481
22 82 878 586
22 83 248 851
22 84 625 473
22 85 947 681
22 86 40 173
22 87 697 569
22 88 516 516
22 89 359 643
22 90 356 175
22 91 170 432
22 92 955 975
22 93 324 28
22 94 671 387
22 95 773 875
22 96 680 699
22 97 411 192
22 98 998 997
22 99 761 251
23 24 567 224
23 25 295 110
23 26 343 282
23 27 522 416
23 28 727 916
23 29 529 414
23 30 744 321
23 31 178 186
23 32 449 838
23 33 697 263
23 34 917 764
23 35 549 600
23 36 615 668
23 37 246 93
23 38 510 422
23 39 152 259
23 40 9 52
23 41 390 623
23 42 765 805
23 43 333 622
23 44 524 647
23 45 805 698
23 46 114 213
23 47 243 262
23 48 139 420
23 49 536 475
23 50 552 646
23 51 875 918
23 52 318 110
23 53 200 46
23 54 479 647
23 55 207 286
23 56 988 994
23 57 620 513
23 58 805 879
23 59 927 927
23 60 176 454
23 61 199 245
23 62 539 306
23 63 27 44
23 64 763 769
23 65 206 171
23 66 613 915
23 67 176 147
23 68 558 427
23 69 206 103
23 70 786 648
23 71 176 178
23 72 389 179
23 73 301 197
23 74 147 307
23 75 811 487
23 76 49 95
23 77 94 17
23 78 554 580
23 79 777 725
23 80 22 31
23 81 538 110
23 82 786 662
23 83 41 60
23 84 814 917
23 85 709 762
23 86 674 591
23 87 582 334
23 88 446 358
23 89 601 585
23 90 708 812
23 91 713 486
23 92 915 794
23 93 531 765
23 94 263 125
23 95 368 359
23 96 216 252
23 97 812 742
23 98 446 868
23 99 151 171
24 25 552 501
24 26 628 653
24 27 136 108
24 28 301 560
24 29 941 962
24 30 415 347
24 31 942 949
24 32 123 111
24 33 476 560
24 34 849 836
24 35 416 126
24 36 551 622
24 37 325 72
24 38 344 499
24 39 762 395
24 40 977 981
24 41 536 376
24 42 871 774
24 43 757 349
24 44 328 593
24 45 768 963
24 46 89 129
24 47 575 398
24 48 613 643
24 49 934 915
24 50 164 41
24 51 655 952
24 52 24 81
24 53 371 443
24 54 273 215
24 55 51 78
24 56 557 641
24 57 235 202
24 58 958 960
24 59 437 413
24 60 492 539
24 61 390 166
24 62 32 18
24 63 373 396
24 64 776 938
24 65 473 524
24 66 80 71
24 67 992 963
24 68 850 657
24 69 987 985
24 70 415 525
24 71 403 354
24 72 40 58
24 73 985 968
24 74 496 677
24 75 683 897
24 76 706 836
24 77 939 978
24 78 846 811
24 79 690 375
24 80 344 470
24 81 285 517
24 82 478 517
24 83 140 111
24 84 86 46
24 85 378 580
24 86 228 346
24 87 98 179
24 88 798 544
24 89 324 132
24 90 33 119
24 91 869 968
24 92 82 128
24 93 573 573
24 94 117 128
24 95 61 422
24 96 414 375
24 97 444 615
24 98 692 757
24 99 652 811
25 26 559 802
25 27 184 51
25 28 372 316
25 29 42 51
25 30 34 13
25 31 983 950
25 32 930 962
25 33 357 372
25 34 321 208
25 35 268 437
25 36 553 599
25 37 341 549
25 38 647 697
25 39 241 429
25 40 932 948
25 41 734 628
25 42 359 267
25 43 739 958
25 44 925 785
25 45 64 133
25 46 219 783
25 47 111 347
25 48 10 6
25 49 868 749
25 50 237 422
25 51 411 621
25 52 589 380
25 53 927 779
25 54 165 248
25 55 595 620
25 56 650 865
25 57 479 260
25 58 430 436
25 59 334 441
25 60 802 780
25 61 274 459
25 62 563 576
25 63 131 121
25 64 544 696
25 65 588 813
25 66 537 393
25 67 857 845
25 68 946 962
25 69 23 15
25 70 6 53
25 71 769 962
25 72 108 500
25 73 349 579
25 74 895 601
25 75 821 911
25 76 457 798
25 77 500 285
25 78 47 301
25 79 412 439
25 80 579 710
25 81 819 823
25 82 291 498
25 83 206 436
25 84 553 350
25 85 817 932
25 86 236 583
25 87 499 705
25 88 410 127
25 89 777 650
25 90 40 136
25 91 941 976
25 92 971 791
25 93 818 810
25 94 983 756
25 95 829 981
25 96 285 346
25 97 533 305
25 98 453 447
25 99 247 82
26 27 431 460
26 28 716 917
26 29 344 189
26 30 980 775
26 31 78 139
26 32 230 256
26 33 253 572
26 34 609 830
26 35 172 264
26 36 997 889
26 37 323 260
26 38 210 197
26 39 132 154
26 40 516 406
26 41 474 416
26 42 497 747
26 43 706 837
26 44 163 426
26 45 762 383
26 46 355 362
26 47 420 560
26 48 420 433
26 49 290 165
26 50 800 865
26 51 836 356
26 52 939 942
26 53 649 631
26 54 856 958
26 55 454 629
26 56 196 292
26 57 977 973
26 58 782 170
26 59 451 111
26 60 941 805
26 61 561 762
26 62 165 32
26 63 740 273
26 64 805 312
26 65 527 847
26 66 85 96
26 67 584 547
26 68 121 218
26 69 681 591
26 70 419 214
26 71 307 558
26 72 369 681
26 73 317 455
26 74 237 188
26 75 532 940
26 76 608 654
26 77 876 937
26 78 108 232
26 79 534 630
26 80 720 806
26 81 764 823
26 82 271 394
26 83 296 42
26 84 734 432
26 85 802 919
26 86 53 41
26 87 501 777
26 88 718 874
26 89 215 279
26 90 244 409
26 91 805 931
26 92 205 223
26 93 978 1000
26 94 581 383
26 95 463 479
26 96 853 696
26 97 30 171
26 98 787 504
26 99 710 389
27 28 326 70
27 29 115 133
27 30 892 709
27 31 469 479
27 32 266 492
27 33 875 937
27 34 140 497
27 35 343 568
27 36 102 184
27 37 664 521
27 38 753 446
27 39 548 768
27 40 898 961
27 41 332 724
27 42 1 3
27 43 29 91
27 44 72 582
27 45 869 892
27 46 133 480
27 47 190 192
27 48 739 291
27 49 816 882
27 50 992 971
27 51 600 419
27 52 795 800
27 53 114 178
27 54 271 302
27 55 465 903
27 56 845 751
27 57 370 301
27 58 405 361
27 59 857 924
27 60 300 138
27 61 32 111
27 62 419 350
27 63 189 155
27 64 454 297
27 65 87 39
27 66 497 592
27 67 670 610
27 68 126 306
27 69 243 524
27 70 875 991
27 71 477 935
27 72 962 953
27 73 351 292
27 74 875 551
27 75 717 855
27 76 395 660
27 77 670 589
27 78 96 71
27 79 324 460
27 80 494 498
27 81 658 684
27 82 606 662
27 83 431 675
27 84 65 309
27 85 582 557
27 86 474 172
27 87 917 771
27 88 237 311
27 89 547 673
27 90 133 697
27 91 333 438
27 92 225 153
27 93 483 38
27 94 643 842
27 95 678 849
27 96 557 647
27 97 729 668
27 98 403 403
27 99 652 555
28 29 38 96
28 30 397 512
28 31 533 226
28 32 419 240
28 33 453 599
28 34 224 249
28 35 879 939
28 36 675 488
28 37 623 407
28 38 524 646
28 39 816 701
28 40 752 772
28 41 758 884
28 42 679 620
28 43 313 218
28 44 51 262
28 45 713 928
28 46 483 518
28 47 647 485
28 48 368 234
28 49 846 792
28 50 476 701
28 51 616 612
28 52 732 663
28 53 920 988
28 54 700 752
28 55 908 907
28 56 510 217
28 57 539 554
28 58 305 347
28 59 694 472
28 60 232 78
28 61 208 75
28 62 808 258
28 63 364 517
28 64 78 46
28 65 67 118
28 66 281 286
28 67 169 350
28 68 916 913
28 69 239 277
28 70 39 81
28 71 159 53
28 72 964 853
28 73 713 939
28 74 620 428
28 75 638 578
28 76 868 921
28 77 806 801
28 78 546 222
28 79 822 762
28 80 946 969
28 81 484 607
28 82 405 752
28 83 120 484
28 84 473 549
28 85 138 130
28 86 576 579
28 87 883 786
28 88 714 933
28 89 806 945
28 90 235 602
28 91 246 353
28 92 514 561
28 93 602 776
28 94 845 913
28 95 386 715
28 96 492 197
28 97 738 746
28 98 286 590
28 99 919 946
29 30 322 346
29 31 434 702
29 32 518 275
29 33 107 81
29 34 956 828
29 35 573 472
29 36 212 194
29 37 900 739
29 38 490 766
29 39 623 919
29 40 48 374
29 41 651 556
29 42 527 399
29 43 721 822
29 44 924 740
29 45 65 217
29 46 269 235
29 47 13 91
29 48 982 962
29 49 949 613
29 50 285 96
29 51 145 270
29 52 958 934
29 53 111 140
29 54 892 937
29 55 531 227
29 56 538 768
29 57 794 916
29 58 178 147
29 59 219 223
29 60 590 691
29 61 924 684
29 62 733 860
29 63 298 148
29 64 78 72
29 65 665 365
29 66 921 870
29 67 559 453
29 68 434 221
29 69 866 673
29 70 396 73
29 71 831 533
29 72 757 679
29 73 572 143
29 74 948 832
29 75 527 285
29 76 369 707
29 77 196 581
29 78 598 839
29 79 366 382
29 80 909 747
29 81 891 917
29 82 972 879
29 83 570 70
29 84 545 907
29 85 25 280
29 86 944 810
29 87 247 188
29 88 331 166
29 89 673 877
29 90 679 586
29 91 16 60
29 92 382 604
29 93 515 222
29 94 711 597
29 95 391 723
29 96 782 459
29 97 831 909
29 98 194 365
29 99 813 947
30 31 799 868
30 32 381 631
30 33 1 1
30 34 596 486
30 35 211 302
30 36 44 352
30 37 753 885
30 38 869 522
30 39 34 30
30 40 542 125
30 41 421 200
30 42 593 622
30 43 745 888
30 44 756 774
30 45 739 322
30 46 419 292
30 47 25 151
30 48 494 751
30 49 96 87
30 50 697 805
30 51 123 12
30 52 580 346
30 53 959 813
30 54 778 831
30 55 317 389
30 56 144 244
30 57 342 531
30 58 263 380
30 59 192 428
30 60 974 924
30 61 975 949
30 62 154 261
30 63 565 615
30 64 304 824
30 65 463 726
30 66 810 724
30 67 769 947
30 68 907 832
30 69 976 969
30 70 437 154
30 71 940 668
30 72 724 794
30 73 556 246
30 74 825 731
30 75 438 601
30 76 647 370
30 77 394 623
30 78 139 100
30 79 581 766
30 80 159 79
30 81 918 778
30 82 661 250
30 83 340 162
30 84 206 302
30 85 123 134
30 86 791 810
30 87 105 277
30 88 462 514
30 89 280 197
30 90 618 616
30 91 320 479
30 92 154 268
30 93 729 943
30 94 280 254
30 95 433 780
30 96 189 667
30 97 415 228
30 98 225 312
30 99 445 325
31 32 783 672
31 33 168 470
31 34 610 769
31 35 910 756
31 36 62 273
31 37 226 332
31 38 302 153
31 39 691 422
31 40 245 398
31 41 606 825
31 42 1000 996
31 43 782 271
31 44 977 977
31 45 232 252
31 46 730 715
31 47 946 753
31 48 834 357
31 49 8 23
31 50 522 306
31 51 119 57
31 52 751 933
31 53 808 447
31 54 229 187
31 55 78 150
31 56 896 850
31 57 606 239
31 58 737 715
31 59 198 114
31 60 58 21
31 61 378 106
31 62 823 906
31 63 140 103
31 64 709 690
31 65 398 203
31 66 477 278
31 67 997 929
31 68 974 969
31 69 915 910
31 70 772 886
31 71 26 378
31 72 15 50
31 73 772 502
31 74 571 737
31 75 976 986
31 76 543 524
31 77 15 245
31 78 535 477
31 79 572 709
31 80 943 822
31 81 570 962
31 82 897 714
31 83 452 568
31 84 436 859
31 85 541 291
31 86 964 981
31 87 361 190
31 88 528 718
31 89 444 237
31 90 618 538
31 91 506 581
31 92 39 82
31 93 596 543
31 94 81 65
31 95 568 899
31 96 415 745
31 97 232 436
31 98 392 451
31 99 687 258
32 33 760 969
32 34 516 425
32 35 566 502
32 36 997 988
32 37 376 539
32 38 149 145
32 39 208 353
32 40 219 786
32 41 163 136
32 42 837 940
32 43 238 84
32 44 439 499
32 45 715 451
32 46 376 29
32 47 970 956
32 48 784 659
32 49 569 698
32 50 786 885
32 51 828 719
32 52 947 916
32 53 431 523
32 54 179 648
32 55 220 151
32 56 947 923
32 57 497 212
32 58 710 549
32 59 24 131
32 60 910 928
32 61 645 402
32 62 622 770
32 63 312 638
32 64 618 869
32 65 563 453
32 66 79 205
32 67 769 953
32 68 593 653
32 69 13 97
32 70 920 917
32 71 564 749
32 72 563 555
32 73 64 129
32 74 164 187
32 75 751 590
32 76 359 235
32 77 363 152
32 78 761 734
32 79 262 231
32 80 258 154
32 81 889 842
32 82 909 822
32 83 877 930
32 84 283 459
32 85 599 762
32 86 178 212
32 87 808 884
32 88 954 882
32 89 925 996
32 90 597 771
32 91 150 650
32 92 646 736
32 93 984 678
32 94 545 477
32 95 679 527
32 96 527 784
32 97 949 988
32 98 335 213
32 99 583 721
33 34 294 192
33 35 52 107
33 36 695 788
33 37 373 437
33 38 630 711
33 39 205 253
33 40 17 16
33 41 537 726
33 42 203 245
33 43 690 475
33 44 832 763
33 45 201 58
33 46 672 833
33 47 275 408
33 48 228 64
33 49 78 555
33 50 335 154
33 51 139 73
33 52 987 993
33 53 847 665
33 54 371 303
33 55 324 179
33 56 461 475
33 57 416 614
33 58 86 215
33 59 701 582
33 60 366 725
33 61 320 319
33 62 438 328
33 63 753 861
33 64 248 274
33 65 109 183
33 66 519 670
33 67 329 374
33 68 445 518
33 69 938 969
33 70 405 221
33 71 967 969
33 72 365 743
33 73 653 432
33 74 502 589
33 75 644 818
33 76 810 732
33 77 199 93
33 78 316 201
33 79 562 282
33 80 831 483
33 81 274 251
33 82 505 408
33 83 904 858
33 84 470 149
33 85 91 140
33 86 281 164
33 87 940 957
33 88 465 509
33 89 365 395
33 90 343 322
33 91 23 14
33 92 717 828
33 93 969 946
33 94 761 761
33 95 769 627
33 96 603 829
33 97 154 394
33 98 97 267
33 99 925 954
34 35 939 900
34 36 316 385
34 37 933 971
34 38 365 774
34 39 435 362
34 40 178 209
34 41 838 749
34 42 22 44
34 43 632 892
34 44 472 472
34 45 795 345
34 46 70 158
34 47 441 596
34 48 982 988
34 49 304 279
34 50 377 660
34 51 224 126
34 52 981 885
34 53 137 327
34 54 587 386
34 55 445 524
34 56 973 868
34 57 944 927
34 58 926 910
34 59 529 691
34 60 511 435
34 61 81 112
34 62 876 879
34 63 637 772
34 64 625 642
34 65 184 110
34 66 827 798
34 67 439 755
34 68 822 953
34 69 4 3
34 70 728 647
34 71 751 788
34 72 528 568
34 73 670 85
34 74 429 355
34 75 646 897
34 76 94 127
34 77 933 995
34 78 969 989
34 79 133 237
34 80 466 237
34 81 592 443
34 82 197 85
34 83 489 471
34 84 809 969
34 85 569 613
34 86 864 889
34 87 932 933
34 88 932 662
34 89 785 859
34 90 258 400
34 91 901 888
34 92 561 861
34 93 971 995
34 94 186 200
34 95 385 461
34 96 365 362
34 97 3 4
34 98 752 805
34 99 668 216
35 36 446 285
35 37 757 742
35 38 836 848
35 39 537 913
35 40 468 275
35 41 506 539
35 42 419 731
35 43 834 818
35 44 789 633
35 45 915 939
35 46 468 339
35 47 245 191
35 48 640 853
35 49 410 425
35 50 910 908
35 51 223 105
35 52 107 115
35 53 355 318
35 54 584 458
35 55 887 808
35 56 950 984
35 57 685 712
35 58 828 983
35 59 790 619
35 60 388 319
35 61 49 16
35 62 900 855
35 63 200 298
35 64 561 501
35 65 641 905
35 66 447 342
35 67 730 711
35 68 234 171
35 69 821 294
35 70 78 30
35 71 179 256
35 72 736 459
35 73 264 44
35 74 411 245
35 75 576 637
35 76 211 186
35 77 871 777
35 78 965 920
35 79 900 810
35 80 50 15
35 81 590 472
35 82 1000 991
35 83 620 885
35 84 435 350
35 85 903 761
35 86 350 502
35 87 427 408
35 88 580 736
35 89 176 45
35 90 18 111
35 91 587 394
35 92 191 200
35 93 115 270
35 94 689 343
35 95 554 202
35 96 938 927
35 97 327 653
35 98 995 996
35 99 458 82
36 37 912 880
36 38 336 49
36 39 310 240
36 40 664 95
36 41 711 514
36 42 338 69
36 43 950 749
36 44 897 985
36 45 568 976
36 46 780 846
36 47 882 641
36 48 716 351
36 49 880 477
36 50 247 51
36 51 608 806
36 52 225 309
36 53 883 641
36 54 359 664
36 55 965 992
36 56 672 767
36 57 531 818
36 58 992 909
36 59 353 382
36 60 372 164
36 61 836 876
36 62 927 931
36 63 620 594
36 64 403 869
36 65 778 516
36 66 602 596
36 67 409 622
36 68 453 655
36 69 153 74
36 70 37 38
36 71 624 722
36 72 556 866
36 73 534 533
36 74 6 31
36 75 767 444
36 76 983 973
36 77 76 311
36 78 619 688
36 79 38 68
36 80 589 628
36 81 538 426
36 82 797 610
36 83 483 335
36 84 427 645
36 85 667 648
36 86 383 158
36 87 151 358
36 88 515 748
36 89 657 455
36 90 991 890
36 91 729 711
36 92 646 646
36 93 490 550
36 94 552 680
36 95 742 608
36 96 907 777
36 97 728 100
36 98 180 80
36 99 83 14
37 38 869 826
37 39 834 531
37 40 748 428
37 41 654 186
37 42 833 852
37 43 903 722
37 44 566 797
37 45 620 737
37 46 271 483
37 47 814 333
37 48 884 413
37 49 563 725
37 50 565 617
37 51 37 356
37 52 549 139
37 53 828 884
37 54 112 305
37 55 608 970
37 56 248 367
37 57 962 916
37 58 402 484
37 59 134 137
37 60 499 263
37 61 248 376
37 62 921 948
37 63 74 96
37 64 202 512
37 65 588 584
37 66 690 843
37 67 107 519
37 68 572 528
37 69 136 151
37 70 285 627
37 71 301 342
37 72 350 705
37 73 649 883
37 74 964 954
37 75 808 579
37 76 290 233
37 77 287 144
37 78 722 694
37 79 780 413
37 80 524 729
37 81 978 940
37 82 479 566
37 83 349 122
37 84 289 445
37 85 132 226
37 86 609 574
37 87 507 555
37 88 295 118
37 89 964 861
37 90 712 660
37 91 497 518
37 92 733 830
37 93 280 392
37 94 935 738
37 95 285 396
37 96 597 583
37 97 761 656
37 98 11 6
37 99 700 803
38 39 602 551
38 40 490 475
38 41 815 899
38 42 702 830
38 43 328 138
38 44 306 109
38 45 662 627
38 46 347 525
38 47 659 567
38 48 276 374
38 49 253 87
38 50 38 32
38 51 744 575
38 52 793 620
38 53 876 824
38 54 417 774
38 55 215 176
38 56 136 179
38 57 615 752
38 58 978 965
38 59 77 241
38 60 718 569
38 61 222 19
38 62 842 842
38 63 104 159
38 64 551 486
38 65 334 528
38 66 443 566
38 67 341 602
38 68 994 951
38 69 799 671
38 70 706 629
38 71 306 421
38 72 834 695
38 73 508 828
38 74 242 195
38 75 42 94
38 76 128 414
38 77 622 597
38 78 149 111
38 79 500 515
38 80 406 607
38 81 241 471
38 82 306 339
38 83 261 111
38 84 813 586
38 85 591 710
38 86 172 140
38 87 939 777
38 88 385 733
38 89 320 493
38 90 670 971
38 91 362 85
38 92 66 163
38 93 556 687
38 94 820 567
38 95 260 9
38 96 853 445
38 97 388 570
38 98 399 403
38 99 998 992
39 40 781 260
39 41 256 337
39 42 123 20
39 43 702 827
39 44 82 113
39 45 949 887
39 46 591 458
39 47 954 884
39 48 240 276
39 49 752 863
39 50 689 658
39 51 520 890
39 52 976 987
39 53 55 87
39 54 570 864
39 55 72 125
39 56 515 700
39 57 93 112
39 58 52 202
39 59 335 366
39 60 166 534
39 61 939 742
39 62 416 515
39 63 754 803
39 64 329 659
39 65 497 504
39 66 119 550
39 67 106 280
39 68 311 228
39 69 473 674
39 70 199 17
39 71 951 913
39 72 602 459
39 73 830 401
39 74 327 433
39 75 198 172
39 76 462 589
39 77 405 155
39 78 895 894
39 79 399 480
39 80 830 746
39 81 985 934
39 82 549 606
39 83 837 900
39 84 599 426
39 85 831 592
39 86 46 249
39 87 750 735
39 88 339 329
39 89 484 69
39 90 718 982
39 91 904 929
39 92 584 683
39 93 563 330
39 94 717 667
39 95 144 527
39 96 794 610
39 97 718 760
39 98 614 841
39 99 560 629
40 41 137 262
40 42 355 279
40 43 642 604
40 44 718 686
40 45 318 329
40 46 902 947
40 47 802 513
40 48 902 659
40 49 143 798
40 50 232 315
40 51 527 163
40 52 441 676
40 53 269 311
40 54 660 451
40 55 367 218
40 56 279 393
40 57 376 370
40 58 999 980
40 59 220 192
40 60 59 20
40 61 818 820
40 62 760 601
40 63 933 899
40 64 435 179
40 65 864 930
40 66 437 497
40 67 805 835
40 68 805 723
40 69 618 829
40 70 748 484
40 71 400 394
40 72 562 742
40 73 913 861
40 74 466 284
40 75 656 474
40 76 447 502
40 77 515 388
40 78 673 789
40 79 953 976
40 80 884 755
40 81 278 381
40 82 231 306
40 83 404 601
40 84 27 6
40 85 156 23
40 86 974 894
40 87 156 169
40 88 146 110
40 89 40 285
40 90 616 795
40 91 502 652
40 92 975 918
40 93 82 429
40 94 203 234
40 95 792 867
40 96 93 389
40 97 945 791
40 98 176 219
40 99 735 774
41 42 780 812
41 43 85 216
41 44 655 386
41 45 70 57
41 46 738 713
41 47 127 403
41 48 288 203
41 49 91 82
41 50 548 598
41 51 693 592
41 52 777 440
41 53 503 633
41 54 724 843
41 55 573 92
41 56 898 891
41 57 689 593
41 58 626 943
41 59 30 16
41 60 631 849
41 61 682 680
41 62 2 3
41 63 98 27
41 64 36 154
41 65 626 863
41 66 623 851
41 67 533 181
41 68 454 470
41 69 605 721
41 70 229 504
41 71 116 183
41 72 15 125
41 73 325 526
41 74 508 453
41 75 722 789
41 76 127 112
41 77 864 694
41 78 807 744
41 79 885 893
41 80 161 410
41 81 290 551
41 82 914 986
41 83 735 727
41 84 648 785
41 85 430 180
41 86 559 434
41 87 162 187
41 88 353 132
41 89 485 503
41 90 514 632
41 91 900 962
41 92 225 291
41 93 656 934
41 94 216 44
41 95 420 49
41 96 768 848
41 97 440 370
41 98 15 206
41 99 688 508
42 43 703 550
42 44 6 99
42 45 681 489
42 46 434 203
42 47 753 840
42 48 652 604
42 49 239 452
42 50 982 861
42 51 263 588
42 52 433 425
42 53 706 315
42 54 12 45
42 55 753 827
42 56 671 760
42 57 999 947
42 58 528 538
42 59 4 5
42 60 355 516
42 61 984 818
42 62 702 885
42 63 323 254
42 64 39 273
42 65 58 259
42 66 768 799
42 67 524 338
42 68 135 326
42 69 71 507
42 70 777 793
42 71 406 450
42 72 93 121
42 73 636 804
42 74 864 549
42 75 812 895
42 76 643 975
42 77 109 124
42 78 739 474
42 79 97 137
42 80 147 69
42 81 611 484
42 82 48 57
42 83 99 215
42 84 684 965
42 85 872 935
42 86 991 964
42 87 337 224
42 88 958 951
42 89 347 180
42 90 772 804
42 91 872 924
42 92 206 324
42 93 785 890
42 94 624 414
42 95 955 999
42 96 812 700
42 97 902 972
42 98 109 431
42 99 580 412
43 44 298 701
43 45 363 137
43 46 962 882
43 47 242 680
43 48 377 152
43 49 523 445
43 50 567 816
43 51 404 264
43 52 658 762
43 53 280 470
43 54 770 496
43 55 552 861
43 56 935 998
43 57 173 564
43 58 447 157
43 59 697 813
43 60 907 735
43 61 720 543
43 62 719 881
43 63 234 328
43 64 230 123
43 65 144 173
43 66 521 549
43 67 306 188
43 68 383 343
43 69 310 189
43 70 331 605
43 71 192 315
43 72 298 118
43 73 87 42
43 74 807 840
43 75 88 651
43 76 264 396
43 77 240 397
43 78 709 861
43 79 255 324
43 80 427 330
43 81 525 730
43 82 622 665
43 83 554 560
43 84 976 922
43 85 640 875
43 86 914 816
43 87 268 132
43 88 29 150
43 89 496 715
43 90 343 570
43 91 984 816
43 92 11 14
43 93 334 453
43 94 223 828
43 95 580 706
43 96 583 874
43 97 143 235
43 98 498 330
43 99 226 226
44 45 213 614
44 46 723 475
44 47 423 550
44 48 652 515
44 49 733 877
44 50 870 734
44 51 571 513
44 52 251 394
44 53 217 443
44 54 918 566
44 55 971 803
44 56 44 628
44 57 578 506
44 58 176 28
44 59 925 463
44 60 494 766
44 61 756 693
44 62 7 2
44 63 998 999
44 64 970 856
44 65 736 815
44 66 412 739
44 67 732 364
44 68 416 763
44 69 760 571
44 70 797 705
44 71 670 339
44 72 313 185
44 73 801 573
44 74 225 289
44 75 818 746
44 76 282 889
44 77 149 119
44 78 447 278
44 79 298 877
44 80 538 117
44 81 784 391
44 82 169 218
44 83 956 840
44 84 459 227
44 85 166 119
44 86 911 477
44 87 961 858
44 88 317 190
44 89 790 470
44 90 899 894
44 91 288 189
44 92 576 704
44 93 411 676
44 94 712 594
44 95 33 230
44 96 497 748
44 97 81 127
44 98 889 970
44 99 264 149
45 46 395 712
45 47 371 276
45 48 516 362
45 49 208 67
45 50 695 973
45 51 359 121
45 52 430 816
45 53 372 118
45 54 332 28
45 55 378 121
45 56 258 474
45 57 941 685
45 58 854 826
45 59 234 151
45 60 461 500
45 61 505 313
45 62 346 336
45 63 2 23
45 64 198 408
45 65 814 825
45 66 427 383
45 67 500 480
45 68 263 239
45 69 88 4
45 70 323 184
45 71 741 814
45 72 601 531
45 73 626 410
45 74 687 632
45 75 615 685
45 76 366 732
45 77 683 381
45 78 411 557
45 79 197 232
45 80 177 99
45 81 273 192
45 82 100 200
45 83 419 621
45 84 993 947
45 85 647 576
45 86 148 99
45 87 489 690
45 88 570 758
45 89 598 393
45 90 281 807
45 91 307 361
45 92 119 288
45 93 709 320
45 94 547 292
45 95 340 392
45 96 601 835
45 97 944 856
45 98 347 200
45 99 134 266
46 47 945 923
46 48 67 365
46 49 753 761
46 50 339 132
46 51 580 651
46 52 653 888
46 53 194 325
46 54 451 709
46 55 562 316
46 56 75 15
46 57 851 922
46 58 757 536
46 59 699 736
46 60 187 290
46 61 983 989
46 62 755 856
46 63 844 940
46 64 865 883
46 65 176 81
46 66 617 522
46 67 340 278
46 68 424 700
46 69 192 115
46 70 441 306
46 71 511 414
46 72 428 760
46 73 415 484
46 74 398 417
46 75 379 537
46 76 762 746
46 77 552 916
46 78 278 662
46 79 435 658
46 80 230 169
46 81 38 168
46 82 508 373
46 83 14 15
46 84 577 267
46 85 258 581
46 86 300 199
46 87 575 292
46 88 516 652
46 89 503 265
46 90 69 337
46 91 611 757
46 92 537 821
46 93 522 466
46 94 955 955
46 95 758 853
46 96 199 324
46 97 236 162
46 98 627 717
46 99 239 261
47 48 260 227
47 49 212 625
47 50 998 996
47 51 316 594
47 52 725 874
47 53 177 251
47 54 395 645
47 55 241 228
47 56 827 806
47 57 57 63
47 58 651 460
47 59 519 597
47 60 821 931
47 61 978 967
47 62 71 100
47 63 676 768
47 64 264 213
47 65 993 891
47 66 946 851
47 67 831 475
47 68 340 276
47 69 812 907
47 70 974 933
47 71 813 444
47 72 396 540
47 73 593 560
47 74 496 357
47 75 451 875
47 76 824 965
47 77 446 268
47 78 811 357
47 79 713 757
47 80 433 308
47 81 657 725
47 82 960 826
47 83 73 588
47 84 366 376
47 85 993 988
47 86 783 868
47 87 763 733
47 88 201 63
47 89 692 711
47 90 474 240
47 91 273 215
47 92 6 90
47 93 633 523
47 94 609 729
47 95 201 320
47 96 61 77
47 97 899 914
47 98 71 36
47 99 442 536
48 49 430 547
48 50 99 235
48 51 898 796
48 52 441 469
48 53 188 39
48 54 892 925
48 55 353 392
48 56 712 635
48 57 479 303
48 58 450 544
48 59 652 872
48 60 364 149
48 61 283 645
48 62 365 199
48 63 655 381
48 64 857 908
48 65 162 223
48 66 32 63
48 67 870 960
48 68 306 395
48 69 544 587
48 70 726 330
48 71 25 326
48 72 927 689
48 73 484 807
48 74 215 138
48 75 874 935
48 76 949 937
48 77 240 181
48 78 593 670
48 79 724 858
48 80 944 913
48 81 271 141
48 82 971 844
48 83 325 189
48 84 174 153
48 85 164 42
48 86 534 676
48 87 322 398
48 88 843 837
48 89 604 645
48 90 374 399
48 91 260 60
48 92 321 357
48 93 614 707
48 94 88 241
48 95 162 198
48 96 176 301
48 97 527 341
48 98 308 507
48 99 673 502
49 50 754 483
49 51 557 504
49 52 933 843
49 53 97 158
49 54 926 802
49 55 573 469
49 56 562 491
49 57 438 268
49 58 946 675
49 59 711 659
49 60 273 77
49 61 604 629
49 62 382 415
49 63 620 897
49 64 69 41
49 65 785 596
49 66 549 674
49 67 19 1
49 68 987 989
49 69 806 607
49 70 852 749
49 71 835 815
49 72 514 693
49 73 398 589
49 74 154 265
49 75 864 792
49 76 791 771
49 77 842 791
49 78 537 610
49 79 325 780
49 80 558 901
49 81 17 15
49 82 539 881
49 83 215 74
49 84 485 530
49 85 7 65
49 86 147 750
49 87 694 810
49 88 436 591
49 89 884 581
49 90 883 784
49 91 633 625
49 92 730 903
49 93 79 220
49 94 436 477
49 95 678 697
49 96 173 138
49 97 732 896
49 98 217 138
49 99 527 232
50 51 349 519
50 52 282 177
50 53 509 576
50 54 688 574
50 55 184 147
50 56 1000 991
50 57 473 489
50 58 122 353
50 59 311 462
50 60 519 444
50 61 789 482
50 62 122 85
50 63 11 147
50 64 824 958
50 65 539 247
50 66 709 560
50 67 960 803
50 68 206 302
50 69 686 721
50 70 25 126
50 71 672 550
50 72 771 772
50 73 521 406
50 74 123 135
50 75 512 710
50 76 143 164
50 77 850 605
50 78 115 176
50 79 496 334
50 80 455 210
50 81 914 617
50 82 726 799
50 83 394 680
50 84 528 256
50 85 470 325
50 86 78 180
50 87 103 334
50 88 343 481
50 89 377 45
50 90 635 823
50 91 13 79
50 92 147 54
50 93 518 459
50 94 693 711
50 95 807 938
50 96 40 13
50 97 404 317
50 98 851 846
50 99 622 447
51 52 309 256
51 53 409 381
51 54 402 556
51 55 241 347
51 56 409 517
51 57 180 303
51 58 197 430
51 59 942 708
51 60 272 370
51 61 757 928
51 62 491 758
51 63 585 412
51 64 445 548
51 65 158 101
51 66 744 826
51 67 919 793
51 68 472 348
51 69 718 706
51 70 260 578
51 71 882 855
51 72 483 651
51 73 191 228
51 74 36 49
51 75 87 83
51 76 169 183
51 77 11 100
51 78 714 764
51 79 721 823
51 80 726 579
51 81 845 523
51 82 729 799
51 83 758 653
51 84 684 552
51 85 350 441
51 86 88 487
51 87 141 22
51 88 548 169
51 89 58 105
51 90 258 127
51 91 9 50
51 92 876 675
51 93 683 531
51 94 333 159
51 95 829 652
51 96 386 834
51 97 17 14
51 98 671 381
51 99 692 906
52 53 781 344
52 54 722 890
52 55 402 726
52 56 659 327
52 57 601 675
52 58 771 732
52 59 121 367
52 60 758 538
52 61 882 965
52 62 111 80
52 63 889 915
52 64 96 34
52 65 356 529
52 66 722 794
52 67 47 167
52 68 716 900
52 69 392 578
52 70 524 635
52 71 406 340
52 72 976 960
52 73 925 847
52 74 244 403
52 75 384 541
52 76 803 577
52 77 856 740
52 78 521 470
52 79 488 204
52 80 558 759
52 81 101 107
52 82 710 658
52 83 242 64
52 84 317 100
52 85 956 794
52 86 601 881
52 87 635 711
52 88 906 418
52 89 982 978
52 90 695 640
52 91 572 415
52 92 732 549
52 93 681 925
52 94 863 732
52 95 616 316
52 96 353 884
52 97 775 764
52 98 793 641
52 99 128 385
53 54 483 516
53 55 677 587
53 56 300 136
53 57 23 68
53 58 740 791
53 59 115 73
53 60 350 250
53 61 779 797
53 62 746 874
53 63 603 556
53 64 598 659
53 65 316 274
53 66 164 71
53 67 927 842
53 68 403 431
53 69 44 71
53 70 417 434
53 71 372 914
53 72 115 372
53 73 567 909
53 74 171 181
53 75 551 669
53 76 65 174
53 77 742 818
53 78 407 367
53 79 183 126
53 80 647 505
53 81 692 716
53 82 724 780
53 83 823 731
53 84 889 821
53 85 735 758
53 86 692 906
53 87 484 296
53 88 172 181
53 89 648 561
53 90 389 437
53 91 846 832
53 92 835 835
53 93 22 20
53 94 583 141
53 95 25 30
53 96 156 297
53 97 459 235
53 98 750 239
53 99 335 148
54 55 11 8
54 56 820 895
54 57 872 906
54 58 894 936
54 59 227 268
54 60 236 166
54 61 720 923
54 62 91 88
54 63 447 363
54 64 565 772
54 65 735 797
54 66 552 334
54 67 201 152
54 68 49 156
54 69 19 30
54 70 5 2
54 71 798 779
54 72 219 92
54 73 443 552
54 74 162 40
54 75 564 409
54 76 63 161
54 77 465 777
54 78 387 34
54 79 732 283
54 80 758 467
54 81 434 585
54 82 677 540
54 83 426 623
54 84 141 299
54 85 397 249
54 86 568 402
54 87 401 361
54 88 974 929
54 89 986 979
54 90 465 346
54 91 859 950
54 92 781 839
54 93 826 777
54 94 56 136
54 95 982 988
54 96 829 567
54 97 119 98
54 98 659 453
54 99 974 904
55 56 926 833
55 57 83 41
55 58 78 20
55 59 77 426
55 60 212 185
55 61 69 26
55 62 835 963
55 63 783 568
55 64 418 582
55 65 699 593
55 66 497 780
55 67 792 518
55 68 675 327
55 69 524 507
55 70 880 638
55 71 68 103
55 72 457 462
55 73 683 698
55 74 997 935
55 75 758 513
55 76 672 574
55 77 158 258
55 78 193 102
55 79 24 84
55 80 182 70
55 81 609 520
55 82 326 458
55 83 152 258
55 84 954 950
55 85 181 207
55 86 272 711
55 87 857 881
55 88 696 762
55 89 21 75
55 90 706 482
55 91 667 298
55 92 499 782
55 93 376 189
55 94 436 283
55 95 845 883
55 96 238 756
55 97 429 519
55 98 469 504
55 99 699 630
56 57 211 327
56 58 523 800
56 59 695 867
56 60 385 423
56 61 96 18
56 62 697 663
56 63 452 471
56 64 691 494
56 65 315 294
56 66 86 115
56 67 600 368
56 68 741 736
56 69 455 459
56 70 427 295
56 71 401 513
56 72 972 892
56 73 666 940
56 74 506 303
56 75 926 855
56 76 120 153
56 77 243 122
56 78 438 504
56 79 484 17
56 80 89 226
56 81 839 968
56 82 483 368
56 83 746 754
56 84 418 188
56 85 748 649
56 86 369 522
56 87 982 866
56 88 830 931
56 89 624 261
56 90 521 284
56 91 363 157
56 92 153 68
56 93 648 724
56 94 715 444
56 95 356 343
56 96 272 357
56 97 435 699
56 98 639 775
56 99 120 208
57 58 332 213
57 59 654 641
57 60 123 37
57 61 28 257
57 62 232 271
57 63 363 306
57 64 316 683
57 65 175 553
57 66 158 190
57 67 71 347
57 68 521 719
57 69 60 354
57 70 868 916
57 71 194 304
57 72 280 134
57 73 986 999
57 74 270 519
57 75 710 311
57 76 404 247
57 77 719 864
57 78 155 140
57 79 91 146
57 80 431 314
57 81 958 958
57 82 227 143
57 83 161 212
57 84 521 775
57 85 964 953
57 86 222 103
57 87 365 458
57 88 123 451
57 89 271 214
57 90 638 192
57 91 745 657
57 92 292 124
57 93 267 223
57 94 56 38
57 95 123 308
57 96 233 543
57 97 470 470
57 98 988 981
57 99 245 148
58 59 760 704
58 60 457 924
58 61 651 208
58 62 645 288
58 63 895 732
58 64 186 231
58 65 463 545
58 66 235 545
58 67 183 341
58 68 447 168
58 69 872 856
58 70 565 464
58 71 331 145
58 72 595 701
58 73 141 130
58 74 40 56
58 75 223 236
58 76 597 514
58 77 372 276
58 78 85 13
58 79 955 871
58 80 256 220
58 81 801 660
58 82 994 978
58 83 789 647
58 84 646 774
58 85 387 633
58 86 214 418
58 87 908 771
58 88 226 271
58 89 246 374
58 90 604 300
58 91 721 567
58 92 935 846
58 93 519 741
58 94 682 857
58 95 501 847
58 96 520 608
58 97 510 295
58 98 341 339
58 99 87 152
59 60 422 546
59 61 762 685
59 62 890 887
59 63 830 398
59 64 8 1
59 65 446 204
59 66 270 597
59 67 968 984
59 68 889 916
59 69 80 261
59 70 385 198
59 71 330 276
59 72 171 577
59 73 953 987
59 74 653 970
59 75 547 439
59 76 424 254
59 77 356 414
59 78 66 53
59 79 285 708
59 80 792 891
59 81 521 365
59 82 246 173
59 83 705 563
59 84 977 950
59 85 354 785
59 86 216 95
59 87 246 268
59 88 97 15
59 89 873 910
59 90 15 159
59 91 318 168
59 92 494 677
59 93 252 546
59 94 327 404
59 95 643 295
59 96 347 333
59 97 194 274
59 98 416 533
59 99 301 330
60 61 971 967
60 62 869 806
60 63 917 894
60 64 462 532
60 65 457 431
60 66 892 804
60 67 236 239
60 68 478 378
60 69 767 935
60 70 919 854
60 71 70 6
60 72 581 609
60 73 476 565
60 74 787 604
60 75 78 151
60 76 284 60
60 77 548 735
60 78 944 970
60 79 189 444
60 80 941 921
60 81 938 842
60 82 271 466
60 83 587 659
60 84 140 791
60 85 411 529
60 86 593 842
60 87 866 947
60 88 235 338
60 89 998 996
60 90 343 496
60 91 41 81
60 92 459 311
60 93 57 76
60 94 618 652
60 95 303 396
60 96 394 600
60 97 566 570
60 98 59 70
60 99 52 757
61 62 947 834
61 63 439 849
61 64 558 448
61 65 280 595
61 66 90 237
61 67 704 661
61 68 239 296
61 69 811 676
61 70 294 394
61 71 672 768
61 72 261 228
61 73 786 962
61 74 288 290
61 75 546 474
61 76 160 245
61 77 228 229
61 78 242 38
61 79 781 576
61 80 372 371
61 81 871 948
61 82 509 795
61 83 402 702
61 84 850 896
61 85 949 789
61 86 948 975
61 87 627 675
61 88 471 814
61 89 138 331
61 90 169 93
61 91 333 726
61 92 225 16
61 93 759 646
61 94 844 975
61 95 614 762
61 96 969 961
61 97 385 510
61 98 597 262
61 99 315 677
62 63 650 784
62 64 886 494
62 65 574 351
62 66 731 665
62 67 664 778
62 68 154 357
62 69 309 509
62 70 762 832
62 71 576 635
62 72 732 811
62 73 7 81
62 74 809 594
62 75 674 468
62 76 719 690
62 77 855 405
62 78 762 731
62 79 584 374
62 80 583 331
62 81 232 215
62 82 104 158
62 83 521 214
62 84 748 754
62 85 920 896
62 86 560 549
62 87 293 239
62 88 730 608
62 89 312 709
62 90 808 729
62 91 636 806
62 92 983 889
62 93 925 717
62 94 530 547
62 95 870 353
62 96 260 184
62 97 791 415
62 98 130 628
62 99 450 347
63 64 964 981
63 65 79 58
63 66 138 114
63 67 534 585
63 68 545 545
63 69 538 632
63 70 77 170
63 71 780 363
63 72 553 874
63 73 126 211
63 74 283 728
63 75 782 497
63 76 895 963
63 77 318 579
63 78 562 354
63 79 610 563
63 80 450 379
63 81 373 289
63 82 270 275
63 83 730 709
63 84 556 177
63 85 908 850
63 86 766 776
63 87 101 372
63 88 22 367
63 89 544 369
63 90 385 579
63 91 53 349
63 92 742 833
63 93 356 154
63 94 564 342
63 95 515 623
63 96 846 524
63 97 705 541
63 98 183 106
63 99 549 286
64 65 417 549
64 66 519 627
64 67 149 55
64 68 404 282
64 69 95 128
64 70 521 311
64 71 196 278
64 72 412 94
64 73 382 670
64 74 991 990
64 75 352 198
64 76 215 294
64 77 145 60
64 78 930 928
64 79 48 59
64 80 407 249
64 81 653 206
64 82 270 268
64 83 426 116
64 84 63 72
64 85 771 881
64 86 304 265
64 87 26 112
64 88 752 682
64 89 322 377
64 90 881 940
64 91 176 6
64 92 842 973
64 93 197 223
64 94 369 610
64 95 173 287
64 96 641 754
64 97 883 896
64 98 489 529
64 99 155 606
65 66 417 581
65 67 761 379
65 68 360 148
65 69 298 714
65 70 788 756
65 71 728 959
65 72 466 861
65 73 476 738
65 74 364 207
65 75 964 959
65 76 98 140
65 77 506 602
65 78 957 998
65 79 762 792
65 80 137 591
65 81 877 724
65 82 29 96
65 83 576 502
65 84 192 276
65 85 654 740
65 86 806 624
65 87 787 958
65 88 541 635
65 89 294 251
65 90 554 591
65 91 824 661
65 92 276 406
65 93 474 531
65 94 520 563
65 95 72 50
65 96 663 868
65 97 131 330
65 98 872 927
65 99 318 145
66 67 78 110
66 68 686 788
66 69 336 158
66 70 520 716
66 71 2 15
66 72 339 165
66 73 873 803
66 74 748 821
66 75 561 721
66 76 379 528
66 77 488 535
66 78 668 387
66 79 87 135
66 80 564 429
66 81 418 507
66 82 991 962
66 83 247 415
66 84 978 950
66 85 71 24
66 86 766 778
66 87 960 947
66 88 668 672
66 89 962 712
66 90 49 46
66 91 594 390
66 92 500 517
66 93 388 386
66 94 832 787
66 95 800 769
66 96 69 193
66 97 843 777
66 98 47 22
66 99 787 702
67 68 521 871
67 69 218 74
67 70 943 966
67 71 675 705
67 72 252 441
67 73 960 996
67 74 448 549
67 75 870 905
67 76 623 681
67 77 506 527
67 78 733 911
67 79 72 231
67 80 75 130
67 81 488 287
67 82 610 417
67 83 974 956
67 84 880 971
67 85 15 12
67 86 385 235
67 87 324 198
67 88 924 920
67 89 712 624
67 90 354 780
67 91 855 443
67 92 835 741
67 93 105 553
67 94 212 127
67 95 944 965
67 96 195 142
67 97 35 7
67 98 235 125
67 99 336 429
68 69 805 734
68 70 254 127
68 71 504 719
68 72 125 186
68 73 981 990
68 74 164 521
68 75 456 273
68 76 359 234
68 77 117 215
68 78 779 539
68 79 297 380
68 80 646 645
68 81 343 30
68 82 67 98
68 83 897 951
68 84 508 816
68 85 760 829
68 86 308 468
68 87 48 96
68 88 867 925
68 89 776 540
68 90 632 742
68 91 620 696
68 92 208 81
68 93 178 123
68 94 413 351
68 95 946 940
68 96 55 63
68 97 21 125
68 98 753 438
68 99 346 649
69 70 222 65
69 71 146 106
69 72 68 220
69 73 997 995
69 74 538 110
69 75 557 343
69 76 504 500
69 77 945 950
69 78 356 647
69 79 573 773
69 80 482 392
69 81 658 267
69 82 901 967
69 83 889 872
69 84 599 607
69 85 758 768
69 86 44 66
69 87 62 147
69 88 141 36
69 89 527 586
69 90 634 491
69 91 906 931
69 92 342 397
69 93 741 728
69 94 432 624
69 95 910 980
69 96 726 616
69 97 399 590
69 98 953 895
69 99 402 553
70 71 696 734
70 72 129 511
70 73 349 158
70 74 876 962
70 75 331 296
70 76 878 868
70 77 300 307
70 78 951 933
70 79 188 309
70 80 401 823
70 81 296 250
70 82 585 381
70 83 367 547
70 84 825 792
70 85 583 766
70 86 537 504
70 87 505 960
70 88 543 898
70 89 404 352
70 90 639 653
70 91 269 388
70 92 202 254
70 93 992 998
70 94 103 57
70 95 217 131
70 96 635 682
70 97 822 955
70 98 525 392
70 99 956 901
71 72 222 342
71 73 563 507
71 74 318 544
71 75 314 321
71 76 670 879
71 77 945 899
71 78 460 629
71 79 847 792
71 80 297 297
71 81 114 18
71 82 432 688
71 83 122 23
71 84 789 703
71 85 60 131
71 86 701 545
71 87 280 427
71 88 528 408
71 89 879 961
71 90 637 939
71 91 652 678
71 92 162 109
71 93 366 621
71 94 820 948
71 95 960 991
71 96 615 625
71 97 974 939
71 98 990 1000
71 99 559 264
72 73 805 924
72 74 653 730
72 75 384 402
72 76 664 986
72 77 829 771
72 78 537 870
72 79 675 418
72 80 965 934
72 81 809 454
72 82 139 152
72 83 650 765
72 84 147 267
72 85 567 642
72 86 793 797
72 87 895 791
72 88 629 455
72 89 329 378
72 90 589 756
72 91 251 381
72 92 68 85
72 93 731 565
72 94 462 165
72 95 375 857
72 96 816 723
72 97 36 18
72 98 370 275
72 99 742 738
73 74 841 674
73 75 9 3
73 76 111 289
73 77 448 664
73 78 992 956
73 79 254 695
73 80 356 762
73 81 522 498
73 82 778 894
73 83 804 793
73 84 364 628
73 85 629 428
73 86 564 546
73 87 408 892
73 88 807 892
73 89 88 76
73 90 873 337
73 91 74 30
73 92 527 304
73 93 842 708
73 94 927 909
73 95 40 422
73 96 144 56
73 97 235 367
73 98 549 628
73 99 988 955
74 75 11 53
74 76 384 289
74 77 212 72
74 78 405 430
74 79 372 777
74 80 443 590
74 81 351 597
74 82 61 95
74 83 145 206
74 84 369 502
74 85 978 894
74 86 982 860
74 87 154 425
74 88 55 62
74 89 788 607
74 90 944 915
74 91 121 221
74 92 355 523
74 93 953 888
74 94 607 757
74 95 573 659
74 96 334 732
74 97 123 85
74 98 86 32
74 99 191 100
75 76 833 783
75 77 444 693
75 78 349 808
75 79 327 469
75 80 434 796
75 81 58 26
75 82 877 897
75 83 942 835
75 84 958 876
75 85 466 543
75 86 1000 995
75 87 905 818
75 88 755 808
75 89 537 452
75 90 877 424
75 91 192 284
75 92 782 773
75 93 822 828
75 94 489 299
75 95 204 183
75 96 912 587
75 97 909 882
75 98 14 49
75 99 474 396
76 77 771 421
76 78 485 333
76 79 728 902
76 80 545 540
76 81 226 15
76 82 746 679
76 83 842 466
76 84 180 572
76 85 459 378
76 86 401 279
76 87 882 631
76 88 244 103
76 89 780 650
76 90 110 46
76 91 787 907
76 92 375 529
76 93 600 423
76 94 638 529
76 95 102 111
76 96 397 134
76 97 371 163
76 98 696 632
76 99 702 641
77 78 828 848
77 79 29 74
77 80 490 918
77 81 937 898
77 82 646 861
77 83 437 216
77 84 264 11
77 85 779 852
77 86 856 735
77 87 910 764
77 88 516 476
77 89 368 674
77 90 856 901
77 91 414 183
77 92 360 314
77 93 382 498
77 94 108 77
77 95 830 650
77 96 644 441
77 97 301 476
77 98 369 459
77 99 32 47
78 79 557 424
78 80 446 272
78 81 308 581
78 82 489 236
78 83 802 567
78 84 148 23
78 85 33 58
78 86 124 135
78 87 21 36
78 88 941 933
78 89 553 557
78 90 20 29
78 91 451 468
78 92 547 333
78 93 344 127
78 94 53 172
78 95 166 398
78 96 477 712
78 97 455 476
78 98 816 798
78 99 188 642
79 80 557 436
79 81 449 449
79 82 536 766
79 83 671 776
79 84 176 132
79 85 630 644
79 86 563 242
79 87 42 45
79 88 777 702
79 89 90 9
79 90 227 84
79 91 834 960
79 92 371 238
79 93 457 935
79 94 632 792
79 95 475 230
79 96 555 670
79 97 997 983
79 98 585 153
79 99 206 283
80 81 229 256
80 82 925 913
80 83 379 731
80 84 181 376
80 85 801 753
80 86 135 161
80 87 559 485
80 88 12 60
80 89 975 997
80 90 765 925
80 91 140 162
80 92 127 128
80 93 474 706
80 94 658 372
80 95 562 449
80 96 648 705
80 97 289 327
80 98 350 675
80 99 557 648
81 82 356 644
81 83 992 995
81 84 743 819
81 85 403 300
81 86 58 322
81 87 9 49
81 88 978 885
81 89 921 980
81 90 977 742
81 91 82 450
81 92 187 130
81 93 615 700
81 94 251 628
81 95 398 398
81 96 70 156
81 97 215 326
81 98 978 952
81 99 722 482
82 83 959 694
82 84 257 22
82 85 94 198
82 86 915 875
82 87 401 174
82 88 630 540
82 89 268 437
82 90 278 518
82 91 659 498
82 92 962 767
82 93 544 791
82 94 484 454
82 95 348 373
82 96 103 26
82 97 812 844
82 98 225 555
82 99 73 29
83 84 891 747
83 85 876 796
83 86 418 808
83 87 521 383
83 88 138 89
83 89 830 643
83 90 841 892
83 91 807 889
83 92 684 618
83 93 708 523
83 94 784 743
83 95 238 219
83 96 96 141
83 97 885 739
83 98 165 16
83 99 640 568
84 85 390 145
84 86 64 82
84 87 965 982
84 88 178 522
84 89 344 240
84 90 204 32
84 91 36 430
84 92 357 496
84 93 802 670
84 94 705 950
84 95 671 263
84 96 428 555
84 97 307 264
84 98 256 473
84 99 771 686
85 86 201 285
85 87 994 961
85 88 634 318
85 89 630 715
85 90 125 258
85 91 845 490
85 92 363 545
85 93 410 158
85 94 854 828
85 95 534 261
85 96 306 285
85 97 766 709
85 98 942 884
85 99 118 80
86 87 263 583
86 88 181 421
86 89 987 978
86 90 814 891
86 91 368 234
86 92 869 804
86 93 542 714
86 94 416 762
86 95 49 24
86 96 322 479
86 97 295 201
86 98 377 80
86 99 698 506
87 88 161 279
87 89 548 948
87 90 887 677
87 91 408 671
87 92 839 706
87 93 142 329
87 94 388 192
87 95 631 689
87 96 417 531
87 97 213 461
87 98 976 979
87 99 972 947
88 89 538 769
88 90 303 416
88 91 976 973
88 92 10 136
88 93 359 639
88 94 395 551
88 95 423 139
88 96 147 43
88 97 758 702
88 98 361 265
88 99 266 268
89 90 746 523
89 91 82 99
89 92 739 802
89 93 563 530
89 94 495 411
89 95 477 744
89 96 916 968
89 97 566 719
89 98 993 979
89 99 907 983
90 91 110 219
90 92 394 456
90 93 439 678
90 94 231 155
90 95 27 84
90 96 176 261
90 97 558 667
90 98 714 916
90 99 343 102
91 92 515 687
91 93 189 271
91 94 151 450
91 95 963 835
91 96 297 668
91 97 55 342
91 98 422 557
91 99 165 217
92 93 441 357
92 94 972 906
92 95 668 809
92 96 165 138
92 97 56 205
92 98 64 1
92 99 557 399
93 94 362 536
93 95 554 756
93 96 528 533
93 97 445 418
93 98 700 454
93 99 624 440
94 95 357 223
94 96 413 630
94 97 20 69
94 98 854 507
94 99 188 72
95 96 257 118
95 97 37 17
95 98 725 836
95 99 602 710
96 97 180 102
96 98 409 486
96 99 765 635
97 98 617 321
97 99 567 583
98 99 423 412
0
1150
1405 6087
1406 5902
1407 5856
1408 5837
1409 5791
1410 5772
1411 5749
1412 5726
1413 5639
1414 5593
1415 5574
1416 5528
1417 5509
1418 5486
1419 5463
1420 5421
1421 5398
1422 5383
1423 5356
1424 5323
1425 5291
1426 5258
1427 5239
1428 5224
1429 5193
1430 5151
1431 5128
1432 5113
1433 5090
1434 5053
1435 5021
1436 5006
1437 4992
1438 4960
1439 4923
1440 4908
1441 4904
1442 4862
1443 4847
1444 4832
1445 4817
1446 4802
1447 4787
1449 4775
1450 4766
1451 4737
1452 4722
1453 4707
1454 4692
1455 4677
1456 4662
1458 4650
1459 4645
1460 4635
1461 4620
1463 4608
1464 4599
1465 4591
1466 4587
1467 4579
1468 4553
1469 4538
1470 4523
1471 4508
1472 4493
1473 4478
1475 4466
1476 4461
1477 4451
1478 4436
1480 4424
1481 4415
1482 4407
1483 4403
1484 4395
1485 4388
1486 4373
1487 4365
1488 4361
1489 4352
1490 4344
1491 4340
1492 4332
1493 4325
1494 4310
1495 4302
1496 4292
1497 4277
1498 4262
1499 4247
1501 4235
1502 4230
1503 4220
1504 4205
1506 4193
1507 4184
1508 4176
1509 4172
1510 4164
1511 4157
1512 4142
1513 4134
1514 4130
1515 4121
1516 4113
1517 4109
1518 4101
1519 4094
1520 4079
1521 4071
1522 4067
1523 4059
1524 4054
1525 4049
1526 4045
1527 4037
1528 4028
1529 4015
1530 4007
1531 4003
1532 3995
1533 3986
1534 3978
1535 3974
1536 3965
1537 3957
1538 3953
1539 3945
1540 3938
1541 3923
1542 3915
1543 3911
1544 3903
1545 3898
1546 3893
1547 3889
1548 3881
1549 3874
1550 3859
1551 3851
1552 3847
1553 3839
1554 3834
1556 3827
1557 3819
1558 3812
1559 3804
1560 3800
1561 3792
1562 3787
1563 3786
1564 3778
1565 3771
1566 3756
1567 3748
1568 3744
1569 3736
1570 3731
1572 3724
1573 3716
1574 3709
1575 3701
1576 3697
1577 3689
1578 3684
1580 3677
1581 3669
1582 3665
1583 3657
1584 3652
1586 3645
1587 3637
1588 3632
1589 3625
1590 3620
1591 3615
1592 3610
1593 3605
1594 3600
1595 3593
1596 3588
1597 3583
1598 3578
1599 3573
1600 3568
1601 3564
1602 3556
1603 3551
1604 3546
1605 3541
1606 3536
1607 3532
1608 3524
1609 3519
1610 3514
1611 3509
1612 3504
1614 3502
1615 3489
1616 3487
1617 3477
1618 3472
1620 3470
1621 3457
1623 3445
1624 3440
1626 3438
1627 3430
1628 3425
1630 3421
1631 3414
1632 3412
1633 3402
1634 3397
1636 3393
1637 3382
1638 3381
1639 3370
1640 3365
1642 3363
1643 3355
1644 3350
1646 3346
1647 3341
1648 3338
1649 3332
1650 3327
1651 3326
1652 3318
1653 3312
1654 3306
1655 3300
1656 3295
1658 3291
1659 3285
1660 3280
1662 3276
1663 3271
1664 3268
1665 3263
1666 3260
1667 3254
1668 3248
1669 3243
1670 3236
1671 3231
1673 3228
1674 3221
1675 3216
1677 3212
1678 3207
1680 3204
1681 3196
1682 3192
1683 3184
1684 3179
1686 3177
1687 3169
1688 3164
1690 3160
1691 3155
1693 3153
1694 3145
1695 3140
1697 3138
1698 3133
1700 3129
1701 3124
1703 3118
1704 3114
1705 3106
1706 3101
1708 3099
1709 3091
1710 3086
1712 3082
1713 3077
1715 3075
1716 3067
1717 3062
1719 3060
1720 3055
1722 3051
1723 3046
1725 3044
1726 3036
1727 3031
1729 3027
1730 3022
1732 3020
1733 3012
1734 3007
1736 3005
1737 3000
1739 2998
1740 2993
1741 2992
1742 2990
1743 2983
1744 2978
1745 2977
1746 2976
1747 2971
1748 2970
1749 2966
1751 2963
1752 2959
1753 2957
1754 2953
1755 2948
1756 2947
1757 2942
1758 2940
1759 2937
1760 2935
1761 2931
1762 2930
1763 2928
1764 2921
1765 2916
1767 2913
1768 2909
1770 2906
1771 2902
1772 2901
1773 2899
1774 2892
1775 2887
1776 2886
1777 2885
1778 2880
1779 2879
1780 2875
1782 2872
1783 2868
1784 2866
1785 2862
1786 2857
1787 2856
1788 2851
1789 2850
1790 2846
1791 2844
1793 2839
1794 2837
1795 2836
1796 2834
1797 2827
1798 2822
1799 2821
1800 2820
1801 2815
1802 2814
1803 2810
1804 2809
1805 2807
1806 2803
1808 2797
1809 2792
1811 2790
1812 2785
1813 2781
1814 2780
1815 2779
1816 2774
1817 2773
1819 2769
1820 2766
1822 2762
1823 2756
1824 2751
1826 2749
1827 2744
1830 2739
1832 2737
1833 2732
1834 2728
1835 2727
1836 2726
1837 2721
1838 2720
1840 2718
1841 2713
1843 2711
1844 2703
1845 2698
1847 2696
1848 2691
1851 2689
1856 2688
1857 2680
1858 2675
1860 2673
1861 2668
1863 2666
1866 2662
1869 2659
1870 2657
1872 2655
1873 2650
1875 2648
1876 2643
1879 2639
1881 2637
1882 2636
1883 2634
1885 2632
1886 2631
1887 2630
1888 2628
1890 2624
1891 2619
1893 2617
1894 2612
1897 2610
1898 2609
1900 2607
1901 2605
1903 2601
1904 2596
1906 2594
1907 2589
1909 2587
1912 2583
1915 2580
1916 2578
1918 2576
1919 2571
1921 2569
1922 2564
1925 2560
1927 2558
1928 2557
1929 2555
1931 2553
1932 2552
1933 2551
1934 2549
1936 2546
1937 2543
1939 2539
1940 2535
1943 2532
1944 2530
1946 2528
1947 2526
1949 2524
1950 2523
1951 2522
1952 2520
1953 2519
1954 2518
1955 2516
1956 2515
1957 2510
1958 2507
1961 2503
1962 2501
1965 2498
1966 2497
1967 2496
1968 2494
1969 2493
1970 2491
1971 2490
1972 2489
1973 2488
1974 2486
1975 2482
1978 2478
1979 2476
1980 2473
1983 2469
1984 2468
1986 2466
1987 2464
1988 2463
1989 2462
1990 2461
1991 2459
1992 2457
1993 2456
1995 2454
1996 2453
1997 2448
2000 2444
2002 2440
2004 2439
2005 2436
2006 2434
2008 2432
2009 2431
2010 2429
2011 2428
2012 2427
2013 2425
2014 2424
2015 2423
2016 2422
2017 2420
2018 2419
2019 2416
2022 2411
2023 2410
2024 2406
2027 2402
2030 2399
2031 2397
2033 2395
2034 2394
2035 2392
2036 2391
2037 2389
2038 2388
2039 2387
2040 2386
2041 2382
2044 2378
2046 2374
2048 2373
2049 2369
2050 2368
2052 2365
2055 2361
2057 2360
2058 2357
2060 2356
2061 2354
2062 2352
2065 2349
2066 2345
2068 2340
2071 2336
2074 2333
2075 2331
2077 2329
2078 2328
2080 2324
2081 2323
2083 2320
2086 2318
2087 2316
2088 2315
2089 2314
2090 2313
2091 2311
2092 2308
2093 2303
2096 2299
2099 2295
2102 2291
2105 2288
2106 2286
2109 2283
2111 2281
2112 2279
2114 2277
2117 2274
2118 2273
2120 2270
2122 2268
2123 2263
2124 2258
2127 2254
2130 2252
2132 2251
2135 2248
2136 2245
2139 2241
2142 2237
2145 2233
2148 2231
2149 2230
2150 2229
2151 2228
2152 2226
2153 2223
2154 2218
2157 2214
2160 2212
2165 2210
2166 2205
2169 2201
2172 2199
2175 2198
2178 2192
2179 2190
2181 2188
2182 2186
2185 2184
2190 2181
2191 2177
2194 2173
2196 2172
2197 2171
2198 2169
2199 2168
2201 2167
2202 2166
2203 2164
2206 2160
2208 2159
2209 2158
2210 2156
2211 2155
2213 2154
2214 2153
2217 2151
2219 2147
2220 2145
2221 2144
2222 2143
2223 2141
2224 2140
2226 2139
2227 2138
2231 2136
2232 2132
2233 2131
2235 2128
2236 2127
2238 2126
2239 2125
2241 2123
2242 2122
2244 2119
2245 2118
2247 2115
2248 2114
2250 2113
2251 2112
2253 2110
2254 2109
2256 2108
2257 2107
2258 2106
2259 2105
2261 2102
2262 2101
2263 2099
2264 2098
2265 2097
2266 2095
2267 2094
2269 2093
2270 2092
2273 2089
2274 2088
2275 2086
2276 2085
2278 2082
2279 2081
2281 2080
2282 2079
2285 2078
2286 2077
2287 2073
2288 2072
2290 2069
2291 2068
2293 2067
2294 2066
2297 2065
2299 2062
2300 2061
2301 2060
2302 2059
2304 2056
2305 2055
2307 2054
2308 2053
2309 2052
2311 2049
2312 2048
2313 2047
2314 2046
2316 2043
2317 2042
2319 2041
2320 2040
2323 2039
2324 2038
2325 2036
2326 2035
2328 2033
2329 2032
2331 2031
2332 2030
2333 2029
2334 2027
2335 2026
2336 2025
2337 2023
2338 2022
2340 2021
2341 2020
2343 2019
2344 2018
2346 2017
2347 2016
2349 2013
2350 2012
2351 2011
2352 2010
2354 2007
2355 2006
2357 2005
2358 2004
2359 2003
2361 2000
2362 1999
2364 1998
2365 1997
2368 1996
2369 1995
2370 1993
2371 1992
2372 1991
2373 1990
2375 1987
2376 1986
2378 1985
2379 1984
2380 1983
2382 1980
2383 1979
2385 1978
2386 1977
2388 1976
2389 1975
2391 1974
2392 1973
2394 1970
2395 1969
2397 1968
2398 1967
2400 1966
2402 1963
2403 1962
2405 1961
2406 1960
2407 1959
2409 1956
2410 1955
2412 1954
2413 1953
2415 1952
2416 1950
2418 1949
2419 1948
2420 1947
2421 1946
2422 1945
2423 1943
2426 1941
2428 1940
2429 1939
2431 1938
2432 1937
2434 1936
2435 1933
2437 1932
2438 1931
2440 1930
2442 1929
2443 1926
2445 1925
2446 1924
2447 1923
2449 1922
2450 1919
2453 1917
2455 1916
2457 1915
2458 1914
2459 1912
2462 1909
2464 1908
2465 1907
2467 1906
2469 1905
2472 1903
2473 1901
2476 1898
2479 1895
2482 1893
2483 1892
2486 1888
2489 1886
2493 1884
2496 1882
2497 1881
2500 1877
2503 1875
2508 1873
2509 1872
2511 1870
2514 1868
2515 1866
2518 1864
2520 1863
2523 1860
2525 1859
2526 1858
2528 1857
2530 1856
2533 1854
2534 1852
2537 1849
2540 1846
2543 1844
2544 1843
2547 1839
2550 1837
2554 1835
2557 1833
2558 1832
2561 1828
2564 1826
2569 1824
2570 1823
2572 1822
2573 1821
2576 1817
2579 1815
2585 1812
2588 1810
2591 1808
2592 1807
2595 1803
2598 1801
2602 1799
2605 1797
2606 1796
2609 1792
2612 1790
2617 1788
2618 1787
2620 1786
2621 1785
2624 1781
2627 1779
2633 1776
2636 1774
2641 1772
2645 1770
2648 1768
2649 1767
2652 1763
2655 1761
2660 1759
2661 1758
2663 1757
2664 1756
2667 1752
2670 1750
2676 1747
2679 1745
2684 1744
2690 1741
2693 1739
2699 1738
2703 1736
2705 1735
2706 1734
2708 1733
2711 1729
2714 1727
2720 1724
2723 1722
2728 1721
2731 1718
2734 1716
2739 1714
2740 1713
2742 1712
2743 1711
2746 1707
2749 1705
2755 1702
2758 1700
2763 1699
2769 1696
2772 1694
2778 1693
2783 1691
2784 1690
2786 1689
2787 1688
2790 1684
2793 1682
2799 1679
2802 1677
2807 1676
2811 1675
2813 1673
2816 1671
2820 1670
2825 1669
2830 1668
2831 1666
2834 1664
2840 1663
2845 1661
2846 1660
2848 1659
2849 1658
2852 1654
2855 1652
2861 1649
2864 1647
2869 1646
2875 1643
2878 1641
2889 1640
2892 1638
2897 1637
2899 1636
2902 1634
2911 1631
2916 1629
2925 1627
2930 1626
2931 1624
2934 1622
2939 1621
2945 1618
2948 1616
2959 1615
2962 1613
2967 1612
2969 1611
2972 1609
2981 1606
2986 1604
2995 1603
3000 1601
3005 1599
3010 1597
3019 1594
3033 1591
3043 1587
3057 1584
3071 1582
3076 1580
3088 1578
3095 1575
3100 1573
3109 1570
3121 1568
3126 1566
3133 1563
3149 1560
3159 1556
3173 1553
3187 1551
3192 1549
3207 1547
3211 1544
3216 1542
3225 1539
3240 1537
3248 1535
3249 1532
3272 1531
3274 1530
3279 1529
3281 1528
3288 1525
3298 1523
3305 1521
3314 1520
3324 1516
3338 1513
3352 1511
3362 1510
3363 1509
3375 1507
3376 1504
3386 1503
3389 1502
3390 1499
3405 1497
3413 1495
3414 1492
3444 1489
3446 1488
3453 1485
3468 1484
3470 1481
3494 1480
3495 1476
3509 1474
3524 1473
3527 1472
3534 1469
3551 1465
3577 1464
3578 1463
3581 1462
3583 1461
3590 1458
3617 1456
3620 1455
3622 1454
3633 1453
3634 1452
3652 1451
3656 1449
3674 1448
3686 1446
3688 1445
3699 1444
3700 1443
3718 1442
3728 1441
3730 1440
3740 1439
3758 1438
3769 1437
3770 1436
3777 1435
3788 1434
3789 1433
3807 1432
3817 1431
3819 1430
3829 1429
3847 1428
3854 1427
3859 1426
3879 1425
3893 1424
3894 1423
3901 1422
3912 1421
3913 1420
3931 1419
3941 1418
3943 1417
3953 1416
3971 1415
3982 1414
3983 1413
4003 1412
4021 1411
4032 1410
4033 1409
4053 1408
4063 1407
4065 1406
4075 1405
4093 1404
4104 1403
4105 1402
4125 1401
4143 1400
4154 1399
4155 1398
4182 1397
4184 1396
4194 1395
4212 1394
4223 1393
4224 1392
4257 1391
4264 1390
4275 1389
4276 1388
4294 1387
4304 1386
4306 1385
4316 1384
4334 1383
4345 1382
4346 1381
4385 1380
4396 1379
4397 1378
4417 1377
4426 1376
4436 1375
4454 1374
4465 1373
4466 1372
4499 1371
4506 1370
4517 1369
4518 1368
4536 1367
4546 1366
4548 1365
4558 1364
4576 1363
4587 1362
4588 1361
4629 1360
4638 1359
4653 1358
4659 1357
4701 1356
4709 1355
4724 1354
4764 1353
4772 1352
4800 1351
4822 1350
4837 1349
4877 1348
4887 1347
4913 1346
4942 1345
4959 1344
4977 1343
4987 1342
4989 1341
4999 1340
5017 1339
5028 1338
5029 1337
5070 1336
5079 1335
5094 1334
5100 1333
5142 1332
5150 1331
5165 1330
5205 1329
5213 1328
5241 1327
5263 1326
5278 1325
5318 1324
5328 1323
5354 1322
5383 1321
5404 1320
5434 1319
5459 1318
5504 1317
5510 1316
5559 1315
5605 1314
5610 1313
5664 1312
5713 1311
5759 1310
5764 1309
5888 1308
5893 1307
