10
0 1 87 222
0 2 202 207
0 3 386 316
0 4 489 645
0 5 725 574
0 6 590 950
0 7 973 839
0 8 391 448
0 9 58 84
1 2 370 708
1 3 903 875
1 4 109 434
1 5 656 552
1 6 996 979
1 7 752 949
1 8 317 550
1 9 289 556
2 3 662 691
2 4 576 711
2 5 48 291
2 6 268 120
2 7 148 190
2 8 314 48
2 9 320 448
3 4 541 345
3 5 860 960
3 6 181 273
3 7 167 135
3 8 153 191
3 9 598 782
4 5 769 921
4 6 683 801
4 7 51 96
4 8 964 939
4 9 693 497
5 6 409 627
5 7 585 818
5 8 538 644
5 9 599 763
6 7 689 302
6 8 340 170
6 9 590 745
7 8 216 534
7 9 882 827
8 9 607 536
0
6
1002 1916
1089 1763
1095 1689
1182 1536
1329 1449
1343 1393
