10
0 1 252 481
0 2 712 881
0 3 711 327
0 4 976 525
0 5 664 971
0 6 42 139
0 7 66 376
0 8 640 837
0 9 448 404
1 2 778 402
1 3 670 560
1 4 954 827
1 5 243 588
1 6 760 339
1 7 451 814
1 8 854 669
1 9 192 270
2 3 42 1
2 4 277 87
2 5 933 881
2 6 330 142
2 7 954 812
2 8 654 361
2 9 189 315
3 4 516 730
3 5 863 527
3 6 551 757
3 7 990 457
3 8 808 910
3 9 768 347
4 5 315 556
4 6 887 792
4 7 389 722
4 8 816 831
4 9 199 135
5 6 466 654
5 7 500 697
5 8 407 350
5 9 605 287
6 7 898 993
6 8 452 384
6 9 594 571
7 8 573 512
7 9 397 126
8 9 512 695
0
17
1632 2655
1704 2623
1710 2316
1777 2300
1782 2284
1788 2268
1798 2088
1865 2072
1870 2056
1937 2040
2007 1884
2074 1868
2129 1838
2160 1787
2227 1771
2338 1634
2491 1537
