25
0 1 872 898
0 2 531 686
0 3 107 231
0 4 848 978
0 5 433 101
0 6 601 239
0 7 543 479
0 8 492 545
0 9 699 747
0 10 719 841
0 11 471 441
0 12 728 401
0 13 842 977
0 14 850 741
0 15 932 795
0 16 119 61
0 17 229 124
0 18 669 516
0 19 471 316
0 20 138 246
0 21 827 514
0 22 100 412
0 23 758 216
0 24 160 268
1 2 973 868
1 3 456 200
1 4 204 72
1 5 482 827
1 6 546 627
1 7 150 223
1 8 260 563
1 9 305 464
1 10 134 233
1 11 912 726
1 12 233 106
1 13 294 805
1 14 796 721
1 15 383 130
1 16 943 603
1 17 736 902
1 18 55 169
1 19 245 361
1 20 160 133
1 21 113 39
1 22 752 879
1 23 623 584
1 24 1 1
2 3 777 634
2 4 204 390
2 5 290 306
2 6 367 161
2 7 610 444
2 8 136 466
2 9 259 330
2 10 566 500
2 11 453 372
2 12 490 316
2 13 160 68
2 14 122 70
2 15 20 52
2 16 122 167
2 17 515 260
2 18 626 486
2 19 424 429
2 20 849 901
2 21 649 880
2 22 182 81
2 23 605 146
2 24 508 343
3 4 130 400
3 5 426 496
3 6 871 820
3 7 82 213
3 8 385 342
3 9 735 626
3 10 177 150
3 11 631 775
3 12 63 36
3 13 600 405
3 14 598 468
3 15 46 136
3 16 984 992
3 17 707 768
3 18 412 516
3 19 616 339
3 20 404 688
3 21 645 730
3 22 88 65
3 23 779 958
3 24 611 715
4 5 113 136
4 6 962 867
4 7 192 196
4 8 605 451
4 9 441 359
4 10 87 323
4 11 197 20
4 12 52 56
4 13 265 683
4 14 72 181
4 15 619 323
4 16 743 442
4 17 883 787
4 18 176 192
4 19 167 616
4 20 496 752
4 21 520 264
4 22 290 399
4 23 579 505
4 24 956 850
5 6 25 53
5 7 971 805
5 8 740 244
5 9 772 624
5 10 570 840
5 11 646 654
5 12 920 700
5 13 8 83
5 14 974 518
5 15 418 422
5 16 73 211
5 17 859 886
5 18 560 792
5 19 550 623
5 20 908 909
5 21 844 319
5 22 970 758
5 23 195 108
5 24 770 947
6 7 934 983
6 8 98 50
6 9 460 346
6 10 376 372
6 11 351 162
6 12 165 793
6 13 829 681
6 14 920 670
6 15 725 618
6 16 857 521
6 17 531 856
6 18 601 61
6 19 935 928
6 20 356 437
6 21 181 191
6 22 909 853
6 23 97 62
6 24 222 180
7 8 702 661
7 9 622 232
7 10 257 255
7 11 913 852
7 12 130 152
7 13 527 701
7 14 279 247
7 15 736 957
7 16 682 602
7 17 251 21
7 18 901 961
7 19 962 955
7 20 852 870
7 21 633 455
7 22 927 939
7 23 681 553
7 24 564 300
8 9 315 417
8 10 757 630
8 11 607 394
8 12 216 217
8 13 783 731
8 14 504 328
8 15 262 651
8 16 462 209
8 17 781 771
8 18 376 23
8 19 725 391
8 20 643 210
8 21 966 622
8 22 87 5
8 23 30 21
8 24 18 92
9 10 883 931
9 11 417 267
9 12 836 942
9 13 163 153
9 14 668 823
9 15 903 793
9 16 134 258
9 17 352 526
9 18 348 354
9 19 989 965
9 20 265 241
9 21 163 454
9 22 263 431
9 23 437 400
9 24 824 643
10 11 734 777
10 12 808 634
10 13 915 789
10 14 704 648
10 15 153 221
10 16 575 424
10 17 359 138
10 18 888 902
10 19 439 370
10 20 373 596
10 21 813 308
10 22 313 260
10 23 34 98
10 24 538 680
11 12 19 4
11 13 452 508
11 14 648 830
11 15 549 518
11 16 219 237
11 17 931 940
11 18 547 814
11 19 369 410
11 20 937 950
11 21 943 852
11 22 664 884
11 23 817 714
11 24 568 121
12 13 520 416
12 14 787 939
12 15 173 473
12 16 210 494
12 17 354 563
12 18 303 559
12 19 372 673
12 20 146 137
12 21 922 740
12 22 57 52
12 23 724 495
12 24 978 988
13 14 350 395
13 15 311 108
13 16 878 763
13 17 356 240
13 18 297 280
13 19 853 806
13 20 934 961
13 21 337 202
13 22 391 426
13 23 899 809
13 24 217 24
14 15 594 653
14 16 675 542
14 17 254 578
14 18 631 463
14 19 155 342
14 20 654 921
14 21 394 502
14 22 537 433
14 23 251 619
14 24 385 449
15 16 745 568
15 17 544 186
15 18 825 957
15 19 447 816
15 20 119 451
15 21 127 318
15 22 539 581
15 23 772 537
15 24 800 826
16 17 442 400
16 18 600 758
16 19 776 706
16 20 704 680
16 21 957 960
16 22 269 183
16 23 887 846
16 24 650 878
17 18 134 464
17 19 566 473
17 20 513 109
17 21 790 546
17 22 26 236
17 23 356 184
17 24 26 18
18 19 952 903
18 20 698 691
18 21 475 263
18 22 618 568
18 23 699 487
18 24 590 680
19 20 53 131
19 21 653 869
19 22 781 577
19 23 456 630
19 24 234 437
20 21 708 733
20 22 448 776
20 23 424 797
20 24 32 14
21 22 861 944
21 23 538 636
21 24 610 297
22 23 255 258
22 24 356 615
23 24 950 991
0
61
1236 2628
1237 2616
1243 2447
1244 2435
1255 2277
1256 2265
1284 2172
1285 2160
1306 2154
1316 2046
1317 2034
1345 1941
1346 1929
1367 1923
1393 1880
1394 1868
1395 1830
1396 1818
1443 1769
1444 1757
1492 1725
1493 1713
1557 1701
1558 1689
1564 1638
1565 1626
1613 1594
1614 1582
1678 1570
1679 1558
1720 1551
1721 1539
1727 1526
1728 1514
1834 1483
1835 1471
1926 1458
1927 1446
1935 1436
1980 1435
1999 1424
2000 1412
2034 1403
2042 1393
2048 1380
2049 1368
2155 1337
2156 1325
2247 1312
2248 1300
2275 1299
2301 1289
2354 1269
2355 1257
2499 1233
2500 1221
2674 1219
2696 1210
2704 1198
2878 1196
2900 1187
