25
0 1 496 690
0 2 212 402
0 3 140 639
0 4 744 900
0 5 63 96
0 6 367 685
0 7 51 301
0 8 154 815
0 9 216 767
0 10 156 491
0 11 453 216
0 12 644 569
0 13 252 592
0 14 230 431
0 15 234 267
0 16 902 623
0 17 918 980
0 18 605 880
0 19 738 503
0 20 986 727
0 21 458 238
0 22 947 499
0 23 404 100
0 24 215 644
1 2 564 752
1 3 98 466
1 4 168 233
1 5 971 966
1 6 791 115
1 7 831 804
1 8 237 515
1 9 326 429
1 10 880 551
1 11 525 81
1 12 794 285
1 13 472 836
1 14 9 127
1 15 632 941
1 16 436 708
1 17 544 593
1 18 320 619
1 19 397 717
1 20 338 10
1 21 143 573
1 22 22 67
1 23 100 118
1 24 282 178
2 3 230 177
2 4 125 274
2 5 66 66
2 6 622 563
2 7 330 389
2 8 859 313
2 9 840 562
2 10 972 949
2 11 280 460
2 12 166 96
2 13 961 460
2 14 697 358
2 15 614 358
2 16 617 191
2 17 190 593
2 18 341 176
2 19 800 828
2 20 522 100
2 21 347 486
2 22 949 980
2 23 11 162
2 24 586 847
3 4 168 607
3 5 724 553
3 6 486 449
3 7 314 221
3 8 828 624
3 9 294 406
3 10 122 760
3 11 514 794
3 12 426 380
3 13 832 963
3 14 108 127
3 15 500 212
3 16 381 804
3 17 532 612
3 18 177 597
3 19 112 492
3 20 236 909
3 21 456 54
3 22 710 669
3 23 170 238
3 24 398 404
4 5 969 409
4 6 643 873
4 7 884 648
4 8 278 533
4 9 439 723
4 10 167 481
4 11 188 174
4 12 750 936
4 13 716 118
4 14 372 271
4 15 283 97
4 16 370 708
4 17 894 621
4 18 301 595
4 19 476 334
4 20 100 423
4 21 642 699
4 22 482 341
4 23 206 308
4 24 505 740
5 6 970 984
5 7 446 456
5 8 401 435
5 9 238 44
5 10 547 273
5 11 674 691
5 12 119 310
5 13 992 690
5 14 914 400
5 15 9 231
5 16 574 916
5 17 390 754
5 18 28 115
5 19 856 414
5 20 674 956
5 21 115 11
5 22 851 718
5 23 537 406
5 24 240 126
6 7 904 611
6 8 950 779
6 9 934 987
6 10 74 42
6 11 882 507
6 12 442 873
6 13 778 733
6 14 425 76
6 15 75 658
6 16 183 84
6 17 618 219
6 18 59 396
6 19 254 850
6 20 51 371
6 21 638 713
6 22 699 461
6 23 655 545
6 24 186 96
7 8 666 174
7 9 14 127
7 10 937 259
7 11 96 549
7 12 836 363
7 13 959 346
7 14 43 273
7 15 173 624
7 16 835 944
7 17 795 824
7 18 588 184
7 19 429 466
7 20 549 348
7 21 760 257
7 22 530 769
7 23 531 149
7 24 502 132
8 9 162 121
8 10 262 753
8 11 587 980
8 12 946 864
8 13 362 809
8 14 561 213
8 15 693 651
8 16 415 710
8 17 529 318
8 18 266 885
8 19 1000 943
8 20 461 803
8 21 175 326
8 22 54 59
8 23 627 554
8 24 99 164
9 10 221 79
9 11 887 394
9 12 972 311
9 13 72 176
9 14 530 397
9 15 733 371
9 16 943 969
9 17 451 110
9 18 199 177
9 19 639 752
9 20 60 847
9 21 345 710
9 22 292 103
9 23 910 794
9 24 706 947
10 11 594 604
10 12 384 769
10 13 819 898
10 14 23 24
10 15 639 188
10 16 660 622
10 17 128 116
10 18 219 396
10 19 941 996
10 20 620 466
10 21 278 277
10 22 564 684
10 23 426 362
10 24 762 20
11 12 314 281
11 13 584 824
11 14 414 137
11 15 951 879
11 16 366 352
11 17 210 264
11 18 231 142
11 19 750 359
11 20 550 196
11 21 687 878
11 22 528 440
11 23 559 194
11 24 178 159
12 13 485 279
12 14 312 70
12 15 36 197
12 16 49 82
12 17 38 155
12 18 746 933
12 19 993 958
12 20 516 267
12 21 4 23
12 22 734 122
12 23 869 421
12 24 75 105
13 14 289 299
13 15 843 856
13 16 972 986
13 17 763 188
13 18 103 230
13 19 886 970
13 20 619 260
13 21 238 178
13 22 207 695
13 23 53 82
13 24 361 197
14 15 322 140
14 16 365 147
14 17 344 919
14 18 228 336
14 19 489 347
14 20 574 250
14 21 968 595
14 22 596 636
14 23 783 833
14 24 234 584
15 16 217 146
15 17 673 271
15 18 72 117
15 19 15 28
15 20 13 485
15 21 168 281
15 22 720 940
15 23 215 198
15 24 242 53
16 17 373 588
16 18 475 185
16 19 562 171
16 20 821 975
16 21 803 1000
16 22 936 563
16 23 573 955
16 24 405 965
17 18 191 29
17 19 903 106
17 20 33 195
17 21 53 83
17 22 123 424
17 23 486 333
17 24 243 653
18 19 510 429
18 20 200 632
18 21 522 805
18 22 741 138
18 23 623 364
18 24 416 446
19 20 644 747
19 21 276 926
19 22 377 77
19 23 135 233
19 24 613 359
20 21 743 964
20 22 575 475
20 23 930 875
20 24 163 262
21 22 346 275
21 23 203 249
21 24 164 387
22 23 478 188
22 24 994 876
23 24 839 666
0
156
1013 5405
1015 5363
1016 4654
1018 4612
1026 4315
1028 4273
1037 4261
1039 4219
1043 4201
1047 4190
1049 3986
1051 3944
1062 3931
1066 3872
1070 3861
1072 3819
1074 3656
1089 3584
1095 3531
1099 3507
1110 3459
1114 3435
1120 3382
1135 3310
1156 3266
1163 3252
1171 3194
1177 3141
1181 3117
1192 3069
1196 3045
1202 2992
1217 2920
1244 2908
1245 2862
1259 2837
1273 2811
1274 2765
1296 2734
1317 2724
1322 2723
1323 2700
1324 2676
1337 2651
1351 2642
1352 2625
1353 2579
1380 2545
1396 2538
1401 2537
1415 2511
1416 2465
1443 2445
1459 2424
1478 2411
1479 2365
1507 2363
1532 2348
1560 2346
1562 2331
1569 2310
1574 2288
1602 2286
1627 2271
1628 2268
1645 2233
1673 2231
1698 2216
1723 2191
1740 2156
1768 2154
1793 2139
1821 2137
1823 2122
1857 2110
1876 2105
1878 2102
1903 2070
1931 2068
1950 2048
1978 2046
1986 2036
2003 2031
2020 2024
2028 2006
2045 1971
2073 1969
2098 1954
2126 1952
2128 1937
2162 1925
2181 1920
2183 1917
2208 1885
2236 1883
2261 1868
2289 1866
2291 1851
2325 1839
2344 1834
2375 1833
2378 1821
2380 1807
2418 1802
2433 1790
2461 1787
2471 1785
2495 1775
2514 1770
2547 1755
2550 1743
2588 1738
2603 1726
2641 1721
2714 1717
2732 1712
2808 1709
2842 1697
2876 1696
2894 1677
2897 1665
2935 1660
2951 1653
2989 1648
3062 1644
3080 1639
3156 1636
3170 1635
3190 1624
3242 1604
3245 1592
3283 1587
3356 1583
3374 1578
3485 1569
3528 1568
3547 1564
3566 1563
3585 1559
3610 1554
3613 1542
3651 1537
3724 1533
3742 1528
3853 1519
3932 1507
3970 1502
4061 1493
4189 1490
4192 1478
4300 1457
4338 1452
4429 1443
4604 1439
4642 1434
4733 1425
