25
0 1 119 209
0 2 380 159
0 3 1000 905
0 4 536 953
0 5 833 432
0 6 111 331
0 7 550 602
0 8 118 484
0 9 901 947
0 10 326 299
0 11 432 329
0 12 532 407
0 13 429 235
0 14 821 823
0 15 716 836
0 16 43 257
0 17 797 485
0 18 839 827
0 19 351 337
0 20 690 563
0 21 244 250
0 22 917 980
0 23 414 248
0 24 562 683
1 2 317 74
1 3 836 767
1 4 405 240
1 5 370 499
1 6 213 128
1 7 606 939
1 8 886 948
1 9 892 807
1 10 319 209
1 11 721 889
1 12 834 889
1 13 594 576
1 14 340 293
1 15 839 981
1 16 696 712
1 17 640 207
1 18 485 817
1 19 971 958
1 20 732 597
1 21 442 415
1 22 423 820
1 23 228 355
1 24 274 227
2 3 711 869
2 4 143 120
2 5 770 967
2 6 165 301
2 7 717 599
2 8 289 870
2 9 563 730
2 10 976 877
2 11 376 530
2 12 938 979
2 13 893 541
2 14 840 771
2 15 766 482
2 16 969 873
2 17 507 543
2 18 115 306
2 19 172 209
2 20 880 523
2 21 101 398
2 22 127 484
2 23 748 765
2 24 354 546
3 4 622 805
3 5 477 372
3 6 555 633
3 7 555 534
3 8 4 13
3 9 818 811
3 10 449 401
3 11 171 78
3 12 917 897
3 13 90 95
3 14 99 313
3 15 927 784
3 16 191 625
3 17 525 958
3 18 30 99
3 19 635 762
3 20 335 227
3 21 691 640
3 22 344 401
3 23 486 522
3 24 596 725
4 5 156 74
4 6 675 311
4 7 126 189
4 8 318 363
4 9 632 452
4 10 40 189
4 11 149 64
4 12 865 968
4 13 808 639
4 14 212 65
4 15 319 263
4 16 222 377
4 17 190 170
4 18 159 52
4 19 775 466
4 20 302 802
4 21 344 201
4 22 621 683
4 23 329 492
4 24 532 657
5 6 569 829
5 7 666 158
5 8 337 186
5 9 642 724
5 10 884 641
5 11 131 309
5 12 760 586
5 13 288 460
5 14 189 302
5 15 393 480
5 16 329 544
5 17 738 874
5 18 637 416
5 19 713 857
5 20 765 627
5 21 699 594
5 22 946 931
5 23 482 503
5 24 484 497
6 7 346 469
6 8 352 404
6 9 535 557
6 10 458 644
6 11 290 373
6 12 547 436
6 13 290 667
6 14 977 916
6 15 203 92
6 16 529 895
6 17 304 121
6 18 520 807
6 19 995 988
6 20 808 967
6 21 428 247
6 22 466 351
6 23 121 482
6 24 507 258
7 8 206 311
7 9 665 745
7 10 640 845
7 11 949 882
7 12 250 531
7 13 218 173
7 14 798 717
7 15 709 719
7 16 492 564
7 17 984 981
7 18 124 280
7 19 253 574
7 20 595 703
7 21 108 56
7 22 980 974
7 23 132 105
7 24 707 594
8 9 87 322
8 10 900 854
8 11 991 963
8 12 347 192
8 13 817 845
8 14 900 894
8 15 254 592
8 16 508 682
8 17 409 270
8 18 408 72
8 19 10 17
8 20 36 11
8 21 26 252
8 22 507 592
8 23 893 771
8 24 190 298
9 10 940 957
9 11 601 559
9 12 856 746
9 13 406 599
9 14 251 474
9 15 788 865
9 16 477 395
9 17 436 367
9 18 48 171
9 19 906 949
9 20 674 418
9 21 161 470
9 22 302 85
9 23 599 427
9 24 650 400
10 11 498 525
10 12 787 704
10 13 324 315
10 14 439 408
10 15 781 468
10 16 240 246
10 17 288 474
10 18 890 985
10 19 279 428
10 20 564 499
10 21 534 412
10 22 185 86
10 23 555 507
10 24 381 668
11 12 363 454
11 13 422 596
11 14 752 694
11 15 859 769
11 16 67 82
11 17 978 926
11 18 141 259
11 19 86 71
11 20 376 705
11 21 469 679
11 22 730 720
11 23 627 741
11 24 411 218
12 13 161 212
12 14 237 389
12 15 626 711
12 16 93 32
12 17 545 210
12 18 706 630
12 19 299 678
12 20 346 326
12 21 706 268
12 22 502 851
12 23 75 101
12 24 745 184
13 14 854 889
13 15 624 781
13 16 165 128
13 17 194 143
13 18 842 858
13 19 904 702
13 20 459 360
13 21 220 394
13 22 978 927
13 23 782 952
13 24 131 202
14 15 532 556
14 16 613 578
14 17 1000 996
14 18 568 666
14 19 572 457
14 20 498 409
14 21 945 908
14 22 193 366
14 23 523 523
14 24 727 361
15 16 504 657
15 17 418 141
15 18 818 981
15 19 926 955
15 20 214 155
15 21 278 224
15 22 401 561
15 23 366 472
15 24 416 337
16 17 340 319
16 18 967 855
16 19 296 195
16 20 810 549
16 21 130 338
16 22 447 671
16 23 283 331
16 24 780 949
17 18 450 398
17 19 625 741
17 20 651 348
17 21 435 349
17 22 481 762
17 23 796 919
17 24 999 990
18 19 528 419
18 20 789 551
18 21 686 718
18 22 995 991
18 23 94 6
18 24 695 851
19 20 781 437
19 21 494 766
19 22 942 995
19 23 902 851
19 24 37 179
20 21 59 44
20 22 407 675
20 23 324 140
20 24 466 660
21 22 485 159
21 23 722 662
21 24 24 26
22 23 18 5
22 24 839 474
23 24 745 568
0
142
1878 3488
1879 3462
1882 3461
1883 3435
1886 3423
1889 3415
1890 3389
1893 3370
1894 3362
1897 3343
1900 3331
1901 3323
1903 3253
1904 3227
1907 3226
1908 3200
1911 3188
1914 3180
1915 3154
1918 3135
1919 3127
1922 3108
1925 3096
1926 3088
1929 3062
1932 3061
1933 3035
1936 3023
1937 3019
1940 2996
1941 2992
1944 2980
1945 2975
1946 2949
1949 2948
1950 2922
1953 2910
1955 2900
1957 2876
1960 2875
1961 2849
1964 2837
1968 2810
1973 2797
1976 2785
1978 2767
1979 2741
1982 2740
1983 2714
1986 2702
1990 2675
1997 2672
2001 2642
2002 2616
2005 2615
2006 2589
2009 2577
2013 2550
2020 2547
2023 2538
2024 2520
2034 2508
2078 2490
2088 2478
2092 2472
2096 2466
2099 2454
2103 2427
2104 2413
2107 2412
2108 2386
2111 2374
2115 2347
2119 2341
2122 2329
2126 2302
2133 2299
2136 2290
2137 2272
2147 2260
2191 2242
2201 2230
2205 2224
2212 2221
2216 2191
2217 2165
2220 2164
2221 2138
2224 2126
2228 2099
2235 2096
2238 2087
2239 2069
2249 2057
2312 2050
2323 2045
2330 2042
2333 2033
2334 2015
2344 2003
2373 1996
2380 1993
2383 1984
2384 1966
2394 1954
2436 1952
2437 1934
2447 1922
2479 1912
2489 1900
2513 1886
2523 1874
2555 1864
2565 1852
2581 1849
2582 1831
2592 1819
2647 1813
2654 1810
2657 1801
2658 1783
2668 1771
2731 1764
2768 1761
2778 1749
2787 1736
2846 1733
2878 1729
2897 1714
2912 1697
2922 1685
2985 1678
3022 1675
3032 1663
3041 1650
3132 1643
3151 1628
3283 1625
3293 1613
3302 1600
3393 1593
3412 1578
