25
0 1 59 133
0 2 70 330
0 3 140 204
0 4 57 193
0 5 58 75
0 6 892 893
0 7 37 87
0 8 940 855
0 9 600 755
0 10 836 760
0 11 350 389
0 12 170 596
0 13 859 663
0 14 777 590
0 15 649 760
0 16 721 356
0 17 976 922
0 18 426 144
0 19 795 841
0 20 292 88
0 21 285 207
0 22 781 953
0 23 1000 994
0 24 669 289
1 2 911 868
1 3 191 82
1 4 103 42
1 5 665 738
1 6 701 587
1 7 807 465
1 8 335 609
1 9 26 45
1 10 744 636
1 11 145 93
1 12 911 909
1 13 956 748
1 14 202 216
1 15 948 787
1 16 339 691
1 17 875 928
1 18 664 587
1 19 682 863
1 20 794 694
1 21 764 841
1 22 755 830
1 23 470 503
1 24 541 963
2 3 347 53
2 4 515 693
2 5 743 686
2 6 787 718
2 7 831 582
2 8 375 483
2 9 248 193
2 10 347 460
2 11 90 319
2 12 184 25
2 13 605 798
2 14 878 455
2 15 804 654
2 16 274 448
2 17 492 557
2 18 424 504
2 19 959 968
2 20 807 741
2 21 605 657
2 22 169 408
2 23 490 651
2 24 497 629
3 4 324 450
3 5 186 155
3 6 143 58
3 7 196 804
3 8 418 543
3 9 708 588
3 10 338 411
3 11 992 911
3 12 533 266
3 13 344 454
3 14 786 563
3 15 595 600
3 16 394 571
3 17 60 497
3 18 840 479
3 19 69 154
3 20 311 232
3 21 83 58
3 22 12 129
3 23 373 709
3 24 271 481
4 5 230 197
4 6 796 649
4 7 713 851
4 8 208 18
4 9 696 476
4 10 481 933
4 11 48 375
4 12 254 688
4 13 497 453
4 14 233 458
4 15 374 77
4 16 402 271
4 17 246 359
4 18 696 518
4 19 223 496
4 20 324 354
4 21 127 178
4 22 839 862
4 23 16 50
4 24 24 12
5 6 206 163
5 7 963 998
5 8 23 10
5 9 70 173
5 10 425 464
5 11 897 866
5 12 386 452
5 13 567 634
5 14 570 241
5 15 366 139
5 16 112 65
5 17 484 642
5 18 996 945
5 19 718 840
5 20 17 14
5 21 488 405
5 22 81 285
5 23 64 42
5 24 483 570
6 7 810 593
6 8 662 762
6 9 626 694
6 10 448 523
6 11 504 666
6 12 772 475
6 13 648 582
6 14 981 999
6 15 810 740
6 16 666 669
6 17 592 697
6 18 246 198
6 19 490 753
6 20 632 872
6 21 933 873
6 22 327 256
6 23 915 950
6 24 765 773
7 8 422 161
7 9 387 755
7 10 256 70
7 11 793 605
7 12 514 686
7 13 485 781
7 14 32 52
7 15 910 980
7 16 534 474
7 17 660 486
7 18 199 143
7 19 696 711
7 20 468 582
7 21 526 536
7 22 992 985
7 23 359 155
7 24 116 99
8 9 656 408
8 10 686 853
8 11 61 195
8 12 773 715
8 13 279 504
8 14 134 392
8 15 794 448
8 16 888 941
8 17 52 141
8 18 729 585
8 19 846 607
8 20 362 220
8 21 933 940
8 22 670 943
8 23 781 889
8 24 684 928
9 10 190 489
9 11 20 76
9 12 436 621
9 13 538 759
9 14 98 253
9 15 49 169
9 16 205 280
9 17 738 565
9 18 818 639
9 19 906 578
9 20 213 254
9 21 545 715
9 22 807 938
9 23 313 796
9 24 248 199
10 11 644 392
10 12 976 751
10 13 93 330
10 14 478 409
10 15 559 797
10 16 467 745
10 17 219 49
10 18 238 545
10 19 422 391
10 20 311 235
10 21 437 331
10 22 307 167
10 23 858 389
10 24 722 610
11 12 200 491
11 13 235 141
11 14 220 325
11 15 941 878
11 16 344 277
11 17 880 939
11 18 355 222
11 19 608 574
11 20 302 528
11 21 175 348
11 22 25 8
11 23 245 307
11 24 439 706
12 13 881 943
12 14 635 525
12 15 351 341
12 16 455 312
12 17 291 589
12 18 938 926
12 19 112 365
12 20 732 645
12 21 867 783
12 22 880 892
12 23 83 221
12 24 825 765
13 14 872 948
13 15 781 698
13 16 518 647
13 17 957 970
13 18 36 6
13 19 854 932
13 20 429 263
13 21 996 990
13 22 408 615
13 23 947 863
13 24 290 434
14 15 440 500
14 16 887 811
14 17 602 719
14 18 426 754
14 19 939 840
14 20 322 661
14 21 35 9
14 22 160 356
14 23 77 316
14 24 200 358
15 16 559 396
15 17 145 131
15 18 641 901
15 19 816 682
15 20 93 102
15 21 917 693
15 22 105 450
15 23 404 141
15 24 896 701
16 17 585 355
16 18 9 4
16 19 268 299
16 20 383 301
16 21 414 807
16 22 173 221
16 23 21 98
16 24 641 224
17 18 903 901
17 19 434 548
17 20 777 326
17 21 150 50
17 22 349 335
17 23 181 414
17 24 555 780
18 19 899 649
18 20 974 995
18 21 431 778
18 22 941 996
18 23 193 144
18 24 890 886
19 20 386 359
19 21 852 944
19 22 622 854
19 23 220 189
19 24 590 381
20 21 783 753
20 22 894 905
20 23 631 427
20 24 243 690
21 22 142 195
21 23 899 986
21 24 410 410
22 23 536 93
22 24 515 813
23 24 750 700
0
47
1055 2646
1057 2586
1062 2495
1066 2404
1072 2371
1073 2253
1093 2242
1097 2178
1117 2162
1137 2151
1141 2111
1161 2095
1174 2057
1187 1948
1211 1873
1231 1857
1255 1806
1275 1790
1300 1773
1313 1667
1337 1592
1357 1576
1381 1525
1401 1509
1426 1492
1447 1480
1472 1438
1479 1434
1499 1418
1524 1401
1545 1389
1570 1347
1661 1314
1711 1312
1736 1270
1743 1266
1763 1250
1788 1233
1809 1221
1834 1179
1925 1146
2069 1122
2117 1114
2271 1109
2350 1097
2398 1089
2552 1084
