25
0 1 685 701
0 2 443 889
0 3 530 763
0 4 876 224
0 5 294 177
0 6 159 68
0 7 11 290
0 8 848 168
0 9 824 272
0 10 812 895
0 11 434 626
0 12 828 737
0 13 669 492
0 14 778 519
0 15 965 424
0 16 680 213
0 17 212 684
0 18 832 829
0 19 153 511
0 20 570 846
0 21 870 811
0 22 849 568
0 23 457 646
0 24 535 761
1 2 141 723
1 3 529 283
1 4 894 721
1 5 425 238
1 6 32 331
1 7 813 351
1 8 836 544
1 9 688 648
1 10 644 723
1 11 834 669
1 12 830 951
1 13 769 568
1 14 807 90
1 15 237 769
1 16 272 469
1 17 705 212
1 18 126 480
1 19 728 509
1 20 821 838
1 21 665 683
1 22 501 762
1 23 969 965
1 24 770 887
2 3 851 539
2 4 144 146
2 5 980 995
2 6 868 969
2 7 68 14
2 8 577 239
2 9 834 866
2 10 70 441
2 11 118 393
2 12 593 469
2 13 26 127
2 14 1000 959
2 15 164 330
2 16 390 85
2 17 727 989
2 18 759 788
2 19 899 653
2 20 971 890
2 21 113 552
2 22 378 711
2 23 772 513
2 24 658 986
3 4 964 839
3 5 794 808
3 6 104 670
3 7 582 487
3 8 471 462
3 9 471 651
3 10 941 949
3 11 569 191
3 12 5 315
3 13 548 119
3 14 347 650
3 15 651 891
3 16 774 635
3 17 385 374
3 18 598 662
3 19 277 376
3 20 880 872
3 21 596 432
3 22 899 735
3 23 844 587
3 24 580 724
4 5 687 202
4 6 328 751
4 7 798 450
4 8 196 182
4 9 78 45
4 10 231 268
4 11 730 737
4 12 739 445
4 13 536 604
4 14 337 978
4 15 259 152
4 16 172 356
4 17 148 786
4 18 750 719
4 19 216 177
4 20 908 993
4 21 114 533
4 22 657 864
4 23 318 161
4 24 777 169
5 6 36 199
5 7 205 542
5 8 58 148
5 9 278 841
5 10 806 950
5 11 552 972
5 12 348 792
5 13 229 693
5 14 356 367
5 15 913 246
5 16 759 472
5 17 747 551
5 18 242 329
5 19 869 989
5 20 845 881
5 21 245 159
5 22 880 525
5 23 227 614
5 24 369 558
6 7 178 261
6 8 510 346
6 9 320 783
6 10 838 998
6 11 10 290
6 12 653 629
6 13 571 349
6 14 338 468
6 15 105 246
6 16 486 362
6 17 697 703
6 18 599 855
6 19 789 740
6 20 644 380
6 21 363 123
6 22 192 953
6 23 882 739
6 24 72 6
7 8 490 84
7 9 761 848
7 10 31 400
7 11 6 123
7 12 763 748
7 13 911 719
7 14 871 905
7 15 491 203
7 16 284 481
7 17 740 648
7 18 449 428
7 19 810 633
7 20 720 854
7 21 703 770
7 22 899 734
7 23 967 973
7 24 105 89
8 9 495 156
8 10 926 326
8 11 977 800
8 12 674 726
8 13 439 324
8 14 851 672
8 15 211 611
8 16 406 846
8 17 221 772
8 18 879 836
8 19 840 963
8 20 651 987
8 21 189 321
8 22 179 376
8 23 386 995
8 24 673 707
9 10 732 424
9 11 324 726
9 12 181 901
9 13 32 85
9 14 968 916
9 15 915 917
9 16 524 522
9 17 706 353
9 18 166 384
9 19 202 564
9 20 388 905
9 21 715 51
9 22 476 750
9 23 488 531
9 24 436 774
10 11 990 859
10 12 51 141
10 13 64 243
10 14 817 718
10 15 800 287
10 16 387 793
10 17 288 50
10 18 487 457
10 19 791 500
10 20 875 291
10 21 976 605
10 22 453 265
10 23 71 581
10 24 666 381
11 12 647 675
11 13 992 960
11 14 967 883
11 15 980 1000
11 16 128 194
11 17 904 712
11 18 726 122
11 19 97 263
11 20 241 889
11 21 892 365
11 22 330 245
11 23 182 539
11 24 890 704
12 13 1000 979
12 14 724 510
12 15 346 980
12 16 203 409
12 17 385 627
12 18 582 191
12 19 650 574
12 20 544 586
12 21 14 397
12 22 660 677
12 23 52 60
12 24 546 821
13 14 682 685
13 15 3 198
13 16 229 65
13 17 610 528
13 18 687 847
13 19 451 680
13 20 465 128
13 21 192 830
13 22 272 276
13 23 142 303
13 24 542 828
14 15 980 996
14 16 606 815
14 17 499 168
14 18 507 409
14 19 589 343
14 20 394 401
14 21 836 665
14 22 122 755
14 23 354 512
14 24 142 454
15 16 170 248
15 17 673 608
15 18 481 749
15 19 707 498
15 20 661 955
15 21 743 603
15 22 741 790
15 23 283 771
15 24 431 325
16 17 226 51
16 18 604 117
16 19 198 386
16 20 77 137
16 21 286 706
16 22 477 452
16 23 660 565
16 24 269 231
17 18 554 572
17 19 918 772
17 20 348 113
17 21 739 491
17 22 729 915
17 23 974 638
17 24 561 381
18 19 24 147
18 20 532 993
18 21 651 504
18 22 300 512
18 23 972 808
18 24 287 163
19 20 982 909
19 21 375 924
19 22 556 273
19 23 217 850
19 24 577 602
20 21 998 803
20 22 569 588
20 23 23 570
20 24 870 554
21 22 594 874
21 23 903 162
21 24 371 907
22 23 575 928
22 24 185 38
23 24 569 777
0
116
1214 6510
1218 6281
1251 6124
1257 6094
1261 5865
1277 5793
1281 5564
1296 5546
1314 5407
1329 5389
1335 5359
1339 5130
1355 5058
1359 4829
1392 4672
1454 4628
1456 4623
1464 4453
1497 4296
1559 4252
1592 4095
1645 4074
1693 3966
1740 3873
1802 3872
1823 3857
1841 3744
1900 3729
1924 3728
1960 3658
1971 3635
2033 3634
2065 3551
2072 3506
2131 3491
2184 3465
2191 3420
2250 3405
2296 3313
2414 3277
2415 3227
2429 3220
2486 3213
2488 3205
2533 3191
2541 3179
2548 3134
2607 3119
2653 3027
2771 2991
2772 2941
2843 2927
2890 2905
2961 2891
3050 2888
3080 2863
3146 2859
3151 2849
3165 2848
3196 2831
3198 2827
3226 2826
3269 2813
3283 2812
3314 2795
3315 2745
3386 2731
3433 2709
3504 2695
3593 2692
3618 2686
3623 2667
3665 2664
3689 2663
3694 2653
3708 2652
3736 2650
3741 2631
3769 2630
3812 2617
3826 2616
3887 2594
3950 2591
3958 2580
4016 2574
4068 2571
4077 2552
4090 2504
4161 2490
4208 2468
4279 2454
4368 2451
4417 2428
4464 2422
4488 2414
4535 2408
4544 2389
4615 2375
4662 2353
4733 2339
4871 2329
4918 2307
4989 2293
5014 2281
5085 2267
5270 2235
5341 2221
5541 2211
5612 2197
5634 2193
5658 2175
5905 2169
5929 2151
6022 2133
6293 2109
7013 2108
