25
0 1 567 327
0 2 264 410
0 3 917 910
0 4 567 739
0 5 730 546
0 6 953 992
0 7 149 437
0 8 458 390
0 9 840 844
0 10 959 863
0 11 750 432
0 12 921 624
0 13 720 469
0 14 706 853
0 15 587 684
0 16 836 815
0 17 815 671
0 18 529 808
0 19 559 201
0 20 838 607
0 21 190 244
0 22 124 346
0 23 434 346
0 24 533 351
1 2 66 199
1 3 187 144
1 4 6 3
1 5 977 989
1 6 590 586
1 7 272 437
1 8 278 218
1 9 828 910
1 10 383 354
1 11 400 609
1 12 262 208
1 13 395 208
1 14 243 436
1 15 570 933
1 16 451 566
1 17 594 529
1 18 154 122
1 19 196 116
1 20 516 773
1 21 93 42
1 22 21 126
1 23 825 989
1 24 96 92
2 3 473 767
2 4 293 510
2 5 946 971
2 6 710 846
2 7 17 47
2 8 331 583
2 9 773 810
2 10 998 999
2 11 634 760
2 12 293 140
2 13 972 973
2 14 169 88
2 15 921 858
2 16 555 621
2 17 103 112
2 18 430 257
2 19 107 131
2 20 396 232
2 21 904 928
2 22 848 795
2 23 609 77
2 24 447 594
3 4 173 379
3 5 881 628
3 6 847 522
3 7 927 982
3 8 945 962
3 9 179 321
3 10 512 787
3 11 351 330
3 12 385 206
3 13 49 29
3 14 71 32
3 15 428 621
3 16 175 529
3 17 479 156
3 18 794 920
3 19 936 823
3 20 103 103
3 21 513 782
3 22 965 957
3 23 524 527
3 24 540 949
4 5 321 447
4 6 303 346
4 7 190 458
4 8 885 819
4 9 634 582
4 10 958 939
4 11 85 20
4 12 112 92
4 13 196 435
4 14 391 381
4 15 142 87
4 16 712 704
4 17 828 749
4 18 80 14
4 19 166 431
4 20 243 347
4 21 871 945
4 22 922 962
4 23 859 725
4 24 274 84
5 6 713 583
5 7 665 350
5 8 304 218
5 9 114 29
5 10 850 782
5 11 783 405
5 12 372 300
5 13 557 399
5 14 451 521
5 15 880 900
5 16 899 765
5 17 657 337
5 18 330 574
5 19 519 160
5 20 867 610
5 21 585 845
5 22 341 423
5 23 200 45
5 24 766 418
6 7 576 605
6 8 79 362
6 9 257 455
6 10 461 524
6 11 309 493
6 12 155 378
6 13 416 648
6 14 9 14
6 15 488 496
6 16 143 435
6 17 735 497
6 18 529 739
6 19 149 246
6 20 528 760
6 21 299 352
6 22 526 231
6 23 238 207
6 24 889 851
7 8 164 144
7 9 866 702
7 10 332 347
7 11 808 488
7 12 189 170
7 13 827 973
7 14 110 39
7 15 893 908
7 16 829 923
7 17 365 119
7 18 232 356
7 19 708 649
7 20 169 231
7 21 97 153
7 22 449 494
7 23 387 687
7 24 165 192
8 9 786 744
8 10 229 378
8 11 419 365
8 12 514 101
8 13 267 358
8 14 698 632
8 15 591 474
8 16 585 639
8 17 226 737
8 18 518 107
8 19 361 489
8 20 455 329
8 21 543 149
8 22 857 740
8 23 775 558
8 24 196 193
9 10 134 232
9 11 111 189
9 12 360 455
9 13 526 429
9 14 262 148
9 15 794 565
9 16 777 796
9 17 168 92
9 18 648 393
9 19 377 313
9 20 960 842
9 21 523 543
9 22 460 739
9 23 106 66
9 24 359 382
10 11 387 82
10 12 799 392
10 13 692 712
10 14 433 266
10 15 921 860
10 16 574 696
10 17 886 738
10 18 319 213
10 19 803 724
10 20 400 452
10 21 680 911
10 22 803 537
10 23 63 90
10 24 62 462
11 12 667 474
11 13 589 760
11 14 997 996
11 15 431 161
11 16 901 902
11 17 642 219
11 18 293 215
11 19 214 357
11 20 19 298
11 21 628 687
11 22 639 517
11 23 758 975
11 24 994 999
12 13 868 870
12 14 61 94
12 15 977 865
12 16 328 604
12 17 943 993
12 18 804 892
12 19 558 680
12 20 680 766
12 21 787 765
12 22 969 746
12 23 420 261
12 24 522 439
13 14 200 285
13 15 665 742
13 16 324 599
13 17 980 991
13 18 800 723
13 19 273 588
13 20 555 344
13 21 432 340
13 22 771 624
13 23 975 888
13 24 407 313
14 15 213 704
14 16 620 981
14 17 675 851
14 18 844 871
14 19 603 932
14 20 351 310
14 21 119 45
14 22 539 405
14 23 161 92
14 24 699 780
15 16 680 967
15 17 55 37
15 18 748 766
15 19 635 454
15 20 521 550
15 21 937 927
15 22 538 552
15 23 659 757
15 24 758 693
16 17 845 976
16 18 376 585
16 19 52 132
16 20 460 745
16 21 672 800
16 22 49 88
16 23 949 811
16 24 723 611
17 18 545 248
17 19 822 741
17 20 403 323
17 21 62 592
17 22 4 5
17 23 866 982
17 24 433 704
18 19 801 912
18 20 995 867
18 21 418 214
18 22 356 782
18 23 517 456
18 24 961 976
19 20 776 581
19 21 818 648
19 22 421 344
19 23 828 907
19 24 642 255
20 21 689 630
20 22 926 839
20 23 295 302
20 24 941 945
21 22 206 378
21 23 56 326
21 24 650 640
22 23 491 48
22 24 880 728
23 24 155 104
0
94
1413 3514
1420 3450
1444 2964
1451 2900
1478 2594
1485 2530
1515 2507
1516 2484
1522 2434
1531 2423
1538 2376
1569 2335
1570 2312
1577 2297
1586 2286
1593 2239
1607 2216
1616 2205
1622 2181
1623 2158
1637 2154
1643 2142
1654 2117
1661 2111
1662 2079
1671 2068
1677 2044
1678 2021
1700 2010
1706 1994
1707 1963
1721 1959
1722 1936
1728 1924
1744 1919
1746 1893
1755 1873
1762 1826
1790 1808
1796 1796
1799 1788
1805 1776
1806 1741
1812 1729
1828 1724
1856 1706
1862 1694
1865 1686
1871 1674
1872 1639
1878 1627
1929 1625
1960 1613
1972 1606
1993 1600
1999 1588
2050 1586
2087 1579
2093 1567
2144 1565
2199 1564
2231 1563
2237 1551
2288 1549
2329 1544
2380 1542
2423 1523
2474 1521
2529 1520
2567 1507
2618 1505
2679 1501
2730 1499
2773 1480
2824 1478
2879 1477
2917 1464
2968 1462
3048 1458
3095 1456
3142 1437
3193 1435
3248 1434
3286 1421
3337 1419
3464 1413
3515 1411
3709 1408
3760 1406
3788 1405
3839 1403
3982 1401
4255 1395
4306 1393
