50
0 1 751 958
0 2 824 906
0 3 859 600
0 4 306 31
0 5 893 665
0 6 851 687
0 7 708 275
0 8 346 981
0 9 364 192
0 10 116 94
0 11 924 512
0 12 96 152
0 13 708 921
0 14 746 326
0 15 363 430
0 16 479 800
0 17 558 412
0 18 703 626
0 19 322 858
0 20 289 591
0 21 169 363
0 22 549 342
0 23 639 720
0 24 74 107
0 25 807 256
0 26 256 67
0 27 234 766
0 28 543 315
0 29 681 600
0 30 266 715
0 31 139 31
0 32 315 17
0 33 498 778
0 34 926 348
0 35 274 156
0 36 991 902
0 37 144 43
0 38 910 462
0 39 768 916
0 40 385 713
0 41 11 696
0 42 234 668
0 43 93 180
0 44 175 582
0 45 639 780
0 46 312 333
0 47 680 179
0 48 398 796
0 49 885 962
1 2 507 455
1 3 762 747
1 4 707 932
1 5 22 143
1 6 624 893
1 7 496 612
1 8 961 908
1 9 208 489
1 10 449 471
1 11 672 581
1 12 53 100
1 13 119 10
1 14 732 470
1 15 545 227
1 16 348 392
1 17 905 890
1 18 908 401
1 19 399 370
1 20 219 334
1 21 570 805
1 22 557 930
1 23 345 521
1 24 535 563
1 25 413 580
1 26 330 65
1 27 85 443
1 28 524 263
1 29 447 760
1 30 643 865
1 31 181 334
1 32 799 566
1 33 712 715
1 34 837 114
1 35 794 423
1 36 232 924
1 37 50 956
1 38 54 781
1 39 87 187
1 40 576 315
1 41 584 554
1 42 80 24
1 43 551 608
1 44 952 201
1 45 189 728
1 46 679 39
1 47 430 648
1 48 308 379
1 49 934 870
2 3 622 828
2 4 824 520
2 5 527 435
2 6 837 920
2 7 343 391
2 8 249 134
2 9 991 868
2 10 762 509
2 11 958 897
2 12 638 446
2 13 305 593
2 14 302 75
2 15 734 401
2 16 341 583
2 17 77 9
2 18 89 75
2 19 42 179
2 20 478 144
2 21 982 605
2 22 336 504
2 23 485 244
2 24 438 441
2 25 434 138
2 26 202 32
2 27 807 696
2 28 590 710
2 29 527 595
2 30 35 16
2 31 546 500
2 32 425 456
2 33 693 808
2 34 120 138
2 35 351 933
2 36 517 621
2 37 628 775
2 38 511 836
2 39 972 993
2 40 758 315
2 41 803 892
2 42 141 741
2 43 388 347
2 44 282 485
2 45 354 157
2 46 644 230
2 47 426 886
2 48 550 857
2 49 912 713
3 4 102 578
3 5 285 292
3 6 261 124
3 7 3 52
3 8 340 160
3 9 463 317
3 10 743 696
3 11 662 254
3 12 415 318
3 13 646 521
3 14 656 423
3 15 307 839
3 16 864 916
3 17 209 585
3 18 657 925
3 19 660 676
3 20 488 444
3 21 793 129
3 22 414 808
3 23 378 237
3 24 557 627
3 25 740 723
3 26 446 270
3 27 560 398
3 28 897 806
3 29 418 697
3 30 273 99
3 31 810 848
3 32 801 700
3 33 248 249
3 34 434 801
3 35 739 716
3 36 771 152
3 37 870 865
3 38 814 773
3 39 974 393
3 40 478 621
3 41 319 531
3 42 697 764
3 43 358 523
3 44 926 470
3 45 726 855
3 46 811 651
3 47 802 806
3 48 397 407
3 49 404 81
4 5 22 621
4 6 31 209
4 7 376 351
4 8 201 324
4 9 995 433
4 10 734 522
4 11 424 297
4 12 242 251
4 13 823 855
4 14 998 817
4 15 558 646
4 16 746 574
4 17 563 704
4 18 880 910
4 19 577 627
4 20 583 656
4 21 292 494
4 22 511 199
4 23 147 502
4 24 728 589
4 25 676 761
4 26 649 667
4 27 193 52
4 28 386 314
4 29 620 449
4 30 954 869
4 31 988 912
4 32 21 310
4 33 356 794
4 34 15 234
4 35 293 776
4 36 690 623
4 37 674 832
4 38 603 186
4 39 188 580
4 40 94 57
4 41 435 761
4 42 40 94
4 43 104 626
4 44 119 520
4 45 360 393
4 46 698 735
4 47 494 890
4 48 413 821
4 49 323 889
5 6 139 319
5 7 657 975
5 8 564 593
5 9 377 753
5 10 204 272
5 11 919 467
5 12 4 672
5 13 82 307
5 14 599 731
5 15 336 603
5 16 869 820
5 17 41 642
5 18 218 355
5 19 23 115
5 20 122 455
5 21 117 373
5 22 666 355
5 23 152 151
5 24 832 971
5 25 11 149
5 26 929 821
5 27 215 894
5 28 459 757
5 29 964 951
5 30 323 190
5 31 298 146
5 32 120 710
5 33 12 9
5 34 879 588
5 35 370 290
5 36 492 817
5 37 409 32
5 38 440 274
5 39 830 339
5 40 113 173
5 41 280 473
5 42 561 335
5 43 131 69
5 44 314 170
5 45 483 835
5 46 312 954
5 47 657 363
5 48 249 497
5 49 974 937
6 7 702 930
6 8 684 750
6 9 424 652
6 10 348 378
6 11 215 453
6 12 736 439
6 13 578 857
6 14 603 874
6 15 132 734
6 16 994 986
6 17 821 800
6 18 780 905
6 19 787 702
6 20 448 784
6 21 336 563
6 22 46 58
6 23 407 475
6 24 925 696
6 25 906 822
6 26 356 104
6 27 447 12
6 28 573 13
6 29 728 287
6 30 309 625
6 31 658 819
6 32 327 898
6 33 705 805
6 34 642 524
6 35 122 356
6 36 31 487
6 37 697 356
6 38 728 983
6 39 583 126
6 40 851 641
6 41 309 567
6 42 146 19
6 43 896 835
6 44 468 430
6 45 697 885
6 46 977 979
6 47 413 123
6 48 216 661
6 49 323 849
7 8 829 698
7 9 88 54
7 10 704 185
7 11 811 862
7 12 114 105
7 13 206 748
7 14 340 788
7 15 455 666
7 16 560 458
7 17 796 915
7 18 747 725
7 19 148 86
7 20 421 890
7 21 306 79
7 22 32 507
7 23 823 869
7 24 469 678
7 25 768 446
7 26 107 59
7 27 107 434
7 28 11 10
7 29 232 70
7 30 897 874
7 31 554 291
7 32 626 622
7 33 970 808
7 34 624 574
7 35 709 807
7 36 234 358
7 37 352 229
7 38 624 256
7 39 410 436
7 40 799 849
7 41 446 738
7 42 328 322
7 43 622 838
7 44 813 831
7 45 314 209
7 46 84 2
7 47 12 175
7 48 362 835
7 49 28 191
8 9 368 323
8 10 203 126
8 11 378 326
8 12 934 874
8 13 858 403
8 14 985 659
8 15 445 530
8 16 431 38
8 17 630 633
8 18 675 601
8 19 860 334
8 20 451 365
8 21 113 529
8 22 45 5
8 23 434 597
8 24 920 618
8 25 422 202
8 26 914 599
8 27 426 508
8 28 104 248
8 29 542 594
8 30 533 624
8 31 594 908
8 32 471 602
8 33 565 251
8 34 293 82
8 35 892 690
8 36 943 676
8 37 974 804
8 38 2 24
8 39 672 333
8 40 556 634
8 41 972 299
8 42 208 476
8 43 331 666
8 44 816 880
8 45 881 253
8 46 613 759
8 47 854 853
8 48 328 561
8 49 145 618
9 10 101 114
9 11 929 751
9 12 121 578
9 13 223 9
9 14 914 882
9 15 656 339
9 16 356 427
9 17 721 825
9 18 307 427
9 19 899 69
9 20 978 940
9 21 180 661
9 22 709 640
9 23 147 560
9 24 137 411
9 25 459 756
9 26 659 963
9 27 676 399
9 28 573 83
9 29 984 865
9 30 907 944
9 31 772 632
9 32 145 668
9 33 29 495
9 34 503 258
9 35 465 118
9 36 129 281
9 37 972 841
9 38 224 696
9 39 235 437
9 40 662 662
9 41 404 494
9 42 612 493
9 43 30 153
9 44 275 477
9 45 349 272
9 46 594 889
9 47 693 117
9 48 815 914
9 49 804 701
10 11 588 551
10 12 354 738
10 13 716 479
10 14 141 386
10 15 329 779
10 16 242 776
10 17 779 100
10 18 438 838
10 19 279 134
10 20 894 698
10 21 403 341
10 22 999 995
10 23 767 949
10 24 430 710
10 25 138 464
10 26 118 848
10 27 136 246
10 28 481 106
10 29 651 487
10 30 337 173
10 31 989 783
10 32 709 573
10 33 814 505
10 34 260 504
10 35 727 890
10 36 683 384
10 37 415 361
10 38 683 339
10 39 946 842
10 40 541 668
10 41 404 135
10 42 36 382
10 43 86 121
10 44 399 381
10 45 361 365
10 46 557 695
10 47 294 80
10 48 290 421
10 49 973 695
11 12 621 772
11 13 835 682
11 14 906 702
11 15 715 897
11 16 134 527
11 17 215 306
11 18 859 209
11 19 250 247
11 20 802 911
11 21 598 356
11 22 378 569
11 23 428 714
11 24 99 56
11 25 992 974
11 26 384 21
11 27 35 301
11 28 124 411
11 29 348 626
11 30 815 984
11 31 411 593
11 32 481 284
11 33 202 650
11 34 827 995
11 35 278 409
11 36 295 309
11 37 321 787
11 38 315 859
11 39 682 657
11 40 197 256
11 41 738 312
11 42 188 52
11 43 483 919
11 44 422 223
11 45 476 988
11 46 714 186
11 47 885 419
11 48 343 82
11 49 828 575
12 13 149 89
12 14 181 715
12 15 121 229
12 16 483 223
12 17 700 586
12 18 344 459
12 19 985 890
12 20 375 511
12 21 542 310
12 22 359 72
12 23 792 938
12 24 387 271
12 25 859 632
12 26 933 781
12 27 522 426
12 28 844 242
12 29 569 267
12 30 162 3
12 31 89 34
12 32 514 67
12 33 752 814
12 34 755 749
12 35 710 975
12 36 961 428
12 37 982 738
12 38 760 122
12 39 379 221
12 40 904 386
12 41 280 571
12 42 467 338
12 43 144 421
12 44 998 837
12 45 246 215
12 46 645 114
12 47 508 881
12 48 319 143
12 49 971 539
13 14 753 992
13 15 966 929
13 16 885 918
13 17 538 376
13 18 841 943
13 19 529 233
13 20 431 649
13 21 457 578
13 22 638 413
13 23 588 124
13 24 911 398
13 25 94 22
13 26 195 812
13 27 52 305
13 28 814 962
13 29 41 23
13 30 334 239
13 31 277 120
13 32 270 673
13 33 478 742
13 34 836 339
13 35 418 965
13 36 998 977
13 37 643 344
13 38 620 716
13 39 441 521
13 40 145 558
13 41 448 229
13 42 735 682
13 43 472 664
13 44 447 513
13 45 699 187
13 46 155 509
13 47 680 542
13 48 121 7
13 49 558 158
14 15 166 297
14 16 409 737
14 17 597 702
14 18 138 32
14 19 409 441
14 20 490 404
14 21 640 918
14 22 48 11
14 23 943 655
14 24 473 855
14 25 471 242
14 26 765 562
14 27 665 776
14 28 158 225
14 29 313 197
14 30 39 41
14 31 749 315
14 32 699 484
14 33 350 652
14 34 739 443
14 35 976 909
14 36 104 371
14 37 610 490
14 38 16 118
14 39 869 956
14 40 353 379
14 41 22 288
14 42 270 462
14 43 813 890
14 44 326 177
14 45 876 618
14 46 505 60
14 47 90 121
14 48 699 906
14 49 632 170
15 16 697 951
15 17 790 897
15 18 220 396
15 19 7 29
15 20 176 253
15 21 640 542
15 22 901 924
15 23 898 946
15 24 965 652
15 25 856 782
15 26 674 505
15 27 300 488
15 28 144 304
15 29 744 416
15 30 372 226
15 31 463 427
15 32 324 139
15 33 134 165
15 34 711 609
15 35 168 13
15 36 378 57
15 37 777 479
15 38 249 178
15 39 649 159
15 40 413 454
15 41 52 672
15 42 221 21
15 43 188 389
15 44 880 787
15 45 716 389
15 46 929 144
15 47 318 489
15 48 952 804
15 49 291 40
16 17 535 310
16 18 814 20
16 19 604 433
16 20 862 825
16 21 991 859
16 22 328 295
16 23 926 835
16 24 664 518
16 25 918 649
16 26 780 712
16 27 372 529
16 28 123 281
16 29 717 814
16 30 478 969
16 31 321 235
16 32 742 486
16 33 389 356
16 34 882 534
16 35 759 991
16 36 132 114
16 37 194 738
16 38 38 158
16 39 118 624
16 40 392 275
16 41 993 822
16 42 340 559
16 43 436 54
16 44 660 242
16 45 359 207
16 46 334 752
16 47 720 783
16 48 344 666
16 49 385 457
17 18 394 820
17 19 477 544
17 20 969 947
17 21 448 240
17 22 339 717
17 23 378 75
17 24 181 214
17 25 985 974
17 26 602 342
17 27 382 344
17 28 359 130
17 29 71 289
17 30 15 199
17 31 250 217
17 32 638 254
17 33 399 609
17 34 151 480
17 35 417 807
17 36 11 470
17 37 273 55
17 38 166 316
17 39 99 63
17 40 370 120
17 41 968 671
17 42 596 619
17 43 307 228
17 44 73 231
17 45 434 621
17 46 575 187
17 47 972 440
17 48 923 489
17 49 537 510
18 19 18 666
18 20 633 75
18 21 500 128
18 22 763 224
18 23 122 214
18 24 633 335
18 25 137 880
18 26 601 173
18 27 42 178
18 28 173 733
18 29 718 977
18 30 191 288
18 31 832 224
18 32 620 955
18 33 972 963
18 34 66 191
18 35 95 29
18 36 173 112
18 37 12 197
18 38 493 572
18 39 430 297
18 40 665 224
18 41 738 423
18 42 13 12
18 43 689 963
18 44 647 524
18 45 583 557
18 46 629 730
18 47 182 766
18 48 507 456
18 49 862 806
19 20 107 196
19 21 475 327
19 22 832 812
19 23 377 29
19 24 669 965
19 25 360 230
19 26 495 839
19 27 622 688
19 28 352 143
19 29 228 251
19 30 523 99
19 31 688 621
19 32 915 585
19 33 544 244
19 34 129 127
19 35 992 243
19 36 409 558
19 37 686 595
19 38 773 729
19 39 705 578
19 40 960 922
19 41 118 7
19 42 775 442
19 43 733 230
19 44 264 164
19 45 536 463
19 46 514 656
19 47 424 162
19 48 403 660
19 49 455 824
20 21 861 813
20 22 900 1000
20 23 5 238
20 24 66 377
20 25 298 434
20 26 713 414
20 27 817 250
20 28 61 839
20 29 753 215
20 30 164 62
20 31 838 751
20 32 685 749
20 33 627 144
20 34 913 929
20 35 450 238
20 36 612 203
20 37 858 581
20 38 566 813
20 39 545 747
20 40 449 480
20 41 220 660
20 42 892 862
20 43 957 711
20 44 68 555
20 45 986 992
20 46 696 297
20 47 205 410
20 48 720 965
20 49 993 589
21 22 711 736
21 23 250 424
21 24 619 354
21 25 309 222
21 26 950 415
21 27 202 26
21 28 866 820
21 29 440 323
21 30 184 70
21 31 730 350
21 32 541 742
21 33 262 742
21 34 828 485
21 35 150 974
21 36 333 429
21 37 886 755
21 38 136 23
21 39 133 234
21 40 387 277
21 41 393 176
21 42 785 494
21 43 712 363
21 44 199 364
21 45 160 406
21 46 569 630
21 47 519 320
21 48 340 688
21 49 956 535
22 23 238 593
22 24 609 304
22 25 797 341
22 26 349 921
22 27 718 396
22 28 277 256
22 29 283 315
22 30 78 33
22 31 652 986
22 32 68 201
22 33 422 683
22 34 656 601
22 35 921 938
22 36 123 9
22 37 520 811
22 38 532 102
22 39 453 964
22 40 846 670
22 41 12 127
22 42 531 720
22 43 737 644
22 44 824 108
22 45 729 637
22 46 448 157
22 47 62 93
22 48 577 990
22 49 511 674
23 24 81 681
23 25 897 797
23 26 615 165
23 27 295 233
23 28 84 60
23 29 919 566
23 30 189 696
23 31 340 528
23 32 952 908
23 33 783 57
23 34 880 577
23 35 599 723
23 36 238 613
23 37 634 658
23 38 670 962
23 39 474 196
23 40 473 425
23 41 935 841
23 42 563 491
23 43 706 794
23 44 860 126
23 45 764 965
23 46 502 352
23 47 39 87
23 48 233 608
23 49 966 947
24 25 814 783
24 26 263 396
24 27 944 105
24 28 733 824
24 29 193 771
24 30 727 110
24 31 890 714
24 32 782 584
24 33 2 66
24 34 616 839
24 35 177 708
24 36 108 164
24 37 357 587
24 38 40 2
24 39 845 356
24 40 831 399
24 41 407 463
24 42 118 179
24 43 991 802
24 44 229 338
24 45 845 904
24 46 620 173
24 47 546 817
24 48 445 204
24 49 687 964
25 26 95 274
25 27 716 426
25 28 993 524
25 29 103 205
25 30 533 842
25 31 137 310
25 32 852 729
25 33 966 959
25 34 408 915
25 35 55 175
25 36 88 66
25 37 204 776
25 38 93 467
25 39 796 289
25 40 979 785
25 41 42 136
25 42 882 928
25 43 953 551
25 44 628 147
25 45 70 354
25 46 853 988
25 47 641 380
25 48 511 819
25 49 818 979
26 27 438 815
26 28 793 670
26 29 162 73
26 30 603 760
26 31 407 165
26 32 997 971
26 33 91 326
26 34 846 995
26 35 601 720
26 36 608 919
26 37 55 278
26 38 933 531
26 39 877 744
26 40 551 165
26 41 86 194
26 42 527 407
26 43 715 571
26 44 148 281
26 45 458 540
26 46 119 549
26 47 219 311
26 48 956 694
26 49 126 219
27 28 639 635
27 29 850 808
27 30 700 282
27 31 329 296
27 32 27 1
27 33 158 56
27 34 612 671
27 35 337 192
27 36 11 288
27 37 73 4
27 38 423 360
27 39 954 873
27 40 278 937
27 41 383 363
27 42 215 360
27 43 311 157
27 44 221 188
27 45 77 773
27 46 86 160
27 47 8 20
27 48 446 861
27 49 282 395
28 29 306 164
28 30 797 960
28 31 234 923
28 32 191 545
28 33 369 417
28 34 89 135
28 35 765 588
28 36 44 8
28 37 876 368
28 38 775 843
28 39 935 911
28 40 15 1
28 41 514 612
28 42 832 380
28 43 22 3
28 44 726 577
28 45 566 310
28 46 416 992
28 47 6 19
28 48 816 478
28 49 785 571
29 30 255 442
29 31 527 652
29 32 395 977
29 33 762 171
29 34 653 670
29 35 992 720
29 36 570 235
29 37 379 727
29 38 551 712
29 39 385 302
29 40 720 801
29 41 548 346
29 42 715 600
29 43 121 45
29 44 887 686
29 45 728 439
29 46 470 926
29 47 940 444
29 48 498 387
29 49 372 393
30 31 387 472
30 32 220 847
30 33 646 461
30 34 459 419
30 35 762 517
30 36 467 516
30 37 870 910
30 38 657 842
30 39 723 550
30 40 973 868
30 41 296 88
30 42 832 150
30 43 974 937
30 44 381 628
30 45 167 284
30 46 824 902
30 47 854 613
30 48 116 74
30 49 87 243
31 32 609 349
31 33 828 858
31 34 481 614
31 35 54 248
31 36 895 637
31 37 800 843
31 38 318 476
31 39 14 10
31 40 262 179
31 41 318 219
31 42 122 533
31 43 146 400
31 44 728 266
31 45 843 92
31 46 714 129
31 47 546 951
31 48 900 339
31 49 245 730
32 33 548 726
32 34 14 211
32 35 104 444
32 36 21 676
32 37 151 19
32 38 609 801
32 39 937 789
32 40 245 629
32 41 410 457
32 42 931 684
32 43 194 150
32 44 379 210
32 45 244 642
32 46 595 846
32 47 156 10
32 48 299 822
32 49 226 659
33 34 435 136
33 35 940 761
33 36 755 663
33 37 450 252
33 38 638 825
33 39 78 292
33 40 835 712
33 41 538 510
33 42 840 737
33 43 698 235
33 44 101 109
33 45 845 539
33 46 783 802
33 47 798 652
33 48 575 273
33 49 860 825
34 35 897 423
34 36 646 513
34 37 287 658
34 38 381 269
34 39 884 635
34 40 38 70
34 41 225 669
34 42 287 660
34 43 564 238
34 44 132 899
34 45 904 733
34 46 128 111
34 47 184 15
34 48 358 212
34 49 854 501
35 36 458 386
35 37 527 314
35 38 177 332
35 39 27 169
35 40 298 575
35 41 480 899
35 42 797 937
35 43 65 70
35 44 302 322
35 45 482 738
35 46 996 909
35 47 558 192
35 48 941 702
35 49 907 829
36 37 953 979
36 38 491 943
36 39 407 257
36 40 239 578
36 41 369 701
36 42 853 664
36 43 799 959
36 44 183 7
36 45 68 259
36 46 714 341
36 47 829 790
36 48 672 242
36 49 837 598
37 38 13 231
37 39 597 958
37 40 757 353
37 41 124 196
37 42 542 265
37 43 967 822
37 44 301 455
37 45 712 403
37 46 680 877
37 47 201 507
37 48 612 208
37 49 494 925
38 39 957 817
38 40 209 67
38 41 867 578
38 42 555 445
38 43 238 113
38 44 575 520
38 45 903 523
38 46 232 330
38 47 880 884
38 48 346 151
38 49 750 976
39 40 2 64
39 41 151 65
39 42 563 396
39 43 167 375
39 44 835 481
39 45 615 553
39 46 878 34
39 47 210 749
39 48 309 204
39 49 656 767
40 41 965 988
40 42 270 730
40 43 156 301
40 44 981 902
40 45 115 712
40 46 763 343
40 47 988 707
40 48 747 446
40 49 996 717
41 42 297 144
41 43 999 657
41 44 593 678
41 45 247 655
41 46 452 618
41 47 413 378
41 48 377 135
41 49 651 449
42 43 427 133
42 44 627 873
42 45 798 943
42 46 39 750
42 47 868 767
42 48 851 947
42 49 1 4
43 44 59 374
43 45 186 542
43 46 323 292
43 47 567 66
43 48 951 465
43 49 229 458
44 45 214 976
44 46 872 127
44 47 808 843
44 48 85 201
44 49 727 944
45 46 524 766
45 47 927 541
45 48 872 879
45 49 84 231
46 47 1 787
46 48 36 158
46 49 15 3
47 48 964 966
47 49 240 672
48 49 79 31
0
626
1083 11080
1084 10574
1085 10232
1086 10177
1089 10076
1090 9899
1091 9557
1095 9401
1099 9356
1106 9230
1113 8893
1117 8737
1131 8594
1132 8586
1136 8387
1140 8297
1144 8141
1155 7991
1159 7990
1163 7791
1172 7712
1174 7641
1178 7640
1183 7639
1184 7615
1186 7508
1188 7498
1189 7490
1191 7362
1197 7358
1201 7357
1203 7265
1205 7219
1206 7211
1211 7210
1212 7207
1214 7079
1220 7068
1225 7067
1226 6982
1228 6936
1229 6928
1237 6926
1238 6918
1240 6790
1243 6785
1252 6693
1254 6647
1255 6639
1260 6638
1261 6635
1263 6507
1269 6496
1274 6495
1275 6410
1277 6364
1278 6356
1289 6267
1290 6259
1292 6213
1303 6201
1304 6116
1310 6084
1311 6076
1316 6072
1317 6058
1318 6050
1322 5987
1323 5979
1325 5933
1326 5918
1332 5907
1337 5836
1338 5821
1340 5775
1341 5767
1352 5678
1353 5670
1355 5624
1367 5527
1373 5495
1374 5487
1379 5483
1385 5398
1386 5390
1388 5344
1397 5341
1400 5247
1409 5244
1412 5203
1421 5200
1424 5106
1430 5061
1442 4964
1454 4920
1466 4823
1478 4793
1479 4780
1491 4750
1492 4703
1494 4701
1504 4659
1507 4658
1516 4562
1528 4532
1529 4519
1541 4489
1544 4440
1557 4397
1568 4343
1574 4332
1580 4313
1581 4300
1589 4290
1592 4287
1593 4270
1596 4221
1602 4210
1608 4195
1609 4178
1621 4152
1625 4150
1626 4113
1632 4098
1638 4083
1641 4071
1644 4068
1645 4055
1652 4051
1653 4045
1654 3991
1660 3976
1666 3965
1670 3963
1673 3933
1686 3884
1690 3868
1697 3864
1698 3858
1702 3838
1705 3826
1716 3801
1718 3746
1729 3744
1733 3739
1734 3718
1745 3711
1748 3694
1750 3639
1761 3619
1766 3611
1767 3608
1777 3591
1780 3556
1785 3539
1793 3512
1799 3501
1809 3484
1810 3481
1812 3449
1817 3432
1823 3429
1828 3412
1833 3404
1837 3402
1839 3401
1842 3374
1847 3349
1855 3322
1860 3305
1871 3294
1872 3291
1876 3277
1879 3242
1889 3237
1890 3222
1895 3214
1898 3206
1904 3184
1914 3178
1915 3176
1917 3143
1922 3115
1932 3110
1937 3108
1938 3087
1942 3085
1948 3082
1951 3047
1960 3016
1970 3011
1975 3009
1976 2988
1986 2983
1987 2981
1989 2948
1994 2920
2009 2913
2010 2892
2014 2890
2025 2882
2030 2854
2032 2821
2047 2814
2048 2793
2062 2780
2068 2755
2078 2752
2083 2748
2084 2727
2090 2722
2098 2714
2106 2694
2114 2686
2120 2681
2124 2677
2126 2656
2136 2653
2141 2649
2142 2628
2156 2615
2166 2606
2172 2587
2182 2578
2196 2565
2202 2560
2205 2558
2207 2552
2208 2551
2212 2537
2223 2523
2225 2520
2234 2517
2236 2514
2237 2511
2238 2510
2239 2495
2241 2492
2250 2489
2252 2486
2253 2482
2255 2479
2264 2476
2266 2473
2269 2454
2271 2451
2280 2448
2282 2445
2286 2444
2290 2439
2292 2436
2294 2435
2299 2427
2301 2424
2304 2419
2306 2416
2315 2413
2317 2410
2318 2406
2320 2398
2321 2393
2323 2390
2332 2387
2334 2378
2336 2375
2345 2372
2347 2369
2351 2352
2353 2349
2362 2346
2364 2343
2365 2342
2367 2339
2372 2337
2374 2334
2377 2331
2381 2314
2383 2311
2396 2307
2398 2304
2402 2296
2404 2293
2411 2287
2413 2284
2416 2276
2418 2273
2427 2270
2429 2267
2430 2266
2432 2263
2433 2253
2435 2250
2446 2238
2448 2235
2457 2232
2459 2229
2463 2212
2465 2209
2476 2206
2478 2203
2480 2202
2487 2194
2489 2191
2493 2185
2495 2182
2498 2177
2500 2174
2510 2173
2511 2168
2512 2164
2514 2161
2522 2156
2524 2153
2528 2136
2530 2133
2541 2130
2543 2127
2545 2126
2552 2118
2554 2115
2558 2104
2560 2101
2569 2092
2571 2089
2584 2085
2586 2082
2588 2077
2590 2074
2593 2069
2595 2066
2599 2065
2601 2062
2604 2057
2606 2054
2609 2053
2618 2044
2620 2041
2622 2036
2623 2028
2625 2025
2634 2016
2636 2013
2649 2009
2651 2006
2653 2001
2655 1998
2664 1989
2666 1986
2673 1985
2681 1980
2683 1977
2687 1960
2689 1957
2700 1954
2702 1951
2704 1950
2711 1942
2713 1939
2717 1928
2719 1925
2728 1916
2730 1913
2743 1909
2745 1906
2747 1901
2749 1898
2752 1893
2754 1890
2758 1889
2760 1886
2763 1881
2765 1878
2768 1877
2777 1868
2779 1865
2782 1852
2784 1849
2793 1840
2795 1837
2808 1833
2810 1830
2812 1825
2814 1822
2823 1813
2825 1810
2847 1803
2849 1800
2857 1798
2859 1795
2864 1793
2865 1789
2866 1788
2868 1785
2870 1783
2877 1776
2879 1773
2904 1772
2907 1769
2908 1764
2910 1762
2911 1761
2913 1758
2919 1752
2922 1749
2924 1746
2938 1738
2940 1735
2953 1731
2955 1728
2964 1725
2968 1711
2970 1708
2992 1701
2994 1698
3007 1694
3009 1691
3010 1687
3013 1684
3015 1681
3022 1674
3024 1671
3049 1670
3052 1667
3054 1664
3055 1660
3063 1657
3064 1650
3067 1647
3069 1644
3094 1643
3097 1640
3106 1639
3108 1630
3109 1623
3137 1619
3140 1616
3142 1613
3158 1606
3161 1603
3163 1600
3181 1599
3182 1592
3202 1586
3203 1579
3231 1575
3234 1572
3236 1569
3255 1568
3258 1567
3261 1564
3263 1561
3275 1555
3276 1548
3302 1547
3303 1540
3323 1539
3328 1537
3331 1536
3334 1533
3336 1530
3349 1524
3363 1518
3375 1516
3376 1509
3409 1506
3411 1503
3415 1501
3421 1500
3422 1493
3448 1492
3449 1485
3463 1479
3480 1478
3482 1475
3498 1473
3502 1471
3508 1470
3509 1463
3521 1461
3522 1454
3557 1448
3561 1446
3569 1445
3584 1440
3598 1434
3608 1431
3609 1424
3644 1418
3648 1416
3657 1409
3693 1407
3696 1401
3704 1397
3739 1391
3743 1386
3744 1379
3782 1378
3783 1371
3836 1368
3838 1359
3839 1352
3877 1351
3878 1344
3918 1342
3927 1335
3956 1333
3966 1327
3974 1323
4003 1321
4009 1317
4013 1312
4014 1305
4043 1303
4053 1297
4082 1295
4106 1294
4108 1285
4109 1278
4138 1276
4148 1270
4177 1268
4217 1266
4226 1259
4262 1257
4265 1251
4273 1247
4308 1241
4312 1236
4313 1229
4351 1228
4352 1221
4405 1218
4407 1209
4408 1202
4446 1201
4447 1194
4536 1190
4546 1189
4573 1186
4595 1184
4619 1183
4620 1176
4658 1175
4659 1168
4693 1167
4731 1166
4732 1159
4807 1158
4831 1154
4858 1151
4880 1149
4896 1144
4897 1137
4935 1136
4936 1129
5025 1125
5035 1124
5062 1121
5084 1119
5108 1118
5109 1111
5147 1110
5148 1103
5182 1102
5220 1101
5221 1094
5296 1093
5320 1089
5347 1086
5369 1084
5393 1083
5394 1076
5432 1075
5433 1068
5514 1063
5559 1060
5581 1058
5609 1054
5659 1051
5687 1045
5725 1044
5726 1037
5835 1035
5840 1034
5852 1029
5874 1027
5902 1023
5952 1020
6000 1019
6028 1015
6050 1013
6078 1012
6080 1009
6130 1006
6133 1003
6206 1001
6228 999
6256 998
6259 995
6281 993
6309 989
6359 986
6407 985
6435 981
6457 979
6485 978
6487 975
6537 972
6583 971
6613 967
6635 965
6663 964
6685 962
6761 957
6811 954
6966 953
6996 949
7018 947
7046 946
7068 944
7144 939
7194 936
7445 932
7495 929
8012 926
8062 923
