50
0 1 99 24
0 2 461 343
0 3 278 595
0 4 762 876
0 5 134 241
0 6 162 71
0 7 7 114
0 8 610 437
0 9 406 269
0 10 509 451
0 11 537 423
0 12 820 877
0 13 377 51
0 14 745 953
0 15 459 523
0 16 82 144
0 17 771 828
0 18 312 489
0 19 536 784
0 20 915 813
0 21 1000 1000
0 22 283 200
0 23 363 423
0 24 622 713
0 25 574 501
0 26 734 283
0 27 855 751
0 28 727 754
0 29 272 390
0 30 350 226
0 31 669 754
0 32 580 686
0 33 936 978
0 34 811 793
0 35 590 278
0 36 873 994
0 37 76 93
0 38 852 800
0 39 288 371
0 40 576 426
0 41 152 479
0 42 976 907
0 43 925 361
0 44 637 713
0 45 405 582
0 46 424 229
0 47 115 41
0 48 573 774
0 49 698 241
1 2 20 271
1 3 43 5
1 4 150 98
1 5 927 839
1 6 789 875
1 7 528 371
1 8 405 144
1 9 507 727
1 10 590 338
1 11 433 602
1 12 815 796
1 13 742 885
1 14 57 202
1 15 387 215
1 16 484 503
1 17 18 2
1 18 761 569
1 19 219 158
1 20 667 452
1 21 905 708
1 22 727 757
1 23 998 998
1 24 289 77
1 25 978 882
1 26 665 670
1 27 800 856
1 28 672 606
1 29 482 215
1 30 575 710
1 31 254 82
1 32 242 270
1 33 287 614
1 34 471 287
1 35 773 450
1 36 161 201
1 37 371 640
1 38 12 21
1 39 331 505
1 40 301 417
1 41 686 656
1 42 253 136
1 43 899 958
1 44 633 894
1 45 168 467
1 46 113 237
1 47 26 107
1 48 643 581
1 49 894 471
2 3 208 183
2 4 140 47
2 5 635 704
2 6 984 945
2 7 342 186
2 8 587 542
2 9 489 522
2 10 293 351
2 11 573 608
2 12 30 102
2 13 810 675
2 14 541 565
2 15 485 708
2 16 394 207
2 17 284 78
2 18 490 512
2 19 413 360
2 20 223 243
2 21 909 725
2 22 463 487
2 23 754 497
2 24 718 870
2 25 833 936
2 26 639 587
2 27 388 384
2 28 888 711
2 29 553 687
2 30 5 7
2 31 132 144
2 32 635 541
2 33 214 155
2 34 441 823
2 35 191 193
2 36 471 424
2 37 541 821
2 38 188 262
2 39 715 677
2 40 676 291
2 41 609 758
2 42 532 744
2 43 894 938
2 44 730 630
2 45 119 177
2 46 891 907
2 47 129 84
2 48 282 670
2 49 101 256
3 4 981 612
3 5 80 198
3 6 179 307
3 7 693 786
3 8 65 647
3 9 31 57
3 10 755 538
3 11 815 371
3 12 925 940
3 13 82 48
3 14 589 292
3 15 573 478
3 16 802 648
3 17 723 570
3 18 839 676
3 19 191 148
3 20 495 597
3 21 251 375
3 22 840 697
3 23 702 595
3 24 894 654
3 25 62 198
3 26 140 479
3 27 690 776
3 28 210 425
3 29 972 960
3 30 92 278
3 31 760 971
3 32 530 955
3 33 823 892
3 34 842 690
3 35 482 680
3 36 643 710
3 37 83 58
3 38 766 706
3 39 264 215
3 40 314 487
3 41 86 88
3 42 728 426
3 43 909 934
3 44 470 29
3 45 945 956
3 46 189 188
3 47 251 796
3 48 649 922
3 49 977 970
4 5 538 399
4 6 144 396
4 7 245 30
4 8 813 658
4 9 862 748
4 10 293 144
4 11 589 729
4 12 358 502
4 13 181 91
4 14 186 314
4 15 10 40
4 16 24 73
4 17 261 588
4 18 417 675
4 19 257 44
4 20 908 962
4 21 905 906
4 22 750 575
4 23 905 806
4 24 320 147
4 25 664 520
4 26 553 321
4 27 89 125
4 28 131 47
4 29 309 617
4 30 206 336
4 31 175 224
4 32 198 325
4 33 398 820
4 34 11 6
4 35 313 461
4 36 55 192
4 37 934 644
4 38 124 293
4 39 255 55
4 40 333 500
4 41 172 465
4 42 43 79
4 43 587 315
4 44 599 491
4 45 480 334
4 46 713 387
4 47 859 519
4 48 823 932
4 49 889 749
5 6 198 235
5 7 320 402
5 8 980 967
5 9 97 204
5 10 104 52
5 11 655 846
5 12 343 278
5 13 939 727
5 14 968 909
5 15 457 524
5 16 542 453
5 17 289 626
5 18 973 849
5 19 844 800
5 20 456 235
5 21 662 460
5 22 471 292
5 23 15 30
5 24 252 275
5 25 914 982
5 26 616 733
5 27 830 806
5 28 352 299
5 29 301 812
5 30 554 231
5 31 131 385
5 32 917 887
5 33 80 162
5 34 899 844
5 35 723 808
5 36 87 181
5 37 702 414
5 38 127 187
5 39 963 966
5 40 85 82
5 41 486 242
5 42 492 506
5 43 307 622
5 44 572 420
5 45 486 470
5 46 141 194
5 47 896 899
5 48 302 73
5 49 695 770
6 7 999 946
6 8 587 727
6 9 401 677
6 10 20 86
6 11 990 978
6 12 486 602
6 13 654 523
6 14 806 638
6 15 256 300
6 16 426 216
6 17 857 760
6 18 739 854
6 19 594 296
6 20 479 222
6 21 680 413
6 22 71 40
6 23 911 969
6 24 398 261
6 25 863 466
6 26 9 26
6 27 633 455
6 28 284 326
6 29 59 104
6 30 58 30
6 31 777 764
6 32 475 547
6 33 296 536
6 34 838 322
6 35 868 875
6 36 551 699
6 37 610 175
6 38 914 842
6 39 417 159
6 40 978 977
6 41 872 597
6 42 955 902
6 43 405 398
6 44 910 874
6 45 754 692
6 46 294 282
6 47 471 527
6 48 90 167
6 49 834 838
7 8 169 434
7 9 135 695
7 10 17 45
7 11 2 26
7 12 365 175
7 13 214 435
7 14 172 512
7 15 272 302
7 16 786 909
7 17 382 190
7 18 806 785
7 19 780 576
7 20 702 635
7 21 421 398
7 22 656 602
7 23 964 968
7 24 411 124
7 25 624 832
7 26 251 397
7 27 743 665
7 28 367 225
7 29 509 818
7 30 796 718
7 31 38 57
7 32 688 772
7 33 440 737
7 34 259 463
7 35 668 829
7 36 269 660
7 37 227 213
7 38 418 701
7 39 394 500
7 40 5 55
7 41 998 998
7 42 185 609
7 43 676 653
7 44 321 127
7 45 162 278
7 46 736 292
7 47 834 764
7 48 344 312
7 49 705 704
8 9 533 233
8 10 160 60
8 11 933 948
8 12 181 191
8 13 335 590
8 14 769 964
8 15 685 502
8 16 368 352
8 17 276 348
8 18 734 281
8 19 167 191
8 20 788 990
8 21 781 901
8 22 990 844
8 23 446 194
8 24 623 427
8 25 822 725
8 26 971 662
8 27 275 457
8 28 853 948
8 29 762 391
8 30 957 885
8 31 456 174
8 32 225 458
8 33 749 878
8 34 63 75
8 35 981 968
8 36 939 988
8 37 585 402
8 38 387 563
8 39 600 927
8 40 135 83
8 41 14 41
8 42 602 383
8 43 343 60
8 44 489 223
8 45 74 111
8 46 55 58
8 47 869 461
8 48 669 548
8 49 509 290
9 10 492 894
9 11 178 165
9 12 151 183
9 13 952 634
9 14 385 585
9 15 357 454
9 16 857 643
9 17 336 287
9 18 476 391
9 19 94 315
9 20 647 625
9 21 447 524
9 22 927 963
9 23 795 968
9 24 692 894
9 25 967 987
9 26 606 464
9 27 841 982
9 28 538 902
9 29 738 602
9 30 82 322
9 31 982 918
9 32 308 168
9 33 122 265
9 34 452 415
9 35 382 399
9 36 162 53
9 37 283 623
9 38 763 564
9 39 58 299
9 40 441 113
9 41 851 515
9 42 427 459
9 43 790 834
9 44 423 402
9 45 264 224
9 46 187 177
9 47 281 363
9 48 475 480
9 49 483 554
10 11 255 782
10 12 800 269
10 13 113 57
10 14 533 396
10 15 690 603
10 16 544 753
10 17 827 669
10 18 195 52
10 19 594 796
10 20 929 711
10 21 823 863
10 22 352 756
10 23 535 144
10 24 352 343
10 25 194 199
10 26 337 553
10 27 350 677
10 28 572 829
10 29 107 43
10 30 452 436
10 31 709 637
10 32 698 781
10 33 621 202
10 34 852 883
10 35 674 262
10 36 290 89
10 37 19 113
10 38 418 265
10 39 942 893
10 40 379 273
10 41 168 153
10 42 450 328
10 43 211 260
10 44 19 143
10 45 196 415
10 46 689 847
10 47 207 258
10 48 197 117
10 49 449 592
11 12 516 324
11 13 89 234
11 14 430 383
11 15 410 279
11 16 377 352
11 17 881 398
11 18 798 782
11 19 133 49
11 20 697 516
11 21 370 265
11 22 480 688
11 23 231 436
11 24 103 2
11 25 185 309
11 26 877 689
11 27 819 876
11 28 97 159
11 29 743 932
11 30 738 849
11 31 391 497
11 32 905 939
11 33 350 661
11 34 382 839
11 35 465 438
11 36 104 218
11 37 196 255
11 38 172 543
11 39 848 702
11 40 268 125
11 41 762 793
11 42 10 17
11 43 671 568
11 44 276 444
11 45 766 763
11 46 962 915
11 47 618 672
11 48 103 59
11 49 116 290
12 13 88 39
12 14 143 363
12 15 500 338
12 16 447 535
12 17 520 732
12 18 18 91
12 19 114 28
12 20 916 875
12 21 865 897
12 22 359 526
12 23 52 86
12 24 431 693
12 25 318 199
12 26 570 583
12 27 607 478
12 28 984 995
12 29 207 320
12 30 249 19
12 31 227 103
12 32 511 345
12 33 924 931
12 34 967 873
12 35 853 765
12 36 952 835
12 37 560 197
12 38 143 97
12 39 697 769
12 40 985 926
12 41 158 137
12 42 67 248
12 43 123 266
12 44 680 342
12 45 5 77
12 46 900 835
12 47 443 95
12 48 701 766
12 49 8 10
13 14 674 392
13 15 809 897
13 16 354 261
13 17 971 964
13 18 693 746
13 19 608 909
13 20 975 935
13 21 442 154
13 22 50 62
13 23 961 846
13 24 523 433
13 25 861 883
13 26 648 736
13 27 651 822
13 28 499 784
13 29 237 85
13 30 17 3
13 31 888 509
13 32 939 873
13 33 729 295
13 34 512 257
13 35 408 496
13 36 537 375
13 37 851 738
13 38 489 83
13 39 844 754
13 40 560 542
13 41 214 235
13 42 290 551
13 43 111 80
13 44 571 428
13 45 37 111
13 46 90 288
13 47 36 38
13 48 410 516
13 49 353 725
14 15 50 579
14 16 228 361
14 17 859 814
14 18 846 768
14 19 968 942
14 20 762 766
14 21 34 30
14 22 810 750
14 23 481 534
14 24 713 462
14 25 917 752
14 26 989 959
14 27 74 276
14 28 461 282
14 29 969 674
14 30 9 132
14 31 813 852
14 32 66 214
14 33 522 530
14 34 332 761
14 35 646 902
14 36 324 411
14 37 598 513
14 38 884 772
14 39 7 20
14 40 186 384
14 41 31 12
14 42 641 667
14 43 411 410
14 44 511 770
14 45 702 403
14 46 272 49
14 47 587 440
14 48 84 59
14 49 860 727
15 16 205 89
15 17 380 310
15 18 600 491
15 19 856 905
15 20 846 745
15 21 101 64
15 22 775 541
15 23 473 439
15 24 388 404
15 25 93 173
15 26 231 289
15 27 107 174
15 28 47 7
15 29 381 60
15 30 987 955
15 31 449 479
15 32 412 566
15 33 689 390
15 34 30 26
15 35 675 182
15 36 966 892
15 37 11 8
15 38 432 734
15 39 8 7
15 40 928 988
15 41 502 674
15 42 609 768
15 43 281 276
15 44 693 895
15 45 18 3
15 46 792 814
15 47 179 377
15 48 946 830
15 49 17 45
16 17 688 527
16 18 488 545
16 19 580 408
16 20 345 446
16 21 374 415
16 22 176 113
16 23 325 420
16 24 616 386
16 25 676 733
16 26 83 16
16 27 19 67
16 28 880 850
16 29 345 425
16 30 731 774
16 31 873 734
16 32 199 276
16 33 340 177
16 34 808 992
16 35 849 967
16 36 694 303
16 37 735 906
16 38 725 897
16 39 348 365
16 40 36 45
16 41 845 816
16 42 230 378
16 43 709 941
16 44 836 715
16 45 985 998
16 46 475 443
16 47 750 916
16 48 785 964
16 49 15 4
17 18 249 364
17 19 809 888
17 20 229 539
17 21 126 41
17 22 927 616
17 23 557 471
17 24 535 811
17 25 781 920
17 26 901 530
17 27 173 176
17 28 551 629
17 29 207 733
17 30 807 593
17 31 315 625
17 32 562 804
17 33 1 1
17 34 408 819
17 35 443 604
17 36 445 386
17 37 317 308
17 38 643 274
17 39 135 178
17 40 360 131
17 41 349 288
17 42 664 453
17 43 56 83
17 44 573 462
17 45 987 968
17 46 759 762
17 47 216 246
17 48 51 62
17 49 849 371
18 19 390 495
18 20 515 850
18 21 564 649
18 22 480 357
18 23 340 358
18 24 115 57
18 25 725 753
18 26 590 235
18 27 442 587
18 28 750 639
18 29 678 844
18 30 468 332
18 31 412 482
18 32 995 992
18 33 954 882
18 34 147 347
18 35 46 124
18 36 119 56
18 37 542 448
18 38 952 961
18 39 804 822
18 40 974 866
18 41 356 473
18 42 81 119
18 43 14 175
18 44 35 229
18 45 734 766
18 46 582 347
18 47 679 683
18 48 436 491
18 49 436 418
19 20 677 815
19 21 968 941
19 22 725 815
19 23 884 558
19 24 306 291
19 25 732 606
19 26 496 532
19 27 944 975
19 28 135 653
19 29 26 183
19 30 862 932
19 31 206 330
19 32 227 120
19 33 304 170
19 34 429 448
19 35 364 349
19 36 129 582
19 37 8 120
19 38 44 18
19 39 170 109
19 40 528 248
19 41 417 326
19 42 113 467
19 43 767 894
19 44 987 984
19 45 854 933
19 46 60 492
19 47 112 52
19 48 103 199
19 49 609 734
20 21 921 815
20 22 773 531
20 23 413 731
20 24 799 862
20 25 585 664
20 26 993 968
20 27 438 141
20 28 283 745
20 29 602 748
20 30 977 815
20 31 706 768
20 32 358 561
20 33 920 858
20 34 9 117
20 35 894 967
20 36 879 952
20 37 212 179
20 38 183 32
20 39 134 133
20 40 291 98
20 41 385 386
20 42 207 40
20 43 968 928
20 44 414 941
20 45 935 906
20 46 954 977
20 47 808 772
20 48 258 101
20 49 661 255
21 22 840 849
21 23 436 803
21 24 338 152
21 25 980 984
21 26 453 255
21 27 345 337
21 28 847 818
21 29 181 281
21 30 830 688
21 31 832 627
21 32 66 552
21 33 140 92
21 34 489 244
21 35 196 178
21 36 537 683
21 37 109 396
21 38 805 343
21 39 768 961
21 40 769 894
21 41 85 163
21 42 437 278
21 43 230 396
21 44 38 7
21 45 641 667
21 46 231 571
21 47 160 108
21 48 146 313
21 49 24 17
22 23 589 253
22 24 674 84
22 25 232 336
22 26 540 940
22 27 195 145
22 28 832 835
22 29 491 512
22 30 177 377
22 31 736 600
22 32 630 682
22 33 184 314
22 34 256 439
22 35 536 464
22 36 906 719
22 37 925 796
22 38 119 155
22 39 785 572
22 40 255 148
22 41 625 642
22 42 372 181
22 43 292 172
22 44 910 387
22 45 520 658
22 46 920 714
22 47 159 32
22 48 112 48
22 49 746 921
23 24 569 827
23 25 775 912
23 26 572 221
23 27 123 11
23 28 673 532
23 29 7 16
23 30 311 97
23 31 693 874
23 32 742 846
23 33 542 852
23 34 972 910
23 35 843 875
23 36 115 69
23 37 631 279
23 38 85 54
23 39 143 183
23 40 740 611
23 41 30 42
23 42 724 716
23 43 580 471
23 44 711 620
23 45 937 868
23 46 48 100
23 47 504 493
23 48 864 855
23 49 103 92
24 25 578 664
24 26 652 398
24 27 358 875
24 28 72 492
24 29 783 767
24 30 152 595
24 31 96 38
24 32 382 836
24 33 33 110
24 34 565 727
24 35 263 486
24 36 319 255
24 37 144 469
24 38 63 34
24 39 554 301
24 40 572 766
24 41 794 619
24 42 624 653
24 43 867 391
24 44 403 297
24 45 899 627
24 46 506 243
24 47 322 302
24 48 725 569
24 49 404 304
25 26 693 662
25 27 941 730
25 28 650 945
25 29 96 67
25 30 449 87
25 31 410 242
25 32 33 516
25 33 823 850
25 34 544 649
25 35 43 53
25 36 135 57
25 37 303 406
25 38 462 346
25 39 603 362
25 40 498 143
25 41 689 266
25 42 45 12
25 43 856 900
25 44 630 806
25 45 445 611
25 46 648 422
25 47 69 87
25 48 294 474
25 49 681 780
26 27 710 749
26 28 705 697
26 29 84 73
26 30 65 61
26 31 163 7
26 32 260 190
26 33 322 260
26 34 970 989
26 35 659 583
26 36 125 325
26 37 862 695
26 38 289 130
26 39 992 923
26 40 922 980
26 41 171 306
26 42 415 334
26 43 609 724
26 44 214 269
26 45 50 22
26 46 460 519
26 47 810 753
26 48 451 371
26 49 524 677
27 28 450 287
27 29 246 376
27 30 515 463
27 31 612 681
27 32 575 421
27 33 654 316
27 34 367 141
27 35 144 329
27 36 224 50
27 37 986 975
27 38 733 724
27 39 651 737
27 40 482 948
27 41 756 336
27 42 763 757
27 43 949 965
27 44 263 652
27 45 613 802
27 46 114 199
27 47 976 952
27 48 501 411
27 49 830 917
28 29 396 247
28 30 700 532
28 31 787 605
28 32 402 565
28 33 979 879
28 34 105 469
28 35 177 178
28 36 577 504
28 37 542 624
28 38 798 782
28 39 767 414
28 40 151 77
28 41 602 508
28 42 994 997
28 43 632 512
28 44 484 603
28 45 2 6
28 46 109 181
28 47 907 938
28 48 856 883
28 49 741 707
29 30 767 665
29 31 855 888
29 32 646 856
29 33 786 531
29 34 88 266
29 35 490 544
29 36 570 553
29 37 274 241
29 38 226 361
29 39 578 751
29 40 184 86
29 41 160 91
29 42 313 358
29 43 119 565
29 44 818 639
29 45 948 737
29 46 755 464
29 47 659 581
29 48 159 472
29 49 881 754
30 31 772 868
30 32 935 998
30 33 222 377
30 34 935 938
30 35 813 730
30 36 497 333
30 37 244 320
30 38 80 363
30 39 166 323
30 40 300 396
30 41 626 844
30 42 613 753
30 43 652 489
30 44 908 952
30 45 989 977
30 46 322 724
30 47 548 905
30 48 264 603
30 49 211 219
31 32 688 563
31 33 141 387
31 34 727 524
31 35 769 840
31 36 467 74
31 37 221 265
31 38 714 342
31 39 500 364
31 40 779 695
31 41 970 885
31 42 342 313
31 43 406 210
31 44 419 170
31 45 645 435
31 46 893 405
31 47 63 34
31 48 661 898
31 49 638 665
32 33 402 148
32 34 949 865
32 35 661 673
32 36 359 404
32 37 480 445
32 38 152 181
32 39 378 263
32 40 885 863
32 41 129 8
32 42 91 232
32 43 992 996
32 44 641 960
32 45 781 881
32 46 916 850
32 47 157 81
32 48 263 406
32 49 759 735
33 34 821 903
33 35 498 748
33 36 64 118
33 37 755 784
33 38 641 615
33 39 640 505
33 40 947 996
33 41 792 668
33 42 762 697
33 43 44 7
33 44 566 201
33 45 170 394
33 46 538 793
33 47 191 180
33 48 248 208
33 49 955 916
34 35 715 655
34 36 537 859
34 37 929 587
34 38 619 655
34 39 16 10
34 40 433 869
34 41 784 939
34 42 920 838
34 43 583 515
34 44 810 719
34 45 645 368
34 46 943 934
34 47 33 220
34 48 766 781
34 49 362 235
35 36 365 95
35 37 995 999
35 38 491 686
35 39 948 957
35 40 572 884
35 41 856 923
35 42 188 515
35 43 215 464
35 44 300 528
35 45 614 824
35 46 836 684
35 47 924 851
35 48 315 595
35 49 233 119
36 37 608 796
36 38 855 818
36 39 224 253
36 40 953 928
36 41 206 517
36 42 801 744
36 43 403 202
36 44 450 345
36 45 773 442
36 46 219 408
36 47 509 154
36 48 374 268
36 49 790 673
37 38 174 132
37 39 399 188
37 40 578 894
37 41 230 206
37 42 140 355
37 43 908 740
37 44 482 472
37 45 1 1
37 46 506 878
37 47 4 6
37 48 448 305
37 49 86 200
38 39 603 400
38 40 328 294
38 41 609 452
38 42 177 200
38 43 270 362
38 44 392 860
38 45 22 91
38 46 158 436
38 47 288 256
38 48 129 364
38 49 186 345
39 40 594 599
39 41 123 62
39 42 779 712
39 43 421 432
39 44 967 966
39 45 154 341
39 46 173 337
39 47 10 103
39 48 825 747
39 49 397 729
40 41 876 604
40 42 641 890
40 43 766 488
40 44 926 896
40 45 449 504
40 46 256 787
40 47 60 64
40 48 382 374
40 49 692 934
41 42 516 548
41 43 333 545
41 44 385 610
41 45 76 557
41 46 259 220
41 47 955 935
41 48 539 629
41 49 122 203
42 43 789 896
42 44 975 948
42 45 394 753
42 46 295 412
42 47 983 957
42 48 869 967
42 49 252 457
43 44 492 133
43 45 267 99
43 46 925 966
43 47 245 383
43 48 3 2
43 49 455 534
44 45 426 83
44 46 608 360
44 47 134 508
44 48 549 494
44 49 535 669
45 46 67 42
45 47 108 56
45 48 326 347
45 49 744 451
46 47 149 216
46 48 813 880
46 49 29 159
47 48 450 439
47 49 955 969
48 49 632 748
0
273
858 3466
859 3371
860 3286
861 3191
862 3161
865 3115
866 3020
872 2990
875 2946
881 2916
885 2884
891 2854
894 2810
899 2718
905 2688
908 2644
914 2614
918 2582
924 2552
927 2508
933 2478
938 2476
940 2473
944 2440
948 2414
950 2410
953 2407
954 2384
957 2340
963 2310
969 2308
970 2305
974 2272
979 2267
980 2242
983 2239
985 2237
989 2209
995 2207
996 2199
999 2183
1000 2171
1002 2169
1005 2166
1006 2141
1011 2136
1016 2115
1018 2109
1022 2098
1026 2089
1027 2077
1028 2068
1033 2047
1038 2042
1040 2036
1045 2015
1049 2004
1052 2003
1055 1974
1061 1972
1062 1969
1063 1965
1065 1963
1067 1942
1069 1935
1074 1930
1079 1909
1081 1903
1085 1892
1089 1883
1090 1871
1091 1862
1096 1841
1101 1836
1103 1830
1108 1809
1112 1798
1118 1768
1124 1766
1125 1763
1130 1736
1137 1731
1142 1720
1144 1707
1148 1692
1154 1690
1155 1687
1158 1684
1160 1660
1167 1655
1172 1644
1174 1631
1178 1628
1181 1626
1185 1623
1186 1615
1188 1608
1190 1596
1197 1591
1202 1580
1204 1567
1211 1562
1216 1551
1223 1546
1225 1545
1229 1544
1232 1540
1233 1536
1237 1529
1241 1528
1244 1524
1248 1523
1250 1522
1254 1514
1258 1513
1259 1505
1266 1500
1271 1489
1278 1484
1280 1483
1284 1482
1285 1478
1288 1474
1292 1467
1296 1466
1297 1462
1303 1461
1304 1457
1306 1456
1309 1452
1313 1451
1314 1447
1317 1444
1318 1440
1322 1439
1325 1435
1329 1434
1331 1433
1334 1429
1335 1425
1339 1424
1340 1416
1347 1411
1352 1400
1359 1395
1361 1394
1365 1393
1368 1389
1369 1385
1373 1378
1377 1377
1380 1373
1384 1372
1386 1371
1390 1363
1394 1362
1397 1358
1398 1355
1405 1350
1414 1349
1415 1340
1422 1335
1431 1334
1432 1326
1439 1321
1444 1310
1451 1305
1453 1304
1457 1303
1460 1299
1461 1295
1465 1288
1469 1287
1472 1283
1476 1282
1478 1281
1482 1273
1486 1272
1489 1268
1490 1265
1497 1260
1507 1250
1514 1245
1529 1242
1536 1237
1556 1236
1563 1231
1576 1227
1580 1226
1582 1225
1585 1223
1586 1217
1590 1216
1593 1212
1594 1209
1601 1204
1611 1194
1618 1189
1633 1186
1640 1181
1660 1180
1667 1175
1681 1165
1688 1160
1703 1157
1710 1152
1730 1151
1737 1146
1750 1142
1754 1141
1756 1140
1759 1138
1760 1132
1764 1131
1767 1127
1768 1124
1775 1119
1785 1109
1792 1104
1807 1101
1814 1096
1834 1095
1841 1090
1856 1087
1863 1082
1882 1075
1889 1070
1904 1067
1911 1062
1931 1061
1938 1056
1953 1053
1960 1048
1989 1043
2004 1040
2011 1035
2031 1034
2038 1029
2053 1026
2060 1021
2089 1018
2098 1016
2111 1015
2113 1013
2116 1012
2120 1008
2138 1004
2147 1002
2162 999
2169 994
2212 991
2216 990
2249 989
2257 986
2300 983
2304 982
2337 981
2362 980
2366 979
2380 978
2442 975
2491 972
2495 971
2528 970
2553 969
2557 968
2571 967
2633 964
2723 962
2764 960
2854 958
2946 956
3036 954
