50
0 1 79 75
0 2 200 118
0 3 732 655
0 4 56 35
0 5 7 11
0 6 421 507
0 7 519 190
0 8 925 967
0 9 442 416
0 10 565 576
0 11 679 678
0 12 68 101
0 13 354 351
0 14 209 322
0 15 306 465
0 16 527 211
0 17 774 791
0 18 627 589
0 19 683 747
0 20 145 232
0 21 126 291
0 22 113 27
0 23 781 742
0 24 998 990
0 25 351 181
0 26 86 288
0 27 488 453
0 28 285 267
0 29 479 428
0 30 353 151
0 31 87 18
0 32 862 760
0 33 644 746
0 34 358 221
0 35 729 555
0 36 289 226
0 37 37 85
0 38 371 254
0 39 682 613
0 40 14 12
0 41 585 293
0 42 814 919
0 43 11 54
0 44 624 899
0 45 294 198
0 46 974 982
0 47 131 16
0 48 85 209
0 49 720 671
1 2 603 56
1 3 840 83
1 4 411 155
1 5 714 350
1 6 963 805
1 7 320 116
1 8 450 549
1 9 536 836
1 10 126 169
1 11 617 265
1 12 684 580
1 13 235 283
1 14 570 486
1 15 790 848
1 16 269 133
1 17 518 423
1 18 433 148
1 19 247 465
1 20 179 104
1 21 436 676
1 22 204 473
1 23 78 169
1 24 546 263
1 25 510 312
1 26 738 898
1 27 657 733
1 28 695 783
1 29 666 791
1 30 943 913
1 31 416 145
1 32 905 914
1 33 632 808
1 34 797 494
1 35 606 591
1 36 49 136
1 37 440 929
1 38 659 779
1 39 733 727
1 40 608 498
1 41 511 506
1 42 384 393
1 43 590 621
1 44 605 758
1 45 708 704
1 46 920 969
1 47 395 622
1 48 240 363
1 49 897 719
2 3 203 444
2 4 754 722
2 5 985 980
2 6 733 918
2 7 563 722
2 8 494 626
2 9 325 546
2 10 366 618
2 11 223 216
2 12 373 129
2 13 692 401
2 14 602 743
2 15 590 687
2 16 936 799
2 17 381 402
2 18 567 601
2 19 177 292
2 20 487 358
2 21 583 731
2 22 940 764
2 23 87 429
2 24 110 166
2 25 659 478
2 26 281 18
2 27 691 273
2 28 369 647
2 29 721 487
2 30 827 534
2 31 518 176
2 32 245 62
2 33 887 764
2 34 873 818
2 35 296 415
2 36 421 297
2 37 150 122
2 38 907 810
2 39 983 990
2 40 116 26
2 41 667 674
2 42 99 39
2 43 446 731
2 44 777 796
2 45 564 406
2 46 612 333
2 47 447 79
2 48 824 738
2 49 756 223
3 4 432 36
3 5 914 572
3 6 536 176
3 7 122 166
3 8 360 361
3 9 836 595
3 10 215 132
3 11 3 3
3 12 306 563
3 13 636 353
3 14 563 521
3 15 931 741
3 16 8 2
3 17 757 705
3 18 979 992
3 19 805 951
3 20 304 362
3 21 561 686
3 22 269 310
3 23 60 22
3 24 497 636
3 25 589 377
3 26 332 269
3 27 934 977
3 28 154 729
3 29 560 554
3 30 560 712
3 31 109 788
3 32 249 174
3 33 293 341
3 34 357 113
3 35 319 420
3 36 277 365
3 37 994 995
3 38 611 275
3 39 177 672
3 40 590 309
3 41 5 74
3 42 319 305
3 43 65 54
3 44 145 621
3 45 578 912
3 46 430 276
3 47 262 573
3 48 292 293
3 49 297 375
4 5 179 341
4 6 605 797
4 7 333 453
4 8 434 369
4 9 874 574
4 10 67 73
4 11 344 494
4 12 23 98
4 13 929 751
4 14 231 92
4 15 213 336
4 16 45 26
4 17 395 138
4 18 523 560
4 19 778 871
4 20 237 48
4 21 642 401
4 22 936 972
4 23 94 192
4 24 704 622
4 25 874 837
4 26 91 113
4 27 577 794
4 28 721 616
4 29 912 870
4 30 898 978
4 31 673 887
4 32 638 904
4 33 836 569
4 34 592 702
4 35 414 585
4 36 654 653
4 37 953 754
4 38 797 635
4 39 911 953
4 40 869 637
4 41 436 826
4 42 884 851
4 43 123 239
4 44 994 933
4 45 213 95
4 46 119 366
4 47 720 319
4 48 522 534
4 49 152 89
5 6 369 573
5 7 998 966
5 8 172 210
5 9 627 244
5 10 183 105
5 11 40 13
5 12 186 18
5 13 221 293
5 14 672 508
5 15 69 189
5 16 885 797
5 17 6 126
5 18 31 203
5 19 10 13
5 20 390 127
5 21 392 199
5 22 505 731
5 23 178 795
5 24 104 263
5 25 527 446
5 26 688 102
5 27 663 465
5 28 69 300
5 29 435 401
5 30 698 817
5 31 109 294
5 32 402 401
5 33 627 650
5 34 904 779
5 35 660 616
5 36 413 197
5 37 975 989
5 38 644 843
5 39 273 551
5 40 786 713
5 41 252 290
5 42 717 436
5 43 234 275
5 44 216 140
5 45 875 855
5 46 64 12
5 47 837 782
5 48 770 849
5 49 391 426
6 7 633 800
6 8 8 248
6 9 351 296
6 10 293 526
6 11 813 557
6 12 456 506
6 13 626 430
6 14 948 961
6 15 100 304
6 16 566 553
6 17 630 729
6 18 568 401
6 19 823 575
6 20 817 582
6 21 853 529
6 22 322 255
6 23 300 663
6 24 438 492
6 25 526 576
6 26 577 347
6 27 380 339
6 28 729 647
6 29 333 373
6 30 229 441
6 31 24 99
6 32 933 897
6 33 878 714
6 34 920 930
6 35 330 205
6 36 993 816
6 37 518 336
6 38 639 833
6 39 173 337
6 40 973 754
6 41 48 50
6 42 815 613
6 43 314 136
6 44 674 756
6 45 917 931
6 46 53 8
6 47 507 885
6 48 401 285
6 49 131 239
7 8 458 590
7 9 366 782
7 10 765 946
7 11 373 813
7 12 144 100
7 13 756 896
7 14 862 871
7 15 259 246
7 16 129 407
7 17 871 757
7 18 451 456
7 19 656 673
7 20 153 732
7 21 267 498
7 22 949 935
7 23 444 254
7 24 331 189
7 25 236 257
7 26 282 204
7 27 977 911
7 28 447 575
7 29 521 546
7 30 49 177
7 31 629 477
7 32 482 407
7 33 117 71
7 34 82 425
7 35 704 714
7 36 177 34
7 37 574 431
7 38 614 577
7 39 120 335
7 40 594 673
7 41 244 478
7 42 796 677
7 43 857 846
7 44 362 160
7 45 73 33
7 46 463 389
7 47 675 382
7 48 913 892
7 49 868 978
8 9 618 902
8 10 466 460
8 11 258 212
8 12 991 985
8 13 542 397
8 14 78 66
8 15 382 205
8 16 211 279
8 17 619 410
8 18 823 760
8 19 188 479
8 20 443 546
8 21 104 111
8 22 315 528
8 23 399 177
8 24 849 747
8 25 732 826
8 26 564 274
8 27 202 303
8 28 149 172
8 29 925 987
8 30 526 202
8 31 906 446
8 32 572 872
8 33 692 763
8 34 178 178
8 35 254 448
8 36 771 798
8 37 476 257
8 38 95 54
8 39 952 934
8 40 954 996
8 41 468 309
8 42 615 255
8 43 984 988
8 44 453 297
8 45 841 948
8 46 573 130
8 47 593 225
8 48 318 489
8 49 274 383
9 10 63 139
9 11 993 867
9 12 986 942
9 13 193 347
9 14 550 23
9 15 642 820
9 16 939 839
9 17 166 256
9 18 315 407
9 19 798 658
9 20 796 276
9 21 199 345
9 22 216 69
9 23 90 77
9 24 772 655
9 25 619 650
9 26 693 517
9 27 287 311
9 28 43 181
9 29 759 669
9 30 326 731
9 31 422 154
9 32 611 661
9 33 442 339
9 34 990 995
9 35 330 278
9 36 525 465
9 37 925 864
9 38 950 997
9 39 873 676
9 40 848 692
9 41 173 100
9 42 141 552
9 43 197 71
9 44 868 834
9 45 608 535
9 46 168 187
9 47 147 111
9 48 3 18
9 49 528 675
10 11 969 884
10 12 1 1
10 13 753 852
10 14 293 529
10 15 232 640
10 16 321 736
10 17 11 39
10 18 240 30
10 19 733 511
10 20 52 181
10 21 794 669
10 22 617 564
10 23 848 941
10 24 109 37
10 25 928 977
10 26 848 943
10 27 231 528
10 28 341 673
10 29 742 249
10 30 253 461
10 31 255 386
10 32 756 848
10 33 645 563
10 34 401 551
10 35 399 517
10 36 156 311
10 37 489 458
10 38 892 962
10 39 761 944
10 40 381 347
10 41 763 656
10 42 639 250
10 43 42 107
10 44 360 745
10 45 671 691
10 46 717 640
10 47 216 514
10 48 356 236
10 49 201 351
11 12 269 113
11 13 603 464
11 14 991 938
11 15 714 813
11 16 965 869
11 17 625 311
11 18 830 604
11 19 344 278
11 20 906 869
11 21 51 15
11 22 591 759
11 23 527 500
11 24 660 834
11 25 151 317
11 26 29 126
11 27 395 590
11 28 963 971
11 29 370 104
11 30 595 431
11 31 176 176
11 32 702 617
11 33 400 131
11 34 162 123
11 35 550 299
11 36 103 212
11 37 940 958
11 38 938 917
11 39 389 57
11 40 991 946
11 41 511 493
11 42 686 749
11 43 132 392
11 44 693 757
11 45 262 366
11 46 647 845
11 47 121 111
11 48 733 957
11 49 710 361
12 13 61 141
12 14 213 195
12 15 53 22
12 16 544 569
12 17 513 452
12 18 106 188
12 19 261 52
12 20 533 299
12 21 509 104
12 22 430 419
12 23 973 764
12 24 808 872
12 25 378 541
12 26 966 959
12 27 537 480
12 28 378 711
12 29 514 691
12 30 226 403
12 31 102 400
12 32 550 640
12 33 705 830
12 34 950 905
12 35 324 219
12 36 365 265
12 37 617 793
12 38 292 233
12 39 177 19
12 40 930 894
12 41 786 817
12 42 105 368
12 43 313 552
12 44 441 149
12 45 680 276
12 46 479 688
12 47 86 182
12 48 226 455
12 49 223 399
13 14 628 811
13 15 725 752
13 16 215 204
13 17 907 589
13 18 844 853
13 19 661 816
13 20 912 931
13 21 196 276
13 22 950 909
13 23 771 371
13 24 62 13
13 25 1000 999
13 26 293 226
13 27 103 95
13 28 552 202
13 29 600 825
13 30 783 581
13 31 883 874
13 32 820 813
13 33 141 236
13 34 906 765
13 35 628 885
13 36 220 630
13 37 325 342
13 38 831 567
13 39 729 742
13 40 296 270
13 41 772 905
13 42 902 743
13 43 326 432
13 44 726 449
13 45 69 552
13 46 748 686
13 47 376 183
13 48 954 940
13 49 896 928
14 15 188 420
14 16 889 845
14 17 430 78
14 18 611 849
14 19 889 978
14 20 735 803
14 21 712 664
14 22 6 11
14 23 672 763
14 24 179 107
14 25 219 22
14 26 821 603
14 27 435 307
14 28 882 762
14 29 836 578
14 30 992 989
14 31 482 608
14 32 181 305
14 33 713 685
14 34 741 708
14 35 465 372
14 36 15 177
14 37 710 587
14 38 959 875
14 39 425 440
14 40 490 643
14 41 476 293
14 42 818 845
14 43 533 454
14 44 486 677
14 45 466 338
14 46 22 41
14 47 344 827
14 48 127 271
14 49 855 461
15 16 291 120
15 17 340 327
15 18 315 254
15 19 722 568
15 20 542 458
15 21 643 471
15 22 864 836
15 23 443 711
15 24 754 557
15 25 37 262
15 26 160 197
15 27 105 344
15 28 348 543
15 29 509 457
15 30 536 484
15 31 199 257
15 32 962 912
15 33 715 492
15 34 674 935
15 35 993 994
15 36 65 69
15 37 677 748
15 38 157 255
15 39 533 777
15 40 473 322
15 41 190 488
15 42 437 705
15 43 785 864
15 44 141 42
15 45 729 668
15 46 183 267
15 47 13 40
15 48 414 595
15 49 717 686
16 17 578 596
16 18 855 892
16 19 285 101
16 20 673 768
16 21 430 515
16 22 161 506
16 23 832 634
16 24 238 464
16 25 660 662
16 26 531 176
16 27 21 155
16 28 203 428
16 29 374 181
16 30 175 307
16 31 650 804
16 32 645 749
16 33 992 997
16 34 372 158
16 35 685 623
16 36 24 5
16 37 982 945
16 38 876 333
16 39 652 888
16 40 958 808
16 41 184 102
16 42 118 226
16 43 144 536
16 44 385 788
16 45 31 168
16 46 927 818
16 47 417 274
16 48 456 480
16 49 521 748
17 18 958 928
17 19 369 127
17 20 357 264
17 21 426 685
17 22 735 188
17 23 766 507
17 24 589 802
17 25 888 805
17 26 553 498
17 27 556 778
17 28 508 757
17 29 241 514
17 30 503 231
17 31 2 14
17 32 245 177
17 33 989 996
17 34 367 426
17 35 77 62
17 36 303 415
17 37 65 84
17 38 178 173
17 39 128 297
17 40 794 823
17 41 683 838
17 42 88 51
17 43 389 578
17 44 960 804
17 45 244 193
17 46 65 18
17 47 260 171
17 48 274 178
17 49 408 298
18 19 376 283
18 20 790 896
18 21 958 904
18 22 915 559
18 23 597 702
18 24 829 693
18 25 582 392
18 26 898 902
18 27 111 85
18 28 959 837
18 29 787 574
18 30 4 107
18 31 576 552
18 32 114 155
18 33 511 592
18 34 235 568
18 35 255 288
18 36 472 354
18 37 55 31
18 38 671 423
18 39 295 299
18 40 654 531
18 41 217 311
18 42 551 777
18 43 307 463
18 44 757 811
18 45 490 737
18 46 395 447
18 47 602 404
18 48 836 746
18 49 993 970
19 20 774 813
19 21 211 326
19 22 204 42
19 23 709 808
19 24 855 837
19 25 649 501
19 26 784 803
19 27 972 899
19 28 910 985
19 29 529 344
19 30 997 977
19 31 134 216
19 32 364 407
19 33 597 514
19 34 621 793
19 35 705 597
19 36 869 946
19 37 421 603
19 38 548 499
19 39 868 883
19 40 81 6
19 41 501 399
19 42 125 466
19 43 615 280
19 44 196 210
19 45 381 322
19 46 99 154
19 47 945 678
19 48 815 708
19 49 870 374
20 21 936 956
20 22 486 572
20 23 647 254
20 24 347 225
20 25 5 4
20 26 409 649
20 27 999 988
20 28 607 583
20 29 976 932
20 30 78 122
20 31 134 33
20 32 678 608
20 33 166 95
20 34 170 153
20 35 5 21
20 36 638 835
20 37 217 202
20 38 966 924
20 39 587 864
20 40 361 409
20 41 245 142
20 42 735 702
20 43 12 24
20 44 586 635
20 45 331 181
20 46 153 219
20 47 721 940
20 48 915 878
20 49 616 792
21 22 472 256
21 23 870 954
21 24 168 22
21 25 917 736
21 26 18 10
21 27 665 673
21 28 934 861
21 29 792 460
21 30 680 436
21 31 303 196
21 32 667 682
21 33 182 112
21 34 687 602
21 35 716 692
21 36 612 777
21 37 79 569
21 38 395 442
21 39 994 960
21 40 982 978
21 41 801 561
21 42 848 789
21 43 108 77
21 44 817 858
21 45 587 314
21 46 503 228
21 47 470 267
21 48 470 350
21 49 769 974
22 23 485 387
22 24 543 843
22 25 509 828
22 26 738 678
22 27 894 956
22 28 78 218
22 29 302 510
22 30 502 749
22 31 979 833
22 32 80 21
22 33 587 819
22 34 698 694
22 35 628 678
22 36 914 969
22 37 294 97
22 38 161 165
22 39 118 194
22 40 552 389
22 41 968 963
22 42 862 720
22 43 736 945
22 44 703 841
22 45 175 107
22 46 773 366
22 47 128 479
22 48 156 419
22 49 275 328
23 24 901 585
23 25 632 429
23 26 908 990
23 27 750 589
23 28 845 615
23 29 102 210
23 30 105 402
23 31 504 393
23 32 534 384
23 33 625 406
23 34 697 635
23 35 705 785
23 36 616 479
23 37 175 160
23 38 800 903
23 39 465 458
23 40 663 936
23 41 253 429
23 42 681 521
23 43 942 882
23 44 847 738
23 45 566 507
23 46 492 579
23 47 127 91
23 48 175 51
23 49 500 407
24 25 896 841
24 26 317 638
24 27 40 119
24 28 234 123
24 29 775 862
24 30 525 596
24 31 190 288
24 32 451 428
24 33 901 878
24 34 439 786
24 35 419 424
24 36 522 296
24 37 94 195
24 38 37 101
24 39 820 528
24 40 725 852
24 41 983 940
24 42 647 775
24 43 598 636
24 44 302 404
24 45 458 315
24 46 499 278
24 47 16 38
24 48 788 842
24 49 602 673
25 26 770 929
25 27 943 781
25 28 842 863
25 29 266 287
25 30 492 460
25 31 205 321
25 32 879 802
25 33 373 562
25 34 329 469
25 35 275 420
25 36 78 355
25 37 808 748
25 38 909 760
25 39 728 642
25 40 723 293
25 41 392 496
25 42 715 881
25 43 645 523
25 44 263 677
25 45 484 465
25 46 944 873
25 47 512 833
25 48 883 584
25 49 665 781
26 27 466 394
26 28 657 596
26 29 311 388
26 30 897 974
26 31 840 836
26 32 685 618
26 33 995 995
26 34 315 585
26 35 196 305
26 36 324 610
26 37 611 783
26 38 127 152
26 39 800 286
26 40 235 550
26 41 895 951
26 42 421 568
26 43 838 680
26 44 976 935
26 45 568 176
26 46 285 248
26 47 840 944
26 48 495 619
26 49 567 196
27 28 943 990
27 29 742 873
27 30 899 935
27 31 919 766
27 32 992 988
27 33 356 400
27 34 976 710
27 35 273 175
27 36 192 198
27 37 545 214
27 38 146 314
27 39 380 202
27 40 755 755
27 41 309 53
27 42 488 156
27 43 693 665
27 44 604 261
27 45 644 640
27 46 182 398
27 47 454 346
27 48 309 181
27 49 399 299
28 29 305 616
28 30 494 237
28 31 938 681
28 32 930 974
28 33 907 955
28 34 910 662
28 35 79 27
28 36 427 863
28 37 324 278
28 38 775 709
28 39 778 842
28 40 312 211
28 41 962 977
28 42 521 962
28 43 556 349
28 44 252 97
28 45 182 417
28 46 932 977
28 47 429 131
28 48 117 219
28 49 305 417
29 30 962 784
29 31 13 7
29 32 81 294
29 33 506 293
29 34 640 760
29 35 297 553
29 36 765 398
29 37 90 297
29 38 186 183
29 39 108 254
29 40 535 614
29 41 852 708
29 42 919 516
29 43 100 89
29 44 444 461
29 45 93 87
29 46 208 82
29 47 987 990
29 48 884 507
29 49 662 435
30 31 583 716
30 32 893 885
30 33 270 227
30 34 983 925
30 35 730 624
30 36 13 67
30 37 912 732
30 38 593 536
30 39 45 11
30 40 535 846
30 41 93 338
30 42 922 881
30 43 62 98
30 44 242 347
30 45 766 859
30 46 477 918
30 47 219 200
30 48 294 295
30 49 135 344
31 32 614 322
31 33 815 620
31 34 913 862
31 35 521 453
31 36 843 907
31 37 455 610
31 38 750 847
31 39 798 932
31 40 886 749
31 41 503 459
31 42 535 454
31 43 764 860
31 44 558 735
31 45 623 728
31 46 227 240
31 47 137 405
31 48 704 582
31 49 370 206
32 33 360 132
32 34 127 197
32 35 318 711
32 36 224 544
32 37 540 354
32 38 741 822
32 39 954 921
32 40 312 309
32 41 160 134
32 42 788 812
32 43 420 556
32 44 619 548
32 45 688 713
32 46 796 820
32 47 283 373
32 48 307 171
32 49 683 936
33 34 656 780
33 35 783 890
33 36 256 175
33 37 212 527
33 38 569 493
33 39 740 597
33 40 227 198
33 41 246 409
33 42 354 669
33 43 820 739
33 44 730 771
33 45 385 35
33 46 574 980
33 47 52 145
33 48 399 511
33 49 633 497
34 35 447 438
34 36 199 632
34 37 877 855
34 38 53 76
34 39 855 879
34 40 173 183
34 41 46 55
34 42 919 875
34 43 988 883
34 44 424 508
34 45 46 117
34 46 810 925
34 47 705 506
34 48 38 108
34 49 786 604
35 36 958 943
35 37 790 847
35 38 368 192
35 39 804 793
35 40 48 26
35 41 41 272
35 42 663 944
35 43 380 729
35 44 570 347
35 45 645 483
35 46 630 350
35 47 54 118
35 48 879 675
35 49 284 92
36 37 923 847
36 38 267 444
36 39 206 255
36 40 807 715
36 41 842 740
36 42 798 909
36 43 236 155
36 44 215 115
36 45 127 87
36 46 716 578
36 47 735 785
36 48 324 532
36 49 491 258
37 38 78 53
37 39 56 177
37 40 774 386
37 41 756 727
37 42 264 157
37 43 962 933
37 44 587 597
37 45 552 639
37 46 451 648
37 47 280 513
37 48 497 800
37 49 446 908
38 39 90 162
38 40 114 148
38 41 883 897
38 42 273 285
38 43 686 808
38 44 259 252
38 45 898 884
38 46 946 687
38 47 957 859
38 48 690 928
38 49 759 442
39 40 527 168
39 41 544 731
39 42 545 720
39 43 960 831
39 44 351 117
39 45 381 359
39 46 943 895
39 47 72 21
39 48 611 317
39 49 114 80
40 41 313 389
40 42 844 831
40 43 427 354
40 44 910 647
40 45 676 605
40 46 810 832
40 47 27 130
40 48 719 455
40 49 408 227
41 42 147 375
41 43 322 151
41 44 136 145
41 45 460 432
41 46 325 227
41 47 599 462
41 48 934 934
41 49 912 900
42 43 537 604
42 44 328 248
42 45 32 12
42 46 236 371
42 47 123 315
42 48 843 641
42 49 887 859
43 44 316 107
43 45 590 472
43 46 477 361
43 47 287 259
43 48 183 130
43 49 829 920
44 45 359 551
44 46 810 354
44 47 160 148
44 48 544 869
44 49 768 935
45 46 614 624
45 47 994 976
45 48 664 961
45 49 822 982
46 47 860 943
46 48 542 683
46 49 474 513
47 48 466 322
47 49 545 776
48 49 40 100
0
333
1333 4015
1334 3887
1339 3784
1343 3697
1345 3625
1346 3497
1351 3394
1355 3307
1360 3204
1373 3193
1375 3153
1378 3150
1382 3093
1384 3060
1396 3050
1397 3042
1398 3035
1399 3009
1402 3006
1406 2949
1418 2939
1419 2938
1420 2906
1421 2898
1422 2891
1428 2877
1432 2841
1437 2840
1440 2837
1442 2795
1444 2780
1454 2769
1457 2744
1458 2737
1459 2729
1462 2726
1464 2723
1466 2708
1468 2687
1470 2672
1480 2626
1485 2621
1488 2618
1490 2615
1492 2600
1495 2575
1498 2572
1502 2554
1506 2518
1517 2503
1520 2500
1521 2467
1524 2464
1528 2446
1537 2442
1539 2413
1543 2395
1546 2392
1555 2388
1558 2377
1559 2370
1560 2367
1561 2341
1573 2334
1576 2331
1577 2316
1578 2313
1580 2305
1585 2292
1591 2280
1597 2277
1598 2264
1601 2254
1608 2252
1609 2231
1613 2213
1616 2210
1625 2206
1628 2195
1629 2188
1630 2185
1631 2159
1643 2152
1646 2149
1647 2134
1648 2131
1650 2123
1655 2110
1661 2098
1667 2095
1671 2072
1678 2070
1680 2062
1685 2049
1687 2047
1688 2044
1690 2036
1697 2034
1701 2011
1707 2008
1713 2006
1714 2002
1717 1986
1718 1983
1720 1975
1730 1964
1734 1958
1736 1950
1737 1947
1743 1945
1744 1941
1746 1939
1749 1928
1753 1922
1759 1920
1760 1903
1772 1898
1776 1878
1779 1867
1791 1862
1795 1842
1802 1837
1812 1829
1818 1812
1821 1801
1835 1799
1837 1776
1854 1763
1862 1753
1865 1751
1874 1748
1879 1740
1882 1739
1883 1738
1886 1727
1899 1725
1902 1702
1919 1689
1927 1679
1930 1677
1939 1674
1944 1666
1947 1665
1955 1654
1964 1651
1967 1649
1972 1642
1981 1638
1984 1637
1986 1633
1988 1632
1989 1631
1992 1626
2003 1620
2006 1619
2009 1614
2014 1608
2023 1605
2025 1604
2026 1603
2031 1596
2040 1592
2043 1591
2047 1586
2051 1580
2063 1577
2064 1574
2068 1568
2080 1565
2084 1558
2094 1556
2099 1555
2100 1549
2101 1546
2111 1544
2116 1543
2117 1537
2127 1534
2136 1527
2143 1525
2144 1522
2152 1518
2153 1515
2160 1513
2169 1506
2179 1503
2194 1496
2195 1494
2196 1491
2212 1482
2224 1481
2231 1479
2237 1472
2250 1469
2259 1467
2265 1462
2266 1460
2267 1457
2283 1448
2308 1438
2341 1437
2350 1436
2351 1434
2352 1431
2357 1428
2368 1422
2382 1418
2393 1412
2426 1411
2442 1402
2467 1392
2511 1388
2534 1386
2538 1385
2544 1382
2555 1376
2585 1368
2621 1366
2629 1356
2673 1352
2696 1350
2700 1349
2720 1342
2747 1332
2814 1326
2818 1325
2827 1324
2838 1318
2898 1317
2899 1316
2905 1312
2909 1311
2918 1310
2945 1300
3004 1298
3012 1294
3016 1293
3036 1286
3097 1284
3103 1280
3107 1279
3164 1278
3168 1277
3173 1276
3177 1275
3178 1274
3182 1273
3188 1270
3202 1266
3211 1265
3213 1264
3259 1263
3269 1260
3273 1259
3280 1258
3284 1257
3304 1250
3363 1249
3365 1248
3371 1244
3375 1243
3432 1242
3436 1241
3446 1238
3450 1237
3456 1234
3470 1230
3479 1229
3523 1228
3527 1227
3537 1224
3541 1223
3550 1222
3602 1221
3611 1220
3615 1219
3619 1218
3622 1214
3631 1213
3689 1208
3693 1207
3702 1206
3767 1203
3771 1202
3780 1201
3854 1200
3858 1199
3867 1198
3877 1197
3886 1196
3916 1195
3925 1194
3945 1193
3986 1192
3990 1191
3994 1190
3997 1186
4006 1185
4064 1180
4068 1179
4077 1178
4142 1175
4146 1174
4155 1173
4229 1172
4233 1171
4242 1170
4252 1169
4261 1168
4307 1167
4311 1166
4320 1165
4413 1162
4417 1161
4426 1160
4527 1159
4531 1158
4666 1156
4670 1155
4679 1154
4753 1153
4757 1152
4766 1151
4776 1150
4785 1149
4831 1148
4835 1147
4844 1146
4937 1143
4941 1142
4950 1141
5051 1140
5055 1139
