50
0 1 54 126
0 2 561 521
0 3 216 806
0 4 680 822
0 5 268 118
0 6 166 887
0 7 557 429
0 8 349 335
0 9 559 197
0 10 185 605
0 11 9 156
0 12 857 916
0 13 970 302
0 14 388 636
0 15 526 547
0 16 375 279
0 17 266 496
0 18 189 706
0 19 438 360
0 20 246 300
0 21 670 539
0 22 944 445
0 23 587 498
0 24 498 766
0 25 339 633
0 26 84 208
0 27 628 155
0 28 345 309
0 29 307 9
0 30 268 946
0 31 768 785
0 32 411 443
0 33 262 871
0 34 936 598
0 35 762 676
0 36 244 465
0 37 195 146
0 38 912 833
0 39 978 967
0 40 196 408
0 41 302 685
0 42 297 466
0 43 854 279
0 44 251 102
0 45 77 764
0 46 941 214
0 47 428 701
0 48 61 61
0 49 467 675
1 2 957 998
1 3 400 900
1 4 64 610
1 5 572 340
1 6 634 634
1 7 663 439
1 8 903 972
1 9 661 383
1 10 745 306
1 11 7 25
1 12 202 487
1 13 96 137
1 14 179 913
1 15 708 741
1 16 947 497
1 17 91 64
1 18 172 114
1 19 793 255
1 20 326 732
1 21 590 906
1 22 820 607
1 23 306 253
1 24 220 252
1 25 511 853
1 26 831 795
1 27 778 927
1 28 922 920
1 29 171 178
1 30 413 77
1 31 440 537
1 32 555 638
1 33 334 21
1 34 101 122
1 35 427 721
1 36 243 230
1 37 376 877
1 38 704 822
1 39 367 402
1 40 74 667
1 41 745 939
1 42 873 961
1 43 985 874
1 44 835 929
1 45 396 316
1 46 412 10
1 47 963 863
1 48 886 850
1 49 406 910
2 3 557 475
2 4 222 594
2 5 284 245
2 6 890 999
2 7 202 68
2 8 225 208
2 9 274 483
2 10 207 203
2 11 639 764
2 12 532 366
2 13 994 372
2 14 559 644
2 15 892 765
2 16 922 679
2 17 726 986
2 18 3 27
2 19 393 97
2 20 805 471
2 21 409 134
2 22 575 487
2 23 725 442
2 24 163 540
2 25 273 787
2 26 229 243
2 27 120 14
2 28 86 220
2 29 826 833
2 30 328 132
2 31 304 49
2 32 963 463
2 33 68 468
2 34 23 389
2 35 279 568
2 36 419 362
2 37 628 278
2 38 402 657
2 39 316 36
2 40 208 447
2 41 761 464
2 42 395 641
2 43 912 998
2 44 191 547
2 45 106 499
2 46 183 107
2 47 350 230
2 48 775 881
2 49 323 853
3 4 568 949
3 5 266 939
3 6 484 32
3 7 686 774
3 8 19 304
3 9 895 373
3 10 367 587
3 11 284 303
3 12 472 608
3 13 28 727
3 14 630 706
3 15 329 101
3 16 623 703
3 17 12 9
3 18 758 581
3 19 393 273
3 20 846 692
3 21 87 39
3 22 796 813
3 23 428 72
3 24 630 271
3 25 430 512
3 26 49 183
3 27 764 999
3 28 805 416
3 29 553 681
3 30 706 253
3 31 598 626
3 32 835 546
3 33 916 279
3 34 316 372
3 35 540 536
3 36 532 899
3 37 789 749
3 38 218 370
3 39 888 305
3 40 195 10
3 41 493 307
3 42 585 922
3 43 792 814
3 44 290 133
3 45 246 404
3 46 837 817
3 47 214 68
3 48 576 897
3 49 803 752
4 5 286 734
4 6 83 569
4 7 41 195
4 8 226 572
4 9 48 913
4 10 514 167
4 11 400 924
4 12 535 747
4 13 530 507
4 14 219 142
4 15 493 536
4 16 185 594
4 17 744 687
4 18 643 308
4 19 312 142
4 20 193 57
4 21 974 880
4 22 49 403
4 23 916 874
4 24 798 738
4 25 864 753
4 26 922 976
4 27 170 111
4 28 12 35
4 29 855 434
4 30 703 202
4 31 594 422
4 32 345 86
4 33 905 332
4 34 412 70
4 35 598 859
4 36 30 486
4 37 851 742
4 38 34 711
4 39 251 18
4 40 465 208
4 41 764 916
4 42 446 100
4 43 77 578
4 44 152 234
4 45 771 562
4 46 286 903
4 47 23 570
4 48 16 10
4 49 225 41
5 6 657 425
5 7 614 75
5 8 42 586
5 9 379 340
5 10 980 817
5 11 74 197
5 12 965 740
5 13 221 85
5 14 290 531
5 15 924 824
5 16 332 172
5 17 534 72
5 18 53 94
5 19 619 764
5 20 749 413
5 21 846 731
5 22 853 168
5 23 620 564
5 24 959 887
5 25 252 307
5 26 782 956
5 27 699 811
5 28 922 918
5 29 420 841
5 30 912 890
5 31 896 912
5 32 34 353
5 33 529 593
5 34 247 203
5 35 629 717
5 36 27 268
5 37 126 359
5 38 335 726
5 39 400 472
5 40 627 285
5 41 822 728
5 42 239 312
5 43 696 234
5 44 235 118
5 45 847 505
5 46 176 14
5 47 991 849
5 48 230 145
5 49 200 397
6 7 849 908
6 8 74 124
6 9 865 567
6 10 905 587
6 11 224 520
6 12 206 439
6 13 126 300
6 14 695 311
6 15 245 584
6 16 201 171
6 17 621 746
6 18 549 503
6 19 594 984
6 20 293 774
6 21 991 995
6 22 377 517
6 23 816 883
6 24 694 564
6 25 1000 835
6 26 155 489
6 27 895 812
6 28 63 219
6 29 962 965
6 30 231 298
6 31 708 707
6 32 3 8
6 33 449 798
6 34 348 764
6 35 563 505
6 36 697 536
6 37 99 265
6 38 738 964
6 39 313 762
6 40 56 28
6 41 789 521
6 42 872 279
6 43 304 5
6 44 544 598
6 45 43 16
6 46 320 337
6 47 278 24
6 48 630 288
6 49 409 753
7 8 310 62
7 9 288 206
7 10 621 142
7 11 560 281
7 12 978 313
7 13 321 158
7 14 153 302
7 15 511 948
7 16 531 160
7 17 376 34
7 18 283 688
7 19 591 913
7 20 10 29
7 21 164 181
7 22 273 864
7 23 809 916
7 24 723 728
7 25 740 8
7 26 142 587
7 27 21 17
7 28 428 869
7 29 312 316
7 30 513 681
7 31 279 221
7 32 271 686
7 33 485 917
7 34 438 961
7 35 23 566
7 36 217 61
7 37 669 658
7 38 543 290
7 39 415 347
7 40 299 83
7 41 214 688
7 42 457 353
7 43 320 434
7 44 357 105
7 45 283 216
7 46 77 296
7 47 510 545
7 48 349 211
7 49 625 339
8 9 636 7
8 10 339 308
8 11 296 212
8 12 604 213
8 13 90 151
8 14 89 407
8 15 516 854
8 16 360 130
8 17 223 897
8 18 686 625
8 19 773 922
8 20 650 667
8 21 408 562
8 22 785 927
8 23 343 9
8 24 347 132
8 25 103 724
8 26 997 944
8 27 815 343
8 28 480 171
8 29 213 253
8 30 532 764
8 31 288 496
8 32 621 499
8 33 226 226
8 34 339 659
8 35 102 5
8 36 781 599
8 37 330 430
8 38 32 178
8 39 481 566
8 40 623 690
8 41 983 416
8 42 89 612
8 43 769 860
8 44 136 651
8 45 269 755
8 46 556 626
8 47 115 100
8 48 367 978
8 49 75 758
9 10 151 12
9 11 731 608
9 12 971 990
9 13 78 3
9 14 149 245
9 15 341 546
9 16 475 258
9 17 14 565
9 18 567 202
9 19 14 18
9 20 38 255
9 21 931 952
9 22 41 356
9 23 719 781
9 24 798 562
9 25 77 404
9 26 495 682
9 27 187 809
9 28 308 624
9 29 924 937
9 30 333 120
9 31 553 853
9 32 718 505
9 33 977 883
9 34 948 553
9 35 98 611
9 36 356 240
9 37 965 958
9 38 448 336
9 39 747 740
9 40 652 69
9 41 453 959
9 42 861 858
9 43 72 29
9 44 261 632
9 45 83 245
9 46 569 251
9 47 737 900
9 48 296 183
9 49 620 212
10 11 773 796
10 12 729 544
10 13 860 153
10 14 991 999
10 15 577 122
10 16 673 174
10 17 88 29
10 18 460 370
10 19 287 585
10 20 719 982
10 21 599 723
10 22 197 360
10 23 12 38
10 24 939 705
10 25 350 809
10 26 977 618
10 27 296 470
10 28 540 689
10 29 811 811
10 30 9 79
10 31 853 746
10 32 375 576
10 33 229 127
10 34 493 943
10 35 474 734
10 36 240 316
10 37 455 878
10 38 592 421
10 39 21 1
10 40 84 694
10 41 607 749
10 42 591 265
10 43 922 729
10 44 32 135
10 45 913 862
10 46 34 51
10 47 337 722
10 48 182 411
10 49 179 37
11 12 342 383
11 13 267 223
11 14 476 554
11 15 672 469
11 16 8 105
11 17 494 206
11 18 567 589
11 19 891 860
11 20 82 41
11 21 996 895
11 22 860 997
11 23 223 458
11 24 508 544
11 25 487 393
11 26 645 749
11 27 260 645
11 28 915 428
11 29 482 161
11 30 386 789
11 31 905 210
11 32 264 547
11 33 164 78
11 34 272 182
11 35 767 378
11 36 843 861
11 37 65 289
11 38 314 43
11 39 286 336
11 40 836 929
11 41 638 75
11 42 249 708
11 43 247 724
11 44 747 519
11 45 348 928
11 46 287 905
11 47 203 35
11 48 754 579
11 49 215 200
12 13 430 976
12 14 865 375
12 15 845 732
12 16 187 357
12 17 862 940
12 18 907 534
12 19 876 848
12 20 292 211
12 21 118 124
12 22 942 757
12 23 687 638
12 24 825 343
12 25 998 498
12 26 1000 992
12 27 578 537
12 28 495 162
12 29 347 277
12 30 718 627
12 31 83 427
12 32 722 69
12 33 34 357
12 34 7 181
12 35 695 890
12 36 676 504
12 37 245 848
12 38 985 959
12 39 876 199
12 40 186 433
12 41 48 240
12 42 229 18
12 43 604 319
12 44 825 954
12 45 363 392
12 46 659 18
12 47 223 826
12 48 646 850
12 49 143 217
13 14 59 25
13 15 968 480
13 16 522 773
13 17 296 706
13 18 184 66
13 19 503 686
13 20 575 614
13 21 688 870
13 22 156 207
13 23 129 221
13 24 159 383
13 25 165 379
13 26 895 807
13 27 369 608
13 28 931 966
13 29 672 797
13 30 818 694
13 31 281 401
13 32 271 93
13 33 538 718
13 34 533 567
13 35 297 305
13 36 649 466
13 37 233 680
13 38 61 312
13 39 597 408
13 40 94 350
13 41 321 183
13 42 130 230
13 43 496 181
13 44 221 63
13 45 391 143
13 46 170 346
13 47 998 983
13 48 812 651
13 49 504 352
14 15 698 931
14 16 977 955
14 17 545 206
14 18 257 740
14 19 865 977
14 20 194 376
14 21 284 903
14 22 666 456
14 23 536 902
14 24 378 505
14 25 455 178
14 26 529 588
14 27 426 770
14 28 275 308
14 29 66 52
14 30 658 216
14 31 898 969
14 32 212 370
14 33 921 930
14 34 260 596
14 35 131 86
14 36 350 874
14 37 103 312
14 38 788 730
14 39 152 507
14 40 270 595
14 41 336 608
14 42 408 771
14 43 386 702
14 44 913 618
14 45 570 402
14 46 671 578
14 47 257 279
14 48 156 405
14 49 829 400
15 16 187 34
15 17 239 182
15 18 700 199
15 19 215 399
15 20 110 49
15 21 797 764
15 22 517 881
15 23 911 937
15 24 652 144
15 25 630 954
15 26 144 235
15 27 962 841
15 28 518 736
15 29 193 239
15 30 280 449
15 31 77 214
15 32 162 86
15 33 983 582
15 34 591 726
15 35 97 327
15 36 453 623
15 37 123 813
15 38 566 810
15 39 597 556
15 40 425 445
15 41 31 116
15 42 605 750
15 43 82 162
15 44 150 253
15 45 300 736
15 46 308 181
15 47 59 71
15 48 675 269
15 49 77 133
16 17 470 764
16 18 491 828
16 19 523 252
16 20 465 698
16 21 169 739
16 22 334 359
16 23 235 916
16 24 524 635
16 25 615 220
16 26 734 384
16 27 554 402
16 28 424 188
16 29 465 643
16 30 141 936
16 31 946 524
16 32 141 17
16 33 553 707
16 34 219 480
16 35 700 756
16 36 274 439
16 37 756 79
16 38 836 915
16 39 859 721
16 40 304 663
16 41 485 492
16 42 80 701
16 43 216 134
16 44 279 610
16 45 305 42
16 46 929 621
16 47 281 386
16 48 130 273
16 49 341 62
17 18 447 474
17 19 71 11
17 20 109 275
17 21 629 227
17 22 192 122
17 23 489 860
17 24 785 855
17 25 557 257
17 26 242 763
17 27 931 193
17 28 711 491
17 29 840 805
17 30 809 254
17 31 632 465
17 32 436 794
17 33 838 938
17 34 445 110
17 35 263 391
17 36 967 891
17 37 756 179
17 38 885 724
17 39 948 906
17 40 568 597
17 41 663 932
17 42 40 234
17 43 233 541
17 44 650 399
17 45 890 818
17 46 148 244
17 47 722 568
17 48 97 624
17 49 653 446
18 19 487 16
18 20 280 245
18 21 111 626
18 22 709 528
18 23 10 331
18 24 919 698
18 25 736 411
18 26 434 778
18 27 482 160
18 28 82 180
18 29 693 434
18 30 652 703
18 31 428 226
18 32 357 593
18 33 714 669
18 34 132 596
18 35 549 715
18 36 272 82
18 37 122 119
18 38 784 723
18 39 528 487
18 40 778 769
18 41 297 59
18 42 222 199
18 43 648 619
18 44 475 723
18 45 134 53
18 46 990 529
18 47 663 607
18 48 215 762
18 49 872 498
19 20 568 359
19 21 570 511
19 22 522 758
19 23 429 283
19 24 72 95
19 25 453 964
19 26 920 500
19 27 89 120
19 28 968 625
19 29 506 421
19 30 667 834
19 31 5 77
19 32 560 701
19 33 638 265
19 34 700 611
19 35 151 20
19 36 358 766
19 37 970 904
19 38 56 102
19 39 669 958
19 40 302 336
19 41 527 838
19 42 446 460
19 43 151 874
19 44 877 769
19 45 998 724
19 46 397 414
19 47 936 607
19 48 867 669
19 49 807 933
20 21 909 990
20 22 688 729
20 23 355 340
20 24 903 966
20 25 284 367
20 26 396 323
20 27 219 122
20 28 453 191
20 29 64 16
20 30 55 234
20 31 628 668
20 32 134 399
20 33 662 236
20 34 593 617
20 35 180 523
20 36 614 311
20 37 52 10
20 38 38 109
20 39 66 21
20 40 325 583
20 41 4 144
20 42 952 838
20 43 352 68
20 44 404 363
20 45 48 575
20 46 849 945
20 47 62 485
20 48 26 140
20 49 289 605
21 22 694 259
21 23 70 107
21 24 605 778
21 25 587 886
21 26 650 834
21 27 363 461
21 28 104 35
21 29 855 923
21 30 193 21
21 31 508 656
21 32 776 343
21 33 326 173
21 34 858 869
21 35 380 521
21 36 950 673
21 37 268 102
21 38 278 965
21 39 530 485
21 40 337 342
21 41 371 582
21 42 737 581
21 43 481 975
21 44 611 814
21 45 598 599
21 46 623 252
21 47 686 880
21 48 669 536
21 49 870 270
22 23 920 424
22 24 281 228
22 25 81 15
22 26 778 785
22 27 439 426
22 28 536 804
22 29 722 277
22 30 436 452
22 31 743 735
22 32 533 231
22 33 222 147
22 34 317 308
22 35 676 798
22 36 592 579
22 37 676 150
22 38 236 237
22 39 416 778
22 40 375 296
22 41 772 769
22 42 552 705
22 43 934 872
22 44 62 310
22 45 374 631
22 46 338 181
22 47 242 86
22 48 376 601
22 49 456 173
23 24 352 426
23 25 23 111
23 26 350 231
23 27 526 182
23 28 73 140
23 29 133 208
23 30 812 531
23 31 404 208
23 32 790 666
23 33 671 582
23 34 312 113
23 35 935 995
23 36 153 167
23 37 836 889
23 38 864 623
23 39 513 254
23 40 585 77
23 41 273 219
23 42 766 110
23 43 828 908
23 44 609 356
23 45 604 815
23 46 191 145
23 47 178 677
23 48 545 140
23 49 548 882
24 25 86 13
24 26 197 149
24 27 398 504
24 28 58 78
24 29 91 127
24 30 967 759
24 31 362 812
24 32 410 964
24 33 969 833
24 34 544 860
24 35 305 226
24 36 257 247
24 37 283 851
24 38 276 704
24 39 94 97
24 40 291 334
24 41 737 985
24 42 406 657
24 43 883 583
24 44 678 919
24 45 253 100
24 46 555 91
24 47 906 727
24 48 659 695
24 49 42 421
25 26 793 256
25 27 971 978
25 28 228 348
25 29 401 327
25 30 428 562
25 31 548 418
25 32 82 65
25 33 515 454
25 34 636 627
25 35 146 12
25 36 853 808
25 37 994 957
25 38 781 855
25 39 918 759
25 40 10 298
25 41 105 70
25 42 755 822
25 43 926 541
25 44 923 810
25 45 123 330
25 46 590 480
25 47 381 331
25 48 808 941
25 49 130 163
26 27 886 534
26 28 172 334
26 29 540 780
26 30 51 181
26 31 418 858
26 32 493 297
26 33 875 214
26 34 254 613
26 35 230 68
26 36 189 181
26 37 722 977
26 38 652 656
26 39 996 996
26 40 162 37
26 41 730 828
26 42 374 340
26 43 476 426
26 44 142 432
26 45 782 501
26 46 470 64
26 47 38 25
26 48 775 609
26 49 512 764
27 28 116 249
27 29 206 460
27 30 997 991
27 31 631 845
27 32 614 78
27 33 383 106
27 34 737 537
27 35 941 811
27 36 447 280
27 37 344 163
27 38 493 767
27 39 879 435
27 40 241 668
27 41 880 843
27 42 55 520
27 43 507 212
27 44 360 356
27 45 406 528
27 46 935 774
27 47 884 826
27 48 622 181
27 49 671 514
28 29 771 741
28 30 40 16
28 31 921 745
28 32 869 412
28 33 570 834
28 34 362 237
28 35 90 32
28 36 170 186
28 37 738 418
28 38 692 758
28 39 775 782
28 40 313 104
28 41 215 542
28 42 440 420
28 43 316 854
28 44 256 844
28 45 144 260
28 46 651 422
28 47 759 178
28 48 649 153
28 49 611 355
29 30 563 259
29 31 508 868
29 32 486 549
29 33 280 376
29 34 363 429
29 35 476 972
29 36 105 671
29 37 295 295
29 38 948 674
29 39 97 261
29 40 18 45
29 41 773 75
29 42 284 596
29 43 654 790
29 44 708 162
29 45 695 683
29 46 988 715
29 47 461 875
29 48 531 631
29 49 585 114
30 31 137 306
30 32 109 495
30 33 951 882
30 34 224 733
30 35 565 13
30 36 214 276
30 37 754 274
30 38 210 71
30 39 711 406
30 40 667 341
30 41 95 354
30 42 449 513
30 43 819 551
30 44 866 984
30 45 414 553
30 46 788 745
30 47 586 451
30 48 58 33
30 49 561 599
31 32 654 379
31 33 843 849
31 34 532 314
31 35 640 781
31 36 603 666
31 37 820 270
31 38 502 169
31 39 775 305
31 40 224 94
31 41 367 704
31 42 677 761
31 43 175 825
31 44 235 142
31 45 916 903
31 46 111 243
31 47 844 913
31 48 672 821
31 49 778 864
32 33 906 721
32 34 206 290
32 35 132 305
32 36 551 188
32 37 876 754
32 38 892 689
32 39 811 968
32 40 405 459
32 41 319 761
32 42 124 151
32 43 114 899
32 44 583 887
32 45 69 612
32 46 714 791
32 47 869 649
32 48 630 607
32 49 414 228
33 34 117 551
33 35 118 528
33 36 995 893
33 37 442 144
33 38 546 602
33 39 481 973
33 40 741 482
33 41 432 848
33 42 188 223
33 43 121 130
33 44 562 370
33 45 460 396
33 46 914 714
33 47 172 113
33 48 75 318
33 49 564 534
34 35 838 564
34 36 667 633
34 37 388 158
34 38 72 49
34 39 410 620
34 40 129 386
34 41 490 827
34 42 722 582
34 43 222 93
34 44 141 387
34 45 695 947
34 46 971 759
34 47 945 978
34 48 736 842
34 49 977 809
35 36 202 824
35 37 34 14
35 38 374 344
35 39 373 545
35 40 199 609
35 41 234 377
35 42 606 174
35 43 682 921
35 44 178 428
35 45 884 892
35 46 81 173
35 47 682 964
35 48 150 741
35 49 396 381
36 37 292 543
36 38 854 941
36 39 790 668
36 40 113 850
36 41 637 249
36 42 684 469
36 43 256 471
36 44 750 584
36 45 997 980
36 46 651 642
36 47 137 602
36 48 884 976
36 49 700 476
37 38 935 168
37 39 517 701
37 40 785 885
37 41 599 629
37 42 33 468
37 43 476 248
37 44 251 783
37 45 158 31
37 46 333 748
37 47 829 870
37 48 602 856
37 49 195 130
38 39 584 314
38 40 233 385
38 41 700 884
38 42 951 370
38 43 139 780
38 44 452 560
38 45 562 285
38 46 476 815
38 47 375 150
38 48 662 559
38 49 130 634
39 40 518 782
39 41 756 938
39 42 922 235
39 43 387 143
39 44 478 46
39 45 321 20
39 46 601 407
39 47 364 104
39 48 471 329
39 49 50 99
40 41 704 387
40 42 234 424
40 43 105 289
40 44 650 189
40 45 864 603
40 46 41 275
40 47 436 125
40 48 915 297
40 49 333 698
41 42 273 154
41 43 471 200
41 44 996 693
41 45 615 755
41 46 848 803
41 47 526 410
41 48 851 877
41 49 998 856
42 43 786 453
42 44 210 339
42 45 310 393
42 46 956 412
42 47 910 938
42 48 206 679
42 49 548 341
43 44 287 522
43 45 85 5
43 46 364 389
43 47 144 337
43 48 82 364
43 49 539 715
44 45 963 815
44 46 987 994
44 47 928 512
44 48 21 15
44 49 873 132
45 46 954 625
45 47 592 338
45 48 553 25
45 49 962 734
46 47 100 74
46 48 228 522
46 49 113 408
47 48 345 658
47 49 245 438
48 49 284 314
0
576
1242 9296
1246 8694
1253 8460
1261 8341
1269 8117
1276 8068
1277 7998
1282 7904
1287 7883
1290 7785
1292 7725
1295 7659
1298 7561
1303 7540
1305 7512
1306 7442
1313 7393
1315 7323
1320 7229
1321 7169
1324 7103
1329 7050
1332 6984
1336 6886
1341 6865
1343 6837
1344 6767
1350 6716
1352 6714
1354 6652
1358 6561
1359 6494
1362 6428
1367 6375
1370 6309
1380 6265
1381 6169
1385 6107
1387 6105
1388 6041
1390 6039
1393 5988
1395 5986
1396 5922
1398 5920
1403 5876
1405 5859
1406 5810
1407 5782
1409 5780
1412 5731
1414 5729
1415 5663
1417 5661
1420 5612
1422 5610
1425 5551
1430 5500
1431 5472
1433 5470
1438 5459
1439 5353
1441 5351
1448 5347
1449 5241
1457 5200
1459 5198
1461 5192
1466 5173
1467 5088
1479 5012
1481 5010
1482 4997
1489 4900
1497 4859
1499 4857
1501 4851
1506 4832
1507 4747
1519 4698
1522 4656
1529 4648
1532 4598
1538 4560
1544 4549
1546 4519
1547 4507
1554 4499
1555 4492
1556 4407
1568 4358
1571 4316
1578 4308
1583 4267
1588 4248
1595 4240
1598 4226
1600 4199
1601 4195
1607 4191
1608 4114
1620 4065
1625 4034
1630 4015
1637 3985
1642 3966
1647 3947
1652 3944
1654 3917
1655 3913
1661 3909
1662 3832
1674 3783
1679 3764
1684 3733
1691 3715
1697 3709
1701 3665
1714 3641
1720 3618
1724 3614
1729 3600
1731 3596
1737 3590
1741 3546
1754 3522
1760 3499
1769 3481
1781 3479
1782 3457
1788 3434
1794 3416
1801 3398
1807 3391
1811 3348
1824 3324
1828 3319
1830 3301
1834 3297
1839 3283
1841 3279
1847 3272
1851 3229
1864 3205
1870 3182
1879 3164
1891 3162
1892 3140
1898 3117
1909 3110
1911 3097
1917 3074
1921 3056
1928 3052
1934 3032
1938 3002
1949 2991
1951 2978
1957 2955
1966 2937
1978 2935
1979 2913
1985 2890
1996 2883
1998 2879
2004 2873
2006 2870
2008 2829
2021 2805
2027 2782
2036 2764
2048 2762
2049 2740
2055 2717
2072 2713
2073 2710
2076 2697
2090 2684
2098 2665
2109 2649
2119 2645
2122 2625
2128 2602
2145 2598
2146 2595
2157 2592
2163 2569
2171 2550
2188 2546
2189 2543
2200 2540
2206 2517
2223 2513
2224 2510
2230 2504
2242 2502
2244 2501
2247 2486
2250 2483
2255 2467
2272 2463
2273 2460
2277 2455
2285 2450
2287 2449
2290 2434
2298 2433
2307 2430
2308 2427
2311 2409
2317 2386
2334 2382
2335 2379
2346 2376
2352 2353
2360 2334
2377 2330
2378 2327
2389 2324
2395 2301
2412 2297
2413 2294
2419 2288
2431 2286
2436 2284
2437 2279
2439 2267
2445 2260
2458 2258
2462 2256
2463 2253
2466 2239
2474 2234
2480 2227
2488 2226
2497 2223
2498 2220
2501 2202
2507 2179
2524 2175
2525 2172
2536 2169
2542 2146
2550 2127
2567 2123
2568 2120
2579 2117
2585 2094
2602 2090
2603 2087
2609 2081
2621 2079
2626 2077
2627 2074
2629 2060
2646 2056
2647 2053
2648 2051
2656 2032
2664 2027
2674 2025
2681 2023
2682 2020
2688 2014
2691 1999
2708 1995
2709 1992
2715 1986
2732 1982
2733 1979
2750 1975
2752 1961
2765 1953
2772 1952
2779 1933
2796 1929
2797 1926
2814 1919
2824 1911
2838 1906
2842 1904
2848 1898
2853 1887
2860 1886
2870 1883
2871 1880
2878 1879
2885 1873
2895 1872
2898 1865
2902 1853
2912 1845
2929 1841
2930 1838
2947 1831
2961 1829
2964 1827
2965 1824
2971 1818
2976 1807
2983 1806
2986 1799
2993 1798
3003 1795
3004 1792
3011 1791
3021 1785
3028 1784
3035 1765
3052 1761
3053 1758
3067 1752
3084 1748
3085 1745
3097 1742
3102 1738
3109 1719
3116 1718
3126 1715
3127 1712
3134 1711
3144 1708
3151 1707
3163 1704
3164 1701
3178 1695
3190 1672
3207 1668
3208 1665
3220 1662
3225 1661
3237 1658
3238 1655
3245 1654
3255 1651
3256 1650
3263 1649
3273 1646
3280 1645
3290 1643
3291 1640
3293 1638
3301 1615
3318 1611
3319 1608
3336 1604
3337 1603
3349 1600
3354 1599
3366 1596
3367 1593
3374 1592
3384 1589
3391 1588
3404 1581
3420 1578
3421 1577
3422 1574
3430 1553
3447 1549
3448 1546
3465 1542
3482 1541
3499 1537
3500 1534
3517 1530
3527 1529
3533 1519
3550 1515
3551 1512
3568 1508
3600 1496
3617 1492
3618 1489
3635 1485
3652 1484
3669 1480
3670 1477
3687 1473
3697 1472
3703 1462
3720 1458
3721 1455
3738 1451
3773 1446
3782 1445
3790 1442
3791 1439
3800 1438
3808 1435
3817 1434
3836 1429
3853 1425
3854 1422
3871 1418
3912 1416
3913 1414
3930 1410
3931 1407
3948 1403
3979 1396
3996 1392
4008 1391
4025 1387
4046 1386
4049 1380
4058 1379
4066 1376
4075 1375
4099 1373
4100 1370
4112 1363
4129 1359
4170 1357
4177 1355
4189 1348
4206 1344
4242 1340
4254 1339
4271 1335
4295 1328
4304 1327
4312 1324
4321 1323
4348 1320
4358 1311
4375 1307
4416 1305
4435 1296
4452 1292
4493 1290
4498 1288
4537 1286
4538 1285
4541 1278
4558 1277
4575 1273
4607 1270
4616 1269
4640 1267
4641 1264
4653 1257
4670 1253
4711 1251
4718 1249
4730 1242
4747 1238
4783 1234
4795 1233
4812 1229
4836 1222
4845 1221
4853 1218
4862 1217
4889 1214
4899 1205
4916 1201
4957 1199
4976 1190
4993 1186
5034 1184
5039 1182
5079 1179
5082 1172
5099 1171
5116 1167
5157 1165
5198 1159
5205 1153
5246 1151
5292 1149
5318 1147
5321 1140
5366 1139
5367 1138
5407 1137
5442 1134
5460 1131
5477 1130
5482 1126
5504 1125
5528 1124
5535 1122
5576 1118
5583 1112
5624 1110
5651 1109
5670 1108
5696 1106
5699 1099
5744 1098
5745 1097
5785 1096
5812 1095
5820 1093
5860 1085
5882 1084
5906 1083
5923 1082
5950 1081
5969 1080
5981 1079
5995 1078
5998 1071
6030 1070
6044 1069
6076 1068
6111 1067
6119 1065
6151 1064
6159 1057
6191 1056
6205 1055
6237 1054
6254 1053
6280 1051
6312 1050
6326 1049
6329 1042
6374 1041
6375 1040
6415 1039
6442 1038
6450 1036
6490 1028
6536 1026
6568 1025
6611 1022
6657 1020
6682 1017
6728 1015
6760 1014
6803 1011
6849 1009
6881 1008
6943 1006
6989 1004
7021 1003
7064 1000
7110 998
7142 997
7227 996
7235 995
7320 994
7329 992
7356 989
7441 988
7496 984
7581 983
7617 978
7702 977
7761 976
7846 975
7882 970
7967 969
8086 968
8094 965
8179 964
8226 963
8311 962
8347 957
8432 956
8491 955
8576 954
8612 949
8697 948
8831 946
8916 945
8917 943
9061 941
9096 938
9181 937
9182 935
9401 932
9545 930
9666 924
