50 1225
0 1 692 756
0 2 216 82
0 3 344 292
0 4 105 156
0 5 721 753
0 6 354 534
0 7 103 70
0 8 502 530
0 9 658 587
0 10 677 937
0 11 853 638
0 12 631 342
0 13 96 28
0 14 880 994
0 15 77 643
0 16 813 867
0 17 954 837
0 18 286 337
0 19 342 403
0 20 871 751
0 21 318 599
0 22 390 478
0 23 855 833
0 24 301 164
0 25 966 924
0 26 690 664
0 27 584 658
0 28 706 798
0 29 861 892
0 30 399 234
0 31 535 579
0 32 458 318
0 33 198 152
0 34 233 194
0 35 916 870
0 36 237 69
0 37 797 521
0 38 900 982
0 39 147 73
0 40 240 53
0 41 609 737
0 42 649 689
0 43 911 755
0 44 608 230
0 45 114 428
0 46 298 455
0 47 785 955
0 48 49 164
0 49 121 83
1 2 761 339
1 3 629 830
1 4 421 566
1 5 534 562
1 6 458 147
1 7 133 70
1 8 539 886
1 9 771 829
1 10 202 147
1 11 91 22
1 12 349 144
1 13 445 404
1 14 968 940
1 15 629 525
1 16 422 795
1 17 838 611
1 18 904 840
1 19 820 758
1 20 81 568
1 21 169 292
1 22 923 645
1 23 465 756
1 24 539 458
1 25 77 352
1 26 631 840
1 27 126 317
1 28 849 620
1 29 492 111
1 30 912 775
1 31 709 768
1 32 831 838
1 33 847 690
1 34 443 460
1 35 963 994
1 36 130 213
1 37 742 437
1 38 817 937
1 39 611 410
1 40 533 350
1 41 778 742
1 42 164 133
1 43 755 842
1 44 389 386
1 45 980 973
1 46 525 517
1 47 950 897
1 48 933 932
1 49 541 206
2 3 186 237
2 4 623 656
2 5 893 743
2 6 616 546
2 7 482 246
2 8 265 134
2 9 594 600
2 10 216 450
2 11 170 394
2 12 790 925
2 13 487 766
2 14 821 797
2 15 941 896
2 16 791 925
2 17 339 612
2 18 931 741
2 19 531 284
2 20 131 120
2 21 655 397
2 22 311 602
2 23 135 237
2 24 920 859
2 25 895 919
2 26 421 568
2 27 535 907
2 28 323 460
2 29 912 926
2 30 435 482
2 31 464 683
2 32 341 203
2 33 678 348
2 34 67 75
2 35 252 380
2 36 797 757
2 37 695 429
2 38 57 103
2 39 188 104
2 40 486 775
2 41 535 753
2 42 453 411
2 43 778 849
2 44 146 339
2 45 184 274
2 46 311 245
2 47 379 488
2 48 29 33
2 49 846 735
3 4 312 396
3 5 394 497
3 6 65 117
3 7 991 997
3 8 577 662
3 9 822 700
3 10 590 450
3 11 260 53
3 12 811 650
3 13 814 973
3 14 978 899
3 15 985 933
3 16 399 208
3 17 991 909
3 18 886 963
3 19 299 772
3 20 195 203
3 21 94 178
3 22 777 761
3 23 397 645
3 24 721 808
3 25 557 267
3 26 633 392
3 27 338 386
3 28 716 690
3 29 704 716
3 30 670 832
3 31 474 453
3 32 506 339
3 33 330 405
3 34 925 940
3 35 320 97
3 36 846 726
3 37 528 396
3 38 780 804
3 39 237 489
3 40 971 988
3 41 238 591
3 42 862 804
3 43 744 646
3 44 459 381
3 45 56 10
3 46 107 76
3 47 792 930
3 48 125 242
3 49 96 203
4 5 325 126
4 6 166 596
4 7 793 928
4 8 932 713
4 9 336 311
4 10 522 447
4 11 120 332
4 12 528 382
4 13 420 89
4 14 839 877
4 15 460 485
4 16 152 153
4 17 262 86
4 18 616 575
4 19 310 131
4 20 865 381
4 21 643 821
4 22 414 600
4 23 142 397
4 24 332 475
4 25 791 842
4 26 419 686
4 27 933 942
4 28 797 910
4 29 912 959
4 30 166 419
4 31 733 609
4 32 621 690
4 33 858 765
4 34 183 536
4 35 576 483
4 36 166 262
4 37 625 504
4 38 338 291
4 39 452 350
4 40 928 878
4 41 341 274
4 42 362 239
4 43 103 54
4 44 377 368
4 45 477 563
4 46 96 130
4 47 65 61
4 48 733 758
4 49 463 302
5 6 453 584
5 7 520 271
5 8 582 528
5 9 823 766
5 10 918 703
5 11 550 563
5 12 294 245
5 13 721 447
5 14 901 914
5 15 781 944
5 16 344 716
5 17 317 261
5 18 64 201
5 19 216 214
5 20 543 707
5 21 281 153
5 22 18 115
5 23 275 181
5 24 562 461
5 25 374 596
5 26 854 832
5 27 599 568
5 28 404 211
5 29 864 957
5 30 115 202
5 31 135 304
5 32 715 580
5 33 736 752
5 34 638 717
5 35 517 463
5 36 544 464
5 37 92 106
5 38 399 633
5 39 951 849
5 40 178 207
5 41 348 369
5 42 214 315
5 43 426 792
5 44 620 403
5 45 232 533
5 46 909 799
5 47 128 509
5 48 401 764
5 49 841 756
6 7 892 621
6 8 165 87
6 9 460 814
6 10 424 514
6 11 160 281
6 12 822 885
6 13 165 104
6 14 925 740
6 15 585 599
6 16 870 980
6 17 464 833
6 18 534 143
6 19 197 39
6 20 525 746
6 21 242 172
6 22 277 206
6 23 528 803
6 24 815 869
6 25 28 46
6 26 798 725
6 27 801 858
6 28 908 920
6 29 201 219
6 30 287 178
6 31 794 851
6 32 633 731
6 33 61 21
6 34 870 928
6 35 263 144
6 36 719 203
6 37 174 153
6 38 189 386
6 39 501 558
6 40 981 998
6 41 203 507
6 42 248 276
6 43 829 922
6 44 171 464
6 45 899 925
6 46 468 481
6 47 345 140
6 48 392 248
6 49 311 647
7 8 205 40
7 9 349 549
7 10 413 687
7 11 142 572
7 12 353 123
7 13 175 204
7 14 713 425
7 15 141 170
7 16 803 945
7 17 262 577
7 18 417 389
7 19 608 674
7 20 725 787
7 21 479 590
7 22 118 2
7 23 766 426
7 24 788 776
7 25 722 779
7 26 44 61
7 27 392 864
7 28 119 283
7 29 271 122
7 30 671 713
7 31 403 447
7 32 918 789
7 33 132 226
7 34 161 517
7 35 21 4
7 36 173 625
7 37 941 985
7 38 602 412
7 39 911 735
7 40 549 780
7 41 411 695
7 42 204 82
7 43 716 794
7 44 392 602
7 45 611 249
7 46 899 799
7 47 860 902
7 48 664 659
7 49 309 420
8 9 335 166
8 10 184 246
8 11 516 694
8 12 118 87
8 13 554 377
8 14 459 85
8 15 295 366
8 16 701 831
8 17 443 311
8 18 956 983
8 19 469 193
8 20 187 330
8 21 56 703
8 22 229 353
8 23 808 607
8 24 377 131
8 25 442 251
8 26 159 37
8 27 69 71
8 28 490 723
8 29 92 379
8 30 280 197
8 31 680 553
8 32 947 931
8 33 292 371
8 34 260 172
8 35 484 767
8 36 189 431
8 37 558 675
8 38 81 74
8 39 56 20
8 40 834 841
8 41 994 963
8 42 555 289
8 43 72 476
8 44 969 898
8 45 933 980
8 46 2 25
8 47 197 86
8 48 120 159
8 49 97 163
9 10 337 424
9 11 827 953
9 12 478 515
9 13 734 789
9 14 674 822
9 15 330 475
9 16 15 119
9 17 339 433
9 18 536 566
9 19 816 637
9 20 855 506
9 21 242 283
9 22 445 303
9 23 290 105
9 24 517 462
9 25 685 217
9 26 371 295
9 27 606 847
9 28 183 461
9 29 618 673
9 30 624 664
9 31 285 635
9 32 77 171
9 33 417 519
9 34 907 840
9 35 808 980
9 36 305 337
9 37 588 302
9 38 217 516
9 39 513 354
9 40 872 688
9 41 744 965
9 42 459 773
9 43 305 574
9 44 567 440
9 45 76 40
9 46 203 467
9 47 706 569
9 48 607 726
9 49 704 742
10 11 820 577
10 12 637 420
10 13 987 948
10 14 244 728
10 15 662 440
10 16 739 605
10 17 648 838
10 18 354 231
10 19 302 832
10 20 390 169
10 21 495 191
10 22 782 538
10 23 414 110
10 24 87 99
10 25 530 215
10 26 161 303
10 27 501 171
10 28 28 7
10 29 402 343
10 30 943 831
10 31 54 77
10 32 157 484
10 33 247 306
10 34 817 764
10 35 309 446
10 36 686 392
10 37 239 648
10 38 542 551
10 39 986 860
10 40 560 589
10 41 929 880
10 42 195 350
10 43 560 499
10 44 463 375
10 45 123 256
10 46 788 196
10 47 951 817
10 48 553 889
10 49 117 68
11 12 14 53
11 13 746 871
11 14 582 349
11 15 507 650
11 16 72 105
11 17 26 176
11 18 310 271
11 19 883 642
11 20 728 409
11 21 890 793
11 22 476 635
11 23 374 296
11 24 105 253
11 25 796 655
11 26 639 572
11 27 1 3
11 28 30 265
11 29 920 983
11 30 488 581
11 31 998 994
11 32 904 813
11 33 688 719
11 34 527 405
11 35 31 70
11 36 366 233
11 37 920 819
11 38 976 935
11 39 431 842
11 40 80 156
11 41 835 934
11 42 488 807
11 43 811 585
11 44 890 951
11 45 842 924
11 46 527 845
11 47 21 21
11 48 61 39
11 49 537 89
12 13 873 388
12 14 970 947
12 15 867 659
12 16 271 203
12 17 238 123
12 18 990 988
12 19 498 219
12 20 897 407
12 21 716 361
12 22 778 886
12 23 932 850
12 24 168 130
12 25 519 650
12 26 274 113
12 27 60 145
12 28 279 55
12 29 947 976
12 30 895 932
12 31 515 246
12 32 581 377
12 33 160 14
12 34 850 787
12 35 481 728
12 36 251 384
12 37 426 333
12 38 411 94
12 39 894 969
12 40 946 946
12 41 406 329
12 42 238 188
12 43 199 602
12 44 531 179
12 45 507 612
12 46 871 893
12 47 6 19
12 48 770 798
12 49 714 827
13 14 371 360
13 15 200 187
13 16 37 37
13 17 85 168
13 18 651 498
13 19 108 479
13 20 470 920
13 21 64 118
13 22 380 311
13 23 608 390
13 24 716 658
13 25 305 292
13 26 477 151
13 27 827 924
13 28 83 62
13 29 856 742
13 30 181 36
13 31 975 969
13 32 379 116
13 33 59 22
13 34 118 160
13 35 451 145
13 36 282 366
13 37 982 986
13 38 793 378
13 39 449 380
13 40 977 978
13 41 377 213
13 42 650 477
13 43 612 728
13 44 650 703
13 45 321 156
13 46 169 491
13 47 951 956
13 48 454 184
13 49 527 259
14 15 714 197
14 16 604 886
14 17 352 532
14 18 762 846
14 19 784 835
14 20 29 38
14 21 708 663
14 22 898 962
14 23 604 643
14 24 996 972
14 25 247 57
14 26 998 972
14 27 712 789
14 28 363 942
14 29 345 527
14 30 601 273
14 31 356 208
14 32 358 406
14 33 723 760
14 34 104 317
14 35 343 513
14 36 489 573
14 37 675 605
14 38 864 424
14 39 716 936
14 40 130 338
14 41 471 428
14 42 474 635
14 43 740 665
14 44 797 585
14 45 180 409
14 46 582 776
14 47 123 280
14 48 929 832
14 49 878 596
15 16 896 836
15 17 447 527
15 18 972 864
15 19 945 975
15 20 626 919
15 21 84 284
15 22 488 171
15 23 811 902
15 24 103 140
15 25 874 645
15 26 387 714
15 27 413 802
15 28 331 53
15 29 943 732
15 30 841 972
15 31 425 221
15 32 65 35
15 33 540 278
15 34 950 967
15 35 380 645
15 36 938 963
15 37 682 442
15 38 728 657
15 39 90 292
15 40 807 571
15 41 513 825
15 42 693 351
15 43 852 863
15 44 417 735
15 45 893 913
15 46 118 234
15 47 263 347
15 48 826 444
15 49 939 870
16 17 468 627
16 18 382 170
16 19 183 454
16 20 962 697
16 21 455 769
16 22 263 330
16 23 299 207
16 24 451 539
16 25 64 290
16 26 531 603
16 27 457 471
16 28 107 473
16 29 629 785
16 30 403 489
16 31 981 997
16 32 211 242
16 33 532 524
16 34 333 672
16 35 435 155
16 36 513 666
16 37 184 71
16 38 285 215
16 39 32 95
16 40 754 479
16 41 915 946
16 42 321 467
16 43 436 727
16 44 422 221
16 45 911 630
16 46 418 355
16 47 271 360
16 48 130 397
16 49 4 30
17 18 360 401
17 19 624 562
17 20 21 159
17 21 701 549
17 22 643 440
17 23 415 542
17 24 291 365
17 25 353 541
17 26 346 551
17 27 298 125
17 28 247 269
17 29 987 965
17 30 464 602
17 31 485 401
17 32 198 148
17 33 66 86
17 34 367 718
17 35 451 309
17 36 906 915
17 37 799 519
17 38 693 970
17 39 671 554
17 40 12 105
17 41 111 83
17 42 722 456
17 43 978 860
17 44 275 228
17 45 632 411
17 46 232 57
17 47 228 166
17 48 231 292
17 49 456 341
18 19 84 87
18 20 108 124
18 21 704 469
18 22 709 631
18 23 742 655
18 24 381 322
18 25 956 909
18 26 286 352
18 27 217 169
18 28 959 965
18 29 282 695
18 30 923 448
18 31 174 23
18 32 923 891
18 33 812 912
18 34 94 5
18 35 902 614
18 36 511 566
18 37 615 762
18 38 600 443
18 39 819 735
18 40 938 993
18 41 173 562
18 42 407 501
18 43 401 369
18 44 921 936
18 45 462 735
18 46 183 238
18 47 630 415
18 48 935 818
18 49 799 747
19 20 654 464
19 21 842 912
19 22 33 38
19 23 237 115
19 24 436 484
19 25 124 328
19 26 244 95
19 27 453 363
19 28 902 861
19 29 334 380
19 30 446 524
19 31 139 16
19 32 207 230
19 33 863 703
19 34 860 845
19 35 193 254
19 36 971 871
19 37 316 515
19 38 246 409
19 39 263 274
19 40 903 879
19 41 127 246
19 42 851 959
19 43 357 224
19 44 808 892
19 45 475 399
19 46 592 492
19 47 731 807
19 48 511 202
19 49 330 174
20 21 950 798
20 22 728 741
20 23 987 905
20 24 499 322
20 25 970 997
20 26 347 341
20 27 995 960
20 28 233 409
20 29 613 608
20 30 644 729
20 31 309 307
20 32 399 553
20 33 716 386
20 34 680 863
20 35 108 227
20 36 837 438
20 37 146 178
20 38 225 88
20 39 280 396
20 40 738 689
20 41 274 426
20 42 970 929
20 43 734 512
20 44 484 508
20 45 506 581
20 46 473 380
20 47 565 617
20 48 682 806
20 49 514 775
21 22 199 197
21 23 878 987
21 24 752 587
21 25 507 528
21 26 115 78
21 27 615 919
21 28 398 750
21 29 873 818
21 30 800 930
21 31 472 158
21 32 584 776
21 33 718 623
21 34 488 344
21 35 315 640
21 36 121 158
21 37 907 910
21 38 259 201
21 39 14 1
21 40 75 11
21 41 148 99
21 42 73 41
21 43 387 608
21 44 253 360
21 45 600 512
21 46 507 740
21 47 101 154
21 48 140 183
21 49 464 666
22 23 228 432
22 24 313 567
22 25 588 801
22 26 888 653
22 27 5 4
22 28 79 148
22 29 787 896
22 30 939 980
22 31 542 756
22 32 706 844
22 33 240 202
22 34 648 195
22 35 236 672
22 36 386 455
22 37 282 171
22 38 623 846
22 39 979 971
22 40 848 678
22 41 41 25
22 42 643 903
22 43 580 537
22 44 774 744
22 45 993 961
22 46 979 942
22 47 52 97
22 48 192 179
22 49 133 182
23 24 764 485
23 25 874 512
23 26 726 601
23 27 816 814
23 28 10 275
23 29 832 919
23 30 408 448
23 31 782 882
23 32 353 312
23 33 898 861
23 34 835 910
23 35 725 601
23 36 661 679
23 37 691 707
23 38 986 920
23 39 720 742
23 40 914 701
23 41 882 877
23 42 647 719
23 43 322 477
23 44 550 588
23 45 775 717
23 46 879 818
23 47 134 257
23 48 640 813
23 49 733 784
24 25 815 702
24 26 975 959
24 27 8 21
24 28 479 668
24 29 817 886
24 30 102 308
24 31 565 678
24 32 425 228
24 33 634 615
24 34 253 36
24 35 801 631
24 36 896 359
24 37 808 366
24 38 851 486
24 39 212 157
24 40 687 806
24 41 204 260
24 42 551 495
24 43 349 313
24 44 207 508
24 45 324 424
24 46 169 206
24 47 694 522
24 48 548 932
24 49 279 198
25 26 319 509
25 27 43 184
25 28 129 278
25 29 421 271
25 30 131 205
25 31 697 351
25 32 335 222
25 33 381 802
25 34 426 593
25 35 718 557
25 36 809 488
25 37 920 856
25 38 696 824
25 39 960 963
25 40 495 653
25 41 238 210
25 42 831 889
25 43 341 675
25 44 255 148
25 45 706 817
25 46 920 790
25 47 629 158
25 48 594 81
25 49 715 636
26 27 1000 992
26 28 409 678
26 29 161 445
26 30 765 680
26 31 366 148
26 32 729 502
26 33 887 788
26 34 564 367
26 35 413 363
26 36 763 635
26 37 209 132
26 38 756 909
26 39 198 114
26 40 619 626
26 41 882 821
26 42 772 382
26 43 552 414
26 44 690 439
26 45 453 363
26 46 921 845
26 47 847 884
26 48 982 975
26 49 340 266
27 28 729 884
27 29 536 503
27 30 194 135
27 31 956 988
27 32 693 320
27 33 314 169
27 34 370 456
27 35 892 814
27 36 935 959
27 37 488 283
27 38 641 691
27 39 475 706
27 40 59 21
27 41 616 653
27 42 282 205
27 43 688 509
27 44 494 205
27 45 196 186
27 46 368 490
27 47 876 753
27 48 329 643
27 49 815 829
28 29 813 844
28 30 680 912
28 31 686 508
28 32 503 297
28 33 582 606
28 34 403 322
28 35 999 959
28 36 887 657
28 37 94 13
28 38 756 591
28 39 58 530
28 40 877 517
28 41 173 185
28 42 123 41
28 43 831 556
28 44 138 478
28 45 344 753
28 46 515 376
28 47 236 224
28 48 44 61
28 49 112 169
29 30 103 296
29 31 493 247
29 32 363 336
29 33 464 714
29 34 241 92
29 35 320 739
29 36 666 760
29 37 606 832
29 38 284 588
29 39 107 127
29 40 442 713
29 41 457 741
29 42 239 216
29 43 207 56
29 44 643 514
29 45 884 807
29 46 822 871
29 47 196 236
29 48 634 616
29 49 608 500
30 31 989 976
30 32 584 297
30 33 362 336
30 34 681 864
30 35 599 752
30 36 288 514
30 37 786 701
30 38 129 238
30 39 648 728
30 40 494 337
30 41 811 528
30 42 703 611
30 43 680 642
30 44 331 333
30 45 860 886
30 46 63 264
30 47 214 476
30 48 994 945
30 49 577 404
31 32 353 872
31 33 878 974
31 34 282 69
31 35 990 958
31 36 850 573
31 37 275 451
31 38 844 897
31 39 384 165
31 40 626 500
31 41 205 259
31 42 538 775
31 43 645 646
31 44 91 207
31 45 203 106
31 46 362 392
31 47 682 515
31 48 99 422
31 49 953 849
32 33 247 302
32 34 291 477
32 35 547 748
32 36 179 309
32 37 776 620
32 38 825 817
32 39 35 101
32 40 282 751
32 41 547 887
32 42 795 934
32 43 901 863
32 44 729 671
32 45 469 214
32 46 640 742
32 47 728 712
32 48 846 851
32 49 452 305
33 34 8 31
33 35 475 391
33 36 96 190
33 37 24 99
33 38 150 280
33 39 249 327
33 40 200 498
33 41 191 362
33 42 372 229
33 43 955 861
33 44 667 457
33 45 533 332
33 46 328 331
33 47 11 22
33 48 446 554
33 49 968 969
34 35 528 628
34 36 707 879
34 37 406 262
34 38 676 679
34 39 609 790
34 40 914 655
34 41 736 374
34 42 615 640
34 43 757 711
34 44 175 346
34 45 659 649
34 46 109 177
34 47 998 995
34 48 32 60
34 49 802 665
35 36 621 862
35 37 451 627
35 38 237 219
35 39 150 314
35 40 494 572
35 41 521 804
35 42 874 844
35 43 857 902
35 44 551 584
35 45 428 413
35 46 600 949
35 47 543 682
35 48 426 619
35 49 918 843
36 37 123 50
36 38 505 408
36 39 945 503
36 40 225 68
36 41 576 743
36 42 951 925
36 43 439 250
36 44 512 307
36 45 199 105
36 46 274 950
36 47 445 598
36 48 540 369
36 49 238 274
37 38 802 976
37 39 308 57
37 40 150 56
37 41 749 659
37 42 41 93
37 43 115 500
37 44 557 372
37 45 666 733
37 46 732 393
37 47 269 347
37 48 289 190
37 49 998 957
38 39 959 527
38 40 987 978
38 41 240 736
38 42 623 719
38 43 759 514
38 44 545 229
38 45 781 599
38 46 65 134
38 47 921 701
38 48 670 514
38 49 401 245
39 40 446 222
39 41 976 989
39 42 185 189
39 43 452 462
39 44 672 726
39 45 283 338
39 46 123 353
39 47 260 228
39 48 134 17
39 49 71 132
40 41 982 991
40 42 352 475
40 43 875 768
40 44 847 746
40 45 517 568
40 46 208 341
40 47 830 965
40 48 340 371
40 49 130 415
41 42 731 647
41 43 8 11
41 44 600 365
41 45 25 46
41 46 890 983
41 47 704 531
41 48 170 176
41 49 332 108
42 43 448 534
42 44 844 947
42 45 377 266
42 46 980 955
42 47 445 852
42 48 144 36
42 49 123 149
43 44 793 673
43 45 64 105
43 46 278 449
43 47 3 30
43 48 310 304
43 49 28 25
44 45 894 653
44 46 311 233
44 47 100 254
44 48 557 218
44 49 66 227
45 46 206 273
45 47 511 540
45 48 853 820
45 49 406 427
46 47 701 848
46 48 150 135
46 49 739 456
47 48 969 976
47 49 749 492
48 49 45 274
0
265
1616 4584
1623 4552
1627 4501
1630 4254
1637 4222
1641 4171
1644 4050
1645 4002
1652 3970
1655 3967
1659 3798
1666 3766
1677 3635
1684 3603
1689 3602
1696 3570
1697 3521
1704 3489
1707 3439
1714 3407
1724 3381
1730 3366
1731 3349
1734 3299
1740 3284
1741 3267
1747 3252
1757 3226
1764 3194
1767 3144
1774 3112
1790 3102
1796 3097
1798 3083
1806 3060
1811 3058
1814 3008
1821 2976
1837 2966
1843 2961
1845 2947
1853 2924
1862 2922
1864 2892
1886 2877
1888 2863
1896 2840
1913 2834
1916 2830
1918 2825
1920 2811
1932 2780
1939 2748
1955 2738
1961 2733
1963 2719
1971 2696
1980 2694
1982 2664
2004 2649
2006 2635
2014 2612
2031 2606
2036 2597
2038 2583
2052 2578
2055 2577
2060 2568
2063 2563
2067 2556
2075 2533
2084 2526
2097 2518
2099 2504
2108 2497
2121 2489
2124 2484
2128 2483
2130 2482
2133 2477
2137 2470
2145 2447
2167 2432
2169 2418
2191 2403
2194 2398
2198 2397
2216 2383
2220 2382
2223 2377
2245 2362
2254 2357
2256 2350
2269 2347
2276 2342
2278 2335
2281 2330
2285 2329
2294 2327
2298 2326
2301 2322
2303 2315
2307 2314
2310 2309
2323 2306
2330 2301
2332 2294
2341 2289
2354 2286
2356 2279
2363 2274
2366 2269
2370 2268
2378 2264
2381 2259
2385 2258
2388 2254
2392 2253
2395 2248
2403 2244
2407 2243
2410 2238
2417 2233
2430 2230
2432 2223
2441 2218
2450 2217
2463 2203
2466 2198
2470 2197
2483 2190
2488 2183
2492 2182
2495 2177
2505 2175
2508 2170
2512 2169
2517 2162
2530 2155
2534 2154
2537 2149
2550 2146
2557 2141
2559 2134
2568 2129
2581 2126
2583 2119
2590 2114
2593 2109
2597 2108
2605 2104
2608 2099
2612 2098
2615 2094
2619 2093
2622 2088
2630 2084
2634 2083
2637 2078
2644 2073
2657 2070
2659 2063
2668 2058
2690 2043
2693 2038
2697 2037
2715 2023
2719 2022
2722 2017
2744 2002
2776 1998
2782 1995
2797 1992
2798 1983
2809 1982
2817 1980
2831 1967
2854 1963
2869 1960
2884 1957
2885 1948
2904 1945
2908 1943
2916 1941
2919 1936
2923 1935
2941 1921
2945 1920
2948 1915
2970 1900
3002 1896
3008 1893
3023 1890
3024 1881
3043 1878
3062 1874
3077 1871
3096 1868
3097 1859
3112 1856
3134 1841
3166 1837
3172 1834
3187 1831
3188 1822
3207 1819
3226 1815
3241 1812
3260 1809
3261 1800
3286 1799
3299 1793
3314 1790
3337 1788
3340 1780
3376 1776
3378 1773
3393 1770
3414 1769
3416 1768
3429 1766
3431 1763
3455 1756
3493 1749
3508 1746
3531 1744
3546 1739
3582 1737
3584 1734
3620 1730
3621 1727
3658 1725
3659 1720
3674 1717
3697 1715
3712 1710
3748 1708
3750 1705
3786 1701
3804 1698
3824 1696
3842 1691
3878 1689
3880 1686
3916 1682
3917 1679
3954 1677
3955 1672
3970 1669
3993 1667
4008 1662
4044 1660
4046 1657
4082 1653
4117 1652
4120 1648
4149 1647
4185 1645
4187 1642
4223 1638
4258 1637
4261 1633
4332 1628
4410 1625
4481 1620
