10
0 1 207 705
0 2 258 135
0 3 988 953
0 4 912 510
0 5 294 67
0 6 465 744
0 7 318 35
0 8 500 109
0 9 875 35
1 2 662 960
1 3 986 28
1 4 603 767
1 5 410 321
1 6 549 141
1 7 422 525
1 8 151 917
1 9 612 399
2 3 471 572
2 4 844 804
2 5 587 332
2 6 618 197
2 7 92 683
2 8 911 19
2 9 259 427
3 4 447 749
3 5 760 661
3 6 563 676
3 7 881 558
3 8 247 850
3 9 970 955
4 5 349 576
4 6 123 251
4 7 945 737
4 8 216 974
4 9 249 349
5 6 893 50
5 7 986 139
5 8 572 534
5 9 142 180
6 7 247 933
6 8 26 84
6 9 167 769
7 8 388 337
7 9 941 309
8 9 200 131
0
30
1402 5372
1413 4574
1446 3936
1498 3658
1533 3298
1589 3086
1649 2986
1759 2650
1815 2438
1983 2372
2015 2337
2018 2054
2157 1874
2242 1776
2357 1773
2381 1596
2681 1574
2739 1525
2757 1232
2896 1052
3196 1030
3254 981
3549 936
3629 907
3665 891
3907 865
4242 855
4282 791
4582 769
4975 710
