10
0 1 415 508
0 2 20 79
0 3 991 6
0 4 37 934
0 5 722 390
0 6 977 139
0 7 842 264
0 8 755 464
0 9 830 507
1 2 148 568
1 3 623 38
1 4 377 772
1 5 594 478
1 6 218 389
1 7 430 776
1 8 984 526
1 9 328 988
2 3 844 396
2 4 192 223
2 5 431 71
2 6 272 851
2 7 550 454
2 8 338 96
2 9 678 895
3 4 462 668
3 5 989 471
3 6 76 183
3 7 178 701
3 8 510 556
3 9 988 311
4 5 800 90
4 6 663 178
4 7 528 949
4 8 988 980
4 9 242 231
5 6 45 475
5 7 14 818
5 8 225 904
5 9 38 15
6 7 179 849
6 8 709 895
6 9 994 529
7 8 97 258
7 9 166 225
8 9 80 734
0
42
676 4195
693 3719
717 3561
783 3477
787 3382
845 3126
848 3008
869 2968
872 2850
938 2766
942 2671
1000 2415
1024 2257
1094 2078
1190 1943
1283 1918
1335 1916
1455 1789
1499 1727
1595 1592
1688 1567
1740 1565
1860 1438
1929 1405
2213 1295
2306 1270
2358 1268
2445 1258
2478 1141
2541 1123
2547 1108
2634 1098
2686 1096
2806 969
2875 936
3277 924
3346 891
3414 836
3483 803
4070 798
4315 792
4384 759
