25
0 1 666 868
0 2 474 146
0 3 727 488
0 4 466 76
0 5 937 926
0 6 266 788
0 7 108 840
0 8 726 154
0 9 279 416
0 10 431 195
0 11 871 124
0 12 15 77
0 13 474 502
0 14 392 849
0 15 144 514
0 16 283 18
0 17 768 524
0 18 349 431
0 19 746 879
0 20 27 579
0 21 297 697
0 22 915 648
0 23 188 104
0 24 888 599
1 2 230 954
1 3 353 64
1 4 75 258
1 5 317 48
1 6 565 466
1 7 434 3
1 8 309 681
1 9 129 894
1 10 890 503
1 11 926 681
1 12 490 466
1 13 774 584
1 14 390 662
1 15 75 555
1 16 511 560
1 17 429 905
1 18 837 631
1 19 604 541
1 20 756 15
1 21 213 206
1 22 505 299
1 23 388 370
1 24 534 536
2 3 48 882
2 4 357 649
2 5 187 658
2 6 221 782
2 7 929 218
2 8 61 281
2 9 951 308
2 10 740 310
2 11 199 501
2 12 617 783
2 13 379 210
2 14 834 442
2 15 869 470
2 16 695 732
2 17 695 552
2 18 738 864
2 19 418 623
2 20 443 275
2 21 326 190
2 22 147 614
2 23 383 872
2 24 96 184
3 4 791 712
3 5 148 128
3 6 117 284
3 7 148 384
3 8 643 95
3 9 489 14
3 10 698 203
3 11 799 413
3 12 623 718
3 13 458 892
3 14 538 962
3 15 896 815
3 16 38 67
3 17 719 972
3 18 843 474
3 19 490 510
3 20 271 478
3 21 415 660
3 22 921 194
3 23 400 891
3 24 2 151
4 5 384 102
4 6 933 273
4 7 402 678
4 8 955 243
4 9 685 467
4 10 927 832
4 11 582 594
4 12 457 285
4 13 512 857
4 14 897 937
4 15 881 504
4 16 114 89
4 17 19 296
4 18 145 39
4 19 632 870
4 20 412 274
4 21 929 748
4 22 216 834
4 23 534 847
4 24 464 390
5 6 485 876
5 7 985 712
5 8 297 618
5 9 709 899
5 10 582 51
5 11 388 475
5 12 101 182
5 13 48 596
5 14 350 940
5 15 740 534
5 16 742 580
5 17 603 961
5 18 57 528
5 19 231 905
5 20 423 71
5 21 485 649
5 22 227 243
5 23 379 693
5 24 611 724
6 7 302 242
6 8 925 652
6 9 944 905
6 10 144 930
6 11 626 113
6 12 436 254
6 13 233 426
6 14 678 825
6 15 7 467
6 16 139 592
6 17 315 664
6 18 156 949
6 19 793 555
6 20 165 689
6 21 829 861
6 22 187 618
6 23 729 151
6 24 831 956
7 8 851 29
7 9 159 49
7 10 850 648
7 11 856 945
7 12 379 418
7 13 961 178
7 14 591 499
7 15 720 378
7 16 704 51
7 17 271 387
7 18 392 374
7 19 66 754
7 20 181 237
7 21 276 251
7 22 715 478
7 23 920 979
7 24 62 300
8 9 617 551
8 10 896 282
8 11 839 785
8 12 647 12
8 13 331 234
8 14 881 908
8 15 306 186
8 16 542 185
8 17 319 668
8 18 210 616
8 19 591 584
8 20 706 163
8 21 927 419
8 22 790 623
8 23 611 993
8 24 999 828
9 10 741 444
9 11 905 863
9 12 347 742
9 13 293 124
9 14 859 202
9 15 406 805
9 16 288 600
9 17 115 894
9 18 396 908
9 19 994 914
9 20 393 682
9 21 776 857
9 22 611 735
9 23 706 718
9 24 501 681
10 11 578 948
10 12 782 565
10 13 811 268
10 14 765 665
10 15 888 810
10 16 93 566
10 17 714 771
10 18 609 939
10 19 257 185
10 20 379 997
10 21 888 538
10 22 275 519
10 23 403 564
10 24 442 900
11 12 794 326
11 13 157 803
11 14 404 21
11 15 782 571
11 16 401 274
11 17 746 977
11 18 404 819
11 19 266 308
11 20 422 73
11 21 211 402
11 22 84 139
11 23 833 366
11 24 464 527
12 13 196 696
12 14 292 700
12 15 111 296
12 16 616 845
12 17 218 34
12 18 745 823
12 19 127 67
12 20 541 573
12 21 681 988
12 22 337 36
12 23 911 32
12 24 490 437
13 14 685 307
13 15 256 539
13 16 222 347
13 17 436 476
13 18 360 196
13 19 498 335
13 20 380 62
13 21 700 331
13 22 733 972
13 23 27 295
13 24 677 132
14 15 833 424
14 16 124 195
14 17 937 543
14 18 610 785
14 19 141 372
14 20 790 100
14 21 365 133
14 22 622 23
14 23 811 553
14 24 86 218
15 16 956 509
15 17 451 750
15 18 807 633
15 19 70 978
15 20 333 459
15 21 211 567
15 22 452 484
15 23 701 708
15 24 948 186
16 17 975 506
16 18 262 236
16 19 878 503
16 20 538 850
16 21 387 709
16 22 816 783
16 23 690 677
16 24 477 793
17 18 777 131
17 19 931 922
17 20 118 119
17 21 964 833
17 22 244 963
17 23 302 263
17 24 996 24
18 19 803 112
18 20 510 442
18 21 335 725
18 22 781 191
18 23 381 74
18 24 467 205
19 20 293 978
19 21 641 241
19 22 11 557
19 23 625 421
19 24 325 192
20 21 990 900
20 22 350 816
20 23 461 560
20 24 482 68
21 22 221 950
21 23 3 617
21 24 969 564
22 23 343 476
22 24 744 129
23 24 808 733
0
292
1298 11077
1301 10533
1308 10356
1317 10304
1335 10276
1340 10067
1345 9644
1352 9467
1361 9415
1379 9387
1384 9222
1388 9208
1389 8799
1396 8622
1405 8570
1423 8542
1431 8528
1432 8363
1437 8101
1444 7924
1453 7872
1471 7844
1479 7830
1480 7665
1486 7653
1489 7613
1495 7601
1498 7414
1505 7237
1532 7157
1540 7143
1541 6978
1547 6966
1568 6898
1574 6886
1585 6835
1591 6823
1593 6748
1623 6697
1628 6654
1629 6489
1635 6477
1659 6438
1665 6426
1682 6423
1697 6415
1703 6403
1714 6297
1719 6194
1750 6038
1756 6026
1769 5997
1775 5985
1799 5946
1805 5934
1822 5931
1837 5923
1843 5911
1854 5805
1859 5702
1890 5546
1896 5534
1928 5523
1934 5511
1960 5452
1966 5440
1998 5429
2000 5363
2023 5321
2054 5165
2060 5153
2092 5142
2098 5130
2106 5123
2124 5071
2130 5059
2162 5048
2164 4982
2202 4959
2210 4952
2233 4910
2234 4888
2264 4754
2270 4742
2302 4731
2308 4719
2334 4660
2340 4648
2372 4637
2374 4571
2412 4548
2444 4477
2480 4440
2486 4428
2491 4423
2518 4417
2524 4405
2529 4400
2550 4346
2556 4334
2573 4309
2590 4233
2596 4221
2628 4210
2634 4198
2660 4139
2666 4127
2698 4116
2700 4050
2738 4027
2770 3956
2808 3933
2817 3902
2855 3879
2899 3788
2937 3765
3004 3750
3012 3746
3018 3725
3034 3678
3072 3655
3081 3624
3119 3601
3141 3578
3179 3555
3233 3551
3238 3538
3258 3533
3260 3515
3265 3502
3271 3491
3276 3468
3312 3448
3314 3445
3323 3414
3361 3391
3406 3381
3410 3379
3428 3376
3440 3369
3442 3351
3453 3327
3491 3304
3507 3292
3513 3281
3545 3269
3551 3258
3554 3238
3592 3215
3648 3171
3686 3148
3695 3117
3733 3094
3800 3079
3838 3075
3843 3061
3847 3044
3872 3041
3881 3038
3885 3021
3890 3007
3907 3005
3914 3000
3928 2984
3945 2982
3952 2977
3961 2946
3999 2923
4013 2920
4039 2915
4048 2884
4086 2861
4151 2850
4153 2846
4156 2836
4194 2813
4200 2811
4208 2810
4225 2808
4232 2803
4238 2788
4243 2774
4279 2749
4319 2741
4346 2740
4348 2736
4366 2687
4431 2676
4471 2668
4474 2639
4514 2631
4518 2614
4561 2577
4626 2566
4666 2558
4691 2553
4713 2504
4831 2502
4839 2497
4843 2480
4885 2470
4886 2443
4918 2440
4951 2432
4952 2418
5017 2407
5038 2370
5100 2362
5104 2345
5147 2308
5212 2297
5252 2289
5277 2284
5299 2235
5417 2233
5425 2228
5429 2211
5471 2201
5472 2174
5504 2171
5537 2163
5577 2155
5624 2101
5742 2099
5769 2097
5790 2094
5796 2067
5808 2064
5809 2059
5829 2037
5962 2035
5965 1987
6086 1984
6133 1930
6251 1928
6278 1926
6299 1923
6303 1921
6305 1896
6322 1889
6338 1866
6471 1864
6474 1816
6667 1786
6778 1770
6779 1768
6812 1750
6954 1733
7005 1720
7012 1700
7176 1699
7205 1670
7292 1667
7316 1654
7317 1652
7376 1649
7450 1646
7485 1637
7492 1617
7643 1616
7650 1596
7685 1587
7796 1571
7797 1569
7843 1566
7930 1563
7989 1541
7990 1539
8123 1533
8130 1513
8323 1483
8508 1475
8644 1469
8701 1445
8837 1439
9022 1431
9120 1426
9215 1401
9367 1397
9498 1388
9634 1382
9745 1359
10012 1344
10334 1340
10437 1339
10470 1334
10558 1321
10581 1311
10825 1306
10848 1296
11247 1295
11514 1280
