25
0 1 879 839
0 2 489 316
0 3 319 362
0 4 222 270
0 5 668 334
0 6 266 786
0 7 566 468
0 8 187 316
0 9 242 388
0 10 960 868
0 11 740 6
0 12 188 174
0 13 180 740
0 14 876 879
0 15 345 767
0 16 615 379
0 17 336 87
0 18 733 881
0 19 344 730
0 20 367 233
0 21 36 672
0 22 749 422
0 23 202 969
0 24 278 480
1 2 799 513
1 3 722 324
1 4 382 76
1 5 899 132
1 6 512 146
1 7 488 902
1 8 21 541
1 9 381 535
1 10 403 826
1 11 56 131
1 12 851 725
1 13 554 433
1 14 2 663
1 15 517 190
1 16 980 406
1 17 488 385
1 18 77 254
1 19 308 599
1 20 731 451
1 21 626 638
1 22 228 801
1 23 277 54
1 24 52 886
2 3 857 998
2 4 477 871
2 5 770 730
2 6 362 742
2 7 265 21
2 8 813 518
2 9 543 306
2 10 206 842
2 11 809 695
2 12 264 744
2 13 440 510
2 14 116 231
2 15 416 982
2 16 179 742
2 17 318 285
2 18 777 278
2 19 774 479
2 20 572 483
2 21 346 954
2 22 200 38
2 23 437 855
2 24 584 844
3 4 970 528
3 5 363 433
3 6 897 371
3 7 149 751
3 8 697 694
3 9 745 644
3 10 43 871
3 11 967 657
3 12 342 992
3 13 255 176
3 14 306 256
3 15 86 616
3 16 961 392
3 17 457 757
3 18 75 384
3 19 571 610
3 20 372 361
3 21 338 70
3 22 191 804
3 23 964 116
3 24 650 158
4 5 322 745
4 6 499 307
4 7 189 27
4 8 527 252
4 9 877 577
4 10 564 655
4 11 522 807
4 12 643 942
4 13 111 201
4 14 209 937
4 15 993 579
4 16 320 104
4 17 494 96
4 18 145 840
4 19 300 982
4 20 420 609
4 21 479 741
4 22 532 663
4 23 296 353
4 24 936 429
5 6 141 472
5 7 891 488
5 8 436 671
5 9 972 9
5 10 595 882
5 11 732 317
5 12 190 611
5 13 217 952
5 14 605 1000
5 15 666 182
5 16 366 955
5 17 988 640
5 18 195 942
5 19 801 789
5 20 679 813
5 21 339 553
5 22 813 928
5 23 489 960
5 24 609 837
6 7 852 975
6 8 904 599
6 9 134 625
6 10 898 946
6 11 608 783
6 12 460 707
6 13 669 340
6 14 414 880
6 15 485 214
6 16 15 914
6 17 550 153
6 18 310 784
6 19 798 620
6 20 279 399
6 21 749 769
6 22 933 682
6 23 403 842
6 24 61 679
7 8 123 45
7 9 575 729
7 10 527 919
7 11 113 271
7 12 870 719
7 13 993 517
7 14 945 937
7 15 822 475
7 16 293 882
7 17 528 241
7 18 797 239
7 19 576 185
7 20 913 924
7 21 729 613
7 22 549 472
7 23 478 108
7 24 204 394
8 9 729 891
8 10 725 362
8 11 188 154
8 12 202 426
8 13 545 861
8 14 280 674
8 15 323 877
8 16 434 142
8 17 133 182
8 18 952 138
8 19 651 175
8 20 193 68
8 21 413 254
8 22 388 145
8 23 221 682
8 24 981 2
9 10 283 528
9 11 524 289
9 12 605 14
9 13 719 299
9 14 419 105
9 15 173 221
9 16 750 355
9 17 527 729
9 18 744 57
9 19 514 479
9 20 32 134
9 21 225 641
9 22 891 450
9 23 546 694
9 24 94 378
10 11 657 135
10 12 663 44
10 13 158 889
10 14 338 97
10 15 760 654
10 16 220 54
10 17 91 192
10 18 447 337
10 19 706 990
10 20 207 178
10 21 747 828
10 22 865 401
10 23 810 338
10 24 579 115
11 12 184 92
11 13 211 928
11 14 833 980
11 15 981 298
11 16 643 389
11 17 151 118
11 18 103 224
11 19 220 106
11 20 125 734
11 21 614 159
11 22 345 74
11 23 471 104
11 24 726 78
12 13 81 957
12 14 163 413
12 15 216 928
12 16 1 118
12 17 886 837
12 18 26 20
12 19 193 297
12 20 835 39
12 21 635 761
12 22 942 450
12 23 921 861
12 24 759 51
13 14 950 629
13 15 847 574
13 16 943 719
13 17 264 835
13 18 592 48
13 19 955 992
13 20 150 564
13 21 295 962
13 22 700 388
13 23 992 904
13 24 881 607
14 15 967 471
14 16 591 138
14 17 179 779
14 18 733 628
14 19 897 927
14 20 181 89
14 21 558 536
14 22 99 271
14 23 741 114
14 24 123 718
15 16 450 276
15 17 37 586
15 18 499 989
15 19 132 535
15 20 443 427
15 21 334 146
15 22 407 858
15 23 114 541
15 24 463 592
16 17 635 15
16 18 556 137
16 19 335 877
16 20 776 442
16 21 563 568
16 22 203 261
16 23 519 827
16 24 129 628
17 18 59 27
17 19 771 661
17 20 265 921
17 21 759 205
17 22 404 607
17 23 343 682
17 24 315 929
18 19 347 177
18 20 367 897
18 21 345 789
18 22 966 371
18 23 569 198
18 24 948 31
19 20 878 519
19 21 139 429
19 22 319 666
19 23 616 614
19 24 282 615
20 21 367 808
20 22 660 493
20 23 780 240
20 24 314 754
21 22 336 510
21 23 923 320
21 24 186 108
22 23 798 104
22 24 747 423
23 24 678 735
0
355
1656 10912
1666 10686
1672 10487
1681 10280
1682 10261
1691 10054
1707 9862
1720 9808
1729 9601
1730 9582
1739 9375
1765 9345
1776 9280
1777 9261
1783 9174
1784 9155
1786 9054
1793 8948
1815 8932
1819 8918
1828 8878
1837 8671
1838 8652
1847 8445
1873 8415
1884 8350
1885 8331
1891 8244
1892 8225
1894 8124
1901 8018
1927 7988
1955 7886
1967 7855
1979 7834
1982 7695
2006 7666
2008 7665
2011 7654
2013 7560
2014 7534
2021 7428
2033 7407
2047 7398
2059 7325
2060 7299
2067 7193
2079 7172
2093 7163
2102 7105
2114 7084
2121 7061
2133 7040
2140 7002
2148 6870
2160 6849
2174 6840
2179 6834
2186 6819
2191 6813
2204 6798
2213 6791
2214 6746
2219 6695
2231 6674
2240 6600
2252 6579
2260 6511
2272 6490
2286 6481
2298 6460
2300 6372
2312 6351
2326 6342
2331 6336
2338 6321
2339 6275
2365 6245
2370 6239
2374 6236
2376 6235
2378 6227
2382 6208
2384 6179
2392 6102
2404 6081
2412 6013
2424 5992
2438 5983
2450 5962
2451 5916
2463 5885
2475 5864
2489 5855
2491 5777
2517 5747
2522 5741
2528 5737
2535 5723
2540 5716
2545 5712
2547 5692
2548 5648
2555 5615
2567 5594
2575 5526
2583 5507
2587 5505
2601 5496
2603 5418
2627 5412
2629 5388
2653 5382
2654 5290
2677 5282
2680 5260
2685 5254
2687 5225
2704 5185
2711 5161
2719 5142
2723 5140
2737 5131
2738 5097
2739 5053
2746 5020
2766 4931
2790 4925
2792 4901
2816 4895
2820 4884
2823 4860
2830 4827
2840 4795
2847 4787
2850 4738
2867 4698
2882 4655
2902 4566
2928 4536
2956 4519
2966 4462
2976 4430
2983 4422
2986 4373
3003 4333
3029 4303
3057 4286
3060 4237
3077 4197
3110 4171
3132 4169
3149 4150
3150 4143
3152 4123
3178 4093
3206 4059
3221 4053
3226 3987
3259 3961
3278 3957
3295 3917
3321 3889
3340 3883
3354 3863
3355 3849
3370 3843
3388 3823
3396 3813
3406 3779
3439 3753
3444 3707
3470 3679
3489 3673
3503 3653
3522 3647
3535 3641
3539 3609
3558 3603
3572 3583
3573 3569
3599 3541
3614 3535
3624 3499
3650 3471
3677 3454
3683 3445
3688 3399
3707 3393
3721 3373
3740 3367
3753 3361
3772 3356
3776 3345
3779 3333
3794 3327
3806 3316
3812 3307
3817 3261
3836 3255
3850 3235
3868 3191
3901 3165
3921 3146
3940 3140
3954 3120
3973 3114
3986 3108
3997 3053
4030 3027
4050 3008
4069 3002
4083 2982
4101 2938
4134 2912
4156 2910
4180 2908
4182 2906
4189 2884
4203 2868
4230 2800
4263 2774
4285 2772
4309 2770
4318 2746
4342 2744
4364 2742
4378 2713
4411 2687
4433 2685
4457 2683
4466 2659
4490 2657
4512 2655
4539 2638
4545 2629
4572 2612
4590 2605
4616 2602
4623 2579
4669 2575
4695 2572
4702 2549
4751 2530
4755 2510
4784 2504
4788 2484
4810 2482
4834 2480
4843 2456
4867 2454
4889 2452
4903 2423
4936 2397
4958 2395
4982 2393
4991 2369
5015 2367
5037 2365
5061 2337
5094 2311
5116 2309
5140 2307
5148 2289
5149 2283
5173 2281
5195 2279
5209 2250
5242 2224
5264 2222
5288 2220
5297 2196
5321 2194
5343 2192
5370 2175
5376 2166
5403 2149
5421 2142
5447 2139
5454 2116
5500 2112
5526 2109
5533 2086
5582 2067
5608 2064
5615 2041
5793 2026
5842 2007
5875 1981
5935 1963
5981 1959
6007 1956
6014 1933
6063 1914
6089 1911
6096 1888
6274 1873
6323 1854
6356 1828
6420 1827
6500 1807
6567 1789
6593 1786
6600 1763
6760 1747
6789 1740
6815 1737
6822 1714
6860 1703
7004 1682
7049 1680
7082 1654
7173 1643
7226 1633
7264 1622
7362 1620
7388 1617
7395 1594
7486 1573
7577 1562
7647 1555
7716 1551
7721 1539
7792 1536
7799 1513
7903 1507
7973 1500
8029 1491
8092 1484
8118 1481
8120 1470
8125 1458
8277 1453
8281 1452
8355 1436
8426 1433
8433 1410
8537 1404
8607 1397
8726 1381
8752 1378
8759 1355
8911 1350
9173 1332
9249 1320
9334 1314
9362 1312
9410 1302
9523 1294
9853 1292
9966 1284
10004 1283
10156 1278
10165 1265
10608 1255
