50
0 1 204 922
0 2 630 506
0 3 646 369
0 4 583 605
0 5 661 518
0 6 342 984
0 7 935 196
0 8 744 488
0 9 626 274
0 10 230 664
0 11 77 80
0 12 536 840
0 13 130 97
0 14 335 287
0 15 138 377
0 16 372 653
0 17 25 223
0 18 930 949
0 19 880 283
0 20 715 296
0 21 809 663
0 22 167 545
0 23 424 261
0 24 20 825
0 25 818 721
0 26 191 438
0 27 851 814
0 28 530 897
0 29 985 88
0 30 990 982
0 31 836 984
0 32 380 591
0 33 488 240
0 34 794 908
0 35 405 980
0 36 771 805
0 37 199 204
0 38 140 599
0 39 251 650
0 40 729 58
0 41 774 804
0 42 39 114
0 43 359 653
0 44 425 857
0 45 416 253
0 46 468 145
0 47 185 899
0 48 343 866
0 49 523 94
1 2 783 295
1 3 342 279
1 4 850 535
1 5 289 778
1 6 30 794
1 7 24 545
1 8 330 514
1 9 607 587
1 10 961 206
1 11 148 640
1 12 905 468
1 13 471 113
1 14 315 765
1 15 854 942
1 16 911 365
1 17 900 501
1 18 290 130
1 19 844 206
1 20 539 71
1 21 477 562
1 22 853 23
1 23 79 462
1 24 277 683
1 25 819 481
1 26 500 990
1 27 40 731
1 28 931 749
1 29 634 526
1 30 460 218
1 31 325 338
1 32 277 64
1 33 64 888
1 34 331 274
1 35 927 20
1 36 857 846
1 37 308 822
1 38 391 785
1 39 85 722
1 40 221 764
1 41 354 148
1 42 366 639
1 43 999 536
1 44 30 528
1 45 208 166
1 46 15 842
1 47 818 436
1 48 719 729
1 49 952 958
2 3 430 448
2 4 938 976
2 5 307 430
2 6 158 558
2 7 352 882
2 8 919 979
2 9 280 229
2 10 562 259
2 11 453 953
2 12 928 50
2 13 825 322
2 14 718 332
2 15 756 410
2 16 252 199
2 17 824 147
2 18 617 546
2 19 933 268
2 20 918 293
2 21 132 416
2 22 641 657
2 23 396 573
2 24 11 796
2 25 609 413
2 26 165 151
2 27 740 579
2 28 168 671
2 29 771 415
2 30 559 697
2 31 724 144
2 32 743 443
2 33 909 50
2 34 278 994
2 35 262 840
2 36 738 85
2 37 702 64
2 38 1000 96
2 39 857 206
2 40 556 620
2 41 935 783
2 42 180 564
2 43 318 103
2 44 871 577
2 45 29 564
2 46 450 557
2 47 12 739
2 48 84 231
2 49 748 983
3 4 825 192
3 5 145 357
3 6 365 801
3 7 588 979
3 8 546 39
3 9 502 674
3 10 755 390
3 11 799 518
3 12 879 725
3 13 999 896
3 14 445 744
3 15 977 123
3 16 253 811
3 17 659 113
3 18 240 291
3 19 61 9
3 20 925 893
3 21 302 284
3 22 806 888
3 23 822 990
3 24 171 778
3 25 410 289
3 26 739 172
3 27 556 844
3 28 26 302
3 29 909 254
3 30 666 748
3 31 219 151
3 32 871 931
3 33 270 831
3 34 74 825
3 35 854 805
3 36 1 570
3 37 103 71
3 38 623 152
3 39 654 910
3 40 948 244
3 41 297 328
3 42 911 153
3 43 132 196
3 44 676 886
3 45 589 398
3 46 234 178
3 47 313 361
3 48 865 327
3 49 349 445
4 5 176 695
4 6 928 989
4 7 777 352
4 8 428 984
4 9 669 617
4 10 966 786
4 11 757 280
4 12 392 602
4 13 171 717
4 14 730 994
4 15 955 941
4 16 300 43
4 17 287 879
4 18 163 708
4 19 336 53
4 20 707 760
4 21 672 905
4 22 620 182
4 23 296 586
4 24 562 738
4 25 481 317
4 26 883 302
4 27 116 663
4 28 777 68
4 29 515 243
4 30 832 751
4 31 183 403
4 32 867 127
4 33 120 747
4 34 455 372
4 35 678 462
4 36 1000 832
4 37 897 649
4 38 771 614
4 39 215 23
4 40 637 310
4 41 166 970
4 42 982 589
4 43 167 554
4 44 965 302
4 45 91 797
4 46 683 945
4 47 228 45
4 48 311 904
4 49 673 792
5 6 521 240
5 7 901 234
5 8 273 447
5 9 637 870
5 10 532 2
5 11 517 367
5 12 596 514
5 13 912 879
5 14 304 264
5 15 172 731
5 16 396 565
5 17 763 285
5 18 74 68
5 19 600 987
5 20 415 667
5 21 138 532
5 22 171 100
5 23 891 526
5 24 96 868
5 25 4 832
5 26 759 270
5 27 613 937
5 28 313 780
5 29 108 438
5 30 276 401
5 31 777 439
5 32 299 722
5 33 770 716
5 34 923 897
5 35 76 894
5 36 940 904
5 37 239 675
5 38 68 426
5 39 956 796
5 40 577 553
5 41 868 587
5 42 933 462
5 43 788 913
5 44 7 319
5 45 367 181
5 46 92 785
5 47 381 633
5 48 81 293
5 49 477 394
6 7 77 867
6 8 934 499
6 9 240 913
6 10 816 524
6 11 635 559
6 12 219 606
6 13 229 486
6 14 70 465
6 15 959 452
6 16 77 718
6 17 641 930
6 18 80 579
6 19 88 55
6 20 598 552
6 21 868 215
6 22 569 722
6 23 669 796
6 24 535 62
6 25 392 939
6 26 607 693
6 27 367 355
6 28 921 160
6 29 360 944
6 30 432 413
6 31 916 543
6 32 827 929
6 33 875 520
6 34 870 144
6 35 680 515
6 36 687 503
6 37 242 983
6 38 494 983
6 39 303 531
6 40 181 905
6 41 446 625
6 42 91 841
6 43 784 484
6 44 799 868
6 45 203 86
6 46 583 158
6 47 948 369
6 48 166 851
6 49 746 419
7 8 739 120
7 9 802 679
7 10 579 831
7 11 692 34
7 12 866 661
7 13 422 856
7 14 160 557
7 15 342 69
7 16 626 788
7 17 486 211
7 18 196 957
7 19 84 173
7 20 365 729
7 21 890 354
7 22 911 660
7 23 783 679
7 24 762 729
7 25 786 611
7 26 387 992
7 27 457 459
7 28 5 804
7 29 643 24
7 30 945 985
7 31 541 9
7 32 869 932
7 33 168 261
7 34 237 583
7 35 858 246
7 36 746 397
7 37 740 521
7 38 161 97
7 39 7 990
7 40 310 377
7 41 44 861
7 42 33 278
7 43 168 288
7 44 566 306
7 45 116 678
7 46 429 511
7 47 839 45
7 48 519 479
7 49 430 364
8 9 301 40
8 10 521 695
8 11 874 606
8 12 819 846
8 13 102 917
8 14 166 854
8 15 321 830
8 16 46 276
8 17 109 330
8 18 774 712
8 19 10 560
8 20 463 377
8 21 931 460
8 22 129 720
8 23 764 789
8 24 716 864
8 25 609 421
8 26 506 426
8 27 996 524
8 28 177 996
8 29 365 641
8 30 809 78
8 31 975 379
8 32 758 503
8 33 686 524
8 34 860 771
8 35 895 338
8 36 421 159
8 37 565 635
8 38 81 708
8 39 940 921
8 40 624 305
8 41 315 363
8 42 176 851
8 43 49 954
8 44 886 509
8 45 223 446
8 46 997 30
8 47 369 234
8 48 602 69
8 49 341 546
9 10 641 881
9 11 66 475
9 12 125 552
9 13 412 421
9 14 674 694
9 15 550 424
9 16 386 745
9 17 896 654
9 18 46 355
9 19 443 347
9 20 465 807
9 21 659 490
9 22 919 104
9 23 747 285
9 24 664 100
9 25 740 915
9 26 31 240
9 27 877 538
9 28 614 351
9 29 803 54
9 30 197 194
9 31 186 450
9 32 167 219
9 33 535 585
9 34 756 284
9 35 784 500
9 36 652 351
9 37 931 370
9 38 268 495
9 39 283 311
9 40 38 966
9 41 165 438
9 42 303 585
9 43 249 847
9 44 479 698
9 45 589 346
9 46 258 172
9 47 918 226
9 48 563 968
9 49 906 439
10 11 953 132
10 12 640 710
10 13 259 465
10 14 432 684
10 15 332 625
10 16 74 61
10 17 874 300
10 18 83 37
10 19 738 237
10 20 481 657
10 21 352 221
10 22 145 117
10 23 713 599
10 24 854 289
10 25 241 254
10 26 761 299
10 27 44 471
10 28 674 132
10 29 300 738
10 30 319 624
10 31 152 934
10 32 659 832
10 33 317 36
10 34 764 793
10 35 155 597
10 36 333 538
10 37 169 303
10 38 846 678
10 39 192 931
10 40 301 710
10 41 559 205
10 42 622 830
10 43 821 31
10 44 35 681
10 45 18 505
10 46 621 152
10 47 708 11
10 48 186 645
10 49 649 705
11 12 550 537
11 13 527 39
11 14 118 700
11 15 561 894
11 16 572 966
11 17 744 510
11 18 74 427
11 19 322 767
11 20 545 669
11 21 710 698
11 22 807 809
11 23 222 454
11 24 959 409
11 25 974 127
11 26 210 598
11 27 744 670
11 28 795 839
11 29 273 484
11 30 415 367
11 31 440 560
11 32 918 427
11 33 753 719
11 34 575 365
11 35 246 143
11 36 150 391
11 37 897 670
11 38 607 76
11 39 215 806
11 40 806 164
11 41 540 667
11 42 74 569
11 43 756 971
11 44 338 352
11 45 773 777
11 46 935 410
11 47 355 348
11 48 849 906
11 49 323 453
12 13 696 351
12 14 417 561
12 15 352 740
12 16 49 909
12 17 879 522
12 18 924 651
12 19 940 782
12 20 225 344
12 21 826 499
12 22 824 672
12 23 339 130
12 24 315 434
12 25 72 149
12 26 296 392
12 27 52 711
12 28 541 489
12 29 956 781
12 30 893 192
12 31 18 496
12 32 97 629
12 33 891 658
12 34 158 638
12 35 176 718
12 36 171 907
12 37 25 511
12 38 106 881
12 39 582 132
12 40 516 894
12 41 50 971
12 42 373 666
12 43 44 721
12 44 250 284
12 45 165 966
12 46 902 275
12 47 839 783
12 48 894 611
12 49 793 1000
13 14 658 956
13 15 492 192
13 16 372 666
13 17 918 477
13 18 829 326
13 19 442 91
13 20 225 373
13 21 305 815
13 22 783 615
13 23 165 744
13 24 348 596
13 25 864 365
13 26 972 193
13 27 549 287
13 28 68 893
13 29 215 875
13 30 39 519
13 31 741 571
13 32 952 375
13 33 832 495
13 34 379 52
13 35 844 732
13 36 103 323
13 37 464 117
13 38 485 21
13 39 62 141
13 40 69 449
13 41 182 886
13 42 314 234
13 43 152 542
13 44 448 787
13 45 223 218
13 46 572 243
13 47 975 253
13 48 321 43
13 49 339 864
14 15 934 683
14 16 179 663
14 17 120 767
14 18 262 2
14 19 884 712
14 20 999 652
14 21 51 420
14 22 789 150
14 23 544 9
14 24 521 193
14 25 772 183
14 26 747 19
14 27 763 629
14 28 107 376
14 29 83 366
14 30 777 333
14 31 93 937
14 32 447 143
14 33 216 332
14 34 352 937
14 35 174 348
14 36 138 688
14 37 643 622
14 38 801 85
14 39 11 19
14 40 547 452
14 41 578 862
14 42 954 992
14 43 755 119
14 44 982 55
14 45 527 790
14 46 901 453
14 47 861 934
14 48 238 479
14 49 583 724
15 16 240 291
15 17 715 49
15 18 870 636
15 19 127 588
15 20 742 883
15 21 561 843
15 22 195 874
15 23 23 720
15 24 158 257
15 25 724 947
15 26 995 220
15 27 730 748
15 28 234 624
15 29 151 687
15 30 718 997
15 31 678 56
15 32 766 408
15 33 806 514
15 34 280 624
15 35 208 550
15 36 492 985
15 37 245 217
15 38 228 743
15 39 91 405
15 40 744 483
15 41 528 636
15 42 422 947
15 43 930 753
15 44 329 59
15 45 879 981
15 46 787 557
15 47 685 925
15 48 151 905
15 49 218 602
16 17 748 474
16 18 498 307
16 19 736 245
16 20 46 690
16 21 438 930
16 22 939 135
16 23 95 590
16 24 988 929
16 25 800 209
16 26 903 411
16 27 655 390
16 28 580 464
16 29 279 461
16 30 817 892
16 31 378 442
16 32 898 488
16 33 221 418
16 34 986 568
16 35 305 721
16 36 737 910
16 37 158 200
16 38 647 73
16 39 228 749
16 40 61 980
16 41 922 335
16 42 562 799
16 43 347 127
16 44 297 465
16 45 900 417
16 46 402 548
16 47 276 511
16 48 754 198
16 49 841 748
17 18 659 506
17 19 905 588
17 20 497 493
17 21 847 843
17 22 964 475
17 23 546 616
17 24 688 771
17 25 639 883
17 26 641 924
17 27 105 526
17 28 881 302
17 29 818 509
17 30 730 767
17 31 831 798
17 32 231 182
17 33 382 848
17 34 27 821
17 35 174 667
17 36 989 797
17 37 32 422
17 38 357 938
17 39 400 834
17 40 707 377
17 41 472 8
17 42 42 504
17 43 322 749
17 44 388 475
17 45 884 846
17 46 576 877
17 47 258 583
17 48 530 344
17 49 83 674
18 19 659 871
18 20 35 383
18 21 595 713
18 22 42 596
18 23 396 137
18 24 107 474
18 25 660 728
18 26 582 590
18 27 862 861
18 28 164 770
18 29 607 345
18 30 526 54
18 31 744 639
18 32 876 804
18 33 17 517
18 34 833 351
18 35 952 392
18 36 354 182
18 37 768 421
18 38 505 311
18 39 309 57
18 40 561 832
18 41 852 531
18 42 773 928
18 43 924 354
18 44 984 630
18 45 888 373
18 46 636 893
18 47 370 869
18 48 549 863
18 49 16 586
19 20 608 711
19 21 249 308
19 22 187 629
19 23 356 371
19 24 580 314
19 25 512 327
19 26 653 213
19 27 502 103
19 28 918 221
19 29 72 151
19 30 402 131
19 31 112 111
19 32 212 704
19 33 482 483
19 34 354 285
19 35 361 177
19 36 805 222
19 37 646 460
19 38 844 828
19 39 143 392
19 40 361 629
19 41 731 76
19 42 201 482
19 43 220 313
19 44 677 872
19 45 741 326
19 46 825 252
19 47 361 458
19 48 986 459
19 49 292 169
20 21 394 460
20 22 377 293
20 23 886 431
20 24 990 935
20 25 697 476
20 26 218 314
20 27 843 696
20 28 696 494
20 29 18 384
20 30 620 32
20 31 798 377
20 32 88 482
20 33 22 761
20 34 794 432
20 35 939 470
20 36 272 286
20 37 730 295
20 38 877 913
20 39 949 857
20 40 718 383
20 41 864 296
20 42 203 998
20 43 820 258
20 44 827 306
20 45 198 234
20 46 857 818
20 47 514 565
20 48 900 190
20 49 821 6
21 22 168 831
21 23 853 578
21 24 490 715
21 25 586 543
21 26 359 240
21 27 863 359
21 28 883 910
21 29 375 670
21 30 613 980
21 31 296 859
21 32 492 852
21 33 869 293
21 34 133 540
21 35 826 132
21 36 961 59
21 37 167 677
21 38 528 423
21 39 194 503
21 40 955 980
21 41 249 588
21 42 444 538
21 43 259 143
21 44 800 717
21 45 518 561
21 46 496 490
21 47 80 120
21 48 18 933
21 49 431 101
22 23 709 597
22 24 365 314
22 25 555 677
22 26 22 449
22 27 975 738
22 28 285 728
22 29 246 572
22 30 220 942
22 31 161 481
22 32 803 874
22 33 687 130
22 34 914 387
22 35 101 827
22 36 434 643
22 37 155 797
22 38 787 10
22 39 850 913
22 40 285 157
22 41 911 359
22 42 808 91
22 43 810 872
22 44 14 453
22 45 449 3
22 46 571 431
22 47 796 706
22 48 899 711
22 49 905 719
23 24 864 170
23 25 500 828
23 26 816 480
23 27 437 80
23 28 90 994
23 29 680 424
23 30 679 716
23 31 422 688
23 32 944 518
23 33 648 562
23 34 74 15
23 35 701 133
23 36 387 90
23 37 957 381
23 38 741 69
23 39 604 921
23 40 792 695
23 41 1 441
23 42 746 381
23 43 419 268
23 44 497 894
23 45 514 264
23 46 144 535
23 47 404 819
23 48 71 703
23 49 946 751
24 25 186 726
24 26 177 989
24 27 954 567
24 28 839 613
24 29 772 941
24 30 809 894
24 31 640 20
24 32 44 31
24 33 58 233
24 34 384 335
24 35 279 694
24 36 249 243
24 37 905 419
24 38 395 686
24 39 656 42
24 40 508 991
24 41 491 103
24 42 873 211
24 43 314 652
24 44 661 958
24 45 705 256
24 46 730 718
24 47 55 9
24 48 722 256
24 49 125 213
25 26 514 131
25 27 188 255
25 28 736 469
25 29 964 108
25 30 735 698
25 31 562 802
25 32 571 491
25 33 804 767
25 34 96 683
25 35 459 766
25 36 701 89
25 37 593 922
25 38 811 776
25 39 224 240
25 40 235 876
25 41 74 813
25 42 383 811
25 43 668 856
25 44 641 39
25 45 839 255
25 46 787 638
25 47 472 432
25 48 599 503
25 49 219 540
26 27 741 835
26 28 779 361
26 29 693 365
26 30 246 247
26 31 219 281
26 32 545 223
26 33 976 951
26 34 162 370
26 35 179 836
26 36 143 888
26 37 790 265
26 38 323 978
26 39 830 118
26 40 387 615
26 41 829 17
26 42 688 621
26 43 149 131
26 44 397 316
26 45 488 685
26 46 241 124
26 47 226 675
26 48 185 421
26 49 28 184
27 28 314 702
27 29 813 919
27 30 396 175
27 31 126 443
27 32 142 364
27 33 542 404
27 34 942 589
27 35 700 871
27 36 785 701
27 37 320 822
27 38 969 429
27 39 246 85
27 40 558 644
27 41 695 244
27 42 390 873
27 43 318 77
27 44 547 862
27 45 564 611
27 46 461 19
27 47 358 129
27 48 269 342
27 49 772 384
28 29 287 767
28 30 240 148
28 31 169 963
28 32 646 727
28 33 513 169
28 34 123 216
28 35 399 379
28 36 445 884
28 37 233 583
28 38 39 373
28 39 644 628
28 40 335 321
28 41 348 772
28 42 933 256
28 43 728 710
28 44 971 510
28 45 576 969
28 46 740 210
28 47 358 890
28 48 628 137
28 49 745 100
29 30 495 850
29 31 334 951
29 32 295 66
29 33 32 765
29 34 169 559
29 35 514 431
29 36 577 142
29 37 456 768
29 38 69 925
29 39 624 435
29 40 761 501
29 41 353 457
29 42 887 700
29 43 150 200
29 44 118 131
29 45 889 656
29 46 344 923
29 47 204 880
29 48 797 159
29 49 276 809
30 31 524 367
30 32 838 686
30 33 237 140
30 34 29 118
30 35 652 148
30 36 752 732
30 37 525 839
30 38 463 501
30 39 89 971
30 40 355 306
30 41 536 100
30 42 867 743
30 43 430 609
30 44 950 105
30 45 985 834
30 46 872 440
30 47 700 734
30 48 612 214
30 49 90 709
31 32 409 151
31 33 319 716
31 34 380 670
31 35 535 770
31 36 420 1
31 37 565 332
31 38 993 819
31 39 618 99
31 40 869 935
31 41 809 659
31 42 702 955
31 43 236 548
31 44 111 737
31 45 28 981
31 46 690 700
31 47 290 909
31 48 587 959
31 49 936 13
32 33 123 796
32 34 920 185
32 35 505 867
32 36 611 123
32 37 101 222
32 38 711 53
32 39 27 892
32 40 927 292
32 41 303 73
32 42 84 534
32 43 57 678
32 44 289 802
32 45 140 949
32 46 800 696
32 47 3 942
32 48 386 910
32 49 267 315
33 34 72 564
33 35 482 839
33 36 51 186
33 37 405 965
33 38 633 353
33 39 187 734
33 40 94 447
33 41 47 828
33 42 802 865
33 43 404 527
33 44 434 170
33 45 104 607
33 46 213 472
33 47 785 675
33 48 252 149
33 49 871 339
34 35 746 65
34 36 268 268
34 37 604 530
34 38 674 111
34 39 792 122
34 40 245 508
34 41 977 815
34 42 108 318
34 43 587 628
34 44 248 526
34 45 168 179
34 46 423 609
34 47 602 169
34 48 424 901
34 49 299 259
35 36 166 424
35 37 972 52
35 38 530 100
35 39 995 533
35 40 555 366
35 41 699 792
35 42 827 941
35 43 879 52
35 44 706 639
35 45 267 515
35 46 699 88
35 47 1000 222
35 48 506 718
35 49 448 795
36 37 606 672
36 38 957 986
36 39 14 178
36 40 868 26
36 41 76 444
36 42 449 784
36 43 354 957
36 44 814 319
36 45 130 720
36 46 8 841
36 47 916 546
36 48 62 239
36 49 757 674
37 38 924 283
37 39 740 429
37 40 918 987
37 41 38 299
37 42 648 293
37 43 66 532
37 44 593 990
37 45 291 451
37 46 269 4
37 47 344 27
37 48 861 846
37 49 299 448
38 39 228 349
38 40 902 523
38 41 855 90
38 42 421 772
38 43 62 583
38 44 263 775
38 45 327 404
38 46 768 155
38 47 247 308
38 48 941 490
38 49 819 968
39 40 324 319
39 41 283 868
39 42 932 900
39 43 168 161
39 44 305 871
39 45 653 662
39 46 235 678
39 47 332 850
39 48 186 175
39 49 863 230
40 41 406 724
40 42 886 45
40 43 653 97
40 44 605 474
40 45 511 490
40 46 576 503
40 47 190 488
40 48 919 190
40 49 940 902
41 42 244 974
41 43 621 144
41 44 255 10
41 45 758 264
41 46 13 844
41 47 588 861
41 48 152 287
41 49 38 383
42 43 305 768
42 44 455 242
42 45 678 18
42 46 763 133
42 47 426 889
42 48 458 999
42 49 667 779
43 44 382 286
43 45 333 441
43 46 456 647
43 47 638 262
43 48 120 246
43 49 166 451
44 45 850 637
44 46 356 85
44 47 371 872
44 48 118 778
44 49 186 175
45 46 919 376
45 47 148 59
45 48 87 401
45 49 323 142
46 47 806 786
46 48 218 205
46 49 263 850
47 48 549 369
47 49 317 293
48 49 715 791
0
1883
1246 29342
1249 29200
1250 28783
1254 28523
1259 28486
1260 28359
1261 28190
1262 28005
1265 27930
1266 27745
1271 27708
1272 27622
1273 27610
1274 27600
1275 27448
1277 27324
1280 27249
1281 27064
1285 27057
1286 27027
1287 26941
1288 26929
1289 26919
1290 26767
1292 26669
1296 26636
1297 26632
1298 26546
1300 26376
1301 26372
1305 26291
1306 26253
1307 26241
1308 26231
1309 26079
1311 25981
1315 25956
1316 25944
1317 25858
1319 25836
1320 25684
1324 25603
1326 25561
1328 25539
1330 25480
1332 25458
1333 25306
1339 25183
1341 25161
1344 25125
1347 25038
1350 25002
1352 24976
1353 24919
1356 24895
1357 24838
1358 24761
1363 24715
1365 24598
1366 24541
1371 24475
1372 24418
1374 24395
1377 24360
1379 24330
1380 24272
1382 24250
1383 24237
1385 24214
1387 24199
1388 24127
1390 24053
1391 23996
1397 23957
1398 23908
1399 23850
1402 23815
1405 23811
1406 23795
1407 23705
1410 23669
1412 23654
1414 23618
1415 23592
1417 23570
1418 23524
1420 23508
1422 23472
1423 23447
1425 23373
1426 23316
1432 23277
1433 23228
1434 23170
1437 23135
1440 23131
1442 23025
1445 22989
1447 22974
1451 22918
1453 22844
1455 22828
1457 22799
1458 22793
1461 22783
1462 22737
1464 22711
1465 22653
1466 22647
1468 22618
1471 22614
1472 22578
1473 22508
1476 22472
1477 22440
1478 22383
1484 22327
1485 22295
1486 22238
1489 22202
1495 22163
1496 22114
1497 22057
1499 22041
1503 22040
1505 22002
1508 21923
1509 21866
1510 21860
1515 21827
1516 21778
1517 21721
1520 21685
1524 21646
1527 21597
1528 21540
1530 21524
1534 21522
1535 21465
1537 21449
1540 21400
1541 21343
1546 21331
1547 21274
1548 21268
1552 21217
1553 21172
1555 21129
1558 21093
1560 21084
1561 21027
1565 21005
1566 20948
1568 20932
1572 20931
1573 20887
1574 20830
1578 20808
1579 20751
1585 20712
1586 20704
1588 20668
1590 20625
1591 20580
1595 20579
1596 20523
1598 20492
1599 20435
1603 20428
1605 20418
1607 20408
1608 20383
1609 20326
1611 20295
1612 20238
1618 20199
1623 20169
1624 20112
1626 20076
1628 20066
1632 20037
1633 19988
1634 19931
1640 19914
1642 19904
1644 19874
1645 19817
1646 19791
1647 19734
1653 19695
1657 19691
1659 19678
1661 19645
1662 19619
1663 19562
1669 19523
1670 19499
1672 19458
1676 19434
1678 19419
1679 19370
1680 19313
1686 19296
1688 19286
1691 19249
1692 19192
1696 19141
1702 19124
1703 19078
1704 19052
1705 18995
1711 18956
1715 18952
1717 18939
1719 18906
1720 18880
1721 18823
1725 18810
1727 18784
1729 18776
1730 18719
1734 18695
1736 18680
1737 18631
1738 18574
1744 18557
1746 18547
1750 18492
1753 18459
1754 18402
1760 18385
1763 18378
1766 18331
1767 18274
1772 18264
1773 18257
1775 18216
1776 18213
1779 18192
1781 18177
1782 18128
1783 18071
1789 18054
1792 18041
1796 18017
1798 18002
1800 17896
1805 17882
1806 17879
1809 17872
1811 17828
1812 17771
1818 17754
1821 17741
1822 17707
1827 17702
1828 17690
1829 17596
1834 17582
1835 17579
1838 17572
1840 17565
1841 17553
1842 17540
1843 17533
1844 17530
1847 17458
1850 17445
1851 17388
1857 17371
1859 17365
1860 17358
1864 17334
1866 17319
1868 17213
1873 17199
1874 17196
1877 17189
1879 17145
1880 17088
1886 17071
1889 17058
1890 17024
1895 17019
1896 17007
1897 16913
1902 16899
1903 16896
1906 16889
1908 16882
1909 16870
1910 16857
1915 16775
1919 16724
1925 16707
1926 16695
1927 16682
1931 16681
1932 16668
1933 16665
1936 16658
1937 16627
1938 16570
1944 16553
1945 16544
1947 16540
1948 16506
1949 16493
1954 16489
1955 16395
1960 16381
1961 16378
1964 16371
1966 16364
1968 16352
1969 16351
1971 16343
1973 16257
1977 16206
1983 16189
1986 16182
1992 16156
1997 16142
1998 16123
2001 16112
2002 16072
2008 16055
2010 16018
2014 15967
2020 15950
2021 15915
2026 15901
2027 15898
2028 15872
2032 15840
2038 15823
2039 15777
2043 15726
2049 15709
2050 15683
2056 15666
2064 15643
2065 15640
2067 15632
2068 15592
2074 15575
2075 15549
2076 15545
2080 15494
2086 15477
2087 15451
2093 15434
2098 15393
2101 15368
2105 15317
2111 15300
2121 15264
2123 15259
2126 15234
2129 15223
2130 15183
2135 15161
2141 15144
2142 15118
2148 15101
2152 15098
2154 15089
2156 15035
2159 15031
2160 14984
2166 14967
2167 14952
2173 14935
2174 14909
2180 14892
2184 14890
2185 14850
2191 14833
2193 14827
2198 14815
2199 14810
2200 14771
2204 14720
2210 14703
2211 14677
2217 14660
2222 14619
2225 14594
2229 14543
2235 14526
2245 14490
2251 14473
2253 14449
2255 14438
2258 14434
2259 14387
2265 14370
2266 14344
2272 14327
2280 14261
2283 14257
2284 14210
2290 14193
2300 14157
2306 14140
2308 14116
2313 14101
2314 14099
2318 14095
2319 14073
2320 14058
2323 14048
2326 14041
2327 13997
2333 13980
2336 13961
2338 13924
2344 13907
2349 13898
2350 13874
2354 13871
2356 13857
2357 13841
2362 13830
2363 13824
2364 13798
2370 13781
2374 13740
2378 13715
2381 13711
2382 13664
2388 13647
2398 13611
2404 13594
2406 13570
2411 13555
2412 13553
2416 13549
2417 13538
2418 13512
2423 13505
2424 13495
2426 13491
2428 13454
2434 13415
2436 13378
2442 13361
2447 13352
2448 13328
2452 13325
2454 13311
2458 13308
2460 13284
2464 13275
2465 13263
2470 13258
2471 13246
2472 13234
2476 13231
2478 13217
2480 13205
2482 13168
2488 13129
2494 13112
2498 13102
2500 13079
2501 13066
2504 13063
2506 13062
2507 13049
2510 13046
2512 13035
2513 13016
2516 13013
2517 13000
2519 12999
2522 12996
2523 12978
2525 12972
2528 12969
2529 12950
2533 12947
2535 12928
2537 12922
2540 12919
2541 12911
2543 12905
2545 12893
2546 12885
2547 12884
2550 12853
2553 12817
2556 12814
2559 12800
2562 12797
2565 12767
2568 12764
2569 12751
2571 12750
2574 12747
2575 12729
2577 12723
2580 12720
2581 12701
2585 12685
2587 12679
2588 12666
2591 12663
2593 12657
2594 12649
2597 12635
2600 12616
2603 12613
2604 12600
2606 12599
2609 12596
2610 12583
2612 12572
2614 12570
2615 12569
2616 12550
2620 12547
2621 12502
2627 12485
2633 12452
2637 12436
2639 12435
2640 12417
2643 12414
2645 12408
2646 12400
2649 12386
2652 12367
2655 12364
2656 12351
2658 12350
2661 12347
2662 12334
2664 12323
2666 12321
2667 12320
2668 12301
2672 12285
2674 12284
2676 12273
2678 12268
2680 12257
2682 12256
2684 12235
2688 12232
2690 12218
2692 12207
2696 12204
2698 12190
2700 12178
2701 12170
2706 12161
2707 12153
2708 12102
2714 12085
2720 12052
2724 12036
2726 12035
2730 12019
2732 12008
2736 11986
2740 11983
2742 11969
2744 11958
2748 11955
2750 11941
2752 11933
2753 11921
2758 11916
2759 11904
2761 11893
2766 11888
2767 11876
2769 11868
2775 11851
2777 11840
2783 11823
2791 11819
2794 11808
2800 11775
2804 11759
2806 11758
2808 11754
2810 11742
2812 11731
2816 11709
2820 11704
2822 11692
2824 11681
2830 11664
2832 11660
2833 11644
2836 11638
2837 11629
2839 11627
2841 11616
2843 11612
2844 11610
2847 11599
2849 11579
2853 11563
2855 11562
2859 11546
2861 11535
2865 11513
2871 11496
2873 11485
2879 11468
2882 11448
2888 11431
2890 11420
2896 11403
2904 11399
2906 11393
2908 11382
2913 11377
2914 11365
2922 11361
2925 11358
2927 11357
2930 11329
2932 11327
2934 11313
2936 11311
2937 11308
2940 11296
2942 11285
2944 11283
2945 11280
2946 11263
2948 11261
2950 11258
2952 11246
2954 11235
2956 11233
2960 11218
2962 11214
2963 11198
2965 11196
2966 11192
2967 11183
2969 11181
2971 11170
2973 11166
2974 11164
2977 11153
2979 11133
2983 11117
2985 11116
2989 11100
2991 11089
2995 11067
3001 11050
3003 11039
3009 11022
3012 11002
3018 10985
3020 10974
3026 10957
3034 10953
3046 10946
3049 10940
3050 10931
3051 10928
3054 10918
3055 10912
3057 10911
3060 10901
3061 10895
3062 10881
3066 10865
3067 10862
3072 10848
3073 10845
3074 10837
3075 10834
3078 10815
3084 10797
3086 10787
3090 10780
3092 10769
3095 10750
3101 10733
3103 10722
3109 10705
3117 10701
3122 10698
3126 10676
3132 10659
3134 10648
3140 10631
3143 10611
3149 10594
3151 10583
3157 10566
3164 10565
3165 10562
3167 10545
3173 10528
3175 10517
3181 10500
3189 10496
3191 10492
3193 10481
3195 10476
3197 10474
3198 10471
3199 10464
3201 10453
3203 10448
3205 10431
3207 10426
3209 10424
3211 10414
3213 10403
3215 10398
3217 10396
3219 10386
3221 10381
3222 10366
3224 10361
3226 10359
3227 10355
3228 10346
3230 10338
3232 10333
3234 10329
3235 10327
3236 10321
3238 10316
3240 10296
3244 10280
3246 10279
3250 10263
3252 10252
3256 10230
3262 10213
3264 10202
3270 10185
3273 10165
3279 10148
3281 10137
3287 10120
3295 10116
3305 10114
3307 10109
3310 10103
3311 10094
3312 10091
3313 10086
3315 10081
3316 10075
3318 10074
3319 10069
3321 10064
3322 10058
3323 10044
3327 10028
3328 10025
3333 10011
3334 10008
3335 10000
3336 9997
3339 9978
3345 9960
3347 9950
3351 9943
3353 9932
3356 9913
3362 9896
3364 9885
3370 9868
3378 9864
3393 9859
3395 9839
3399 9823
3401 9822
3405 9806
3407 9795
3411 9773
3417 9756
3419 9745
3425 9728
3428 9708
3434 9691
3436 9680
3442 9663
3450 9659
3467 9658
3470 9642
3476 9624
3478 9614
3482 9607
3484 9596
3487 9577
3493 9560
3495 9549
3501 9532
3509 9515
3517 9511
3526 9503
3530 9487
3532 9486
3536 9470
3538 9459
3542 9437
3548 9420
3550 9409
3556 9392
3559 9372
3565 9355
3567 9344
3573 9327
3590 9326
3598 9325
3599 9310
3609 9289
3615 9272
3617 9261
3623 9244
3626 9224
3632 9207
3634 9196
3640 9179
3657 9178
3659 9168
3664 9161
3670 9144
3672 9133
3678 9116
3681 9096
3687 9079
3689 9068
3695 9051
3712 9050
3719 9037
3721 9034
3726 9020
3731 9013
3737 8996
3739 8985
3745 8968
3748 8948
3754 8931
3756 8920
3762 8903
3779 8902
3781 8892
3788 8886
3801 8882
3803 8865
3808 8864
3809 8854
3810 8845
3811 8837
3817 8826
3818 8817
3830 8811
3835 8778
3841 8761
3848 8744
3865 8717
3873 8689
3884 8678
3897 8665
3904 8658
3911 8656
3915 8634
3923 8606
3932 8569
3940 8541
3957 8540
3958 8534
3959 8530
3964 8517
3981 8516
3983 8506
3987 8492
3992 8485
3995 8464
4009 8439
4014 8432
4019 8399
4026 8382
4043 8375
4050 8358
4054 8344
4059 8337
4062 8316
4075 8303
4086 8292
4095 8280
4106 8272
4113 8270
4114 8260
4117 8248
4123 8242
4124 8239
4125 8220
4131 8214
4134 8183
4141 8174
4142 8155
4159 8154
4161 8144
4168 8138
4172 8133
4181 8112
4189 8106
4194 8099
4197 8078
4210 8072
4211 8053
4216 8046
4221 8013
4228 7996
4245 7995
4253 7994
4254 7979
4256 7958
4261 7951
4264 7930
4281 7929
4283 7919
4290 7911
4297 7894
4309 7893
4316 7874
4325 7856
4326 7853
4330 7849
4333 7828
4338 7821
4343 7788
4350 7771
4367 7770
4375 7769
4376 7754
4383 7726
4400 7725
4407 7719
4409 7709
4412 7686
4419 7669
4436 7668
4444 7667
4445 7652
4452 7624
4469 7623
4477 7622
4478 7607
4493 7606
4497 7587
4508 7580
4513 7547
4520 7530
4537 7529
4545 7528
4546 7513
4553 7485
4566 7479
4577 7478
4579 7468
4582 7445
4589 7428
4606 7427
4614 7426
4615 7411
4622 7383
4635 7377
4648 7366
4661 7360
4667 7346
4668 7332
4685 7331
4690 7327
4694 7315
4706 7313
4707 7307
4713 7295
4723 7293
4724 7287
4729 7255
4736 7238
4753 7237
4759 7236
4760 7230
4762 7221
4769 7193
4783 7190
4793 7185
4795 7176
4798 7153
4805 7136
4822 7135
4831 7119
4838 7091
4852 7088
4864 7074
4877 7066
4883 7054
4885 7043
4902 7042
4906 7035
4911 7026
4922 7021
4923 7015
4930 7006
4939 7001
4940 6995
4946 6966
4953 6949
4970 6948
4975 6944
4976 6938
4979 6932
4986 6904
5003 6903
5008 6899
5009 6893
5012 6887
5015 6864
5022 6847
5039 6846
5048 6830
5055 6802
5072 6801
5081 6785
5093 6774
5100 6765
5117 6764
5119 6757
5123 6746
5138 6737
5139 6732
5140 6726
5154 6720
5156 6712
5157 6706
5167 6700
5175 6690
5182 6673
5185 6672
5186 6666
5192 6655
5193 6649
5208 6632
5215 6628
5225 6610
5226 6604
5241 6587
5251 6571
5267 6570
5270 6547
5277 6530
5284 6526
5301 6525
5303 6513
5310 6485
5327 6484
5336 6468
5351 6467
5355 6448
5372 6447
5378 6429
5394 6415
5396 6412
5409 6403
5411 6395
5412 6389
5421 6383
5422 6373
5438 6372
5440 6355
5441 6349
5447 6338
5448 6332
5455 6328
5472 6327
5473 6321
5474 6315
5480 6293
5481 6287
5498 6286
5506 6276
5507 6270
5522 6269
5525 6256
5526 6250
5543 6249
5548 6241
5549 6231
5564 6223
5565 6217
5574 6215
5575 6214
5580 6205
5582 6197
5592 6185
5600 6181
5608 6180
5610 6167
5611 6157
5617 6150
5618 6140
5635 6139
5643 6133
5644 6123
5650 6105
5651 6095
5668 6094
5676 6088
5677 6078
5692 6077
5695 6068
5696 6058
5713 6057
5719 6043
5722 6041
5734 6035
5735 6025
5744 6023
5750 6017
5752 6009
5761 6008
5764 6006
5776 6000
5778 5992
5780 5988
5781 5969
5788 5952
5805 5951
5814 5935
5821 5907
5838 5906
5847 5890
5862 5889
5866 5870
5883 5869
5891 5864
5892 5853
5905 5837
5914 5835
5927 5829
5931 5820
5940 5818
5950 5800
5957 5796
5963 5784
5972 5782
5983 5779
5989 5767
5998 5765
6001 5757
6011 5749
6017 5745
6027 5740
6036 5733
6037 5732
6038 5716
6047 5714
6056 5712
6060 5708
6064 5699
6073 5697
6076 5671
6093 5670
6102 5654
6117 5653
6121 5634
6138 5633
6146 5628
6147 5617
6160 5601
6169 5599
6180 5593
6186 5584
6195 5582
6205 5564
6218 5548
6227 5546
6244 5531
6253 5529
6256 5521
6266 5513
6272 5509
6282 5504
6292 5496
6298 5492
6301 5484
6302 5478
6311 5476
6320 5474
6324 5470
6327 5467
6328 5461
6337 5459
6340 5451
6349 5449
6356 5439
6366 5434
6369 5423
6382 5422
6385 5414
6395 5406
6398 5398
6407 5396
6417 5388
6424 5381
6433 5379
6443 5371
6446 5363
6452 5359
6453 5353
6470 5352
6472 5346
6475 5345
6478 5342
6479 5336
6482 5328
6491 5326
6500 5324
6504 5320
6508 5311
6517 5309
6526 5307
6530 5303
6536 5289
6549 5273
6562 5272
6575 5256
6590 5255
6597 5238
6618 5234
6619 5230
6623 5221
6633 5203
6655 5195
6659 5186
6681 5178
6702 5164
6711 5163
6712 5157
6724 5156
6728 5147
6737 5146
6738 5140
6741 5132
6750 5130
6759 5128
6767 5115
6776 5113
6785 5111
6795 5093
6808 5077
6821 5076
6834 5060
6849 5059
6856 5042
6877 5038
6882 5025
6892 5007
6918 4990
6951 4986
6961 4968
6987 4951
7009 4939
7034 4931
7035 4922
7060 4914
7068 4906
7078 4900
7093 4898
7103 4880
7129 4863
7158 4857
7159 4855
7176 4843
7184 4840
7185 4838
7202 4826
7220 4812
7246 4795
7275 4789
7279 4779
7293 4775
7301 4772
7319 4758
7334 4756
7344 4750
7359 4748
7369 4730
7370 4728
7395 4713
7396 4711
7425 4705
7442 4693
7451 4688
7468 4676
7486 4662
7512 4645
7545 4629
7559 4625
7585 4608
7627 4603
7636 4578
7662 4561
7726 4549
7737 4548
7754 4541
7776 4540
7777 4519
7803 4502
7827 4499
7842 4498
7843 4496
7853 4482
7879 4476
7886 4466
7900 4462
7908 4460
7920 4457
7926 4445
7934 4443
7959 4430
7967 4427
7977 4415
7992 4414
8003 4398
8032 4393
8058 4376
8083 4363
8084 4359
8109 4346
8144 4339
8173 4334
8184 4333
8194 4330
8199 4317
8220 4313
8224 4304
8225 4300
8250 4287
8274 4284
8300 4267
8326 4261
8333 4251
8347 4247
8355 4245
8367 4242
8373 4230
8381 4228
8409 4221
8414 4212
8424 4200
8450 4183
8490 4182
8505 4161
8531 4144
8565 4141
8591 4124
8631 4123
8641 4115
8646 4102
8667 4098
8672 4085
8708 4079
8722 4076
8739 4074
8748 4059
8763 4057
8779 4053
8787 4051
8789 4040
8814 4039
8820 4035
8830 4023
8849 4020
8856 4006
8895 4000
8904 3998
8911 3984
8930 3981
8937 3967
8971 3964
8997 3947
9046 3943
9052 3925
9078 3908
9114 3902
9134 3899
9153 3896
9160 3882
9169 3880
9194 3879
9195 3863
9220 3862
9229 3860
9255 3843
9275 3840
9301 3823
9310 3821
9336 3804
9392 3795
9418 3778
9452 3766
9478 3758
9479 3756
9512 3746
9533 3736
9559 3719
9593 3707
9629 3701
9649 3698
9668 3695
9675 3681
9684 3679
9702 3671
9710 3662
9735 3661
9744 3659
9770 3642
9790 3639
9816 3622
9825 3620
9851 3603
9907 3594
9933 3577
9967 3574
9968 3572
9988 3565
9993 3557
9994 3555
10036 3545
10048 3535
10074 3518
10129 3506
10178 3499
10179 3497
10191 3487
10211 3480
10217 3470
10259 3460
10272 3458
10289 3452
10314 3448
10328 3446
10344 3439
10352 3421
10402 3412
10425 3410
10432 3404
10456 3402
10457 3400
10474 3394
10487 3392
10495 3373
10537 3363
10551 3361
10567 3355
10599 3354
10610 3352
10617 3346
10640 3344
10648 3325
10680 3315
10704 3313
10710 3307
10736 3303
10752 3297
10766 3295
10797 3282
10833 3267
10863 3259
10889 3255
10895 3249
10919 3247
10934 3245
10950 3234
10982 3224
11006 3222
11012 3216
11038 3212
11048 3201
11087 3197
11104 3189
11135 3176
11165 3168
11191 3164
11197 3158
11221 3156
11236 3154
11253 3146
11292 3142
11300 3133
11328 3129
11330 3125
11350 3110
11389 3106
11406 3098
11445 3094
11461 3092
11477 3086
11491 3084
11515 3067
11554 3063
11571 3055
11610 3051
11614 3044
11630 3038
11644 3036
11673 3032
11676 3026
11703 3024
11715 3022
11735 3014
11774 3010
11779 3001
11795 2995
11809 2993
11829 2978
11868 2974
11888 2966
11927 2962
11980 2959
11994 2935
12033 2931
12086 2928
12108 2924
12147 2920
12179 2915
12195 2909
12212 2890
12251 2886
12261 2876
12300 2872
12332 2867
12371 2863
12392 2862
12397 2852
12412 2847
12438 2836
12471 2835
12477 2832
12510 2831
12530 2829
12552 2825
12572 2823
12577 2804
12616 2800
12656 2791
12681 2788
12695 2787
12705 2777
12744 2773
12787 2757
12826 2753
12844 2745
12883 2741
12936 2738
12972 2737
12975 2734
12980 2721
13005 2712
13044 2708
13054 2698
13093 2694
13125 2689
13164 2685
13185 2684
13198 2676
13205 2669
13231 2658
13264 2657
13270 2654
13303 2653
13323 2651
13345 2647
13370 2626
13409 2622
13449 2613
13488 2609
13498 2599
13537 2595
13588 2581
13627 2577
13637 2567
13676 2563
13729 2560
13768 2556
13818 2539
13872 2538
13898 2535
13910 2532
13921 2524
13960 2520
13968 2514
14007 2510
14034 2509
14047 2501
14086 2497
14096 2487
14135 2483
14179 2476
14186 2469
14225 2465
14235 2455
14274 2451
14318 2444
14357 2440
14410 2437
14416 2427
14470 2426
14496 2423
14499 2416
14519 2412
14558 2408
14614 2406
14632 2397
14649 2391
14688 2387
14700 2384
14714 2378
14735 2377
14753 2374
14774 2373
14777 2364
14816 2360
14867 2346
14906 2342
14916 2332
14955 2328
15037 2326
15097 2304
15177 2300
15215 2298
15216 2296
15254 2294
15256 2287
15295 2283
15313 2274
15352 2270
15374 2266
15395 2255
15434 2251
15492 2248
15494 2246
15555 2236
15594 2232
15634 2224
15694 2221
15714 2220
15733 2217
15736 2208
15792 2197
15831 2193
15853 2189
15892 2185
15932 2175
15971 2171
16013 2170
16031 2166
16034 2159
16073 2155
16131 2152
16133 2150
16182 2145
16194 2142
16231 2141
16250 2131
16273 2128
16289 2127
16329 2117
16368 2113
16390 2109
16429 2105
16431 2101
16470 2097
16480 2096
16492 2093
16519 2092
16531 2089
16571 2079
16610 2075
16670 2070
16731 2062
16779 2059
16787 2051
16826 2047
16887 2045
16889 2035
16928 2031
16938 2030
16968 2021
17007 2017
17029 2013
17068 2009
17128 2004
17194 2003
17208 2000
17228 1998
17237 1993
17276 1989
17284 1987
17316 1979
17355 1975
17377 1971
17416 1967
17426 1955
17465 1951
17526 1949
17565 1945
17625 1940
17652 1937
17691 1933
17732 1932
17734 1929
17773 1925
17774 1913
17813 1909
17874 1907
17913 1903
17923 1891
17962 1887
18044 1885
18127 1882
18132 1881
18149 1873
18182 1871
18188 1869
18221 1867
18271 1849
18310 1845
18392 1843
18449 1835
18497 1831
18536 1827
18577 1826
18618 1825
18630 1814
18655 1810
18679 1807
18694 1806
18718 1803
18779 1792
18818 1788
18900 1786
18944 1785
18983 1783
18988 1782
19005 1774
19038 1772
19044 1770
19063 1768
19089 1766
19102 1764
19127 1750
19166 1746
19248 1744
19305 1736
19353 1732
19392 1728
19473 1727
19474 1726
19511 1711
19535 1708
19550 1707
19574 1704
19653 1694
19737 1693
19761 1690
19776 1689
19800 1686
19879 1676
19919 1669
19945 1667
19958 1665
19984 1663
20037 1655
20061 1652
20145 1651
20156 1648
20184 1647
20210 1645
20244 1641
20263 1637
20287 1634
20329 1628
20368 1624
20422 1623
20445 1613
20471 1611
20540 1609
20564 1606
20648 1605
20652 1599
20671 1595
20697 1593
20766 1591
20790 1588
20832 1582
20855 1572
20948 1567
20974 1565
21058 1564
21062 1558
21081 1554
21155 1553
21174 1549
21200 1547
21288 1540
21314 1536
21358 1526
21521 1522
21523 1521
21561 1520
21565 1512
21584 1508
21709 1507
21749 1503
21791 1494
21817 1490
21934 1485
22024 1476
22064 1474
22141 1471
22160 1467
22239 1465
22271 1460
22297 1456
22367 1453
22393 1449
22465 1447
22504 1442
22600 1435
22640 1433
22698 1429
22805 1428
22815 1424
22847 1419
22873 1415
22945 1413
23022 1410
23041 1406
23080 1401
23152 1399
23178 1395
23248 1392
23274 1388
23385 1381
23481 1374
23521 1372
23646 1369
23686 1367
23728 1358
23754 1354
23893 1353
23919 1349
23961 1340
24126 1335
24192 1333
24298 1329
24357 1328
24505 1315
24778 1313
24787 1312
24844 1311
24853 1310
24891 1305
25157 1293
25166 1292
25439 1290
25505 1288
25543 1283
25552 1282
25818 1270
26167 1267
26204 1260
