50
0 1 7 289
0 2 793 544
0 3 59 23
0 4 25 349
0 5 460 679
0 6 139 874
0 7 337 388
0 8 479 981
0 9 963 612
0 10 169 277
0 11 5 374
0 12 239 664
0 13 549 353
0 14 788 520
0 15 374 819
0 16 107 171
0 17 601 397
0 18 766 761
0 19 362 249
0 20 952 383
0 21 402 981
0 22 791 994
0 23 430 256
0 24 863 921
0 25 446 135
0 26 406 223
0 27 939 35
0 28 942 33
0 29 913 537
0 30 145 883
0 31 475 256
0 32 575 824
0 33 901 308
0 34 110 983
0 35 969 385
0 36 259 747
0 37 420 548
0 38 515 174
0 39 508 447
0 40 306 54
0 41 403 160
0 42 569 560
0 43 427 985
0 44 678 969
0 45 406 695
0 46 212 838
0 47 409 556
0 48 133 665
0 49 871 69
1 2 225 701
1 3 199 18
1 4 453 615
1 5 454 303
1 6 336 368
1 7 148 112
1 8 237 840
1 9 547 228
1 10 77 841
1 11 816 386
1 12 515 861
1 13 6 282
1 14 565 281
1 15 300 915
1 16 52 944
1 17 344 798
1 18 731 738
1 19 38 511
1 20 959 489
1 21 114 528
1 22 202 381
1 23 150 761
1 24 117 251
1 25 942 28
1 26 755 286
1 27 539 86
1 28 919 709
1 29 867 143
1 30 936 868
1 31 869 371
1 32 73 504
1 33 424 603
1 34 143 910
1 35 18 959
1 36 805 860
1 37 27 372
1 38 910 238
1 39 462 805
1 40 848 487
1 41 532 6
1 42 913 616
1 43 98 236
1 44 876 746
1 45 950 714
1 46 788 651
1 47 907 492
1 48 669 408
1 49 428 49
2 3 775 467
2 4 800 737
2 5 819 740
2 6 884 428
2 7 411 597
2 8 675 676
2 9 231 432
2 10 586 401
2 11 979 676
2 12 654 937
2 13 369 668
2 14 129 735
2 15 887 293
2 16 453 965
2 17 443 994
2 18 227 911
2 19 852 693
2 20 561 547
2 21 527 532
2 22 232 802
2 23 930 452
2 24 485 763
2 25 776 542
2 26 136 462
2 27 701 446
2 28 345 667
2 29 872 599
2 30 22 248
2 31 473 973
2 32 30 942
2 33 129 626
2 34 516 913
2 35 832 299
2 36 565 299
2 37 506 138
2 38 382 136
2 39 761 217
2 40 775 176
2 41 285 679
2 42 4 999
2 43 947 332
2 44 821 428
2 45 31 163
2 46 3 390
2 47 126 87
2 48 309 904
2 49 219 380
3 4 39 786
3 5 289 671
3 6 539 816
3 7 782 799
3 8 315 133
3 9 244 670
3 10 215 731
3 11 877 342
3 12 163 675
3 13 684 536
3 14 208 842
3 15 215 917
3 16 228 536
3 17 942 842
3 18 852 114
3 19 71 989
3 20 685 420
3 21 18 959
3 22 780 201
3 23 452 28
3 24 797 354
3 25 255 507
3 26 725 751
3 27 858 191
3 28 921 471
3 29 3 524
3 30 371 543
3 31 356 190
3 32 542 411
3 33 438 370
3 34 617 3
3 35 588 154
3 36 197 626
3 37 836 954
3 38 47 627
3 39 974 38
3 40 916 570
3 41 954 571
3 42 318 405
3 43 908 979
3 44 497 95
3 45 834 982
3 46 424 91
3 47 30 646
3 48 31 414
3 49 416 942
4 5 149 759
4 6 844 629
4 7 37 916
4 8 184 164
4 9 539 295
4 10 803 543
4 11 26 891
4 12 696 137
4 13 392 411
4 14 33 950
4 15 792 134
4 16 785 584
4 17 948 985
4 18 912 363
4 19 66 530
4 20 665 268
4 21 680 892
4 22 407 745
4 23 378 740
4 24 242 500
4 25 549 18
4 26 381 161
4 27 94 123
4 28 707 897
4 29 887 373
4 30 677 927
4 31 75 340
4 32 811 863
4 33 483 686
4 34 869 279
4 35 734 316
4 36 764 52
4 37 529 40
4 38 726 823
4 39 871 17
4 40 563 411
4 41 19 283
4 42 955 976
4 43 26 566
4 44 376 103
4 45 378 130
4 46 600 401
4 47 272 32
4 48 895 698
4 49 534 810
5 6 360 468
5 7 321 548
5 8 573 505
5 9 356 963
5 10 461 906
5 11 221 499
5 12 40 554
5 13 184 578
5 14 508 194
5 15 389 361
5 16 671 986
5 17 217 162
5 18 799 299
5 19 785 958
5 20 462 463
5 21 532 973
5 22 539 609
5 23 814 615
5 24 80 828
5 25 182 353
5 26 368 927
5 27 327 673
5 28 546 30
5 29 915 498
5 30 626 636
5 31 768 484
5 32 231 201
5 33 134 409
5 34 789 269
5 35 77 520
5 36 447 572
5 37 348 80
5 38 574 553
5 39 726 41
5 40 35 158
5 41 379 70
5 42 117 761
5 43 639 89
5 44 716 9
5 45 10 57
5 46 455 808
5 47 251 804
5 48 880 436
5 49 639 554
6 7 834 565
6 8 853 370
6 9 347 148
6 10 864 580
6 11 542 890
6 12 551 729
6 13 842 906
6 14 759 153
6 15 135 398
6 16 579 223
6 17 322 155
6 18 373 485
6 19 104 265
6 20 876 679
6 21 248 947
6 22 243 557
6 23 577 438
6 24 416 394
6 25 154 853
6 26 967 401
6 27 941 322
6 28 725 575
6 29 107 88
6 30 686 779
6 31 645 652
6 32 457 443
6 33 923 770
6 34 796 1
6 35 99 30
6 36 930 96
6 37 233 415
6 38 529 193
6 39 209 686
6 40 825 503
6 41 521 778
6 42 141 784
6 43 802 585
6 44 723 760
6 45 879 371
6 46 320 150
6 47 786 498
6 48 28 566
6 49 538 114
7 8 955 744
7 9 571 904
7 10 50 302
7 11 782 911
7 12 554 750
7 13 525 791
7 14 980 799
7 15 753 141
7 16 476 241
7 17 857 862
7 18 348 676
7 19 362 473
7 20 12 423
7 21 309 698
7 22 348 395
7 23 2 406
7 24 198 956
7 25 354 59
7 26 364 802
7 27 699 670
7 28 215 648
7 29 268 95
7 30 878 548
7 31 355 965
7 32 122 208
7 33 735 860
7 34 65 910
7 35 756 259
7 36 386 356
7 37 41 238
7 38 719 573
7 39 574 602
7 40 511 95
7 41 302 146
7 42 124 258
7 43 308 993
7 44 268 296
7 45 659 579
7 46 898 297
7 47 719 43
7 48 937 484
7 49 879 419
8 9 970 238
8 10 339 643
8 11 914 590
8 12 983 439
8 13 68 244
8 14 107 726
8 15 76 93
8 16 769 773
8 17 60 263
8 18 872 401
8 19 138 8
8 20 751 781
8 21 955 304
8 22 953 211
8 23 935 854
8 24 576 780
8 25 587 522
8 26 555 373
8 27 877 512
8 28 4 212
8 29 519 928
8 30 437 372
8 31 820 402
8 32 224 46
8 33 391 732
8 34 568 346
8 35 745 530
8 36 49 135
8 37 305 116
8 38 517 479
8 39 741 662
8 40 389 869
8 41 423 221
8 42 751 605
8 43 346 478
8 44 247 566
8 45 751 816
8 46 240 372
8 47 90 115
8 48 622 331
8 49 78 964
9 10 187 999
9 11 291 917
9 12 444 762
9 13 500 608
9 14 611 712
9 15 329 667
9 16 715 892
9 17 945 134
9 18 637 858
9 19 293 806
9 20 26 130
9 21 409 624
9 22 245 316
9 23 1000 363
9 24 950 385
9 25 639 861
9 26 273 241
9 27 910 153
9 28 780 39
9 29 808 309
9 30 803 369
9 31 265 641
9 32 623 879
9 33 887 745
9 34 216 645
9 35 212 608
9 36 724 262
9 37 421 533
9 38 4 543
9 39 208 893
9 40 828 388
9 41 357 70
9 42 327 594
9 43 539 45
9 44 144 462
9 45 39 80
9 46 490 855
9 47 31 910
9 48 763 278
9 49 678 370
10 11 956 305
10 12 286 729
10 13 304 847
10 14 837 88
10 15 848 534
10 16 317 621
10 17 805 707
10 18 567 602
10 19 939 559
10 20 296 154
10 21 395 212
10 22 902 436
10 23 528 113
10 24 689 269
10 25 701 725
10 26 916 451
10 27 368 635
10 28 389 921
10 29 312 436
10 30 958 510
10 31 288 256
10 32 860 115
10 33 643 43
10 34 977 937
10 35 930 343
10 36 737 52
10 37 333 394
10 38 853 453
10 39 236 718
10 40 881 552
10 41 312 573
10 42 424 338
10 43 19 698
10 44 134 870
10 45 524 863
10 46 383 588
10 47 401 558
10 48 144 268
10 49 720 185
11 12 509 615
11 13 577 444
11 14 671 319
11 15 86 423
11 16 438 704
11 17 894 44
11 18 913 327
11 19 356 103
11 20 64 502
11 21 939 127
11 22 70 442
11 23 728 191
11 24 920 368
11 25 778 487
11 26 662 61
11 27 665 319
11 28 281 875
11 29 291 282
11 30 394 582
11 31 973 681
11 32 868 398
11 33 376 796
11 34 246 815
11 35 50 656
11 36 91 599
11 37 380 352
11 38 471 836
11 39 152 248
11 40 990 891
11 41 872 648
11 42 553 232
11 43 425 723
11 44 29 919
11 45 877 536
11 46 521 420
11 47 758 611
11 48 123 260
11 49 660 304
12 13 743 665
12 14 634 395
12 15 964 978
12 16 938 88
12 17 971 855
12 18 837 770
12 19 662 474
12 20 350 277
12 21 347 788
12 22 58 648
12 23 15 358
12 24 401 71
12 25 365 607
12 26 529 864
12 27 311 81
12 28 766 351
12 29 993 349
12 30 39 44
12 31 509 18
12 32 672 727
12 33 359 921
12 34 478 888
12 35 368 654
12 36 965 688
12 37 632 567
12 38 406 536
12 39 937 827
12 40 440 108
12 41 520 79
12 42 676 820
12 43 895 774
12 44 318 932
12 45 376 597
12 46 820 875
12 47 15 246
12 48 951 342
12 49 145 292
13 14 2 262
13 15 954 198
13 16 261 739
13 17 763 952
13 18 872 523
13 19 959 725
13 20 186 811
13 21 91 472
13 22 522 9
13 23 981 129
13 24 196 238
13 25 279 485
13 26 476 43
13 27 965 970
13 28 194 594
13 29 581 700
13 30 359 39
13 31 937 171
13 32 379 753
13 33 302 786
13 34 625 250
13 35 494 717
13 36 277 660
13 37 860 106
13 38 308 813
13 39 564 851
13 40 684 943
13 41 315 618
13 42 754 44
13 43 200 632
13 44 204 463
13 45 402 391
13 46 997 542
13 47 333 490
13 48 486 648
13 49 35 14
14 15 660 594
14 16 349 311
14 17 926 65
14 18 559 905
14 19 974 265
14 20 893 160
14 21 741 509
14 22 193 225
14 23 522 695
14 24 652 48
14 25 172 324
14 26 45 18
14 27 208 654
14 28 433 438
14 29 850 534
14 30 648 943
14 31 646 669
14 32 589 885
14 33 526 754
14 34 635 832
14 35 221 634
14 36 255 106
14 37 35 675
14 38 32 109
14 39 534 39
14 40 538 13
14 41 935 165
14 42 655 792
14 43 678 780
14 44 294 618
14 45 73 637
14 46 528 992
14 47 82 115
14 48 925 52
14 49 263 119
15 16 661 211
15 17 339 808
15 18 573 878
15 19 972 273
15 20 725 794
15 21 544 290
15 22 77 227
15 23 233 414
15 24 518 912
15 25 182 32
15 26 590 173
15 27 624 558
15 28 632 854
15 29 409 25
15 30 790 593
15 31 912 596
15 32 618 623
15 33 948 210
15 34 554 64
15 35 737 435
15 36 225 608
15 37 627 831
15 38 354 259
15 39 373 33
15 40 36 206
15 41 888 408
15 42 73 763
15 43 8 721
15 44 344 75
15 45 914 851
15 46 26 19
15 47 625 246
15 48 504 284
15 49 19 805
16 17 117 7
16 18 108 610
16 19 826 64
16 20 618 432
16 21 477 455
16 22 356 885
16 23 33 74
16 24 965 55
16 25 949 599
16 26 125 455
16 27 519 610
16 28 439 517
16 29 620 753
16 30 820 580
16 31 888 324
16 32 622 949
16 33 821 967
16 34 870 291
16 35 175 933
16 36 875 51
16 37 191 486
16 38 826 747
16 39 898 571
16 40 486 40
16 41 240 840
16 42 825 356
16 43 743 914
16 44 678 897
16 45 718 61
16 46 855 146
16 47 738 544
16 48 413 518
16 49 506 283
17 18 878 684
17 19 332 193
17 20 404 64
17 21 704 984
17 22 353 294
17 23 749 944
17 24 245 899
17 25 348 116
17 26 596 111
17 27 980 644
17 28 657 857
17 29 20 214
17 30 438 177
17 31 705 415
17 32 908 527
17 33 83 15
17 34 604 789
17 35 188 780
17 36 246 708
17 37 991 173
17 38 56 724
17 39 311 697
17 40 764 257
17 41 135 581
17 42 77 64
17 43 221 905
17 44 112 867
17 45 964 18
17 46 864 140
17 47 595 467
17 48 559 234
17 49 655 354
18 19 822 211
18 20 773 237
18 21 648 167
18 22 189 907
18 23 675 968
18 24 666 99
18 25 659 509
18 26 600 984
18 27 346 856
18 28 210 80
18 29 625 627
18 30 266 845
18 31 515 176
18 32 566 215
18 33 180 37
18 34 428 590
18 35 482 818
18 36 612 468
18 37 468 425
18 38 409 689
18 39 936 196
18 40 1 687
18 41 565 704
18 42 332 736
18 43 356 342
18 44 851 378
18 45 483 235
18 46 35 1
18 47 17 878
18 48 446 844
18 49 979 761
19 20 803 808
19 21 162 779
19 22 256 593
19 23 886 454
19 24 627 827
19 25 691 661
19 26 550 715
19 27 911 77
19 28 648 168
19 29 950 529
19 30 148 810
19 31 350 838
19 32 478 900
19 33 909 454
19 34 786 681
19 35 334 404
19 36 335 893
19 37 947 757
19 38 479 197
19 39 480 563
19 40 431 665
19 41 460 935
19 42 240 59
19 43 644 353
19 44 713 547
19 45 768 949
19 46 967 104
19 47 123 885
19 48 984 243
19 49 335 172
20 21 461 642
20 22 709 347
20 23 86 636
20 24 15 519
20 25 80 393
20 26 87 622
20 27 127 374
20 28 372 141
20 29 456 365
20 30 765 608
20 31 265 697
20 32 547 256
20 33 145 314
20 34 242 115
20 35 515 88
20 36 232 901
20 37 262 839
20 38 804 31
20 39 735 16
20 40 165 837
20 41 306 149
20 42 659 698
20 43 681 909
20 44 844 580
20 45 203 245
20 46 740 834
20 47 209 342
20 48 415 936
20 49 326 404
21 22 654 416
21 23 195 269
21 24 676 283
21 25 289 578
21 26 629 759
21 27 13 930
21 28 596 861
21 29 421 935
21 30 170 292
21 31 86 17
21 32 622 846
21 33 215 432
21 34 730 709
21 35 786 584
21 36 593 267
21 37 608 257
21 38 289 646
21 39 382 960
21 40 923 21
21 41 628 471
21 42 836 55
21 43 229 920
21 44 11 574
21 45 300 628
21 46 498 306
21 47 213 999
21 48 471 869
21 49 175 987
22 23 864 738
22 24 136 198
22 25 411 431
22 26 256 745
22 27 840 114
22 28 964 301
22 29 260 288
22 30 80 761
22 31 618 593
22 32 566 908
22 33 367 856
22 34 68 678
22 35 348 489
22 36 752 933
22 37 429 6
22 38 53 156
22 39 553 776
22 40 864 713
22 41 900 469
22 42 193 914
22 43 350 729
22 44 211 149
22 45 976 596
22 46 773 94
22 47 271 552
22 48 155 554
22 49 441 113
23 24 909 550
23 25 561 618
23 26 22 491
23 27 495 323
23 28 671 209
23 29 627 493
23 30 77 642
23 31 743 213
23 32 405 707
23 33 205 149
23 34 152 745
23 35 809 146
23 36 270 285
23 37 970 468
23 38 406 706
23 39 802 416
23 40 502 722
23 41 735 278
23 42 823 949
23 43 764 186
23 44 40 774
23 45 323 373
23 46 809 833
23 47 387 126
23 48 925 425
23 49 293 313
24 25 135 732
24 26 576 469
24 27 514 588
24 28 589 21
24 29 621 98
24 30 532 383
24 31 817 97
24 32 719 233
24 33 471 141
24 34 131 759
24 35 850 860
24 36 184 163
24 37 716 632
24 38 199 732
24 39 222 169
24 40 22 871
24 41 310 920
24 42 109 363
24 43 998 770
24 44 146 590
24 45 115 202
24 46 294 835
24 47 403 707
24 48 675 987
24 49 790 738
25 26 856 442
25 27 575 182
25 28 778 82
25 29 665 521
25 30 416 295
25 31 975 430
25 32 384 844
25 33 130 436
25 34 176 270
25 35 801 671
25 36 747 876
25 37 659 717
25 38 634 113
25 39 759 512
25 40 852 315
25 41 772 588
25 42 137 714
25 43 910 838
25 44 739 166
25 45 607 43
25 46 431 325
25 47 774 687
25 48 539 625
25 49 242 314
26 27 215 690
26 28 335 556
26 29 477 580
26 30 521 581
26 31 859 163
26 32 508 451
26 33 4 220
26 34 909 945
26 35 648 324
26 36 862 954
26 37 616 502
26 38 366 733
26 39 825 396
26 40 679 281
26 41 447 116
26 42 410 440
26 43 983 730
26 44 940 591
26 45 788 273
26 46 599 291
26 47 897 836
26 48 379 119
26 49 660 860
27 28 657 332
27 29 120 163
27 30 857 598
27 31 551 667
27 32 307 426
27 33 161 957
27 34 781 335
27 35 58 99
27 36 264 262
27 37 535 20
27 38 137 139
27 39 736 409
27 40 518 347
27 41 678 400
27 42 740 346
27 43 414 239
27 44 976 736
27 45 801 137
27 46 475 922
27 47 140 675
27 48 135 105
27 49 657 892
28 29 259 759
28 30 657 819
28 31 748 352
28 32 70 42
28 33 180 708
28 34 251 444
28 35 305 98
28 36 136 439
28 37 681 958
28 38 722 518
28 39 104 117
28 40 253 318
28 41 486 514
28 42 265 692
28 43 779 55
28 44 588 924
28 45 869 108
28 46 498 453
28 47 621 402
28 48 819 896
28 49 350 930
29 30 46 328
29 31 186 204
29 32 810 244
29 33 428 165
29 34 441 722
29 35 669 688
29 36 256 788
29 37 683 378
29 38 536 853
29 39 293 865
29 40 994 518
29 41 5 558
29 42 737 539
29 43 866 519
29 44 533 644
29 45 351 964
29 46 900 549
29 47 214 218
29 48 813 784
29 49 525 327
30 31 531 638
30 32 951 509
30 33 602 687
30 34 693 716
30 35 710 64
30 36 7 170
30 37 348 262
30 38 653 978
30 39 283 11
30 40 406 130
30 41 770 501
30 42 578 941
30 43 111 272
30 44 812 346
30 45 148 814
30 46 302 753
30 47 229 493
30 48 409 532
30 49 12 763
31 32 324 649
31 33 633 970
31 34 14 42
31 35 342 901
31 36 394 263
31 37 240 320
31 38 928 726
31 39 417 248
31 40 237 697
31 41 277 200
31 42 272 474
31 43 114 845
31 44 796 470
31 45 951 679
31 46 842 339
31 47 645 941
31 48 969 840
31 49 590 850
32 33 438 47
32 34 444 845
32 35 168 767
32 36 74 141
32 37 342 331
32 38 468 56
32 39 159 901
32 40 82 958
32 41 800 152
32 42 835 796
32 43 842 269
32 44 346 299
32 45 4 779
32 46 839 613
32 47 52 966
32 48 183 41
32 49 420 936
33 34 320 284
33 35 582 250
33 36 410 77
33 37 51 307
33 38 194 743
33 39 845 16
33 40 625 194
33 41 941 66
33 42 641 587
33 43 526 407
33 44 709 960
33 45 900 424
33 46 181 386
33 47 237 806
33 48 715 452
33 49 217 255
34 35 238 977
34 36 294 106
34 37 922 921
34 38 629 267
34 39 596 313
34 40 880 384
34 41 171 351
34 42 528 398
34 43 314 169
34 44 458 397
34 45 44 890
34 46 862 672
34 47 825 818
34 48 594 598
34 49 293 680
35 36 209 26
35 37 537 711
35 38 974 980
35 39 642 30
35 40 212 107
35 41 183 967
35 42 574 415
35 43 81 957
35 44 527 332
35 45 140 47
35 46 521 667
35 47 845 406
35 48 677 983
35 49 368 968
36 37 681 34
36 38 129 929
36 39 957 546
36 40 248 660
36 41 426 267
36 42 171 87
36 43 234 276
36 44 359 485
36 45 833 320
36 46 693 27
36 47 274 42
36 48 861 160
36 49 412 376
37 38 465 657
37 39 589 465
37 40 734 4
37 41 398 118
37 42 325 663
37 43 333 723
37 44 651 707
37 45 425 942
37 46 976 468
37 47 411 846
37 48 12 634
37 49 598 668
38 39 817 868
38 40 72 929
38 41 411 21
38 42 107 464
38 43 425 502
38 44 686 558
38 45 384 445
38 46 601 679
38 47 574 704
38 48 264 36
38 49 777 438
39 40 508 312
39 41 243 422
39 42 743 797
39 43 594 284
39 44 606 121
39 45 951 827
39 46 256 362
39 47 628 802
39 48 330 671
39 49 535 208
40 41 542 998
40 42 446 147
40 43 808 837
40 44 828 613
40 45 352 783
40 46 682 814
40 47 597 56
40 48 690 502
40 49 837 912
41 42 493 259
41 43 100 750
41 44 70 478
41 45 392 778
41 46 691 939
41 47 895 414
41 48 389 688
41 49 593 658
42 43 196 993
42 44 407 310
42 45 800 667
42 46 423 807
42 47 394 797
42 48 299 469
42 49 510 389
43 44 651 383
43 45 533 432
43 46 385 216
43 47 146 813
43 48 394 12
43 49 663 372
44 45 269 769
44 46 932 830
44 47 484 456
44 48 290 819
44 49 485 224
45 46 320 481
45 47 622 26
45 48 468 535
45 49 258 398
46 47 142 426
46 48 782 546
46 49 999 343
47 48 268 759
47 49 81 657
48 49 590 29
0
1363
965 23344
966 22565
968 22028
971 21920
972 21799
973 21779
975 21242
978 21134
982 21129
983 21127
984 20677
987 20582
991 20577
992 20575
993 20365
997 20360
1000 20300
1001 20282
1002 19813
1006 19808
1009 19748
1010 19730
1015 19722
1016 19616
1020 19611
1021 19593
1023 19551
1024 19533
1025 19340
1029 19094
1033 19089
1037 19011
1042 18953
1044 18940
1046 18926
1048 18874
1050 18870
1052 18621
1056 18616
1060 18538
1065 18480
1067 18467
1068 18461
1069 18234
1071 18221
1075 18216
1077 18151
1079 18138
1083 18071
1086 18066
1088 18014
1090 18001
1091 17988
1092 17761
1094 17748
1098 17743
1100 17678
1102 17665
1106 17627
1107 17607
1108 17601
1109 17593
1111 17361
1115 17356
1119 17278
1123 17211
1127 17206
1128 17193
1130 17141
1131 17128
1134 16888
1138 16883
1142 16805
1148 16754
1151 16720
1153 16668
1157 16663
1158 16610
1161 16545
1165 16492
1168 16359
1176 16276
1182 16225
1185 16191
1187 16139
1192 16081
1195 16016
1199 15963
1206 15947
1207 15880
1211 15861
1213 15829
1214 15796
1216 15795
1218 15743
1223 15685
1226 15620
1232 15609
1235 15575
1237 15551
1240 15486
1241 15424
1245 15400
1249 15341
1255 15290
1258 15256
1260 15204
1265 15146
1268 15081
1272 15028
1279 15012
1280 14945
1284 14926
1286 14894
1287 14861
1289 14860
1291 14808
1296 14750
1299 14685
1305 14674
1308 14640
1310 14616
1313 14551
1315 14530
1318 14465
1325 14462
1328 14447
1329 14396
1331 14382
1332 14331
1336 14310
1338 14291
1340 14280
1341 14275
1344 14242
1346 14208
1348 14189
1349 14152
1352 14139
1353 14099
1356 14066
1361 14016
1362 14013
1365 13948
1368 13932
1370 13931
1372 13879
1375 13846
1377 13821
1379 13814
1380 13756
1384 13728
1389 13711
1391 13687
1394 13622
1396 13601
1398 13594
1399 13536
1408 13495
1410 13467
1413 13402
1417 13381
1419 13362
1422 13329
1427 13279
1430 13275
1431 13247
1433 13210
1434 13195
1436 13194
1438 13142
1441 13109
1443 13084
1446 13019
1452 13008
1453 13001
1455 12974
1457 12950
1460 12885
1462 12864
1465 12799
1474 12758
1476 12730
1479 12665
1483 12644
1490 12642
1491 12624
1492 12603
1494 12559
1496 12538
1497 12510
1499 12473
1508 12429
1510 12404
1513 12339
1516 12329
1517 12318
1519 12264
1527 12209
1530 12195
1531 12184
1533 12130
1537 12109
1541 12075
1545 12054
1548 12040
1551 11975
1556 11959
1558 11948
1559 11920
1561 11883
1570 11842
1572 11814
1574 11804
1575 11749
1578 11739
1579 11728
1581 11674
1590 11633
1592 11605
1593 11594
1595 11540
1599 11519
1606 11517
1608 11478
1610 11450
1613 11385
1618 11369
1628 11356
1629 11346
1631 11307
1633 11279
1636 11214
1646 11201
1651 11185
1655 11170
1658 11162
1659 11151
1660 11149
1661 11097
1665 11076
1669 11030
1676 11007
1679 10942
1684 10926
1692 10907
1693 10876
1698 10860
1699 10836
1702 10771
1712 10758
1715 10736
1716 10705
1726 10692
1731 10676
1732 10652
1735 10587
1745 10567
1748 10552
1749 10521
1756 10498
1759 10433
1764 10417
1772 10398
1775 10394
1777 10381
1779 10327
1782 10262
1792 10249
1795 10227
1801 10218
1805 10214
1806 10197
1812 10143
1815 10078
1828 10043
1834 10034
1837 10005
1847 9999
1848 9969
1854 9932
1859 9930
1864 9914
1867 9886
1870 9821
1882 9759
1887 9748
1892 9746
1895 9724
1900 9713
1905 9711
1906 9694
1909 9675
1912 9640
1915 9575
1928 9540
1934 9531
1937 9502
1942 9491
1948 9466
1954 9429
1964 9416
1967 9383
1970 9318
1983 9283
1987 9245
2000 9210
2006 9201
2009 9172
2019 9166
2020 9136
2027 9132
2028 9117
2033 9101
2037 9100
2039 9053
2042 8988
2055 8953
2069 8946
2074 8945
2077 8880
2082 8875
2090 8845
2095 8840
2096 8833
2109 8798
2117 8767
2124 8727
2131 8725
2141 8692
2142 8671
2144 8627
2157 8592
2171 8585
2176 8584
2177 8563
2179 8519
2184 8514
2192 8484
2197 8479
2198 8472
2211 8437
2219 8406
2226 8366
2233 8364
2244 8310
2246 8276
2257 8275
2259 8241
2273 8234
2279 8202
2284 8197
2286 8163
2297 8162
2298 8155
2299 8128
2300 8121
2311 8120
2313 8086
2326 8049
2328 8015
2346 7959
2359 7924
2368 7902
2380 7894
2382 7860
2386 7846
2399 7811
2400 7804
2413 7769
2428 7698
2449 7694
2450 7650
2463 7615
2468 7585
2482 7543
2490 7537
2503 7502
2504 7495
2517 7460
2531 7444
2532 7389
2553 7385
2557 7355
2559 7347
2572 7276
2586 7234
2607 7230
2611 7200
2619 7193
2621 7177
2634 7170
2635 7135
2656 7131
2661 7103
2668 7094
2680 7081
2683 7071
2686 7069
2693 7067
2694 7039
2706 7036
2710 7004
2718 6982
2732 6940
2753 6936
2757 6930
2759 6922
2765 6899
2772 6851
2786 6809
2807 6805
2811 6775
2819 6768
2821 6752
2834 6745
2835 6710
2856 6706
2861 6678
2868 6669
2883 6646
2886 6644
2893 6642
2894 6637
2896 6621
2906 6611
2910 6579
2918 6557
2932 6515
2953 6511
2965 6474
2980 6451
2990 6447
2993 6426
3007 6384
3028 6380
3036 6356
3040 6343
3055 6320
3057 6316
3076 6315
3077 6313
3078 6312
3084 6292
3088 6279
3097 6265
3105 6252
3111 6225
3127 6217
3143 6211
3145 6201
3155 6197
3159 6161
3174 6159
3175 6153
3191 6147
3197 6146
3199 6113
3211 6107
3217 6098
3222 6089
3228 6085
3232 6072
3247 6049
3249 6045
3259 6043
3264 6040
3265 6034
3270 6025
3276 6021
3278 6000
3289 5994
3294 5992
3297 5981
3303 5954
3319 5946
3326 5936
3337 5930
3342 5928
3347 5926
3351 5890
3366 5888
3367 5882
3383 5876
3384 5873
3391 5872
3395 5860
3399 5847
3404 5843
3409 5827
3414 5818
3430 5810
3432 5809
3443 5796
3447 5783
3452 5779
3456 5769
3457 5763
3462 5754
3470 5729
3486 5721
3502 5715
3504 5705
3514 5701
3518 5665
3534 5657
3550 5651
3556 5650
3562 5637
3568 5627
3571 5618
3576 5602
3588 5594
3604 5586
3619 5554
3624 5538
3640 5532
3646 5531
3661 5528
3662 5525
3666 5524
3669 5516
3677 5491
3689 5483
3694 5467
3710 5461
3714 5460
3725 5427
3741 5421
3747 5420
3752 5419
3758 5418
3762 5417
3763 5414
3764 5411
3777 5406
3779 5405
3780 5403
3784 5389
3794 5388
3795 5356
3800 5355
3811 5350
3815 5349
3822 5348
3828 5347
3831 5343
3837 5342
3841 5341
3843 5313
3853 5308
3859 5307
3865 5300
3870 5284
3885 5278
3901 5244
3913 5242
3918 5241
3922 5240
3923 5237
3929 5236
3933 5235
3940 5234
3942 5230
3947 5229
3953 5223
3963 5219
3968 5217
3970 5205
3971 5173
3988 5170
3992 5169
4003 5164
4016 5163
4017 5158
4019 5130
4040 5126
4041 5123
4048 5118
4054 5112
4070 5111
4071 5109
4075 5108
4079 5107
4086 5103
4088 5091
4089 5059
4110 5055
4118 5047
4138 5041
4149 5036
4150 5023
4158 5020
4171 5019
4172 4998
4193 4994
4197 4993
4201 4986
4208 4970
4229 4966
4233 4962
4237 4958
4249 4950
4267 4922
4288 4918
4296 4910
4315 4906
4322 4902
4328 4886
4336 4883
4349 4882
4357 4874
4365 4871
4378 4870
4381 4868
4383 4866
4385 4835
4406 4831
4414 4823
4434 4817
4441 4813
4445 4812
4446 4799
4454 4796
4467 4795
4468 4774
4489 4770
4493 4769
4497 4762
4504 4746
4525 4742
4529 4738
4533 4734
4545 4726
4563 4698
4584 4694
4592 4686
4613 4682
4618 4678
4624 4662
4632 4659
4645 4658
4653 4650
4661 4647
4674 4646
4677 4644
4679 4642
4683 4639
4693 4623
4701 4617
4713 4603
4734 4599
4737 4589
4757 4588
4758 4585
4762 4581
4770 4578
4772 4568
4782 4564
4796 4541
4817 4537
4839 4533
4841 4529
4851 4522
4857 4505
4865 4502
4878 4501
4887 4494
4896 4484
4916 4483
4917 4480
4920 4475
4925 4472
4926 4466
4937 4464
4946 4446
4955 4436
4975 4435
4976 4432
4984 4424
5005 4411
5015 4407
5016 4400
5024 4397
5037 4396
5042 4393
5045 4388
5053 4385
5066 4384
5069 4382
5070 4380
5074 4372
5085 4361
5093 4355
5105 4341
5125 4340
5126 4337
5129 4327
5149 4326
5150 4323
5153 4318
5162 4316
5164 4306
5174 4302
5188 4279
5209 4275
5231 4271
5233 4267
5243 4260
5249 4243
5257 4240
5270 4239
5279 4232
5300 4228
5302 4225
5303 4223
5308 4221
5312 4213
5318 4204
5338 4184
5359 4180
5367 4173
5382 4169
5387 4162
5397 4149
5407 4145
5428 4137
5434 4131
5448 4126
5456 4123
5462 4118
5466 4110
5486 4104
5495 4095
5503 4092
5516 4091
5517 4078
5530 4075
5537 4067
5545 4056
5566 4052
5576 4047
5584 4036
5596 4032
5606 4020
5614 4017
5627 4016
5633 4014
5636 4009
5643 4001
5653 3997
5665 3993
5674 3989
5675 3981
5694 3978
5695 3961
5716 3957
5724 3950
5739 3946
5744 3939
5754 3926
5764 3922
5783 3919
5785 3914
5791 3908
5805 3903
5813 3900
5821 3897
5823 3887
5842 3884
5849 3883
5852 3872
5860 3869
5873 3868
5874 3855
5887 3852
5894 3844
5915 3840
5921 3833
5933 3824
5941 3813
5953 3809
5963 3805
5970 3802
5984 3797
5990 3791
5994 3788
6000 3778
6010 3774
6022 3770
6031 3766
6039 3763
6051 3755
6059 3752
6063 3749
6069 3739
6073 3738
6083 3729
6100 3727
6104 3725
6112 3718
6120 3707
6133 3704
6140 3696
6142 3694
6152 3690
6169 3685
6173 3682
6179 3676
6189 3668
6199 3661
6209 3657
6211 3655
6217 3654
6230 3649
6238 3646
6240 3640
6248 3637
6253 3633
6262 3623
6268 3622
6275 3620
6282 3612
6299 3610
6303 3608
6309 3601
6319 3590
6329 3581
6341 3577
6351 3573
6358 3570
6372 3565
6378 3559
6388 3546
6398 3542
6410 3538
6416 3537
6419 3534
6427 3531
6439 3523
6447 3520
6452 3516
6457 3507
6461 3506
6474 3503
6482 3502
6484 3499
6485 3498
6488 3495
6505 3491
6507 3490
6508 3475
6521 3472
6528 3464
6549 3460
6557 3453
6572 3449
6577 3436
6587 3429
6597 3425
6605 3422
6618 3417
6626 3414
6639 3413
6641 3401
6654 3400
6656 3390
6674 3383
6687 3378
6706 3373
6707 3358
6720 3355
6728 3354
6730 3351
6738 3348
6751 3343
6759 3340
6765 3338
6775 3334
6776 3319
6789 3316
6804 3305
6820 3304
6825 3301
6834 3299
6840 3284
6861 3280
6873 3266
6898 3264
6906 3263
6908 3260
6909 3245
6937 3231
6954 3228
6958 3227
6967 3225
6977 3221
6982 3214
6998 3213
7003 3210
7006 3192
7039 3189
7046 3182
7051 3175
7083 3166
7087 3154
7111 3152
7115 3140
7136 3136
7155 3130
7160 3128
7173 3124
7180 3113
7184 3101
7223 3100
7224 3091
7229 3089
7258 3088
7261 3075
7270 3071
7289 3061
7306 3053
7334 3049
7340 3047
7346 3043
7358 3022
7397 3021
7401 3009
7409 3008
7441 2999
7444 2992
7478 2983
7480 2974
7514 2968
7523 2961
7550 2949
7575 2930
7583 2929
7620 2918
7626 2916
7661 2900
7697 2882
7747 2877
7749 2873
7767 2857
7800 2837
7842 2833
7850 2832
7852 2828
7853 2827
7887 2821
7889 2809
7928 2803
7941 2800
7964 2785
8006 2784
8014 2781
8029 2777
8030 2776
8033 2774
8034 2760
8066 2758
8067 2740
8119 2738
8120 2730
8147 2726
8156 2712
8208 2710
8211 2709
8217 2707
8231 2706
8233 2701
8236 2698
8244 2689
8273 2687
8283 2686
8297 2679
8300 2677
8303 2676
8311 2674
8333 2661
8336 2656
8381 2649
8386 2641
8414 2629
8425 2628
8466 2627
8467 2619
8475 2613
8484 2610
8503 2601
8536 2593
8564 2588
8573 2582
8591 2578
8602 2577
8620 2576
8625 2565
8653 2560
8655 2557
8680 2550
8683 2545
8713 2542
8733 2530
8744 2529
8753 2526
8772 2517
8802 2514
8805 2509
8822 2502
8831 2499
8842 2498
8855 2494
8883 2482
8894 2481
8911 2477
8920 2471
8944 2466
8953 2463
8972 2454
9000 2449
9002 2446
9033 2441
9042 2435
9060 2431
9071 2430
9089 2429
9091 2418
9100 2415
9122 2413
9124 2410
9149 2403
9152 2398
9180 2393
9189 2387
9202 2383
9213 2382
9222 2379
9241 2370
9269 2365
9291 2355
9300 2352
9311 2351
9329 2347
9353 2342
9377 2337
9380 2330
9389 2324
9418 2319
9447 2317
9457 2315
9466 2313
9469 2302
9471 2299
9517 2297
9524 2289
9536 2288
9560 2271
9569 2268
9616 2266
9622 2258
9649 2246
9658 2240
9702 2236
9733 2234
9738 2218
9775 2215
9798 2209
9810 2208
9822 2206
9828 2205
9837 2196
9846 2190
9864 2187
9890 2186
9896 2178
9926 2168
9944 2165
9976 2156
10016 2155
10028 2153
10043 2143
10052 2137
10084 2128
10102 2125
10132 2115
10164 2106
10182 2103
10240 2100
10248 2094
10266 2091
10284 2089
10290 2075
10328 2072
10346 2069
10370 2053
10434 2052
10454 2041
10478 2038
10522 2034
10534 2019
10598 2018
10602 2012
10642 2004
10686 2000
10710 1997
10742 1987
10766 1978
10826 1975
10847 1974
10850 1972
10874 1963
10876 1957
10906 1953
10960 1945
10984 1942
11011 1940
11014 1938
11040 1923
11104 1922
11120 1921
11125 1920
11138 1912
11148 1908
11212 1907
11216 1904
11243 1899
11246 1897
11248 1891
11284 1887
11332 1879
11353 1878
11356 1876
11383 1874
11392 1872
11412 1857
11468 1855
11482 1853
11516 1846
11517 1844
11520 1842
11576 1840
11588 1838
11615 1833
11624 1826
11626 1825
11676 1823
11690 1821
11710 1813
11725 1812
11732 1811
11734 1810
11749 1809
11761 1808
11789 1801
11790 1791
11840 1789
11854 1787
11889 1778
11898 1776
11948 1774
11962 1772
11993 1767
11997 1763
12002 1760
12052 1758
12054 1757
12066 1756
12068 1755
12096 1749
12101 1747
12103 1746
12110 1745
12121 1743
12162 1742
12167 1735
12187 1734
12209 1732
12211 1731
12218 1723
12232 1721
12267 1712
12326 1708
12340 1706
12375 1697
12430 1692
12444 1690
12479 1681
12538 1677
12545 1676
12549 1675
12563 1673
12573 1670
12587 1666
12598 1664
12644 1656
12681 1655
12706 1649
12709 1642
12785 1639
12810 1633
12817 1627
12893 1624
12904 1622
12918 1618
12921 1611
12975 1608
13012 1607
13015 1600
13029 1596
13040 1594
13086 1586
13123 1585
13148 1579
13224 1576
13227 1569
13252 1563
13335 1554
13346 1552
13360 1548
13392 1544
13417 1538
13454 1537
13496 1533
13558 1521
13655 1519
13663 1518
13666 1506
13723 1496
13802 1491
13845 1488
13882 1487
13893 1485
13903 1482
13951 1481
13955 1479
13982 1477
13986 1471
14091 1468
14094 1456
14142 1450
14151 1446
14230 1441
14312 1439
14322 1436
14370 1435
14374 1433
14383 1429
14437 1426
14462 1424
14517 1415
14567 1412
14570 1400
14733 1395
14801 1390
14802 1383
14965 1378
14993 1368
15049 1366
15070 1365
15092 1359
15224 1358
15225 1351
15302 1348
15324 1342
15456 1341
15487 1337
15493 1333
15549 1331
15592 1324
15724 1323
15725 1316
15823 1314
15824 1307
15956 1306
15987 1302
16055 1297
16187 1296
16189 1291
16230 1290
16261 1289
16306 1286
16360 1280
16492 1279
16523 1275
16591 1270
16725 1264
16832 1263
16842 1259
16956 1254
17063 1253
17073 1249
17197 1247
17207 1243
17314 1242
17370 1238
17428 1237
17438 1233
17545 1232
17601 1228
17679 1226
17771 1225
17842 1221
17910 1216
18073 1211
18151 1210
18243 1208
18266 1207
18314 1205
18406 1203
18484 1202
18507 1201
18564 1199
18587 1196
18727 1194
18764 1191
18828 1190
18920 1188
19005 1185
19097 1183
19161 1182
19241 1179
19278 1176
19418 1174
19482 1173
19519 1170
19611 1168
19751 1166
19815 1165
19852 1162
19932 1159
20093 1158
20122 1156
20173 1153
20265 1151
20428 1149
20455 1148
20506 1145
20591 1144
20607 1143
20770 1141
20797 1140
20832 1138
20848 1137
20933 1136
21031 1135
21082 1132
21174 1130
21373 1127
21424 1124
21723 1121
21774 1118
22183 1116
22296 1115
22482 1113
22533 1110
22646 1109
22950 1108
23063 1107
23293 1106
23406 1105
23710 1104
23823 1103
