50
0 1 371 710
0 2 82 239
0 3 839 227
0 4 206 844
0 5 147 13
0 6 336 30
0 7 400 371
0 8 840 961
0 9 218 259
0 10 238 422
0 11 464 535
0 12 923 24
0 13 69 763
0 14 357 446
0 15 219 385
0 16 844 629
0 17 560 28
0 18 134 358
0 19 130 537
0 20 425 359
0 21 911 428
0 22 218 490
0 23 355 859
0 24 662 277
0 25 371 166
0 26 76 138
0 27 245 975
0 28 926 256
0 29 623 661
0 30 244 853
0 31 774 535
0 32 37 509
0 33 268 696
0 34 120 990
0 35 818 549
0 36 804 397
0 37 245 163
0 38 842 924
0 39 391 328
0 40 92 264
0 41 266 732
0 42 670 501
0 43 569 180
0 44 761 393
0 45 546 394
0 46 414 372
0 47 129 274
0 48 733 559
0 49 671 588
1 2 140 898
1 3 572 31
1 4 389 946
1 5 619 230
1 6 177 923
1 7 941 200
1 8 352 581
1 9 124 671
1 10 183 590
1 11 925 658
1 12 44 865
1 13 99 761
1 14 709 24
1 15 923 550
1 16 598 718
1 17 848 450
1 18 733 180
1 19 456 491
1 20 425 401
1 21 978 307
1 22 790 259
1 23 728 291
1 24 893 642
1 25 839 383
1 26 633 549
1 27 565 728
1 28 725 335
1 29 615 171
1 30 275 741
1 31 97 771
1 32 118 219
1 33 323 668
1 34 257 807
1 35 379 526
1 36 208 543
1 37 952 712
1 38 702 762
1 39 363 55
1 40 55 44
1 41 361 282
1 42 995 3
1 43 999 712
1 44 596 332
1 45 676 439
1 46 118 560
1 47 374 129
1 48 299 801
1 49 72 732
2 3 599 824
2 4 909 839
2 5 531 887
2 6 694 580
2 7 240 531
2 8 732 213
2 9 653 948
2 10 741 668
2 11 859 37
2 12 57 266
2 13 970 469
2 14 392 258
2 15 749 620
2 16 263 830
2 17 231 640
2 18 829 633
2 19 920 738
2 20 705 553
2 21 644 955
2 22 105 678
2 23 372 12
2 24 481 114
2 25 576 739
2 26 29 324
2 27 939 193
2 28 348 192
2 29 915 23
2 30 92 191
2 31 710 481
2 32 437 315
2 33 117 995
2 34 983 984
2 35 774 990
2 36 173 218
2 37 757 552
2 38 961 979
2 39 993 982
2 40 747 945
2 41 903 111
2 42 170 978
2 43 665 426
2 44 945 25
2 45 886 638
2 46 638 361
2 47 117 253
2 48 339 256
2 49 624 913
3 4 580 58
3 5 549 169
3 6 615 969
3 7 427 424
3 8 144 971
3 9 541 424
3 10 301 193
3 11 715 964
3 12 381 20
3 13 104 399
3 14 764 282
3 15 107 628
3 16 365 769
3 17 657 826
3 18 252 604
3 19 914 465
3 20 110 708
3 21 588 660
3 22 517 525
3 23 698 914
3 24 266 233
3 25 885 758
3 26 65 428
3 27 914 415
3 28 683 405
3 29 440 934
3 30 381 989
3 31 634 323
3 32 289 676
3 33 866 565
3 34 115 705
3 35 6 916
3 36 10 375
3 37 901 353
3 38 255 930
3 39 597 316
3 40 218 565
3 41 600 268
3 42 812 195
3 43 245 381
3 44 302 570
3 45 724 518
3 46 495 348
3 47 209 277
3 48 478 766
3 49 39 669
4 5 47 650
4 6 681 491
4 7 319 338
4 8 860 324
4 9 277 342
4 10 675 279
4 11 73 386
4 12 991 506
4 13 831 37
4 14 96 933
4 15 862 75
4 16 548 955
4 17 308 87
4 18 443 131
4 19 716 182
4 20 472 62
4 21 215 646
4 22 292 534
4 23 473 14
4 24 307 292
4 25 258 174
4 26 517 881
4 27 723 801
4 28 146 160
4 29 902 539
4 30 680 911
4 31 393 680
4 32 651 360
4 33 864 880
4 34 794 559
4 35 72 10
4 36 302 748
4 37 850 596
4 38 571 57
4 39 196 436
4 40 653 862
4 41 257 233
4 42 509 661
4 43 620 213
4 44 61 647
4 45 136 326
4 46 228 590
4 47 392 673
4 48 624 266
4 49 854 4
5 6 789 641
5 7 28 890
5 8 52 947
5 9 860 80
5 10 216 157
5 11 197 995
5 12 727 205
5 13 836 340
5 14 478 695
5 15 512 929
5 16 398 291
5 17 352 266
5 18 181 647
5 19 518 376
5 20 360 38
5 21 47 641
5 22 966 936
5 23 294 745
5 24 223 480
5 25 500 431
5 26 60 476
5 27 130 594
5 28 825 811
5 29 388 589
5 30 929 822
5 31 320 750
5 32 513 870
5 33 205 848
5 34 305 317
5 35 976 918
5 36 71 544
5 37 573 823
5 38 246 451
5 39 341 153
5 40 483 581
5 41 864 776
5 42 253 743
5 43 837 63
5 44 852 452
5 45 424 862
5 46 428 189
5 47 344 32
5 48 130 44
5 49 82 204
6 7 668 141
6 8 407 460
6 9 636 75
6 10 121 212
6 11 730 456
6 12 498 971
6 13 25 433
6 14 509 847
6 15 998 978
6 16 304 238
6 17 373 558
6 18 435 663
6 19 680 128
6 20 229 418
6 21 557 878
6 22 811 73
6 23 529 563
6 24 666 317
6 25 816 296
6 26 625 903
6 27 635 763
6 28 409 658
6 29 692 284
6 30 444 351
6 31 467 918
6 32 236 317
6 33 631 674
6 34 20 726
6 35 564 904
6 36 238 522
6 37 120 492
6 38 677 48
6 39 971 689
6 40 967 84
6 41 999 899
6 42 785 357
6 43 57 155
6 44 645 949
6 45 764 316
6 46 123 854
6 47 870 48
6 48 812 624
6 49 687 39
7 8 982 250
7 9 791 860
7 10 384 51
7 11 683 598
7 12 540 453
7 13 631 422
7 14 567 773
7 15 15 213
7 16 348 969
7 17 251 906
7 18 88 628
7 19 749 309
7 20 616 608
7 21 703 351
7 22 268 399
7 23 756 63
7 24 199 299
7 25 915 514
7 26 568 590
7 27 339 655
7 28 382 837
7 29 436 758
7 30 36 940
7 31 477 238
7 32 483 752
7 33 648 414
7 34 477 660
7 35 181 406
7 36 144 259
7 37 397 814
7 38 572 865
7 39 664 161
7 40 922 789
7 41 741 322
7 42 168 538
7 43 901 202
7 44 999 624
7 45 349 468
7 46 890 33
7 47 765 859
7 48 425 693
7 49 10 983
8 9 360 66
8 10 878 735
8 11 880 77
8 12 616 937
8 13 235 673
8 14 811 92
8 15 3 401
8 16 465 615
8 17 113 847
8 18 795 917
8 19 51 506
8 20 979 979
8 21 177 393
8 22 307 492
8 23 627 667
8 24 374 290
8 25 847 981
8 26 676 433
8 27 743 978
8 28 738 26
8 29 459 619
8 30 644 131
8 31 128 328
8 32 921 424
8 33 427 924
8 34 162 930
8 35 910 301
8 36 885 603
8 37 157 959
8 38 838 233
8 39 804 78
8 40 216 351
8 41 660 572
8 42 143 145
8 43 640 801
8 44 69 18
8 45 878 193
8 46 595 452
8 47 501 222
8 48 837 438
8 49 579 114
9 10 829 153
9 11 46 941
9 12 511 510
9 13 81 128
9 14 52 132
9 15 354 459
9 16 826 725
9 17 44 641
9 18 607 789
9 19 763 418
9 20 467 154
9 21 572 519
9 22 787 379
9 23 369 552
9 24 963 1
9 25 97 1
9 26 268 375
9 27 201 152
9 28 970 573
9 29 927 939
9 30 788 331
9 31 212 413
9 32 915 528
9 33 525 87
9 34 301 408
9 35 309 304
9 36 645 5
9 37 174 758
9 38 982 420
9 39 129 115
9 40 758 899
9 41 780 120
9 42 228 156
9 43 52 140
9 44 182 722
9 45 943 326
9 46 23 823
9 47 625 343
9 48 41 81
9 49 658 895
10 11 841 370
10 12 921 3
10 13 868 353
10 14 367 752
10 15 11 85
10 16 493 415
10 17 149 433
10 18 83 826
10 19 885 914
10 20 543 950
10 21 678 114
10 22 792 236
10 23 333 114
10 24 257 308
10 25 536 230
10 26 766 684
10 27 696 506
10 28 108 142
10 29 9 14
10 30 509 51
10 31 24 372
10 32 280 831
10 33 441 438
10 34 917 27
10 35 907 918
10 36 587 947
10 37 42 296
10 38 324 575
10 39 745 339
10 40 699 550
10 41 202 328
10 42 855 772
10 43 618 362
10 44 808 634
10 45 264 893
10 46 982 652
10 47 898 984
10 48 986 515
10 49 883 255
11 12 939 251
11 13 949 336
11 14 384 801
11 15 439 160
11 16 540 671
11 17 267 128
11 18 872 771
11 19 503 676
11 20 879 64
11 21 465 835
11 22 615 499
11 23 941 331
11 24 579 487
11 25 75 207
11 26 372 341
11 27 180 134
11 28 398 860
11 29 252 261
11 30 223 103
11 31 575 631
11 32 208 733
11 33 990 929
11 34 105 222
11 35 838 843
11 36 531 764
11 37 488 213
11 38 893 811
11 39 718 353
11 40 3 203
11 41 443 39
11 42 400 122
11 43 263 642
11 44 662 23
11 45 271 541
11 46 615 705
11 47 583 949
11 48 198 386
11 49 911 875
12 13 40 44
12 14 810 143
12 15 733 575
12 16 201 252
12 17 71 171
12 18 468 89
12 19 69 544
12 20 471 333
12 21 745 612
12 22 925 21
12 23 263 925
12 24 956 363
12 25 172 932
12 26 867 20
12 27 739 813
12 28 109 582
12 29 46 288
12 30 874 132
12 31 857 702
12 32 126 802
12 33 721 54
12 34 702 952
12 35 592 148
12 36 698 862
12 37 417 307
12 38 850 778
12 39 31 503
12 40 385 259
12 41 301 531
12 42 776 603
12 43 566 883
12 44 334 682
12 45 201 561
12 46 498 716
12 47 958 802
12 48 375 327
12 49 932 894
13 14 492 207
13 15 304 922
13 16 95 308
13 17 253 241
13 18 60 724
13 19 778 734
13 20 102 276
13 21 725 452
13 22 418 194
13 23 584 872
13 24 148 55
13 25 47 98
13 26 106 394
13 27 874 320
13 28 485 359
13 29 579 71
13 30 254 960
13 31 510 942
13 32 330 744
13 33 860 69
13 34 650 280
13 35 215 721
13 36 906 531
13 37 607 643
13 38 7 206
13 39 855 273
13 40 608 307
13 41 428 466
13 42 710 261
13 43 649 622
13 44 666 916
13 45 616 321
13 46 809 421
13 47 485 286
13 48 255 518
13 49 563 358
14 15 630 335
14 16 215 954
14 17 321 193
14 18 460 328
14 19 900 929
14 20 220 404
14 21 175 65
14 22 103 310
14 23 996 502
14 24 99 865
14 25 823 141
14 26 153 880
14 27 971 118
14 28 533 961
14 29 787 695
14 30 404 929
14 31 611 636
14 32 758 836
14 33 560 382
14 34 515 108
14 35 257 834
14 36 302 54
14 37 262 271
14 38 423 27
14 39 5 778
14 40 146 261
14 41 493 350
14 42 675 905
14 43 133 448
14 44 981 353
14 45 331 379
14 46 556 974
14 47 215 167
14 48 671 327
14 49 492 981
15 16 62 108
15 17 418 75
15 18 202 334
15 19 889 849
15 20 624 446
15 21 700 669
15 22 551 166
15 23 759 27
15 24 979 844
15 25 7 161
15 26 912 134
15 27 279 201
15 28 153 405
15 29 808 164
15 30 134 600
15 31 858 68
15 32 770 470
15 33 969 465
15 34 885 839
15 35 293 90
15 36 820 789
15 37 683 899
15 38 663 304
15 39 972 685
15 40 721 377
15 41 504 31
15 42 44 10
15 43 379 505
15 44 832 213
15 45 272 36
15 46 108 899
15 47 254 427
15 48 143 133
15 49 660 783
16 17 544 988
16 18 98 924
16 19 648 115
16 20 986 456
16 21 237 249
16 22 847 908
16 23 148 650
16 24 927 372
16 25 100 256
16 26 326 368
16 27 9 672
16 28 447 443
16 29 582 22
16 30 642 513
16 31 67 716
16 32 861 700
16 33 710 716
16 34 304 246
16 35 870 862
16 36 302 761
16 37 617 50
16 38 293 452
16 39 648 897
16 40 422 482
16 41 630 173
16 42 790 61
16 43 409 16
16 44 236 983
16 45 196 654
16 46 331 235
16 47 977 725
16 48 218 153
16 49 464 414
17 18 251 175
17 19 785 203
17 20 603 379
17 21 75 863
17 22 194 745
17 23 732 915
17 24 299 311
17 25 176 485
17 26 260 935
17 27 146 878
17 28 548 860
17 29 552 203
17 30 171 874
17 31 449 557
17 32 729 110
17 33 846 953
17 34 601 925
17 35 614 787
17 36 721 545
17 37 528 656
17 38 346 622
17 39 348 764
17 40 596 667
17 41 387 691
17 42 748 517
17 43 560 805
17 44 380 918
17 45 1 755
17 46 114 282
17 47 125 165
17 48 185 961
17 49 65 934
18 19 998 231
18 20 585 960
18 21 273 800
18 22 659 641
18 23 698 557
18 24 62 314
18 25 954 508
18 26 706 199
18 27 137 5
18 28 564 547
18 29 339 960
18 30 750 764
18 31 844 270
18 32 377 464
18 33 767 117
18 34 744 394
18 35 30 366
18 36 63 266
18 37 774 980
18 38 514 896
18 39 246 9
18 40 492 551
18 41 639 987
18 42 937 956
18 43 904 919
18 44 939 906
18 45 466 492
18 46 562 212
18 47 766 934
18 48 762 276
18 49 169 495
19 20 362 886
19 21 280 452
19 22 475 962
19 23 440 323
19 24 354 742
19 25 616 74
19 26 86 137
19 27 972 459
19 28 589 877
19 29 973 814
19 30 478 786
19 31 604 963
19 32 738 393
19 33 447 511
19 34 71 874
19 35 60 333
19 36 383 357
19 37 268 695
19 38 971 105
19 39 270 765
19 40 119 98
19 41 286 557
19 42 216 260
19 43 870 467
19 44 465 305
19 45 58 775
19 46 337 272
19 47 294 82
19 48 169 652
19 49 566 179
20 21 519 818
20 22 540 474
20 23 274 294
20 24 342 861
20 25 536 923
20 26 258 103
20 27 648 115
20 28 803 851
20 29 165 483
20 30 460 902
20 31 893 700
20 32 390 410
20 33 533 407
20 34 346 25
20 35 156 307
20 36 179 73
20 37 170 854
20 38 632 975
20 39 744 254
20 40 648 966
20 41 563 473
20 42 396 885
20 43 826 717
20 44 173 300
20 45 588 926
20 46 126 444
20 47 702 9
20 48 448 251
20 49 833 129
21 22 281 501
21 23 779 160
21 24 997 275
21 25 477 717
21 26 389 28
21 27 535 238
21 28 62 920
21 29 274 293
21 30 364 35
21 31 50 385
21 32 432 787
21 33 641 616
21 34 876 588
21 35 173 608
21 36 43 527
21 37 812 543
21 38 480 600
21 39 301 940
21 40 382 236
21 41 645 925
21 42 449 651
21 43 511 756
21 44 101 335
21 45 820 341
21 46 580 303
21 47 271 984
21 48 10 880
21 49 376 379
22 23 486 325
22 24 153 235
22 25 898 402
22 26 415 710
22 27 753 34
22 28 213 456
22 29 491 501
22 30 470 876
22 31 638 658
22 32 67 405
22 33 304 524
22 34 629 142
22 35 537 671
22 36 264 586
22 37 967 957
22 38 728 228
22 39 942 35
22 40 521 505
22 41 390 82
22 42 280 42
22 43 755 101
22 44 856 259
22 45 287 306
22 46 347 197
22 47 578 248
22 48 891 383
22 49 969 229
23 24 517 111
23 25 661 879
23 26 258 541
23 27 380 583
23 28 919 872
23 29 848 887
23 30 74 713
23 31 545 710
23 32 589 959
23 33 135 468
23 34 135 95
23 35 565 117
23 36 270 230
23 37 205 558
23 38 489 982
23 39 4 857
23 40 629 21
23 41 387 883
23 42 428 422
23 43 209 77
23 44 724 683
23 45 709 763
23 46 31 203
23 47 970 36
23 48 219 396
23 49 41 32
24 25 210 328
24 26 52 711
24 27 201 209
24 28 973 405
24 29 996 43
24 30 240 752
24 31 345 380
24 32 575 898
24 33 608 337
24 34 988 741
24 35 551 661
24 36 917 462
24 37 225 378
24 38 106 561
24 39 755 747
24 40 755 783
24 41 860 300
24 42 849 623
24 43 150 477
24 44 115 617
24 45 338 943
24 46 99 753
24 47 90 291
24 48 117 694
24 49 859 636
25 26 324 725
25 27 48 109
25 28 533 264
25 29 608 589
25 30 857 661
25 31 747 481
25 32 28 917
25 33 625 913
25 34 112 880
25 35 494 632
25 36 393 923
25 37 913 420
25 38 503 908
25 39 453 563
25 40 568 677
25 41 719 346
25 42 781 422
25 43 10 915
25 44 187 723
25 45 841 142
25 46 897 799
25 47 224 968
25 48 215 488
25 49 124 149
26 27 788 1
26 28 246 418
26 29 116 11
26 30 826 540
26 31 592 338
26 32 981 98
26 33 123 454
26 34 465 1
26 35 841 635
26 36 786 595
26 37 598 214
26 38 595 541
26 39 39 733
26 40 795 744
26 41 25 131
26 42 669 782
26 43 735 793
26 44 667 649
26 45 719 277
26 46 34 503
26 47 732 122
26 48 518 674
26 49 76 225
27 28 845 181
27 29 406 713
27 30 518 379
27 31 317 841
27 32 121 486
27 33 457 207
27 34 246 257
27 35 920 64
27 36 918 3
27 37 551 112
27 38 136 677
27 39 343 84
27 40 66 737
27 41 391 784
27 42 557 439
27 43 810 19
27 44 326 997
27 45 104 897
27 46 150 629
27 47 29 354
27 48 790 377
27 49 420 975
28 29 488 64
28 30 947 140
28 31 465 541
28 32 572 895
28 33 601 479
28 34 930 315
28 35 358 983
28 36 346 1
28 37 187 28
28 38 970 390
28 39 843 711
28 40 423 361
28 41 747 935
28 42 127 136
28 43 617 292
28 44 926 482
28 45 387 732
28 46 42 74
28 47 314 649
28 48 923 297
28 49 806 641
29 30 7 752
29 31 332 792
29 32 737 891
29 33 382 575
29 34 291 80
29 35 326 424
29 36 550 352
29 37 966 587
29 38 393 584
29 39 778 134
29 40 871 561
29 41 887 183
29 42 404 921
29 43 476 610
29 44 832 450
29 45 463 62
29 46 240 203
29 47 235 264
29 48 423 769
29 49 904 660
30 31 642 766
30 32 152 367
30 33 247 71
30 34 176 587
30 35 336 295
30 36 627 752
30 37 683 175
30 38 886 118
30 39 111 692
30 40 502 48
30 41 750 832
30 42 443 147
30 43 653 879
30 44 229 656
30 45 642 155
30 46 214 142
30 47 964 910
30 48 450 31
30 49 438 497
31 32 321 809
31 33 280 239
31 34 472 882
31 35 624 687
31 36 282 874
31 37 906 743
31 38 378 893
31 39 66 518
31 40 538 86
31 41 452 974
31 42 394 489
31 43 172 981
31 44 333 910
31 45 592 609
31 46 100 636
31 47 538 433
31 48 259 582
31 49 419 146
32 33 529 884
32 34 990 862
32 35 252 315
32 36 181 123
32 37 43 200
32 38 913 273
32 39 350 904
32 40 31 435
32 41 394 860
32 42 143 931
32 43 768 923
32 44 646 92
32 45 949 326
32 46 393 670
32 47 955 233
32 48 642 165
32 49 157 323
33 34 71 822
33 35 201 474
33 36 190 546
33 37 625 539
33 38 549 227
33 39 978 474
33 40 463 360
33 41 595 600
33 42 591 294
33 43 145 863
33 44 902 925
33 45 759 960
33 46 936 494
33 47 693 924
33 48 478 369
33 49 374 120
34 35 93 289
34 36 43 699
34 37 386 423
34 38 431 670
34 39 900 649
34 40 707 471
34 41 693 626
34 42 826 636
34 43 167 522
34 44 189 854
34 45 118 144
34 46 871 585
34 47 951 114
34 48 923 679
34 49 179 390
35 36 486 945
35 37 19 933
35 38 41 847
35 39 265 300
35 40 561 945
35 41 445 513
35 42 8 7
35 43 525 739
35 44 85 231
35 45 315 897
35 46 109 204
35 47 607 132
35 48 917 91
35 49 253 650
36 37 859 462
36 38 47 352
36 39 165 159
36 40 178 286
36 41 335 503
36 42 846 692
36 43 819 428
36 44 252 980
36 45 888 962
36 46 752 714
36 47 827 514
36 48 276 820
36 49 61 701
37 38 135 781
37 39 930 857
37 40 515 330
37 41 919 895
37 42 69 132
37 43 124 302
37 44 336 400
37 45 204 17
37 46 761 134
37 47 97 683
37 48 776 568
37 49 151 847
38 39 855 936
38 40 438 237
38 41 82 2
38 42 532 437
38 43 327 346
38 44 88 147
38 45 454 418
38 46 648 511
38 47 748 951
38 48 25 895
38 49 894 714
39 40 366 774
39 41 673 248
39 42 982 244
39 43 288 418
39 44 132 522
39 45 705 839
39 46 207 563
39 47 728 985
39 48 554 40
39 49 689 690
40 41 673 16
40 42 794 133
40 43 875 227
40 44 682 845
40 45 561 315
40 46 20 302
40 47 16 54
40 48 258 399
40 49 571 513
41 42 80 947
41 43 507 127
41 44 930 458
41 45 627 944
41 46 462 301
41 47 832 162
41 48 506 249
41 49 244 150
42 43 280 976
42 44 372 314
42 45 25 120
42 46 922 159
42 47 42 934
42 48 467 94
42 49 28 925
43 44 463 614
43 45 929 272
43 46 586 886
43 47 399 500
43 48 728 339
43 49 270 989
44 45 759 138
44 46 865 790
44 47 469 946
44 48 864 115
44 49 231 668
45 46 270 119
45 47 355 22
45 48 797 855
45 49 444 937
46 47 333 662
46 48 954 787
46 49 921 887
47 48 271 731
47 49 343 664
48 49 504 612
0
1339
1270 24891
1278 24262
1281 24070
1283 24006
1286 23976
1288 23840
1289 23441
1291 23377
1294 23185
1297 23155
1299 23019
1301 22955
1302 22556
1305 22526
1307 22462
1309 22460
1310 22270
1312 22134
1315 22104
1316 21927
1317 21831
1318 21641
1326 21456
1327 21409
1328 21219
1332 21113
1333 21017
1334 20827
1338 20822
1342 20716
1343 20620
1344 20430
1350 20422
1353 20257
1356 20195
1357 20190
1358 20094
1360 20025
1365 20022
1366 20017
1367 19793
1368 19697
1374 19689
1376 19620
1377 19524
1383 19388
1384 19292
1392 19153
1393 19057
1397 19006
1401 18980
1402 18884
1405 18812
1408 18748
1409 18652
1413 18601
1417 18575
1418 18479
1421 18462
1422 18366
1428 18358
1429 18268
1430 18172
1434 18121
1437 18057
1438 17961
1443 17948
1445 17914
1446 17874
1447 17778
1451 17727
1454 17679
1456 17605
1458 17577
1459 17481
1467 17404
1468 17308
1470 17274
1475 17183
1476 17087
1484 17010
1485 16914
1495 16838
1496 16775
1501 16706
1504 16665
1509 16629
1510 16533
1512 16499
1517 16408
1518 16312
1526 16235
1527 16139
1537 16063
1538 16000
1545 15958
1546 15890
1553 15881
1554 15785
1557 15751
1559 15725
1564 15709
1565 15646
1567 15644
1568 15575
1573 15536
1578 15499
1579 15436
1584 15397
1586 15371
1587 15326
1591 15298
1594 15290
1595 15221
1598 15187
1600 15161
1605 15145
1606 15082
1608 15080
1610 15049
1611 15022
1614 14972
1619 14941
1621 14873
1625 14833
1627 14807
1631 14797
1632 14734
1635 14726
1638 14668
1640 14624
1645 14612
1646 14587
1649 14535
1651 14485
1653 14459
1660 14396
1661 14378
1664 14320
1667 14312
1671 14302
1672 14239
1675 14187
1678 14173
1680 14129
1685 14117
1686 14048
1689 14040
1691 13990
1693 13964
1698 13950
1700 13901
1703 13892
1704 13825
1709 13811
1712 13773
1714 13753
1715 13692
1719 13689
1723 13664
1725 13632
1726 13553
1730 13550
1734 13547
1735 13536
1737 13534
1738 13455
1741 13417
1746 13400
1748 13395
1749 13316
1752 13278
1757 13261
1762 13247
1763 13191
1764 13180
1768 13128
1772 13125
1774 13052
1775 13041
1779 12989
1783 12986
1787 12983
1788 12945
1789 12916
1791 12891
1794 12853
1800 12777
1802 12752
1805 12714
1813 12681
1814 12670
1816 12627
1817 12616
1822 12615
1826 12567
1827 12488
1828 12477
1839 12406
1841 12381
1842 12352
1844 12343
1852 12337
1853 12213
1865 12196
1866 12117
1867 12106
1879 12017
1881 11981
1892 11842
1907 11785
1908 11756
1918 11646
1923 11629
1933 11613
1934 11560
1936 11533
1937 11522
1944 11474
1949 11433
1951 11397
1960 11388
1962 11258
1977 11201
1978 11172
1988 11062
2003 11029
2004 10976
2014 10890
2029 10833
2030 10804
2040 10694
2056 10608
2067 10530
2073 10501
2083 10444
2089 10415
2096 10389
2099 10329
2112 10262
2113 10257
2115 10243
2123 10225
2125 10133
2138 10112
2139 10098
2140 10093
2141 10047
2152 9969
2165 9948
2168 9883
2181 9828
2184 9825
2187 9811
2188 9806
2196 9788
2197 9701
2198 9696
2208 9664
2210 9629
2213 9615
2214 9610
2223 9551
2224 9537
2225 9532
2237 9465
2240 9451
2241 9446
2250 9387
2253 9379
2260 9374
2266 9301
2270 9264
2279 9246
2281 9227
2282 9197
2286 9178
2293 9160
2295 9119
2297 9100
2306 9082
2309 9033
2313 9014
2322 8955
2325 8947
2338 8869
2355 8820
2366 8811
2368 8808
2370 8795
2373 8787
2374 8774
2383 8762
2384 8722
2386 8709
2401 8673
2403 8660
2407 8645
2411 8626
2420 8567
2423 8559
2436 8481
2453 8432
2464 8423
2466 8420
2468 8407
2471 8399
2472 8386
2481 8374
2482 8334
2484 8321
2499 8285
2501 8272
2512 8263
2514 8260
2517 8252
2518 8239
2520 8226
2522 8222
2527 8206
2530 8174
2537 8171
2543 8120
2558 8116
2560 8071
2569 8067
2570 8062
2573 8059
2575 8046
2578 8038
2579 8025
2586 8018
2587 8013
2589 7973
2591 7960
2606 7924
2608 7911
2619 7902
2621 7899
2624 7891
2625 7878
2627 7865
2629 7861
2636 7853
2637 7813
2644 7810
2654 7764
2661 7761
2665 7755
2667 7737
2671 7733
2673 7718
2675 7714
2676 7706
2677 7701
2684 7688
2690 7669
2692 7665
2693 7657
2694 7652
2703 7642
2707 7638
2709 7637
2710 7624
2711 7619
2712 7611
2713 7590
2715 7577
2722 7559
2723 7554
2730 7541
2732 7528
2739 7510
2740 7505
2747 7502
2749 7495
2751 7482
2753 7478
2757 7474
2758 7464
2759 7459
2761 7430
2768 7427
2775 7415
2776 7410
2778 7381
2785 7378
2789 7372
2794 7365
2795 7350
2797 7335
2799 7331
2800 7323
2801 7318
2808 7300
2814 7286
2816 7282
2817 7274
2818 7269
2825 7251
2832 7248
2834 7241
2835 7236
2836 7228
2837 7223
2842 7220
2844 7205
2846 7176
2847 7171
2854 7168
2861 7156
2863 7127
2864 7122
2871 7119
2874 7118
2875 7113
2879 7111
2880 7096
2881 7091
2882 7081
2883 7076
2886 7064
2891 7062
2897 7057
2899 7032
2900 7027
2903 7015
2908 7013
2914 7006
2916 7001
2917 6996
2919 6995
2920 6982
2922 6969
2924 6968
2927 6967
2931 6957
2932 6917
2939 6914
2949 6868
2956 6865
2960 6859
2965 6852
2966 6837
2968 6822
2975 6819
2976 6808
2982 6803
2985 6773
2992 6770
2993 6759
3001 6757
3002 6742
3009 6714
3012 6713
3016 6711
3018 6708
3021 6701
3026 6665
3029 6664
3033 6662
3037 6656
3040 6655
3042 6649
3043 6634
3045 6619
3052 6616
3053 6605
3057 6597
3062 6570
3069 6567
3070 6556
3074 6548
3079 6539
3086 6536
3087 6525
3089 6510
3093 6502
3098 6498
3101 6488
3106 6461
3110 6453
3117 6450
3118 6439
3123 6430
3127 6422
3134 6394
3137 6393
3141 6391
3143 6388
3146 6381
3151 6345
3154 6344
3158 6342
3162 6336
3165 6335
3167 6329
3168 6314
3170 6299
3177 6296
3178 6285
3184 6280
3187 6250
3194 6247
3195 6236
3203 6234
3204 6219
3211 6216
3212 6205
3214 6190
3220 6185
3223 6178
3231 6141
3242 6132
3248 6110
3259 6083
3276 6052
3293 6043
3298 6035
3301 6025
3302 6016
3309 6008
3313 6007
3315 6006
3319 5981
3326 5977
3330 5958
3336 5950
3340 5946
3347 5923
3357 5915
3364 5892
3368 5888
3380 5883
3385 5857
3390 5856
3397 5848
3401 5847
3407 5840
3410 5830
3411 5821
3414 5817
3418 5798
3428 5786
3435 5782
3439 5763
3445 5755
3456 5728
3468 5723
3473 5697
3489 5688
3495 5680
3498 5670
3499 5661
3506 5653
3510 5652
3523 5622
3527 5603
3546 5597
3548 5595
3549 5586
3552 5576
3571 5570
3574 5566
3576 5563
3577 5528
3596 5522
3602 5501
3606 5489
3622 5487
3627 5481
3628 5472
3631 5462
3633 5460
3650 5429
3656 5414
3675 5402
3676 5393
3681 5387
3687 5384
3701 5373
3703 5370
3704 5335
3723 5329
3729 5308
3748 5302
3754 5288
3755 5279
3766 5270
3783 5221
3808 5194
3822 5192
3841 5186
3847 5165
3866 5159
3872 5145
3873 5136
3884 5127
3885 5114
3901 5078
3926 5051
3980 5045
3988 5019
4002 5008
4013 4992
4018 4972
4036 4963
4043 4945
4061 4936
4067 4915
4105 4913
4121 4909
4123 4904
4130 4886
4148 4877
4153 4857
4154 4856
4168 4845
4178 4830
4184 4809
4202 4800
4232 4793
4243 4790
4244 4781
4255 4772
4256 4759
4271 4750
4272 4723
4297 4696
4319 4694
4349 4687
4359 4664
4373 4653
4384 4637
4389 4617
4407 4608
4414 4590
4432 4581
4438 4560
4476 4558
4492 4554
4494 4549
4501 4531
4519 4522
4524 4502
4525 4501
4539 4490
4549 4475
4555 4454
4573 4445
4603 4438
4616 4434
4624 4431
4636 4416
4642 4395
4660 4386
4674 4375
4690 4339
4720 4332
4733 4328
4738 4323
4751 4319
4759 4316
4777 4280
4807 4273
4811 4270
4825 4264
4839 4248
4855 4217
4868 4213
4898 4206
4916 4197
4924 4194
4926 4189
4942 4158
4989 4144
4993 4140
5004 4126
5017 4122
5033 4091
5080 4081
5091 4067
5135 4038
5148 4034
5171 4014
5182 4000
5222 3979
5251 3977
5269 3965
5273 3961
5286 3956
5304 3951
5312 3946
5313 3912
5360 3902
5382 3889
5407 3888
5417 3868
5428 3865
5450 3860
5451 3835
5501 3834
5505 3829
5520 3812
5543 3808
5547 3805
5555 3791
5566 3788
5569 3779
5577 3774
5592 3767
5617 3753
5646 3751
5661 3744
5664 3739
5668 3735
5685 3728
5696 3714
5707 3702
5708 3686
5755 3676
5777 3663
5802 3662
5824 3653
5827 3626
5846 3609
5896 3603
5915 3586
5964 3574
5965 3549
5987 3541
6023 3540
6034 3526
6056 3518
6092 3517
6096 3511
6102 3497
6106 3481
6142 3480
6160 3475
6164 3472
6175 3458
6207 3441
6234 3434
6243 3429
6244 3424
6266 3416
6283 3412
6303 3411
6312 3406
6313 3401
6326 3381
6356 3379
6364 3376
6375 3366
6385 3356
6421 3355
6433 3353
6439 3350
6443 3347
6444 3343
6454 3333
6463 3329
6475 3319
6486 3316
6512 3314
6513 3309
6522 3304
6535 3301
6544 3296
6555 3293
6562 3287
6576 3279
6584 3276
6595 3266
6605 3256
6635 3254
6643 3251
6652 3250
6654 3241
6674 3233
6695 3219
6723 3218
6732 3214
6742 3204
6754 3194
6790 3193
6791 3189
6808 3188
6811 3181
6823 3171
6832 3167
6845 3164
6855 3154
6863 3151
6874 3141
6904 3139
6921 3135
6924 3131
6931 3125
6943 3118
6953 3114
6964 3104
6974 3094
7011 3089
7023 3079
7043 3071
7080 3066
7090 3062
7092 3056
7101 3052
7111 3042
7124 3039
7149 3037
7157 3036
7160 3027
7168 3026
7180 3019
7193 3016
7200 3010
7213 3005
7229 3004
7232 2989
7243 2979
7292 2978
7297 2973
7301 2966
7311 2965
7312 2956
7351 2953
7360 2950
7362 2943
7369 2937
7380 2927
7418 2924
7434 2921
7438 2914
7448 2913
7449 2904
7463 2903
7480 2895
7523 2886
7526 2874
7537 2864
7571 2853
7580 2850
7582 2843
7606 2841
7636 2837
7645 2834
7664 2830
7674 2829
7675 2820
7700 2819
7713 2817
7717 2798
7755 2795
7762 2794
7763 2790
7774 2780
7802 2779
7808 2769
7817 2766
7819 2759
7832 2757
7874 2735
7919 2731
7928 2729
7937 2726
7954 2714
7992 2711
7999 2710
8008 2708
8010 2706
8019 2698
8021 2696
8039 2695
8052 2693
8055 2685
8058 2683
8064 2682
8066 2675
8069 2673
8094 2671
8111 2651
8156 2647
8174 2642
8201 2630
8230 2627
8246 2626
8255 2624
8258 2622
8266 2614
8269 2612
8286 2611
8289 2609
8305 2599
8311 2590
8316 2589
8331 2587
8356 2586
8358 2567
8403 2563
8421 2558
8448 2547
8477 2543
8505 2538
8515 2537
8516 2528
8531 2526
8536 2525
8558 2506
8578 2503
8603 2502
8608 2489
8630 2486
8668 2483
8671 2480
8693 2477
8695 2463
8729 2462
8750 2461
8758 2454
8778 2442
8808 2428
8828 2425
8850 2422
8875 2421
8880 2408
8895 2402
8915 2399
8949 2398
8955 2397
8967 2382
9001 2381
9014 2378
9028 2364
9050 2361
9080 2347
9100 2344
9115 2338
9149 2337
9154 2329
9167 2321
9187 2318
9221 2317
9227 2316
9234 2314
9241 2303
9275 2302
9286 2297
9300 2283
9360 2279
9365 2278
9366 2275
9374 2265
9387 2257
9421 2256
9447 2252
9453 2249
9461 2239
9495 2238
9506 2233
9527 2231
9534 2226
9552 2224
9565 2217
9580 2215
9585 2214
9586 2211
9626 2206
9638 2202
9639 2198
9660 2193
9673 2185
9698 2179
9725 2176
9747 2167
9772 2161
9785 2153
9838 2152
9845 2148
9851 2145
9859 2135
9904 2129
9925 2126
9932 2122
9950 2120
9966 2118
9977 2117
9978 2111
9984 2107
10011 2104
10024 2102
10036 2098
10037 2094
10058 2089
10071 2081
10111 2076
10123 2072
10145 2063
10209 2061
10218 2050
10236 2048
10263 2045
10270 2041
10288 2039
10304 2037
10310 2030
10322 2026
10323 2022
10375 2013
10397 2004
10409 2000
10469 1995
10470 1991
10494 1989
10519 1988
10522 1982
10556 1969
10574 1967
10641 1958
10661 1941
10721 1936
10788 1930
10808 1910
10894 1906
10935 1899
10963 1898
10976 1887
11036 1882
11094 1881
11099 1879
11103 1876
11110 1867
11123 1856
11181 1855
11209 1852
11250 1845
11278 1844
11298 1840
11338 1839
11384 1836
11385 1835
11401 1833
11409 1827
11414 1825
11425 1813
11472 1809
11496 1801
11582 1797
11623 1790
11648 1789
11671 1785
11711 1784
11716 1782
11727 1780
11754 1779
11774 1766
11798 1758
11845 1754
11921 1747
11950 1746
11972 1743
11973 1742
12020 1738
12021 1734
12076 1733
12089 1727
12100 1725
12127 1724
12147 1711
12223 1704
12270 1700
12299 1699
12322 1695
12323 1691
12370 1687
12402 1682
12446 1680
12449 1678
12476 1677
12497 1676
12498 1675
12514 1673
12525 1671
12552 1670
12572 1657
12658 1653
12662 1650
12672 1644
12747 1641
12748 1637
12751 1635
12795 1633
12827 1628
12874 1624
12901 1623
12922 1622
12923 1621
12926 1619
12927 1615
12974 1611
13001 1610
13039 1606
13050 1604
13077 1603
13080 1601
13097 1590
13176 1581
13224 1579
13262 1577
13266 1574
13276 1568
13351 1565
13352 1561
13399 1557
13426 1556
13451 1552
13479 1550
13505 1547
13526 1546
13527 1545
13574 1541
13595 1540
13605 1534
13643 1530
13681 1527
13701 1514
13787 1510
13791 1507
13828 1503
13876 1498
13918 1496
13962 1494
13966 1491
14003 1487
14030 1480
14116 1476
14120 1473
14199 1465
14205 1464
14285 1461
14289 1458
14295 1457
14372 1451
14374 1449
14458 1447
14460 1445
14464 1442
14541 1436
14547 1435
14596 1434
14627 1432
14633 1431
14638 1430
14644 1429
14680 1428
14686 1427
14716 1420
14765 1419
14802 1416
14813 1414
14855 1412
14890 1408
14896 1407
14932 1406
14938 1405
14976 1404
14982 1403
15018 1402
15024 1401
15065 1392
15107 1390
15151 1388
15193 1386
15267 1385
15278 1383
15320 1381
15355 1377
15361 1376
15385 1374
15427 1372
15471 1370
15513 1368
15530 1361
15572 1359
15616 1357
15658 1355
15705 1354
15711 1353
15791 1350
15797 1349
15825 1348
15850 1343
15880 1338
15966 1334
16082 1331
16093 1329
16143 1328
16170 1323
16176 1322
16200 1320
16256 1319
16262 1318
16286 1316
16345 1307
16431 1303
16561 1301
16582 1300
16640 1294
16665 1289
16751 1285
16833 1284
16881 1283
16919 1280
16958 1274
17044 1270
17153 1266
17239 1262
17253 1261
17278 1256
17364 1252
17494 1250
17513 1248
17573 1243
17644 1238
17730 1234
17806 1233
17860 1232
17892 1229
17939 1225
18025 1221
18101 1220
18126 1215
18212 1211
18342 1209
18382 1208
18421 1202
18492 1197
18578 1193
18708 1191
18741 1189
18787 1184
18873 1180
19003 1178
19052 1176
19064 1175
19066 1174
19107 1171
19152 1170
19261 1167
19323 1165
19347 1163
19359 1162
19361 1161
19445 1158
19447 1157
19577 1155
19581 1154
19626 1153
19638 1152
19663 1151
19679 1149
19681 1148
19828 1147
19833 1145
19835 1144
19897 1142
19919 1141
19921 1140
19933 1139
20010 1138
20019 1135
20137 1134
20153 1132
20155 1131
20244 1129
20253 1126
20371 1125
20407 1122
20484 1121
20493 1118
20634 1116
20652 1115
20664 1114
20718 1112
20727 1109
20832 1107
20886 1106
20898 1105
20966 1104
20968 1103
21049 1101
21066 1098
21138 1097
21220 1094
21297 1093
21306 1090
21372 1088
21465 1087
21477 1086
21531 1084
21540 1081
21694 1080
21699 1078
21711 1077
21829 1076
21862 1073
21942 1072
21951 1069
22110 1066
22176 1063
22185 1060
22344 1057
22485 1055
22507 1052
22666 1049
22807 1047
22894 1046
22966 1044
23141 1042
23150 1039
23309 1036
23516 1035
23537 1033
23729 1031
23823 1030
23888 1028
24095 1027
24116 1025
24323 1024
24402 1022
24609 1021
24886 1020
24907 1018
25114 1017
25193 1015
25400 1014
