50 1225
0 1 146 678
0 2 869 992
0 3 794 901
0 4 818 354
0 5 645 249
0 6 638 192
0 7 101 651
0 8 708 791
0 9 47 61
0 10 41 635
0 11 122 682
0 12 788 823
0 13 576 749
0 14 785 244
0 15 375 408
0 16 446 158
0 17 764 22
0 18 964 969
0 19 646 904
0 20 635 829
0 21 19 120
0 22 272 580
0 23 93 892
0 24 174 301
0 25 977 327
0 26 770 710
0 27 970 983
0 28 909 169
0 29 980 200
0 30 15 553
0 31 562 603
0 32 324 419
0 33 930 779
0 34 851 725
0 35 445 419
0 36 551 8
0 37 399 752
0 38 407 950
0 39 857 204
0 40 488 706
0 41 621 365
0 42 749 60
0 43 195 468
0 44 469 330
0 45 943 476
0 46 669 487
0 47 741 973
0 48 314 360
0 49 89 687
1 2 863 836
1 3 837 952
1 4 521 884
1 5 23 807
1 6 589 448
1 7 211 192
1 8 597 229
1 9 275 563
1 10 373 678
1 11 580 728
1 12 8 541
1 13 111 824
1 14 957 515
1 15 166 910
1 16 633 477
1 17 568 8
1 18 992 382
1 19 126 547
1 20 208 936
1 21 960 371
1 22 877 481
1 23 31 559
1 24 409 815
1 25 903 606
1 26 411 655
1 27 472 621
1 28 709 940
1 29 630 972
1 30 922 202
1 31 675 636
1 32 110 651
1 33 330 719
1 34 389 137
1 35 988 52
1 36 188 364
1 37 316 338
1 38 951 763
1 39 220 29
1 40 265 726
1 41 132 399
1 42 242 572
1 43 851 889
1 44 932 999
1 45 346 631
1 46 574 687
1 47 362 681
1 48 708 372
1 49 448 908
2 3 129 562
2 4 803 902
2 5 726 970
2 6 571 343
2 7 273 538
2 8 298 417
2 9 288 192
2 10 47 30
2 11 494 998
2 12 657 608
2 13 873 432
2 14 139 111
2 15 660 443
2 16 572 971
2 17 396 622
2 18 502 583
2 19 907 703
2 20 855 621
2 21 88 330
2 22 308 565
2 23 466 794
2 24 239 204
2 25 168 886
2 26 184 470
2 27 703 926
2 28 964 884
2 29 376 985
2 30 926 233
2 31 788 689
2 32 768 226
2 33 56 801
2 34 951 216
2 35 855 766
2 36 66 226
2 37 840 511
2 38 300 255
2 39 66 560
2 40 316 990
2 41 189 489
2 42 458 281
2 43 400 239
2 44 499 527
2 45 972 494
2 46 412 50
2 47 374 254
2 48 294 340
2 49 811 7
3 4 389 931
3 5 167 733
3 6 360 438
3 7 797 755
3 8 166 239
3 9 854 134
3 10 38 785
3 11 254 74
3 12 712 404
3 13 335 716
3 14 849 377
3 15 760 434
3 16 200 148
3 17 619 820
3 18 810 843
3 19 245 780
3 20 212 866
3 21 329 295
3 22 79 335
3 23 987 117
3 24 195 380
3 25 812 32
3 26 973 223
3 27 123 891
3 28 280 908
3 29 480 1000
3 30 285 684
3 31 963 987
3 32 802 134
3 33 662 760
3 34 507 884
3 35 160 583
3 36 757 757
3 37 171 198
3 38 713 619
3 39 176 957
3 40 205 208
3 41 891 711
3 42 773 178
3 43 214 169
3 44 500 914
3 45 534 134
3 46 980 21
3 47 420 600
3 48 451 64
3 49 194 823
4 5 782 355
4 6 174 408
4 7 588 297
4 8 241 450
4 9 155 978
4 10 902 225
4 11 578 978
4 12 225 310
4 13 137 153
4 14 486 515
4 15 843 515
4 16 170 621
4 17 914 791
4 18 4 108
4 19 224 622
4 20 346 114
4 21 434 291
4 22 949 364
4 23 826 443
4 24 406 120
4 25 822 800
4 26 854 118
4 27 311 515
4 28 336 432
4 29 3 906
4 30 280 121
4 31 666 586
4 32 934 225
4 33 368 983
4 34 575 114
4 35 347 93
4 36 289 809
4 37 427 109
4 38 631 461
4 39 210 71
4 40 951 201
4 41 499 712
4 42 252 7
4 43 12 331
4 44 861 363
4 45 398 794
4 46 31 161
4 47 810 375
4 48 416 371
4 49 66 942
5 6 567 111
5 7 751 383
5 8 549 76
5 9 655 865
5 10 10 900
5 11 794 772
5 12 351 68
5 13 314 980
5 14 522 2
5 15 947 586
5 16 539 884
5 17 682 819
5 18 215 4
5 19 13 486
5 20 841 443
5 21 327 87
5 22 139 679
5 23 964 349
5 24 585 65
5 25 301 924
5 26 642 578
5 27 928 932
5 28 611 2
5 29 182 414
5 30 197 587
5 31 605 355
5 32 911 262
5 33 575 698
5 34 379 708
5 35 103 768
5 36 21 119
5 37 554 214
5 38 212 638
5 39 615 738
5 40 446 215
5 41 252 207
5 42 93 166
5 43 591 358
5 44 187 664
5 45 623 727
5 46 826 322
5 47 623 304
5 48 763 636
5 49 718 136
6 7 307 679
6 8 562 169
6 9 952 65
6 10 892 748
6 11 208 564
6 12 862 757
6 13 549 342
6 14 784 644
6 15 45 739
6 16 540 947
6 17 271 774
6 18 324 282
6 19 505 447
6 20 135 952
6 21 519 394
6 22 264 76
6 23 243 427
6 24 729 558
6 25 404 545
6 26 944 516
6 27 71 38
6 28 736 376
6 29 702 102
6 30 539 646
6 31 129 166
6 32 893 878
6 33 227 169
6 34 477 393
6 35 571 105
6 36 746 27
6 37 123 379
6 38 964 230
6 39 710 229
6 40 440 69
6 41 136 419
6 42 139 947
6 43 841 274
6 44 950 553
6 45 152 864
6 46 153 994
6 47 961 120
6 48 210 853
6 49 999 784
7 8 229 497
7 9 594 427
7 10 653 189
7 11 541 261
7 12 433 774
7 13 569 215
7 14 781 902
7 15 448 381
7 16 547 806
7 17 325 902
7 18 193 4
7 19 250 477
7 20 330 620
7 21 31 586
7 22 970 840
7 23 805 114
7 24 747 187
7 25 59 565
7 26 540 168
7 27 220 935
7 28 822 996
7 29 274 697
7 30 794 605
7 31 64 207
7 32 576 474
7 33 606 498
7 34 193 401
7 35 422 1
7 36 334 233
7 37 174 683
7 38 116 738
7 39 735 633
7 40 570 183
7 41 811 810
7 42 988 820
7 43 589 185
7 44 169 695
7 45 660 882
7 46 954 878
7 47 96 515
7 48 773 664
7 49 579 505
8 9 936 736
8 10 674 290
8 11 184 494
8 12 125 894
8 13 302 844
8 14 991 168
8 15 159 258
8 16 500 246
8 17 493 646
8 18 156 562
8 19 481 659
8 20 382 178
8 21 918 257
8 22 539 587
8 23 469 699
8 24 176 87
8 25 895 509
8 26 676 349
8 27 711 775
8 28 477 320
8 29 354 631
8 30 190 568
8 31 103 754
8 32 203 444
8 33 862 573
8 34 451 931
8 35 991 899
8 36 415 936
8 37 309 661
8 38 774 640
8 39 179 648
8 40 515 149
8 41 516 84
8 42 218 168
8 43 57 488
8 44 673 472
8 45 374 940
8 46 685 444
8 47 184 381
8 48 91 949
8 49 570 108
9 10 676 596
9 11 165 303
9 12 924 918
9 13 280 936
9 14 478 37
9 15 747 856
9 16 669 252
9 17 42 159
9 18 540 710
9 19 681 13
9 20 406 152
9 21 815 232
9 22 972 600
9 23 795 600
9 24 348 895
9 25 543 445
9 26 792 842
9 27 691 372
9 28 830 33
9 29 218 191
9 30 131 830
9 31 254 430
9 32 43 638
9 33 511 284
9 34 823 606
9 35 844 944
9 36 886 588
9 37 792 684
9 38 750 751
9 39 926 831
9 40 897 831
9 41 78 383
9 42 366 713
9 43 211 592
9 44 497 602
9 45 329 570
9 46 463 411
9 47 891 560
9 48 826 537
9 49 61 731
10 11 773 588
10 12 761 419
10 13 834 561
10 14 19 794
10 15 145 830
10 16 837 440
10 17 139 205
10 18 622 692
10 19 252 345
10 20 173 1
10 21 692 88
10 22 889 197
10 23 253 607
10 24 470 9
10 25 849 326
10 26 876 718
10 27 779 876
10 28 366 176
10 29 546 480
10 30 418 607
10 31 517 609
10 32 774 206
10 33 127 762
10 34 407 106
10 35 915 350
10 36 18 813
10 37 7 921
10 38 252 910
10 39 127 588
10 40 114 52
10 41 741 268
10 42 942 707
10 43 247 211
10 44 736 832
10 45 29 351
10 46 373 489
10 47 744 834
10 48 6 777
10 49 994 603
11 12 375 147
11 13 944 738
11 14 62 427
11 15 655 777
11 16 982 153
11 17 178 90
11 18 450 986
11 19 449 120
11 20 254 890
11 21 115 396
11 22 35 724
11 23 480 514
11 24 17 501
11 25 220 244
11 26 646 233
11 27 203 586
11 28 584 676
11 29 681 7
11 30 379 266
11 31 734 247
11 32 27 812
11 33 845 465
11 34 190 12
11 35 615 965
11 36 11 712
11 37 309 76
11 38 323 107
11 39 13 599
11 40 90 55
11 41 72 355
11 42 155 396
11 43 129 114
11 44 627 654
11 45 795 34
11 46 934 466
11 47 561 100
11 48 230 954
11 49 964 468
12 13 35 42
12 14 571 15
12 15 521 95
12 16 856 867
12 17 967 470
12 18 813 61
12 19 857 882
12 20 80 172
12 21 761 719
12 22 357 809
12 23 768 262
12 24 736 397
12 25 622 740
12 26 624 802
12 27 455 758
12 28 455 384
12 29 390 961
12 30 347 275
12 31 981 715
12 32 329 686
12 33 248 224
12 34 806 294
12 35 731 872
12 36 452 546
12 37 258 174
12 38 793 111
12 39 360 66
12 40 861 19
12 41 879 462
12 42 696 526
12 43 360 913
12 44 455 996
12 45 348 583
12 46 798 682
12 47 237 321
12 48 901 500
12 49 886 305
13 14 174 493
13 15 523 706
13 16 214 714
13 17 478 526
13 18 721 579
13 19 16 271
13 20 859 962
13 21 981 459
13 22 772 565
13 23 426 876
13 24 812 686
13 25 789 864
13 26 942 869
13 27 705 740
13 28 424 218
13 29 669 614
13 30 958 358
13 31 105 877
13 32 669 153
13 33 803 882
13 34 999 835
13 35 562 671
13 36 118 718
13 37 265 789
13 38 148 209
13 39 669 762
13 40 514 76
13 41 256 204
13 42 825 169
13 43 50 156
13 44 699 47
13 45 753 100
13 46 59 843
13 47 788 531
13 48 475 499
13 49 90 290
14 15 874 394
14 16 244 163
14 17 677 206
14 18 722 411
14 19 573 606
14 20 633 752
14 21 44 150
14 22 56 416
14 23 433 569
14 24 754 646
14 25 798 755
14 26 443 438
14 27 58 619
14 28 22 291
14 29 322 284
14 30 355 231
14 31 246 701
14 32 625 839
14 33 872 949
14 34 220 250
14 35 452 110
14 36 150 35
14 37 783 83
14 38 361 476
14 39 599 93
14 40 169 119
14 41 810 7
14 42 309 567
14 43 617 845
14 44 811 275
14 45 590 547
14 46 8 398
14 47 431 563
14 48 739 495
14 49 8 149
15 16 393 932
15 17 589 149
15 18 865 330
15 19 469 41
15 20 705 31
15 21 51 47
15 22 682 26
15 23 968 657
15 24 693 958
15 25 29 809
15 26 927 840
15 27 985 932
15 28 890 109
15 29 789 741
15 30 610 983
15 31 210 856
15 32 511 362
15 33 927 773
15 34 652 460
15 35 71 662
15 36 996 263
15 37 780 129
15 38 790 911
15 39 493 345
15 40 732 831
15 41 317 621
15 42 684 164
15 43 481 314
15 44 669 512
15 45 136 793
15 46 285 319
15 47 179 708
15 48 579 212
15 49 193 889
16 17 629 171
16 18 491 492
16 19 597 157
16 20 651 699
16 21 633 631
16 22 498 175
16 23 305 884
16 24 765 922
16 25 660 38
16 26 408 727
16 27 585 576
16 28 287 164
16 29 587 262
16 30 351 165
16 31 541 363
16 32 56 967
16 33 382 85
16 34 286 531
16 35 67 613
16 36 36 827
16 37 514 600
16 38 443 906
16 39 654 946
16 40 236 52
16 41 59 910
16 42 620 471
16 43 643 481
16 44 476 688
16 45 710 584
16 46 60 978
16 47 10 506
16 48 798 952
16 49 145 886
17 18 122 407
17 19 144 724
17 20 817 538
17 21 265 783
17 22 746 48
17 23 809 817
17 24 675 48
17 25 368 710
17 26 261 269
17 27 28 708
17 28 706 734
17 29 831 958
17 30 701 626
17 31 818 549
17 32 280 841
17 33 701 775
17 34 65 985
17 35 320 3
17 36 858 865
17 37 348 118
17 38 73 892
17 39 460 126
17 40 220 505
17 41 948 552
17 42 200 825
17 43 194 811
17 44 593 480
17 45 527 533
17 46 308 248
17 47 862 63
17 48 226 201
17 49 653 62
18 19 612 497
18 20 801 425
18 21 92 138
18 22 269 119
18 23 821 317
18 24 309 820
18 25 122 876
18 26 336 611
18 27 498 321
18 28 859 872
18 29 620 277
18 30 842 55
18 31 539 963
18 32 90 179
18 33 10 200
18 34 801 419
18 35 470 988
18 36 93 241
18 37 366 744
18 38 860 89
18 39 534 317
18 40 450 432
18 41 101 371
18 42 823 632
18 43 240 301
18 44 136 473
18 45 956 202
18 46 197 758
18 47 726 93
18 48 238 86
18 49 989 390
19 20 710 137
19 21 11 149
19 22 496 990
19 23 123 142
19 24 418 844
19 25 19 764
19 26 356 585
19 27 920 858
19 28 715 258
19 29 54 29
19 30 35 236
19 31 435 510
19 32 973 692
19 33 167 421
19 34 164 64
19 35 502 503
19 36 541 863
19 37 105 878
19 38 634 453
19 39 259 720
19 40 643 904
19 41 377 212
19 42 490 549
19 43 786 834
19 44 848 437
19 45 948 61
19 46 580 374
19 47 933 193
19 48 75 422
19 49 691 437
20 21 218 373
20 22 538 833
20 23 846 501
20 24 292 52
20 25 999 61
20 26 555 521
20 27 313 182
20 28 555 742
20 29 600 50
20 30 657 514
20 31 311 76
20 32 144 438
20 33 487 247
20 34 770 835
20 35 898 382
20 36 867 514
20 37 705 276
20 38 811 842
20 39 407 244
20 40 357 36
20 41 600 308
20 42 873 214
20 43 743 541
20 44 633 640
20 45 198 617
20 46 408 52
20 47 918 859
20 48 339 538
20 49 191 252
21 22 987 571
21 23 585 382
21 24 781 794
21 25 88 708
21 26 717 396
21 27 502 820
21 28 738 837
21 29 766 422
21 30 705 359
21 31 693 608
21 32 632 424
21 33 27 114
21 34 228 933
21 35 900 758
21 36 597 882
21 37 749 518
21 38 109 467
21 39 144 301
21 40 47 405
21 41 954 370
21 42 796 979
21 43 479 941
21 44 724 636
21 45 546 450
21 46 72 427
21 47 366 128
21 48 495 551
21 49 409 472
22 23 600 794
22 24 823 245
22 25 402 704
22 26 831 396
22 27 934 528
22 28 761 945
22 29 710 786
22 30 414 243
22 31 915 111
22 32 174 84
22 33 774 542
22 34 660 514
22 35 640 578
22 36 546 347
22 37 268 99
22 38 586 789
22 39 185 270
22 40 449 609
22 41 145 938
22 42 154 11
22 43 231 447
22 44 743 583
22 45 397 607
22 46 460 963
22 47 206 604
22 48 964 192
22 49 547 774
23 24 69 69
23 25 578 604
23 26 952 259
23 27 519 989
23 28 628 692
23 29 278 163
23 30 790 421
23 31 531 830
23 32 167 956
23 33 497 34
23 34 680 425
23 35 748 726
23 36 695 943
23 37 731 537
23 38 934 354
23 39 273 472
23 40 98 349
23 41 383 757
23 42 812 978
23 43 795 601
23 44 789 127
23 45 163 246
23 46 323 539
23 47 543 270
23 48 580 726
23 49 424 308
24 25 726 537
24 26 605 186
24 27 665 423
24 28 563 922
24 29 151 622
24 30 648 246
24 31 370 799
24 32 440 800
24 33 370 144
24 34 737 674
24 35 41 709
24 36 541 64
24 37 578 218
24 38 497 135
24 39 85 316
24 40 190 755
24 41 831 542
24 42 875 885
24 43 983 529
24 44 75 518
24 45 696 853
24 46 720 246
24 47 710 528
24 48 965 813
24 49 735 650
25 26 402 123
25 27 233 559
25 28 214 667
25 29 430 502
25 30 31 853
25 31 587 469
25 32 468 988
25 33 680 62
25 34 833 435
25 35 16 77
25 36 991 886
25 37 504 687
25 38 741 378
25 39 766 908
25 40 492 827
25 41 367 406
25 42 788 110
25 43 554 361
25 44 548 231
25 45 218 82
25 46 63 320
25 47 630 681
25 48 742 778
25 49 339 792
26 27 75 376
26 28 972 108
26 29 215 399
26 30 605 195
26 31 113 121
26 32 512 638
26 33 744 234
26 34 585 378
26 35 760 315
26 36 127 547
26 37 628 356
26 38 250 817
26 39 546 142
26 40 111 640
26 41 22 896
26 42 413 909
26 43 852 164
26 44 419 196
26 45 121 96
26 46 30 125
26 47 658 404
26 48 208 145
26 49 221 426
27 28 802 297
27 29 565 986
27 30 575 532
27 31 896 37
27 32 402 536
27 33 727 438
27 34 211 749
27 35 357 761
27 36 954 112
27 37 528 673
27 38 839 251
27 39 687 498
27 40 290 12
27 41 264 378
27 42 436 771
27 43 240 2
27 44 455 138
27 45 485 269
27 46 66 260
27 47 863 963
27 48 434 513
27 49 561 873
28 29 328 642
28 30 282 117
28 31 213 736
28 32 296 849
28 33 598 77
28 34 344 567
28 35 583 112
28 36 285 903
28 37 968 639
28 38 677 118
28 39 118 298
28 40 184 379
28 41 440 877
28 42 742 243
28 43 404 31
28 44 183 499
28 45 365 548
28 46 756 932
28 47 19 183
28 48 186 139
28 49 550 931
29 30 490 181
29 31 513 124
29 32 316 447
29 33 966 862
29 34 227 781
29 35 669 925
29 36 413 774
29 37 180 980
29 38 133 759
29 39 111 995
29 40 797 371
29 41 723 837
29 42 344 935
29 43 54 467
29 44 712 484
29 45 730 454
29 46 54 974
29 47 745 392
29 48 306 654
29 49 746 990
30 31 847 203
30 32 333 777
30 33 2 626
30 34 165 30
30 35 83 91
30 36 929 109
30 37 870 861
30 38 560 981
30 39 81 557
30 40 736 790
30 41 612 484
30 42 327 667
30 43 453 167
30 44 92 440
30 45 147 433
30 46 262 654
30 47 56 343
30 48 381 239
30 49 829 790
31 32 192 279
31 33 361 53
31 34 706 313
31 35 322 981
31 36 625 836
31 37 993 746
31 38 442 416
31 39 199 66
31 40 997 602
31 41 12 20
31 42 503 973
31 43 208 866
31 44 499 890
31 45 346 219
31 46 801 65
31 47 726 305
31 48 646 803
31 49 78 70
32 33 120 809
32 34 671 462
32 35 246 466
32 36 611 390
32 37 660 335
32 38 17 211
32 39 811 726
32 40 411 925
32 41 917 914
32 42 199 668
32 43 387 587
32 44 460 29
32 45 345 937
32 46 45 453
32 47 459 936
32 48 26 808
32 49 892 664
33 34 626 438
33 35 961 144
33 36 648 247
33 37 432 705
33 38 476 824
33 39 310 546
33 40 806 632
33 41 678 787
33 42 370 611
33 43 827 633
33 44 369 152
33 45 351 880
33 46 100 811
33 47 963 913
33 48 799 990
33 49 662 807
34 35 723 243
34 36 995 706
34 37 627 240
34 38 890 919
34 39 946 461
34 40 332 733
34 41 253 281
34 42 709 728
34 43 967 504
34 44 823 88
34 45 862 3
34 46 277 118
34 47 920 643
34 48 665 20
34 49 385 626
35 36 503 605
35 37 428 230
35 38 160 624
35 39 481 597
35 40 527 295
35 41 844 212
35 42 929 384
35 43 958 682
35 44 622 136
35 45 201 806
35 46 483 665
35 47 89 525
35 48 49 458
35 49 769 498
36 37 626 463
36 38 117 311
36 39 387 820
36 40 646 216
36 41 626 983
36 42 273 34
36 43 866 873
36 44 403 141
36 45 342 691
36 46 615 51
36 47 489 954
36 48 561 805
36 49 573 831
37 38 821 953
37 39 226 606
37 40 632 43
37 41 393 990
37 42 926 685
37 43 547 548
37 44 210 770
37 45 190 378
37 46 64 43
37 47 288 942
37 48 813 676
37 49 381 687
38 39 969 727
38 40 901 865
38 41 229 49
38 42 863 385
38 43 780 906
38 44 428 58
38 45 545 508
38 46 974 786
38 47 461 136
38 48 427 853
38 49 27 832
39 40 261 581
39 41 554 394
39 42 300 985
39 43 732 185
39 44 769 165
39 45 804 317
39 46 153 10
39 47 631 656
39 48 271 215
39 49 181 175
40 41 154 351
40 42 920 734
40 43 81 497
40 44 539 767
40 45 345 574
40 46 293 678
40 47 850 803
40 48 970 41
40 49 334 828
41 42 341 843
41 43 52 321
41 44 80 776
41 45 293 936
41 46 780 289
41 47 756 821
41 48 524 141
41 49 365 549
42 43 716 554
42 44 777 245
42 45 757 495
42 46 872 242
42 47 534 923
42 48 258 126
42 49 327 726
43 44 803 335
43 45 455 353
43 46 333 756
43 47 181 485
43 48 442 885
43 49 145 539
44 45 79 64
44 46 460 200
44 47 86 467
44 48 416 15
44 49 473 425
45 46 190 870
45 47 122 196
45 48 116 248
45 49 414 196
46 47 667 873
46 48 940 91
46 49 680 237
47 48 865 558
47 49 859 65
48 49 708 768
0
1258
1261 24365
1264 23671
1268 23094
1272 22640
1280 22329
1284 21875
1292 21696
1296 21242
1304 21155
1305 21136
1306 21113
1308 20803
1316 20716
1317 20697
1318 20480
1326 20393
1327 20374
1330 20041
1338 19954
1339 19935
1344 19779
1349 19686
1353 19673
1356 19340
1364 19253
1365 19234
1373 19170
1375 18985
1383 18898
1384 18879
1386 18765
1394 18678
1395 18659
1398 18651
1403 18595
1404 18590
1405 18410
1413 18323
1414 18304
1417 18296
1424 18275
1425 18209
1426 18102
1434 18015
1435 17996
1437 17888
1443 17887
1445 17801
1446 17782
1449 17774
1454 17718
1455 17713
1456 17533
1462 17532
1464 17446
1465 17427
1468 17419
1474 17418
1475 17398
1476 17332
1477 17225
1483 17224
1485 17138
1486 17119
1489 17111
1491 17031
1494 17010
1498 17005
1501 16943
1502 16923
1503 16904
1506 16896
1508 16861
1510 16676
1513 16655
1521 16568
1522 16549
1525 16541
1531 16368
1534 16347
1542 16260
1543 16241
1546 16233
1548 16186
1551 16165
1554 16146
1555 16127
1557 16117
1559 16078
1560 16059
1563 16051
1564 15978
1567 15957
1569 15878
1572 15857
1576 15851
1579 15843
1580 15770
1581 15751
1584 15743
1586 15738
1588 15737
1589 15717
1590 15673
1592 15656
1593 15637
1595 15627
1597 15599
1599 15572
1602 15488
1605 15467
1607 15430
1610 15409
1613 15380
1614 15361
1617 15353
1618 15322
1619 15303
1622 15295
1623 15283
1625 15266
1626 15247
1628 15183
1632 15182
1633 15179
1635 15109
1638 15088
1640 15040
1643 15019
1646 15001
1647 14982
1648 14980
1649 14967
1651 14932
1652 14913
1655 14905
1656 14904
1658 14877
1659 14872
1660 14853
1661 14793
1666 14735
1669 14733
1673 14661
1676 14640
1678 14621
1681 14590
1682 14577
1684 14553
1685 14534
1688 14532
1690 14517
1691 14487
1692 14482
1693 14463
1694 14414
1699 14345
1702 14343
1706 14334
1707 14285
1711 14231
1714 14211
1715 14198
1717 14190
1719 14171
1720 14163
1723 14127
1724 14108
1725 14094
1726 14084
1729 14039
1732 13966
1735 13964
1740 13895
1747 13884
1748 13880
1749 13861
1750 13857
1751 13841
1752 13781
1756 13748
1758 13715
1761 13713
1762 13660
1765 13658
1766 13644
1770 13589
1773 13516
1782 13475
1784 13451
1788 13409
1791 13407
1793 13363
1796 13293
1799 13265
1803 13210
1810 13200
1815 13179
1816 13108
1817 13072
1822 13042
1825 13040
1829 12959
1836 12955
1837 12843
1843 12821
1849 12806
1856 12793
1857 12690
1863 12592
1873 12561
1880 12493
1883 12439
1893 12408
1895 12372
1896 12338
1899 12310
1902 12289
1903 12255
1906 12242
1915 12187
1916 12151
1917 12117
1922 12087
1925 12085
1928 12038
1929 12004
1936 11922
1937 11888
1943 11866
1949 11851
1956 11769
1957 11735
1962 11671
1963 11637
1976 11626
1979 11572
1980 11538
1982 11518
1983 11484
1996 11460
1998 11423
1999 11389
2000 11385
2005 11321
2006 11287
2015 11265
2016 11231
2022 11209
2025 11168
2026 11134
2039 11123
2041 11014
2042 10980
2049 10968
2058 10946
2059 10912
2062 10886
2068 10849
2069 10815
2077 10766
2078 10732
2084 10695
2085 10661
2098 10650
2101 10642
2104 10601
2105 10567
2114 10541
2120 10447
2121 10413
2130 10387
2143 10376
2146 10363
2149 10327
2150 10293
2158 10272
2159 10238
2165 10173
2166 10139
2187 10094
2188 10060
2197 10034
2200 10024
2203 9998
2204 9964
2222 9945
2225 9919
2226 9885
2232 9820
2233 9786
2258 9768
2259 9750
2264 9734
2266 9705
2267 9671
2270 9645
2271 9611
2296 9593
2297 9575
2302 9559
2304 9537
2305 9503
2324 9480
2328 9471
2330 9415
2331 9381
2342 9362
2343 9328
2364 9300
2365 9266
2368 9240
2369 9206
2373 9197
2394 9188
2395 9170
2399 9161
2402 9132
2403 9098
2407 9082
2410 9056
2411 9022
2436 8996
2437 8983
2440 8957
2441 8923
2464 8891
2467 8887
2470 8826
2471 8792
2491 8777
2496 8774
2497 8756
2504 8711
2505 8677
2508 8651
2509 8617
2534 8599
2535 8581
2542 8570
2543 8536
2549 8533
2560 8522
2563 8521
2564 8487
2568 8486
2572 8467
2575 8441
2576 8407
2579 8402
2589 8372
2601 8362
2608 8341
2610 8326
2611 8318
2613 8287
2615 8258
2617 8227
2628 8216
2642 8209
2643 8191
2646 8166
2656 8162
2662 8135
2668 8132
2670 8128
2674 8127
2678 8108
2680 8077
2682 8048
2684 8017
2695 8006
2698 8001
2708 7971
2713 7956
2719 7928
2722 7902
2723 7868
2734 7857
2736 7826
2752 7807
2762 7790
2765 7765
2775 7761
2785 7752
2786 7718
2789 7692
2790 7658
2801 7647
2803 7616
2814 7612
2819 7597
2831 7589
2832 7555
2838 7527
2841 7501
2842 7467
2867 7449
2868 7431
2871 7406
2881 7402
2893 7392
2894 7372
2897 7370
2904 7351
2905 7317
2908 7291
2909 7257
2934 7239
2937 7230
2938 7196
2961 7162
2963 7151
2973 7147
2986 7117
2989 7115
2992 7100
2993 7066
3008 7054
3009 7020
3019 7017
3026 7001
3029 6975
3030 6941
3053 6907
3078 6889
3092 6863
3093 6829
3103 6826
3116 6813
3117 6805
3120 6779
3121 6745
3137 6716
3150 6684
3173 6650
3175 6639
3185 6635
3198 6605
3201 6603
3204 6588
3205 6554
3220 6542
3221 6508
3231 6505
3238 6489
3241 6463
3242 6429
3265 6395
3290 6377
3304 6351
3305 6317
3315 6314
3328 6301
3330 6299
3334 6292
3335 6258
3348 6238
3349 6204
3374 6186
3397 6180
3398 6146
3408 6143
3412 6110
3419 6095
3432 6071
3441 6067
3447 6054
3455 6037
3464 6035
3467 6009
3468 5975
3491 5941
3516 5923
3525 5900
3530 5897
3531 5863
3539 5846
3556 5845
3560 5838
3561 5804
3574 5784
3575 5750
3600 5732
3623 5726
3624 5692
3634 5689
3638 5656
3645 5641
3663 5638
3667 5613
3685 5590
3694 5583
3696 5563
3704 5547
3721 5545
3729 5529
3730 5519
3737 5504
3748 5496
3749 5491
3750 5489
3755 5481
3759 5469
3766 5454
3767 5453
3774 5438
3791 5436
3792 5435
3793 5432
3796 5410
3806 5403
3812 5397
3813 5395
3814 5387
3819 5382
3820 5380
3825 5360
3837 5344
3850 5342
3851 5339
3859 5316
3866 5301
3876 5294
3877 5293
3878 5288
3879 5286
3884 5278
3888 5266
3895 5251
3906 5250
3911 5245
3915 5243
3920 5233
3921 5230
3922 5229
3928 5228
3929 5207
3935 5200
3940 5195
3941 5194
3942 5192
3947 5184
3948 5179
3949 5177
3958 5157
3969 5156
3970 5151
3976 5141
3980 5136
3988 5129
3989 5126
3992 5120
3998 5106
3999 5101
4005 5091
4011 5085
4012 5083
4021 5077
4033 5057
4039 5047
4040 5042
4050 5027
4058 5020
4059 5017
4062 5007
4068 4997
4069 4992
4084 4983
4094 4975
4095 4972
4097 4968
4103 4948
4109 4942
4113 4933
4122 4921
4123 4918
4132 4898
4144 4893
4150 4883
4154 4878
4162 4875
4163 4868
4167 4859
4173 4843
4179 4833
4186 4824
4195 4819
4208 4804
4214 4784
4224 4769
4233 4759
4243 4734
4261 4726
4273 4711
4278 4695
4292 4676
4297 4660
4315 4652
4327 4637
4337 4634
4343 4612
4346 4602
4356 4597
4362 4587
4372 4562
4392 4554
4396 4551
4398 4549
4401 4535
4414 4534
4421 4504
4426 4488
4450 4477
4456 4467
4473 4451
4475 4430
4502 4422
4505 4409
4507 4406
4510 4393
4527 4377
4554 4369
4556 4348
4559 4335
4585 4329
4602 4327
4605 4314
4607 4311
4608 4295
4611 4282
4634 4271
4656 4253
4659 4240
4669 4234
4686 4218
4708 4200
4711 4187
4718 4176
4745 4170
4747 4165
4761 4152
4764 4139
4770 4123
4800 4114
4813 4099
4816 4086
4818 4081
4839 4075
4847 4070
4850 4066
4852 4061
4861 4057
4864 4044
4870 4028
4891 4022
4900 4019
4909 4018
4911 4013
4913 4004
4916 3991
4923 3980
4934 3971
4952 3966
4969 3959
4971 3956
4973 3949
4974 3943
4975 3927
5016 3909
5021 3906
5023 3885
5041 3882
5050 3879
5052 3874
5055 3870
5075 3832
5105 3825
5114 3822
5116 3817
5130 3797
5139 3775
5187 3763
5194 3740
5221 3735
5235 3723
5253 3720
5262 3717
5267 3708
5275 3706
5276 3700
5287 3670
5317 3663
5326 3660
5335 3658
5351 3613
5399 3601
5433 3573
5448 3568
5478 3561
5487 3544
5512 3511
5560 3499
5594 3471
5629 3457
5648 3442
5680 3416
5726 3412
5728 3404
5730 3402
5763 3381
5775 3377
5790 3355
5816 3347
5838 3343
5849 3326
5872 3315
5897 3314
5898 3308
5920 3303
5944 3287
5958 3260
5985 3257
6006 3248
6008 3247
6033 3245
6034 3239
6041 3225
6053 3221
6067 3218
6089 3213
6090 3207
6115 3206
6117 3204
6127 3170
6175 3158
6176 3152
6203 3149
6222 3131
6259 3117
6271 3113
6298 3110
6301 3102
6305 3099
6329 3092
6345 3062
6393 3050
6433 3049
6437 3046
6440 3023
6505 3021
6519 2994
6523 2991
6547 2984
6571 2979
6595 2972
6618 2952
6642 2945
6692 2938
6697 2923
6721 2916
6723 2913
6767 2910
6771 2909
6773 2901
6799 2899
6815 2897
6820 2874
6870 2867
6894 2860
6899 2845
6901 2842
6925 2835
6973 2831
6975 2828
7006 2824
7017 2819
7025 2816
7065 2815
7067 2812
7072 2789
7103 2764
7151 2760
7153 2757
7177 2750
7226 2747
7234 2746
7235 2745
7250 2743
7258 2739
7269 2734
7281 2721
7329 2717
7331 2714
7355 2679
7404 2676
7413 2674
7436 2668
7452 2665
7478 2662
7487 2660
7527 2654
7533 2636
7582 2633
7591 2631
7614 2625
7624 2623
7630 2622
7656 2591
7665 2589
7705 2583
7737 2580
7746 2578
7753 2577
7762 2575
7802 2569
7822 2567
7828 2566
7834 2548
7843 2546
7876 2538
7915 2537
7924 2535
7931 2534
7940 2532
7957 2527
7973 2524
8004 2522
8006 2495
8015 2493
8089 2491
8098 2489
8103 2481
8112 2479
8132 2477
8142 2476
8151 2474
8184 2452
8193 2450
8205 2448
8226 2442
8281 2438
8290 2436
8302 2434
8320 2433
8323 2428
8343 2426
8362 2423
8372 2409
8374 2407
8383 2405
8404 2399
8416 2397
8471 2393
8480 2391
8501 2385
8513 2383
8540 2380
8562 2364
8571 2362
8592 2356
8594 2354
8635 2352
8656 2346
8690 2344
8691 2340
8722 2338
8728 2337
8743 2332
8755 2330
8782 2311
8813 2309
8834 2303
8846 2301
8880 2299
8904 2297
8913 2295
8922 2293
8933 2287
8970 2284
8989 2282
9019 2279
9024 2258
9068 2256
9110 2250
9112 2248
9124 2244
9155 2242
9174 2240
9188 2234
9222 2232
9231 2229
9260 2225
9273 2224
9275 2220
9300 2205
9331 2203
9352 2197
9364 2195
9366 2191
9410 2189
9446 2187
9451 2181
9474 2179
9488 2178
9502 2172
9542 2152
9586 2150
9634 2144
9642 2138
9673 2136
9693 2134
9706 2128
9740 2126
9749 2123
9778 2119
9793 2114
9837 2112
9842 2109
9876 2091
9884 2085
9928 2083
9992 2073
10012 2072
10020 2066
10064 2064
10070 2063
10083 2062
10091 2056
10135 2054
10151 2051
10170 2049
10171 2048
10199 2044
10219 2043
10223 2036
10231 2030
10234 2028
10242 2022
10286 2020
10326 2012
10350 2010
10370 2009
10378 2003
10404 2002
10412 1996
10449 1993
10493 1991
10520 1984
10533 1983
10548 1977
10581 1973
10589 1967
10633 1965
10669 1964
10673 1957
10684 1949
10725 1948
10728 1947
10759 1941
10762 1939
10770 1933
10814 1931
10820 1930
10854 1923
10878 1921
10891 1920
10906 1914
10950 1912
10990 1904
11027 1901
11031 1894
11075 1892
11109 1884
11117 1878
11161 1876
11167 1875
11201 1868
11212 1860
11253 1859
11256 1858
11297 1857
11304 1856
11312 1850
11337 1849
11348 1841
11392 1839
11420 1838
11433 1837
11448 1831
11492 1829
11510 1828
11532 1821
11559 1805
11603 1803
11695 1786
11739 1784
11754 1777
11798 1775
11857 1773
11890 1758
11934 1756
12008 1751
12050 1741
12055 1740
12099 1738
12144 1732
12186 1722
12191 1721
12235 1719
12245 1713
12348 1709
12353 1708
12381 1694
12543 1678
12546 1676
12661 1675
12679 1659
12682 1657
12762 1656
12841 1646
12844 1644
12876 1642
12879 1640
12898 1637
12992 1635
13038 1629
13041 1627
13060 1621
13063 1619
13157 1617
13196 1602
13199 1600
13293 1598
13358 1589
13361 1587
13393 1585
13396 1583
13476 1582
13490 1581
13509 1578
13555 1572
13558 1570
13609 1568
13639 1567
13671 1562
13674 1560
13757 1558
13768 1557
13771 1555
13801 1554
13807 1543
13810 1541
13929 1539
13932 1537
14004 1526
14007 1524
14087 1523
14126 1522
14129 1520
14201 1516
14204 1514
14217 1511
14220 1509
14250 1508
14284 1506
14342 1505
14365 1501
14368 1499
14407 1497
14441 1495
14444 1493
14497 1491
14527 1490
14536 1488
14540 1480
14543 1478
14641 1476
14730 1473
14733 1471
14737 1463
14740 1461
14820 1460
14925 1459
14934 1453
14937 1451
14950 1448
14953 1446
14983 1445
15017 1443
15098 1438
15101 1436
15174 1432
15177 1430
15230 1428
15260 1427
15269 1425
15295 1421
15298 1419
15326 1417
15371 1415
15374 1413
15463 1410
15466 1408
15508 1406
15511 1404
15539 1402
15569 1401
15584 1400
15587 1398
15617 1397
15676 1395
15679 1393
15709 1392
15732 1390
15735 1388
15782 1386
15816 1384
15830 1382
15881 1377
15884 1375
15929 1373
15932 1371
15960 1369
16049 1366
16052 1364
16094 1362
16097 1360
16127 1359
16142 1358
16145 1356
16173 1354
16203 1353
16262 1351
16265 1349
16295 1348
16310 1347
16313 1345
16340 1344
16374 1342
16388 1340
16416 1338
16472 1335
16475 1333
16515 1329
16518 1327
16617 1326
16640 1324
16643 1322
16683 1318
16686 1316
16728 1314
16731 1312
16761 1311
16853 1309
16856 1307
16886 1306
16896 1303
16899 1301
16929 1300
16971 1298
16974 1296
17053 1295
17096 1293
17099 1291
17139 1287
17142 1285
17221 1284
17263 1282
17266 1280
17327 1279
17330 1277
17372 1275
17375 1273
17405 1272
17431 1271
17434 1269
17500 1268
17530 1267
17540 1264
17543 1262
17573 1261
17615 1259
17618 1257
17695 1256
17725 1255
17740 1254
17743 1252
17783 1248
17786 1246
17865 1245
17907 1243
17910 1241
17938 1240
18006 1239
18032 1238
18035 1236
18075 1232
18078 1230
18174 1228
18227 1226
18230 1224
18298 1223
18326 1222
18405 1221
18451 1219
18454 1218
18457 1216
18463 1214
18466 1212
18609 1210
18615 1208
18618 1206
18830 1205
18836 1203
18839 1201
18923 1200
18982 1199
18988 1197
18991 1195
19039 1194
19042 1192
19293 1191
19296 1189
19384 1188
19390 1187
19406 1185
19412 1183
19415 1181
19499 1180
19656 1179
19757 1177
19763 1176
19847 1175
19863 1173
19869 1171
19872 1169
20029 1168
20113 1167
20217 1166
20220 1164
20377 1163
20461 1162
20468 1161
20477 1160
20483 1158
20486 1156
20825 1155
20831 1153
20834 1151
21152 1149
21158 1147
21161 1145
21500 1144
21506 1142
21509 1140
21858 1138
21861 1136
