300 2
79322
408 5 973
958 451 634
864 301 601
562 177 919
836 680 395
887 72 852
61 923 17
247 452 553
772 993 89
634 461 445
862 869 38
613 827 170
543 692 366
559 255 838
543 91 932
422 978 88
569 40 949
665 287 631
198 59 854
31 692 317
66 554 429
106 168 781
597 710 378
390 270 668
359 812 144
9 235 717
730 803 157
375 469 548
473 666 363
564 697 270
116 763 316
537 869 42
786 467 587
727 856 51
922 215 856
209 224 693
474 953 131
778 328 643
370 801 103
20 365 680
361 481 516
258 19 923
321 804 261
96 532 504
140 454 625
995 663 260
87 138 775
980 915 74
344 286 653
373 305 708
100 665 243
590 922 11
949 244 830
776 340 640
459 479 592
357 475 528
477 562 469
551 542 472
953 886 185
157 259 672
725 358 707
774 948 114
841 897 202
713 673 293
117 132 930
974 488 469
495 965 114
153 517 461
726 471 484
586 628 379
749 353 726
578 127 941
330 968 97
325 682 300
661 798 210
475 773 133
764 268 631
616 421 582
10 148 949
289 733 289
827 483 610
723 61 853
568 390 521
310 715 334
725 376 632
272 851 111
307 616 400
308 232 668
826 242 688
815 530 547
432 357 616
401 81 896
497 649 415
562 959 75
308 684 398
853 956 110
172 264 711
757 572 450
764 398 672
919 213 763
808 644 404
180 46 974
611 543 450
434 105 880
971 413 509
885 266 647
651 437 529
33 195 886
646 959 43
502 879 124
886 687 244
629 867 73
453 479 570
925 912 160
357 884 68
473 770 236
546 421 673
882 454 478
790 101 823
97 602 297
615 489 549
778 119 892
986 571 335
738 497 593
594 853 213
862 327 693
396 872 32
368 754 241
533 544 472
658 640 296
662 256 778
355 34 972
913 21 922
952 758 314
903 352 690
739 214 693
345 610 472
372 977 82
853 511 430
436 170 900
620 832 88
295 187 740
88 101 830
452 53 987
313 955 39
28 694 302
69 40 872
982 411 502
650 264 752
862 699 351
715 320 696
823 615 439
965 702 372
128 154 931
49 467 609
321 494 520
807 562 460
903 544 360
977 195 762
562 57 998
317 772 189
903 595 489
676 561 464
549 688 368
475 737 211
357 58 958
932 864 96
548 767 302
574 745 162
864 307 612
854 624 450
165 527 466
90 204 700
717 753 290
498 228 762
746 584 417
488 517 457
792 65 857
641 638 439
684 503 435
784 358 705
657 523 445
125 613 396
154 330 629
870 828 177
325 575 347
836 64 939
212 856 182
355 497 469
243 182 885
438 966 26
258 623 420
604 748 217
155 901 131
457 771 226
987 97 814
103 932 21
734 144 952
430 499 496
764 742 290
602 181 844
798 438 512
516 43 856
848 197 883
510 654 380
1 642 412
66 744 296
194 479 590
179 909 66
661 674 242
325 276 677
956 74 948
211 590 459
213 438 651
117 948 91
791 948 36
563 14 998
267 208 784
115 387 587
461 48 858
550 373 591
818 329 649
525 539 558
274 752 232
220 868 106
818 659 304
60 223 743
46 489 519
510 603 483
883 65 996
930 614 355
254 433 602
651 958 31
639 232 862
65 451 616
439 270 729
761 330 713
97 375 566
640 884 178
571 767 308
549 698 300
900 952 137
580 603 473
800 243 679
771 307 706
611 746 321
110 507 425
830 604 403
41 244 740
854 815 122
733 364 714
226 265 803
152 845 143
37 645 392
153 417 682
720 28 966
558 137 812
725 967 113
267 9 900
693 862 220
886 596 358
778 821 186
623 973 49
71 11 891
760 163 826
757 882 112
500 440 582
749 165 850
602 432 585
699 125 864
612 12 892
888 790 283
430 413 655
816 483 587
848 243 658
297 1 989
772 500 466
384 249 750
963 851 235
551 550 360
2 162 750
48 51 978
915 480 473
757 297 753
609 145 954
623 441 658
520 213 786
856 597 452
358 561 458
291 112 816
349 114 847
419 162 809
279 78 971
551 834 92
307 443 512
306 67 953
306 586 501
804 442 564
552 800 118
150 91 847
3178
116256 68197
116236 69031
116224 69125
116223 69161
116210 69170
116207 69179
116205 69311
116202 70004
116189 70116
116185 70145
116182 70173
116180 70235
116159 70965
116154 71106
116129 71116
116121 71127
116120 71172
116113 71204
116112 71230
116108 72079
116074 72145
116049 72146
116047 72174
116046 72217
116045 72285
116027 72298
116025 72299
116019 72313
116014 72327
116007 72346
116005 72361
116003 72842
116000 73059
115983 73124
115970 73244
115937 73265
115929 73403
115905 73408
115897 73463
115883 73468
115880 73494
115877 73984
115875 74104
115868 74197
115840 74212
115839 74250
115834 74263
115824 74332
115812 74368
115805 74403
115784 74433
115776 74452
115767 74503
115765 74526
115762 74530
115761 74538
115755 74548
115754 74561
115740 74652
115721 74661
115718 75046
115712 75150
115706 75159
115695 75220
115694 75292
115678 75305
115674 75338
115672 75363
115661 75375
115655 75428
115649 75445
115642 75451
115640 75493
115639 75494
115632 75515
115622 75525
115617 75527
115615 75550
115614 75591
115613 75642
115605 75649
115597 75661
115593 75682
115576 75684
115568 75696
115561 75784
115549 75817
115527 76162
115526 76169
115521 76290
115518 76312
115507 76381
115506 76425
115495 76453
115483 76492
115475 76548
115466 76562
115459 76599
115447 76632
115438 76693
115422 76697
115421 76699
115415 76734
115398 76765
115394 76828
115363 76836
115356 76851
115353 76902
115346 76907
115345 76909
115334 76940
115333 76942
115328 76982
115307 77004
115301 77044
115284 77456
115272 77489
115267 77563
115255 77602
115252 77663
115227 77667
115221 77716
115217 77722
115215 77808
115201 77836
115190 77846
115179 77847
115171 77903
115163 77921
115157 77940
115148 78013
115119 78021
115112 78035
115108 78053
115106 78056
115101 78059
115096 78086
115087 78100
115086 78112
115084 78119
115077 78142
115068 78170
115063 78190
115044 78194
115041 78205
115034 78249
115026 78251
115019 78256
115018 78259
115015 78587
115012 78695
115004 78811
114967 78857
114963 78918
114957 78929
114948 79018
114935 79056
114917 79066
114905 79099
114892 79129
114878 79149
114873 79161
114866 79176
114861 79194
114849 79210
114848 79232
114834 79237
114830 79265
114821 79338
114796 79376
114784 79380
114782 79383
114770 79416
114764 79425
114763 79470
114732 79492
114731 79493
114726 79494
114724 79503
114714 79527
114712 79536
114705 79892
114690 79992
114678 80025
114672 80048
114655 80077
114654 80082
114648 80088
114644 80106
114640 80177
114637 80221
114621 80239
114611 80259
114605 80262
114598 80306
114587 80320
114581 80376
114564 80387
114563 80404
114552 80420
114547 80457
114535 80490
114520 80514
114508 80547
114496 80567
114491 80568
114488 80585
114479 80601
114467 80602
114466 80606
114463 80623
114460 80633
114451 80673
114441 80675
114440 80679
114439 80681
114438 80682
114433 80690
114429 80708
114426 80715
114418 80733
114417 80737
114404 80744
114402 80761
114396 80802
114385 80804
114383 80825
114376 81012
114361 81112
114359 81183
114340 81322
114327 81365
114305 81389
114304 81496
114290 81507
114280 81510
114261 81536
114257 81537
114253 81548
114249 81569
114246 81588
114243 81602
114242 81603
114234 81621
114231 81635
114227 81652
114218 81674
114210 81675
114201 81710
114196 81717
114195 81721
114193 81733
114183 81807
114169 81813
114159 81821
114157 81846
114144 81884
114126 81909
114119 81922
114105 81942
114098 81967
114082 81989
114071 81994
114064 82038
114053 82042
114050 82046
114045 82051
114043 82077
114035 82090
114029 82101
114027 82130
114013 82184
113984 82190
113983 82511
113966 82548
113962 82551
113953 82591
113949 82594
113939 82647
113934 82651
113929 82706
113923 82740
113913 82770
113906 82803
113902 82834
113893 82846
113883 82877
113870 82898
113863 82910
113858 82931
113853 82935
113848 82962
113841 82991
113822 83017
113820 83024
113815 83050
113806 83069
113805 83097
113800 83102
113797 83116
113785 83127
113777 83138
113767 83151
113765 83171
113760 83183
113755 83184
113748 83194
113746 83196
113745 83201
113743 83204
113742 83205
113739 83208
113737 83212
113733 83213
113732 83222
113729 83226
113728 83227
113727 83249
113722 83259
113721 83260
113713 83279
113710 83292
113701 83312
113693 83313
113692 83314
113690 83316
113685 83336
113684 83364
113680 83367
113672 83397
113662 83433
113644 83455
113634 83475
113621 83495
113608 83521
113604 83522
113600 83553
113587 83576
113575 83609
113566 83611
113560 83627
113559 83789
113557 83930
113529 83931
113527 84059
113509 84062
113505 84079
113497 84095
113483 84160
113482 84176
113469 84186
113465 84216
113463 84220
113455 84255
113439 84304
113434 84308
113429 84309
113422 84341
113407 84354
113406 84403
113404 84407
113391 84423
113379 84449
113368 84460
113367 84466
113365 84470
113363 84481
113360 84499
113355 84515
113352 84529
113343 84564
113328 84600
113307 84601
113306 84618
113304 84621
113299 84625
113291 84657
113288 84671
113274 84694
113268 84707
113259 84722
113256 84740
113251 84743
113242 84746
113240 84764
113235 84768
113230 84771
113225 84816
113222 84843
113211 84863
113199 84940
113157 84948
113150 84959
113143 84967
113140 84969
113138 84992
113133 85011
113124 85039
113109 85045
113104 85046
113102 85055
113096 85335
113065 85362
113052 85368
113042 85429
113034 85487
113032 85496
113020 85529
113016 85553
113008 85580
113005 85594
112999 85607
112991 85617
112987 85648
112985 85652
112980 85685
112975 85691
112963 85729
112961 85736
112950 85772
112948 85782
112931 85793
112930 85840
112922 85867
112908 85872
112900 85876
112896 85905
112884 85943
112872 85976
112865 86010
112851 86054
112839 86087
112824 86117
112802 86127
112787 86131
112785 86136
112778 86186
112773 86189
112768 86216
112761 86222
112749 86260
112740 86301
112713 86309
112705 86321
112697 86328
112692 86331
112686 86385
112669 86400
112662 86415
112657 86418
112654 86430
112645 86451
112638 86478
112633 86489
112625 86490
112621 86522
112602 86526
112595 86534
112591 86535
112590 86579
112575 86583
112573 86600
112571 86743
112547 86795
112535 86828
112532 86867
112530 86902
112512 86967
112511 86975
112503 86978
112502 86997
112501 87009
112491 87011
112486 87066
112471 87094
112465 87184
112436 87221
112426 87231
112417 87265
112405 87277
112404 87286
112402 87289
112393 87349
112378 87360
112365 87372
112358 87399
112357 87435
112345 87468
112328 87470
112322 87485
112307 87490
112302 87494
112297 87565
112279 87568
112277 87578
112266 87579
112262 87615
112249 87632
112246 87660
112241 87664
112228 87673
112224 87675
112223 87684
112222 87708
112210 87741
112204 87744
112197 87762
112195 87765
112181 87776
112175 87791
112170 87815
112158 87848
112147 87859
112135 87865
112132 87874
112127 87878
112119 87880
112117 87885
112116 87899
112115 87936
112096 87960
112084 87963
112076 87995
112057 88017
112053 88023
112048 88027
112045 88058
112038 88089
112016 88095
112009 88106
112005 88124
112000 88128
111997 88159
111988 88161
111982 88163
111980 88170
111977 88172
111968 88174
111965 88178
111963 88179
111962 88209
111957 88213
111955 88216
111945 88246
111944 88448
111932 88481
111903 88575
111880 88627
111869 88632
111865 88637
111862 88674
111844 88713
111838 88758
111833 88768
111808 88818
111797 88853
111779 88856
111773 88861
111772 88938
111748 88948
111742 88974
111736 88999
111725 89000
111718 89022
111713 89033
111704 89040
111690 89080
111685 89114
111667 89117
111659 89130
111655 89150
111649 89175
111636 89187
111634 89202
111627 89204
111626 89244
111607 89282
111602 89296
111590 89329
111565 89344
111559 89379
111548 89380
111536 89413
111525 89424
111524 89429
111515 89443
111512 89458
111511 89498
111479 89499
111473 89520
111472 89555
111456 89557
111451 89558
111447 89582
111443 89590
111442 89607
111432 89609
111429 89640
111420 89642
111408 89644
111399 89663
111394 89680
111389 89694
111377 89727
111365 89743
111349 89758
111346 89777
111336 89781
111334 89810
111323 89811
111322 89827
111312 89830
111311 89831
111300 89863
111298 89896
111273 89917
111261 89950
111259 89953
111255 90010
111212 90125
111200 90158
111187 90286
111175 90319
111158 90381
111137 90385
111124 90407
111122 90412
111110 90422
111101 90471
111093 90484
111092 90497
111089 90504
111081 90517
111072 90528
111071 90556
111069 90568
111059 90589
111055 90590
111040 90595
111031 90667
111005 90673
111004 90681
110999 90738
110982 90744
110980 90758
110972 90775
110963 90824
110944 90843
110932 90856
110927 90905
110920 90907
110909 90908
110897 90941
110896 90947
110886 90960
110879 91002
110859 91007
110850 91018
110849 91038
110843 91043
110833 91083
110828 91093
110816 91126
110794 91150
110792 91178
110774 91181
110768 91262
110730 91292
110703 91306
110697 91317
110686 91318
110682 91320
110679 91334
110675 91351
110668 91352
110659 91423
110639 91436
110630 91458
110604 91477
110603 91478
110600 91482
110599 91510
110574 91532
110564 91560
110563 91595
110529 91598
110525 91625
110513 91658
110496 91660
110490 91675
110478 91688
110474 91708
110462 91741
110439 91758
110434 91769
110427 91791
110405 91804
110396 91843
110369 91849
110363 91870
110354 92024
110312 92137
110291 92196
110279 92229
110250 92335
110189 92359
110177 92410
110153 92414
110145 92423
110140 92452
110135 92490
110121 92509
110120 92525
110109 92542
110105 92546
110102 92553
110093 92584
110090 92586
110079 92606
110073 92691
110044 92698
110033 92701
110024 92722
110021 92752
110009 92762
110007 92774
109990 92784
109978 92791
109976 92818
109970 92819
109969 92827
109962 92840
109953 92863
109946 92886
109935 92928
109914 92947
109905 92948
109904 92969
109884 92983
109883 92984
109879 93021
109874 93054
109852 93061
109847 93094
109829 93120
109823 93155
109799 93156
109792 93162
109788 93186
109775 93197
109770 93208
109753 93212
109746 93232
109742 93235
109741 93245
109730 93261
109722 93270
109718 93294
109709 93300
109703 93342
109676 93365
109662 93387
109654 93398
109650 93438
109630 93462
109623 93478
109618 93488
109606 93521
109575 93525
109570 93530
109567 93532
109559 93549
109558 93581
109546 93614
109529 93616
109524 93629
109512 93662
109496 93673
109479 93695
109461 93737
109456 93744
109432 93757
109427 93760
109415 93761
109413 93770
109407 93805
109384 93822
109380 93827
109378 93832
109374 93869
109366 93885
109348 93907
109327 93918
109326 93920
109324 93929
109313 93931
109312 93962
109297 93980
109295 93983
109283 94016
109274 94028
109261 94049
109245 94063
109237 94128
109184 94143
109183 94212
109156 94214
109155 94218
109150 94304
109126 94324
109109 94443
109089 94493
109060 94516
109056 94526
109035 94590
109030 94591
109020 94636
109006 94652
109002 94669
108980 94702
108978 94746
108966 94779
108942 94840
108887 94873
108882 94902
108852 94910
108844 94924
108842 94955
108833 94957
108824 94962
108815 95005
108801 95011
108800 95026
108785 95054
108776 95069
108775 95072
108773 95087
108763 95105
108755 95131
108752 95133
108749 95147
108737 95173
108717 95186
108704 95229
108698 95230
108679 95239
108675 95244
108670 95254
108664 95296
108643 95314
108635 95315
108625 95321
108620 95322
108615 95341
108613 95372
108611 95392
108599 95425
108562 95438
108550 95464
108532 95477
108528 95517
108526 95548
108493 95563
108471 95587
108465 95594
108450 95601
108441 95671
108415 95694
108414 95699
108393 95713
108385 95730
108383 95737
108364 95748
108355 95755
108353 95771
108345 95797
108319 95824
108303 95828
108284 95839
108279 95856
108270 95863
108269 95864
108265 95894
108238 95904
108237 95940
108230 95948
108221 95968
108210 95980
108195 95994
108194 95996
108186 96022
108165 96023
108160 96040
108146 96047
108142 96051
108138 96073
108121 96079
108119 96097
108100 96100
108096 96101
108092 96117
108091 96130
108084 96134
108082 96136
108074 96153
108073 96156
108058 96161
108057 96171
108047 96190
108046 96194
108034 96211
108022 96217
108018 96228
108014 96243
108013 96245
108010 96254
108008 96260
107987 96263
107979 96280
107976 96300
107954 96301
107943 96327
107941 96328
107936 96339
107922 96344
107919 96349
107917 96350
107916 96355
107915 96362
107907 96374
107906 96382
107903 96395
107881 96399
107880 96408
107879 96410
107877 96413
107872 96515
107817 96581
107792 96701
107754 96715
107749 96801
107707 96890
107669 96987
107594 97082
107574 97134
107560 97150
107528 97176
107516 97209
107507 97258
107465 97268
107441 97352
107414 97369
107393 97395
107384 97444
107352 97476
107344 97489
107323 97509
107319 97516
107318 97538
107291 97555
107274 97581
107260 97601
107244 97659
107236 97685
107200 97695
107196 97702
107177 97707
107175 97723
107167 97744
107157 97751
107155 97777
107147 97796
107139 97822
107129 97826
107121 97845
107113 97871
107063 97908
107044 97930
107034 97937
107009 97959
106998 98006
106972 98025
106966 98045
106955 98048
106940 98094
106921 98099
106910 98102
106902 98105
106892 98113
106880 98129
106878 98143
106876 98169
106854 98178
106849 98211
106825 98229
106818 98249
106812 98266
106781 98280
106766 98284
106763 98299
106752 98322
106744 98348
106715 98366
106703 98381
106697 98392
106693 98411
106681 98450
106655 98459
106645 98472
106641 98478
106637 98489
106629 98508
106621 98534
106584 98535
106580 98542
106571 98571
106552 98593
106543 98612
106526 98613
106517 98616
106512 98618
106511 98622
106509 98641
106504 98644
106501 98651
106500 98662
106474 98671
106473 98679
106468 98701
106458 98705
106454 98723
106448 98757
106418 98765
106401 98772
106400 98785
106396 98786
106394 98802
106384 98832
106370 98835
106362 98841
106345 98842
106339 98844
106338 98845
106335 98851
106334 98870
106331 98878
106327 98885
106315 98895
106314 98922
106292 98928
106279 98936
106275 98947
106271 98962
106263 98986
106245 98990
106242 99007
106227 99008
106219 99025
106211 99044
106195 99048
106187 99056
106184 99058
106181 99065
106176 99084
106154 99100
106147 99119
106134 99129
106130 99148
106111 99158
106098 99185
106084 99189
106082 99198
106075 99214
106061 99219
106053 99239
106052 99263
106043 99324
106016 99329
106007 99434
105974 99502
105935 99597
105909 99646
105864 99654
105854 99671
105849 99694
105840 99755
105820 99767
105785 99775
105770 99798
105761 99859
105734 99864
105726 99886
105700 99933
105668 99937
105667 99978
105659 100004
105639 100016
105612 100028
105609 100030
105594 100051
105590 100052
105588 100082
105580 100108
105564 100166
105527 100169
105512 100173
105510 100183
105505 100196
105501 100227
105471 100244
105467 100248
105453 100258
105452 100280
105441 100297
105437 100316
105429 100342
105386 100352
105385 100389
105375 100406
105352 100418
105341 100420
105331 100425
105328 100430
105317 100453
105309 100479
105297 100499
105279 100503
105269 100522
105258 100539
105256 100565
105229 100579
105224 100588
105202 100629
105180 100648
105170 100649
105169 100660
105165 100682
105146 100702
105128 100737
105112 100786
105072 100829
105041 100830
105025 100861
105018 100863
105004 100887
104990 100906
104982 100922
104972 100967
104945 100979
104937 101005
104888 101008
104885 101071
104860 101081
104839 101088
104828 101100
104817 101129
104799 101155
104798 101160
104768 101168
104765 101176
104764 101228
104726 101244
104710 101275
104687 101304
104678 101312
104673 101343
104657 101381
104630 101393
104606 101413
104586 101423
104564 101433
104561 101461
104544 101466
104536 101472
104533 101524
104500 101529
104492 101555
104483 101574
104453 101581
104450 101591
104439 101603
104432 101606
104424 101607
104420 101610
104418 101624
104415 101631
104398 101634
104397 101641
104388 101643
104387 101673
104376 101676
104373 101683
104365 101693
104363 101695
104360 101712
104347 101719
104342 101722
104330 101726
104321 101750
104319 101778
104284 101779
104279 101805
104274 101824
104250 101829
104246 101875
104218 101879
104212 101929
104162 101933
104156 101938
104154 101959
104145 101968
104141 101973
104139 101983
104134 102002
104116 102011
104105 102023
104093 102033
104084 102037
104082 102065
104071 102077
104060 102078
104049 102084
104048 102098
104028 102099
104026 102128
104005 102141
104000 102160
103992 102167
103981 102182
103971 102188
103963 102193
103958 102212
103950 102215
103942 102223
103931 102226
103925 102228
103920 102256
103902 102267
103891 102283
103873 102294
103868 102311
103856 102318
103848 102323
103838 102332
103835 102338
103834 102340
103829 102374
103803 102377
103791 102386
103790 102392
103789 102415
103778 102427
103762 102442
103744 102469
103725 102475
103718 102480
103717 102489
103704 102490
103700 102498
103693 102501
103689 102552
103664 102559
103654 102570
103632 102571
103620 102600
103615 102619
103604 102625
103584 102637
103583 102647
103575 102660
103570 102675
103553 102679
103547 102708
103530 102714
103525 102729
103513 102762
103480 102778
103469 102790
103449 102793
103445 102796
103444 102797
103442 102802
103437 102809
103423 102824
103417 102830
103413 102837
103401 102873
103383 102884
103382 102895
103367 102923
103345 102934
103329 102944
103327 102946
103322 102977
103304 102988
103293 103000
103291 103010
103272 103011
103271 103025
103260 103029
103238 103065
103223 103068
103203 103090
103198 103106
103189 103118
103179 103128
103175 103135
103169 103144
103164 103160
103144 103172
103130 103210
103091 103214
103085 103264
103058 103284
103041 103289
103039 103306
103024 103338
102986 103343
102981 103348
102978 103359
102961 103363
102960 103370
102949 103382
102948 103403
102927 103407
102916 103410
102915 103424
102901 103430
102899 103434
102894 103447
102879 103456
102870 103462
102869 103466
102855 103473
102854 103498
102844 103507
102838 103537
102820 103548
102814 103550
102810 103561
102794 103566
102787 103569
102775 103602
102759 103612
102752 103621
102741 103646
102714 103666
102701 103679
102695 103688
102680 103720
102660 103732
102638 103741
102635 103770
102612 103781
102604 103785
102601 103824
102561 103857
102533 103865
102518 103888
102500 103905
102470 103908
102465 103930
102453 103932
102452 103933
102449 103940
102443 103951
102431 103984
102415 103994
102399 104006
102391 104017
102376 104035
102367 104041
102363 104044
102356 104051
102334 104070
102329 104078
102324 104087
102311 104105
102298 104114
102294 104123
102276 104151
102268 104163
102264 104168
102259 104184
102243 104191
102225 104202
102217 104239
102189 104247
102168 104248
102156 104287
102120 104297
102116 104320
102095 104324
102089 104344
102073 104351
102064 104352
102058 104358
102054 104376
102050 104380
102038 104388
102032 104417
102019 104426
102001 104430
102000 104432
101984 104435
101979 104440
101978 104456
101968 104460
101966 104489
101945 104496
101933 104529
101915 104566
101865 104570
101859 104578
101858 104586
101856 104587
101851 104609
101831 104614
101821 104623
101814 104647
101798 104663
101770 104671
101764 104680
101756 104696
101742 104727
101720 104734
101719 104737
101714 104740
101709 104742
101698 104759
101691 104792
101664 104798
101644 104807
101643 104810
101628 104823
101624 104831
101616 104849
101596 104850
101589 104853
101584 104854
101583 104889
101567 104900
101548 104911
101545 104919
101526 104929
101522 104943
101521 104952
101502 104960
101501 104974
101489 104983
101467 104986
101462 105008
101457 105011
101439 105032
101432 105045
101411 105050
101406 105072
101401 105073
101386 105086
101369 105110
101353 105126
101337 105129
101330 105150
101316 105154
101307 105160
101297 105190
101283 105194
101274 105200
101264 105205
101263 105208
101237 105213
101232 105232
101227 105263
101218 105290
101214 105307
101200 105365
101135 105397
101092 105401
101079 105404
101077 105406
101058 105414
101053 105430
101046 105431
101023 105458
101012 105470
101005 105533
100994 105545
100926 105547
100920 105553
100911 105565
100910 105566
100907 105567
100899 105574
100884 105616
100879 105635
100872 105639
100861 105710
100803 105724
100740 105749
100739 105760
100708 105872
100652 105936
100572 105939
100567 105956
100531 105975
100526 105994
100508 106069
100434 106077
100393 106093
100378 106131
100360 106206
100311 106207
100280 106209
100275 106278
100183 106309
100178 106328
100137 106337
100136 106342
100122 106355
100107 106357
100096 106365
100092 106381
100078 106400
100061 106455
100016 106459
99996 106467
99990 106492
99984 106498
99983 106548
99927 106612
99839 106617
99825 106629
99819 106635
99806 106651
99801 106670
99786 106672
99783 106745
99713 106789
99702 106801
99670 106818
99642 106826
99635 106833
99632 106836
99625 106843
99602 106859
99595 106869
99578 106870
99575 106880
99570 106894
99569 106922
99547 106928
99542 106930
99513 106949
99483 106950
99482 106963
99474 106971
99466 106998
99461 107012
99426 107027
99416 107037
99405 107046
99396 107051
99384 107064
99382 107065
99369 107066
99366 107070
99365 107079
99355 107108
99336 107131
99305 107145
99296 107149
99286 107154
99284 107170
99272 107185
99250 107186
99246 107191
99239 107195
99236 107198
99227 107210
99220 107213
99211 107226
99197 107227
99196 107263
99192 107264
99178 107266
99169 107282
99163 107303
99135 107311
99118 107328
99095 107344
99093 107347
99066 107358
99063 107378
99055 107384
99045 107388
99044 107389
99039 107399
99038 107413
99026 107426
99007 107442
98980 107465
98957 107479
98949 107480
98935 107490
98934 107502
98924 107529
98904 107533
98884 107541
98879 107554
98871 107573
98848 107597
98826 107598
98815 107637
98787 107645
98770 107662
98747 107678
98744 107693
98732 107707
98709 107708
98708 107712
98697 107722
98696 107723
98687 107732
98683 107734
98665 107739
98657 107741
98655 107742
98652 107747
98649 107763
98645 107766
98637 107801
98609 107809
98601 107814
98587 107824
98576 107832
98569 107842
98567 107844
98551 107849
98547 107871
98536 107875
98531 107882
98517 107883
98514 107889
98512 107911
98500 107927
98471 107939
98460 107946
98439 107947
98438 107979
98429 107983
98410 107987
98406 107996
98403 108029
98356 108045
98353 108051
98335 108064
98324 108103
98289 108145
98239 108152
98238 108166
98221 108176
98208 108197
98199 108205
98186 108208
98168 108216
98159 108240
98152 108261
98112 108303
98081 108317
98065 108322
98062 108338
98044 108344
98037 108358
98006 108365
97997 108376
97987 108398
97974 108400
97965 108420
97947 108423
97941 108440
97932 108460
97914 108463
97904 108468
97897 108475
97884 108485
97865 108489
97864 108501
97848 108506
97844 108518
97834 108526
97829 108527
97821 108529
97815 108542
97809 108550
97807 108551
97806 108558
97792 108559
97784 108562
97782 108582
97775 108603
97737 108614
97735 108622
97721 108635
97714 108642
97704 108659
97698 108664
97681 108668
97675 108689
97643 108700
97631 108711
97615 108717
97612 108723
97610 108740
97597 108742
97590 108743
97586 108749
97580 108754
97569 108758
97568 108759
97567 108766
97564 108782
97547 108794
97537 108828
97500 108829
97498 108840
97481 108861
97474 108862
97473 108863
97459 108880
97431 108897
97415 108901
97406 108907
97401 108923
97397 108934
97374 108939
97370 108945
97350 108998
97325 109008
97287 109019
97285 109037
97270 109040
97262 109042
97250 109052
97238 109059
97233 109068
97223 109079
97213 109085
97195 109087
97189 109099
97183 109111
97176 109117
97167 109121
97155 109144
97127 109152
97123 109171
97121 109182
97111 109185
97104 109203
97084 109208
97067 109235
97040 109242
97032 109263
96995 109268
96984 109271
96976 109274
96974 109281
96972 109300
96948 109301
96941 109321
96939 109340
96922 109341
96911 109348
96907 109359
96890 109380
96882 109382
96879 109409
96856 109410
96853 109412
96839 109419
96831 109421
96828 109422
96827 109440
96806 109453
96788 109455
96778 109461
96766 109466
96761 109479
96748 109488
96738 109494
96734 109527
96698 109542
96679 109559
96671 109561
96651 109567
96646 109568
96643 109569
96642 109591
96628 109599
96611 109600
96610 109603
96606 109605
96604 109606
96592 109608
96589 109624
96587 109628
96585 109636
96567 109640
96556 109656
96535 109661
96534 109665
96529 109666
96524 109676
96516 109685
96486 109707
96484 109719
96476 109754
96450 109782
96395 109784
96385 109788
96379 109797
96371 109803
96368 109830
96342 109833
96326 109856
96309 109867
96292 109868
96290 109882
96283 109895
96273 109898
96241 109917
96240 109940
96237 109941
96236 109959
96210 109970
96197 109974
96181 110000
96157 110007
96156 110010
96131 110012
96107 110061
96069 110072
96047 110073
96046 110079
96043 110083
96030 110087
96016 110095
96014 110113
96001 110127
95973 110149
95971 110157
95965 110175
95942 110187
95918 110194
95882 110195
95874 110209
95866 110225
95846 110227
95842 110228
95837 110230
95834 110240
95831 110248
95825 110267
95804 110270
95798 110288
95775 110300
95753 110343
95726 110362
95682 110380
95663 110381
95662 110384
95650 110396
95646 110428
95609 110463
95569 110496
95565 110529
95479 110541
95462 110570
95431 110602
95407 110615
95398 110642
95331 110649
95330 110683
95294 110684
95273 110688
95256 110702
95254 110717
95250 110750
95173 110772
95138 110787
95130 110799
95116 110823
95092 110836
95083 110863
95015 110904
94999 110909
94969 110929
94933 110935
94925 110949
94905 110951
94895 110957
94891 110965
94870 110966
94867 110967
94857 110990
94837 110992
94833 111025
94802 111030
94798 111040
94766 111048
94733 111051
94728 111070
94724 111078
94699 111103
94666 111138
94631 111153
94598 111179
94563 111194
94498 111205
94469 111214
94457 111218
94452 111222
94446 111234
94445 111235
94422 111269
94398 111278
94385 111292
94376 111297
94351 111301
94350 111304
94349 111311
94329 111322
94323 111324
94320 111327
94313 111346
94312 111362
94279 111372
94268 111380
94264 111384
94242 111419
94207 111421
94203 111428
94196 111433
94188 111478
94146 111479
94143 111482
94133 111485
94117 111499
94109 111501
94107 111506
94103 111529
94098 111539
94065 111543
94058 111548
94054 111557
94050 111561
94048 111575
94037 111597
93999 111601
93989 111605
93985 111621
93967 111654
93945 111671
93920 111681
93911 111697
93873 111699
93872 111702
93867 111703
93865 111713
93856 111722
93833 111727
93830 111735
93825 111748
93823 111774
93801 111783
93778 111784
93775 111788
93769 111791
93760 111792
93755 111803
93753 111805
93744 111814
93735 111817
93724 111836
93710 111838
93696 111842
93690 111854
93681 111868
93677 111899
93626 111900
93625 111911
93616 111912
93612 111927
93592 111938
93587 111960
93558 111964
93556 111987
93551 111988
93537 111996
93510 112012
93492 112018
93486 112037
93457 112042
93448 112070
93411 112080
93410 112084
93407 112108
93377 112115
93362 112120
93358 112124
93344 112125
93341 112150
93328 112155
93326 112156
93311 112170
93307 112176
93295 112182
93288 112189
93275 112217
93240 112219
93238 112220
93235 112222
93233 112235
93228 112244
93201 112246
93199 112259
93182 112276
93149 112303
93131 112337
93093 112346
93063 112349
93061 112351
93058 112355
93040 112371
93035 112383
93018 112388
93011 112390
93007 112397
93004 112405
92991 112408
92989 112431
92967 112443
92946 112463
92933 112469
92913 112489
92895 112523
92847 112545
92816 112551
92796 112552
92790 112558
92786 112569
92780 112574
92778 112583
92776 112585
92751 112590
92740 112601
92731 112623
92721 112631
92691 112644
92680 112658
92664 112663
92660 112667
92658 112668
92645 112672
92638 112676
92631 112684
92630 112689
92626 112693
92624 112694
92619 112733
92577 112741
92556 112748
92546 112751
92512 112777
92501 112792
92472 112793
92467 112818
92442 112864
92432 112868
92381 112909
92363 112911
92332 112920
92299 112924
92287 112942
92272 112945
92269 112976
92230 112979
92223 112995
92190 113023
92188 113024
92153 113026
92144 113030
92136 113032
92134 113061
92100 113087
92064 113096
92054 113097
92044 113144
91994 113145
91989 113188
91955 113214
91907 113215
91898 113222
91869 113265
91822 113270
91787 113320
91747 113323
91711 113329
91698 113332
91668 113370
91614 113371
91607 113377
91588 113383
91584 113410
91538 113435
91484 113482
91407 113495
91398 113507
91388 113509
91324 113511
91314 113513
91303 113528
91288 113545
91281 113553
91267 113564
91262 113565
91245 113587
91233 113590
91227 113600
91211 113607
91190 113618
91182 113619
91160 113625
91149 113639
91147 113640
91118 113644
91111 113665
91099 113674
91092 113681
91087 113690
91066 113700
91061 113702
91058 113707
91051 113726
91037 113734
91012 113742
91007 113748
91005 113749
91004 113752
91003 113760
90974 113776
90961 113779
90957 113792
90939 113801
90937 113802
90918 113811
90916 113817
90911 113823
90906 113832
90894 113834
90892 113841
90890 113842
90878 113862
90841 113865
90840 113871
90831 113872
90830 113875
90824 113891
90801 113920
90779 113926
90767 113946
90760 113953
90732 113983
90692 113994
90687 114000
90680 114003
90675 114009
90653 114013
90641 114035
90618 114063
90595 114075
90585 114079
90584 114089
90575 114091
90549 114096
90518 114101
90516 114122
90509 114126
90496 114138
90481 114172
90447 114198
90417 114199
90405 114203
90400 114244
90366 114270
90321 114291
90313 114312
90287 114317
90234 114332
90202 114334
90201 114340
90199 114349
90195 114352
90193 114353
90188 114359
90175 114373
90165 114375
90155 114379
90153 114380
90142 114382
90141 114399
90130 114425
90088 114441
90073 114475
90022 114476
90009 114500
89977 114511
89962 114530
89954 114544
89922 114546
89921 114551
89916 114559
89913 114594
89842 114598
89831 114610
89821 114629
89791 114652
89787 114655
89756 114702
89722 114728
89677 114749
89643 114775
89592 114776
89586 114783
89555 114787
89552 114809
89537 114820
89496 114821
89476 114834
89471 114845
89446 114874
89420 114885
89412 114900
89384 114901
89350 114927
89339 114931
89302 114932
89295 114938
89294 114953
89249 114974
89247 114976
89215 115000
89213 115002
89188 115005
89160 115044
89133 115049
89099 115075
89097 115083
89063 115109
89009 115117
89007 115125
88973 115151
88946 115156
88895 115157
88874 115175
88838 115192
88803 115201
88787 115210
88747 115227
88708 115239
88681 115244
88673 115247
88670 115257
88645 115269
88613 115276
88607 115294
88582 115309
88578 115314
88544 115334
88503 115337
88498 115353
88497 115375
88473 115379
88456 115390
88451 115398
88435 115400
88432 115411
88431 115413
88409 115432
88388 115445
88384 115453
88372 115457
88346 115495
88295 115515
88263 115535
88237 115542
88236 115548
88230 115561
88205 115577
88183 115601
88142 115604
88140 115612
88137 115620
88132 115628
88106 115637
88104 115646
88070 115680
88043 115691
88023 115720
87980 115731
87964 115738
87959 115751
87944 115765
87923 115785
87875 115815
87870 115823
87828 115831
87817 115837
87812 115841
87805 115853
87796 115862
87781 115871
87776 115875
87743 115882
87740 115884
87735 115890
87705 115895
87704 115907
87696 115922
87679 115929
87656 115937
87650 115939
87641 115961
87605 115990
87569 115998
87562 116008
87550 116036
87514 116070
87486 116072
87473 116085
87430 116098
87410 116111
87394 116132
87353 116142
87316 116181
87280 116215
87239 116218
87213 116222
87193 116224
87189 116234
87181 116240
87171 116242
87169 116243
87153 116268
87148 116306
87091 116337
87014 116347
87000 116367
86987 116378
86964 116390
86952 116393
86929 116398
86916 116399
86914 116451
86885 116454
86834 116455
86789 116468
86758 116507
86746 116510
86725 116573
86620 116577
86563 116634
86442 116673
86337 116677
86175 116681
86134 116696
86131 116706
86097 116729
86095 116740
86084 116746
86061 116754
86048 116780
86005 116790
85970 116792
85966 116794
85964 116805
85938 116809
85928 116821
85927 116838
85894 116842
85891 116872
85839 116887
85826 116897
85791 116898
85790 116911
85787 116913
85778 116914
85764 116925
85752 116932
85736 116948
85716 116953
85715 116964
85695 116990
85666 117016
85605 117038
85577 117055
85562 117068
85525 117085
85503 117099
85482 117107
85455 117110
85449 117118
85435 117147
85414 117168
85370 117184
85332 117196
85320 117225
85296 117226
85279 117227
85252 117248
85223 117274
85193 117278
85181 117281
85173 117296
85161 117299
85117 117317
85087 117336
85031 117339
85029 117340
85020 117366
84990 117370
84978 117373
84976 117375
84968 117381
84960 117389
84948 117392
84941 117401
84926 117423
84906 117432
84888 117435
84874 117438
84856 117441
84844 117444
84836 117447
84782 117455
84781 117462
84777 117477
84761 117488
84725 117515
84687 117534
84675 117537
84641 117547
84535 117556
84531 117581
84484 117582
84472 117585
84445 117591
84398 117592
84395 117628
84228 117634
84200 117636
84198 117638
84186 117641
84171 117662
84143 117667
84121 117671
84107 117708
84067 117714
84059 117720
84051 117728
84039 117731
84015 117745
83999 117753
83982 117762
83978 117769
83973 117785
83925 117790
83910 117797
83903 117810
83895 117814
83875 117830
83846 117838
83837 117842
83825 117871
83805 117876
83775 117880
83763 117883
83756 117900
83744 117903
83743 117927
83695 117932
83685 117933
83673 117936
83670 117949
83640 117950
83635 117974
83623 117977
83616 117980
83604 117983
83572 117987
83560 118005
83525 118027
83496 118030
83493 118040
83467 118041
83463 118044
83459 118049
83452 118072
83422 118076
83410 118079
83390 118123
83332 118138
83258 118141
83257 118159
83245 118162
83199 118168
83196 118189
83193 118194
83188 118195
83159 118204
83147 118207
83097 118211
83092 118217
83063 118225
83051 118228
83046 118230
83034 118233
83029 118235
83023 118247
83011 118253
83007 118278
82960 118279
82948 118282
82921 118288
82917 118300
82870 118301
82832 118302
82831 118310
82817 118319
82776 118334
82716 118337
82706 118340
82674 118389
82522 118403
82457 118432
82379 118441
82370 118447
82364 118449
82349 118452
82347 118465
82330 118485
82318 118488
82317 118489
82309 118492
82280 118526
82268 118529
82224 118551
82183 118553
82170 118579
82141 118582
82110 118587
82098 118590
82097 118604
82085 118607
82061 118612
82050 118620
82027 118632
82021 118655
82017 118666
81971 118668
81959 118671
81936 118676
81931 118703
81894 118708
81882 118711
81873 118715
81859 118718
81844 118720
81832 118724
81804 118756
81794 118759
81790 118760
81782 118762
81760 118764
81746 118768
81737 118769
81734 118771
81718 118776
81708 118808
81659 118834
81643 118840
81595 118845
81592 118872
81516 118893
81511 118894
81504 118896
81480 118905
81465 118925
81453 118928
81422 118940
81410 118943
81335 118944
81323 118947
81317 118958
81315 118970
81281 118980
81269 118983
81249 118986
81237 118989
81225 118992
81176 118995
81166 118999
81155 119023
81104 119055
80954 119057
80952 119069
80945 119083
80933 119086
80870 119087
80795 119096
80775 119097
80750 119102
80738 119105
80728 119110
80716 119112
80688 119117
80668 119121
80665 119150
80636 119153
80627 119154
80601 119162
80590 119177
80578 119181
80562 119186
80550 119190
80547 119194
80535 119197
80526 119199
80522 119203
80517 119210
80511 119212
80494 119217
80489 119222
80482 119226
80470 119229
80467 119237
80455 119240
80448 119247
80437 119270
80365 119271
80364 119274
80351 119278
80343 119305
80319 119314
80307 119317
80299 119327
80289 119330
80286 119333
80282 119337
80270 119340
80262 119350
80252 119352
80250 119353
80240 119355
80226 119362
80198 119371
80196 119377
80158 119379
80147 119400
80117 119404
80113 119408
80094 119409
80093 119421
80078 119441
80028 119445
80016 119448
80004 119462
79992 119465
79947 119467
79935 119471
79924 119480
79923 119484
79911 119487
79904 119494
79889 119501
79880 119505
79874 119509
79865 119518
79862 119521
79830 119551
79780 119554
79768 119557
79741 119561
79713 119572
79712 119595
79700 119598
79644 119600
79604 119625
79553 119634
79497 119652
79496 119675
79484 119678
79456 119685
79337 119714
79290 119716
79143 119722
79025 119727
79009 119731
79002 119741
78990 119752
78969 119754
78965 119758
78955 119785
78907 119787
78905 119788
78893 119791
78872 119820
78868 119821
78836 119825
78828 119838
78816 119841
78807 119845
78775 119847
78770 119849
78758 119852
78745 119873
78741 119874
78733 119876
78731 119877
78724 119880
78701 119888
78680 119898
78668 119901
78652 119907
78640 119910
78633 119917
78612 119918
78600 119921
78599 119922
78597 119933
78593 119934
78585 119936
78581 119937
78578 119943
78555 119946
78550 119952
78543 119962
78531 119965
78485 119977
78464 119978
78458 119982
78443 119989
78434 119993
78428 119999
78416 120002
78415 120003
78409 120009
78402 120012
78395 120022
78362 120023
78358 120025
78346 120028
78334 120032
78327 120042
78297 120043
78295 120049
78269 120057
78261 120069
78248 120082
78210 120085
78198 120088
78193 120089
78186 120092
78163 120104
78158 120113
78098 120114
78082 120126
78055 120138
78045 120149
78010 120173
77921 120187
77909 120190
77856 120201
77854 120205
77816 120208
77791 120234
77649 120253
77587 120259
77524 120282
77502 120289
77490 120292
77365 120300
77356 120303
77346 120305
77344 120306
77334 120308
77326 120309
77314 120318
77302 120321
77294 120325
77285 120329
77280 120339
77265 120341
77243 120345
77235 120350
77226 120371
77217 120382
77156 120384
77153 120390
77141 120392
77134 120394
77116 120395
77104 120398
77099 120406
77097 120414
77096 120423
77049 120424
77041 120433
77029 120444
77009 120449
77005 120450
77003 120457
77001 120462
76948 120466
76944 120480
76933 120483
76894 120486
76881 120494
76868 120509
76830 120512
76817 120516
76805 120536
76760 120540
76731 120546
76712 120565
76698 120569
76676 120572
76645 120589
76572 120592
76562 120602
76561 120613
76530 120624
76492 120627
76458 120628
76437 120639
76416 120648
76414 120649
76409 120662
76322 120688
76289 120699
76148 120708
76128 120709
76066 120715
76065 120718
76022 120720
75950 120738
75916 120741
75880 120748
75863 120770
75848 120776
75836 120779
75826 120783
75777 120797
75776 120799
75762 120806
75750 120809
75709 120832
75691 120853
75629 120857
75623 120862
75622 120871
75556 120873
75537 120881
75525 120884
75517 120887
75503 120888
75502 120905
75484 120907
75474 120911
75448 120914
75430 120916
75429 120926
75407 120933
75398 120937
75389 120941
75377 120944
75342 120951
75336 120967
75301 120976
75274 120977
75250 120997
75245 120998
75188 121007
75187 121017
75164 121020
75102 121026
75101 121029
75097 121058
74951 121064
74947 121078
74942 121080
74884 121087
74788 121088
74771 121099
74766 121101
74761 121104
74708 121108
74651 121121
74593 121135
74475 121142
74451 121144
74443 121145
74429 121154
74426 121155
74417 121156
74381 121174
74368 121175
74364 121184
74338 121186
74337 121187
74315 121193
74277 121203
74275 121216
74252 121219
74227 121236
74203 121237
74202 121247
74170 121248
74161 121255
74139 121259
74136 121264
74123 121265
74112 121288
74050 121298
74010 121307
74009 121311
73991 121319
73962 121320
73961 121325
73958 121327
73937 121331
73919 121352
73871 121366
73850 121370
73809 121376
73783 121379
73758 121380
73745 121389
73726 121401
73702 121410
73673 121418
73654 121424
73633 121428
73616 121434
73591 121438
73550 121444
73528 121447
73488 121450
73480 121461
73479 121467
73455 121468
73401 121483
73303 121488
73290 121490
73277 121496
73122 121500
73012 121505
72992 121510
72985 121511
72970 121513
72967 121519
72962 121526
72949 121527
72944 121559
72906 121569
72844 121579
72820 121582
72808 121588
72790 121598
72764 121600
72752 121608
72741 121614
72721 121616
72704 121620
72703 121637
72677 121640
72665 121647
72655 121650
72654 121654
72631 121657
72608 121658
72591 121663
72569 121674
72543 121677
72517 121683
72501 121689
72500 121693
72494 121697
72463 121698
72456 121700
72438 121702
72437 121712
72423 121717
72414 121728
72413 121732
72351 121736
72350 121741
72319 121749
72302 121755
72254 121759
72222 121773
72200 121774
72197 121780
72196 121790
72085 121813
72003 121814
71983 121832
71838 121836
71643 121840
71579 121841
71578 121870
71531 121874
71491 121880
71476 121881
71469 121891
71450 121899
71428 121902
71426 121903
71424 121909
71402 121918
71401 121929
71349 121934
71337 121948
71314 121962
71263 121964
71251 121971
71250 121981
71203 121985
71166 121998
71160 122007
71134 122010
71108 122012
71097 122020
71065 122028
71048 122039
71022 122042
71000 122046
70968 122052
70943 122059
70883 122061
70858 122065
70851 122075
70850 122085
70831 122092
70802 122105
70625 122111
70610 122112
70594 122130
70417 122136
70202 122145
70172 122154
70148 122161
70123 122168
70085 122170
70072 122181
70070 122182
70067 122189
70038 122210
69992 122214
69961 122227
69931 122249
69905 122253
69849 122256
69826 122264
69807 122266
69803 122278
69794 122282
69777 122292
69751 122315
69606 122318
69574 122321
69560 122346
69494 122347
69452 122357
69370 122358
69359 122377
68883 122384
68838 122393
68804 122398
68797 122412
68796 122423
68714 122424
68712 122425
68681 122429
68664 122432
68651 122442
68642 122485
68560 122486
68497 122504
68409 122521
68340 122541
68282 122543
68250 122547
68242 122570
68004 122572
67831 122576
67827 122578
67547 122588
67512 122608
67441 122612
67421 122614
67373 122628
67353 122629
67349 122631
67348 122637
67306 122643
67284 122649
67280 122651
67275 122657
67244 122668
67162 122669
67152 122678
67149 122681
67145 122683
67098 122686
67091 122690
67053 122705
67049 122707
66979 122712
66934 122713
66909 122729
66312 122731
66294 122732
66259 122739
66252 122749
66239 122752
66233 122769
66149 122771
66123 122783
66119 122785
66092 122788
66060 122791
66012 122797
66003 122808
65989 122810
65985 122812
65915 122817
65893 122819
65802 122820
65791 122821
65771 122838
65767 122840
65171 122856
65042 122861
65038 122863
65037 122883
64942 122892
64918 122905
64829 122924
64712 122928
64655 122941
63990 122942
63947 122964
63943 122966
63769 122969
63758 122971
63756 122975
63727 122995
63001 122996
62961 123016
62884 123018
62846 123022
62809 123026
62786 123030
62721 123064
62544 123070
61743 123079
60758 123087
60695 123104
