300 2
72786
370 740 234
366 830 208
951 285 730
363 161 893
160 585 500
712 116 842
118 741 249
355 872 128
16 49 928
34 97 813
270 467 592
643 833 192
337 784 298
914 147 766
690 307 724
618 19 972
913 137 865
369 492 484
873 507 479
394 540 465
451 810 289
249 453 613
876 790 232
788 704 348
861 394 518
519 12 896
293 925 39
807 295 747
195 168 775
629 562 490
162 13 951
161 262 642
992 138 924
609 925 90
372 786 296
441 306 778
529 599 470
753 406 522
470 600 361
692 230 844
455 392 685
28 552 376
54 544 412
869 154 787
389 525 574
302 966 40
227 496 584
77 250 710
222 719 362
533 412 514
407 866 139
294 894 21
441 948 95
726 817 238
936 206 754
933 508 445
237 735 318
138 812 90
445 34 964
354 567 361
492 973 1
22 267 814
104 708 363
729 434 600
509 371 704
814 305 672
86 541 382
852 678 409
869 124 969
605 477 529
752 968 67
766 990 85
674 94 899
531 823 260
205 332 625
85 146 872
473 232 694
596 84 965
531 953 137
500 558 424
37 310 666
546 77 888
323 750 242
808 282 675
727 486 538
18 571 482
612 44 999
747 640 275
560 172 734
498 672 346
912 708 372
295 255 841
669 578 467
136 386 515
426 113 886
49 131 782
816 742 179
815 489 561
898 50 988
935 547 472
529 459 501
434 754 257
415 423 503
146 559 445
159 984 73
657 34 968
727 849 152
840 665 434
594 564 344
520 499 519
118 29 876
424 462 599
984 876 69
124 23 973
647 181 873
285 838 223
52 565 465
561 405 558
560 999 89
607 519 457
202 637 344
255 61 979
62 46 963
292 169 885
81 816 274
853 101 957
660 153 817
317 713 339
638 273 779
523 880 75
906 83 984
319 337 758
192 399 504
942 690 247
715 770 130
669 624 297
461 285 666
817 601 494
579 240 709
341 762 162
621 669 272
539 987 61
517 180 909
542 122 905
735 837 143
744 506 399
854 967 42
117 785 298
92 364 566
341 704 379
470 326 691
681 864 150
230 382 668
178 923 155
815 658 384
223 403 540
255 258 678
571 374 720
489 466 500
646 806 101
566 277 695
155 958 32
730 188 834
486 365 641
363 181 757
78 403 616
299 658 412
487 229 716
461 718 320
798 365 634
840 930 132
208 86 950
439 815 269
53 302 655
588 664 329
783 742 332
382 42 932
238 529 522
467 989 53
162 788 280
664 628 426
442 836 235
179 275 759
103 327 768
392 915 118
861 699 276
734 81 895
265 319 771
25 785 303
502 947 111
345 611 360
119 54 875
977 232 761
652 334 725
628 726 316
269 587 394
651 322 676
76 586 476
30 611 407
972 114 894
703 458 472
63 577 363
258 554 433
728 207 847
525 834 165
238 103 813
649 754 227
142 829 269
953 858 162
549 830 213
93 534 400
248 596 454
456 853 107
895 582 420
668 107 861
168 344 645
254 993 21
662 136 769
657 89 979
262 638 406
980 731 219
157 978 104
910 434 607
219 330 627
733 998 40
81 166 881
532 420 626
736 83 975
770 739 352
663 2 958
386 981 38
644 139 821
497 50 960
205 269 643
494 2 903
889 83 858
629 614 416
362 350 696
231 120 874
188 782 212
782 169 822
108 812 207
412 310 719
151 515 568
219 9 990
286 898 201
518 527 495
172 889 203
907 120 795
382 307 765
858 89 816
317 197 872
914 609 321
561 759 275
477 978 83
394 264 751
393 782 138
6 953 146
968 861 61
52 243 741
917 102 900
951 419 622
799 333 629
956 894 20
629 372 538
311 765 198
890 159 760
997 164 746
994 133 950
111 185 746
534 102 849
47 53 950
756 852 49
75 808 273
152 437 518
207 747 160
526 638 301
627 635 337
683 630 369
599 740 296
758 275 781
20 322 745
699 79 944
712 153 846
619 304 783
898 511 525
942 37 906
145 664 427
511 347 669
11 946 50
694 705 314
479 725 359
317 425 474
7 137 792
505 756 235
441 655 438
124 597 303
445 742 291
402 253 649
987 263 829
2959
121644 69534
121624 69640
121617 70585
121616 71600
121599 71675
121582 71719
121577 71725
121576 72409
121573 72471
121559 72641
121544 72733
121538 72744
121520 72807
121518 72831
121514 73497
121506 73505
121504 73543
121502 73594
121495 73708
121485 73719
121478 73751
121471 73816
121467 73833
121449 73835
121446 73862
121444 73909
121442 73949
121439 74660
121433 74669
121427 74683
121426 74685
121418 74723
121412 74802
121409 74816
121405 74826
121402 74848
121393 74860
121389 74873
121386 74874
121384 74936
121371 74946
121368 75006
121361 75583
121358 75660
121342 75705
121338 75736
121337 75793
121330 75826
121321 75838
121317 75869
121316 75879
121309 75889
121305 75916
121301 75924
121300 75956
121296 75992
121295 76012
121289 76031
121280 76057
121276 76067
121275 76102
121264 76110
121260 76119
121258 76706
121255 76766
121249 76826
121248 76880
121237 76885
121235 76905
121230 76912
121224 77009
121214 77038
121206 77097
121181 77150
121180 77197
121170 77222
121163 77801
121149 77872
121142 77934
121133 77957
121129 77959
121128 78020
121126 78071
121108 78077
121105 78122
121092 78147
121087 78210
121072 78227
121069 78238
121066 78260
121065 78271
121054 78276
121053 78285
121043 78865
121038 78968
121023 78985
121020 79017
121009 79089
121007 79130
120997 79235
120984 79260
120962 79262
120960 79284
120949 79346
120939 79440
120906 79980
120903 80049
120870 80051
120868 80089
120867 80168
120866 80287
120831 80318
120819 80363
120816 80384
120814 80417
120806 80459
120789 80494
120776 80509
120769 80910
120764 81150
120718 81159
120711 81309
120688 81333
120680 81355
120678 81363
120675 81383
120672 81407
120669 81416
120666 81430
120662 81434
120659 81442
120657 81496
120649 81538
120639 81578
120628 81617
120626 81658
120613 81683
120602 81687
120599 81701
120591 81719
120581 81759
120578 81769
120571 81775
120569 81816
120566 81837
120564 82195
120561 82296
120533 82449
120530 82458
120520 82474
120509 82493
120492 82505
120488 82508
120486 82532
120483 82612
120473 82616
120472 82641
120469 82706
120452 82709
120443 82726
120437 82742
120436 82770
120434 82811
120431 82842
120422 82848
120404 82861
120403 82899
120395 82902
120390 82924
120387 82948
120386 82998
120373 83023
120358 83026
120347 83047
120344 83067
120337 83083
120336 83471
120331 83477
120326 83503
120316 83607
120311 83613
120306 83718
120291 83748
120270 83767
120264 83841
120260 83845
120252 83857
120251 83866
120238 83949
120225 83973
120219 83993
120217 83999
120215 84004
120209 84025
120205 84109
120179 84111
120178 84128
120171 84153
120169 84186
120167 84227
120154 84252
120147 84290
120134 84291
120121 84316
120101 84337
120097 84362
120095 84423
120091 84755
120088 84856
120067 84913
120058 84971
120057 85018
120035 85020
120025 85035
120024 85059
120006 85104
120004 85133
120001 85138
119989 85162
119988 85163
119986 85240
119981 85274
119968 85299
119953 85304
119945 85322
119942 85427
119918 85439
119903 85454
119897 85479
119895 85488
119885 85503
119884 85504
119882 85566
119866 85572
119858 85632
119846 85708
119805 86107
119797 86201
119785 86243
119769 86288
119761 86343
119748 86368
119739 86382
119735 86422
119719 86468
119706 86493
119703 86524
119699 86564
119670 86580
119657 86669
119647 86697
119634 86722
119599 86760
119594 86791
119574 86793
119573 86874
119570 86952
119516 86984
119510 86996
119506 87012
119493 87037
119492 87054
119468 87067
119456 87075
119454 87631
119378 87666
119375 87688
119370 87836
119326 87855
119319 87879
119313 87946
119271 88053
119265 88063
119258 88078
119235 88084
119231 88088
119227 88096
119224 88118
119214 88119
119201 88144
119198 88145
119194 88155
119189 88157
119185 88170
119183 88179
119181 88194
119166 88215
119165 88219
119157 88229
119152 88237
119149 88259
119145 88348
119104 88368
119099 88384
119089 88398
119081 88408
119077 88417
119073 88434
119060 88459
119048 88472
119042 88494
119037 88523
119024 88548
119005 88585
118978 88786
118971 88905
118952 88923
118942 88928
118940 88955
118938 89071
118915 89096
118904 89097
118903 89190
118889 89264
118874 89301
118861 89326
118823 89376
118805 89469
118761 89488
118754 89540
118751 89562
118748 89579
118739 89581
118738 89587
118700 89696
118663 89697
118644 89725
118638 89735
118636 89756
118634 89808
118596 89818
118587 89835
118574 89839
118573 89864
118570 89868
118560 89884
118557 89893
118553 89899
118547 89909
118544 89931
118534 89957
118521 89982
118502 90002
118496 90012
118489 90027
118464 90036
118461 90049
118451 90052
118450 90086
118444 90096
118439 90101
118423 90112
118417 90132
118410 90145
118409 90159
118403 90393
118370 90680
118316 90755
118286 90885
118238 90913
118229 90995
118167 91047
118144 91049
118134 91079
118121 91083
118113 91139
118111 91158
118108 91180
118098 91219
118056 91249
118037 91293
118034 91315
118014 91321
118003 91363
117991 91376
117986 91396
117973 91421
117940 91432
117939 91438
117934 91439
117933 91468
117913 91472
117909 91481
117901 91513
117883 91542
117875 91567
117856 91582
117838 91622
117818 91629
117808 91649
117804 91662
117802 91670
117791 91687
117775 91691
117772 91693
117771 91704
117759 91730
117754 91736
117749 91752
117730 91774
117725 91792
117717 91799
117715 91816
117689 91829
117682 91856
117679 91862
117668 91880
117646 91898
117640 91918
117633 91923
117610 91944
117602 91983
117595 91992
117594 92001
117591 92002
117589 92008
117582 92017
117581 92026
117576 92033
117558 92047
117548 92050
117545 92072
117540 92089
117527 92114
117524 92136
117508 92273
117505 92293
117477 92401
117475 92521
117452 92560
117414 92576
117409 92646
117384 92805
117346 92821
117312 92860
117292 92897
117276 92901
117256 92942
117249 93023
117211 93039
117205 93049
117188 93077
117174 93101
117164 93159
117122 93163
117119 93186
117118 93195
117100 93213
117094 93233
117082 93241
117066 93252
117061 93305
117017 93355
117001 93363
116996 93379
116982 93413
116971 93421
116963 93425
116959 93429
116956 93506
116946 93532
116895 93560
116885 93586
116874 93587
116850 93588
116838 93599
116835 93621
116828 93643
116813 93645
116803 93654
116800 93699
116776 93733
116755 93749
116739 93768
116735 93774
116715 93787
116712 93861
116667 93873
116665 93880
116659 93883
116657 93899
116648 93921
116644 93924
116621 93943
116620 93967
116604 93971
116601 93994
116590 93995
116583 94022
116570 94046
116565 94057
116557 94071
116523 94073
116518 94089
116511 94107
116509 94134
116487 94141
116477 94149
116475 94153
116465 94177
116455 94191
116454 94217
116424 94222
116423 94242
116410 94267
116376 94273
116375 94291
116360 94332
116334 94335
116331 94336
116323 94353
116322 94361
116319 94383
116311 94393
116310 94550
116268 94551
116259 94649
116242 94795
116186 94824
116155 94863
116134 94877
116128 94955
116087 95065
116064 95103
116031 95128
116006 95167
115994 95218
115969 95257
115932 95271
115931 95273
115906 95294
115888 95357
115876 95370
115846 95390
115842 95506
115786 95565
115748 95581
115733 95583
115725 95619
115710 95626
115704 95646
115700 95658
115696 95673
115679 95685
115662 95730
115629 95736
115624 95746
115621 95763
115603 95794
115591 95807
115577 95839
115571 95846
115570 95865
115554 95897
115540 95929
115529 95936
115503 95959
115500 95963
115497 95968
115479 95983
115477 95984
115462 95991
115457 95995
115445 96030
115427 96122
115389 96138
115363 96143
115345 96155
115337 96194
115310 96229
115286 96319
115248 96335
115223 96356
115212 96360
115194 96425
115151 96427
115149 96445
115146 96476
115112 96513
115085 96530
115062 96544
115059 96566
115056 96616
115021 96621
115010 96625
114993 96642
114976 96654
114963 96674
114962 96684
114956 96715
114947 96743
114903 96764
114891 96767
114886 96794
114873 96795
114867 96805
114864 96809
114857 96815
114851 96827
114848 96834
114828 96852
114818 96867
114811 96870
114807 96871
114806 96940
114783 96975
114739 97080
114736 97100
114711 97139
114671 97196
114655 97198
114651 97247
114641 97254
114609 97332
114580 97356
114522 97375
114517 97411
114514 97437
114509 97438
114507 97503
114485 97510
114483 97511
114475 97538
114449 97546
114439 97553
114433 97601
114406 97622
114401 97740
114358 97759
114333 97765
114314 97767
114311 97787
114308 97804
114297 97813
114287 97816
114272 97852
114258 97892
114255 97909
114248 97912
114238 97919
114226 97965
114178 97983
114172 97985
114158 97990
114156 98006
114155 98043
114108 98045
114103 98066
114102 98099
114099 98119
114074 98158
114056 98169
114052 98188
114045 98189
114041 98202
114031 98239
113991 98255
113985 98290
113968 98309
113958 98316
113947 98320
113943 98375
113936 98393
113896 98427
113847 98467
113844 98487
113815 98494
113810 98550
113802 98572
113791 98576
113776 98590
113766 98597
113741 98636
113718 98644
113703 98652
113701 98670
113700 98684
113675 98691
113665 98698
113664 98711
113650 98730
113640 98737
113624 98745
113620 98755
113613 98769
113612 98802
113573 98803
113572 98817
113569 98826
113560 98841
113551 98856
113536 98868
113533 98889
113525 98911
113494 98919
113482 98929
113480 98934
113478 98937
113467 98941
113459 98950
113458 98972
113453 98976
113441 98983
113432 98990
113427 98992
113426 99006
113420 99017
113417 99035
113416 99048
113392 99086
113364 99087
113362 99090
113361 99108
113347 99138
113318 99147
113311 99165
113300 99192
113296 99205
113292 99214
113270 99258
113222 99274
113220 99305
113185 99322
113166 99348
113151 99362
113144 99366
113141 99369
113133 99384
113129 99393
113118 99396
113116 99408
113096 99430
113083 99431
113079 99480
113041 99496
113029 99497
113027 99519
113004 99536
112996 99558
112987 99574
112977 99593
112949 99603
112946 99623
112931 99635
112911 99640
112908 99661
112885 99699
112855 99706
112854 99729
112842 99745
112822 99748
112820 99780
112797 99796
112791 99820
112762 99827
112756 99835
112750 99851
112748 99857
112739 99859
112736 99880
112716 99883
112710 99893
112704 99894
112696 99896
112693 99899
112689 99908
112685 99921
112679 99955
112675 99964
112671 99977
112645 99985
112621 100024
112612 100028
112609 100048
112584 100054
112577 100068
112558 100073
112554 100076
112540 100082
112539 100084
112538 100090
112533 100092
112530 100112
112529 100130
112512 100133
112511 100136
112508 100156
112503 100227
112490 100234
112452 100249
112447 100253
112431 100302
112420 100335
112402 100387
112387 100417
112370 100473
112353 100490
112321 100576
112288 100600
112250 100633
112236 100634
112229 100670
112196 100694
112186 100727
112163 100793
112107 100814
112078 100826
112076 100830
112070 100843
112061 100860
112052 100908
112022 100990
111973 100996
111966 101011
111960 101061
111941 101082
111887 101083
111885 101116
111878 101152
111868 101155
111838 101186
111823 101245
111786 101258
111776 101261
111772 101305
111731 101346
111714 101356
111683 101362
111682 101442
111631 101502
111588 101516
111563 101527
111557 101543
111539 101608
111499 101610
111494 101626
111483 101647
111472 101662
111453 101667
111442 101724
111394 101727
111387 101735
111386 101756
111380 101769
111367 101779
111358 101807
111350 101830
111335 101833
111316 101854
111308 101857
111299 101858
111298 101859
111290 101871
111275 101885
111268 101888
111266 101913
111247 101921
111243 101939
111241 101941
111231 101977
111209 102027
111172 102032
111151 102033
111147 102077
111134 102082
111129 102092
111106 102118
111071 102129
111064 102138
111060 102139
111057 102174
111015 102180
111013 102186
111012 102194
111001 102200
110995 102202
110992 102206
110990 102208
110987 102210
110986 102227
110975 102246
110967 102254
110963 102288
110958 102294
110953 102296
110936 102306
110934 102308
110932 102315
110912 102337
110905 102367
110874 102382
110871 102394
110846 102405
110822 102407
110818 102411
110817 102417
110815 102433
110811 102437
110795 102441
110794 102456
110791 102457
110790 102461
110784 102463
110782 102488
110761 102505
110757 102516
110739 102531
110738 102539
110734 102557
110725 102602
110677 102622
110657 102627
110650 102657
110641 102685
110609 102698
110588 102702
110587 102704
110577 102709
110576 102714
110575 102721
110566 102736
110563 102763
110528 102769
110523 102781
110516 102790
110513 102817
110492 102837
110474 102869
110446 102901
110439 102910
110428 102912
110399 102924
110390 102952
110365 102957
110353 102967
110344 102969
110342 102979
110334 102986
110333 102992
110327 103012
110318 103040
110307 103042
110295 103072
110269 103081
110265 103099
110250 103132
110229 103136
110196 103163
110195 103168
110193 103183
110166 103215
110147 103217
110136 103232
110123 103256
110107 103266
110104 103277
110077 103285
110076 103296
110075 103302
110074 103304
110061 103315
110052 103317
110048 103320
110044 103339
110025 103356
110014 103366
110002 103370
109999 103399
109982 103411
109972 103427
109953 103442
109948 103476
109915 103482
109909 103493
109907 103517
109879 103520
109863 103521
109858 103522
109857 103528
109850 103544
109848 103546
109843 103570
109832 103572
109827 103580
109810 103582
109809 103584
109807 103586
109802 103599
109797 103605
109789 103610
109782 103614
109774 103623
109771 103642
109764 103646
109750 103700
109718 103713
109697 103743
109667 103744
109660 103752
109659 103766
109645 103772
109644 103774
109638 103794
109629 103807
109603 103813
109602 103845
109591 103860
109559 103877
109550 103886
109543 103890
109527 103900
109516 103915
109509 103927
109502 103931
109499 103967
109470 103971
109457 104003
109442 104007
109432 104009
109427 104055
109386 104084
109362 104088
109352 104110
109335 104112
109331 104113
109324 104116
109322 104127
109321 104135
109318 104149
109299 104153
109297 104178
109277 104190
109260 104199
109233 104221
109223 104231
109215 104233
109204 104255
109193 104274
109183 104319
109131 104325
109130 104336
109115 104344
109111 104355
109108 104374
109101 104377
109081 104378
109078 104391
109071 104394
109070 104395
109067 104416
109044 104417
109041 104421
109036 104423
109030 104441
109018 104442
109014 104444
109011 104446
109009 104466
109008 104468
108995 104504
108979 104507
108966 104531
108949 104538
108944 104540
108926 104552
108920 104560
108903 104566
108899 104588
108893 104590
108879 104600
108863 104615
108852 104631
108841 104638
108833 104643
108823 104651
108822 104658
108820 104671
108808 104680
108807 104703
108785 104729
108758 104733
108735 104739
108732 104758
108720 104764
108712 104788
108693 104807
108681 104813
108674 104816
108671 104829
108656 104832
108642 104857
108636 104862
108620 104866
108616 104870
108612 104882
108596 104884
108590 104905
108579 104907
108576 104912
108573 104928
108560 104930
108557 104949
108556 104970
108524 104974
108517 104979
108512 104990
108497 105021
108481 105025
108464 105035
108461 105055
108431 105064
108424 105080
108422 105081
108409 105113
108388 105115
108385 105129
108361 105146
108358 105168
108322 105189
108297 105221
108283 105223
108277 105229
108263 105240
108259 105248
108243 105263
108242 105265
108239 105278
108224 105281
108213 105285
108208 105286
108205 105290
108204 105311
108197 105312
108192 105315
108181 105333
108175 105338
108173 105349
108161 105363
108158 105380
108124 105387
108119 105389
108104 105397
108100 105412
108086 105418
108079 105432
108072 105436
108069 105441
108065 105470
108038 105501
108016 105510
108009 105513
107996 105518
107992 105530
107967 105540
107963 105556
107953 105578
107946 105579
107927 105582
107925 105585
107924 105599
107916 105603
107910 105630
107892 105638
107873 105655
107868 105656
107851 105664
107845 105673
107835 105685
107823 105686
107817 105693
107814 105698
107805 105699
107804 105720
107799 105722
107782 105729
107778 105742
107765 105777
107741 105796
107719 105797
107705 105801
107703 105817
107702 105822
107690 105832
107686 105837
107676 105849
107675 105850
107671 105851
107658 105857
107647 105861
107646 105878
107631 105888
107625 105894
107618 105920
107594 105940
107587 105945
107577 105962
107563 105964
107551 105972
107548 105989
107531 105996
107513 106016
107502 106017
107494 106048
107468 106055
107466 106058
107459 106084
107427 106086
107426 106087
107425 106096
107418 106098
107415 106101
107412 106131
107390 106140
107383 106143
107382 106156
107367 106187
107325 106200
107321 106201
107314 106208
107309 106219
107302 106222
107300 106239
107282 106247
107277 106250
107266 106252
107260 106267
107249 106271
107243 106315
107205 106326
107198 106328
107189 106332
107185 106347
107166 106364
107150 106371
107148 106375
107140 106379
107139 106407
107115 106426
107095 106427
107094 106448
107065 106460
107049 106470
107038 106474
107036 106487
107030 106490
107027 106494
107026 106499
107019 106503
107017 106510
107013 106522
107009 106534
106985 106542
106984 106549
106971 106551
106968 106559
106964 106560
106956 106569
106953 106573
106944 106583
106941 106588
106926 106598
106923 106605
106914 106609
106912 106615
106911 106629
106884 106657
106868 106658
106860 106677
106847 106679
106844 106681
106838 106686
106835 106690
106834 106701
106825 106702
106819 106703
106815 106705
106809 106711
106800 106712
106799 106714
106797 106726
106791 106730
106787 106757
106766 106777
106756 106786
106734 106792
106731 106799
106726 106800
106715 106809
106711 106810
106702 106811
106698 106818
106697 106827
106696 106832
106695 106835
106683 106849
106676 106852
106675 106865
106662 106897
106633 106924
106597 106936
106593 106945
106587 106952
106579 106956
106557 106957
106553 106959
106552 106974
106546 106993
106534 106994
106524 107001
106522 107005
106514 107006
106505 107035
106481 107046
106473 107064
106450 107069
106449 107072
106445 107078
106439 107090
106421 107092
106420 107120
106399 107126
106396 107129
106390 107134
106387 107157
106359 107172
106346 107185
106328 107186
106324 107197
106321 107198
106318 107213
106315 107215
106306 107217
106300 107228
106293 107231
106289 107232
106278 107235
106277 107244
106276 107248
106269 107251
106261 107263
106258 107267
106245 107284
106239 107289
106229 107301
106221 107309
106204 107314
106197 107326
106183 107340
106181 107341
106177 107366
106153 107371
106147 107373
106141 107386
106131 107395
106123 107409
106118 107410
106112 107412
106105 107429
106084 107432
106077 107433
106073 107448
106072 107453
106070 107465
106051 107482
106049 107495
106020 107507
106018 107518
106012 107520
106001 107524
105996 107526
105986 107535
105974 107541
105972 107545
105969 107565
105946 107593
105926 107604
105905 107608
105904 107611
105895 107632
105892 107646
105871 107648
105863 107673
105845 107693
105823 107702
105814 107706
105810 107729
105784 107737
105780 107743
105769 107761
105763 107763
105746 107771
105745 107775
105735 107784
105722 107791
105718 107795
105714 107814
105698 107827
105677 107828
105670 107830
105669 107839
105668 107844
105666 107857
105649 107863
105637 107869
105630 107878
105624 107884
105619 107891
105617 107901
105611 107912
105594 107916
105589 107921
105587 107935
105569 107940
105568 107943
105563 107955
105555 107969
105535 107980
105527 107984
105522 107999
105509 108008
105498 108018
105495 108038
105476 108043
105462 108062
105440 108064
105432 108078
105430 108088
105419 108091
105408 108095
105399 108102
105395 108111
105386 108123
105379 108132
105372 108135
105371 108140
105353 108142
105351 108157
105346 108158
105336 108202
105300 108211
105297 108216
105294 108219
105282 108223
105280 108226
105279 108238
105273 108242
105266 108276
105234 108282
105222 108286
105201 108292
105198 108301
105195 108312
105176 108315
105175 108320
105174 108335
105165 108337
105157 108338
105154 108352
105143 108374
105123 108377
105106 108382
105104 108383
105102 108391
105097 108395
105093 108405
105083 108421
105069 108423
105058 108428
105048 108432
105047 108450
105034 108452
105031 108467
105020 108487
104999 108510
104976 108520
104954 108523
104953 108524
104952 108540
104942 108556
104935 108576
104917 108593
104897 108608
104872 108631
104852 108639
104841 108667
104831 108668
104817 108672
104812 108674
104806 108683
104803 108690
104798 108692
104791 108697
104786 108700
104785 108712
104771 108730
104769 108741
104738 108749
104728 108767
104725 108787
104696 108790
104685 108794
104680 108809
104672 108832
104658 108836
104638 108844
104633 108846
104632 108851
104616 108872
104602 108884
104597 108887
104592 108888
104583 108891
104577 108892
104572 108905
104571 108909
104570 108912
104556 108928
104551 108931
104542 108932
104534 108935
104514 108970
104510 108972
104489 108977
104487 108985
104465 108994
104461 108995
104455 109000
104454 109017
104446 109028
104440 109030
104437 109033
104435 109034
104423 109037
104415 109039
104413 109040
104408 109049
104405 109069
104391 109077
104377 109096
104370 109106
104350 109108
104345 109111
104338 109118
104324 109132
104320 109134
104319 109147
104296 109151
104295 109153
104292 109157
104286 109174
104274 109178
104266 109185
104261 109216
104223 109222
104215 109229
104210 109235
104208 109237
104201 109244
104192 109256
104190 109259
104178 109260
104176 109263
104174 109273
104169 109275
104165 109286
104155 109288
104147 109296
104137 109308
104128 109317
104123 109327
104119 109330
104107 109338
104106 109339
104092 109357
104078 109366
104074 109379
104073 109381
104060 109383
104054 109395
104046 109401
104045 109412
104031 109416
104014 109427
104008 109439
103999 109456
103978 109461
103971 109463
103969 109476
103955 109480
103941 109498
103923 109520
103903 109536
103894 109553
103881 109580
103836 109590
103834 109599
103820 109603
103808 109629
103794 109633
103789 109639
103773 109641
103769 109642
103762 109673
103734 109677
103729 109696
103715 109700
103697 109721
103683 109725
103676 109735
103657 109770
103640 109772
103625 109774
103622 109782
103602 109806
103594 109816
103581 109841
103567 109845
103544 109854
103537 109858
103535 109885
103497 109903
103489 109913
103475 109947
103430 109982
103402 109996
103398 109998
103388 110000
103383 110006
103380 110008
103366 110026
103356 110040
103352 110042
103328 110044
103321 110052
103320 110054
103314 110068
103305 110071
103291 110088
103277 110092
103275 110105
103261 110123
103251 110137
103247 110139
103243 110145
103229 110149
103215 110167
103196 110169
103186 110170
103184 110177
103173 110185
103156 110186
103154 110187
103153 110191
103152 110193
103144 110198
103138 110221
103121 110227
103115 110232
103114 110258
103082 110278
103078 110280
103068 110302
103047 110310
103035 110325
103006 110329
103005 110332
103004 110341
103001 110342
102994 110346
102985 110352
102976 110361
102963 110399
102942 110407
102928 110411
102918 110414
102909 110417
102908 110435
102899 110438
102896 110451
102864 110455
102858 110462
102855 110470
102850 110483
102843 110487
102830 110490
102822 110500
102807 110502
102804 110524
102803 110532
102783 110539
102759 110552
102743 110561
102741 110571
102730 110572
102726 110574
102724 110580
102721 110587
102717 110594
102713 110596
102708 110625
102673 110637
102662 110669
102641 110677
102627 110681
102616 110684
102601 110686
102595 110709
102584 110724
102580 110726
102570 110728
102557 110766
102536 110774
102522 110778
102492 110793
102490 110818
102458 110822
102450 110827
102444 110850
102411 110863
102401 110869
102388 110907
102353 110919
102332 110926
102329 110929
102323 110934
102307 110963
102282 110967
102262 110974
102247 110980
102246 110988
102239 110992
102237 111019
102217 111029
102202 111031
102188 111044
102187 111060
102165 111062
102163 111067
102152 111081
102132 111116
102110 111153
102086 111160
102065 111168
102051 111172
102036 111201
102015 111209
102001 111213
101979 111221
101971 111228
101969 111241
101965 111281
101917 111301
101896 111304
101889 111314
101861 111316
101857 111317
101837 111324
101832 111354
101784 111404
101749 111416
101718 111427
101695 111432
101692 111443
101685 111453
101678 111457
101644 111497
101611 111551
101576 111563
101523 111583
101504 111612
101473 111624
101429 111644
101425 111647
101397 111657
101387 111668
101385 111681
101342 111706
101337 111709
101307 111718
101302 111721
101292 111747
101257 111773
101222 111785
101208 111805
101150 111842
101119 111846
101098 111916
101007 111937
100936 111944
100922 111964
100895 112011
100810 112064
100663 112073
100653 112133
100568 112186
100327 112198
100322 112203
100312 112206
100308 112207
100297 112219
100286 112236
100267 112242
100253 112246
100251 112254
100240 112280
100209 112291
100196 112294
100189 112297
100185 112303
100183 112314
100173 112320
100166 112324
100163 112335
100154 112346
100139 112351
100128 112376
100113 112377
100096 112416
100082 112420
100056 112428
100037 112436
100021 112437
100019 112453
100001 112457
99996 112466
99989 112477
99987 112478
99983 112504
99942 112516
99938 112524
99937 112548
99913 112561
99888 112565
99875 112578
99867 112585
99843 112593
99833 112598
99830 112616
99825 112619
99815 112630
99801 112632
99787 112640
99783 112641
99765 112671
99751 112673
99744 112677
99741 112684
99738 112685
99732 112695
99717 112697
99708 112705
99695 112718
99692 112722
99689 112732
99674 112734
99668 112740
99657 112770
99615 112785
99614 112787
99607 112811
99585 112819
99559 112820
99550 112831
99544 112832
99539 112836
99535 112860
99512 112898
99469 112913
99462 112939
99418 112943
99414 112962
99386 112972
99368 112984
99355 113000
99340 113002
99321 113021
99316 113034
99315 113035
99273 113071
99266 113075
99224 113082
99218 113098
99205 113110
99174 113123
99163 113138
99160 113161
99133 113168
99119 113171
99113 113179
99100 113182
99094 113196
99084 113211
99050 113227
99036 113234
99021 113268
98986 113275
98971 113309
98938 113327
98914 113329
98898 113332
98895 113342
98891 113362
98863 113372
98841 113403
98784 113407
98781 113414
98777 113423
98765 113436
98744 113441
98742 113463
98728 113465
98715 113466
98711 113468
98686 113470
98685 113480
98671 113493
98668 113504
98641 113511
98627 113514
98614 113516
98611 113524
98608 113525
98606 113543
98591 113549
98589 113567
98556 113584
98542 113592
98529 113611
98497 113624
98482 113628
98456 113634
98453 113644
98448 113649
98434 113652
98422 113672
98409 113691
98399 113705
98365 113718
98335 113725
98329 113746
98308 113772
98253 113779
98229 113795
98223 113809
98159 113836
98145 113844
98126 113854
98114 113886
98099 113892
98066 113894
98035 113919
98029 113933
98000 113965
97967 113967
97930 113990
97917 114034
97827 114053
97788 114057
97779 114076
97758 114087
97748 114107
97729 114117
97672 114140
97618 114147
97599 114155
97585 114175
97523 114188
97506 114229
97473 114275
97330 114277
97151 114278
97146 114302
97121 114308
97112 114314
97101 114319
97086 114321
97079 114332
97071 114349
97039 114362
97025 114365
97023 114370
97016 114396
96993 114406
96978 114421
96946 114431
96945 114432
96941 114434
96925 114444
96924 114453
96905 114455
96900 114469
96894 114470
96882 114492
96865 114495
96863 114500
96850 114510
96828 114515
96825 114525
96813 114530
96806 114534
96803 114538
96797 114542
96784 114566
96772 114567
96755 114577
96753 114579
96751 114583
96744 114593
96721 114598
96705 114618
96694 114634
96691 114638
96672 114646
96667 114648
96644 114656
96641 114679
96622 114687
96588 114702
96576 114703
96552 114722
96536 114723
96534 114738
96523 114754
96500 114759
96490 114765
96484 114779
96471 114784
96437 114788
96432 114796
96431 114802
96409 114806
96408 114812
96406 114817
96383 114827
96381 114842
96357 114843
96356 114858
96346 114862
96333 114868
96331 114883
96304 114895
96279 114900
96278 114906
96266 114911
96264 114915
96263 114920
96252 114936
96212 114948
96199 114981
96180 114989
96154 115011
96135 115019
96110 115024
96096 115044
96059 115052
96058 115061
96051 115063
96048 115067
96042 115081
96031 115097
95998 115108
95960 115112
95946 115123
95945 115131
95933 115135
95922 115138
95914 115160
95900 115180
95889 115185
95862 115197
95855 115199
95852 115203
95834 115205
95828 115213
95822 115217
95805 115221
95802 115244
95771 115251
95742 115266
95733 115271
95711 115283
95700 115289
95693 115321
95661 115324
95651 115330
95588 115346
95575 115363
95557 115366
95546 115402
95479 115403
95472 115411
95451 115443
95409 115452
95385 115453
95333 115485
95315 115488
95280 115499
95237 115525
95185 115553
95157 115575
95066 115581
94966 115596
94941 115619
94767 115621
94762 115631
94750 115644
94717 115662
94710 115670
94691 115673
94683 115687
94665 115693
94660 115711
94636 115714
94615 115724
94605 115734
94598 115745
94587 115747
94574 115748
94571 115772
94548 115786
94526 115787
94515 115790
94513 115793
94509 115795
94508 115800
94497 115804
94496 115811
94494 115818
94470 115834
94462 115848
94433 115849
94423 115854
94422 115875
94396 115900
94358 115917
94336 115923
94320 115933
94308 115942
94296 115943
94286 115973
94273 115979
94258 115983
94223 115989
94218 116013
94186 116016
94184 116018
94176 116032
94159 116033
94149 116039
94137 116043
94136 116072
94111 116073
94106 116088
94079 116115
94051 116124
94033 116137
94003 116148
93990 116152
93988 116154
93978 116159
93957 116187
93933 116190
93928 116200
93909 116203
93904 116205
93876 116211
93873 116223
93863 116227
93862 116228
93859 116231
93848 116239
93832 116261
93797 116278
93786 116283
93763 116288
93750 116298
93742 116314
93722 116330
93675 116339
93674 116358
93666 116364
93631 116370
93625 116377
93613 116387
93598 116388
93589 116392
93550 116395
93547 116400
93544 116405
93543 116440
93494 116443
93483 116444
93452 116446
93449 116449
93435 116472
93421 116475
93407 116494
93383 116499
93371 116509
93318 116515
93308 116529
93283 116552
93274 116556
93241 116566
93207 116571
93179 116597
93122 116601
93111 116631
93066 116651
92712 116653
92703 116656
92702 116664
92689 116668
92688 116683
92656 116686
92655 116694
92653 116697
92632 116718
92620 116719
92599 116724
92597 116727
92596 116735
92579 116740
92577 116747
92572 116748
92571 116751
92566 116755
92551 116760
92537 116764
92536 116768
92531 116769
92530 116773
92525 116783
92515 116784
92514 116790
92506 116809
92484 116814
92467 116818
92455 116834
92443 116837
92435 116847
92424 116868
92402 116875
92370 116878
92369 116881
92363 116884
92357 116888
92354 116889
92348 116895
92346 116905
92342 116907
92331 116937
92305 116941
92292 116948
92272 116952
92270 116955
92269 116963
92255 116982
92224 116999
92184 117005
92176 117008
92174 117014
92169 117024
92162 117025
92148 117032
92140 117061
92128 117062
92114 117065
92095 117066
92086 117071
92081 117076
92079 117079
92078 117087
92074 117098
92045 117102
92031 117110
92022 117117
92014 117130
91991 117145
91958 117149
91956 117155
91952 117156
91941 117186
91908 117190
91899 117193
91872 117194
91871 117207
91854 117211
91839 117225
91833 117235
91827 117241
91794 117243
91789 117266
91783 117273
91750 117277
91721 117278
91716 117288
91707 117292
91699 117294
91679 117295
91678 117296
91676 117309
91668 117325
91635 117329
91626 117350
91593 117354
91585 117363
91556 117371
91541 117395
91512 117405
91488 117410
91452 117437
91426 117447
91399 117449
91393 117451
91377 117457
91349 117487
91316 117491
91314 117493
91281 117497
91280 117506
91270 117527
91219 117534
91210 117559
91107 117609
91074 117613
90696 117620
90687 117624
90678 117627
90675 117628
90674 117640
90655 117645
90649 117652
90640 117677
90626 117680
90605 117683
90598 117686
90593 117691
90591 117694
90590 117702
90555 117703
90546 117712
90541 117713
90540 117717
90535 117720
90533 117723
90522 117726
90521 117730
90517 117737
90505 117744
90503 117760
90483 117764
90471 117771
90458 117776
90453 117801
90407 117810
90401 117817
90390 117822
90382 117824
90366 117826
90365 117845
90352 117850
90351 117858
90316 117864
90312 117884
90295 117888
90285 117892
90273 117895
90267 117902
90247 117904
90245 117926
90214 117938
90208 117948
90175 117950
90164 117979
90136 117983
90116 117996
90104 118012
90094 118016
90069 118020
90056 118028
90029 118045
90017 118052
90006 118069
89999 118082
89950 118099
89949 118107
89922 118113
89874 118118
89873 118123
89872 118131
89862 118134
89853 118139
89849 118143
89828 118151
89819 118176
89804 118179
89799 118189
89733 118202
89712 118206
89707 118229
89702 118236
89659 118238
89630 118253
89607 118277
89574 118283
89521 118330
89460 118358
89403 118396
88877 118403
88863 118410
88849 118413
88846 118415
88836 118418
88832 118423
88831 118437
88820 118441
88818 118444
88806 118465
88768 118485
88740 118486
88738 118497
88729 118500
88721 118517
88701 118519
88695 118520
88690 118524
88679 118526
88676 118532
88656 118537
88653 118539
88651 118560
88640 118561
88615 118573
88596 118577
88595 118585
88594 118594
88593 118602
88567 118604
88561 118605
88553 118608
88544 118635
88499 118648
88483 118649
88465 118661
88459 118662
88452 118666
88428 118668
88416 118673
88410 118675
88406 118681
88405 118701
88394 118702
88392 118704
88362 118705
88353 118707
88352 118710
88351 118724
88345 118735
88340 118766
88292 118773
88283 118778
88237 118792
88235 118798
88233 118819
88166 118821
88160 118822
88152 118824
88150 118826
88143 118832
88141 118866
88098 118888
88050 118895
88041 118900
87991 118941
87901 118954
87899 118988
87851 118995
87773 119000
87769 119010
87714 119029
87666 119036
87541 119041
87242 119042
87232 119045
87206 119052
87202 119057
87200 119059
87194 119060
87193 119075
87185 119086
87159 119105
87114 119120
87109 119146
87064 119153
87043 119174
86998 119176
86986 119186
86984 119188
86978 119195
86973 119221
86934 119229
86896 119255
86878 119262
86837 119269
86827 119282
86816 119283
86801 119296
86772 119299
86771 119315
86740 119318
86735 119329
86731 119343
86683 119350
86655 119352
86647 119364
86645 119385
86574 119391
86560 119394
86543 119410
86537 119418
86531 119421
86508 119433
86488 119443
86462 119446
86451 119471
86396 119490
86390 119499
86339 119502
86330 119513
86289 119543
86191 119546
86189 119552
86146 119562
86116 119569
86089 119573
86024 119602
85989 119611
85670 119612
85632 119617
85629 119618
85619 119622
85617 119643
85602 119649
85572 119658
85567 119684
85519 119691
85504 119709
85471 119712
85463 119721
85455 119728
85410 119743
85407 119748
85405 119769
85331 119789
85310 119796
85301 119798
85275 119805
85268 119817
85245 119831
85215 119837
85213 119850
85175 119858
85168 119865
85163 119891
85080 119899
85063 119900
85040 119912
85023 119924
85006 119925
84998 119926
84980 119940
84974 119945
84940 119952
84867 119961
84863 119988
84786 119990
84777 119996
84766 119998
84760 120002
84739 120005
84738 120006
84730 120008
84723 120010
84721 120019
84706 120037
84671 120072
84538 120092
84174 120094
84158 120097
84136 120101
84121 120109
84109 120118
84105 120119
84101 120136
84084 120141
84079 120149
84059 120158
84035 120162
84034 120182
84011 120196
83971 120205
83969 120218
83916 120219
83910 120223
83877 120231
83869 120232
83867 120240
83863 120241
83859 120251
83850 120252
83842 120266
83824 120286
83764 120292
83737 120294
83734 120301
83729 120327
83636 120332
83620 120335
83607 120349
83571 120360
83562 120363
83546 120373
83542 120378
83524 120398
83511 120408
83475 120417
83470 120443
83370 120447
83341 120452
83337 120463
83292 120473
83149 120492
82791 120502
82768 120516
82733 120551
82672 120563
82668 120564
82664 120574
82623 120585
82619 120590
82615 120593
82571 120604
82569 120615
82533 120617
82526 120621
82518 120630
82474 120634
82469 120656
82427 120670
82422 120696
82375 120718
82310 120731
82241 120753
82227 120763
82204 120769
82174 120792
82117 120797
82068 120801
82064 120808
82034 120817
82000 120819
81969 120830
81968 120842
81867 120843
81836 120850
81801 120860
81766 120869
81419 120880
81402 120890
81372 120913
81320 120932
81316 120954
81210 120966
81203 120970
81185 120972
81174 120993
81140 120995
81137 120999
81131 121005
81130 121022
81072 121025
81067 121051
81060 121055
81014 121080
80957 121085
80950 121089
80929 121096
80884 121105
80879 121131
80837 121135
80815 121140
80810 121166
80703 121170
80679 121179
80668 121205
80620 121210
80486 121219
80405 121231
80042 121232
80035 121235
80025 121242
80007 121250
80002 121254
79961 121257
79960 121290
79942 121292
79919 121295
79892 121299
79886 121309
79885 121319
79848 121325
79841 121330
79820 121348
79807 121350
79800 121354
79790 121360
79783 121364
79759 121383
79690 121389
79672 121398
79658 121416
79649 121417
79625 121418
79601 121421
79597 121428
79569 121431
79564 121433
79562 121463
79480 121468
79448 121491
79379 121508
79372 121511
79322 121513
79294 121515
79292 121530
79264 121542
79182 121564
78678 121589
78616 121590
78600 121592
78596 121600
78577 121620
78564 121624
78544 121630
78528 121644
78498 121653
78497 121667
78428 121685
78415 121689
78383 121691
78381 121697
78357 121704
78336 121721
78329 121724
78291 121726
78271 121731
78263 121732
78249 121736
78247 121738
78242 121742
78235 121772
78153 121794
78085 121800
78036 121803
78029 121805
78020 121829
77971 121834
77938 121851
77825 121863
77824 121873
77681 121881
77289 121892
77286 121895
77269 121903
77267 121904
77251 121925
77227 121932
77215 121966
77138 121978
77133 121988
77056 122000
77025 122014
76981 122016
76955 122021
76948 122026
76943 122036
76918 122037
76866 122050
76841 122053
76834 122056
76813 122065
76804 122067
76784 122072
76772 122092
76764 122097
76719 122121
76582 122140
76529 122169
75957 122173
75925 122184
75898 122187
75892 122202
75862 122206
75858 122213
75850 122215
75838 122235
75770 122237
75769 122240
75756 122257
75744 122291
75627 122295
75626 122297
75620 122299
75603 122307
75561 122308
75554 122339
75509 122363
75347 122369
75296 122374
75285 122385
75223 122396
75181 122402
75164 122406
74615 122422
74611 122427
74567 122438
74564 122441
74541 122452
74491 122455
74471 122463
74467 122465
74454 122467
74450 122479
74445 122481
74425 122482
74418 122483
74406 122486
74394 122487
74378 122489
74373 122521
74348 122522
74288 122527
74280 122534
74276 122547
74251 122570
74153 122572
74151 122577
74106 122590
74086 122595
74078 122599
74061 122603
73988 122625
73900 122628
73342 122635
73325 122639
73270 122644
73252 122661
73250 122666
73234 122668
73207 122680
73187 122688
73128 122714
73095 122719
73055 122736
73022 122741
73005 122745
72977 122760
72932 122767
72895 122779
72834 122784
72832 122789
72822 122801
72803 122810
72742 122815
72730 122832
71991 122841
71974 122845
71972 122850
71961 122870
71899 122872
71882 122876
71856 122886
71848 122891
71821 122897
71788 122899
71775 122913
71764 122917
71709 122920
71692 122924
71682 122925
71666 122934
71657 122943
71600 122944
71574 122965
71508 122975
71429 122981
71347 122983
71277 123001
70770 123003
70724 123014
70701 123017
70662 123036
70609 123048
70553 123056
70534 123062
70511 123065
70477 123075
70419 123096
70385 123106
70044 123129
69548 123146
69469 123152
69457 123158
69434 123159
69430 123187
69244 123207
69221 123210
69096 123212
68974 123215
68445 123218
68429 123239
68408 123243
68289 123253
68257 123256
68245 123262
68218 123291
68093 123293
67985 123294
67962 123297
67950 123303
67825 123305
67215 123317
67124 123322
67108 123324
67087 123327
67064 123330
67030 123340
67025 123365
66792 123368
66086 123369
66002 123379
65942 123401
65878 123403
65855 123406
65717 123415
64904 123416
64893 123435
64668 123436
64626 123437
64512 123440
63912 123448
63889 123451
63877 123457
63806 123469
63651 123472
63586 123478
63563 123481
62596 123484
