300 2
76167
462 196 889
86 286 797
87 329 692
169 539 415
413 816 249
964 523 436
995 179 814
950 905 83
466 269 651
457 630 410
846 92 980
774 178 758
693 265 737
305 433 476
579 845 229
405 810 168
704 805 209
176 756 239
602 223 826
711 679 295
416 526 467
316 301 728
502 994 96
17 300 668
71 878 59
941 284 815
335 987 90
907 164 847
386 765 291
133 476 516
510 892 206
978 208 749
626 709 247
537 726 290
881 797 195
71 738 311
71 74 953
875 981 106
437 367 665
221 500 426
685 10 892
675 988 26
966 614 475
253 152 882
837 33 929
301 104 837
48 174 782
783 49 889
681 486 540
344 707 218
483 392 535
514 68 853
753 34 965
702 287 792
377 124 961
849 425 480
61 473 467
345 256 694
610 936 121
243 281 707
376 764 303
518 279 801
649 33 991
394 734 210
291 112 857
219 961 107
251 22 907
456 366 634
710 976 54
449 219 824
895 595 401
733 114 938
638 762 297
578 157 848
803 447 581
153 666 354
927 916 115
175 373 725
678 83 994
118 532 404
839 427 629
325 161 918
89 799 232
885 377 685
417 181 770
61 333 752
665 261 807
292 435 507
285 113 846
254 231 835
442 71 872
225 395 588
121 484 458
779 370 648
595 787 268
856 847 73
784 513 460
628 805 255
845 91 984
146 344 584
977 785 158
236 11 956
656 131 787
874 910 88
471 505 445
247 362 557
356 146 876
726 774 209
531 620 381
450 765 305
599 742 285
818 978 79
432 634 421
530 509 528
997 979 23
253 227 784
354 583 457
969 309 686
390 840 78
900 290 782
754 888 132
394 706 310
44 139 804
824 668 377
516 666 375
712 918 170
271 273 730
974 242 823
453 632 400
551 532 559
415 286 782
22 680 329
606 724 313
825 549 421
554 65 837
262 777 311
197 48 883
714 23 932
540 476 440
207 28 951
163 442 639
7 463 553
556 70 882
245 894 177
602 448 636
625 709 331
567 906 145
782 620 434
239 160 788
328 367 587
947 529 514
854 535 400
441 92 855
752 336 591
612 938 95
537 563 396
239 131 809
988 913 154
761 153 944
10 480 490
285 428 648
3 282 700
183 723 278
433 476 592
577 88 958
169 625 343
469 863 131
677 852 125
504 614 394
491 624 279
845 909 85
728 911 138
146 95 893
654 528 558
499 105 797
282 273 755
628 742 259
105 419 552
495 922 173
38 414 605
60 260 741
509 987 47
242 133 869
697 786 121
628 286 642
647 567 416
292 196 735
799 300 715
160 795 205
135 832 251
734 892 42
243 402 529
662 643 315
178 340 575
221 968 48
368 616 471
787 908 25
949 707 278
529 867 77
33 3 902
949 736 354
126 978 43
290 641 458
586 818 148
669 40 902
38 407 677
973 195 870
106 144 862
537 673 307
763 705 275
823 654 273
774 780 143
128 70 959
124 656 359
460 325 698
765 363 541
686 337 606
516 442 529
53 978 4
457 742 305
863 566 412
5 340 594
126 468 480
886 591 489
466 52 881
85 816 201
111 503 582
330 20 923
693 72 887
729 529 388
470 392 638
865 397 702
42 522 470
288 408 502
190 874 46
417 958 130
7 70 901
932 399 589
302 93 906
649 821 87
739 292 694
395 157 909
391 199 771
854 486 566
909 676 351
16 93 921
937 100 932
363 32 875
807 334 596
324 982 115
369 721 232
806 116 868
639 506 518
994 361 560
758 270 787
396 285 790
992 223 872
658 585 316
724 393 575
881 716 248
860 86 821
131 891 40
558 531 502
184 525 380
296 284 675
84 679 337
963 672 389
943 331 647
954 55 966
300 935 82
627 796 221
675 926 83
838 485 416
509 668 338
540 963 112
841 47 925
427 11 907
235 953 73
629 908 106
415 209 788
917 835 121
505 510 431
984 349 690
994 858 114
530 398 567
349 239 735
847 666 311
18 901 68
518 530 419
74 944 71
564 862 96
851 368 692
65 353 577
763 347 554
131 877 104
461 227 802
838 74 880
227 92 848
569 609 440
819 683 354
2906
118303 64313
118293 64458
118290 65129
118289 65238
118288 65426
118284 65465
118275 65530
118274 66270
118271 66354
118262 67148
118240 67192
118239 67200
118236 67285
118231 67452
118220 68104
118204 68261
118187 68302
118182 68469
118173 68565
118165 68659
118147 69242
118137 69403
118132 69466
118124 69519
118121 69560
118119 69561
118113 69654
118111 69672
118096 69695
118086 69713
118078 70279
118075 70283
118074 70437
118071 70610
118054 70653
118050 70675
118044 70691
118031 70710
118025 70716
118022 70806
118015 70869
118002 71452
117996 71509
117995 71578
117993 71656
117992 71664
117990 71704
117971 71729
117966 71805
117948 71861
117939 71886
117933 72685
117904 72706
117898 72760
117881 72801
117875 72828
117868 72891
117848 72931
117847 72952
117843 72962
117840 73011
117837 73020
117830 73721
117803 73732
117796 73882
117777 73908
117769 73963
117761 74065
117722 74104
117704 74231
117675 74252
117659 74786
117657 74792
117653 74861
117651 75081
117613 75148
117597 75158
117587 75184
117585 75226
117563 75243
117554 75255
117550 75319
117549 75330
117535 75353
117525 75968
117510 75991
117507 76029
117505 76036
117498 76095
117497 76106
117494 76117
117493 76128
117479 76140
117478 76163
117477 76174
117474 76177
117460 76185
117459 76200
117444 76221
117433 76224
117431 76226
117429 76231
117427 76238
117422 76263
117421 76320
117420 76331
117418 76336
117410 76358
117405 76387
117387 76423
117375 76435
117371 76436
117369 76441
117368 76452
117352 77263
117305 77272
117290 77361
117288 77366
117287 77377
117268 77426
117246 77436
117233 77497
117232 77508
117217 77509
117214 77528
117213 77565
117186 77618
117169 77637
117164 77644
117159 77650
117154 77667
117149 78288
117148 78299
117134 78311
117133 78322
117131 78349
117130 78360
117117 78379
117109 78390
117107 78426
117106 78437
117094 78504
117077 78509
117075 78553
117074 78564
117060 78567
117056 78593
117055 78612
117041 78616
117040 78635
117034 78640
117031 78645
117030 78651
117029 78662
117028 78665
117027 78671
117025 78680
117015 78682
117014 78722
117006 78729
117005 78748
117002 78753
116993 78767
116987 78776
116976 78777
116975 78782
116967 78784
116962 78794
116957 78801
116955 78812
116953 78852
116952 78889
116928 79531
116917 79600
116902 79623
116882 79629
116880 79637
116869 79669
116868 79680
116866 79738
116847 79754
116846 79765
116840 79767
116839 79770
116836 79781
116824 79782
116822 79801
116821 79812
116820 79819
116819 79837
116814 79859
116802 79860
116795 79908
116794 79919
116779 79925
116774 79935
116764 79936
116763 79947
116762 79960
116761 79971
116750 79980
116746 79988
116741 80016
116740 80027
116727 80032
116726 80055
116721 80076
116716 80656
116705 80725
116673 80797
116662 80866
116643 80896
116630 80915
116615 80938
116610 80979
116602 80984
116601 80987
116591 80997
116590 81008
116587 81015
116578 81036
116571 81039
116570 81068
116568 81086
116559 81125
116549 81135
116548 81146
116534 81155
116533 81184
116520 81204
116508 81223
116507 81226
116506 81237
116503 81242
116502 81244
116497 81245
116489 81267
116488 81272
116483 81293
116478 81294
116473 81303
116470 81316
116469 81327
116466 81332
116461 81342
116454 81350
116451 81355
116448 81829
116434 81866
116425 81867
116424 81916
116414 81921
116413 81985
116407 81994
116405 82009
116397 82041
116396 82043
116395 82049
116391 82091
116370 82122
116364 82136
116362 82150
116354 82181
116353 82187
116345 82209
116325 82221
116324 82241
116322 82259
116313 82277
116307 82285
116306 82314
116305 82317
116300 82322
116296 82328
116291 82345
116280 82358
116279 82367
116277 82392
116267 82402
116263 82455
116248 82478
116238 82485
116231 82504
116230 82507
116223 82508
116222 82531
116221 82554
116207 82572
116198 82581
116195 82612
116181 82640
116169 82641
116166 83039
116159 83071
116142 83224
116131 83273
116117 83320
116109 83358
116100 83362
116094 83389
116089 83411
116080 83412
116074 83434
116067 83496
116066 83499
116051 83522
116047 83529
116036 83598
116015 83638
115992 83650
115988 83660
115985 83669
115984 83672
115980 83717
115965 83725
115961 83737
115955 83739
115953 83741
115945 83770
115942 83810
115931 83858
115906 83864
115905 83874
115898 83883
115896 83901
115890 83915
115881 83924
115875 83948
115866 83951
115860 83959
115859 83960
115858 84361
115841 84531
115824 84652
115802 84655
115799 84682
115791 84704
115777 84751
115768 84769
115760 84793
115757 84820
115749 84842
115726 84907
115697 84912
115695 84978
115680 85001
115667 85015
115661 85021
115650 85066
115644 85080
115642 85094
115631 85142
115609 85148
115600 85157
115596 85162
115594 85171
115588 85189
115580 85199
115573 85211
115572 85224
115568 85239
115566 85244
115557 85247
115556 85275
115542 85282
115539 85296
115536 85313
115535 85315
115533 85340
115525 85362
115518 85539
115509 85619
115507 85698
115498 85711
115492 85789
115489 85825
115484 85830
115482 85837
115477 85843
115472 85980
115464 86002
115455 86027
115440 86041
115428 86047
115420 86069
115417 86101
115410 86138
115402 86143
115400 86149
115395 86192
115385 86204
115378 86220
115368 86235
115366 86236
115362 86269
115355 86285
115348 86289
115347 86307
115340 86345
115325 86354
115319 86356
115316 86363
115311 86378
115309 86432
115288 86473
115274 86478
115268 86481
115266 86500
115259 86501
115258 86503
115257 86515
115255 86527
115249 86541
115248 86543
115246 86555
115243 86565
115234 86573
115228 86588
115226 86602
115223 86622
115218 86628
115208 86639
115198 86659
115190 86681
115186 86684
115181 86688
115178 86710
115167 86724
115164 86757
115155 86771
115144 87061
115143 87109
115128 87149
115124 87295
115109 87318
115090 87325
115083 87387
115069 87446
115057 87451
115051 87518
115041 87538
115033 87583
115021 87589
115010 87625
114993 87627
114990 87676
114986 87724
114957 87728
114955 87811
114948 87827
114914 87845
114899 87885
114892 87934
114867 87973
114859 87984
114844 88007
114836 88060
114814 88061
114806 88081
114801 88117
114788 88118
114769 88131
114766 88148
114756 88203
114755 88566
114732 88631
114724 88653
114715 88665
114710 88677
114704 88744
114684 88752
114682 88804
114678 88809
114676 88836
114667 88864
114662 88895
114647 88896
114645 88923
114639 88960
114631 88982
114605 88985
114603 89074
114580 89129
114566 89188
114521 89199
114515 89206
114513 89295
114498 89318
114459 89330
114454 89343
114447 89426
114432 89449
114402 89469
114387 89492
114368 89496
114361 89512
114357 89529
114348 89530
114342 89532
114340 89579
114331 90035
114272 90214
114258 90273
114211 90332
114196 90355
114192 90404
114161 90454
114146 90477
114126 90491
114119 90515
114116 90566
114097 90579
114085 90603
114076 90613
114070 90626
114061 90627
114053 90646
114045 90665
114035 90679
114032 90695
114027 90715
114020 90739
114001 90745
113999 90758
113995 90778
113983 90810
113968 90833
113954 90870
113929 90909
113916 90919
113914 90932
113885 90956
113869 90966
113868 90976
113867 90979
113866 90989
113856 91014
113848 91019
113844 91068
113835 91069
113829 91091
113820 91092
113787 91515
113735 91572
113720 91595
113712 91726
113698 91766
113678 91814
113663 91837
113646 91857
113627 91885
113615 91894
113613 91950
113586 91993
113574 92041
113559 92064
113547 92081
113544 92088
113518 92105
113511 92155
113496 92178
113475 92195
113453 92241
113427 92246
113414 92277
113394 92313
113387 92372
113351 92386
113339 92409
113318 92410
113314 92451
113289 92459
113288 92466
113285 92479
113279 92481
113276 92507
113268 92516
113258 92533
113237 92542
113235 92555
113228 92564
113220 92579
113219 92581
113214 92591
113204 92604
113199 92614
113186 92615
113184 92638
113180 92654
113163 92655
113159 92690
113143 92693
113123 92740
113111 92747
113100 92785
113078 93337
113063 93360
113042 93377
113015 93417
112994 93434
112975 93443
112965 93444
112950 93467
112940 93496
112931 93548
112918 93628
112903 93651
112882 93668
112837 93680
112830 93688
112822 93703
112814 93706
112801 93714
112800 93720
112795 93725
112792 93762
112775 93769
112774 93773
112771 93779
112757 93795
112754 93828
112739 93851
112732 93860
112722 93874
112717 93893
112707 93897
112697 93904
112696 93910
112695 93920
112692 93924
112682 93927
112679 93949
112670 93979
112641 94004
112640 94011
112626 94027
112616 94029
112608 94030
112604 94081
112583 94098
112562 94165
112547 94188
112526 94205
112519 94240
112498 94257
112460 94267
112445 94290
112438 94292
112428 94300
112427 94311
112413 94323
112411 94326
112408 94351
112393 94374
112378 94393
112371 94416
112354 94427
112350 94433
112324 94448
112322 94455
112321 94461
112316 94490
112295 94507
112279 94791
112277 94864
112255 95022
112250 95028
112235 95051
112228 95082
112188 95111
112169 95120
112165 95187
112129 95207
112115 95272
112090 95319
112075 95342
112035 95348
112030 95431
111981 95432
111980 95435
111977 95437
111973 95463
111955 95563
111904 95573
111889 95585
111883 95615
111851 95640
111844 95671
111829 95694
111820 95726
111799 95743
111776 95772
111769 95803
111766 95810
111754 95826
111739 95834
111714 95855
111701 95864
111691 95931
111670 95944
111654 95960
111639 95983
111615 95989
111607 96009
111600 96012
111595 96024
111580 96047
111578 96054
111575 96061
111565 96065
111558 96096
111547 96107
111532 96130
111516 96146
111515 96154
111500 96166
111494 96167
111493 96169
111489 96184
111484 96187
111479 96211
111471 96223
111456 96234
111447 96256
111432 96279
111430 96302
111415 96325
111390 96327
111384 96336
111371 96340
111369 96344
111365 96345
111362 96365
111361 96412
111346 96435
111307 96668
111305 96719
111243 96906
111205 96959
111172 96987
111168 97038
111143 97060
111131 97094
111090 97144
111082 97194
111045 97250
111021 97254
111005 97303
110974 97309
110956 97336
110944 97380
110936 97413
110930 97435
110883 97446
110881 97450
110876 97466
110875 97490
110869 97511
110861 97545
110838 97546
110807 97576
110806 97582
110801 97603
110784 97606
110776 97621
110775 97644
110760 97647
110758 97685
110732 97713
110723 97731
110721 97741
110701 97752
110684 97755
110681 97794
110662 97797
110649 97802
110642 97813
110637 97887
110616 97911
110606 97926
110563 97931
110558 97939
110552 97953
110550 97955
110543 97962
110537 98036
110522 98044
110497 98057
110482 98080
110477 98094
110460 98097
110459 98099
110450 98109
110445 98125
110438 98139
110435 98140
110413 98161
110408 98204
110382 98214
110368 98223
110360 98268
110345 98279
110338 98288
110337 98291
110319 98294
110314 98310
110299 98333
110286 98350
110259 98356
110258 98370
110255 98379
110246 98387
110236 98392
110231 98410
110220 98412
110214 98423
110213 98443
110206 98457
110191 98465
110189 98503
110172 98506
110171 98508
110160 98516
110145 98533
110138 98558
110120 98613
110078 98614
110063 98617
110060 98619
110057 98634
110055 98638
110049 98644
110042 98671
110038 98707
110023 98715
110005 98736
109994 98738
109983 98751
109980 98754
109968 98765
109963 98772
109948 98795
109947 98798
109942 98825
109920 98862
109894 98882
109887 98902
109884 99106
109848 99258
109794 99313
109779 99368
109720 99376
109713 99390
109694 99462
109663 99584
109641 99601
109576 99618
109570 99635
109567 99660
109560 99667
109519 99704
109513 99719
109506 99722
109491 99777
109470 99804
109450 99814
109448 99846
109438 99851
109406 99871
109389 99881
109379 99917
109365 99974
109353 100010
109341 100020
109339 100075
109283 100082
109261 100084
109252 100109
109247 100130
109236 100158
109210 100186
109185 100213
109167 100268
109138 100270
109125 100280
109113 100284
109101 100290
109100 100307
109091 100326
109077 100383
109055 100408
109053 100429
108997 100434
108995 100451
108985 100453
108982 100467
108973 100493
108961 100507
108949 100537
108947 100572
108937 100575
108923 100621
108886 100677
108854 100681
108818 100691
108809 100693
108802 100698
108795 100711
108787 100744
108782 100747
108775 100765
108767 100817
108734 100825
108687 100850
108685 100872
108683 100884
108663 100894
108661 100926
108658 100933
108649 100984
108591 100985
108579 101004
108568 101041
108551 101107
108496 101122
108483 101131
108474 101159
108471 101171
108450 101208
108413 101216
108405 101258
108365 101293
108363 101300
108343 101303
108337 101312
108330 101333
108327 101337
108302 101356
108290 101376
108270 101386
108265 101393
108252 101407
108249 101409
108246 101438
108244 101445
108234 101448
108220 101494
108183 101550
108159 101604
108103 101609
108101 101626
108077 101629
108072 101638
108064 101690
108055 101712
108033 101727
107996 101732
107985 101747
107984 101749
107968 101765
107960 101798
107946 101857
107898 101883
107870 101888
107861 101939
107817 101963
107815 102108
107732 102256
107707 102277
107681 102292
107612 102358
107569 102393
107543 102423
107527 102517
107494 102525
107482 102544
107478 102644
107409 102684
107383 102768
107325 102769
107314 102780
107295 102787
107289 102861
107280 102912
107227 102946
107205 102955
107182 102963
107179 102970
107171 103028
107132 103032
107110 103036
107108 103062
107086 103141
107039 103151
107031 103171
107028 103188
107014 103199
106992 103203
106991 103227
106979 103315
106926 103319
106913 103338
106910 103355
106877 103366
106873 103394
106840 103398
106827 103411
106823 103463
106787 103467
106782 103500
106764 103530
106742 103545
106728 103587
106684 103611
106680 103641
106672 103699
106619 103703
106609 103733
106577 103785
106553 103815
106534 103816
106515 103859
106512 103877
106459 103902
106453 103906
106431 103960
106427 103990
106369 103991
106358 104030
106347 104049
106341 104069
106302 104079
106267 104083
106266 104118
106264 104123
106252 104135
106243 104146
106238 104207
106210 104211
106191 104219
106179 104236
106146 104244
106143 104283
106132 104286
106120 104374
106062 104375
106061 104403
106025 104460
105994 104475
105966 104489
105943 104502
105941 104543
105914 104564
105910 104576
105884 104603
105870 104605
105831 104629
105827 104642
105826 104665
105810 104672
105800 104685
105798 104709
105795 104718
105767 104719
105762 104729
105757 104762
105727 104763
105718 104779
105700 104804
105667 104815
105650 104820
105649 104886
105646 104910
105594 104913
105564 104914
105552 104931
105550 104940
105548 104943
105533 104967
105532 104987
105516 104989
105509 105010
105502 105029
105464 105036
105463 105046
105460 105103
105413 105115
105407 105118
105401 105132
105391 105177
105385 105186
105355 105187
105346 105203
105343 105204
105331 105219
105306 105246
105296 105263
105290 105272
105274 105334
105216 105335
105206 105379
105179 105420
105153 105447
105141 105464
105111 105465
105090 105491
105065 105497
105062 105498
105054 105501
105045 105507
105032 105531
105031 105541
105018 105548
105015 105550
105004 105552
104999 105557
104996 105563
104986 105570
104984 105572
104983 105591
104968 105602
104967 105630
104943 105649
104920 105661
104914 105698
104893 105700
104883 105705
104876 105714
104872 105716
104857 105722
104856 105732
104846 105743
104842 105758
104803 105775
104791 105817
104766 105862
104739 105889
104731 105906
104725 105915
104695 105916
104686 105932
104671 105948
104656 105989
104610 106019
104588 106034
104561 106075
104535 106102
104523 106119
104500 106140
104493 106176
104435 106177
104433 106180
104432 106185
104413 106239
104379 106253
104376 106277
104333 106289
104325 106304
104307 106336
104287 106348
104275 106355
104264 106369
104257 106390
104224 106398
104221 106405
104212 106415
104204 106429
104196 106461
104154 106468
104151 106487
104131 106499
104121 106544
104100 106546
104090 106557
104079 106618
104026 106630
104010 106632
103999 106645
103992 106652
103989 106692
103965 106695
103953 106704
103939 106707
103921 106745
103896 106761
103886 106768
103877 106773
103871 106775
103870 106781
103854 106783
103844 106793
103836 106798
103833 106819
103817 106832
103810 106840
103796 106842
103792 106865
103780 106882
103771 106883
103760 106896
103740 106910
103726 106919
103723 106939
103719 106955
103677 106970
103667 106984
103659 106986
103643 106989
103639 107045
103593 107048
103586 107085
103567 107090
103564 107099
103544 107111
103535 107112
103533 107142
103506 107145
103484 107190
103476 107205
103461 107273
103403 107274
103365 107282
103363 107303
103343 107317
103338 107321
103335 107359
103299 107380
103268 107423
103259 107428
103236 107438
103225 107451
103202 107462
103194 107464
103184 107495
103164 107514
103128 107518
103124 107526
103116 107540
103092 107551
103090 107582
103081 107583
103078 107598
103063 107608
103047 107620
103025 107644
102999 107697
102949 107745
102946 107754
102888 107755
102880 107767
102878 107794
102872 107796
102859 107807
102858 107860
102762 107872
102761 107890
102756 107895
102753 107904
102749 107911
102740 107935
102732 107946
102728 107951
102696 107966
102681 108035
102649 108050
102591 108051
102575 108092
102561 108101
102557 108106
102541 108111
102525 108121
102523 108136
102513 108149
102508 108151
102487 108169
102456 108200
102447 108205
102445 108213
102434 108226
102422 108242
102407 108245
102402 108251
102390 108257
102376 108282
102352 108291
102343 108341
102271 108344
102267 108358
102266 108375
102251 108397
102237 108416
102234 108417
102227 108420
102216 108423
102213 108432
102201 108437
102188 108440
102181 108447
102169 108507
102137 108522
102125 108538
102095 108549
102066 108571
102060 108573
102056 108575
102045 108578
102042 108587
102033 108606
102019 108609
102016 108627
101998 108630
101993 108632
101979 108646
101970 108654
101958 108658
101954 108693
101916 108728
101905 108738
101886 108739
101872 108748
101867 108773
101851 108778
101846 108779
101824 108796
101810 108799
101795 108854
101761 108873
101754 108877
101745 108883
101733 108911
101696 108928
101680 108933
101659 108953
101625 108972
101619 109008
101610 109019
101590 109028
101559 109032
101554 109043
101548 109045
101545 109064
101518 109078
101513 109084
101506 109094
101501 109095
101486 109102
101481 109104
101474 109118
101455 109135
101453 109162
101439 109174
101404 109200
101369 109222
101355 109245
101339 109250
101338 109268
101304 109274
101297 109284
101284 109294
101283 109326
101260 109349
101233 109355
101232 109368
101221 109383
101216 109385
101190 109416
101167 109423
101147 109425
101142 109427
101133 109429
101130 109440
101124 109448
101116 109458
101112 109460
101104 109462
101096 109467
101095 109469
101082 109477
101081 109485
101077 109520
101065 109524
101039 109555
100991 109575
100986 109576
100977 109581
100971 109584
100965 109597
100963 109606
100939 109608
100938 109615
100933 109617
100929 109623
100926 109630
100915 109638
100912 109665
100873 109667
100871 109674
100868 109710
100850 109722
100842 109732
100808 109751
100794 109752
100785 109756
100780 109789
100742 109796
100736 109801
100732 109809
100727 109830
100720 109840
100672 109850
100664 109882
100659 109883
100657 109897
100632 109906
100614 109911
100609 109917
100603 109926
100602 109939
100597 109940
100580 109942
100578 109946
100565 109956
100553 109972
100548 109979
100534 109980
100527 110027
100501 110049
100453 110069
100451 110078
100439 110106
100400 110116
100395 110120
100391 110126
100386 110128
100385 110146
100365 110148
100356 110182
100330 110204
100307 110227
100279 110233
100268 110261
100230 110268
100220 110281
100217 110290
100195 110304
100182 110316
100179 110343
100142 110347
100133 110361
100131 110363
100123 110364
100117 110400
100086 110433
100061 110442
100024 110459
100012 110475
99985 110493
99973 110508
99962 110516
99952 110519
99950 110532
99944 110548
99938 110550
99890 110576
99888 110579
99876 110607
99839 110624
99832 110634
99822 110647
99804 110649
99800 110658
99769 110666
99767 110705
99742 110706
99705 110762
99661 110780
99646 110794
99631 110804
99611 110836
99599 110837
99593 110839
99588 110841
99579 110848
99574 110905
99528 110923
99500 110947
99498 110956
99443 110962
99440 110991
99438 111004
99378 111048
99366 111049
99331 111055
99319 111060
99314 111077
99304 111090
99291 111137
99243 111157
99229 111194
99201 111209
99181 111214
99161 111221
99155 111236
99116 111248
99107 111256
99098 111257
99095 111280
99057 111281
99050 111321
99046 111325
99010 111360
98985 111428
98923 111485
98861 111490
98854 111500
98834 111507
98810 111524
98789 111571
98730 111583
98716 111598
98712 111606
98684 111610
98683 111646
98658 111714
98640 111717
98596 111771
98522 111813
98436 111817
98419 111839
98409 111852
98385 111872
98371 111887
98366 111904
98346 111912
98321 111916
98313 112003
98265 112023
98200 112042
98164 112069
98130 112082
98115 112122
98077 112150
98029 112201
98015 112207
97941 112249
97865 112299
97832 112300
97810 112315
97790 112326
97788 112408
97732 112439
97674 112440
97621 112449
97608 112508
97521 112534
97511 112541
97453 112542
97431 112556
97409 112649
97138 112653
97136 112672
97124 112678
97102 112692
97097 112706
97083 112710
97063 112714
97061 112717
97058 112718
97051 112727
97043 112732
97042 112735
97027 112749
97015 112769
97010 112771
96995 112775
96989 112779
96986 112787
96983 112793
96971 112796
96964 112799
96960 112802
96958 112805
96953 112819
96939 112831
96934 112838
96927 112848
96912 112849
96904 112853
96894 112857
96892 112871
96890 112876
96880 112882
96861 112902
96852 112906
96851 112912
96847 112920
96829 112928
96814 112943
96811 112950
96789 112966
96782 112973
96777 112987
96743 112994
96734 113003
96718 113010
96717 113018
96713 113067
96674 113073
96661 113077
96656 113079
96640 113109
96607 113124
96578 113128
96572 113132
96567 113151
96563 113162
96551 113172
96532 113174
96528 113183
96516 113189
96514 113208
96502 113214
96484 113219
96472 113225
96467 113232
96459 113244
96443 113248
96441 113250
96429 113263
96421 113268
96416 113277
96411 113291
96393 113299
96383 113304
96366 113315
96348 113327
96347 113359
96296 113382
96279 113384
96267 113390
96261 113394
96251 113400
96245 113404
96237 113419
96232 113432
96220 113441
96218 113456
96188 113472
96171 113482
96164 113494
96148 113498
96132 113503
96130 113507
96117 113518
96106 113522
96097 113523
96093 113528
96090 113532
96088 113555
96083 113569
96066 113585
96036 113596
96015 113608
96013 113613
96003 113627
96001 113632
95997 113633
95994 113637
95976 113640
95967 113644
95964 113648
95950 113654
95946 113656
95941 113675
95913 113676
95910 113698
95893 113705
95892 113710
95891 113742
95852 113755
95840 113765
95837 113780
95821 113784
95805 113789
95788 113799
95786 113803
95762 113809
95761 113841
95756 113855
95718 113866
95698 113870
95688 113877
95674 113918
95631 113927
95606 113930
95602 113944
95592 113945
95580 113946
95578 113956
95576 113957
95575 113979
95562 113982
95558 113989
95557 113996
95540 113998
95536 114004
95534 114019
95504 114030
95503 114031
95489 114037
95469 114042
95467 114045
95459 114065
95436 114087
95423 114092
95419 114104
95412 114109
95382 114120
95373 114129
95340 114137
95336 114138
95335 114140
95331 114141
95328 114170
95310 114178
95305 114192
95295 114193
95275 114203
95274 114208
95264 114216
95261 114244
95253 114245
95231 114260
95207 114282
95175 114291
95170 114310
95162 114323
95132 114334
95114 114342
95109 114356
95092 114390
95032 114401
95009 114424
94984 114432
94972 114443
94971 114451
94953 114455
94941 114462
94938 114469
94933 114475
94932 114486
94915 114489
94911 114492
94910 114500
94909 114507
94884 114512
94879 114518
94861 114527
94847 114531
94841 114564
94812 114566
94811 114575
94788 114596
94780 114597
94750 114608
94733 114627
94726 114635
94696 114646
94681 114652
94680 114659
94641 114668
94633 114681
94614 114690
94612 114716
94586 114735
94584 114761
94497 114787
94491 114807
94458 114838
94417 114845
94354 114849
94340 114852
94330 114871
94287 114886
94286 114890
94167 114908
94158 114916
94147 114986
94146 114990
94060 115012
94059 115016
93774 115019
93758 115020
93754 115021
93752 115040
93739 115062
93713 115066
93706 115071
93696 115087
93685 115100
93659 115104
93652 115109
93647 115117
93642 115125
93634 115130
93632 115145
93599 115148
93593 115155
93592 115163
93576 115167
93570 115178
93568 115193
93561 115195
93555 115215
93533 115218
93515 115222
93510 115235
93501 115253
93479 115256
93464 115258
93462 115268
93456 115285
93445 115289
93427 115291
93426 115296
93418 115303
93408 115306
93403 115318
93402 115323
93391 115327
93386 115352
93353 115354
93349 115356
93347 115359
93339 115366
93332 115390
93299 115392
93297 115400
93285 115404
93275 115421
93262 115423
93261 115442
93260 115449
93249 115453
93234 115456
93221 115459
93214 115467
93212 115482
93189 115484
93180 115494
93169 115507
93159 115515
93158 115520
93143 115530
93115 115545
93105 115553
93085 115558
93081 115564
93080 115566
93065 115585
93051 115589
93037 115605
93027 115608
93011 115623
93008 115625
92998 115627
92995 115632
92987 115636
92983 115643
92974 115651
92962 115662
92949 115667
92939 115690
92938 115692
92929 115693
92907 115694
92904 115718
92891 115723
92881 115738
92869 115749
92855 115753
92850 115756
92837 115761
92831 115772
92827 115776
92813 115780
92789 115793
92787 115819
92765 115820
92745 115846
92733 115857
92687 115866
92681 115868
92679 115872
92666 115877
92656 115892
92646 115903
92618 115923
92608 115934
92589 115947
92574 115962
92563 115966
92541 115967
92536 115993
92520 116000
92509 116004
92484 116007
92482 116031
92466 116060
92424 116087
92383 116094
92361 116104
92358 116105
92357 116120
92342 116131
92329 116132
92325 116136
92312 116140
92290 116141
92287 116160
92273 116164
92268 116166
92263 116180
92253 116203
92211 116205
92210 116217
92209 116218
92199 116241
92183 116262
92169 116266
92129 116300
92115 116304
92081 116318
92062 116321
92059 116333
92045 116337
92027 116356
91991 116371
91968 116375
91966 116401
91952 116405
91934 116410
91932 116436
91918 116440
91880 116448
91878 116474
91864 116478
91791 116490
91781 116505
91767 116509
91765 116529
91734 116540
91724 116578
91651 116600
91637 116604
91604 116627
91568 116652
91517 116653
91505 116656
91503 116659
91496 116661
91494 116670
91487 116701
91460 116746
91446 116750
91383 116754
91302 116770
91301 116780
91287 116784
91224 116788
91213 116792
90925 116797
90911 116798
90897 116802
90887 116805
90883 116830
90869 116834
90856 116847
90846 116854
90821 116862
90813 116863
90809 116868
90808 116878
90795 116883
90785 116898
90771 116902
90752 116912
90739 116927
90729 116929
90727 116941
90702 116951
90694 116954
90688 116961
90685 116965
90675 116979
90661 116983
90648 116989
90642 116991
90633 116998
90632 117004
90618 117008
90610 117010
90604 117038
90580 117055
90555 117057
90543 117058
90536 117066
90535 117079
90531 117084
90517 117088
90516 117089
90493 117107
90488 117109
90481 117117
90467 117121
90451 117128
90443 117130
90439 117135
90437 117140
90424 117147
90420 117150
90415 117154
90409 117157
90408 117170
90396 117172
90394 117174
90383 117180
90379 117183
90376 117189
90374 117192
90356 117196
90354 117204
90347 117237
90333 117241
90283 117271
90269 117275
90239 117277
90234 117298
90210 117307
90191 117315
90184 117317
90178 117320
90171 117322
90169 117324
90163 117354
90149 117358
90127 117366
90113 117370
90104 117372
90103 117388
90099 117391
90094 117395
90084 117400
90064 117411
90062 117415
90045 117432
90031 117436
90012 117439
90008 117448
89997 117452
89991 117453
89989 117456
89983 117464
89975 117466
89965 117473
89954 117482
89943 117506
89929 117510
89913 117531
89893 117532
89886 117535
89879 117536
89878 117537
89871 117547
89856 117556
89830 117559
89815 117566
89813 117570
89802 117571
89800 117583
89794 117598
89782 117601
89780 117602
89768 117605
89757 117622
89745 117625
89744 117629
89729 117648
89718 117650
89698 117651
89693 117663
89691 117672
89687 117689
89657 117696
89651 117699
89639 117711
89607 117713
89601 117727
89592 117729
89590 117734
89564 117740
89562 117744
89558 117769
89521 117782
89498 117802
89494 117807
89459 117812
89453 117833
89416 117854
89373 117858
89372 117867
89364 117869
89363 117888
89329 117892
89326 117901
89306 117912
89303 117924
89273 117928
89261 117943
89255 117956
89227 117966
89210 117973
89204 117990
89162 117993
89161 118008
89157 118033
89103 118036
89094 118037
89081 118038
89078 118050
89063 118066
89060 118078
89032 118085
89015 118095
89012 118100
89009 118109
88989 118127
88951 118134
88893 118138
88883 118139
88875 118142
88865 118167
88835 118177
88828 118188
88817 118219
88774 118261
88563 118285
88247 118287
88235 118290
88229 118296
88225 118301
88204 118312
88192 118315
88181 118316
88179 118323
88178 118328
88170 118333
88155 118335
88150 118346
88141 118347
88136 118361
88130 118368
88123 118375
88112 118377
88099 118382
88092 118392
88080 118400
88067 118402
88055 118404
88052 118409
88050 118411
88049 118415
88046 118416
88023 118436
88009 118448
87988 118453
87986 118456
87964 118462
87961 118470
87957 118480
87946 118490
87926 118499
87920 118511
87901 118519
87892 118529
87874 118534
87862 118536
87852 118542
87846 118555
87821 118562
87819 118569
87804 118570
87796 118595
87763 118597
87760 118610
87737 118612
87736 118628
87715 118636
87708 118646
87686 118666
87653 118667
87652 118674
87649 118686
87631 118687
87620 118691
87610 118709
87583 118722
87571 118723
87557 118743
87545 118746
87527 118750
87522 118754
87520 118760
87517 118764
87502 118783
87491 118785
87469 118786
87466 118795
87465 118796
87455 118798
87454 118805
87443 118807
87426 118826
87415 118828
87391 118832
87390 118841
87373 118860
87365 118864
87363 118869
87337 118875
87328 118894
87307 118902
87274 118906
87271 118915
87267 118942
87231 118945
87210 118947
87209 118950
87208 118955
87195 118960
87190 118964
87189 118970
87172 118972
87170 118983
87146 118993
87136 119004
87118 119015
87088 119022
87082 119031
87081 119040
87070 119050
87059 119052
87043 119056
87025 119067
87017 119073
87004 119078
86998 119098
86954 119103
86951 119112
86926 119125
86908 119135
86893 119141
86881 119149
86878 119160
86875 119169
86840 119170
86833 119194
86806 119208
86761 119225
86734 119226
86722 119235
86708 119246
86701 119251
86683 119279
86656 119285
86638 119296
86621 119297
86596 119311
86558 119327
86510 119346
86456 119358
86416 119412
86304 119418
85983 119419
85976 119429
85944 119430
85939 119433
85938 119436
85925 119441
85914 119447
85909 119449
85908 119451
85905 119454
85901 119458
85896 119463
85886 119470
85870 119474
85864 119482
85855 119484
85854 119485
85853 119488
85846 119489
85842 119493
85836 119495
85835 119498
85832 119510
85813 119525
85799 119536
85779 119544
85763 119548
85756 119561
85749 119562
85725 119570
85715 119572
85713 119573
85705 119578
85704 119585
85687 119596
85680 119599
85676 119606
85662 119627
85625 119636
85609 119637
85607 119646
85599 119647
85589 119651
85586 119653
85571 119658
85570 119659
85568 119667
85565 119679
85550 119695
85520 119696
85503 119705
85488 119709
85484 119716
85470 119737
85450 119738
85438 119747
85425 119754
85414 119755
85411 119761
85391 119771
85379 119777
85373 119785
85364 119793
85344 119802
85334 119806
85325 119808
85319 119822
85317 119827
85290 119833
85289 119838
85274 119839
85272 119844
85271 119851
85251 119856
85245 119857
85231 119860
85219 119865
85211 119868
85207 119874
85202 119875
85200 119891
85189 119902
85169 119903
85156 119910
85148 119912
85144 119919
85139 119925
85130 119930
85125 119937
85109 119941
85106 119950
85080 119954
85071 119956
85064 119958
85063 119967
85059 119968
85057 119970
85030 119976
85029 119978
85018 119990
85012 120004
84995 120006
84977 120013
84969 120015
84967 120021
84954 120026
84951 120039
84915 120055
84914 120060
84896 120088
84822 120095
84797 120100
84789 120105
84781 120116
84774 120119
84771 120120
84757 120129
84744 120134
84733 120136
84728 120146
84714 120150
84710 120157
84708 120165
84687 120166
84681 120179
84660 120180
84649 120182
84634 120200
84607 120203
84602 120211
84591 120221
84584 120222
84576 120239
84504 120252
84483 120253
84438 120264
84403 120269
84395 120272
84388 120287
84370 120298
84349 120299
84284 120320
84271 120325
84194 120326
84167 120332
83969 120334
83955 120345
83932 120348
83924 120350
83922 120352
83913 120353
83910 120362
83903 120365
83901 120367
83893 120374
83887 120378
83885 120383
83883 120395
83866 120398
83840 120400
83839 120404
83838 120407
83825 120414
83824 120423
83795 120430
83792 120446
83764 120447
83755 120452
83753 120461
83747 120463
83730 120465
83722 120486
83700 120490
83693 120493
83680 120496
83678 120511
83655 120521
83642 120528
83613 120529
83610 120538
83605 120541
83601 120544
83595 120548
83590 120549
83588 120550
83567 120557
83563 120562
83561 120571
83538 120575
83529 120591
83512 120592
83495 120596
83486 120600
83480 120614
83473 120619
83460 120624
83450 120640
83421 120658
83417 120659
83396 120660
83378 120670
83363 120697
83320 120709
83299 120710
83295 120723
83271 120732
83252 120735
83245 120739
83220 120752
83202 120755
83199 120766
83190 120771
83173 120775
83155 120776
83153 120796
83139 120800
83094 120809
83090 120814
83087 120821
83069 120835
83051 120841
83027 120861
83016 120864
82993 120880
82965 120884
82961 120886
82948 120897
82939 120899
82930 120925
82867 120945
82822 120962
82775 120980
82724 121000
82679 121017
82670 121020
82621 121022
82619 121044
82556 121064
82511 121081
82444 121094
82426 121122
82359 121139
82086 121141
82049 121143
82041 121144
82039 121152
82033 121153
82028 121180
81996 121181
81989 121182
81983 121197
81960 121206
81949 121209
81934 121214
81931 121221
81910 121230
81902 121245
81891 121248
81847 121262
81836 121265
81835 121274
81819 121278
81805 121286
81787 121311
81781 121314
81751 121331
81712 121348
81664 121350
81663 121359
81658 121363
81655 121379
81615 121391
81601 121395
81595 121408
81538 121414
81532 121428
81500 121429
81487 121445
81469 121473
81421 121495
81370 121498
81350 121507
81331 121509
81327 121531
81277 121542
81250 121557
81224 121572
81158 121592
81114 121593
81110 121614
81053 121632
81023 121635
80977 121638
80970 121652
80930 121671
80871 121694
80804 121696
80775 121726
80563 121737
80477 121748
80438 121765
80420 121768
80416 121776
80414 121778
80386 121811
80334 121823
80325 121830
80289 121847
80268 121856
80260 121876
80236 121885
80181 121890
80159 121893
80147 121898
80139 121902
80131 121931
80125 121954
80043 121959
79996 121960
79983 121961
79978 121966
79972 121971
79962 121982
79949 121995
79925 122004
79910 122014
79899 122019
79885 122029
79857 122031
79849 122060
79796 122077
79741 122082
79688 122091
79678 122104
79627 122110
79612 122120
79592 122123
79581 122133
79559 122137
79551 122166
79498 122183
79362 122194
79327 122203
79298 122210
79244 122223
79204 122246
78958 122262
78947 122273
78905 122279
78879 122288
78858 122310
78818 122317
78805 122327
78767 122330
78756 122332
78753 122346
78712 122355
78708 122356
78707 122359
78702 122374
78678 122389
78665 122402
78606 122406
78597 122417
78595 122418
78557 122424
78547 122429
78544 122437
78534 122447
78506 122455
78483 122456
78457 122460
78453 122472
78424 122478
78418 122502
78367 122508
78350 122519
78313 122547
78258 122553
78205 122570
78195 122574
78150 122575
78142 122591
78062 122606
78032 122620
78015 122653
77522 122676
77489 122678
77471 122682
77469 122693
77459 122711
77446 122718
77406 122721
77404 122727
77393 122735
77364 122739
77353 122740
77330 122763
77288 122781
77257 122789
77228 122799
77211 122800
77188 122802
77171 122814
77164 122847
77112 122855
77111 122864
77082 122868
77071 122869
77051 122874
77018 122886
77006 122910
76936 122916
76921 122924
76858 122948
76801 122964
76740 122993
76522 123003
76406 123024
76150 123026
76137 123032
76107 123035
76093 123041
76088 123048
76077 123050
76074 123054
76063 123058
76051 123060
76049 123081
76036 123082
76015 123084
76001 123092
75989 123099
75962 123125
75905 123140
75881 123161
75808 123185
75767 123210
75732 123227
75693 123240
75651 123244
75594 123259
75518 123274
75421 123287
74905 123296
74900 123303
74856 123305
74855 123315
74851 123317
74840 123339
74818 123340
74776 123343
74771 123349
74761 123355
74744 123363
74734 123365
74715 123366
74712 123369
74703 123370
74701 123372
74697 123387
74688 123394
74676 123396
74674 123397
74646 123398
74631 123400
74627 123412
74600 123417
74596 123428
74565 123436
74562 123453
74549 123475
74489 123478
74419 123479
74404 123502
74365 123515
74319 123522
74187 123525
74182 123537
74132 123542
74119 123566
73566 123574
73560 123575
73547 123604
73505 123608
73499 123609
73474 123619
73463 123630
73423 123632
73412 123653
73400 123666
73376 123674
73321 123676
73319 123689
73298 123690
73267 123693
73266 123695
73255 123703
73234 123728
73161 123753
73075 123759
72889 123768
72864 123775
72401 123783
72394 123785
72386 123808
72317 123818
72299 123823
72268 123824
72259 123831
72244 123833
72232 123857
72229 123858
72185 123864
72152 123869
72149 123881
72084 123886
72071 123890
72068 123895
72045 123900
72022 123910
72020 123911
72014 123919
71993 123927
71984 123934
71933 123936
71927 123950
71881 123955
71870 123965
71700 123969
71699 123980
71190 123986
71158 124009
71101 124024
71029 124038
71009 124041
71006 124048
70966 124066
70909 124082
70878 124085
70826 124098
70742 124101
70725 124114
70673 124135
70545 124145
70011 124170
69928 124186
69889 124199
69841 124215
69786 124217
69785 124218
69784 124230
69770 124243
69699 124269
69534 124275
69513 124277
69337 124292
68893 124296
68877 124314
68751 124342
68661 124363
68606 124381
68573 124382
68558 124384
68512 124393
68376 124409
68373 124423
67717 124429
67697 124435
67662 124447
67640 124451
67625 124455
67594 124457
67571 124463
67570 124473
67514 124478
67480 124494
67423 124509
67352 124511
67329 124521
67128 124526
67082 124532
66553 124543
66536 124560
66482 124562
66450 124564
66367 124580
66264 124584
66235 124597
66144 124598
66126 124603
66118 124604
65530 124612
65476 124620
65422 124638
65313 124646
65294 124650
65291 124663
65237 124665
65190 124671
64980 124677
64389 124678
64375 124685
64370 124690
64356 124701
64299 124716
64222 124719
64165 124734
64063 124754
63179 124764
63133 124770
63076 124785
62985 124786
62162 124789
62110 124808
62051 124811
61998 124821
61997 124823
61908 124827
60948 124828
60902 124837
60901 124839
59897 124845
