300 2
78100
383 663 369
397 539 448
255 292 752
762 2 984
551 619 463
603 104 911
598 804 229
151 735 234
433 866 125
732 887 156
133 271 705
798 667 417
237 922 38
960 685 257
806 237 829
719 839 248
300 437 611
971 588 406
321 22 919
782 753 192
503 885 115
887 683 250
809 920 16
24 881 174
240 688 213
75 407 663
13 707 250
755 678 397
233 998 91
577 780 250
808 284 723
311 171 772
481 979 17
574 4 897
352 243 799
366 317 605
220 330 735
511 85 907
390 317 682
291 894 61
944 703 309
484 15 969
706 495 548
849 70 952
873 422 670
585 788 167
704 9 957
530 519 519
35 909 2
537 200 881
820 145 876
387 628 396
124 335 587
840 184 752
560 57 938
523 642 336
803 347 633
413 877 207
107 911 157
118 449 456
24 269 665
632 655 406
254 778 149
372 618 346
559 178 797
169 701 203
567 504 469
973 916 45
897 24 895
731 141 880
765 165 910
943 796 209
751 51 895
892 422 663
219 981 12
601 151 910
627 718 243
998 691 253
247 589 360
407 321 656
16 86 917
893 30 915
425 780 199
736 673 391
664 892 169
770 494 597
578 121 913
889 119 853
118 366 724
369 772 182
760 788 183
317 681 296
670 107 826
73 842 226
897 507 540
704 278 667
661 855 114
336 745 248
702 863 203
657 232 789
931 992 42
293 309 605
683 978 22
854 52 851
698 948 81
435 653 409
665 314 719
16 650 331
485 353 601
319 10 945
926 941 79
322 234 827
398 917 144
582 771 296
609 470 587
143 904 86
954 570 480
621 585 395
35 70 958
310 389 664
817 315 726
317 636 452
126 35 980
913 617 408
752 226 692
540 369 530
980 323 691
735 944 24
140 978 27
897 289 734
663 107 979
371 423 590
312 549 471
171 462 481
799 214 774
898 754 308
902 735 191
476 470 445
634 610 301
863 507 462
482 171 819
414 541 534
983 853 132
587 24 986
807 823 97
255 722 349
70 624 394
208 100 811
291 734 300
353 598 337
703 80 882
161 494 584
41 477 572
470 65 961
361 872 146
466 127 835
326 196 891
920 404 502
984 695 359
659 48 906
841 751 238
194 912 177
87 953 62
833 423 573
604 784 187
198 251 745
513 576 459
452 496 420
491 481 574
265 141 924
636 981 68
88 176 821
33 262 726
454 96 973
940 699 330
299 896 184
783 409 586
464 861 233
549 353 637
329 618 400
157 255 760
735 342 708
227 375 527
670 828 93
537 769 292
189 69 950
91 851 71
568 316 779
542 865 100
997 194 895
593 350 589
172 86 914
924 312 771
940 982 88
52 520 482
861 708 308
568 798 188
684 367 683
660 908 118
990 905 158
937 499 432
139 671 277
682 596 415
600 536 471
347 587 324
863 449 604
447 17 948
883 700 386
635 361 707
253 351 698
64 289 659
225 427 656
472 110 892
31 710 199
572 58 942
633 920 15
402 368 551
969 252 808
904 887 45
746 140 862
495 204 856
742 429 516
661 900 68
176 931 8
226 504 416
862 137 767
948 538 440
52 508 521
855 412 594
21 159 875
536 654 421
341 397 563
573 58 874
914 233 694
966 458 570
76 321 734
106 270 693
503 322 743
153 177 770
688 198 781
364 733 176
244 75 903
551 647 353
760 562 485
901 528 410
546 604 399
327 710 347
646 214 707
474 366 590
714 54 920
113 418 524
166 661 296
614 213 874
121 973 63
860 874 30
59 420 606
577 747 221
365 393 617
475 867 217
762 581 514
247 694 284
465 859 51
757 474 478
697 594 353
199 455 467
229 513 493
862 90 862
207 455 579
763 929 92
686 691 232
663 938 132
58 403 631
114 161 768
382 857 191
623 57 873
738 286 756
274 148 912
557 355 595
232 118 818
774 804 271
898 467 595
715 525 417
392 638 337
542 20 907
287 642 315
486 381 634
198 655 390
999 212 703
256 444 495
442 219 680
319 117 876
135 832 267
353 224 802
731 765 265
967 52 892
261 538 497
839 735 230
567 735 273
648 991 107
847 433 507
3001
120592 63543
120571 63707
120564 65577
120545 65580
120534 65708
120530 65792
120526 65813
120507 65816
120503 65850
120494 66604
120482 66870
120475 66882
120463 66912
120455 66937
120444 67007
120440 67028
120436 67029
120432 67056
120425 67068
120424 68002
120383 68035
120379 68056
120377 68127
120360 68137
120356 68158
120351 68181
120347 68822
120345 68964
120339 69036
120332 69041
120328 69125
120316 69155
120309 69167
120293 69300
120265 69963
120258 69975
120253 69988
120251 70164
120236 70173
120233 70223
120220 70303
120205 70312
120201 70339
120189 70445
120187 70458
120184 71076
120180 71160
120177 71210
120149 71299
120131 71445
120109 71460
120096 71474
120086 71524
120082 71580
120069 71591
120065 72037
120054 72077
120049 72144
120042 72245
120039 72336
120034 72345
120026 72352
120024 72366
120022 72408
120009 72467
120000 72559
119987 72570
119976 72582
119967 72607
119962 72647
119960 72689
119944 73298
119936 73376
119925 73422
119915 73446
119909 73493
119885 73495
119884 73585
119878 73635
119868 73641
119865 73646
119853 73727
119826 73740
119822 73771
119807 74217
119791 74324
119772 74412
119760 74430
119758 74477
119756 74519
119741 74554
119728 74565
119727 74619
119725 74661
119712 74786
119692 74795
119669 74797
119662 74891
119649 74902
119639 74928
119617 74933
119608 74995
119598 75014
119585 75032
119578 75061
119574 75612
119544 75614
119540 75738
119531 75806
119510 75869
119490 75884
119489 75905
119487 75931
119483 75947
119481 75983
119474 75991
119454 76061
119425 76064
119424 76096
119418 76125
119401 76133
119397 76138
119395 76160
119387 76193
119377 76224
119355 76256
119344 76265
119343 76279
119334 76284
119333 76297
119329 76654
119305 76727
119296 76874
119291 77003
119259 77016
119257 77058
119243 77123
119223 77146
119217 77171
119200 77223
119174 77233
119173 77246
119167 77249
119165 77291
119163 77310
119151 77356
119137 77357
119121 77381
119118 77416
119111 77418
119105 77423
119098 77447
119096 77489
119089 77530
119081 77549
119069 77567
119057 77585
119053 77593
119021 77642
119014 77655
118997 77684
118990 77725
118978 78201
118924 78279
118906 78287
118900 78312
118894 78313
118888 78338
118884 78340
118881 78349
118877 78411
118863 78419
118861 78468
118838 78480
118833 78486
118826 78506
118822 78519
118813 78527
118811 78568
118801 78572
118799 78584
118795 78594
118792 78618
118790 78632
118779 78639
118778 78683
118760 78697
118756 78719
118751 78728
118749 78770
118729 78807
118717 78823
118707 78830
118695 78848
118682 78851
118681 78913
118668 78926
118661 78950
118633 78963
118630 78994
118622 79036
118606 79043
118593 79076
118592 79189
118562 79320
118554 79398
118544 79510
118532 79536
118531 79547
118521 79553
118519 79573
118513 79596
118491 79602
118489 79625
118488 79637
118487 79639
118482 79725
118469 79746
118458 79753
118457 79772
118456 79780
118448 79823
118437 79831
118430 79842
118428 79884
118418 79887
118416 79910
118403 79941
118400 79964
118391 79967
118372 79984
118365 79992
118360 80027
118348 80053
118345 80054
118335 80066
118333 80080
118332 80107
118310 80115
118305 80177
118296 80180
118293 80203
118270 80204
118263 80209
118259 80235
118253 80238
118251 80255
118247 80261
118245 80264
118240 80280
118239 80281
118237 80307
118232 80323
118225 80346
118209 80348
118208 80358
118206 80361
118200 80378
118194 80387
118193 80394
118192 80421
118175 80446
118152 80450
118150 80456
118149 80466
118140 80639
118114 80682
118103 80795
118084 80903
118075 80972
118069 80985
118051 81008
118046 81028
118042 81063
118039 81116
118015 81159
118012 81194
117991 81195
117984 81203
117978 81207
117971 81248
117966 81254
117961 81309
117951 81339
117924 81353
117920 81378
117919 81394
117916 81409
117889 81487
117876 81492
117873 81501
117866 81509
117859 81534
117858 81548
117852 81574
117837 81581
117822 81599
117818 81602
117816 81603
117807 81606
117806 81608
117805 81627
117802 81636
117801 81646
117798 81652
117792 81660
117787 81671
117785 81711
117765 81740
117756 81750
117753 81766
117749 81776
117735 81841
117720 81848
117704 81852
117702 81886
117688 81899
117671 81905
117669 81914
117665 81915
117664 81948
117652 81974
117634 81977
117632 81997
117628 82003
117623 82028
117616 82039
117608 82048
117604 82090
117602 82104
117593 82114
117584 82117
117580 82127
117575 82132
117560 82142
117555 82285
117547 82338
117538 82342
117530 82395
117526 82468
117521 82525
117505 82658
117468 82687
117451 82690
117450 82697
117449 82755
117448 82762
117441 82765
117437 82837
117419 82863
117418 82893
117390 82895
117382 82925
117380 82933
117358 82936
117357 82950
117352 82992
117350 83005
117338 83032
117322 83044
117315 83049
117314 83084
117310 83090
117304 83100
117285 83156
117275 83180
117268 83188
117264 83197
117252 83230
117249 83244
117232 83250
117223 83252
117219 83255
117217 83268
117215 83279
117207 83292
117205 83311
117183 83335
117181 83356
117179 83365
117169 83383
117154 83391
117145 83392
117144 83409
117137 83431
117135 83451
117131 83457
117116 83507
117101 83536
117096 83548
117083 83581
117062 83585
117048 83619
117042 83626
117036 83646
117028 83659
117024 83662
117010 83716
116982 83724
116975 83742
116973 83756
116970 83765
116960 83771
116956 83798
116943 83821
116942 83863
116912 84004
116885 84082
116871 84111
116862 84210
116857 84288
116834 84293
116831 84334
116826 84459
116804 84483
116787 84540
116757 84589
116742 84609
116726 84658
116703 84667
116693 84722
116676 84727
116672 84736
116671 84746
116664 84748
116658 84784
116655 84793
116654 84803
116634 84833
116613 84861
116610 84862
116609 84872
116604 84875
116600 84881
116584 84882
116582 84897
116573 84931
116566 84952
116565 84963
116556 84988
116548 85020
116532 85027
116518 85045
116511 85057
116503 85089
116501 85096
116484 85153
116466 85158
116461 85188
116439 85222
116430 85231
116416 85257
116398 85271
116385 85300
116364 85306
116361 85307
116352 85325
116351 85328
116345 85335
116344 85349
116343 85357
116339 85362
116336 85363
116334 85385
116328 85386
116314 85410
116307 85426
116295 85445
116293 85446
116289 85454
116283 85490
116266 85547
116235 85561
116229 85568
116221 85616
116212 85625
116190 85630
116189 85637
116175 85654
116168 85782
116148 85801
116138 85913
116136 86085
116091 86106
116075 86113
116071 86209
116061 86237
116026 86278
116009 86335
116004 86349
115985 86366
115972 86375
115960 86405
115959 86418
115958 86450
115947 86491
115915 86529
115898 86531
115890 86562
115886 86591
115870 86598
115863 86645
115853 86655
115838 86728
115801 86771
115784 86806
115752 86850
115736 86853
115735 86857
115730 86863
115727 86881
115716 86918
115699 86932
115693 86937
115685 87001
115665 87007
115661 87029
115632 87045
115621 87047
115619 87069
115610 87091
115597 87119
115593 87148
115573 87162
115552 87190
115542 87203
115525 87260
115505 87274
115490 87316
115480 87328
115463 87342
115457 87373
115437 87374
115426 87406
115424 87428
115402 87434
115387 87471
115378 87480
115370 87506
115354 87523
115335 87537
115334 87553
115324 87558
115317 87566
115314 87567
115312 87582
115302 87618
115291 87623
115286 87635
115267 87895
115242 87908
115222 87928
115212 88039
115189 88106
115178 88171
115145 88179
115143 88216
115126 88264
115102 88346
115073 88385
115049 88400
115022 88422
115014 88426
115005 88497
114998 88511
114969 88556
114953 88586
114931 88588
114928 88631
114919 88644
114912 88661
114905 88670
114903 88672
114882 88715
114866 88732
114860 88743
114856 88747
114850 88749
114849 88770
114837 88775
114826 88783
114815 88843
114798 88844
114796 88852
114791 88891
114763 88925
114747 88955
114728 88964
114721 88991
114709 89000
114693 89020
114692 89021
114682 89023
114677 89075
114650 89098
114626 89112
114623 89120
114617 89135
114616 89164
114607 89170
114600 89184
114598 89205
114570 89208
114554 89212
114553 89215
114550 89228
114548 89243
114546 89259
114545 89267
114532 89296
114503 89304
114501 89319
114495 89323
114494 89327
114489 89329
114486 89343
114481 89372
114461 89377
114460 89385
114450 89405
114444 89415
114437 89418
114433 89429
114427 89450
114412 89462
114408 89471
114397 89478
114393 89489
114392 89497
114388 89509
114373 89537
114359 89562
114341 89563
114326 89584
114322 89617
114302 89628
114295 89642
114293 89759
114264 89776
114252 89849
114224 89921
114221 89928
114196 90005
114185 90057
114169 90082
114153 90085
114143 90131
114134 90168
114123 90214
114113 90260
114089 90274
114081 90286
114055 90326
114045 90372
114021 90385
114011 90389
114005 90416
114004 90428
114003 90499
113964 90520
113954 90525
113952 90536
113943 90547
113936 90554
113933 90594
113915 90611
113898 90619
113882 90646
113877 90650
113872 90692
113865 90705
113855 90751
113835 90777
113804 90820
113787 90830
113777 90850
113767 90889
113738 90891
113734 90915
113729 90934
113717 90950
113693 90955
113690 90973
113685 90976
113683 91026
113656 91072
113636 91098
113608 91107
113606 91110
113601 91122
113596 91156
113571 91160
113559 91173
113558 91187
113557 91193
113551 91223
113528 91256
113514 91266
113499 91269
113498 91278
113496 91282
113488 91304
113479 91347
113454 91350
113449 91369
113432 91372
113430 91390
113426 91402
113422 91412
113413 91455
113397 91477
113381 91481
113362 91492
113361 91501
113359 91502
113344 91513
113341 91540
113333 91562
113315 91587
113300 91590
113297 91597
113282 91599
113280 91617
113276 91628
113255 91634
113248 91650
113244 91654
113238 91662
113231 91692
113229 91709
113206 91725
113195 91742
113184 91748
113173 91765
113172 91775
113155 91801
113138 91815
113130 91826
113117 91843
113115 91864
113095 91868
113094 91882
113089 91906
113079 91922
113062 91938
113053 91947
113036 91961
113034 91965
113025 92174
112980 92265
112976 92339
112914 92375
112912 92384
112900 92442
112883 92493
112853 92496
112850 92528
112840 92553
112826 92589
112820 92659
112818 92663
112762 92699
112756 92704
112752 92771
112722 92791
112699 92800
112690 92807
112677 92836
112668 92875
112654 92903
112648 92934
112638 92980
112623 92986
112593 92989
112591 93061
112570 93072
112528 93079
112525 93101
112517 93127
112513 93138
112500 93153
112481 93164
112474 93168
112465 93175
112463 93196
112453 93212
112449 93239
112433 93245
112432 93265
112428 93277
112412 93282
112411 93310
112406 93312
112376 93319
112367 93353
112364 93391
112344 93394
112326 93422
112314 93431
112300 93435
112291 93455
112290 93457
112289 93463
112267 93512
112254 93543
112222 93569
112216 93588
112189 93589
112185 93612
112176 93629
112174 93650
112158 93654
112157 93664
112148 93700
112135 93715
112117 93724
112095 93729
112093 93738
112082 93751
112073 93765
112066 93781
112062 93782
112052 93828
112038 93836
112027 93863
112017 93909
111983 93917
111969 93943
111959 93975
111935 93979
111930 93994
111922 94002
111911 94005
111908 94012
111896 94050
111867 94091
111839 94111
111838 94116
111823 94123
111822 94128
111816 94131
111815 94135
111810 94169
111803 94180
111767 94187
111759 94193
111758 94202
111757 94205
111754 94241
111743 94245
111736 94250
111733 94277
111693 94286
111689 94317
111682 94321
111667 94335
111659 94348
111641 94393
111625 94398
111615 94402
111613 94413
111612 94418
111599 94419
111596 94440
111594 94444
111574 94451
111569 94462
111564 94497
111547 94501
111529 94510
111526 94537
111507 94546
111500 94556
111494 94574
111490 94578
111475 94581
111467 94590
111464 94599
111463 94619
111443 94638
111442 94652
111439 94659
111412 94814
111382 94906
111362 94977
111300 95019
111287 95071
111256 95134
111252 95174
111250 95212
111213 95215
111208 95266
111174 95310
111155 95315
111128 95341
111127 95345
111123 95385
111092 95394
111090 95398
111087 95436
111076 95476
111060 95543
111013 95544
111007 95584
110997 95613
110964 95622
110955 95667
110932 95678
110921 95711
110912 95714
110910 95725
110900 95770
110864 95790
110853 95803
110842 95811
110833 95873
110803 95911
110799 95917
110790 95944
110765 95985
110736 95994
110728 95997
110715 96009
110711 96023
110703 96027
110695 96045
110683 96055
110676 96060
110674 96072
110661 96081
110641 96090
110638 96092
110631 96118
110627 96125
110626 96133
110619 96138
110598 96166
110596 96171
110592 96177
110587 96195
110583 96204
110577 96213
110558 96245
110539 96287
110502 96299
110492 96330
110479 96362
110440 96363
110439 96382
110434 96411
110432 96415
110418 96421
110401 96459
110381 96460
110373 96466
110372 96468
110370 96473
110360 96478
110354 96552
110304 96574
110303 96576
110295 96589
110285 96590
110280 96600
110272 96622
110259 96632
110256 96650
110253 96664
110225 96675
110213 96684
110207 96695
110206 96717
110183 96722
110181 96732
110173 96739
110161 96749
110153 96759
110150 96763
110148 96780
110139 96801
110128 96854
110079 96856
110078 96860
110063 96868
110058 96904
110046 96924
110028 96949
110012 96950
110010 96972
109999 96977
109992 96982
109970 96990
109961 97025
109955 97034
109945 97047
109935 97054
109931 97089
109901 97098
109895 97103
109891 97116
109878 97125
109864 97131
109859 97173
109843 97176
109828 97179
109825 97183
109817 97206
109815 97210
109812 97226
109802 97251
109776 97253
109764 97255
109754 97285
109731 97295
109730 97296
109720 97321
109719 97349
109712 97354
109709 97356
109679 97394
109675 97400
109652 97433
109646 97434
109628 97443
109622 97464
109605 97486
109591 97492
109589 97512
109577 97522
109554 97576
109520 97620
109474 97651
109468 97653
109464 97662
109439 97694
109417 97715
109403 97721
109388 97724
109386 97730
109370 97737
109363 97745
109361 97748
109353 97783
109345 97811
109318 97852
109299 97862
109297 97871
109286 97872
109272 97901
109251 97919
109237 98021
109235 98030
109219 98047
109207 98174
109153 98197
109125 98244
109092 98281
109038 98304
109029 98331
109028 98361
109026 98439
108973 98475
108919 98498
108901 98519
108885 98612
108848 98665
108810 98671
108803 98682
108794 98688
108779 98713
108766 98735
108751 98786
108720 98800
108711 98866
108678 98872
108649 98926
108619 98933
108595 98949
108585 98992
108552 99043
108536 99049
108524 99116
108470 99139
108460 99171
108442 99186
108427 99233
108373 99256
108363 99288
108357 99290
108345 99303
108340 99316
108305 99325
108301 99359
108275 99360
108270 99373
108258 99386
108247 99396
108245 99409
108237 99414
108219 99429
108214 99442
108205 99471
108178 99481
108176 99538
108127 99547
108122 99561
108094 99608
108089 99621
108060 99626
108044 99630
108041 99644
108039 99677
108026 99712
107992 99738
107984 99750
107957 99754
107939 99795
107928 99812
107923 99847
107869 99870
107842 99912
107836 99935
107805 99946
107797 99980
107769 100002
107744 100012
107719 100053
107710 100063
107695 100067
107681 100068
107674 100076
107664 100107
107642 100111
107636 100172
107591 100217
107580 100234
107565 100302
107511 100325
107469 100328
107463 100352
107448 100355
107443 100380
107434 100387
107427 100394
107402 100395
107396 100434
107377 100454
107366 100455
107362 100485
107326 100498
107323 100516
107321 100531
107284 100534
107279 100538
107274 100566
107265 100579
107255 100628
107201 100651
107198 100695
107144 100718
107117 100720
107112 100725
107103 100739
107101 100744
107091 100753
107070 100760
107067 100780
107056 100781
107052 100783
107047 100787
107045 100801
107035 100810
107026 100835
107018 100839
107012 100874
106980 100878
106978 100918
106954 100924
106939 100928
106926 100941
106925 100957
106922 100966
106898 100972
106891 101001
106888 101021
106841 101064
106832 101071
106794 101118
106775 101138
106740 101141
106738 101166
106710 101180
106705 101191
106702 101200
106697 101223
106688 101230
106668 101244
106653 101247
106645 101267
106618 101274
106612 101292
106610 101306
106591 101340
106577 101379
106524 101403
106513 101423
106499 101428
106491 101446
106465 101464
106461 101467
106443 101476
106432 101481
106425 101490
106416 101523
106398 101524
106387 101549
106371 101563
106360 101571
106343 101573
106338 101584
106335 101593
106321 101623
106288 101636
106279 101643
106274 101666
106270 101696
106234 101709
106222 101710
106218 101714
106201 101719
106199 101732
106190 101744
106187 101749
106184 101769
106161 101775
106154 101822
106106 101849
106090 101866
106069 101868
106062 101878
106050 101897
106034 101914
106032 101931
105992 101936
105990 101940
105979 101955
105972 101958
105968 101975
105964 101992
105953 101994
105946 101998
105941 102009
105938 102018
105924 102048
105892 102054
105888 102089
105844 102108
105825 102135
105808 102136
105803 102156
105802 102157
105777 102162
105776 102175
105769 102183
105758 102202
105730 102216
105725 102217
105721 102230
105716 102239
105703 102244
105690 102245
105687 102261
105685 102262
105673 102266
105671 102285
105655 102287
105652 102294
105646 102311
105631 102335
105627 102340
105593 102365
105578 102375
105575 102383
105559 102402
105537 102413
105529 102422
105515 102461
105493 102482
105471 102486
105463 102488
105459 102509
105448 102528
105418 102534
105408 102546
105407 102554
105399 102559
105393 102570
105379 102600
105351 102602
105348 102606
105347 102614
105337 102618
105331 102623
105323 102648
105303 102652
105302 102660
105291 102662
105290 102669
105273 102676
105264 102704
105249 102728
105229 102737
105218 102740
105216 102743
105205 102747
105193 102776
105173 102785
105171 102789
105168 102802
105163 102808
105152 102826
105120 102830
105119 102841
105112 102850
105092 102883
105080 102893
105061 102906
105050 102925
105036 102927
105030 102935
105025 102947
105007 102950
104995 102961
104992 102965
104987 102971
104980 102995
104958 103002
104954 103018
104935 103041
104928 103045
104924 103052
104914 103061
104908 103066
104906 103069
104886 103072
104875 103074
104872 103100
104861 103115
104850 103117
104835 103119
104832 103125
104827 103146
104816 103148
104810 103153
104806 103154
104805 103163
104790 103165
104787 103174
104786 103175
104776 103179
104771 103194
104770 103219
104742 103220
104740 103251
104711 103260
104689 103293
104684 103299
104655 103315
104648 103328
104630 103340
104625 103343
104618 103360
104599 103363
104593 103369
104590 103376
104585 103386
104572 103392
104567 103402
104562 103408
104546 103438
104529 103441
104516 103458
104512 103460
104498 103465
104490 103493
104462 103494
104460 103506
104447 103507
104445 103539
104434 103541
104424 103547
104407 103560
104404 103573
104389 103587
104379 103604
104360 103606
104359 103619
104330 103634
104323 103652
104311 103656
104308 103666
104289 103684
104273 103689
104267 103696
104265 103705
104263 103712
104243 103717
104237 103730
104228 103731
104226 103732
104218 103739
104217 103751
104209 103753
104200 103754
104198 103763
104189 103765
104182 103769
104181 103778
104180 103779
104176 103806
104147 103810
104144 103811
104135 103825
104132 103829
104130 103834
104121 103837
104120 103841
104117 103853
104103 103858
104098 103873
104087 103875
104079 103881
104076 103883
104073 103890
104072 103899
104058 103904
104054 103915
104053 103919
104050 103932
104028 103936
104024 103943
104006 103955
103994 103975
103989 103976
103985 103978
103977 103983
103972 103984
103964 103986
103963 104011
103943 104017
103938 104023
103933 104043
103918 104057
103907 104077
103889 104093
103859 104125
103844 104139
103814 104171
103785 104186
103766 104198
103763 104218
103758 104219
103739 104230
103718 104264
103694 104276
103664 104296
103660 104298
103657 104332
103617 104339
103613 104343
103612 104347
103602 104353
103599 104366
103582 104379
103576 104395
103572 104396
103552 104411
103534 104424
103527 104442
103516 104444
103504 104448
103501 104454
103493 104468
103482 104476
103478 104481
103471 104490
103456 104504
103453 104507
103448 104514
103437 104522
103430 104530
103419 104538
103410 104543
103396 104545
103389 104549
103387 104552
103384 104558
103382 104559
103379 104563
103375 104566
103374 104570
103371 104577
103365 104589
103361 104593
103352 104597
103344 104624
103332 104643
103304 104656
103292 104658
103287 104689
103270 104691
103251 104696
103246 104711
103235 104731
103222 104733
103217 104735
103199 104748
103197 104749
103187 104767
103182 104777
103172 104781
103161 104801
103142 104813
103131 104815
103125 104821
103122 104824
103114 104835
103113 104840
103100 104869
103067 104873
103055 104915
103037 104931
103033 104947
103007 104963
102978 104978
102975 104981
102955 104993
102948 105000
102939 105003
102933 105024
102911 105056
102873 105057
102864 105063
102862 105067
102858 105070
102854 105087
102853 105090
102836 105103
102829 105122
102806 105135
102805 105139
102795 105145
102792 105155
102766 105156
102765 105177
102760 105185
102747 105201
102727 105217
102713 105227
102702 105235
102691 105246
102676 105263
102671 105273
102657 105281
102646 105282
102642 105290
102641 105306
102626 105319
102620 105328
102598 105348
102577 105350
102576 105353
102568 105358
102564 105383
102535 105390
102534 105409
102524 105421
102500 105435
102489 105455
102451 105457
102446 105467
102443 105470
102442 105492
102428 105523
102384 105534
102380 105536
102378 105542
102376 105548
102374 105552
102372 105554
102368 105559
102363 105560
102361 105564
102354 105593
102321 105594
102313 105615
102309 105639
102283 105647
102256 105653
102252 105661
102243 105672
102238 105681
102227 105695
102214 105701
102206 105708
102200 105714
102193 105727
102185 105736
102171 105739
102166 105746
102162 105751
102161 105756
102144 105759
102139 105762
102136 105767
102135 105780
102121 105783
102116 105791
102110 105794
102106 105799
102105 105804
102094 105808
102089 105837
102060 105840
102053 105846
102049 105848
102045 105865
102032 105872
102016 105878
102015 105879
102005 105880
102004 105882
102003 105901
101992 105921
101970 105926
101962 105931
101958 105948
101956 105959
101944 105961
101927 105966
101925 105972
101923 105974
101920 105985
101911 106005
101896 106012
101880 106022
101871 106025
101861 106065
101835 106068
101824 106070
101818 106107
101779 106116
101774 106121
101769 106124
101767 106125
101761 106127
101750 106135
101747 106145
101739 106174
101720 106194
101685 106213
101682 106247
101630 106254
101627 106258
101618 106259
101613 106260
101607 106272
101604 106293
101591 106308
101566 106335
101565 106346
101561 106351
101520 106383
101493 106387
101486 106394
101475 106396
101461 106399
101460 106432
101449 106434
101445 106439
101441 106440
101436 106447
101420 106470
101415 106478
101402 106484
101380 106495
101375 106507
101370 106515
101364 106518
101346 106520
101339 106537
101319 106555
101304 106558
101298 106571
101280 106572
101275 106577
101270 106598
101264 106601
101257 106608
101246 106612
101236 106616
101227 106622
101223 106627
101216 106631
101211 106654
101201 106656
101194 106661
101191 106662
101185 106671
101183 106672
101177 106684
101165 106691
101163 106717
101126 106737
101114 106746
101100 106757
101088 106760
101081 106774
101064 106787
101059 106797
101055 106803
101049 106812
101033 106835
101005 106837
100993 106866
100988 106872
100972 106881
100958 106895
100942 106896
100926 106907
100922 106941
100886 106944
100876 106949
100874 106952
100873 106958
100872 106960
100871 106975
100855 106982
100840 106987
100839 107005
100822 107015
100815 107019
100811 107051
100774 107071
100739 107073
100737 107082
100729 107108
100703 107109
100697 107147
100693 107152
100665 107157
100661 107164
100652 107184
100626 107222
100622 107227
100566 107228
100563 107246
100556 107249
100555 107261
100552 107271
100536 107272
100528 107273
100524 107293
100512 107296
100507 107308
100496 107319
100484 107336
100481 107346
100457 107348
100451 107356
100441 107371
100430 107372
100425 107394
100402 107399
100390 107404
100386 107409
100376 107437
100359 107447
100343 107455
100331 107474
100309 107482
100297 107492
100278 107522
100272 107530
100252 107538
100246 107539
100241 107542
100232 107543
100220 107555
100215 107562
100213 107575
100196 107579
100192 107580
100186 107588
100179 107593
100165 107636
100136 107637
100135 107638
100129 107655
100120 107673
100094 107711
100049 107724
100031 107731
100017 107737
100004 107761
100003 107772
99988 107775
99978 107799
99971 107806
99954 107816
99920 107825
99918 107827
99910 107834
99895 107843
99892 107849
99887 107859
99869 107870
99858 107899
99843 107908
99825 107912
99821 107924
99813 107930
99805 107933
99799 107934
99798 107945
99777 107974
99769 107980
99757 107983
99737 107987
99726 107993
99723 108001
99720 108003
99718 108017
99700 108024
99698 108025
99695 108031
99688 108050
99686 108058
99659 108059
99656 108094
99627 108101
99611 108131
99601 108133
99585 108169
99573 108172
99556 108176
99530 108182
99522 108191
99499 108220
99489 108223
99481 108236
99465 108237
99453 108240
99444 108260
99439 108265
99438 108277
99417 108290
99400 108300
99384 108301
99383 108308
99369 108310
99366 108322
99359 108338
99343 108348
99328 108352
99319 108381
99311 108390
99297 108397
99288 108413
99272 108414
99253 108436
99236 108440
99234 108443
99220 108448
99216 108462
99203 108469
99195 108478
99180 108480
99175 108485
99172 108511
99170 108514
99150 108515
99149 108523
99138 108526
99134 108529
99127 108548
99124 108553
99096 108580
99078 108602
99038 108603
99037 108610
99032 108623
99018 108627
99012 108638
99006 108639
99004 108647
98997 108653
98992 108660
98982 108662
98978 108681
98961 108685
98950 108686
98949 108688
98944 108695
98932 108698
98929 108709
98926 108716
98921 108721
98915 108734
98903 108737
98885 108779
98836 108781
98834 108798
98831 108809
98810 108839
98802 108848
98773 108855
98755 108884
98739 108885
98735 108892
98716 108899
98715 108901
98698 108915
98686 108920
98683 108933
98668 108941
98656 108944
98645 108949
98643 108968
98634 108976
98628 108984
98601 108985
98598 108986
98592 108987
98590 108990
98589 109013
98572 109024
98563 109051
98534 109053
98527 109057
98515 109058
98512 109069
98506 109073
98505 109092
98494 109093
98467 109097
98465 109100
98461 109110
98456 109114
98453 109119
98451 109135
98438 109136
98435 109148
98423 109156
98397 109159
98393 109166
98382 109169
98378 109183
98374 109193
98366 109202
98355 109205
98351 109219
98346 109232
98313 109259
98296 109263
98293 109274
98274 109280
98256 109281
98254 109289
98250 109294
98247 109296
98246 109303
98231 109309
98230 109319
98213 109321
98212 109325
98209 109326
98203 109355
98191 109368
98161 109374
98159 109386
98146 109388
98138 109400
98131 109404
98130 109406
98125 109424
98098 109439
98079 109444
98071 109448
98065 109457
98049 109461
98047 109462
98045 109474
98031 109483
98025 109511
97996 109518
97989 109522
97976 109533
97972 109563
97941 109566
97913 109587
97907 109596
97892 109598
97879 109617
97873 109620
97858 109640
97851 109644
97826 109654
97823 109665
97804 109685
97788 109689
97785 109697
97780 109730
97738 109741
97714 109744
97699 109755
97691 109763
97690 109767
97684 109772
97680 109792
97666 109807
97652 109827
97612 109838
97596 109846
97590 109855
97589 109865
97564 109867
97562 109874
97561 109889
97560 109904
97520 109913
97518 109915
97515 109926
97509 109943
97493 109948
97492 109982
97444 109989
97429 110004
97399 110019
97393 110033
97357 110042
97340 110049
97334 110057
97333 110087
97298 110095
97294 110101
97288 110117
97286 110120
97280 110129
97250 110131
97248 110138
97242 110143
97229 110157
97219 110164
97201 110200
97193 110212
97156 110223
97151 110225
97128 110244
97121 110246
97110 110260
97082 110281
97073 110297
97027 110302
97025 110325
97004 110329
97003 110337
97000 110369
96952 110376
96937 110391
96936 110396
96929 110401
96913 110452
96865 110459
96850 110474
96821 110479
96806 110482
96802 110502
96778 110512
96769 110540
96754 110557
96723 110577
96713 110589
96701 110599
96669 110608
96663 110613
96650 110627
96636 110631
96616 110633
96603 110643
96590 110668
96549 110714
96512 110716
96511 110724
96503 110751
96482 110758
96446 110795
96415 110833
96344 110865
96328 110916
96239 110921
96223 110972
96193 110976
96166 110978
96154 110990
96152 111008
96115 111030
96085 111034
96081 111040
96065 111091
95995 111106
95984 111121
95976 111124
95957 111149
95908 111158
95902 111163
95900 111170
95897 111222
95851 111259
95788 111264
95742 111301
95686 111304
95684 111336
95643 111368
95638 111373
95622 111389
95612 111404
95546 111412
95537 111421
95533 111422
95526 111455
95487 111459
95480 111492
95417 111497
95382 111506
95380 111524
95371 111534
95368 111556
95298 111573
95278 111578
95265 111592
95241 111637
95166 111654
95071 111665
95025 111702
95013 111734
94996 111742
94960 111759
94943 111767
94927 111806
94849 111812
94830 111813
94819 111847
94801 111858
94776 111875
94746 111878
94738 111880
94736 111886
94733 111888
94731 111915
94722 111923
94685 111946
94660 111963
94649 111967
94641 111975
94616 111977
94613 111994
94607 112001
94599 112002
94595 112009
94583 112010
94576 112028
94573 112034
94553 112048
94535 112068
94506 112088
94501 112090
94489 112107
94475 112115
94463 112116
94460 112125
94443 112144
94429 112152
94417 112153
94409 112177
94385 112182
94378 112185
94373 112195
94363 112214
94327 112232
94312 112234
94305 112235
94302 112244
94287 112256
94277 112261
94263 112269
94259 112272
94258 112278
94240 112289
94235 112294
94223 112295
94222 112310
94212 112315
94194 112326
94193 112332
94179 112357
94149 112373
94142 112384
94130 112385
94125 112387
94114 112392
94102 112393
94100 112397
94098 112406
94091 112415
94055 112438
94032 112455
94026 112460
94023 112482
93991 112492
93979 112493
93977 112519
93940 112525
93928 112526
93926 112546
93916 112549
93904 112550
93903 112551
93896 112566
93877 112568
93876 112572
93866 112598
93862 112605
93834 112613
93830 112617
93820 112635
93816 112642
93782 112651
93770 112652
93765 112673
93744 112690
93714 112694
93704 112703
93696 112748
93632 112770
93628 112778
93603 112790
93590 112794
93586 112809
93544 112848
93510 112851
93501 112859
93498 112885
93470 112897
93458 112898
93447 112900
93445 112910
93425 112911
93423 112929
93406 112932
93401 112935
93394 112938
93368 112941
93365 112953
93356 112973
93338 112990
93306 113002
93303 113007
93301 113024
93292 113027
93269 113036
93255 113061
93238 113063
93226 113100
93180 113137
93129 113157
93087 113166
93083 113175
93076 113182
93056 113190
93037 113204
93036 113205
93030 113219
93000 113253
92976 113260
92959 113307
92888 113321
92855 113327
92838 113349
92829 113363
92806 113367
92764 113380
92752 113387
92736 113424
92723 113434
92686 113443
92677 113463
92640 113497
92636 113517
92611 113519
92587 113522
92541 113559
92502 113572
92490 113579
92486 113599
92429 113605
92420 113619
92406 113620
92389 113627
92386 113644
92385 113647
92384 113652
92363 113653
92314 113703
92255 113711
92180 113724
92179 113753
92157 113759
92112 113767
92087 113810
92042 113818
91979 113868
91977 113900
91695 113904
91683 113907
91677 113922
91676 113923
91649 113941
91641 113943
91630 113960
91619 113961
91596 113966
91586 113976
91585 114000
91578 114001
91545 114011
91542 114028
91532 114038
91505 114046
91495 114057
91491 114061
91486 114062
91481 114071
91462 114089
91449 114111
91426 114116
91419 114143
91375 114149
91359 114152
91350 114161
91347 114164
91346 114168
91329 114200
91276 114216
91263 114217
91259 114219
91257 114220
91251 114223
91249 114242
91233 114254
91231 114278
91187 114284
91180 114311
91153 114318
91142 114330
91113 114339
91102 114351
91089 114356
91076 114357
91069 114374
91061 114385
91024 114419
90990 114439
90971 114444
90953 114462
90934 114476
90925 114481
90894 114489
90881 114501
90875 114502
90863 114519
90838 114520
90835 114538
90823 114539
90798 114550
90795 114563
90775 114565
90772 114572
90768 114574
90757 114586
90747 114613
90723 114630
90696 114646
90677 114664
90639 114670
90629 114727
90554 114728
90536 114733
90528 114775
90496 114777
90467 114783
90456 114799
90427 114804
90426 114828
90380 114866
90328 114913
90236 114923
90209 114933
90199 114938
90178 114944
90173 114953
90161 114960
90156 114965
90129 114980
90123 114996
90091 115011
90040 115044
90004 115094
89922 115124
89789 115134
89663 115138
89657 115141
89636 115153
89589 115157
89455 115161
89454 115185
89420 115192
89413 115197
89403 115198
89398 115220
89362 115230
89351 115239
89343 115256
89317 115281
89302 115284
89300 115288
89291 115296
89287 115298
89270 115300
89268 115301
89255 115303
89242 115304
89240 115305
89231 115321
89230 115339
89222 115344
89217 115349
89205 115368
89176 115369
89171 115386
89144 115397
89130 115403
89104 115416
89101 115437
89074 115448
89063 115458
89028 115485
89024 115487
89020 115504
88998 115515
88966 115521
88958 115536
88954 115538
88932 115539
88910 115545
88903 115571
88898 115573
88876 115583
88871 115588
88852 115601
88833 115619
88817 115634
88782 115652
88753 115663
88717 115668
88700 115681
88697 115700
88666 115713
88646 115727
88627 115749
88603 115798
88546 115810
88485 115826
88480 115834
88458 115840
88446 115868
88431 115870
88419 115883
88373 115889
88372 115893
88352 115897
88343 115910
88321 115936
88294 115946
88284 115951
88263 115952
88260 115956
88254 115972
88248 115976
88227 115987
88214 116002
88150 116003
88130 116004
88123 116027
88094 116036
88079 116037
88055 116039
88048 116074
88016 116079
88003 116086
87966 116104
87922 116108
87920 116110
87898 116112
87891 116147
87846 116151
87787 116157
87777 116172
87727 116185
87711 116201
87583 116202
87576 116241
87330 116242
87323 116272
87303 116280
87280 116291
87271 116314
87234 116324
87231 116328
87213 116342
87206 116346
87186 116351
87168 116365
87162 116372
87143 116375
87138 116378
87136 116397
87124 116425
87053 116437
87052 116480
86968 116497
86949 116505
86939 116506
86931 116507
86928 116518
86921 116520
86912 116526
86899 116527
86884 116535
86883 116541
86879 116559
86859 116567
86842 116569
86841 116591
86795 116597
86794 116603
86776 116610
86770 116624
86752 116638
86720 116672
86641 116676
86637 116688
86621 116710
86577 116717
86576 116733
86551 116736
86544 116765
86507 116772
86491 116786
86469 116793
86467 116807
86438 116816
86416 116828
86396 116831
86394 116841
86372 116849
86365 116850
86323 116857
86308 116858
86299 116862
86296 116874
86295 116882
86285 116888
86258 116898
86235 116905
86216 116907
86210 116908
86206 116944
86196 116950
86183 116952
86169 116960
86146 116967
86112 116985
86083 116994
86059 116995
86056 117003
86043 117009
86017 117027
85940 117060
85921 117071
85858 117092
85851 117122
85725 117123
85718 117157
85555 117179
85429 117218
85223 117235
85208 117245
85181 117247
85180 117253
85161 117277
85113 117280
85096 117284
85090 117293
85086 117294
85073 117301
85072 117339
85040 117341
84997 117356
84985 117370
84980 117394
84898 117400
84896 117432
84877 117436
84848 117445
84834 117447
84833 117453
84813 117454
84806 117455
84794 117468
84793 117474
84787 117476
84769 117522
84705 117530
84666 117547
84647 117549
84642 117551
84636 117553
84610 117565
84597 117568
84584 117581
84572 117584
84571 117589
84552 117591
84547 117593
84526 117613
84501 117617
84486 117624
84481 117646
84424 117649
84423 117655
84415 117657
84414 117700
84335 117711
84319 117742
84240 117746
84199 117757
84197 117769
84173 117770
84161 117797
84126 117824
84042 117830
84032 117850
84026 117853
83997 117864
83981 117869
83968 117879
83902 117912
83873 117921
83863 117949
83773 117950
83749 117977
83326 117996
83262 118006
83231 118038
83175 118049
83162 118063
83122 118070
83115 118075
83108 118077
83100 118078
83073 118081
83071 118087
83059 118094
83057 118106
83045 118125
83033 118132
82997 118152
82971 118174
82906 118176
82890 118186
82876 118216
82820 118227
82807 118241
82806 118248
82769 118264
82725 118269
82689 118271
82685 118302
82669 118314
82627 118333
82625 118347
82574 118356
82527 118357
82521 118375
82468 118376
82451 118426
82361 118432
82357 118442
82346 118450
82306 118451
82299 118465
82233 118481
82175 118486
82138 118488
82102 118507
82099 118549
81869 118553
81810 118603
81482 118611
81460 118612
81442 118615
81437 118630
81433 118646
81394 118676
81318 118697
81259 118699
81249 118700
81248 118703
81246 118709
81241 118710
81239 118722
81214 118730
81199 118752
81161 118754
81152 118763
81126 118771
81091 118785
81080 118788
81072 118796
81038 118806
81004 118832
80960 118836
80940 118838
80905 118862
80881 118865
80853 118867
80839 118883
80786 118895
80756 118909
80750 118925
80696 118935
80695 118940
80641 118943
80628 118986
80439 118998
80423 119006
80349 119017
80339 119019
80023 119027
80004 119038
79970 119048
79934 119060
79902 119069
79878 119079
79872 119080
79859 119090
79848 119109
79801 119110
79783 119111
79765 119122
79751 119123
79738 119124
79737 119151
79702 119153
79666 119159
79647 119170
79636 119174
79618 119187
79588 119191
79578 119194
79559 119205
79525 119230
79472 119242
79404 119247
79386 119249
79381 119277
79380 119282
79293 119291
79259 119310
79253 119326
79144 119344
79048 119346
79034 119359
78998 119374
78987 119376
78698 119409
78536 119410
78528 119417
78491 119447
78408 119451
78401 119461
78393 119462
78385 119469
78368 119477
78338 119484
78316 119497
78286 119512
78268 119513
78264 119516
78228 119522
78225 119533
78175 119540
78167 119548
78144 119550
78126 119561
78114 119575
78067 119582
78029 119587
78012 119601
78006 119617
77897 119619
77884 119620
77878 119636
77779 119667
77739 119672
77612 119716
77221 119720
77216 119728
77182 119729
77179 119748
77161 119749
77121 119768
77089 119772
77053 119784
77034 119786
77021 119804
76959 119810
76914 119814
76912 119818
76906 119822
76874 119823
76852 119834
76848 119839
76836 119840
76832 119854
76791 119862
76748 119875
76721 119883
76709 119884
76675 119887
76673 119888
76669 119903
76621 119919
76604 119923
76530 119933
76526 119938
76465 119953
76387 119968
76306 119975
75964 119988
75946 119992
75904 120004
75879 120012
75864 120024
75832 120027
75831 120029
75820 120038
75799 120058
75767 120059
75765 120061
75746 120076
75671 120087
75640 120109
75541 120119
75540 120145
75514 120155
75412 120174
75353 120177
75321 120178
75277 120189
75273 120204
75213 120205
75172 120207
75081 120227
74720 120228
74690 120239
74673 120243
74661 120254
74598 120292
74548 120297
74484 120300
74477 120304
74454 120310
74430 120316
74414 120318
74411 120324
74396 120327
74383 120364
74296 120371
74263 120394
74169 120407
74152 120411
74089 120426
74086 120429
74013 120441
73947 120459
73512 120464
73506 120480
73413 120481
73388 120499
73349 120502
73335 120503
73324 120509
73309 120518
73288 120535
73286 120536
73257 120540
73248 120544
73227 120561
73221 120577
73112 120579
73110 120590
73060 120599
73044 120623
72917 120627
72906 120639
72897 120655
72251 120664
72233 120665
72228 120668
72227 120681
72217 120691
72185 120693
72180 120696
72166 120698
72151 120712
72119 120715
72099 120725
72084 120755
72004 120762
71973 120767
71955 120768
71953 120779
71905 120807
71866 120809
71841 120818
71787 120826
71772 120871
71032 120872
71000 120874
70983 120875
70982 120880
70951 120882
70940 120921
70864 120926
70836 120928
70826 120938
70811 120939
70809 120940
70789 120952
70783 120955
70768 120985
70631 121025
70479 121044
69838 121059
69733 121070
69686 121092
69661 121094
69615 121109
69596 121110
69553 121156
69395 121167
68626 121179
68564 121204
68434 121229
68360 121252
68283 121260
67538 121267
67481 121275
67425 121282
67395 121309
67206 121333
66561 121337
66418 121338
66400 121345
66267 121367
66117 121377
65372 121395
65190 121400
65070 121401
64392 121403
64352 121406
64250 121415
64130 121423
63447 121424
63422 121425
63304 121427
63254 121435
63152 121444
63115 121458
