300 2
74627
419 925 7
987 657 377
166 305 626
460 514 495
226 710 261
276 554 431
37 481 580
539 808 266
185 803 250
826 242 795
718 661 361
760 649 305
434 815 200
595 275 642
148 500 560
507 775 195
936 812 255
744 351 678
617 536 453
384 363 675
76 81 882
691 840 59
965 275 788
544 869 48
638 17 951
441 524 448
799 460 475
638 205 800
286 821 91
737 205 780
430 281 720
784 972 44
787 937 102
605 482 516
698 120 881
291 561 345
659 360 638
839 998 71
371 285 718
439 22 966
868 452 448
380 236 859
731 23 989
357 628 351
852 326 677
364 616 299
400 275 712
896 115 872
597 485 559
119 923 131
845 792 146
852 173 812
832 903 89
749 260 655
148 112 869
667 476 428
746 876 83
187 772 210
625 369 710
348 487 577
93 333 689
290 186 871
722 18 963
177 767 323
260 914 11
669 581 426
694 328 654
994 514 422
410 139 871
310 487 420
135 580 394
751 869 143
540 591 424
233 768 200
185 29 904
249 697 371
788 392 541
205 387 649
393 796 268
949 107 854
993 241 837
371 992 82
933 533 436
514 765 158
861 949 22
124 199 870
967 986 27
139 192 832
824 584 399
649 534 470
961 528 525
853 898 153
614 832 125
966 347 563
88 209 691
237 333 607
83 300 637
320 439 537
943 264 829
364 913 93
890 874 31
658 727 358
418 342 710
710 309 611
768 396 566
775 632 397
981 714 375
174 34 917
558 977 80
526 341 671
29 231 756
59 889 43
987 307 694
749 18 978
857 785 156
175 561 507
823 542 469
772 716 302
161 274 739
812 800 282
377 828 99
816 887 18
982 875 91
490 624 346
307 482 445
519 656 384
363 480 468
922 252 840
515 413 533
85 225 680
995 601 471
137 417 632
168 400 624
506 890 59
861 197 848
4 716 260
706 80 975
950 2 909
911 516 489
146 600 450
180 595 375
43 732 322
792 900 34
417 406 505
666 268 683
398 271 824
785 976 7
652 927 10
771 838 176
303 983 20
59 164 889
416 206 793
191 997 41
366 415 646
430 82 830
691 479 489
669 264 699
726 916 45
784 687 229
359 989 7
533 49 885
302 465 522
804 656 330
206 22 981
13 452 634
88 144 837
433 812 223
755 539 479
5 323 632
93 681 272
164 215 748
398 517 539
838 321 666
276 526 465
128 538 544
62 626 284
474 60 978
151 814 166
744 819 226
25 911 77
295 75 934
614 473 454
398 311 681
838 586 511
300 714 291
213 776 153
269 250 691
138 401 503
544 146 923
275 170 881
687 465 601
313 79 874
456 477 545
919 315 624
908 614 469
436 826 212
589 96 988
802 233 735
829 777 220
675 52 947
433 738 185
266 52 878
571 508 527
188 427 671
390 336 685
307 771 215
999 361 644
941 163 889
286 992 58
775 668 349
434 101 864
558 367 608
760 937 145
440 126 836
434 515 515
42 821 163
477 820 236
8 762 327
770 49 991
310 823 198
902 257 784
233 815 99
615 576 325
505 16 899
823 449 581
476 491 503
901 968 39
687 975 7
635 745 175
576 56 989
185 957 26
894 191 708
970 805 210
984 311 707
124 134 773
777 610 396
254 511 489
550 199 796
608 834 110
715 410 545
646 595 351
833 489 496
836 459 486
415 443 565
9 567 468
53 344 613
587 597 462
90 147 952
568 755 311
792 471 476
73 117 950
311 950 48
738 787 269
972 202 742
517 211 847
195 263 663
484 849 197
284 939 142
282 508 519
115 300 620
357 373 571
194 683 251
519 422 670
304 394 538
531 910 71
325 105 922
463 589 408
199 872 112
82 155 932
720 269 677
829 626 395
56 819 138
233 339 703
197 643 277
363 175 727
739 499 424
378 962 98
866 162 854
295 244 803
230 963 0
466 793 233
74 848 141
365 82 961
78 278 708
184 641 380
201 380 540
322 758 155
33 625 320
615 919 86
352 150 837
359 615 330
990 689 226
442 54 870
234 132 855
667 316 599
276 516 475
384 838 105
454 871 197
686 486 566
162 838 244
2816
122298 66827
122278 66856
122269 66857
122262 67910
122226 67941
122225 67967
122224 68002
122222 68053
122221 68835
122197 68902
122187 68991
122183 69008
122182 69080
122163 69085
122162 69086
122160 69106
122159 69197
122142 69223
122123 69228
122122 69252
122119 70056
122104 70137
122095 70245
122084 70276
122072 70286
122057 70366
122055 70388
122047 71089
122043 71201
122019 71268
121994 71342
121988 71369
121985 71451
121970 71474
121939 71510
121929 71516
121925 71545
121915 71570
121908 72338
121904 72450
121881 72534
121867 72543
121849 72618
121817 72661
121809 72672
121804 72701
121798 72719
121780 72754
121777 72756
121756 73508
121734 73526
121731 73563
121721 73602
121719 73627
121714 73655
121701 73676
121696 73690
121683 73737
121682 73755
121664 73795
121646 73830
121628 73857
121625 73862
121619 73866
121616 73888
121606 73904
121597 73935
121593 74678
121557 74726
121555 74754
121548 74831
121538 74846
121512 74879
121489 74949
121479 74951
121468 74965
121466 74984
121461 75042
121423 75066
121416 75094
121402 75103
121399 75122
121395 75129
121391 75693
121389 75873
121372 75965
121358 75974
121334 76041
121296 76065
121295 76132
121262 76179
121242 76197
121238 76198
121234 76240
121231 76253
121224 76255
121223 76270
121213 76275
121210 76288
121203 76296
121194 76308
121182 76335
121173 76343
121172 76362
121171 76367
121162 76372
121156 76384
121155 76994
121138 77086
121121 77088
121108 77098
121103 77106
121100 77162
121096 77198
121087 77213
121074 77234
121073 77257
121063 77266
121059 77287
121055 77330
121047 77338
121041 77366
121040 77393
121033 77402
121030 77413
121021 77415
121003 77433
121000 77446
120996 77451
120995 77478
120988 77488
120986 77525
120964 77533
120956 77569
120949 77579
120934 77587
120933 77610
120926 77620
120913 77628
120912 77645
120909 78145
120884 78255
120862 78319
120839 78340
120837 78359
120833 78430
120826 78431
120823 78439
120819 78440
120816 78448
120814 78450
120810 78508
120806 78514
120802 78518
120787 78539
120781 78619
120780 78659
120745 78696
120744 78707
120733 78747
120712 78782
120702 78803
120695 78813
120676 78830
120672 78847
120665 78848
120662 78858
120661 78877
120654 78889
120645 78897
120644 78924
120634 78927
120631 78950
120629 78954
120627 78964
120610 78985
120608 78989
120606 78999
120602 79002
120600 79446
120586 79482
120585 79509
120578 79546
120575 79554
120568 79639
120543 79673
120542 79700
120525 79760
120514 79784
120505 79852
120487 79868
120481 79882
120477 79888
120469 79900
120460 79907
120456 79923
120453 79928
120445 79930
120441 79936
120432 79955
120431 79960
120428 79992
120420 79995
120417 80005
120410 80023
120407 80031
120401 80034
120399 80069
120398 80096
120391 80106
120388 80116
120376 80160
120362 80173
120352 80199
120341 80208
120334 80213
120327 80216
120325 80228
120323 80235
120318 80238
120317 80242
120310 80246
120306 80251
120301 80263
120296 80277
120294 80297
120293 80301
120291 80313
120289 80324
120282 80348
120270 80815
120255 80855
120251 80859
120249 80993
120228 81017
120225 81025
120213 81041
120192 81087
120185 81097
120173 81139
120158 81141
120156 81151
120154 81153
120153 81168
120147 81219
120143 81225
120133 81251
120125 81258
120111 81267
120107 81273
120101 81287
120099 81321
120092 81331
120083 81336
120078 81388
120060 81395
120057 81423
120054 81453
120034 81458
120027 81468
120023 81499
120018 81501
120002 81534
119999 81536
119995 81539
119986 81554
119978 81571
119974 81574
119973 81599
119959 81624
119952 81634
119951 81655
119927 81666
119925 81673
119924 81676
119923 81682
119921 81700
119918 81710
119911 81724
119910 82218
119901 82255
119887 82292
119880 82302
119870 82384
119846 82423
119828 82437
119819 82452
119808 82489
119798 82544
119783 82548
119777 82618
119767 82625
119753 82657
119744 82662
119730 82675
119728 82682
119719 82690
119716 82700
119709 82710
119702 82721
119694 82723
119693 82749
119690 82782
119667 82823
119654 82830
119647 82889
119644 82895
119641 82903
119626 82924
119623 82934
119620 82938
119616 82944
119605 82951
119602 82960
119592 82976
119587 82982
119586 82993
119581 82995
119575 83008
119563 83009
119559 83038
119551 83043
119547 83053
119541 83058
119540 83090
119535 83120
119508 83132
119507 83144
119497 83165
119491 83183
119488 83191
119476 83200
119468 83201
119460 83224
119459 83819
119435 83858
119423 83867
119399 83906
119388 83917
119381 83976
119360 84011
119345 84024
119336 84031
119329 84090
119312 84182
119277 84232
119256 84267
119241 84280
119220 84315
119217 84321
119195 84326
119189 84359
119181 84369
119168 84394
119158 84401
119154 84404
119153 84407
119147 84422
119133 84439
119132 84442
119126 84457
119122 84475
119105 84477
119101 84510
119096 84553
119075 84588
119053 84591
119052 84606
119038 84628
119036 84645
119016 84654
119015 84661
119003 84663
119001 84692
118991 84721
118985 84739
118972 84751
118955 84769
118954 84780
118951 84786
118940 84792
118936 84799
118925 84805
118924 84814
118919 84827
118918 84828
118915 84834
118911 84843
118896 84845
118895 85234
118876 85245
118869 85255
118866 85338
118850 85419
118836 85506
118801 85507
118790 85538
118788 85553
118775 85615
118758 85649
118754 85650
118753 85687
118751 85726
118716 85753
118707 85760
118703 85773
118700 85782
118695 85788
118676 85798
118668 85817
118667 85821
118663 85846
118656 85849
118650 85869
118642 85873
118641 85923
118620 85958
118605 85971
118592 85991
118588 85993
118584 86006
118572 86054
118539 86061
118536 86102
118511 86173
118482 86193
118478 86195
118475 86221
118456 86223
118450 86228
118442 86243
118431 86251
118428 86313
118392 86361
118385 86376
118369 86387
118363 86412
118340 86416
118327 86437
118325 86442
118319 86451
118317 86471
118300 86500
118279 86507
118275 86578
118248 86749
118229 86869
118212 86961
118195 87147
118187 87162
118174 87182
118159 87195
118139 87209
118138 87230
118116 87249
118108 87264
118096 87279
118095 87284
118083 87292
118080 87297
118073 87325
118072 87369
118051 87404
118037 87405
118036 87417
118026 87432
118015 87452
118001 87453
117996 87475
117995 87517
117974 87552
117960 87555
117949 87573
117935 87583
117931 87593
117927 87607
117916 87619
117906 87643
117895 87654
117891 87655
117884 87703
117875 87709
117870 87718
117868 87729
117854 87744
117850 87757
117847 87769
117836 87782
117825 87785
117822 87797
117815 87817
117800 87820
117796 87845
117779 87855
117778 87857
117771 87858
117770 87924
117749 87959
117737 87971
117714 88045
117689 88073
117678 88093
117653 88121
117630 88140
117611 88174
117610 88175
117588 88176
117586 88202
117575 88222
117574 88223
117557 88262
117531 88264
117528 88274
117526 88290
117519 88317
117491 88333
117490 88338
117489 88352
117478 88364
117476 88385
117464 88479
117462 88541
117452 88574
117433 88589
117430 88637
117420 88670
117414 88709
117395 88773
117382 88836
117374 88840
117371 88847
117369 88916
117361 88931
117348 88951
117333 88971
117327 88973
117322 89014
117301 89067
117295 89069
117278 89092
117269 89099
117267 89109
117262 89150
117247 89189
117237 89243
117192 89249
117191 89251
117186 89264
117177 89266
117169 89286
117168 89291
117165 89355
117153 89387
117132 89422
117105 89433
117091 89434
117088 89505
117067 89510
117054 89519
117040 89552
117033 89554
117024 89572
117021 89577
117016 89584
117011 89592
117004 89620
116985 89634
116980 89651
116964 89690
116960 89721
116941 89733
116924 89769
116911 89779
116907 89848
116888 89853
116871 89896
116852 89901
116829 89902
116828 89950
116804 89977
116803 89978
116792 89998
116768 90025
116767 90026
116749 90030
116744 90045
116735 90046
116725 90079
116714 90097
116700 90107
116689 90127
116675 90136
116667 90142
116664 90155
116663 90160
116660 90167
116655 90173
116653 90179
116639 90211
116624 90215
116620 90216
116605 90226
116603 90244
116595 90269
116590 90270
116576 90275
116565 90310
116560 90313
116559 90317
116554 90318
116549 90336
116544 90337
116537 90529
116516 90564
116509 90570
116490 90633
116485 90649
116477 90686
116456 90777
116449 90828
116441 90878
116406 90887
116405 90926
116379 90927
116377 90948
116367 90981
116355 90986
116346 91016
116345 91040
116335 91077
116314 91112
116289 91144
116284 91151
116268 91179
116261 91184
116251 91242
116215 91273
116203 91289
116200 91293
116197 91301
116179 91346
116166 91366
116165 91397
116138 91406
116135 91425
116127 91428
116119 91464
116099 91473
116098 91498
116096 91507
116083 91511
116075 91542
116068 91547
116062 91622
116030 91626
116026 91670
115984 91693
115959 91751
115936 91753
115925 91757
115923 91799
115900 91801
115894 91810
115881 91885
115841 91886
115833 91932
115798 91941
115797 91980
115794 91985
115766 92025
115736 92032
115732 92041
115723 92044
115721 92049
115718 92050
115716 92079
115697 92084
115693 92089
115691 92114
115672 92130
115668 92145
115663 92154
115653 92160
115649 92200
115616 92216
115613 92248
115603 92255
115582 92285
115565 92295
115555 92302
115554 92325
115546 92333
115530 92346
115519 92350
115518 92373
115498 92380
115484 92413
115477 92436
115454 92446
115449 92447
115440 92492
115404 92540
115384 92543
115374 92565
115371 92570
115366 92736
115352 92737
115347 92801
115331 92938
115310 92973
115309 92976
115288 92993
115279 93000
115267 93028
115260 93065
115239 93100
115236 93128
115228 93131
115222 93240
115217 93304
115150 93307
115138 93335
115112 93341
115103 93368
115096 93371
115091 93376
115081 93411
115060 93446
115040 93481
115036 93488
115019 93492
115014 93513
115000 93536
114990 93555
114985 93619
114949 93667
114904 93668
114901 93714
114887 93747
114856 93749
114851 93795
114840 93838
114803 93894
114756 93933
114753 93941
114737 93967
114721 93996
114700 94023
114697 94031
114673 94043
114666 94070
114637 94091
114614 94094
114608 94153
114602 94164
114572 94201
114542 94210
114531 94251
114507 94289
114486 94293
114476 94295
114469 94330
114465 94346
114429 94394
114404 94418
114392 94466
114364 94467
114363 94472
114362 94475
114356 94514
114326 94523
114323 94557
114302 94561
114285 94586
114275 94604
114254 94608
114239 94652
114218 94656
114201 94676
114199 94690
114190 94711
114171 94730
114151 94737
114130 94746
114129 94766
114124 94773
114123 94777
114117 94778
114115 94785
114114 94797
114093 94814
114088 94844
114060 94845
114059 94853
114052 94865
114046 94894
114031 94896
114021 94902
114019 94922
114006 94979
113962 94989
113958 95026
113954 95102
113941 95119
113933 95137
113930 95174
113878 95255
113865 95293
113859 95295
113838 95312
113830 95372
113804 95398
113801 95435
113780 95470
113764 95621
113724 95622
113686 95639
113683 95696
113643 95697
113634 95714
113620 95748
113614 95752
113611 95769
113602 95819
113590 95824
113581 95839
113580 95889
113540 95890
113532 95936
113525 95943
113496 95984
113490 96072
113434 96077
113419 96108
113413 96126
113383 96166
113362 96186
113335 96234
113319 96256
113300 96270
113291 96306
113264 96315
113258 96335
113237 96364
113230 96367
113223 96385
113201 96389
113191 96397
113190 96399
113182 96414
113175 96432
113169 96454
113153 96475
113139 96480
113134 96493
113129 96502
113115 96512
113107 96572
113059 96619
113031 96623
113023 96667
112985 96720
112952 96734
112947 96737
112942 96746
112930 96749
112909 96760
112904 96781
112901 96793
112874 96819
112868 96829
112865 96854
112839 96875
112836 96880
112818 96889
112808 96897
112799 96914
112788 96927
112775 96934
112770 96968
112762 96983
112744 97000
112733 97009
112717 97021
112708 97048
112685 97056
112677 97062
112669 97068
112662 97095
112651 97126
112618 97140
112607 97145
112605 97149
112598 97155
112593 97157
112588 97174
112583 97176
112578 97178
112573 97184
112567 97197
112562 97203
112559 97224
112550 97235
112529 97252
112502 97282
112483 97292
112481 97299
112475 97310
112466 97330
112450 97341
112447 97364
112425 97379
112404 97390
112399 97411
112391 97421
112372 97439
112363 97459
112343 97468
112339 97484
112324 97486
112309 97487
112307 97516
112299 97522
112288 97534
112277 97537
112271 97539
112270 97541
112268 97545
112266 97551
112256 97553
112251 97566
112247 97569
112242 97577
112241 97585
112238 97593
112223 97595
112222 97608
112217 97610
112215 97614
112206 97625
112198 97630
112195 97632
112190 97640
112187 97643
112182 97687
112154 97688
112139 97706
112135 97722
112114 97725
112113 97737
112110 97739
112106 97755
112095 97760
112087 97769
112085 97773
112079 97779
112074 97787
112068 97792
112060 97813
112051 97817
112049 97821
112035 97828
112030 97832
112026 97835
112022 97850
112007 97864
112003 97880
111982 97902
111971 97912
111955 97927
111946 97950
111927 97961
111922 97982
111904 97993
111900 98009
111874 98244
111843 98277
111836 98337
111780 98431
111714 98463
111681 98499
111676 98508
111664 98585
111635 98601
111629 98643
111625 98680
111584 98712
111530 98717
111529 98738
111526 98754
111525 98775
111491 98812
111446 98841
111433 98845
111431 98854
111428 98889
111427 98891
111403 98901
111396 98924
111393 98947
111389 98984
111321 98985
111319 98996
111316 99009
111312 99025
111285 99033
111277 99054
111276 99056
111271 99073
111267 99110
111238 99149
111189 99150
111178 99178
111174 99194
111166 99195
111164 99205
111154 99208
111138 99216
111134 99232
111133 99242
111100 99275
111090 99287
111085 99289
111063 99313
111052 99320
111049 99337
111032 99340
111028 99377
111015 99397
110988 99415
110967 99433
110963 99470
110953 99473
110916 99484
110915 99486
110906 99490
110902 99496
110898 99502
110894 99509
110893 99523
110877 99579
110841 99596
110831 99599
110817 99608
110813 99624
110805 99625
110789 99634
110782 99636
110781 99637
110777 99646
110773 99662
110769 99670
110755 99671
110744 99680
110739 99703
110734 99728
110695 99736
110692 99752
110691 99773
110667 99807
110657 99810
110627 99845
110601 99872
110592 99903
110557 99905
110553 99914
110545 99921
110537 99932
110533 99939
110516 99972
110511 99981
110503 99982
110479 99998
110476 100010
110470 100029
110450 100037
110438 100065
110421 100066
110418 100094
110414 100110
110377 100113
110373 100158
110334 100166
110330 100203
110299 100229
110292 100236
110266 100238
110257 100265
110251 100271
110244 100283
110231 100296
110215 100298
110212 100315
110208 100331
110202 100358
110179 100368
110159 100372
110145 100405
110118 100406
110115 100413
110110 100415
110109 100421
110097 100422
110090 100430
110085 100434
110084 100449
110081 100450
110080 100484
110045 100500
110041 100509
110032 100531
110008 100534
109997 100535
109996 100579
109972 100589
109963 100591
109946 100616
109937 100632
109929 100634
109926 100643
109913 100649
109903 100661
109898 100663
109894 100692
109890 100701
109862 100711
109841 100717
109839 100721
109838 100731
109833 100736
109821 100739
109815 100741
109812 100756
109797 100757
109795 100766
109792 100775
109790 100796
109786 100797
109765 100802
109761 100803
109757 100812
109756 100833
109740 100837
109739 100866
109708 100868
109706 100891
109687 100896
109682 100901
109675 100911
109668 100922
109663 100924
109655 100927
109648 100928
109644 100944
109634 100959
109627 100972
109611 100981
109605 100998
109595 101000
109593 101001
109586 101006
109584 101017
109580 101023
109576 101039
109553 101049
109550 101054
109535 101056
109531 101093
109509 101096
109492 101132
109478 101141
109463 101159
109454 101165
109435 101171
109432 101192
109413 101195
109410 101196
109409 101202
109406 101212
109399 101219
109397 101225
109387 101227
109376 101239
109374 101244
109370 101260
109346 101266
109344 101273
109338 101294
109327 101306
109310 101324
109304 101331
109279 101333
109277 101342
109275 101351
109262 101365
109251 101369
109246 101375
109243 101381
109232 101384
109230 101399
109226 101413
109210 101419
109206 101428
109194 101431
109193 101438
109192 101442
109191 101446
109176 101451
109168 101463
109167 101464
109164 101479
109159 101489
109153 101496
109132 101507
109123 101512
109119 101533
109100 101534
109092 101545
109088 101547
109084 101554
109080 101572
109058 101574
109057 101579
109055 101593
109051 101599
109042 101605
109023 101616
109022 101618
109020 101632
109004 101640
109000 101649
108994 101652
108987 101659
108985 101665
108974 101667
108970 101671
108969 101681
108962 101684
108958 101700
108945 101723
108917 101731
108914 101732
108909 101741
108900 101744
108898 101764
108896 101765
108892 101771
108869 101778
108867 101785
108863 101791
108853 101793
108852 101799
108850 101805
108849 101814
108848 101815
108847 101820
108826 101822
108825 101834
108818 101839
108815 101843
108814 101853
108795 101857
108792 101860
108790 101867
108782 101871
108780 101882
108779 101886
108765 101892
108763 101897
108761 101908
108753 101910
108747 101929
108741 101936
108726 101941
108725 101946
108722 101952
108703 101954
108696 101965
108691 101966
108687 101972
108683 101974
108681 101975
108680 101985
108679 102003
108664 102008
108653 102010
108648 102017
108646 102031
108641 102041
108619 102042
108617 102061
108610 102073
108591 102078
108586 102079
108576 102107
108571 102108
108565 102109
108558 102111
108557 102121
108555 102124
108543 102125
108539 102156
108533 102163
108530 102167
108507 102173
108502 102175
108495 102196
108491 102202
108476 102204
108464 102205
108462 102206
108460 102214
108455 102224
108446 102228
108440 102252
108436 102255
108425 102272
108413 102274
108407 102277
108403 102283
108389 102295
108385 102299
108380 102300
108378 102307
108373 102322
108367 102323
108363 102325
108354 102328
108353 102332
108351 102337
108349 102348
108341 102350
108332 102358
108328 102364
108318 102365
108316 102367
108314 102381
108310 102392
108306 102408
108277 102414
108270 102423
108266 102428
108263 102430
108254 102433
108252 102448
108241 102457
108238 102460
108234 102471
108230 102476
108221 102478
108217 102499
108205 102501
108200 102503
108198 102513
108173 102514
108170 102520
108168 102521
108164 102547
108156 102552
108149 102554
108143 102564
108126 102579
108122 102591
108118 102607
108095 102608
108089 102609
108087 102619
108083 102636
108064 102644
108051 102650
108048 102654
108039 102656
108037 102668
108033 102684
108028 102692
108013 102712
107994 102719
107988 102726
107965 102741
107961 102762
107955 102763
107951 102765
107948 102779
107923 102783
107922 102784
107920 102798
107904 102813
107894 102814
107889 102815
107886 102833
107881 102836
107879 102846
107865 102854
107845 102860
107844 102862
107843 102884
107829 102897
107813 102902
107811 102905
107805 102939
107788 102943
107771 102948
107766 102958
107750 102971
107747 102972
107745 102978
107734 102983
107731 102984
107727 103000
107718 103002
107714 103019
107689 103023
107688 103035
107683 103048
107666 103053
107661 103071
107641 103082
107638 103087
107631 103089
107627 103098
107625 103108
107621 103124
107589 103127
107588 103133
107584 103139
107577 103144
107576 103166
107553 103172
107547 103174
107545 103178
107543 103183
107540 103195
107539 103199
107519 103203
107515 103219
107510 103236
107487 103243
107481 103244
107477 103250
107476 103254
107474 103273
107446 103281
107445 103286
107439 103289
107434 103298
107433 103300
107430 103314
107421 103319
107400 103324
107399 103326
107392 103329
107384 103331
107383 103342
107382 103354
107371 103363
107368 103368
107364 103384
107354 103398
107336 103408
107325 103419
107311 103432
107297 103434
107295 103444
107294 103451
107288 103454
107287 103456
107272 103463
107267 103465
107266 103490
107251 103553
107216 103573
107208 103584
107176 103667
107168 103678
107118 103693
107086 103736
107079 103808
106981 103815
106978 103840
106971 103900
106960 103905
106921 103983
106874 103984
106842 103986
106828 103992
106810 104029
106809 104070
106763 104127
106713 104210
106641 104236
106620 104245
106588 104288
106580 104296
106562 104375
106530 104379
106498 104422
106453 104435
106448 104500
106380 104515
106348 104541
106330 104581
106316 104584
106298 104624
106258 104662
106201 104805
106094 104827
106066 104857
106015 104887
106000 104906
105972 104918
105950 104989
105942 105000
105924 105002
105881 105003
105862 105033
105849 105055
105841 105066
105824 105081
105809 105121
105801 105132
105766 105138
105764 105173
105733 105257
105619 105316
105587 105359
105558 105407
105550 105418
105487 105442
105437 105525
105405 105568
105341 105573
105331 105598
105299 105602
105270 105620
105262 105621
105236 105626
105230 105664
105215 105665
105203 105694
105186 105709
105160 105722
105158 105734
105157 105778
105090 105859
105013 105884
105000 105893
104976 105918
104969 105977
104856 106001
104844 106044
104823 106079
104794 106127
104762 106170
104659 106179
104653 106201
104636 106277
104577 106293
104567 106318
104508 106370
104466 106384
104431 106395
104426 106450
104385 106461
104342 106462
104326 106579
104253 106591
104244 106593
104191 106631
104180 106681
104074 106700
104071 106800
103993 106879
103930 106932
103790 106934
103786 106950
103771 106958
103769 106973
103739 106974
103737 106978
103736 106984
103735 106990
103719 107050
103679 107116
103589 107120
103586 107125
103582 107129
103578 107182
103555 107187
103514 107194
103511 107197
103499 107205
103489 107217
103484 107220
103472 107224
103470 107233
103464 107236
103455 107238
103453 107243
103445 107267
103426 107274
103413 107279
103411 107284
103409 107289
103406 107302
103402 107318
103362 107329
103356 107343
103342 107347
103338 107349
103328 107363
103327 107364
103322 107372
103320 107376
103313 107377
103300 107387
103297 107402
103282 107414
103268 107428
103262 107434
103258 107450
103250 107457
103234 107461
103224 107467
103222 107487
103184 107489
103179 107501
103176 107514
103169 107541
103140 107562
103126 107575
103085 107591
103081 107607
103057 107618
103047 107644
103033 107654
103028 107666
103021 107669
102997 107672
102995 107687
102973 107698
102968 107710
102945 107719
102944 107720
102941 107741
102924 107751
102916 107753
102902 107758
102900 107759
102899 107766
102896 107767
102884 107773
102882 107777
102870 107801
102860 107815
102835 107842
102810 107870
102788 107872
102780 107876
102779 107884
102758 107898
102754 107939
102713 107945
102684 107950
102683 107956
102676 107961
102672 107970
102664 107972
102662 107987
102648 107988
102644 108004
102636 108020
102625 108026
102611 108032
102608 108041
102591 108063
102576 108082
102555 108095
102526 108116
102512 108129
102498 108139
102476 108171
102474 108186
102433 108198
102414 108220
102410 108223
102388 108230
102378 108235
102362 108255
102356 108273
102345 108274
102333 108278
102325 108285
102315 108291
102310 108299
102297 108310
102292 108314
102286 108315
102278 108326
102268 108331
102258 108336
102254 108344
102242 108355
102236 108356
102234 108371
102228 108381
102218 108386
102196 108424
102194 108439
102172 108450
102135 108468
102109 108472
102105 108485
102099 108511
102076 108520
102055 108530
102054 108531
102029 108543
102025 108557
102022 108574
101997 108586
101981 108592
101977 108594
101963 108597
101956 108609
101953 108630
101938 108639
101916 108650
101890 108655
101886 108659
101879 108669
101877 108683
101859 108684
101855 108697
101848 108709
101847 108712
101845 108713
101836 108723
101831 108724
101828 108734
101804 108740
101802 108755
101780 108766
101774 108784
101764 108789
101737 108802
101733 108815
101720 108819
101707 108827
101701 108845
101690 108856
101678 108858
101657 108859
101654 108867
101652 108882
101646 108885
101633 108911
101620 108925
101588 108929
101578 108938
101570 108949
101556 108976
101551 108977
101523 108986
101516 108999
101500 109004
101487 109015
101479 109017
101473 109041
101468 109046
101443 109060
101441 109084
101439 109099
101382 109100
101377 109111
101374 109120
101364 109125
101351 109129
101340 109137
101313 109139
101312 109145
101310 109151
101309 109161
101308 109166
101302 109167
101300 109176
101295 109177
101290 109192
101278 109194
101276 109209
101265 109223
101241 109227
101228 109241
101220 109257
101210 109261
101190 109268
101188 109283
101183 109299
101153 109305
101124 109315
101119 109317
101115 109319
101108 109320
101102 109333
101096 109338
101087 109349
101076 109358
101064 109360
101062 109375
101050 109379
101049 109400
101044 109401
101030 109404
101028 109419
101009 109423
100985 109427
100982 109436
100972 109441
100964 109446
100959 109448
100955 109451
100950 109455
100943 109467
100933 109491
100923 109492
100921 109507
100886 109510
100884 109525
100860 109530
100859 109537
100854 109548
100831 109549
100828 109573
100806 109575
100803 109585
100801 109600
100785 109608
100783 109623
100751 109629
100715 109655
100713 109670
100684 109674
100682 109689
100677 109691
100675 109706
100665 109707
100644 109740
100601 109752
100572 109762
100567 109764
100557 109779
100541 109807
100536 109808
100527 109823
100477 109834
100464 109839
100462 109854
100457 109870
100435 109874
100426 109889
100424 109890
100414 109891
100395 109900
100393 109924
100391 109939
100325 109941
100323 109956
100313 109957
100306 109963
100301 109979
100292 109990
100290 110005
100285 110007
100280 110008
100244 110013
100220 110048
100206 110054
100184 110058
100179 110074
100156 110075
100135 110139
100050 110163
100048 110178
100034 110205
99949 110229
99947 110244
99928 110258
99877 110287
99841 110297
99778 110323
99769 110337
99724 110359
99659 110386
99609 110407
99596 110412
99557 110449
99540 110463
99344 110473
99311 110477
99309 110479
99307 110491
99276 110525
99232 110536
99215 110539
99202 110540
99201 110565
99200 110579
99181 110583
99165 110585
99162 110605
99138 110629
99113 110635
99105 110638
99093 110657
99086 110660
99074 110671
99049 110678
99037 110689
99030 110701
99025 110709
99006 110713
99005 110727
98994 110730
98970 110733
98957 110748
98956 110757
98952 110789
98904 110793
98899 110801
98891 110804
98887 110813
98882 110817
98872 110818
98865 110845
98860 110847
98830 110851
98823 110855
98805 110870
98801 110888
98796 110890
98789 110899
98762 110907
98750 110936
98746 110945
98713 110954
98693 110967
98683 110973
98675 110976
98659 110984
98651 111000
98614 111029
98609 111031
98606 111032
98599 111035
98587 111046
98572 111048
98556 111059
98540 111060
98539 111063
98538 111068
98515 111078
98513 111095
98508 111097
98507 111106
98499 111120
98476 111128
98453 111129
98446 111138
98438 111162
98417 111163
98405 111174
98403 111184
98398 111186
98385 111189
98381 111198
98374 111210
98348 111219
98337 111228
98336 111230
98325 111233
98312 111254
98270 111274
98260 111302
98259 111316
98211 111320
98196 111332
98186 111340
98155 111355
98133 111359
98130 111382
98123 111394
98100 111396
98095 111398
98083 111400
98069 111434
98029 111448
98001 111454
97982 111466
97980 111492
97960 111504
97922 111506
97891 111521
97887 111529
97858 111567
97821 111572
97786 111595
97785 111609
97713 111618
97697 111639
97662 111645
97649 111656
97624 111662
97618 111663
97599 111677
97564 111683
97560 111714
97525 111720
97480 111740
97442 111741
97407 111747
97382 111761
97347 111764
97309 111784
97283 111791
97259 111794
97114 111799
97096 111801
97090 111838
97063 111840
97046 111853
97028 111860
97014 111861
97011 111871
97001 111874
96998 111894
96989 111898
96961 111904
96958 111914
96956 111917
96949 111921
96940 111930
96929 111950
96915 111960
96903 111971
96876 111973
96873 111993
96833 111999
96832 112010
96831 112016
96814 112020
96793 112030
96788 112036
96784 112037
96777 112049
96772 112053
96758 112058
96733 112093
96697 112097
96690 112106
96689 112114
96661 112123
96652 112132
96644 112141
96632 112158
96602 112175
96588 112180
96562 112184
96550 112195
96543 112207
96533 112212
96531 112218
96512 112222
96499 112229
96493 112240
96490 112272
96429 112280
96412 112285
96406 112317
96362 112322
96357 112348
96345 112359
96331 112361
96300 112382
96276 112415
96197 112426
96192 112428
96186 112448
96175 112481
96086 112485
96078 112488
96073 112491
96070 112494
96064 112523
96039 112524
96006 112535
95967 112543
95959 112550
95950 112553
95937 112570
95936 112576
95925 112581
95914 112623
95897 112627
95836 112630
95806 112639
95791 112644
95786 112669
95783 112686
95690 112688
95685 112705
95672 112710
95655 112724
95639 112725
95627 112765
95526 112778
95514 112824
95381 112833
95346 112839
95302 112843
95162 112844
95147 112846
95132 112860
95115 112899
95061 112904
95059 112912
95048 112931
95039 112936
95007 112959
94974 112972
94965 112973
94947 113004
94919 113023
94873 113032
94864 113033
94854 113038
94850 113039
94843 113054
94818 113083
94784 113086
94760 113112
94720 113117
94716 113126
94709 113127
94708 113128
94707 113131
94695 113135
94687 113149
94659 113172
94638 113193
94621 113196
94614 113208
94585 113212
94574 113214
94566 113215
94551 113232
94537 113247
94520 113256
94519 113259
94516 113268
94488 113287
94462 113316
94418 113319
94387 113347
94360 113349
94349 113381
94278 113382
94272 113387
94248 113441
94220 113460
94151 113468
94111 113473
94089 113485
94083 113492
94076 113499
94049 113501
94029 113503
94014 113548
93952 113555
93930 113567
93903 113569
93843 113589
93810 113605
93713 113625
93697 113657
93592 113659
93410 113673
93389 113674
93363 113691
93343 113692
93330 113693
93328 113697
93320 113705
93309 113707
93308 113736
93286 113737
93272 113740
93268 113761
93247 113773
93225 113774
93198 113781
93196 113782
93182 113788
93171 113820
93166 113824
93149 113825
93139 113829
93124 113847
93097 113850
93084 113883
93041 113885
93031 113887
93026 113888
93020 113892
93019 113898
93018 113901
93007 113913
92996 113946
92933 113947
92917 113961
92906 113963
92870 113969
92865 113985
92839 113988
92833 113989
92826 114001
92817 114012
92805 114023
92776 114034
92764 114051
92719 114053
92710 114067
92693 114086
92675 114100
92663 114111
92618 114119
92582 114121
92529 114168
92517 114179
92460 114181
92440 114193
92415 114242
92270 114245
92229 114252
92216 114292
92140 114301
91917 114311
91820 114314
91768 114331
91761 114343
91740 114350
91728 114356
91710 114359
91696 114364
91680 114368
91663 114397
91607 114410
91594 114418
91589 114420
91577 114431
91570 114443
91549 114451
91512 114453
91507 114459
91502 114462
91497 114466
91492 114481
91461 114489
91450 114504
91416 114523
91396 114532
91360 114537
91340 114558
91329 114562
91309 114574
91291 114575
91290 114578
91270 114591
91249 114598
91235 114624
91176 114646
91148 114666
91098 114668
91092 114671
91086 114679
91038 114694
90991 114731
90967 114741
90937 114760
90879 114761
90859 114764
90803 114774
90780 114785
90720 114801
90676 114803
90675 114840
90541 114854
90533 114858
90246 114865
90244 114882
90220 114902
90175 114908
90154 114911
90147 114913
90128 114930
90101 114931
90100 114933
90096 114940
90095 114963
90074 114970
90053 114977
90004 115021
89939 115025
89903 115028
89902 115075
89829 115086
89773 115101
89742 115117
89724 115118
89675 115122
89672 115150
89640 115155
89607 115162
89576 115169
89560 115180
89536 115188
89528 115193
89497 115219
89410 115230
89356 115259
89298 115260
89222 115273
89189 115278
89166 115310
89061 115365
88722 115381
88713 115385
88659 115398
88649 115414
88611 115429
88584 115447
88544 115469
88487 115483
88443 115495
88416 115513
88412 115519
88411 115532
88340 115533
88332 115543
88311 115568
88258 115570
88248 115588
88230 115593
88208 115598
88199 115606
88149 115612
88103 115615
88098 115645
88026 115661
87985 115662
87967 115672
87937 115686
87857 115698
87840 115701
87809 115702
87805 115706
87804 115707
87760 115728
87735 115730
87653 115746
87603 115753
87494 115754
87489 115763
87329 115800
87271 115803
87249 115810
87236 115815
87229 115818
87207 115819
87202 115820
87201 115824
87197 115833
87169 115848
87166 115858
87124 115869
87090 115872
87088 115874
87067 115880
87061 115884
87057 115886
87052 115887
87044 115890
87035 115891
87019 115903
87013 115909
87006 115911
87005 115916
86983 115919
86979 115920
86978 115934
86956 115939
86940 115942
86913 115960
86851 115969
86848 115980
86846 115986
86808 116015
86767 116018
86746 116024
86717 116028
86696 116034
86693 116047
86686 116051
86644 116064
86589 116076
86535 116078
86533 116088
86515 116093
86509 116105
86466 116109
86403 116110
86385 116112
86378 116120
86372 116122
86354 116139
86230 116146
86200 116155
86190 116156
86008 116157
85921 116160
85919 116164
85882 116165
85875 116170
85874 116171
85870 116183
85869 116186
85864 116191
85847 116192
85841 116199
85819 116201
85814 116219
85772 116226
85760 116240
85719 116245
85714 116256
85704 116266
85667 116281
85649 116282
85646 116286
85614 116300
85604 116304
85600 116306
85584 116316
85549 116334
85541 116341
85478 116342
85476 116367
85413 116368
85409 116374
85398 116379
85376 116385
85370 116403
85343 116406
85326 116407
85290 116414
85281 116415
85260 116430
85226 116435
85214 116446
85184 116450
85182 116452
85161 116456
85158 116473
85125 116501
85046 116512
84992 116514
84961 116518
84922 116519
84892 116526
84676 116527
84646 116534
84509 116536
84493 116538
84485 116548
84465 116551
84462 116559
84443 116567
84441 116573
84437 116574
84406 116579
84395 116584
84377 116586
84366 116599
84360 116606
84338 116613
84315 116627
84298 116630
84286 116641
84257 116645
84253 116669
84193 116685
84154 116686
84149 116691
84147 116693
84132 116705
84094 116711
84072 116730
84020 116731
84019 116736
84016 116753
83964 116765
83939 116779
83931 116786
83901 116802
83838 116803
83783 116810
83760 116818
83757 116830
83750 116838
83715 116849
83662 116860
83650 116875
83534 116883
83526 116885
83490 116888
83411 116899
83088 116903
83083 116905
83069 116907
83058 116913
83057 116931
83013 116943
83004 116950
82995 116953
82974 116966
82953 116968
82928 116973
82925 116975
82911 116983
82905 116991
82875 116993
82865 116995
82858 116996
82855 117013
82822 117038
82792 117054
82729 117055
82722 117056
82690 117071
82687 117079
82666 117081
82634 117087
82612 117098
82606 117101
82604 117103
82581 117110
82562 117112
82556 117123
82551 117126
82526 117139
82498 117147
82433 117152
82384 117154
82377 117161
82345 117167
82342 117169
82338 117185
82287 117197
82242 117206
82200 117214
82165 117221
82127 117231
82026 117239
82004 117247
81705 117252
81691 117257
81680 117266
81663 117286
81626 117288
81596 117292
81584 117297
81577 117302
81572 117313
81542 117329
81536 117330
81497 117331
81481 117332
81479 117343
81459 117348
81447 117359
81429 117364
81402 117367
81395 117373
81389 117377
81372 117380
81358 117389
81349 117398
81336 117402
81289 117417
81258 117425
81228 117441
81180 117461
81160 117466
81115 117474
81102 117480
81070 117482
81051 117501
80942 117502
80913 117512
80903 117515
80853 117532
80831 117540
80419 117546
80412 117554
80371 117555
80353 117556
80352 117564
80342 117577
80316 117580
80310 117584
80303 117586
80277 117589
80271 117597
80260 117605
80248 117607
80234 117610
80229 117621
80202 117629
80197 117634
80179 117640
80174 117644
80148 117648
80146 117654
80124 117665
80122 117671
80093 117677
80090 117685
80068 117690
80035 117698
80030 117700
79990 117713
79943 117729
79891 117730
79885 117734
79883 117744
79845 117750
79833 117751
79805 117763
79790 117767
79786 117773
79772 117784
79767 117786
79754 117802
79716 117812
79596 117819
79469 117820
79111 117823
79102 117833
79092 117852
79036 117861
79024 117869
79009 117877
79007 117883
78983 117900
78923 117910
78900 117917
78884 117921
78878 117925
78848 117941
78824 117943
78791 117948
78772 117955
78759 117968
78737 117976
78720 117986
78689 117988
78660 117993
78657 117996
78647 118002
78644 118025
78581 118026
78550 118030
78509 118041
78493 118043
78479 118054
78450 118055
78430 118057
78416 118068
78377 118072
78338 118074
78322 118076
78308 118087
78179 118094
77847 118097
77828 118107
77814 118118
77769 118133
77718 118136
77679 118138
77677 118143
77666 118151
77663 118154
77652 118162
77644 118164
77612 118166
77607 118177
77602 118182
77589 118194
77557 118197
77551 118204
77545 118205
77533 118222
77511 118230
77446 118247
77432 118258
77387 118273
77299 118294
77216 118306
77175 118307
77077 118315
77063 118326
77018 118329
77004 118340
76571 118346
76508 118347
76491 118351
76473 118361
76445 118369
76439 118372
76424 118383
76400 118384
76394 118387
76386 118395
76380 118408
76335 118412
76321 118423
76276 118427
76268 118446
76225 118451
76221 118464
76199 118472
76117 118494
76082 118495
76056 118505
76038 118522
75993 118537
75979 118548
75960 118558
75769 118579
75175 118594
75161 118605
75155 118618
75092 118619
75086 118622
75072 118633
75063 118635
75013 118637
75012 118638
74999 118648
74998 118649
74950 118681
74887 118682
74882 118683
74852 118692
74831 118715
74805 118736
74026 118737
74001 118747
73987 118758
73966 118764
73936 118770
73914 118778
73911 118783
73898 118795
73859 118823
73845 118834
73777 118835
73761 118838
73703 118853
73654 118886
73649 118887
73586 118888
72844 118896
72815 118914
72752 118915
72747 118916
72745 118918
72740 118919
72735 118920
72728 118922
72722 118932
72705 118935
72651 118948
72629 118956
72608 118959
72600 118973
72512 118979
72449 118980
72438 119008
71673 119016
71666 119020
71613 119039
71579 119059
71531 119061
71518 119073
71438 119089
71422 119096
71409 119108
71288 119136
70392 119151
70331 119165
70274 119171
70222 119200
70133 119210
69174 119226
69116 119241
68177 119244
68110 119257
