500 2
118085
101 47 863
516 970 110
378 818 135
404 418 671
1 578 461
720 893 167
711 374 687
428 403 622
660 206 845
496 798 101
504 898 11
583 414 489
431 792 275
702 197 753
649 197 869
349 916 133
155 627 292
962 56 922
592 715 326
352 212 789
356 715 265
406 299 765
426 729 293
265 432 629
521 81 819
355 430 654
83 584 425
184 547 473
688 140 823
398 491 515
906 846 103
314 252 757
135 678 276
749 942 111
559 464 593
566 818 124
490 901 159
41 85 879
647 773 224
969 172 923
503 78 968
752 392 522
300 527 523
576 276 763
285 834 97
74 401 695
293 890 186
95 931 163
445 578 469
933 548 533
913 52 998
739 803 172
816 103 978
573 679 256
272 963 2
433 38 919
414 330 630
296 425 522
262 869 194
1 802 170
910 715 267
898 454 489
279 271 692
186 843 56
368 116 976
385 548 351
802 962 45
110 258 793
349 519 505
167 520 465
531 431 496
947 330 689
168 608 465
490 793 249
491 161 904
456 545 429
458 348 619
790 457 561
546 806 116
172 972 81
600 504 408
743 452 526
342 619 280
211 109 950
923 599 492
751 56 922
128 514 556
466 304 657
63 850 72
180 22 887
815 622 395
882 366 541
279 707 325
284 917 141
82 840 133
40 592 392
544 719 368
396 186 761
705 249 668
820 428 494
908 244 803
500 126 793
544 404 657
206 688 357
977 769 244
348 809 122
773 353 722
713 749 163
956 454 508
50 274 774
165 182 914
902 682 239
5 226 776
815 432 507
543 409 685
112 756 299
272 530 395
152 244 832
217 200 766
530 250 771
272 414 644
257 317 677
368 321 718
882 137 788
86 679 328
57 790 168
837 62 971
971 213 700
853 429 524
190 959 73
799 232 854
591 489 460
66 856 157
765 739 302
896 824 152
437 881 53
733 718 228
560 689 300
630 543 532
899 733 334
419 533 380
353 124 887
603 190 792
175 954 22
882 851 244
269 288 783
445 22 948
682 581 371
134 211 850
14 111 897
852 530 384
923 883 56
483 487 490
898 661 307
54 543 395
33 811 185
891 257 743
470 939 13
737 73 877
548 86 889
92 938 151
168 861 202
368 345 615
758 243 850
102 297 704
297 329 634
779 221 794
283 690 313
368 428 589
664 975 84
72 68 934
9 236 758
829 604 459
137 362 549
105 464 507
616 760 277
939 540 541
519 823 196
39 191 713
629 855 44
306 926 12
920 934 50
397 763 318
218 900 54
282 6 971
642 622 376
331 561 345
240 81 974
839 120 788
866 748 332
869 55 973
939 975 95
245 372 633
155 589 396
427 870 116
162 513 397
657 843 180
692 84 944
551 922 145
600 789 223
504 658 365
335 598 420
100 843 250
628 997 57
57 424 560
491 586 501
546 243 813
164 935 143
861 486 571
679 86 921
245 590 356
865 924 146
460 24 959
428 652 382
984 708 211
412 200 836
352 746 339
136 909 165
3 771 198
792 451 535
372 695 209
609 560 529
444 21 996
123 449 575
798 433 533
898 845 161
584 198 757
513 334 602
377 336 756
727 129 852
163 501 419
188 110 922
138 554 483
112 676 250
737 474 539
71 372 610
604 956 88
883 469 620
73 846 109
33 573 408
444 735 347
550 922 3
217 61 931
903 172 777
40 908 139
609 979 11
24 584 325
636 468 535
582 541 432
863 574 514
275 18 961
187 567 452
208 783 248
782 687 379
33 727 320
757 337 706
853 360 600
906 996 80
429 578 383
797 442 635
738 716 364
415 902 93
15 111 839
674 892 196
506 925 117
247 682 218
966 536 436
271 443 528
43 871 217
355 668 307
242 407 511
146 821 78
617 836 85
871 511 388
814 17 991
484 264 757
490 230 698
856 500 517
220 542 449
160 897 28
542 139 867
640 284 687
641 900 39
753 772 268
756 586 458
685 71 997
297 561 381
445 418 624
36 637 313
498 796 134
628 339 619
166 978 70
524 620 375
719 373 576
425 129 938
149 814 267
135 112 881
350 557 520
66 592 412
324 90 870
479 718 313
772 883 144
350 408 542
828 127 898
79 552 499
916 700 314
823 835 201
293 186 761
179 251 815
703 575 509
24 55 944
682 827 177
320 178 908
576 6 899
206 85 928
964 1 929
538 824 104
224 117 849
465 296 720
300 998 16
224 23 902
866 704 203
392 24 902
325 600 344
386 806 155
998 771 190
312 309 616
461 532 417
794 997 56
380 297 711
540 521 492
754 387 566
795 778 180
15 104 975
238 489 551
547 488 506
856 799 257
990 261 701
241 56 892
787 435 586
333 975 16
901 729 273
174 525 433
470 539 440
367 777 300
70 325 649
544 181 753
327 171 815
641 412 585
954 200 885
564 533 547
694 434 591
212 608 322
507 78 945
906 445 549
794 515 544
171 59 996
346 385 543
782 27 943
274 980 91
201 544 413
103 239 805
734 450 516
890 956 59
587 862 209
60 657 316
857 827 158
835 174 888
984 956 121
545 230 834
305 431 541
597 534 486
324 268 641
658 159 741
70 745 329
926 805 200
299 663 307
728 498 507
543 483 513
384 28 963
206 333 595
571 930 115
175 254 835
228 911 20
238 981 101
110 908 126
639 207 756
995 934 136
526 478 482
13 861 104
729 67 943
877 638 380
559 812 257
509 40 966
618 278 770
473 387 642
133 27 981
456 23 974
278 548 405
582 561 364
914 291 647
579 169 898
175 727 302
25 237 800
785 854 239
527 327 642
178 460 515
36 916 73
827 194 895
97 775 226
228 689 371
427 269 824
263 444 595
910 468 618
599 253 804
564 780 142
917 958 81
296 993 52
697 820 216
646 917 84
157 146 782
958 572 411
929 834 238
626 745 220
560 344 671
348 908 69
463 825 138
38 121 841
528 818 107
213 464 445
672 621 317
821 580 473
240 509 511
102 136 832
430 695 343
13 44 941
374 506 478
695 544 464
9 73 889
143 285 780
195 957 64
391 779 126
160 19 944
762 121 913
111 550 423
802 563 419
402 937 149
827 632 360
373 640 366
737 783 280
565 977 95
16 369 642
46 528 486
584 290 749
259 400 548
629 202 859
42 604 445
961 431 544
425 804 98
960 541 519
781 107 948
559 122 806
117 167 867
693 751 342
390 10 929
637 638 375
447 680 253
194 642 378
572 67 900
591 28 993
393 808 102
172 368 566
320 485 483
995 178 740
961 568 352
327 205 843
895 651 333
68 845 67
671 417 508
79 9 907
27 401 692
83 573 393
260 893 170
604 888 211
699 849 163
804 177 876
548 73 899
971 141 811
38 811 225
171 890 148
331 917 17
300 999 67
636 259 752
457 862 127
455 561 398
22 366 628
792 913 102
215 885 152
483 923 88
168 95 880
5803
208542 110194
208540 112191
208524 112307
208523 112384
208511 112424
208509 113181
208502 113256
208497 113430
208474 113476
208466 113565
208458 114299
208457 114320
208454 114341
208443 114429
208435 114509
208424 114597
208418 115210
208406 115221
208401 115480
208382 115596
208377 115616
208367 115645
208353 116351
208341 116362
208334 116502
208333 116657
208303 116671
208299 117363
208273 117458
208266 117679
208249 117699
208243 117705
208238 117758
208235 117807
208217 117862
208214 118520
208198 118620
208183 118648
208181 118664
208177 118725
208174 118753
208166 118810
208161 118837
208158 118856
208155 118887
208134 118992
208114 119004
208112 119612
208103 119728
208094 119759
208090 119783
208087 119861
208077 119866
208076 119891
208061 119930
208056 119953
208054 119982
208050 120004
208049 120052
208042 120061
208034 120701
208003 120829
208002 120876
207995 120930
207984 120999
207968 121091
207953 121126
207941 121156
207938 121187
207926 121221
207915 121787
207898 121942
207893 121976
207881 122002
207875 122006
207873 122061
207870 122139
207859 122191
207844 122226
207834 122266
207828 122352
207810 122396
207808 122959
207781 123024
207777 123082
207762 123164
207758 123178
207754 123185
207743 123230
207734 123236
207731 123243
207729 123246
207728 123260
207727 123286
207724 123297
207723 123302
207721 123311
207717 123388
207709 123441
207697 123458
207696 123463
207694 123493
207682 123510
207669 123528
207668 123530
207662 123535
207661 123583
207654 124080
207642 124192
207639 124199
207623 124261
207620 124346
207611 124352
207605 124389
207596 124397
207594 124504
207593 124507
207575 124508
207572 124519
207566 124586
207560 124613
207551 124638
207545 124680
207535 124729
207530 124732
207520 124781
207498 124796
207493 124801
207490 124839
207487 125291
207476 125381
207474 125430
207473 125432
207469 125435
207468 125438
207463 125573
207447 125591
207443 125602
207431 125714
207408 125724
207405 125809
207392 125815
207389 125850
207383 125859
207377 125867
207362 125934
207350 125946
207346 125952
207342 125956
207340 125960
207337 126353
207323 126494
207320 126551
207301 126570
207297 126610
207296 126617
207293 126712
207281 126723
207277 126835
207267 126876
207252 126928
207233 126947
207231 126951
207220 126994
207210 126999
207209 127112
207184 127115
207183 127136
207171 127586
207145 127681
207139 127751
207122 127802
207118 127862
207105 127924
207090 127937
207085 128026
207079 128068
207070 128078
207061 128095
207053 128115
207049 128153
207038 128154
207034 128166
207027 128202
207021 128288
206999 128675
206973 128788
206955 128803
206949 128873
206942 128900
206941 128936
206926 128975
206921 129000
206914 129018
206911 129063
206908 129104
206905 129165
206897 129218
206875 129267
206862 129273
206856 129295
206852 129326
206838 129360
206823 129368
206818 129373
206814 129395
206813 129455
206788 129485
206781 129486
206777 129488
206773 129491
206771 129500
206767 129515
206765 129814
206763 129848
206761 129881
206753 129944
206748 130004
206743 130020
206740 130147
206732 130158
206716 130181
206714 130183
206705 130268
206697 130280
206675 130301
206674 130321
206665 130362
206659 130372
206658 130373
206650 130385
206649 130402
206643 130412
206640 130459
206631 130547
206609 130595
206591 130641
206572 130642
206570 130688
206569 130690
206553 130721
206548 130888
206540 130951
206536 131018
206535 131183
206523 131216
206515 131279
206498 131297
206490 131328
206486 131365
206471 131407
206459 131424
206455 131450
206451 131487
206448 131499
206441 131504
206440 131562
206425 131614
206412 131620
206403 131655
206392 131669
206388 131707
206375 131713
206374 131715
206371 131739
206365 131756
206363 131802
206349 131831
206326 131849
206325 131851
206318 131856
206317 131862
206315 131878
206311 131906
206303 131951
206295 131977
206289 132280
206285 132347
206281 132371
206277 132410
206273 132434
206256 132467
206252 132504
206224 132514
206219 132671
206203 132674
206195 132722
206186 132750
206178 132770
206174 132807
206164 132819
206152 132856
206140 132893
206132 132905
206127 132906
206119 132963
206109 132990
206090 132999
206087 133001
206082 133060
206078 133072
206065 133113
206051 133116
206047 133153
206041 133159
206040 133163
206037 133196
206025 133202
206020 133229
206015 133245
206000 133252
205998 133272
205992 133341
205986 133444
205984 133532
205981 133533
205975 133568
205974 133573
205972 133663
205971 133721
205956 133742
205953 133776
205947 133786
205942 133801
205934 133834
205932 133838
205931 133849
205928 133906
205923 133912
205912 133946
205906 133955
205904 133957
205903 134001
205898 134044
205873 134063
205870 134092
205860 134119
205854 134141
205842 134204
205822 134224
205818 134225
205814 134237
205813 134260
205811 134301
205805 134323
205795 134366
205768 134380
205762 134382
205759 134389
205754 134433
205743 134438
205732 134478
205725 134483
205720 134491
205711 134548
205692 134549
205686 134555
205683 134558
205682 134655
205668 134895
205655 134976
205644 135002
205643 135060
205623 135086
205622 135144
205610 135174
205609 135175
205599 135193
205596 135196
205595 135233
205587 135296
205577 135314
205573 135326
205565 135363
205554 135402
205541 135414
205538 135485
205511 135501
205505 135523
205492 135529
205491 135567
205479 135603
205470 135637
205464 135655
205460 135664
205454 135673
205443 135700
205436 135715
205428 135752
205424 135755
205405 135783
205398 135784
205397 135804
205388 135806
205387 135819
205385 135829
205383 135836
205362 135842
205360 135868
205348 135922
205333 135930
205332 136119
205331 136177
205329 136273
205319 136332
205297 136346
205294 136444
205284 136462
205283 136501
205273 136526
205261 136556
205248 136565
205247 136600
205236 136634
205227 136689
205224 136695
205216 136707
205210 136726
205207 136750
205202 136789
205184 136795
205170 136838
205159 136866
205157 136873
205142 136908
205125 136915
205122 136938
205120 136941
205117 136945
205110 136947
205108 136962
205107 136967
205105 136969
205097 136973
205093 137011
205091 137012
205083 137026
205082 137032
205079 137096
205067 137106
205052 137110
205046 137119
205045 137125
205032 137142
205030 137183
205016 137186
205004 137200
205002 137207
204989 137381
204983 137501
204982 137559
204970 137569
204960 137610
204956 137613
204950 137669
204949 137679
204948 137685
204943 137709
204936 137754
204925 137780
204917 137795
204914 137858
204906 137912
204899 137952
204881 137958
204874 137962
204870 137987
204866 138012
204847 138055
204844 138072
204835 138129
204829 138131
204825 138144
204819 138152
204813 138154
204811 138173
204800 138194
204790 138223
204778 138233
204766 138250
204757 138270
204748 138276
204746 138318
204739 138324
204734 138328
204721 138368
204718 138372
204711 138397
204694 138406
204690 138411
204689 138417
204674 138425
204673 138449
204670 138451
204664 138466
204662 138478
204654 138487
204650 138511
204640 138526
204631 138550
204619 138552
204618 138569
204608 138860
204607 138918
204585 138969
204584 139051
204556 139150
204550 139159
204545 139189
204539 139194
204530 139197
204527 139204
204526 139210
204523 139237
204518 139255
204512 139259
204511 139269
204507 139284
204504 139309
204492 139319
204489 139359
204475 139396
204465 139412
204454 139446
204442 139456
204438 139457
204433 139459
204430 139464
204429 139472
204427 139562
204401 139571
204389 139572
204386 139586
204381 139604
204380 139616
204366 139622
204361 139638
204351 139650
204350 139659
204349 139672
204339 139685
204327 139696
204325 139704
204323 139708
204317 139733
204310 139756
204294 139760
204290 139772
204288 139779
204287 139796
204278 139797
204277 139812
204273 139849
204256 139854
204249 139860
204246 139898
204232 139914
204225 139950
204217 139957
204205 140375
204188 140394
204181 140434
204168 140468
204160 140493
204157 140503
204153 140533
204152 140559
204123 140586
204122 140588
204106 140617
204099 140657
204094 140690
204078 140707
204073 140733
204066 140789
204044 140804
204039 140811
204029 140882
204002 140931
203976 140938
203970 140970
203966 140977
203964 140984
203951 140987
203947 141001
203944 141050
203915 141076
203901 141094
203894 141110
203886 141117
203885 141147
203878 141153
203860 141197
203852 141202
203849 141212
203834 141221
203833 141230
203832 141245
203822 141268
203808 141279
203807 141291
203804 141303
203796 141310
203787 141315
203783 141354
203768 141359
203763 141368
203757 141373
203753 141385
203750 141671
203730 141727
203725 141741
203713 141755
203707 141766
203702 141800
203701 141802
203698 141838
203692 141839
203686 141977
203674 141991
203664 142020
203658 142076
203627 142113
203611 142175
203585 142194
203581 142205
203568 142213
203564 142237
203561 142253
203556 142283
203548 142287
203534 142298
203527 142306
203521 142308
203516 142337
203508 142351
203505 142358
203504 142364
203500 142367
203493 142407
203482 142427
203472 142454
203463 142460
203459 142475
203450 142479
203442 142481
203429 142525
203416 142536
203407 142550
203405 142556
203401 142570
203394 142571
203383 142585
203377 142601
203376 142623
203369 142649
203354 142672
203347 142712
203315 142727
203308 142741
203303 142747
203302 142753
203301 142758
203297 142761
203295 142762
203292 142778
203284 142782
203279 142785
203275 142786
203272 142798
203270 142841
203257 142846
203252 142861
203233 142875
203231 142880
203220 142890
203218 142891
203215 142904
203209 142924
203204 143191
203171 143268
203168 143301
203163 143315
203150 143327
203138 143341
203136 143399
203130 143423
203125 143445
203105 143476
203102 143522
203100 143582
203067 143613
203055 143615
203054 143630
203044 143632
203041 143637
203036 143649
203035 143657
203033 143664
203029 143693
203026 143729
203006 143741
203002 143760
202991 143764
202986 143786
202979 143787
202974 143808
202964 143815
202962 143817
202960 143836
202955 143859
202951 143863
202946 143893
202945 143899
202939 143907
202931 143934
202923 143962
202901 143985
202884 143991
202883 144019
202870 144040
202860 144064
202854 144084
202851 144097
202838 144118
202818 144133
202817 144136
202812 144157
202803 144164
202799 144178
202790 144185
202783 144192
202775 144203
202770 144212
202767 144240
202761 144247
202745 144256
202741 144262
202740 144265
202738 144296
202731 144297
202730 144305
202725 144317
202713 144333
202699 144345
202696 144347
202690 144360
202687 144366
202683 144368
202682 144380
202674 144389
202673 144390
202669 144405
202667 144429
202653 144434
202650 144459
202646 144474
202639 144479
202637 144482
202626 144500
202616 144504
202613 144509
202610 144513
202602 144520
202599 144534
202597 144536
202593 144650
202567 144656
202564 144880
202537 144892
202528 144951
202515 144952
202510 144959
202507 144999
202500 145041
202495 145086
202470 145092
202458 145110
202454 145133
202446 145142
202441 145165
202438 145205
202431 145247
202418 145268
202401 145298
202385 145310
202383 145325
202377 145348
202368 145354
202364 145369
202361 145396
202348 145417
202337 145429
202335 145431
202333 145442
202324 145450
202317 145459
202304 145490
202298 145524
202286 145547
202273 145568
202269 145574
202266 145610
202249 145640
202242 145641
202236 145661
202233 145663
202220 145684
202213 145689
202202 145695
202200 145710
202189 145739
202173 145743
202171 145752
202160 145764
202158 145772
202153 145774
202146 145778
202143 145794
202138 145802
202136 145837
202124 145851
202115 145872
202102 145895
202079 145901
202077 145907
202076 145921
202073 145935
202069 145943
202062 145968
202056 145973
202049 145989
202042 145994
202037 146007
202035 146018
202030 146028
202017 146060
201999 146067
201992 146090
201985 146104
201973 146105
201968 146120
201957 146135
201954 146141
201950 146175
201939 146186
201924 146187
201922 146196
201917 146227
201911 146332
201898 146442
201884 146469
201857 146545
201836 146547
201831 146586
201829 146588
201828 146591
201818 146607
201817 146613
201815 146615
201814 146618
201804 146634
201802 146660
201794 146664
201793 146706
201780 146727
201775 146738
201769 146745
201764 146752
201762 146759
201759 146786
201753 146809
201740 146830
201731 146832
201720 146887
201710 146888
201706 146940
201684 146944
201682 146968
201676 146991
201664 146998
201662 147038
201640 147042
201639 147084
201621 147116
201604 147120
201601 147125
201595 147204
201568 147229
201562 147230
201545 147253
201538 147305
201524 147312
201502 147329
201501 147346
201497 147376
201484 147384
201483 147390
201467 147397
201457 147415
201451 147431
201449 147446
201441 147455
201431 147474
201420 147477
201417 147488
201409 147500
201404 147514
201400 147526
201395 147527
201384 147546
201375 147554
201372 147565
201363 147570
201358 147592
201355 147595
201349 147610
201346 147616
201341 147622
201338 147625
201332 147630
201331 147636
201325 147646
201317 147663
201314 147666
201309 147683
201302 147686
201295 147697
201294 147718
201293 147748
201273 147753
201264 147755
201261 147761
201256 147765
201253 147802
201238 147815
201236 147819
201222 147846
201212 147855
201199 147881
201186 147883
201183 148047
201176 148089
201163 148110
201146 148140
201128 148158
201127 148164
201122 148190
201116 148191
201113 148196
201109 148211
201106 148238
201096 148254
201093 148259
201082 148266
201081 148301
201065 148394
201051 148421
201032 148450
201018 148477
201012 148507
200998 148560
200984 148587
200947 148599
200946 148606
200942 148656
200927 148681
200918 148689
200913 148695
200908 148710
200894 148737
200893 148745
200885 148757
200879 148772
200863 148775
200858 148801
200857 148830
200843 148844
200831 148846
200826 148847
200823 148859
200822 148866
200817 148868
200809 148886
200807 148890
200798 148911
200794 148949
200780 148963
200771 148970
200764 149001
200754 149003
200750 149028
200739 149030
200730 149050
200717 149054
200714 149058
200709 149082
200702 149085
200696 149104
200682 149131
200673 149141
200669 149164
200657 149168
200655 149191
200642 149203
200639 149221
200634 149228
200625 149235
200620 149255
200617 149266
200603 149293
200577 149316
200571 149325
200569 149347
200560 149354
200549 149358
200546 149381
200532 149402
200518 149409
200513 149411
200512 149418
200508 149425
200504 149436
200502 149445
200490 149450
200489 149472
200479 149498
200467 149502
200465 149525
200451 149526
200445 149530
200444 149543
200439 149559
200428 149563
200425 149586
200417 149617
200397 149622
200389 149634
200384 149639
200381 149659
200372 149672
200365 149805
200352 149826
200349 149834
200348 149882
200335 149903
200322 149919
200317 149928
200307 149954
200305 149983
200303 150005
200289 150019
200288 150060
200269 150103
200252 150112
200244 150117
200240 150121
200238 150123
200237 150144
200233 150145
200231 150167
200228 150174
200212 150204
200211 150207
200210 150227
200190 150243
200183 150260
200181 150282
200178 150298
200164 150320
200150 150334
200145 150363
200131 150377
200116 150381
200114 150383
200113 150404
200107 150427
200106 150434
200093 150441
200090 150448
200087 150450
200079 150474
200077 150476
200074 150478
200066 150488
200065 150501
200059 150506
200057 150542
200043 150556
200039 150560
200037 150571
200023 150611
200014 150612
200006 150649
199989 150655
199974 150677
199973 150689
199964 150691
199960 150692
199954 150711
199952 150727
199938 150741
199935 150744
199922 150748
199919 150762
199918 150777
199916 150799
199915 150820
199901 150834
199885 150841
199882 150860
199878 150862
199870 150863
199868 150881
199861 150888
199850 150897
199847 150899
199844 150912
199841 150914
199831 150919
199828 150942
199820 150973
199806 151000
199801 151002
199787 151013
199784 151015
199780 151020
199775 151040
199770 151042
199764 151069
199752 151072
199749 151104
199733 151106
199728 151111
199722 151120
199717 151136
199715 151158
199703 151163
199701 151185
199675 151212
199670 151225
199662 151236
199661 151239
199656 151240
199644 151256
199640 151260
199630 151279
199620 151290
199616 151294
199610 151295
199607 151297
199606 151317
199594 151320
199590 151322
199585 151335
199582 151343
199577 151362
199569 151369
199565 151381
199561 151383
199556 151421
199537 151423
199535 151445
199522 151451
199520 151463
199513 151465
199511 151468
199504 151473
199502 151479
199498 151500
199486 151502
199477 151507
199475 151510
199473 151527
199468 151532
199464 151554
199456 151565
199450 151581
199445 151619
199441 151669
199439 151726
199438 151774
199437 151797
199415 151839
199397 151875
199393 151894
199389 151902
199377 151917
199374 151937
199372 151959
199370 151968
199356 151988
199336 152004
199335 152052
199319 152066
199300 152097
199291 152099
199287 152101
199286 152116
199279 152132
199273 152135
199270 152145
199269 152154
199265 152172
199264 152187
199250 152197
199249 152209
199248 152219
199234 152233
199232 152248
199218 152262
199212 152264
199211 152312
199197 152326
199172 152340
199171 152359
199163 152361
199162 152376
199151 152389
199148 152390
199147 152399
199146 152405
199145 152417
199132 152419
199127 152433
199126 152448
199117 152455
199114 152461
199112 152468
199111 152483
199103 152502
199083 152505
199076 152515
199072 152529
199066 152531
199061 152534
199059 152545
199055 152553
199054 152561
199048 152584
199041 152594
199034 152598
199033 152620
199021 152639
199010 152653
199009 152673
198988 152691
198973 152692
198972 152720
198968 152722
198960 152726
198958 152727
198955 152731
198951 152734
198949 152740
198948 152745
198943 152754
198930 152783
198928 152805
198925 152807
198912 152834
198908 152835
198888 152859
198880 152874
198874 152888
198869 152903
198849 152908
198848 152913
198843 152923
198831 152937
198828 152940
198823 152941
198821 152949
198820 152964
198807 152982
198805 152994
198797 153005
198790 153014
198789 153029
198766 153030
198765 153044
198762 153045
198761 153054
198758 153069
198747 153089
198745 153094
198735 153097
198734 153112
198721 153116
198718 153135
198710 153144
198709 153146
198708 153161
198693 153169
198689 153174
198685 153180
198677 153201
198674 153203
198672 153204
198670 153215
198662 153240
198661 153255
198646 153263
198627 153266
198623 153284
198620 153294
198618 153299
198616 153302
198609 153308
198600 153318
198597 153320
198595 153322
198594 153343
198583 153347
198580 153348
198578 153350
198575 153365
198563 153369
198562 153372
198558 153380
198556 153394
198547 153400
198545 153409
198544 153421
198538 153425
198528 153429
198521 153437
198519 153449
198510 153450
198507 153456
198505 153459
198501 153461
198500 153462
198499 153471
198496 153485
198488 153601
198487 153616
198475 153641
198470 153658
198465 153666
198464 153681
198463 153755
198431 153793
198423 153812
198402 153819
198401 153893
198400 153908
198353 153981
198352 153996
198324 154008
198318 154045
198315 154089
198277 154098
198269 154115
198262 154117
198261 154139
198260 154154
198246 154168
198238 154204
198222 154212
198217 154244
198216 154259
198200 154266
198187 154271
198180 154280
198179 154295
198175 154296
198169 154300
198165 154308
198161 154310
198159 154319
198155 154343
198141 154353
198139 154372
198138 154377
198132 154384
198118 154398
198117 154401
198115 154412
198111 154418
198103 154420
198102 154427
198095 154445
198086 154452
198082 154462
198078 154490
198074 154498
198061 154509
198060 154526
198052 154534
198049 154545
198041 154552
198035 154565
198027 154566
198023 154573
198021 154576
198020 154579
198019 154594
198017 154601
198004 154614
198001 154630
197994 154639
197985 154640
197983 154642
197981 154648
197979 154658
197971 154668
197957 154677
197956 154702
197944 154730
197942 154731
197935 154738
197928 154743
197927 154758
197918 154769
197917 154784
197904 154803
197885 154809
197883 154810
197882 154816
197877 154838
197872 154842
197871 154857
197859 154867
197856 154874
197850 154875
197841 154902
197831 154928
197830 154943
197811 154952
197810 154967
197791 154974
197790 154989
197769 155000
197767 155003
197758 155005
197753 155010
197751 155024
197750 155039
197743 155043
197736 155054
197730 155066
197728 155072
197723 155078
197711 155082
197710 155090
197709 155092
197708 155094
197705 155113
197695 155126
197691 155127
197685 155130
197684 155134
197681 155137
197677 155139
197676 155154
197669 155184
197655 155186
197651 155219
197637 155222
197630 155234
197614 155244
197611 155266
197605 155270
197593 155276
197591 155283
197590 155298
197581 155300
197576 155319
197573 155326
197567 155335
197564 155342
197550 155363
197541 155371
197530 155377
197529 155384
197520 155399
197507 155402
197504 155414
197500 155423
197495 155433
197489 155434
197485 155442
197481 155445
197480 155447
197479 155462
197475 155467
197468 155472
197464 155473
197459 155486
197458 155529
197457 155544
197451 155592
197437 155606
197417 155723
197389 155758
197374 155761
197371 155762
197368 155818
197367 155833
197351 155840
197343 155855
197337 155882
197325 155892
197311 155917
197308 155937
197294 155951
197285 155963
197282 155975
197274 155978
197273 155995
197271 156015
197265 156018
197260 156025
197255 156044
197248 156047
197232 156070
197229 156090
197223 156118
197209 156132
197199 156135
197191 156175
197178 156197
197170 156211
197155 156242
197147 156252
197142 156269
197130 156276
197124 156307
197108 156319
197102 156320
197101 156341
197100 156356
197093 156358
197091 156364
197085 156392
197064 156393
197060 156410
197053 156423
197050 156424
197048 156447
197044 156466
197033 156469
197023 156484
197012 156490
197008 156492
197007 156496
197004 156510
197003 156514
196994 156557
196979 156563
196971 156570
196963 156577
196960 156580
196957 156619
196930 156630
196924 156646
196913 156649
196911 156651
196904 156657
196898 156658
196897 156668
196895 156680
196891 156729
196880 156770
196860 156794
196834 156821
196808 156832
196806 156833
196804 156882
196777 156897
196773 156905
196759 156919
196753 156929
196748 156932
196745 156953
196735 156957
196734 156972
196722 156980
196719 157011
196697 157017
196694 157026
196683 157031
196681 157032
196680 157061
196672 157070
196656 157079
196655 157095
196643 157123
196640 157125
196614 157169
196597 157176
196592 157202
196589 157230
196557 157234
196553 157266
196545 157270
196533 157280
196526 157282
196525 157284
196516 157292
196511 157301
196506 157320
196494 157349
196480 157354
196479 157366
196473 157367
196469 157382
196468 157407
196436 157410
196433 157419
196430 157428
196429 157457
196408 157462
196399 157465
196398 157484
196392 157519
196358 157534
196354 157540
196347 157542
196346 157548
196345 157551
196338 157555
196335 157569
196328 157601
196323 157605
196308 157606
196306 157607
196305 157625
196285 157642
196282 157654
196281 157719
196243 157740
196241 157808
196217 157809
196203 157892
196198 157897
196176 157956
196168 158031
196115 158041
196112 158044
196108 158117
196083 158151
196070 158158
196060 158167
196052 158216
196029 158238
196015 158271
196004 158296
195997 158324
195992 158331
195964 158358
195962 158410
195928 158433
195911 158467
195899 158472
195897 158483
195891 158488
195886 158515
195873 158526
195868 158553
195855 158569
195842 158591
195830 158603
195827 158613
195815 158623
195810 158644
195802 158647
195798 158668
195790 158674
195778 158680
195776 158685
195769 158742
195753 158750
195744 158776
195717 158819
195712 158841
195692 158853
195662 158863
195661 158869
195659 158911
195653 158912
195646 158935
195634 158945
195622 158966
195597 159000
195582 159022
195578 159026
195566 159065
195545 159083
195533 159088
195531 159093
195526 159103
195519 159104
195518 159138
195501 159173
195472 159174
195457 159189
195456 159190
195450 159193
195448 159207
195444 159217
195438 159224
195433 159229
195431 159255
195417 159267
195412 159273
195408 159307
195399 159325
195384 159337
195371 159362
195347 159402
195333 159408
195323 159414
195313 159415
195311 159451
195278 159485
195255 159501
195243 159516
195239 159518
195238 159549
195223 159560
195212 159561
195209 159585
195191 159593
195190 159605
195184 159609
195182 159611
195166 159663
195137 159676
195130 159683
195127 159723
195114 159740
195090 159752
195074 159755
195065 159761
195062 159777
195058 159790
195047 159800
195045 159828
195021 159858
195004 159867
194996 159886
194983 159887
194972 159915
194960 159920
194949 159949
194937 159969
194920 159974
194918 159991
194901 159996
194896 160004
194888 160006
194887 160018
194867 160046
194861 160047
194858 160054
194856 160087
194840 160090
194835 160102
194822 160110
194809 160111
194800 160120
194791 160147
194786 160159
194781 160169
194765 160194
194745 160204
194734 160236
194718 160280
194715 160286
194688 160293
194686 160318
194680 160323
194679 160328
194676 160396
194658 160399
194637 160442
194631 160472
194625 160518
194598 160548
194593 160556
194590 160575
194575 160609
194545 160638
194544 160647
194537 160655
194525 160676
194516 160695
194512 160704
194509 160742
194489 160842
194438 160851
194425 160856
194422 160920
194395 160962
194367 160963
194366 160970
194359 161011
194354 161022
194351 161036
194336 161072
194308 161074
194305 161077
194303 161078
194296 161087
194292 161089
194286 161101
194280 161122
194274 161123
194268 161131
194265 161137
194264 161147
194259 161155
194253 161156
194251 161157
194247 161179
194244 161215
194228 161218
194217 161221
194216 161240
194212 161242
194211 161249
194204 161269
194195 161272
194177 161275
194168 161304
194162 161306
194161 161326
194153 161351
194143 161358
194131 161368
194121 161376
194118 161419
194082 161425
194079 161445
194064 161447
194063 161449
194055 161457
194054 161472
194043 161478
194039 161492
194036 161504
194023 161520
194008 161551
193995 161561
193984 161581
193983 161608
193957 161636
193935 161638
193934 161665
193918 161668
193908 161693
193896 161694
193892 161696
193883 161704
193880 161717
193875 161727
193866 161735
193862 161737
193853 161752
193847 161763
193839 161801
193826 161811
193810 161814
193809 161842
193796 161859
193780 161876
193764 161879
193757 161880
193752 161887
193744 161902
193741 161904
193738 161916
193731 161920
193720 161922
193719 161923
193718 161930
193714 161933
193711 161945
193703 161952
193698 161955
193695 161959
193692 161961
193686 161986
193675 162019
193670 162020
193662 162029
193642 162070
193632 162077
193613 162078
193610 162079
193603 162091
193600 162094
193594 162126
193583 162134
193581 162143
193564 162144
193559 162194
193537 162213
193524 162223
193504 162224
193502 162237
193488 162270
193475 162280
193464 162295
193449 162296
193446 162299
193437 162301
193436 162309
193427 162340
193415 162352
193409 162360
193406 162361
193396 162370
193393 162371
193389 162380
193385 162394
193378 162397
193368 162418
193352 162421
193350 162435
193342 162447
193333 162471
193309 162480
193302 162486
193300 162505
193279 162515
193273 162554
193260 162564
193255 162571
193245 162578
193242 162581
193232 162588
193220 162605
193205 162611
193196 162635
193183 162645
193179 162654
193172 162658
193163 162681
193150 162691
193144 162693
193142 162695
193139 162703
193132 162722
193120 162739
193099 162754
193092 162770
193088 162781
193073 162793
193060 162803
193056 162807
193050 162813
193047 162831
193034 162841
193019 162855
193014 162865
193001 162875
192993 162882
192987 162894
192985 162896
192976 162916
192972 162918
192963 162926
192948 162928
192946 162934
192944 162939
192939 163003
192906 163006
192897 163024
192884 163034
192883 163050
192876 163053
192870 163074
192857 163084
192853 163093
192852 163112
192843 163116
192841 163128
192838 163133
192836 163155
192832 163188
192819 163198
192810 163205
192807 163296
192794 163306
192747 163346
192745 163367
192724 163382
192716 163436
192700 163439
192699 163442
192687 163449
192686 163463
192673 163473
192667 163474
192664 163479
192654 163484
192653 163492
192647 163523
192644 163535
192633 163575
192620 163585
192604 163589
192591 163599
192590 163656
192576 163665
192566 163666
192563 163675
192553 163676
192548 163678
192546 163679
192545 163683
192535 163689
192526 163713
192525 163739
192511 163763
192488 163773
192486 163774
192483 163787
192477 163793
192463 163800
192460 163811
192457 163841
192439 163905
192426 163915
192419 163918
192385 163922
192375 163928
192373 163931
192372 163935
192368 163936
192366 163951
192355 163975
192351 164013
192349 164014
192328 164029
192323 164039
192310 164049
192296 164058
192295 164063
192289 164064
192286 164072
192282 164073
192275 164076
192273 164082
192266 164085
192263 164090
192261 164091
192258 164099
192257 164119
192247 164143
192223 164173
192220 164175
192210 164183
192209 164192
192206 164197
192187 164209
192178 164218
192173 164231
192153 164242
192147 164250
192140 164275
192136 164297
192119 164318
192104 164332
192091 164342
192080 164347
192077 164351
192067 164357
192061 164375
192049 164383
192048 164385
192047 164399
192042 164403
192034 164409
192031 164411
192028 164426
192017 164435
192014 164458
192005 164459
191995 164460
191994 164477
191991 164481
191973 164520
191953 164521
191952 164538
191939 164545
191931 164563
191918 164573
191903 164576
191897 164581
191894 164593
191883 164605
191879 164607
191878 164611
191870 164615
191866 164617
191863 164618
191862 164619
191861 164625
191855 164636
191853 164659
191844 164694
191827 164695
191823 164709
191813 164710
191799 164742
191785 164766
191761 164773
191748 164774
191742 164783
191737 164793
191727 164817
191715 164831
191702 164841
191692 164846
191691 164861
191680 164900
191659 164904
191647 164910
191638 164922
191632 164933
191628 164962
191619 164963
191607 164977
191605 164985
191574 164990
191572 165005
191569 165034
191545 165067
191532 165077
191517 165080
191509 165093
191499 165094
191497 165105
191483 165115
191480 165120
191476 165123
191475 165129
191464 165139
191461 165153
191459 165161
191448 165171
191438 165177
191431 165178
191425 165184
191419 165187
191416 165201
191401 165215
191392 165226
191384 165233
191379 165236
191378 165248
191370 165252
191368 165253
191365 165258
191356 165270
191351 165280
191347 165294
191337 165295
191328 165304
191323 165306
191321 165317
191311 165318
191306 165328
191304 165329
191302 165335
191299 165340
191293 165361
191282 165389
191249 165408
191246 165437
191226 165439
191223 165450
191203 165464
191192 165476
191178 165498
191166 165504
191162 165513
191159 165518
191147 165527
191140 165538
191136 165564
191115 165581
191089 165593
191084 165608
191070 165617
191067 165622
191063 165624
191061 165651
191055 165652
191042 165662
191037 165663
191023 165667
191020 165668
191017 165673
191016 165677
191013 165681
191009 165694
191007 165700
191004 165705
190988 165719
190983 165723
190976 165726
190971 165739
190968 165742
190964 165743
190962 165748
190954 165753
190953 165756
190947 165798
190926 165803
190914 165804
190908 165818
190902 165819
190894 165836
190878 165857
190862 165867
190859 165870
190856 165875
190845 165902
190827 165908
190821 165940
190812 165956
190798 165965
190794 165986
190792 166012
190768 166027
190764 166047
190763 166082
190733 166087
190725 166148
190722 166161
190707 166178
190684 166180
190675 166196
190667 166232
190655 166252
190652 166272
190646 166279
190608 166280
190604 166327
190588 166388
190569 166412
190537 166414
190515 166422
190513 166444
190508 166449
190502 166496
190468 166526
190453 166532
190444 166558
190429 166582
190426 166595
190420 166599
190407 166613
190386 166616
190382 166641
190377 166651
190374 166676
190359 166679
190357 166680
190352 166707
190349 166715
190343 166734
190304 166773
190302 166774
190295 166797
190274 166801
190259 166806
190256 166831
190240 166891
190203 166894
190194 166907
190189 166917
190175 166918
190167 166925
190164 166940
190158 166944
190157 166945
190144 166963
190142 166974
190133 166983
190132 167010
190125 167033
190104 167037
190087 167058
190059 167085
190043 167086
190040 167099
190031 167108
190021 167119
190002 167126
189998 167134
189997 167161
189994 167174
189981 167181
189979 167191
189972 167200
189954 167203
189951 167204
189948 167208
189941 167213
189940 167243
189927 167258
189916 167278
189909 167301
189888 167305
189859 167307
189857 167310
189853 167345
189834 167348
189828 167358
189826 167359
189821 167369
189819 167382
189818 167394
189811 167417
189787 167420
189786 167429
189778 167444
189764 167476
189725 167479
189724 167487
189722 167488
189710 167489
189702 167491
189700 167518
189694 167526
189685 167544
189683 167545
189680 167558
189658 167584
189634 167592
189632 167602
189627 167610
189625 167611
189620 167619
189613 167642
189611 167643
189602 167662
189595 167685
189555 167693
189550 167701
189539 167705
189536 167732
189508 167755
189506 167756
189482 167785
189473 167804
189469 167812
189467 167813
189464 167828
189443 167834
189442 167852
189409 167862
189407 167870
189405 167875
189393 167876
189386 167902
189371 167928
189363 167930
189342 167933
189338 167955
189334 167969
189320 167971
189312 167980
189311 167995
189296 168014
189275 168017
189266 168053
189237 168059
189235 168063
189232 168066
189231 168088
189225 168089
189223 168090
189222 168112
189199 168135
189189 168143
189182 168152
189168 168184
189155 168196
189113 168203
189106 168209
189103 168218
189101 168221
189099 168224
189098 168234
189091 168255
189079 168260
189074 168269
189057 168270
189050 168279
189046 168288
189039 168326
189024 168339
189003 168344
188996 168365
188987 168378
188967 168385
188954 168398
188948 168403
188945 168416
188939 168420
188926 168427
188919 168447
188914 168460
188897 168461
188895 168464
188893 168484
188886 168493
188878 168500
188876 168501
188868 168536
188834 168537
188830 168543
188829 168547
188823 168594
188781 168606
188773 168612
188766 168615
188759 168624
188755 168628
188743 168634
188740 168638
188734 168643
188730 168660
188729 168661
188726 168662
188725 168667
188719 168680
188714 168690
188698 168693
188695 168696
188690 168707
188686 168716
188676 168719
188670 168761
188652 168764
188639 168771
188620 168779
188617 168801
188614 168811
188607 168820
188585 168831
188577 168833
188566 168853
188555 168859
188549 168863
188544 168864
188542 168891
188535 168894
188520 168898
188517 168901
188513 168929
188499 168931
188493 168933
188486 168942
188483 168952
188475 168955
188460 168970
188456 168974
188453 168982
188437 168994
188427 168998
188425 169008
188409 169021
188408 169039
188393 169044
188389 169058
188384 169060
188378 169062
188376 169069
188357 169073
188356 169075
188351 169083
188348 169090
188346 169096
188342 169116
188330 169119
188326 169128
188323 169155
188301 169169
188279 169180
188256 169188
188255 169189
188253 169203
188249 169208
188246 169213
188242 169222
188230 169227
188225 169229
188220 169233
188214 169235
188207 169242
188198 169246
188197 169253
188195 169257
188188 169260
188182 169307
188170 169323
188144 169332
188142 169336
188137 169346
188114 169360
188101 169376
188093 169380
188082 169390
188078 169393
188066 169396
188065 169397
188056 169400
188055 169406
188054 169409
188048 169424
188045 169428
188044 169431
188038 169452
188026 169464
188025 169475
188011 169477
188010 169479
187999 169480
187996 169485
187988 169490
187978 169499
187973 169502
187971 169506
187970 169514
187968 169520
187963 169522
187960 169532
187942 169546
187933 169563
187914 169581
187908 169584
187903 169585
187901 169604
187896 169606
187889 169607
187884 169630
187872 169642
187853 169644
187852 169646
187842 169665
187837 169668
187819 169675
187816 169692
187809 169699
187804 169704
187796 169718
187777 169721
187774 169739
187765 169749
187755 169751
187747 169752
187746 169760
187743 169773
187737 169775
187730 169776
187727 169782
187724 169786
187714 169807
187703 169827
187693 169829
187691 169833
187682 169869
187670 169872
187653 169961
187563 169996
187557 170019
187528 170057
187525 170063
187517 170073
187455 170087
187448 170132
187443 170133
187423 170139
187417 170146
187407 170200
187397 170216
187375 170222
187368 170269
187350 170287
187341 170311
187319 170325
187297 170327
187295 170365
187286 170379
187266 170418
187209 170448
187187 170462
187186 170551
187113 170585
187096 170604
187076 170633
187067 170657
187028 170662
187021 170711
187012 170725
186983 170742
186970 170746
186948 170760
186935 170794
186910 170799
186906 170811
186897 170840
186890 170879
186868 170893
186817 170913
186812 170928
186781 170946
186770 170954
186762 170981
186740 170995
186720 170999
186704 171015
186699 171073
186670 171126
186625 171131
186610 171139
186599 171146
186588 171153
186585 171180
186581 171192
186570 171199
186542 171228
186512 171237
186510 171238
186507 171239
186504 171254
186503 171261
186496 171300
186475 171307
186448 171316
186437 171332
186422 171364
186419 171369
186400 171374
186381 171415
186380 171424
186374 171454
186352 171468
186326 171483
186297 171536
186252 171541
186249 171552
186246 171556
186233 171565
186224 171570
186220 171605
186175 171610
186172 171625
186156 171634
186151 171646
186141 171660
186119 171674
186112 171713
186083 171721
186074 171724
186069 171755
186054 171774
186023 171784
186017 171796
185988 171829
185977 171843
185959 171882
185954 171885
185921 171907
185911 171911
185906 171939
185870 171942
185869 171951
185866 171975
185854 171983
185831 171984
185826 171987
185815 172010
185806 172012
185803 172017
185793 172024
185789 172044
185786 172048
185765 172063
185758 172102
185736 172116
185709 172117
185705 172126
185688 172132
185681 172171
185666 172184
185659 172185
185644 172194
185633 172200
185625 172235
185624 172244
185615 172247
185604 172253
185596 172288
185570 172303
185548 172317
185541 172356
185496 172361
185493 172372
185471 172386
185468 172390
185464 172425
185419 172430
185412 172440
185395 172466
185376 172472
185372 172477
185350 172491
185347 172495
185343 172530
185338 172533
185320 172536
185305 172555
185298 172594
185266 172599
185265 172604
185261 172616
185229 172622
185228 172624
185221 172663
185188 172673
185180 172702
185155 172731
185150 172759
185105 172764
185103 172771
185078 172800
185068 172811
185058 172824
185051 172851
185022 172861
185009 172883
184999 172895
184987 172897
184980 172936
184932 172952
184922 172964
184912 172969
184903 173005
184877 173020
184855 173034
184848 173073
184805 173084
184779 173114
184749 173130
184735 173139
184728 173153
184721 173162
184704 173184
184673 173189
184672 173199
184661 173222
184644 173231
184627 173253
184613 173270
184603 173275
184597 173277
184594 173311
184572 173321
184562 173322
184553 173325
184549 173331
184536 173339
184534 173407
184487 173419
184478 173422
184462 173448
184457 173476
184399 173483
184393 173489
184387 173496
184371 173515
184366 173531
184358 173568
184329 173578
184310 173595
184273 173628
184246 173641
184244 173664
184210 173689
184194 173696
184178 173732
184167 173733
184157 173746
184119 173787
184112 173801
184079 173803
184076 173804
184058 173810
184056 173847
184006 173848
183996 173854
183994 173856
183987 173857
183985 173870
183983 173885
183981 173886
183980 173906
183968 173939
183932 173944
183913 173956
183911 173979
183898 173983
183893 173998
183867 174009
183862 174019
183860 174042
183829 174044
183824 174079
183752 174080
183749 174095
183744 174127
183742 174150
183708 174177
183706 174200
183671 174214
183632 174223
183630 174259
183617 174312
183615 174335
183534 174336
183513 174349
183507 174355
183505 174378
183487 174405
183474 174417
183458 174424
183422 174432
183416 174490
183355 174501
183339 174512
183333 174514
183331 174522
183306 174526
183301 174541
183300 174561
183282 174576
183271 174584
183237 174597
183223 174612
183211 174614
183195 174621
183188 174627
183180 174649
183162 174664
183157 174681
183137 174703
183127 174724
183126 174747
183077 174748
183072 174785
183018 174804
183009 174820
183003 174829
182978 174840
182950 174914
182921 174937
182859 174969
182816 174988
182809 174996
182794 174998
182792 175015
182789 175033
182777 175077
182749 175092
182720 175115
182676 175119
182668 175142
182645 175173
182604 175186
182588 175211
182542 175218
182527 175239
182524 175242
182518 175255
182512 175264
182495 175266
182472 175282
182460 175326
182444 175351
182374 175374
182368 175404
182351 175406
182342 175422
182336 175431
182291 175486
182236 175514
182198 175541
182192 175571
182127 175600
182082 175614
182065 175653
182037 175660
182031 175690
181993 175717
181965 175736
181933 175749
181913 175756
181904 175772
181893 175800
181833 175832
181788 175843
181766 175882
181760 175912
181714 175939
181676 175966
181667 175967
181644 175983
181600 175992
181596 176005
181587 176021
181558 176031
181553 176034
181552 176075
181493 176077
181479 176092
181472 176096
181459 176097
181457 176110
181449 176131
181443 176161
181420 176171
181405 176180
181382 176198
181363 176205
181353 176221
181327 176222
181326 176226
181321 176228
181314 176234
181313 176250
181306 176253
181296 176254
181290 176281
181282 176283
181274 176285
181260 176306
181254 176312
181227 176316
181222 176324
181219 176349
181186 176355
181184 176356
181171 176359
181168 176383
181158 176398
181143 176406
181127 176410
181125 176412
181120 176416
181109 176424
181107 176437
181088 176442
181075 176454
181069 176455
181066 176457
181062 176468
181053 176476
181048 176485
181042 176495
181025 176496
181022 176503
181018 176509
181011 176523
180999 176526
180996 176529
180987 176533
180981 176534
180978 176537
180976 176545
180970 176556
180953 176562
180950 176565
180949 176575
180944 176578
180943 176582
180931 176588
180920 176593
180914 176598
180910 176612
180900 176634
180880 176642
180873 176643
180872 176646
180867 176658
180864 176662
180851 176671
180830 176678
180829 176679
180825 176697
180805 176699
180804 176703
180794 176715
180785 176720
180782 176727
180780 176728
180778 176732
180771 176733
180768 176751
180766 176752
180756 176759
180742 176766
180737 176767
180728 176770
180727 176772
180722 176795
180709 176810
180684 176813
180678 176822
180673 176823
180667 176826
180666 176828
180664 176838
180652 176839
180647 176841
180646 176854
180643 176859
180641 176860
180638 176867
180621 176880
180611 176885
180605 176891
180586 176904
180580 176912
180575 176920
180568 176922
180562 176935
180559 176944
180528 176951
180527 176965
180520 176978
180501 176985
180499 176999
180483 177003
180470 177005
180464 177025
180463 177030
180447 177036
180444 177043
180438 177051
180417 177083
180381 177087
180380 177090
180376 177093
180373 177103
180359 177117
180349 177118
180340 177124
180336 177128
180334 177138
180316 177155
180296 177156
180294 177177
180285 177179
180273 177201
180253 177205
180251 177213
180238 177214
180235 177219
180231 177221
180230 177234
180218 177251
180192 177252
180188 177254
180183 177271
180168 177273
180160 177278
180157 177281
180155 177283
180148 177297
180147 177300
180138 177304
180130 177308
180129 177311
180127 177321
180112 177322
180106 177329
180105 177342
180090 177345
180088 177346
180076 177355
180073 177365
180062 177378
180048 177392
180039 177396
180025 177398
180023 177408
180016 177410
180015 177412
180010 177418
180000 177425
179997 177433
179980 177446
179979 177450
179972 177463
179948 177464
179946 177485
179926 177488
179921 177491
179920 177497
179919 177501
179915 177503
179914 177504
179902 177507
179898 177508
179895 177517
179892 177521
179885 177526
179883 177537
179876 177538
179868 177554
179853 177556
179852 177561
179848 177565
179847 177572
179825 177588
179809 177590
179804 177596
179798 177598
179795 177612
179782 177628
179777 177640
179758 177641
179753 177643
179751 177659
179744 177661
179732 177666
179720 177669
179717 177674
179708 177683
179707 177684
179705 177711
179675 177712
179662 177715
179661 177721
179652 177734
179645 177739
179637 177740
179635 177755
179631 177780
179604 177784
179597 177786
179593 177798
179582 177805
179568 177809
179558 177836
179519 177839
179517 177841
179514 177848
179512 177849
179508 177850
179503 177851
179501 177852
179500 177857
179499 177876
179491 177877
179488 177880
179486 177892
179473 177903
179454 177916
179441 177931
179418 177933
179416 177934
179409 177938
179406 177944
179403 177946
179399 177971
179373 177981
179370 177988
179361 177989
179341 177999
179337 178012
179319 178019
179316 178025
179309 178027
179304 178033
179301 178042
179287 178059
179267 178067
179263 178068
179259 178069
179257 178110
179217 178112
179215 178120
179200 178123
179194 178129
179185 178145
179183 178146
179162 178172
179138 178187
179137 178198
179125 178206
179099 178216
179091 178238
179063 178247
179058 178248
179055 178250
179054 178256
179044 178269
179041 178285
179017 178300
178989 178315
178971 178338
178963 178342
178933 178356
178930 178363
178907 178380
178891 178381
178887 178387
178881 178389
178874 178397
178869 178398
178867 178399
178863 178404
178859 178416
178847 178426
178841 178427
178838 178431
178831 178438
178826 178439
178809 178444
178800 178449
178798 178451
178796 178461
178783 178488
178768 178499
178751 178512
178747 178517
178715 178534
178704 178541
178695 178547
178689 178549
178687 178554
178680 178555
178677 178570
178665 178596
178647 178598
178620 178605
178609 178616
178597 178619
178589 178627
178587 178638
178572 178649
178569 178666
178546 178675
178536 178690
178520 178691
178515 178694
178500 178707
178499 178719
178474 178731
178461 178737
178457 178744
178441 178767
178432 178777
178430 178788
178400 178789
178397 178801
178379 178808
178374 178813
178360 178819
178357 178822
178352 178825
178345 178830
178329 178860
178304 178881
178290 178916
178233 178930
178222 178955
178184 178973
178158 178987
178147 178999
178145 179002
178141 179003
178125 179013
178109 179014
178103 179021
178090 179024
178080 179048
178074 179066
178057 179096
178019 179114
177992 179116
177981 179117
177970 179118
177961 179131
177959 179132
177958 179144
177952 179151
177934 179153
177929 179200
177879 179204
177866 179219
177841 179222
177839 179224
177834 179226
177831 179255
177808 179262
177796 179263
177793 179273
177778 179276
177765 179291
177752 179293
177751 179299
177743 179305
177729 179322
177715 179357
177672 179359
177660 179373
177644 179380
177640 179385
177638 179387
177628 179394
177624 179403
177608 179426
177585 179433
177584 179451
177562 179453
177557 179461
177541 179462
177540 179467
177525 179478
177522 179485
177505 179489
177489 179500
177481 179502
177477 179504
177466 179507
177463 179526
177448 179540
177435 179542
177428 179554
177412 179571
177401 179574
177393 179576
177379 179588
177361 179591
177356 179601
177338 179606
177331 179610
177326 179628
177324 179641
177311 179643
177294 179644
177292 179653
177286 179659
177266 179687
177244 179689
177242 179696
177210 179698
177202 179704
177196 179745
177182 179780
177119 179786
177115 179817
177050 179826
177033 179867
177010 179874
176995 179885
176975 179902
176959 179907
176951 179910
176949 179936
176893 179947
176892 179949
176874 179965
176863 179980
176826 180015
176804 180024
176770 180052
176740 180055
176737 180061
176732 180070
176723 180072
176716 180116
176678 180134
176642 180156
176580 180164
176577 180165
176576 180171
176571 180180
176539 180182
176529 180188
176526 180219
176485 180224
176482 180248
176448 180259
176441 180263
176415 180268
176414 180287
176406 180321
176342 180328
176341 180330
176339 180334
176338 180360
176300 180378
176289 180381
176277 180382
176274 180384
176259 180394
176242 180396
176239 180400
176236 180408
176228 180410
176227 180415
176217 180422
176205 180431
176199 180434
176184 180445
176178 180451
176171 180454
176165 180457
176160 180466
176154 180471
176150 180481
176141 180491
176136 180498
176131 180508
176103 180509
176098 180517
176091 180524
176090 180526
176084 180534
176073 180539
176063 180547
176048 180560
176047 180565
176043 180570
176037 180573
176013 180583
175999 180584
175998 180589
175994 180590
175991 180605
175985 180613
175980 180621
175967 180625
175957 180633
175954 180635
175948 180643
175945 180655
175914 180658
175911 180663
175909 180682
175893 180683
175884 180685
175881 180691
175876 180699
175871 180700
175866 180708
175851 180714
175850 180724
175836 180726
175829 180735
175821 180742
175808 180746
175800 180763
175772 180764
175768 180798
175764 180799
175749 180800
175746 180811
175734 180816
175726 180817
175714 180832
175696 180833
175695 180835
175684 180844
175666 180848
175665 180851
175664 180862
175660 180867
175655 180869
175654 180875
175635 180892
175623 180898
175616 180924
175610 180932
175582 180934
175577 180943
175571 180951
175557 180965
175537 180969
175530 180972
175519 180979
175515 180983
175512 180984
175510 180986
175498 180995
175493 180997
175492 180998
175490 181004
175487 181007
175475 181009
175468 181027
175465 181049
175427 181058
175400 181069
175396 181070
175390 181077
175381 181088
175377 181110
175346 181115
175343 181116
175337 181124
175325 181146
175296 181150
175274 181157
175270 181158
175269 181169
175263 181177
175255 181186
175242 181220
175215 181229
175193 181239
175180 181254
175143 181268
175140 181272
175131 181290
175121 181291
175101 181293
175098 181297
175097 181306
175083 181309
175079 181318
175078 181320
175064 181335
175053 181343
175047 181351
175026 181353
175021 181359
175019 181360
175017 181372
175009 181381
174984 181389
174979 181390
174976 181398
174972 181400
174970 181406
174966 181420
174934 181422
174932 181424
174928 181438
174908 181447
174907 181455
174899 181470
174881 181482
174876 181488
174861 181493
174857 181495
174850 181497
174834 181502
174830 181507
174826 181513
174823 181521
174806 181522
174805 181523
174792 181529
174788 181531
174787 181532
174781 181537
174776 181555
174759 181558
174754 181593
174704 181594
174703 181596
174698 181600
174693 181604
174691 181618
174662 181632
174659 181634
174649 181660
174632 181661
174622 181669
174611 181678
174600 181682
174591 181696
174576 181707
174573 181708
174565 181711
174553 181714
174547 181723
174542 181729
174526 181730
174522 181732
174511 181735
174509 181765
174493 181766
174491 181777
174475 181778
174471 181781
174462 181795
174443 181797
174433 181804
174428 181806
174424 181808
174423 181811
174409 181813
174406 181820
174405 181829
174404 181840
174387 181841
174376 181845
174370 181851
174354 181858
174351 181860
174348 181862
174329 181880
174328 181882
174323 181888
174318 181896
174305 181900
174302 181913
174283 181914
174272 181927
174262 181930
174257 181937
174254 181939
174243 181954
174219 181955
174215 181974
174174 181977
174168 181991
174167 181993
174158 182018
174154 182021
174124 182027
174121 182028
174116 182053
174100 182054
174076 182056
174072 182061
174070 182081
174064 182089
174040 182098
174036 182102
174020 182108
174011 182122
174002 182130
173984 182142
173955 182176
173939 182177
173935 182180
173897 182198
173881 182206
173879 182215
173866 182216
173853 182220
173851 182240
173814 182242
173810 182245
173805 182257
173789 182258
173787 182269
173780 182274
173767 182283
173755 182290
173739 182291
173738 182297
173725 182317
173708 182319
173693 182336
173677 182337
173675 182348
173664 182373
173648 182374
173617 182375
173612 182383
173608 182398
173594 182400
173580 182404
173574 182408
173568 182428
173545 182429
173533 182430
173530 182446
173503 182450
173499 182468
173466 182485
173456 182498
173428 182503
173427 182535
173411 182536
173369 182540
173356 182549
173340 182554
173332 182560
173316 182561
173315 182580
173299 182581
173297 182592
173286 182617
173270 182618
173239 182619
173231 182625
173230 182642
173214 182643
173211 182644
173205 182658
173187 182670
173167 182676
173149 182688
173113 182689
173112 182690
173108 182696
173106 182711
173092 182713
173091 182715
173075 182719
173074 182725
173072 182776
172997 182778
172990 182780
172987 182786
172985 182787
172979 182795
172970 182799
172954 182804
172951 182816
172944 182824
172935 182827
172932 182833
172921 182834
172919 182854
172904 182867
172874 182870
172872 182888
172856 182900
172845 182903
172829 182905
172827 182907
172825 182927
172817 182935
172811 182938
172784 182958
172768 182959
172757 182963
172754 182969
172749 182983
172733 182984
172723 182985
172722 182992
172715 182996
172712 182997
172699 183001
172696 183009
172691 183014
172679 183015
172678 183018
172670 183042
172649 183055
172636 183061
172620 183062
172614 183063
172608 183065
172607 183073
172599 183086
172593 183090
172579 183092
172575 183098
172574 183100
172572 183118
172560 183119
172542 183121
172536 183124
172534 183143
172518 183144
172514 183155
172499 183156
172497 183157
172494 183161
172482 183176
172476 183179
172474 183188
172468 183191
172447 183197
172440 183203
172431 183213
172413 183217
172404 183220
172399 183223
172398 183227
172392 183242
172379 183258
172358 183260
172354 183272
172338 183275
172332 183278
172317 183281
172315 183301
172310 183306
172291 183314
172282 183321
172277 183325
172266 183326
172263 183327
172260 183332
172257 183349
172225 183350
172224 183362
172221 183370
172210 183383
172195 183394
172187 183407
172171 183408
172169 183419
172143 183420
172141 183431
172135 183439
172116 183442
172102 183450
172096 183453
172093 183467
172066 183479
172047 183484
172042 183489
172035 183497
172024 183499
172023 183506
172015 183519
172006 183520
172003 183533
171998 183550
171954 183565
171950 183569
171945 183574
171927 183578
171926 183580
171922 183590
171912 183593
171901 183594
171899 183614
171865 183615
171862 183623
171856 183641
171833 183655
171823 183670
171818 183680
171812 183683
171796 183684
171778 183689
171769 183690
171768 183692
171761 183697
171758 183703
171757 183705
171756 183708
171751 183710
171743 183714
171740 183715
171728 183726
171717 183739
171701 183744
171689 183751
171683 183759
171664 183763
171656 183770
171650 183773
171642 183795
171623 183799
171617 183802
171605 183805
171596 183826
171565 183838
171559 183841
171547 183850
171545 183872
171502 183885
171490 183886
171479 183890
171471 183893
171470 183910
171445 183914
171443 183916
171433 183928
171425 183944
171397 183958
171386 183973
171375 183975
171344 183988
171339 184007
171315 184014
171304 184018
171288 184020
171280 184023
171279 184066
171239 184070
171223 184071
171215 184072
171193 184079
171188 184088
171170 184091
171169 184099
171167 184116
171163 184119
171144 184126
171131 184140
171112 184143
171099 184147
171094 184155
171071 184157
171068 184158
171065 184160
171062 184164
171059 184169
171058 184183
171043 184185
171037 184188
171031 184198
171030 184199
171014 184200
171009 184211
171006 184237
171000 184251
170958 184253
170954 184255
170938 184256
170930 184257
170927 184266
170911 184267
170903 184275
170884 184279
170880 184286
170872 184288
170867 184289
170865 184292
170853 184295
170841 184304
170822 184325
170808 184334
170801 184337
170795 184340
170783 184349
170773 184368
170736 184373
170724 184396
170708 184397
170687 184404
170681 184407
170674 184410
170647 184413
170633 184422
170631 184425
170614 184426
170608 184434
170602 184436
170590 184446
170587 184451
170586 184454
170580 184467
170567 184470
170561 184473
170557 184475
170549 184482
170520 184493
170516 184512
170473 184513
170470 184516
170469 184517
170462 184519
170461 184532
170445 184533
170443 184544
170432 184545
170422 184550
170412 184555
170400 184578
170387 184579
170368 184580
170367 184597
170353 184600
170346 184610
170345 184620
170334 184621
170310 184625
170302 184634
170298 184651
170282 184652
170271 184657
170269 184683
170242 184697
170231 184701
170215 184709
170206 184718
170182 184728
170178 184733
170172 184736
170154 184748
170143 184752
170131 184763
170115 184764
170110 184784
170104 184792
170077 184803
170075 184823
170064 184836
170053 184837
170037 184838
170014 184841
170012 184851
170009 184858
169995 184867
169984 184868
169972 184873
169963 184874
169962 184883
169948 184898
169932 184908
169921 184909
169916 184924
169907 184925
169891 184927
169890 184937
169871 184938
169868 184954
169857 184958
169846 184959
169845 184969
169843 184971
169832 184987
169816 184999
169811 185004
169790 185008
169781 185009
169779 185021
169778 185023
169771 185025
169755 185026
169754 185038
169753 185040
169748 185041
169746 185042
169737 185045
169728 185046
169727 185058
169724 185062
169703 185071
169691 185081
169680 185082
169679 185084
169674 185087
169670 185102
169649 185111
169644 185112
169643 185114
169640 185116
169621 185124
169617 185144
169586 185157
169577 185174
169543 185186
169538 185189
169535 185202
169526 185220
169499 185248
169456 185261
169447 185262
169431 185263
169418 185275
169403 185278
169401 185283
169387 185287
169378 185288
169377 185292
169370 185298
169368 185309
169356 185318
169353 185336
169323 185347
169307 185348
169305 185350
169298 185364
169287 185377
169271 185378
169260 185388
169252 185404
169241 185405
169239 185409
169219 185419
169209 185423
169190 185424
169183 185425
169182 185437
169164 185441
169162 185447
169148 185464
169114 185467
169113 185483
169104 185498
169099 185500
169081 185502
169078 185511
169068 185521
169048 185535
169023 185537
169004 185540
169002 185562
168996 185565
168971 185582
168947 185584
168934 185604
168933 185606
168921 185617
168880 185621
168879 185626
168876 185629
168864 185630
168863 185649
168844 185651
168836 185655
168831 185667
168815 185676
168795 185681
168793 185696
168777 185697
168751 185703
168749 185721
168738 185722
168720 185723
168707 185734
168698 185736
168693 185751
168671 185759
168670 185779
168645 185781
168616 185792
168601 185795
168593 185796
168591 185814
168590 185816
168584 185827
168559 185829
168554 185830
168552 185833
168536 185838
168523 185843
168517 185852
168505 185862
168487 185863
168486 185865
168470 185866
168462 185874
168448 185875
168447 185877
168446 185897
168428 185900
168420 185909
168415 185910
168413 185912
168406 185931
168360 185966
168304 185969
168296 185976
168285 185978
168282 185982
168278 185987
168263 185992
168257 186002
168229 186017
168223 186020
168200 186024
168188 186026
168176 186040
168172 186041
168168 186042
168163 186051
168147 186052
168143 186075
168127 186076
168109 186107
168055 186111
168035 186117
168031 186123
168024 186124
168001 186125
167996 186131
167989 186142
167984 186143
167976 186145
167956 186147
167953 186156
167930 186159
167925 186181
167894 186189
167890 186194
167883 186195
167873 186201
167862 186203
167854 186206
167852 186207
167847 186214
167845 186227
167834 186229
167833 186240
167809 186251
167805 186256
167789 186257
167778 186273
167768 186274
167751 186287
167745 186297
167729 186298
167725 186318
167721 186323
167698 186346
167682 186347
167668 186348
167654 186356
167636 186369
167629 186377
167614 186391
167597 186394
167596 186402
167591 186414
167584 186422
167557 186436
167544 186439
167525 186445
167524 186452
167507 186461
167487 186466
167485 186469
167484 186485
167479 186497
167448 186498
167447 186509
167434 186517
167428 186519
167413 186531
167409 186533
167403 186543
167401 186547
167377 186553
167375 186557
167365 186560
167348 186571
167345 186573
167338 186576
167335 186592
167326 186602
167286 186608
167279 186612
167275 186622
167259 186624
167248 186631
167243 186632
167240 186633
167239 186637
167229 186643
167220 186656
167214 186685
167187 186696
167169 186705
167136 186707
167131 186715
167130 186726
167121 186730
167108 186738
167098 186754
167066 186755
167065 186766
167053 186793
167009 186819
166969 186825
166962 186839
166948 186840
166938 186846
166922 186853
166910 186856
166906 186871
166894 186877
166893 186888
166877 186895
166861 186909
166849 186934
166809 186940
166800 186954
166762 186964
166753 186974
166739 186987
166723 186988
166716 187003
166710 187013
166672 187020
166668 187030
166653 187031
166637 187043
166631 187057
166593 187065
166592 187067
166579 187070
166578 187074
166558 187097
166534 187109
166525 187126
166487 187129
166479 187131
166476 187142
166474 187175
166436 187177
166416 187184
166402 187185
166389 187197
166388 187208
166346 187225
166337 187228
166336 187239
166284 187256
166269 187257
166263 187267
166240 187268
166236 187270
166225 187273
166224 187280
166221 187288
166206 187293
166188 187299
166179 187301
166169 187319
166148 187334
166139 187336
166138 187338
166128 187339
166124 187345
166090 187372
166085 187373
166073 187394
166044 187403
166004 187405
165989 187410
165987 187427
165955 187439
165949 187449
165913 187450
165900 187453
165893 187460
165875 187462
165872 187466
165868 187476
165843 187487
165838 187491
165837 187493
165830 187500
165820 187508
165816 187518
165781 187526
165764 187531
165761 187532
165754 187535
165740 187542
165736 187548
165706 187563
165702 187566
165701 187570
165689 187591
165622 187594
165616 187603
165575 187608
165574 187612
165571 187636
165557 187663
165473 187664
165471 187668
165459 187676
165453 187690
165428 187694
165427 187702
165397 187711
165381 187712
165380 187722
165375 187729
165364 187731
165360 187736
165354 187738
165347 187744
165340 187747
165338 187749
165335 187756
165331 187761
165314 187768
165313 187778
165280 187784
165273 187786
165270 187791
165268 187806
165265 187826
165228 187830
165223 187839
165201 187844
165197 187847
165190 187855
165189 187858
165166 187865
165163 187873
165156 187881
165152 187886
165146 187896
165132 187899
165119 187910
165116 187911
165104 187913
165101 187923
165076 187940
165050 187941
165043 187946
165041 187971
165034 187979
165018 187980
165007 187993
164987 187999
164975 188002
164971 188007
164960 188013
164944 188016
164938 188024
164932 188035
164919 188043
164915 188048
164909 188058
164901 188063
164875 188065
164867 188075
164864 188076
164859 188090
164837 188094
164817 188106
164812 188110
164800 188115
164797 188141
164752 188180
164715 188192
164677 188208
164662 188213
164656 188223
164640 188224
164615 188233
164609 188243
164606 188247
164578 188250
164575 188264
164559 188271
164555 188275
164554 188279
164552 188287
164524 188313
164477 188323
164465 188325
164453 188343
164439 188363
164412 188396
164345 188399
164321 188415
164311 188429
164305 188439
164290 188444
164280 188468
164224 188471
164206 188478
164203 188495
164180 188496
164166 188501
164156 188505
164153 188506
164145 188524
164118 188525
164113 188531
164111 188551
164086 188555
164082 188561
164081 188562
164062 188577
164041 188589
164028 188593
164011 188599
164002 188604
163990 188613
163983 188617
163979 188623
163969 188637
163930 188649
163902 188650
163896 188665
163872 188666
163853 188669
163844 188679
163832 188681
163820 188684
163817 188696
163792 188703
163785 188710
163781 188712
163770 188722
163761 188732
163734 188745
163727 188748
163707 188755
163678 188763
163657 188786
163643 188796
163629 188804
163625 188806
163598 188830
163525 188858
163495 188868
163460 188876
163448 188878
163444 188881
163418 188886
163410 188897
163401 188907
163352 188922
163340 188923
163339 188924
163293 188928
163281 188939
163271 188946
163269 188979
163202 188982
163185 188985
163144 188986
163143 188990
163142 188991
163131 189021
163123 189029
163090 189039
163069 189049
163067 189055
163057 189060
163047 189061
163045 189077
163024 189092
163014 189099
162990 189103
162970 189106
162967 189117
162963 189118
162962 189127
162954 189128
162933 189138
162929 189145
162913 189149
162908 189155
162907 189159
162901 189170
162882 189171
162864 189173
162858 189177
162854 189180
162849 189183
162847 189192
162835 189201
162831 189206
162821 189215
162806 189223
162798 189230
162789 189240
162776 189244
162773 189255
162744 189257
162742 189260
162727 189269
162708 189272
162707 189273
162702 189282
162699 189289
162696 189300
162688 189303
162675 189310
162658 189319
162650 189327
162643 189328
162641 189350
162597 189357
162580 189374
162566 189379
162555 189382
162548 189384
162534 189388
162529 189392
162518 189395
162517 189401
162514 189407
162513 189416
162509 189422
162499 189436
162459 189439
162453 189450
162450 189467
162400 189499
162353 189509
162341 189520
162340 189537
162326 189539
162305 189546
162279 189549
162270 189554
162258 189556
162255 189558
162254 189567
162242 189586
162227 189590
162224 189601
162208 189609
162198 189616
162167 189628
162160 189630
162139 189634
162134 189639
162122 189645
162107 189692
162051 189716
161982 189721
161953 189730
161952 189732
161942 189736
161941 189741
161932 189745
161930 189764
161914 189765
161897 189771
161872 189775
161866 189793
161849 189796
161840 189798
161828 189820
161806 189847
161758 189856
161725 189875
161687 189902
161608 189904
161604 189923
161571 189930
161545 189936
161544 189937
161542 189938
161533 189940
161532 189942
161522 189949
161516 189959
161502 189979
161480 190006
161398 190031
161337 190032
161328 190033
161303 190038
161279 190041
161276 190048
161266 190053
161264 190060
161263 190065
161252 190074
161219 190095
161174 190102
161147 190109
161095 190112
161094 190114
161051 190117
161045 190132
161041 190143
161011 190172
160963 190184
160941 190195
160936 190201
160912 190205
160904 190210
160893 190223
160884 190229
160879 190244
160869 190258
160820 190263
160816 190269
160815 190277
160801 190280
160794 190287
160773 190295
160752 190301
160742 190315
160723 190331
160716 190334
160710 190359
160673 190361
160666 190365
160649 190371
160642 190392
160613 190393
160599 190409
160597 190412
160587 190418
160580 190421
160559 190431
160557 190435
160537 190450
160512 190465
160483 190475
160482 190476
160469 190478
160463 190479
160461 190481
160445 190487
160442 190501
160433 190527
160421 190538
160367 190540
160363 190548
160358 190556
160345 190569
160303 190573
160301 190578
160288 190583
160284 190591
160268 190614
160249 190617
160245 190619
160235 190625
160223 190633
160216 190634
160205 190663
160184 190673
160140 190680
160134 190690
160109 190702
160064 190745
160016 190749
160014 190763
159979 190771
159957 190787
159943 190798
159911 190804
159907 190833
159883 190836
159862 190840
159847 190843
159837 190850
159803 190856
159797 190860
159784 190876
159759 190879
159739 190883
159735 190886
159733 190897
159720 190900
159701 190935
159656 190942
159602 190944
159582 190954
159581 190992
159557 190995
159536 190999
159507 191001
159474 191008
159471 191019
159458 191035
159413 191042
159386 191052
159327 191067
159325 191081
159293 191090
159244 191092
159233 191100
159202 191124
159132 191126
159121 191135
159105 191160
158982 191176
158979 191177
158958 191193
158945 191194
158933 191198
158930 191204
158910 191208
158904 191218
158898 191219
158884 191226
158867 191229
158863 191234
158861 191250
158838 191251
158835 191260
158828 191279
158809 191286
158807 191288
158785 191308
158763 191325
158731 191333
158712 191336
158710 191337
158689 191347
158688 191354
158687 191361
158683 191368
158665 191374
158636 191382
158626 191396
158605 191406
158603 191410
158589 191411
158584 191419
158583 191420
158560 191437
158532 191450
158528 191451
158507 191456
158497 191474
158485 191478
158463 191482
158462 191488
158455 191509
158429 191513
158387 191540
158355 191561
158334 191566
158328 191575
158304 191583
158282 191599
158257 191611
158232 191645
158208 191647
158187 191652
158162 191662
158155 191690
158110 191697
158081 191699
158032 191733
157987 191740
157981 191754
157974 191772
157925 191774
157899 191779
157884 191792
157882 191806
157861 191811
157829 191849
157784 191856
157771 191860
157717 191862
157716 191879
157706 191892
157661 191899
157648 191931
157573 191938
157541 191947
157495 191974
157474 191978
157450 191992
157421 192004
157320 192016
157319 192017
157298 192047
157144 192085
157046 192086
157033 192104
157028 192107
157003 192108
156996 192115
156985 192125
156975 192130
156959 192137
156942 192145
156938 192149
156931 192150
156912 192153
156911 192165
156908 192168
156905 192170
156897 192183
156886 192190
156849 192201
156835 192212
156830 192218
156829 192229
156806 192236
156795 192262
156750 192269
156728 192281
156685 192296
156667 192310
156656 192320
156619 192331
156607 192337
156604 192352
156557 192360
156551 192370
156535 192371
156528 192384
156520 192396
156489 192399
156482 192400
156466 192401
156460 192423
156457 192438
156407 192442
156379 192443
156370 192452
156357 192459
156349 192476
156312 192487
156309 192491
156293 192492
156283 192507
156280 192509
156260 192528
156228 192549
156223 192563
156144 192566
156136 192593
156068 192603
156049 192610
156035 192612
156024 192626
156017 192631
155970 192637
155934 192662
155901 192669
155897 192673
155872 192681
155824 192683
155801 192685
155780 192698
155779 192702
155761 192710
155738 192715
155723 192720
155701 192726
155691 192741
155617 192744
155605 192748
155599 192752
155568 192784
155444 192792
155434 192793
155362 192800
155360 192817
155327 192819
155323 192828
155318 192830
155297 192838
155285 192842
155261 192853
155257 192880
155228 192904
155171 192916
155143 192920
155135 192931
155105 192956
155068 192967
155025 192982
155017 192993
154996 193006
154988 193017
154947 193023
154944 193038
154926 193046
154902 193063
154870 193079
154827 193083
154816 193098
154784 193117
154747 193128
154702 193129
154701 193131
154697 193151
154672 193160
154643 193166
154632 193169
154631 193173
154585 193183
154582 193184
154573 193199
154559 193201
154536 193210
154522 193212
154511 193226
154482 193232
154445 193240
154436 193244
154412 193253
154401 193271
154359 193275
154309 193280
154299 193281
154297 193287
154256 193294
154247 193309
154193 193323
154175 193331
154164 193345
154093 193351
154045 193376
154007 193386
153867 193390
153858 193393
153842 193394
153837 193396
153822 193397
153820 193411
153804 193416
153790 193420
153784 193421
153781 193429
153768 193447
153728 193465
153693 193468
153691 193483
153649 193486
153647 193503
153631 193504
153629 193505
153620 193510
153595 193532
153564 193548
153548 193557
153530 193568
153503 193579
153483 193584
153471 193602
153443 193608
153421 193611
153405 193612
153404 193619
153397 193628
153375 193643
153342 193645
153334 193656
153310 193658
153292 193662
153284 193663
153278 193681
153264 193682
153260 193684
153252 193686
153241 193692
153224 193696
153221 193716
153209 193717
153174 193718
153155 193724
153141 193725
153139 193727
153138 193730
153118 193735
153105 193737
153102 193738
153101 193739
153100 193744
153091 193752
153077 193753
153067 193754
153049 193755
153027 193765
153019 193783
153010 193798
152996 193800
152940 193805
152927 193812
152873 193843
152804 193855
152799 193869
152710 193876
152659 193878
152655 193883
152621 193888
152614 193904
152589 193911
152520 193913
152512 193924
152477 193925
152464 193932
152463 193948
152414 193949
152393 193955
152359 193956
152325 193964
152289 193976
152264 193995
152260 194000
152256 194005
152218 194028
152206 194029
152186 194032
152170 194041
152141 194065
152139 194070
152095 194072
152091 194075
152074 194081
152059 194098
152038 194107
152018 194108
152009 194112
152006 194130
151973 194134
151970 194136
151944 194148
151941 194157
151906 194163
151895 194171
151869 194173
151857 194174
151839 194175
151837 194177
151831 194194
151803 194201
151802 194218
151746 194221
151739 194224
151728 194240
151718 194242
151709 194246
151659 194252
151658 194255
151644 194257
151637 194260
151612 194261
151605 194283
151593 194293
151569 194295
151557 194296
151538 194300
151533 194301
151532 194303
151526 194307
151509 194324
151453 194335
151410 194344
151403 194350
151367 194362
151358 194377
151303 194381
151274 194394
151216 194395
151214 194414
151202 194418
151159 194421
151136 194439
151081 194446
151058 194455
151003 194462
150902 194481
150844 194482
150821 194493
150797 194495
150786 194498
150785 194505
150779 194524
150756 194529
150751 194530
150729 194533
150725 194539
150719 194553
150697 194556
150691 194563
150650 194567
150641 194572
150633 194574
150631 194580
150618 194590
150605 194597
150573 194620
150532 194626
150506 194636
150483 194637
150482 194640
150480 194648
150479 194658
150432 194664
150414 194675
150391 194677
150385 194699
150340 194719
150304 194722
150284 194726
150275 194746
150243 194769
150193 194779
150138 194786
150124 194791
150110 194793
150109 194796
150068 194803
150061 194804
150057 194825
150006 194834
149951 194838
149936 194845
149900 194856
149862 194871
149835 194873
149807 194878
149780 194880
149744 194889
149701 194900
149650 194908
149636 194917
149578 194918
149559 194927
149545 194933
149518 194935
149451 194952
149393 194953
149375 194963
149361 194968
149349 194969
149327 194972
149325 194974
149321 194976
149318 194999
149302 195001
149301 195005
149286 195022
149231 195029
149226 195034
149213 195041
149195 195042
149193 195050
149172 195064
149169 195072
149146 195094
149098 195101
149074 195125
149016 195126
149004 195133
148972 195146
148947 195169
148915 195171
148894 195180
148887 195197
148862 195203
148820 195217
148796 195222
148770 195227
148750 195231
148745 195236
148727 195250
148680 195266
148676 195268
148650 195279
148595 195286
148573 195288
148529 195289
148526 195304
148518 195307
148463 195314
148425 195331
148413 195360
148355 195361
148269 195364
148266 195372
148226 195375
148207 195384
148166 195392
148108 195393
147965 195398
147953 195402
147948 195406
147943 195423
147936 195426
147915 195429
147888 195430
147885 195445
147876 195446
147866 195447
147842 195466
147818 195498
147763 195505
147759 195510
147717 195535
147689 195536
147669 195555
147650 195580
147595 195587
147571 195592
147546 195598
147540 195614
147506 195617
147492 195619
147451 195624
147437 195626
147427 195631
147420 195633
147412 195641
147403 195645
147393 195646
147376 195663
147357 195667
147316 195675
147299 195692
147295 195702
147240 195709
147237 195712
147234 195727
147136 195734
147099 195741
147096 195746
147083 195747
147038 195756
147036 195763
147032 195794
146720 195798
146669 195805
146643 195815
146569 195823
146537 195829
146528 195831
146520 195843
146507 195847
146481 195852
146477 195853
146473 195856
146471 195863
146468 195865
146465 195870
146445 195879
146422 195883
146420 195889
146413 195893
146410 195895
146396 195899
146380 195901
146366 195903
146365 195904
146364 195912
146353 195913
146351 195915
146346 195932
146339 195935
146298 195946
146297 195952
146286 195966
146237 195968
146227 195978
146197 195983
146187 195987
146186 195991
146185 196003
146136 196005
146135 196021
146095 196030
146088 196040
146034 196044
146033 196064
145983 196068
145982 196070
145963 196082
145957 196101
145930 196103
145886 196107
145861 196114
145849 196121
145828 196136
145817 196154
145755 196168
145612 196174
145570 196178
145512 196196
145508 196206
145208 196228
145139 196234
145121 196238
145113 196239
145099 196250
145083 196259
145056 196264
145053 196276
145044 196281
145032 196284
145016 196287
145013 196299
144987 196304
144975 196315
144971 196316
144950 196317
144945 196318
144942 196330
144930 196350
144914 196352
144888 196357
144883 196363
144856 196366
144850 196367
144843 196370
144826 196373
144819 196383
144788 196385
144776 196388
144770 196414
144727 196426
144719 196432
144705 196436
144630 196443
144616 196453
144610 196454
144604 196473
144547 196475
144531 196492
144496 196493
144456 196496
144437 196508
144407 196511
144406 196544
144282 196552
144159 196576
143964 196578
143950 196585
143802 196588
143793 196592
143785 196602
143773 196614
143747 196619
143733 196622
143722 196625
143699 196629
143690 196644
143685 196648
143672 196651
143660 196671
143623 196678
143611 196679
143596 196686
143586 196687
143580 196688
143578 196701
143558 196705
143532 196713
143518 196715
143512 196732
143474 196751
143458 196753
143435 196757
143427 196766
143401 196790
143354 196796
143338 196798
143330 196806
143252 196824
143237 196827
143214 196843
143190 196844
143166 196846
143152 196863
143136 196865
143034 196877
142933 196892
142923 196901
142798 196910
142667 196915
142655 196935
142482 196940
142458 196943
142425 196944
142419 196948
142416 196949
142400 196964
142393 196968
142381 196977
142362 196985
142338 196988
142329 197003
142317 197015
142267 197024
142248 197036
142224 197039
142217 197043
142216 197052
142204 197072
142185 197080
142131 197086
142122 197102
142119 197106
142084 197117
142012 197135
142002 197147
141889 197148
141886 197152
141871 197153
141861 197158
141850 197164
141834 197165
141830 197188
141789 197196
141697 197198
141681 197200
141679 197208
141669 197220
141632 197223
141628 197228
141573 197236
141555 197242
141424 197248
141141 197249
141132 197252
141126 197261
141109 197274
141097 197280
141095 197281
141074 197288
141057 197292
141042 197308
141012 197312
141005 197317
140986 197322
140981 197328
140962 197336
140931 197362
140872 197366
140866 197367
140865 197382
140854 197387
140846 197396
140805 197408
140791 197409
140747 197420
140742 197456
140611 197462
140538 197476
140529 197492
140526 197496
140432 197498
140388 197503
140356 197506
140350 197509
140337 197515
140285 197516
140269 197531
140255 197533
140212 197543
140196 197545
140145 197563
139825 197577
139806 197585
139790 197588
139740 197589
139739 197602
139705 197622
139647 197630
139646 197645
139599 197649
139563 197660
139546 197669
139515 197674
139495 197681
139472 197688
139471 197703
139446 197707
139388 197718
139373 197741
139303 197752
139245 197760
139229 197763
139202 197772
139144 197797
139046 197805
138899 197831
138540 197836
138518 197839
138508 197850
138480 197853
138474 197862
138463 197870
138439 197873
138428 197881
138381 197885
138362 197894
138357 197898
138354 197907
138343 197913
138333 197930
138315 197952
138232 197967
138174 197975
138135 197979
138102 197988
138073 198012
137975 198014
137966 198027
137890 198036
137861 198041
137845 198042
137821 198052
137756 198054
137749 198085
137249 198090
137217 198104
137189 198109
137179 198110
137151 198113
137148 198120
137137 198137
137100 198143
137095 198164
137028 198166
137007 198167
136978 198182
136961 198214
136843 198225
136809 198230
136796 198244
136763 198246
136744 198256
136709 198274
136575 198320
135948 198326
135915 198332
135912 198340
135892 198348
135854 198353
135843 198358
135832 198378
135825 198379
135811 198381
135769 198384
135763 198390
135751 198398
135721 198412
135697 198416
135686 198450
135607 198453
135540 198456
135532 198462
135459 198463
135458 198477
135434 198481
135408 198488
135326 198501
135307 198525
135161 198531
134722 198538
134719 198543
134680 198550
134671 198552
134657 198553
134647 198555
134640 198560
134638 198577
134615 198580
134593 198583
134553 198587
134551 198604
134476 198610
134465 198614
134459 198626
134431 198627
134413 198628
134365 198631
134339 198635
134320 198643
134315 198646
134299 198647
134281 198649
134264 198667
134233 198670
134169 198674
134123 198689
133593 198702
133548 198704
133536 198708
133525 198714
133520 198722
133506 198725
133501 198746
133452 198753
133447 198774
133390 198780
133328 198784
133304 198792
133303 198807
133193 198826
133159 198833
132843 198837
132833 198845
132812 198851
132479 198856
132441 198878
132347 198883
132339 198886
132305 198904
132303 198913
132246 198919
132195 198921
132184 198923
132176 198924
132152 198939
132079 198942
132068 198947
132059 198951
132026 198955
131996 198969
131882 198988
131356 198989
131350 198991
131293 199007
131225 199015
131195 199025
131179 199026
131157 199038
131130 199040
131085 199041
131051 199045
131049 199053
131037 199058
131027 199077
130862 199095
130841 199101
130284 199113
130162 199117
130148 199127
130125 199130
130061 199154
130028 199155
130000 199166
129982 199169
129902 199175
129886 199190
129762 199194
129716 199199
129685 199209
129060 199211
129050 199212
129048 199219
129036 199225
129026 199244
128956 199245
128900 199255
128889 199259
128883 199261
128836 199279
128814 199287
128644 199289
128634 199290
128596 199292
128594 199294
128514 199306
127892 199311
127865 199314
127859 199316
127844 199320
127820 199329
127812 199334
127760 199335
127759 199342
127712 199345
127711 199352
127700 199353
127680 199357
127679 199359
127678 199378
127629 199381
127566 199399
127329 199411
126666 199416
126654 199433
126573 199435
126555 199440
126536 199443
126510 199444
126507 199450
126462 199453
126439 199454
126387 199459
126376 199472
126340 199478
126323 199491
125520 199493
125497 199494
125440 199501
125422 199503
125336 199506
125313 199507
125304 199512
125287 199520
125281 199531
125244 199536
125224 199538
125218 199549
124392 199552
124368 199553
124333 199557
124328 199558
124312 199576
124140 199579
124084 199594
123293 199597
123245 199606
123186 199622
123148 199623
123110 199627
122914 199647
122088 199650
122045 199654
121989 199655
121981 199667
121861 199668
121019 199669
120989 199670
120936 199685
120773 199688
