10
0 1 979 41
0 2 813 355
0 3 93 707
0 4 472 759
0 5 256 347
0 6 217 665
0 7 879 577
0 8 754 264
0 9 29 880
1 2 116 851
1 3 791 293
1 4 929 127
1 5 57 720
1 6 759 209
1 7 712 398
1 8 651 489
1 9 13 955
2 3 245 815
2 4 196 657
2 5 778 654
2 6 937 17
2 7 826 28
2 8 584 580
2 9 946 26
3 4 801 387
3 5 821 363
3 6 682 520
3 7 401 901
3 8 968 396
3 9 299 768
4 5 138 651
4 6 719 828
4 7 886 27
4 8 464 244
4 9 785 524
5 6 643 321
5 7 124 689
5 8 584 270
5 9 945 23
6 7 30 915
6 8 262 894
6 9 789 452
7 8 82 465
7 9 414 307
8 9 77 865
0
129
635 7009
682 6833
715 6815
746 6743
762 6639
826 6549
862 6476
878 6401
909 6300
925 6225
958 6207
989 6106
1005 6031
1053 6016
1098 6007
1112 5975
1145 5957
1176 5856
1192 5781
1240 5766
1279 5724
1295 5649
1331 5624
1345 5586
1390 5458
1482 5399
1518 5374
1532 5336
1577 5208
1650 5207
1716 5051
1730 5013
1808 4992
1837 4957
1903 4801
1917 4763
2119 4752
2148 4745
2162 4707
2176 4632
2207 4579
2279 4547
2329 4457
2343 4419
2360 4384
2363 4382
2438 4363
2445 4345
2459 4307
2533 4172
2547 4134
2637 4115
2789 4038
2806 4003
2905 3926
2959 3828
2973 3790
2993 3753
3075 3716
3089 3678
3200 3667
3235 3661
3249 3623
3253 3524
3267 3486
3387 3484
3419 3409
3530 3398
3535 3297
3646 3286
3675 3279
3689 3269
3695 3242
3713 3105
3833 3103
3883 3099
3888 3044
3955 3013
3969 2975
4058 2962
4074 2858
4175 2845
4189 2807
4309 2805
4341 2730
4407 2704
4411 2691
4415 2594
4535 2592
4585 2512
4635 2426
4755 2424
4776 2347
4896 2345
4946 2265
4996 2179
5116 2177
5166 2142
5198 2130
5283 2098
5308 2066
5333 2012
5418 1962
5474 1933
5528 1898
5644 1851
5694 1765
5800 1741
5864 1728
5896 1716
5950 1681
6006 1652
6066 1634
6112 1628
6116 1548
6226 1484
6332 1460
6428 1435
6448 1413
6498 1327
6618 1325
6648 1267
6810 1214
6980 1132
7030 1046
7525 1018
7528 963
7533 908
7703 826
