25
0 1 539 213
0 2 271 744
0 3 556 539
0 4 983 19
0 5 615 670
0 6 445 266
0 7 333 433
0 8 19 799
0 9 495 372
0 10 54 435
0 11 840 487
0 12 193 75
0 13 713 26
0 14 943 27
0 15 450 451
0 16 207 722
0 17 60 533
0 18 676 155
0 19 29 987
0 20 966 526
0 21 977 18
0 22 438 155
0 23 266 914
0 24 482 383
1 2 474 520
1 3 625 380
1 4 815 143
1 5 436 872
1 6 266 320
1 7 444 366
1 8 254 993
1 9 212 439
1 10 961 70
1 11 642 554
1 12 460 476
1 13 457 116
1 14 958 637
1 15 461 95
1 16 92 566
1 17 680 229
1 18 26 929
1 19 890 654
1 20 111 921
1 21 493 931
1 22 338 510
1 23 300 272
1 24 768 195
2 3 151 408
2 4 365 663
2 5 444 331
2 6 814 806
2 7 643 574
2 8 623 63
2 9 434 463
2 10 273 67
2 11 476 322
2 12 731 923
2 13 423 322
2 14 396 329
2 15 38 305
2 16 263 334
2 17 361 576
2 18 25 858
2 19 868 69
2 20 405 467
2 21 629 294
2 22 192 84
2 23 259 342
2 24 976 15
3 4 314 631
3 5 974 175
3 6 715 31
3 7 277 535
3 8 918 95
3 9 821 82
3 10 554 532
3 11 299 945
3 12 967 93
3 13 868 253
3 14 532 658
3 15 970 145
3 16 718 571
3 17 166 782
3 18 963 34
3 19 872 265
3 20 83 893
3 21 432 468
3 22 100 474
3 23 916 92
3 24 874 155
4 5 172 961
4 6 72 854
4 7 750 493
4 8 618 203
4 9 499 38
4 10 295 217
4 11 317 569
4 12 505 440
4 13 643 311
4 14 52 992
4 15 522 368
4 16 797 536
4 17 400 740
4 18 844 36
4 19 465 192
4 20 662 470
4 21 909 323
4 22 536 52
4 23 23 995
4 24 660 56
5 6 449 705
5 7 118 452
5 8 324 653
5 9 127 697
5 10 129 886
5 11 458 465
5 12 869 8
5 13 338 26
5 14 181 861
5 15 510 977
5 16 788 80
5 17 669 260
5 18 750 549
5 19 956 619
5 20 321 376
5 21 163 506
5 22 4 996
5 23 575 262
5 24 102 676
6 7 329 493
6 8 478 838
6 9 353 660
6 10 367 30
6 11 92 793
6 12 82 628
6 13 854 792
6 14 948 314
6 15 630 133
6 16 891 403
6 17 461 62
6 18 982 234
6 19 763 279
6 20 741 52
6 21 520 640
6 22 821 316
6 23 481 922
6 24 16 240
7 8 476 224
7 9 991 117
7 10 207 440
7 11 806 832
7 12 97 568
7 13 710 314
7 14 444 539
7 15 878 359
7 16 420 121
7 17 514 38
7 18 137 975
7 19 855 231
7 20 640 857
7 21 105 535
7 22 849 289
7 23 539 309
7 24 35 405
8 9 521 39
8 10 444 736
8 11 943 21
8 12 428 921
8 13 582 193
8 14 258 697
8 15 896 645
8 16 730 443
8 17 582 769
8 18 265 321
8 19 640 988
8 20 319 345
8 21 411 383
8 22 955 115
8 23 691 386
8 24 741 256
9 10 472 616
9 11 656 180
9 12 499 805
9 13 239 698
9 14 162 208
9 15 819 848
9 16 731 502
9 17 696 119
9 18 46 443
9 19 918 573
9 20 150 988
9 21 635 110
9 22 569 41
9 23 340 869
9 24 411 980
10 11 927 59
10 12 190 492
10 13 322 521
10 14 182 497
10 15 676 325
10 16 434 516
10 17 286 422
10 18 905 98
10 19 935 91
10 20 163 616
10 21 177 962
10 22 849 651
10 23 134 866
10 24 925 464
11 12 902 47
11 13 674 142
11 14 525 462
11 15 551 75
11 16 77 926
11 17 458 389
11 18 158 843
11 19 463 833
11 20 315 169
11 21 406 380
11 22 419 666
11 23 723 306
11 24 333 603
12 13 76 515
12 14 105 394
12 15 487 882
12 16 81 869
12 17 538 698
12 18 289 820
12 19 355 794
12 20 106 466
12 21 207 76
12 22 184 604
12 23 196 748
12 24 728 310
13 14 892 242
13 15 362 896
13 16 590 333
13 17 205 871
13 18 273 575
13 19 946 48
13 20 399 254
13 21 369 527
13 22 756 634
13 23 212 372
13 24 660 93
14 15 168 223
14 16 887 432
14 17 116 999
14 18 223 760
14 19 665 146
14 20 401 878
14 21 762 207
14 22 381 742
14 23 241 122
14 24 818 194
15 16 552 844
15 17 557 426
15 18 626 104
15 19 963 516
15 20 916 137
15 21 712 544
15 22 85 74
15 23 177 417
15 24 129 267
16 17 384 806
16 18 730 702
16 19 192 868
16 20 264 497
16 21 588 955
16 22 223 514
16 23 72 586
16 24 202 620
17 18 911 501
17 19 542 223
17 20 684 604
17 21 648 305
17 22 38 476
17 23 403 345
17 24 672 413
18 19 810 685
18 20 395 967
18 21 343 702
18 22 604 114
18 23 625 635
18 24 872 603
19 20 694 14
19 21 794 217
19 22 940 314
19 23 443 124
19 24 25 962
20 21 117 605
20 22 798 354
20 23 108 969
20 24 437 630
21 22 19 774
21 23 917 310
21 24 795 172
22 23 866 514
22 24 918 706
23 24 626 634
0
636
1155 16320
1156 16079
1162 16071
1171 15946
1176 15791
1179 15652
1189 15619
1194 15519
1199 15364
1212 15192
1222 15130
1227 15059
1232 15054
1237 14997
1247 14921
1252 14766
1267 14633
1282 14573
1310 14500
1312 14472
1322 14410
1327 14339
1328 14314
1337 14277
1341 14231
1343 14181
1352 14046
1367 13913
1382 13853
1411 13850
1413 13838
1415 13794
1416 13772
1423 13761
1424 13727
1431 13712
1432 13626
1447 13493
1476 13490
1478 13360
1496 13309
1504 13263
1519 13203
1535 13174
1545 13168
1546 13082
1561 12949
1590 12858
1592 12816
1610 12808
1615 12710
1633 12659
1649 12630
1664 12569
1678 12539
1682 12518
1689 12447
1704 12314
1714 12299
1729 12166
1758 12163
1763 12158
1775 12091
1778 12025
1792 11995
1815 11927
1830 11903
1837 11856
1841 11854
1848 11852
1855 11802
1864 11786
1876 11709
1880 11654
1892 11616
1902 11601
1917 11468
1944 11359
1966 11327
1980 11297
1993 11218
2007 11188
2025 11158
2029 11156
2030 11120
2043 11104
2052 11049
2056 11047
2066 11024
2068 10956
2091 10902
2107 10809
2117 10794
2131 10785
2132 10661
2161 10658
2166 10653
2176 10646
2180 10623
2181 10520
2195 10490
2224 10487
2225 10484
2229 10482
2232 10454
2240 10351
2244 10349
2269 10348
2274 10343
2289 10210
2330 10185
2340 10144
2355 10037
2379 10031
2389 10016
2403 10007
2404 9883
2418 9866
2447 9863
2452 9845
2455 9817
2463 9727
2467 9712
2497 9706
2512 9573
2563 9507
2586 9500
2602 9407
2626 9383
2627 9259
2671 9244
2678 9193
2690 9088
2735 8949
2786 8883
2840 8793
2873 8781
2889 8728
2891 8727
2903 8622
2936 8610
2952 8599
2954 8556
2955 8523
2981 8471
2997 8460
3006 8457
3032 8405
3048 8394
3060 8367
3086 8315
3102 8304
3108 8250
3123 8196
3149 8144
3153 8111
3200 8078
3201 8045
3243 7982
3252 7979
3258 7955
3291 7943
3294 7916
3306 7889
3321 7784
3354 7772
3369 7718
3373 7685
3399 7633
3415 7622
3424 7619
3450 7567
3466 7556
3478 7529
3504 7477
3520 7466
3527 7464
3529 7463
3541 7358
3567 7306
3583 7295
3592 7292
3616 7283
3618 7240
3619 7207
3661 7144
3670 7141
3695 7137
3712 7078
3724 7051
3757 7049
3761 7040
3766 6988
3773 6986
3775 6985
3787 6880
3829 6817
3838 6814
3880 6751
3923 6737
3927 6733
3931 6710
3941 6659
3961 6634
3978 6628
3981 6614
3983 6596
3992 6593
3995 6586
4003 6571
4012 6568
4015 6566
4020 6565
4023 6551
4032 6548
4034 6530
4037 6523
4046 6520
4054 6505
4057 6503
4066 6500
4071 6499
4074 6485
4088 6457
4108 6437
4115 6413
4132 6407
4135 6393
4149 6365
4157 6350
4166 6347
4169 6345
4174 6344
4177 6330
4186 6327
4191 6302
4200 6299
4208 6284
4211 6282
4220 6279
4225 6278
4228 6264
4242 6236
4262 6216
4279 6205
4289 6194
4306 6161
4331 6131
4340 6113
4348 6098
4357 6095
4382 6050
4391 6047
4399 6032
4433 5984
4463 5948
4484 5943
4497 5900
4505 5885
4514 5882
4539 5837
4548 5834
4556 5819
4590 5771
4633 5757
4641 5730
4658 5723
4684 5691
4696 5681
4700 5660
4709 5657
4735 5650
4743 5648
4747 5615
4751 5594
4794 5580
4795 5555
4802 5553
4804 5552
4812 5537
4828 5534
4845 5514
4846 5489
4889 5475
4896 5473
4897 5448
4914 5441
4929 5435
4938 5423
4940 5409
4952 5399
4956 5378
4965 5375
4989 5357
5003 5333
5007 5312
5050 5298
5054 5292
5058 5271
5084 5252
5101 5232
5134 5219
5135 5211
5151 5201
5152 5191
5174 5180
5178 5172
5185 5153
5194 5141
5203 5138
5211 5133
5229 5131
5235 5123
5236 5112
5241 5096
5245 5075
5288 5061
5292 5055
5295 5042
5296 5034
5328 5021
5335 5016
5339 4995
5346 4976
5379 4964
5388 4961
5390 4954
5397 4935
5423 4916
5430 4898
5449 4896
5473 4884
5474 4875
5481 4857
5500 4855
5507 4838
5524 4818
5533 4805
5550 4797
5574 4787
5575 4777
5584 4739
5617 4727
5626 4724
5634 4719
5635 4698
5664 4682
5668 4661
5711 4647
5715 4641
5718 4628
5719 4620
5751 4607
5758 4602
5762 4581
5769 4562
5788 4560
5812 4550
5813 4540
5820 4521
5839 4519
5846 4502
5872 4482
5897 4461
5922 4449
5923 4441
5950 4437
5955 4428
5956 4391
5973 4383
6007 4325
6050 4323
6058 4284
6101 4282
6111 4260
6154 4258
6156 4256
6160 4212
6203 4211
6207 4190
6211 4146
6262 4105
6315 4081
6342 4070
6367 4058
6368 4050
6391 4045
6400 4037
6401 4000
6418 3992
6452 3934
6495 3932
6503 3893
6546 3891
6556 3869
6595 3866
6605 3821
6656 3755
6707 3714
6760 3690
6836 3654
6850 3653
6875 3633
6889 3630
6897 3625
6926 3592
6931 3567
6974 3565
6982 3526
7025 3524
7040 3475
7084 3454
7093 3451
7135 3388
7186 3347
7271 3337
7278 3327
7315 3287
7329 3286
7354 3266
7405 3225
7468 3174
7519 3108
7604 3098
7657 3074
7662 3047
7699 3011
7738 2986
7750 2970
7842 2950
7879 2910
7893 2909
7918 2889
7969 2848
8026 2845
8048 2835
8061 2828
8077 2779
8083 2731
8210 2725
8220 2718
8226 2670
8302 2609
8358 2602
8437 2581
8445 2548
8501 2541
8553 2499
8577 2480
8641 2402
8663 2392
8784 2341
8806 2331
8881 2324
8892 2292
8914 2282
8916 2273
8938 2263
9009 2231
9031 2221
9042 2220
9059 2212
9064 2210
9081 2202
9152 2170
9167 2163
9174 2160
9185 2159
9189 2153
9207 2149
9260 2121
9282 2111
9284 2102
9306 2092
9317 2091
9339 2081
9388 2076
9410 2066
9421 2065
9427 2041
9449 2031
9460 2030
9482 2020
9535 1992
9557 1982
9568 1981
9590 1971
9663 1947
9685 1937
9696 1936
9718 1926
9775 1914
9808 1903
9838 1898
9849 1897
9871 1887
9903 1869
9936 1858
10016 1854
10056 1830
10089 1819
10179 1808
10201 1797
10234 1786
10264 1781
10275 1780
10297 1770
10307 1763
10329 1753
10340 1752
10362 1742
10419 1730
10452 1719
10482 1713
10515 1702
10547 1685
10580 1674
10660 1670
10700 1646
10733 1635
10845 1613
10878 1602
10908 1597
10919 1596
10941 1586
11034 1584
11064 1579
11075 1578
11097 1568
11126 1529
11159 1518
11278 1516
11282 1511
11315 1500
11361 1493
11441 1489
11442 1488
11475 1477
11517 1475
11551 1464
11571 1460
11604 1449
11612 1440
11626 1432
11645 1429
11659 1421
11778 1419
11782 1414
11801 1411
11815 1403
11862 1398
11887 1396
11942 1391
11961 1388
11975 1380
12018 1378
12037 1375
12051 1367
12071 1363
12104 1352
12152 1335
12185 1324
12304 1322
12308 1317
12341 1306
12460 1304
12468 1294
12501 1283
12544 1281
12577 1270
12657 1265
12700 1263
12733 1252
12852 1250
12860 1240
12893 1229
13012 1227
13016 1222
13049 1211
13168 1209
13228 1199
13261 1188
13380 1186
13384 1181
13417 1170
13536 1168
13569 1162
13688 1160
13774 1158
13819 1153
13848 1149
13885 1142
13904 1132
13937 1121
14056 1119
14142 1117
14187 1112
14306 1110
14339 1104
14368 1100
14405 1093
14524 1091
14610 1089
14627 1088
14655 1084
14674 1074
14707 1063
14826 1061
14912 1059
15031 1057
15101 1056
15105 1053
15138 1042
15175 1035
15294 1033
15380 1031
15397 1030
15445 1024
15478 1013
15675 1010
15683 1009
15794 1008
15850 1005
15865 1002
15945 999
15978 988
16153 983
16350 980
16358 979
16365 977
16540 972
16620 969
16653 958
16858 954
17040 947
17245 943
