50
0 1 495 279
0 2 909 615
0 3 971 7
0 4 84 660
0 5 612 677
0 6 174 998
0 7 920 294
0 8 663 125
0 9 131 914
0 10 303 991
0 11 814 493
0 12 373 457
0 13 908 518
0 14 705 386
0 15 825 375
0 16 105 926
0 17 683 615
0 18 838 629
0 19 31 138
0 20 552 911
0 21 283 667
0 22 904 209
0 23 665 692
0 24 159 153
0 25 892 107
0 26 657 439
0 27 77 999
0 28 284 566
0 29 131 412
0 30 621 494
0 31 478 889
0 32 409 161
0 33 126 878
0 34 491 158
0 35 704 176
0 36 171 86
0 37 406 268
0 38 702 87
0 39 887 943
0 40 743 82
0 41 519 859
0 42 244 396
0 43 879 910
0 44 36 990
0 45 833 52
0 46 106 580
0 47 434 868
0 48 487 4
0 49 657 541
1 2 833 26
1 3 224 683
1 4 753 733
1 5 148 718
1 6 125 741
1 7 404 386
1 8 22 689
1 9 523 721
1 10 318 266
1 11 976 10
1 12 452 342
1 13 991 229
1 14 745 311
1 15 454 305
1 16 580 516
1 17 471 903
1 18 678 445
1 19 277 947
1 20 397 96
1 21 880 69
1 22 725 602
1 23 410 692
1 24 26 503
1 25 990 174
1 26 387 818
1 27 46 642
1 28 642 375
1 29 767 538
1 30 952 274
1 31 625 435
1 32 517 438
1 33 302 101
1 34 164 825
1 35 9 395
1 36 937 193
1 37 952 105
1 38 974 54
1 39 595 757
1 40 589 70
1 41 915 108
1 42 194 962
1 43 30 760
1 44 55 733
1 45 875 702
1 46 348 927
1 47 691 19
1 48 360 419
1 49 768 272
2 3 760 887
2 4 664 162
2 5 32 759
2 6 527 557
2 7 940 792
2 8 846 96
2 9 49 784
2 10 826 541
2 11 947 86
2 12 548 857
2 13 892 29
2 14 789 6
2 15 279 900
2 16 793 246
2 17 769 692
2 18 772 379
2 19 399 583
2 20 34 835
2 21 691 240
2 22 531 256
2 23 763 268
2 24 761 178
2 25 116 907
2 26 509 731
2 27 467 797
2 28 269 896
2 29 111 807
2 30 348 488
2 31 606 352
2 32 228 317
2 33 368 415
2 34 177 229
2 35 857 161
2 36 465 831
2 37 452 769
2 38 320 582
2 39 557 90
2 40 894 21
2 41 83 994
2 42 610 867
2 43 624 374
2 44 394 586
2 45 118 777
2 46 127 583
2 47 755 455
2 48 450 411
2 49 297 339
3 4 767 324
3 5 692 375
3 6 150 958
3 7 670 80
3 8 759 145
3 9 523 566
3 10 532 409
3 11 859 702
3 12 922 485
3 13 590 919
3 14 718 148
3 15 693 626
3 16 801 428
3 17 12 593
3 18 489 355
3 19 963 295
3 20 603 91
3 21 920 196
3 22 4 936
3 23 968 117
3 24 174 815
3 25 904 614
3 26 593 909
3 27 261 936
3 28 148 715
3 29 27 880
3 30 71 982
3 31 146 693
3 32 767 818
3 33 647 443
3 34 282 245
3 35 305 188
3 36 810 275
3 37 388 755
3 38 273 737
3 39 513 426
3 40 384 759
3 41 800 674
3 42 24 700
3 43 59 802
3 44 637 622
3 45 676 67
3 46 750 989
3 47 158 906
3 48 536 199
3 49 4 949
4 5 284 386
4 6 92 514
4 7 116 367
4 8 876 330
4 9 368 962
4 10 487 965
4 11 890 290
4 12 273 964
4 13 586 202
4 14 895 176
4 15 866 191
4 16 621 158
4 17 855 598
4 18 963 284
4 19 292 570
4 20 221 561
4 21 387 451
4 22 678 468
4 23 311 745
4 24 312 673
4 25 55 845
4 26 526 219
4 27 843 108
4 28 391 916
4 29 957 41
4 30 310 506
4 31 361 262
4 32 280 838
4 33 936 174
4 34 460 599
4 35 766 270
4 36 86 839
4 37 788 28
4 38 504 384
4 39 566 219
4 40 130 773
4 41 328 127
4 42 823 486
4 43 238 873
4 44 489 362
4 45 858 283
4 46 639 908
4 47 814 431
4 48 584 27
4 49 681 465
5 6 563 743
5 7 502 467
5 8 55 472
5 9 378 196
5 10 610 606
5 11 410 891
5 12 251 877
5 13 205 578
5 14 963 29
5 15 112 548
5 16 201 158
5 17 9 779
5 18 886 211
5 19 642 863
5 20 215 983
5 21 834 102
5 22 653 442
5 23 47 468
5 24 942 205
5 25 234 889
5 26 478 87
5 27 632 475
5 28 378 715
5 29 800 830
5 30 908 202
5 31 407 824
5 32 171 164
5 33 550 897
5 34 904 94
5 35 528 448
5 36 133 829
5 37 913 576
5 38 721 297
5 39 435 249
5 40 802 65
5 41 512 114
5 42 767 5
5 43 730 616
5 44 715 491
5 45 128 662
5 46 956 18
5 47 929 72
5 48 534 114
5 49 513 451
6 7 146 984
6 8 259 880
6 9 194 323
6 10 842 88
6 11 131 737
6 12 558 750
6 13 422 424
6 14 876 314
6 15 562 128
6 16 586 709
6 17 701 450
6 18 61 262
6 19 719 170
6 20 893 504
6 21 921 326
6 22 544 745
6 23 495 401
6 24 140 779
6 25 158 923
6 26 396 495
6 27 916 354
6 28 812 500
6 29 367 721
6 30 623 338
6 31 381 910
6 32 9 935
6 33 995 76
6 34 424 872
6 35 421 517
6 36 365 497
6 37 539 190
6 38 231 245
6 39 721 971
6 40 808 231
6 41 51 946
6 42 409 283
6 43 969 180
6 44 921 205
6 45 280 627
6 46 427 442
6 47 306 151
6 48 700 654
6 49 812 105
7 8 271 902
7 9 438 795
7 10 695 852
7 11 65 929
7 12 861 260
7 13 595 906
7 14 422 186
7 15 53 543
7 16 743 177
7 17 8 984
7 18 831 42
7 19 448 185
7 20 527 360
7 21 782 532
7 22 637 607
7 23 944 53
7 24 899 38
7 25 961 190
7 26 583 409
7 27 915 368
7 28 542 555
7 29 99 763
7 30 63 684
7 31 46 995
7 32 731 213
7 33 88 855
7 34 120 337
7 35 687 253
7 36 914 397
7 37 495 234
7 38 807 366
7 39 770 94
7 40 789 546
7 41 746 786
7 42 769 643
7 43 81 984
7 44 377 558
7 45 835 65
7 46 532 253
7 47 763 423
7 48 63 187
7 49 986 614
8 9 769 829
8 10 6 858
8 11 626 373
8 12 82 293
8 13 388 758
8 14 409 736
8 15 507 724
8 16 652 538
8 17 621 544
8 18 457 229
8 19 920 224
8 20 952 138
8 21 710 385
8 22 281 542
8 23 297 812
8 24 161 876
8 25 685 22
8 26 528 598
8 27 191 641
8 28 156 897
8 29 780 389
8 30 127 731
8 31 157 573
8 32 72 787
8 33 701 534
8 34 724 436
8 35 86 961
8 36 290 622
8 37 327 531
8 38 652 839
8 39 586 385
8 40 690 477
8 41 485 519
8 42 482 936
8 43 359 897
8 44 884 108
8 45 455 858
8 46 482 806
8 47 602 649
8 48 993 10
8 49 820 58
9 10 308 478
9 11 362 755
9 12 425 857
9 13 580 169
9 14 84 809
9 15 610 714
9 16 299 719
9 17 975 43
9 18 351 250
9 19 818 27
9 20 811 295
9 21 761 91
9 22 436 516
9 23 810 80
9 24 758 256
9 25 329 438
9 26 687 204
9 27 704 435
9 28 343 624
9 29 612 48
9 30 409 252
9 31 71 941
9 32 807 266
9 33 632 325
9 34 49 998
9 35 290 889
9 36 796 830
9 37 381 535
9 38 938 104
9 39 578 665
9 40 751 907
9 41 113 943
9 42 952 280
9 43 325 205
9 44 927 794
9 45 680 419
9 46 536 761
9 47 916 151
9 48 754 556
9 49 96 851
10 11 969 50
10 12 424 459
10 13 106 890
10 14 734 14
10 15 488 92
10 16 321 469
10 17 191 873
10 18 936 40
10 19 515 811
10 20 243 226
10 21 167 726
10 22 828 331
10 23 121 362
10 24 859 628
10 25 279 986
10 26 745 470
10 27 320 109
10 28 815 285
10 29 631 48
10 30 353 964
10 31 748 59
10 32 78 718
10 33 449 3
10 34 396 554
10 35 76 972
10 36 927 380
10 37 412 326
10 38 940 199
10 39 12 996
10 40 184 168
10 41 924 38
10 42 332 757
10 43 296 685
10 44 574 878
10 45 486 947
10 46 157 452
10 47 155 481
10 48 132 359
10 49 287 382
11 12 529 214
11 13 801 292
11 14 975 32
11 15 480 267
11 16 526 698
11 17 635 29
11 18 218 854
11 19 263 370
11 20 195 595
11 21 816 558
11 22 291 64
11 23 454 578
11 24 905 202
11 25 271 487
11 26 426 495
11 27 491 227
11 28 716 755
11 29 346 709
11 30 221 810
11 31 395 320
11 32 862 47
11 33 368 790
11 34 601 564
11 35 279 731
11 36 676 281
11 37 853 138
11 38 70 844
11 39 769 252
11 40 659 191
11 41 365 54
11 42 842 978
11 43 436 272
11 44 959 354
11 45 302 47
11 46 584 774
11 47 963 306
11 48 711 479
11 49 692 67
12 13 763 534
12 14 853 426
12 15 773 783
12 16 23 926
12 17 137 397
12 18 358 936
12 19 563 691
12 20 583 556
12 21 394 940
12 22 788 12
12 23 419 988
12 24 224 431
12 25 850 359
12 26 69 618
12 27 8 948
12 28 68 891
12 29 554 460
12 30 680 794
12 31 583 450
12 32 306 219
12 33 734 91
12 34 744 180
12 35 61 886
12 36 516 990
12 37 19 970
12 38 209 249
12 39 896 158
12 40 812 280
12 41 858 191
12 42 968 41
12 43 595 370
12 44 214 282
12 45 920 256
12 46 974 560
12 47 778 500
12 48 897 90
12 49 656 825
13 14 109 527
13 15 672 448
13 16 567 708
13 17 155 939
13 18 119 735
13 19 190 806
13 20 464 642
13 21 538 638
13 22 996 47
13 23 791 193
13 24 79 700
13 25 235 763
13 26 987 1
13 27 945 165
13 28 66 418
13 29 439 396
13 30 49 398
13 31 381 452
13 32 412 362
13 33 312 354
13 34 498 603
13 35 178 355
13 36 912 645
13 37 781 139
13 38 563 151
13 39 26 766
13 40 232 241
13 41 620 772
13 42 162 958
13 43 906 41
13 44 980 335
13 45 983 347
13 46 619 491
13 47 551 790
13 48 555 721
13 49 889 696
14 15 806 167
14 16 265 923
14 17 89 625
14 18 407 832
14 19 457 974
14 20 25 455
14 21 313 722
14 22 263 703
14 23 186 651
14 24 988 132
14 25 476 524
14 26 878 201
14 27 327 272
14 28 509 281
14 29 860 450
14 30 892 21
14 31 639 419
14 32 729 425
14 33 269 3
14 34 755 195
14 35 793 14
14 36 267 636
14 37 352 584
14 38 12 984
14 39 769 73
14 40 669 464
14 41 359 141
14 42 727 137
14 43 191 585
14 44 895 411
14 45 273 790
14 46 16 294
14 47 589 528
14 48 930 752
14 49 319 582
15 16 405 119
15 17 315 83
15 18 518 943
15 19 290 310
15 20 375 533
15 21 384 184
15 22 843 125
15 23 690 361
15 24 516 360
15 25 447 48
15 26 118 586
15 27 564 676
15 28 542 174
15 29 735 838
15 30 450 563
15 31 861 462
15 32 301 388
15 33 441 33
15 34 962 170
15 35 679 501
15 36 299 116
15 37 706 350
15 38 413 264
15 39 919 73
15 40 701 318
15 41 895 490
15 42 225 347
15 43 314 209
15 44 570 174
15 45 954 53
15 46 344 346
15 47 114 863
15 48 898 842
15 49 448 269
16 17 93 822
16 18 419 138
16 19 527 333
16 20 202 856
16 21 696 582
16 22 491 618
16 23 329 437
16 24 761 427
16 25 572 731
16 26 239 622
16 27 3 607
16 28 677 238
16 29 572 430
16 30 289 273
16 31 630 540
16 32 173 652
16 33 879 323
16 34 147 318
16 35 543 828
16 36 72 574
16 37 537 239
16 38 940 371
16 39 798 546
16 40 997 3
16 41 633 60
16 42 268 99
16 43 818 234
16 44 461 302
16 45 171 776
16 46 276 575
16 47 734 13
16 48 876 622
16 49 540 511
17 18 131 568
17 19 93 844
17 20 114 834
17 21 852 698
17 22 974 50
17 23 996 19
17 24 33 970
17 25 463 313
17 26 1000 109
17 27 993 89
17 28 272 413
17 29 812 270
17 30 576 699
17 31 367 715
17 32 234 928
17 33 772 350
17 34 695 647
17 35 985 41
17 36 827 383
17 37 216 403
17 38 542 12
17 39 350 909
17 40 524 63
17 41 766 186
17 42 604 735
17 43 858 272
17 44 637 347
17 45 800 136
17 46 283 517
17 47 766 320
17 48 6 861
17 49 762 310
18 19 852 225
18 20 359 31
18 21 816 562
18 22 18 914
18 23 93 778
18 24 197 676
18 25 595 381
18 26 838 79
18 27 93 859
18 28 670 753
18 29 361 578
18 30 433 566
18 31 706 747
18 32 309 793
18 33 863 160
18 34 66 804
18 35 723 501
18 36 792 161
18 37 901 595
18 38 47 815
18 39 190 327
18 40 42 298
18 41 58 991
18 42 292 932
18 43 607 7
18 44 396 731
18 45 13 756
18 46 635 638
18 47 609 434
18 48 687 367
18 49 786 521
19 20 59 788
19 21 425 904
19 22 668 731
19 23 784 281
19 24 694 81
19 25 455 935
19 26 376 926
19 27 917 361
19 28 728 617
19 29 193 875
19 30 483 885
19 31 616 580
19 32 820 594
19 33 863 257
19 34 425 901
19 35 522 383
19 36 929 603
19 37 805 697
19 38 816 172
19 39 281 969
19 40 37 366
19 41 663 414
19 42 957 479
19 43 505 36
19 44 66 834
19 45 433 763
19 46 396 898
19 47 979 363
19 48 727 389
19 49 202 948
20 21 649 187
20 22 161 646
20 23 115 896
20 24 756 245
20 25 120 788
20 26 826 591
20 27 38 786
20 28 515 785
20 29 985 306
20 30 555 286
20 31 765 36
20 32 806 107
20 33 989 46
20 34 755 272
20 35 259 257
20 36 982 1
20 37 511 949
20 38 500 375
20 39 437 236
20 40 93 696
20 41 231 967
20 42 618 261
20 43 93 989
20 44 940 598
20 45 256 866
20 46 421 65
20 47 775 343
20 48 919 251
20 49 966 419
21 22 684 626
21 23 7 959
21 24 652 370
21 25 853 412
21 26 244 959
21 27 52 992
21 28 853 189
21 29 1000 227
21 30 767 309
21 31 614 173
21 32 952 266
21 33 871 215
21 34 595 391
21 35 371 998
21 36 990 453
21 37 207 655
21 38 611 828
21 39 651 109
21 40 970 528
21 41 842 366
21 42 161 803
21 43 231 911
21 44 153 574
21 45 869 336
21 46 743 146
21 47 683 592
21 48 270 963
21 49 857 688
22 23 270 870
22 24 341 381
22 25 567 502
22 26 544 629
22 27 811 358
22 28 916 203
22 29 612 837
22 30 561 556
22 31 841 308
22 32 998 165
22 33 281 385
22 34 238 343
22 35 407 681
22 36 716 368
22 37 421 382
22 38 756 35
22 39 236 771
22 40 620 486
22 41 207 695
22 42 384 755
22 43 941 360
22 44 12 738
22 45 15 906
22 46 991 45
22 47 743 89
22 48 585 632
22 49 445 413
23 24 680 406
23 25 905 284
23 26 293 471
23 27 285 494
23 28 602 30
23 29 1 1000
23 30 765 343
23 31 851 278
23 32 11 795
23 33 465 645
23 34 698 925
23 35 236 215
23 36 223 394
23 37 416 740
23 38 460 415
23 39 248 867
23 40 194 755
23 41 625 147
23 42 912 359
23 43 374 717
23 44 209 828
23 45 968 558
23 46 447 913
23 47 212 808
23 48 202 258
23 49 349 511
24 25 621 645
24 26 303 855
24 27 165 840
24 28 147 845
24 29 931 66
24 30 609 260
24 31 800 137
24 32 53 979
24 33 171 819
24 34 606 977
24 35 948 86
24 36 682 188
24 37 43 990
24 38 757 709
24 39 236 118
24 40 1 999
24 41 967 65
24 42 866 174
24 43 171 672
24 44 930 523
24 45 803 223
24 46 512 210
24 47 477 196
24 48 420 599
24 49 73 715
25 26 267 189
25 27 725 260
25 28 744 670
25 29 898 316
25 30 151 8
25 31 594 562
25 32 418 245
25 33 657 181
25 34 314 755
25 35 716 44
25 36 951 364
25 37 54 739
25 38 922 153
25 39 525 667
25 40 903 468
25 41 908 198
25 42 508 92
25 43 86 266
25 44 303 513
25 45 417 883
25 46 211 877
25 47 611 162
25 48 448 745
25 49 581 447
26 27 135 581
26 28 801 673
26 29 900 107
26 30 544 354
26 31 679 305
26 32 834 58
26 33 461 879
26 34 709 688
26 35 975 261
26 36 583 819
26 37 381 609
26 38 127 940
26 39 447 494
26 40 213 825
26 41 204 864
26 42 301 480
26 43 685 836
26 44 826 66
26 45 824 472
26 46 448 862
26 47 311 681
26 48 349 672
26 49 392 782
27 28 78 171
27 29 51 905
27 30 227 372
27 31 19 380
27 32 59 901
27 33 195 787
27 34 993 491
27 35 723 231
27 36 608 570
27 37 817 126
27 38 73 827
27 39 839 73
27 40 86 802
27 41 429 720
27 42 62 288
27 43 571 832
27 44 989 37
27 45 663 259
27 46 492 127
27 47 809 112
27 48 328 379
27 49 78 330
28 29 876 392
28 30 124 494
28 31 477 35
28 32 220 700
28 33 992 112
28 34 936 292
28 35 646 88
28 36 972 84
28 37 442 785
28 38 787 60
28 39 817 687
28 40 149 848
28 41 277 228
28 42 613 287
28 43 757 338
28 44 377 609
28 45 626 228
28 46 251 344
28 47 317 916
28 48 4 943
28 49 708 182
29 30 997 15
29 31 24 965
29 32 117 566
29 33 335 858
29 34 507 140
29 35 251 610
29 36 448 384
29 37 124 652
29 38 99 607
29 39 75 665
29 40 214 606
29 41 351 438
29 42 506 417
29 43 488 183
29 44 739 680
29 45 719 692
29 46 453 461
29 47 330 75
29 48 159 863
29 49 445 169
30 31 419 273
30 32 268 613
30 33 78 546
30 34 15 443
30 35 527 957
30 36 586 858
30 37 559 296
30 38 334 583
30 39 320 828
30 40 737 82
30 41 89 400
30 42 585 69
30 43 24 525
30 44 94 560
30 45 331 317
30 46 600 527
30 47 305 478
30 48 928 90
30 49 895 384
31 32 14 980
31 33 992 279
31 34 263 41
31 35 461 472
31 36 99 907
31 37 710 725
31 38 698 435
31 39 832 391
31 40 740 205
31 41 302 595
31 42 229 763
31 43 473 377
31 44 732 537
31 45 922 90
31 46 809 87
31 47 385 241
31 48 219 956
31 49 780 407
32 33 336 244
32 34 192 456
32 35 948 114
32 36 823 370
32 37 803 24
32 38 354 138
32 39 833 195
32 40 388 393
32 41 929 22
32 42 262 47
32 43 78 941
32 44 399 321
32 45 349 639
32 46 33 601
32 47 47 825
32 48 172 300
32 49 308 246
33 34 514 462
33 35 560 272
33 36 864 354
33 37 167 908
33 38 888 340
33 39 857 431
33 40 480 193
33 41 327 395
33 42 250 573
33 43 413 636
33 44 650 912
33 45 746 124
33 46 655 518
33 47 255 27
33 48 369 697
33 49 445 578
34 35 412 486
34 36 159 959
34 37 232 933
34 38 676 373
34 39 133 634
34 40 971 207
34 41 645 749
34 42 854 415
34 43 214 875
34 44 381 888
34 45 375 528
34 46 407 617
34 47 221 988
34 48 920 260
34 49 50 579
35 36 926 268
35 37 311 425
35 38 351 743
35 39 359 130
35 40 739 673
35 41 999 121
35 42 161 932
35 43 289 586
35 44 785 564
35 45 63 620
35 46 478 311
35 47 341 417
35 48 32 914
35 49 146 718
36 37 309 797
36 38 669 297
36 39 961 727
36 40 786 238
36 41 349 227
36 42 620 480
36 43 629 582
36 44 285 770
36 45 441 454
36 46 39 758
36 47 438 334
36 48 658 809
36 49 991 502
37 38 477 277
37 39 160 407
37 40 389 410
37 41 4 961
37 42 592 203
37 43 822 302
37 44 311 544
37 45 45 599
37 46 330 495
37 47 579 357
37 48 491 165
37 49 540 155
38 39 913 641
38 40 632 423
38 41 343 861
38 42 592 282
38 43 867 159
38 44 302 676
38 45 982 391
38 46 764 72
38 47 866 39
38 48 790 38
38 49 71 984
39 40 742 575
39 41 807 311
39 42 662 13
39 43 16 855
39 44 755 713
39 45 40 989
39 46 421 809
39 47 981 265
39 48 869 520
39 49 299 469
40 41 824 227
40 42 912 325
40 43 164 991
40 44 845 634
40 45 55 745
40 46 252 699
40 47 404 825
40 48 79 720
40 49 797 167
41 42 540 52
41 43 940 89
41 44 3 922
41 45 289 629
41 46 288 24
41 47 715 453
41 48 970 567
41 49 112 850
42 43 208 834
42 44 773 574
42 45 745 473
42 46 313 628
42 47 982 188
42 48 892 389
42 49 878 298
43 44 516 390
43 45 374 904
43 46 37 599
43 47 26 717
43 48 636 524
43 49 725 104
44 45 100 774
44 46 704 65
44 47 261 807
44 48 556 556
44 49 56 561
45 46 681 105
45 47 867 19
45 48 310 297
45 49 918 26
46 47 386 613
46 48 562 278
46 49 558 162
47 48 115 300
47 49 724 164
48 49 346 268
0
3070
1071 37245
1072 36621
1076 36619
1077 36306
1082 36005
1086 36003
1087 35920
1090 35915
1094 35913
1095 35830
1099 35828
1100 35634
1105 35549
1110 35503
1114 35501
1115 35418
1118 35398
1123 35266
1128 35181
1132 35161
1133 35135
1135 35106
1137 35076
1138 35050
1140 35021
1145 35011
1146 34945
1147 34929
1149 34900
1151 34899
1152 34844
1154 34815
1155 34793
1158 34738
1160 34708
1163 34653
1167 34633
1170 34577
1171 34574
1172 34532
1176 34489
1177 34447
1181 34427
1183 34384
1184 34371
1186 34342
1188 34329
1190 34265
1193 34253
1195 34180
1200 34152
1201 34148
1202 34123
1203 34101
1204 34059
1206 34046
1208 34016
1209 33974
1211 33961
1213 33941
1215 33911
1218 33856
1220 33840
1222 33836
1224 33829
1225 33755
1227 33735
1231 33692
1232 33650
1236 33621
1238 33573
1241 33536
1243 33488
1245 33468
1249 33456
1250 33383
1252 33367
1255 33355
1257 33282
1259 33262
1261 33249
1263 33219
1264 33177
1266 33164
1270 33144
1271 33136
1273 33088
1275 33043
1279 33032
1280 32958
1284 32929
1287 32882
1289 32844
1291 32824
1293 32776
1296 32739
1298 32691
1303 32687
1305 32646
1306 32644
1307 32570
1311 32559
1312 32485
1317 32481
1319 32444
1321 32415
1322 32396
1327 32386
1328 32368
1329 32355
1332 32293
1335 32273
1337 32208
1339 32132
1344 32047
1349 32043
1350 32018
1354 31958
1360 31929
1365 31872
1370 31841
1373 31808
1375 31783
1379 31779
1380 31711
1385 31669
1390 31584
1395 31580
1398 31518
1400 31495
1404 31489
1406 31467
1408 31429
1413 31360
1416 31357
1418 31275
1423 31271
1424 31246
1428 31186
1434 31157
1439 31100
1444 31055
1447 31036
1449 31011
1452 30991
1454 30939
1459 30897
1462 30894
1464 30812
1469 30808
1472 30748
1474 30723
1478 30719
1482 30659
1488 30630
1491 30608
1495 30604
1496 30566
1499 30563
1500 30535
1501 30481
1505 30450
1508 30412
1511 30392
1513 30386
1515 30361
1518 30323
1523 30297
1528 30284
1529 30268
1533 30242
1535 30233
1537 30204
1538 30157
1542 30119
1545 30081
1548 30068
1550 30055
1552 30030
1555 29992
1560 29966
1564 29953
1566 29937
1569 29927
1570 29911
1572 29902
1574 29880
1575 29826
1579 29795
1582 29757
1585 29737
1587 29731
1589 29706
1592 29668
1597 29642
1601 29622
1603 29613
1606 29596
1609 29580
1611 29549
1612 29538
1614 29511
1616 29464
1619 29426
1624 29400
1626 29375
1629 29337
1634 29311
1638 29298
1640 29282
1643 29272
1648 29245
1649 29207
1653 29176
1656 29138
1659 29118
1661 29112
1662 29094
1663 29087
1665 29056
1666 29049
1670 29030
1671 29023
1672 29005
1675 28967
1680 28941
1685 28930
1686 28912
1688 28892
1690 28845
1693 28807
1698 28781
1700 28756
1703 28718
1708 28692
1714 28663
1717 28660
1722 28626
1724 28609
1727 28571
1732 28537
1735 28525
1737 28511
1740 28499
1742 28470
1745 28432
1748 28430
1750 28406
1752 28381
1755 28343
1758 28341
1760 28317
1763 28315
1766 28288
1769 28285
1772 28283
1774 28251
1776 28234
1779 28196
1782 28194
1784 28162
1787 28150
1789 28136
1792 28124
1794 28099
1797 28061
1800 28055
1802 28035
1805 28029
1807 28004
1810 27966
1815 27940
1821 27911
1824 27908
1826 27888
1829 27882
1830 27877
1831 27857
1834 27819
1839 27793
1843 27782
1845 27764
1848 27756
1854 27727
1856 27720
1859 27704
1860 27699
1862 27698
1864 27673
1867 27635
1869 27625
1872 27609
1878 27580
1880 27573
1883 27539
1886 27533
1888 27513
1891 27507
1893 27478
1896 27444
1901 27418
1907 27389
1910 27386
1912 27366
1915 27360
1916 27355
1917 27335
1920 27297
1925 27271
1929 27260
1931 27242
1934 27234
1940 27205
1942 27198
1945 27182
1946 27177
1948 27176
1950 27151
1953 27113
1955 27103
1958 27087
1964 27058
1966 27051
1969 27045
1974 27041
1975 27014
1978 27008
1979 26956
1988 26919
1993 26918
1999 26867
2002 26861
2005 26836
2012 26772
2023 26750
2025 26747
2028 26741
2029 26736
2034 26698
2037 26692
2038 26652
2047 26603
2057 26599
2059 26590
2060 26578
2062 26552
2064 26542
2067 26526
2073 26483
2083 26479
2084 26452
2086 26437
2087 26422
2088 26395
2096 26385
2097 26358
2101 26355
2107 26333
2108 26305
2111 26284
2114 26275
2120 26238
2121 26211
2132 26189
2134 26185
2137 26164
2143 26136
2146 26115
2147 26091
2155 26069
2156 26042
2166 26038
2169 26016
2172 25995
2176 25985
2178 25984
2181 25949
2182 25922
2192 25918
2193 25891
2195 25876
2196 25861
2204 25839
2205 25824
2207 25817
2210 25808
2216 25772
2217 25744
2220 25723
2228 25722
2229 25677
2239 25670
2240 25655
2242 25648
2243 25624
2246 25603
2252 25575
2255 25554
2264 25508
2275 25497
2277 25483
2278 25455
2281 25434
2290 25388
2301 25371
2303 25342
2310 25328
2314 25320
2315 25318
2316 25256
2326 25240
2327 25234
2329 25219
2338 25173
2342 25136
2350 25135
2351 25087
2364 25062
2367 25056
2372 25052
2373 25029
2377 24967
2385 24966
2388 24950
2390 24921
2394 24920
2399 24909
2401 24899
2403 24879
2407 24878
2410 24876
2412 24847
2414 24830
2416 24829
2422 24815
2425 24752
2440 24742
2442 24709
2445 24707
2446 24668
2455 24663
2457 24640
2462 24615
2466 24591
2471 24587
2476 24584
2477 24544
2481 24499
2490 24494
2492 24471
2500 24470
2503 24441
2505 24425
2509 24424
2511 24410
2514 24407
2516 24403
2518 24362
2527 24351
2529 24334
2531 24333
2533 24291
2540 24256
2546 24241
2552 24235
2555 24233
2557 24213
2560 24211
2561 24172
2570 24154
2572 24150
2575 24119
2583 24098
2586 24091
2591 24088
2592 24048
2596 24003
2605 23998
2608 23982
2618 23945
2624 23942
2626 23914
2627 23911
2632 23908
2633 23866
2640 23861
2645 23845
2648 23795
2655 23792
2657 23790
2660 23774
2661 23745
2667 23739
2670 23737
2677 23718
2680 23712
2683 23687
2685 23658
2688 23655
2690 23623
2698 23608
2702 23602
2710 23581
2712 23565
2713 23537
2719 23531
2723 23486
2734 23483
2735 23479
2739 23465
2742 23415
2750 23400
2754 23394
2755 23365
2760 23349
2771 23346
2775 23278
2782 23275
2788 23273
2791 23257
2792 23228
2797 23220
2804 23201
2807 23157
2812 23141
2817 23106
2828 23103
2829 23099
2835 23093
2837 23087
2838 23073
2839 23048
2844 23020
2850 23014
2852 23008
2854 22969
2865 22966
2868 22956
2869 22898
2880 22895
2885 22871
2891 22840
2900 22835
2902 22829
2904 22800
2906 22761
2917 22750
2920 22748
2922 22742
2929 22739
2930 22737
2932 22693
2937 22663
2944 22660
2952 22627
2954 22621
2957 22611
2962 22576
2964 22570
2969 22542
2975 22536
2979 22491
2989 22490
2990 22488
2992 22478
2999 22439
3007 22430
3014 22368
3016 22362
3027 22359
3029 22355
3030 22341
3031 22283
3042 22280
3049 22270
3051 22231
3062 22220
3067 22212
3074 22209
3075 22189
3077 22163
3081 22147
3082 22133
3089 22130
3090 22118
3094 22089
3105 22085
3109 22040
3114 22012
3120 22006
3124 21961
3135 21958
3137 21948
3141 21925
3148 21914
3152 21900
3158 21883
3161 21832
3172 21829
3174 21825
3176 21753
3187 21750
3200 21706
3211 21694
3220 21659
3224 21638
3226 21617
3235 21588
3237 21582
3239 21559
3252 21503
3263 21486
3271 21474
3272 21451
3283 21434
3286 21395
3297 21392
3298 21383
3302 21367
3303 21353
3310 21348
3314 21336
3315 21309
3321 21292
3330 21260
3335 21232
3341 21226
3345 21181
3356 21164
3362 21145
3369 21134
3373 21120
3380 21117
3382 21052
3393 21035
3397 20973
3408 20956
3419 20953
3421 20926
3432 20909
3443 20899
3445 20858
3447 20837
3458 20820
3460 20779
3471 20762
3484 20732
3490 20720
3492 20694
3503 20677
3507 20615
3518 20598
3527 20591
3531 20568
3542 20512
3553 20495
3557 20479
3559 20452
3570 20421
3581 20404
3590 20397
3592 20376
3594 20374
3603 20359
3605 20318
3609 20316
3616 20301
3620 20285
3629 20271
3631 20268
3637 20233
3648 20216
3652 20154
3663 20137
3669 20094
3680 20077
3689 20070
3700 20039
3702 20018
3704 19991
3715 19960
3719 19958
3726 19943
3730 19941
3736 19933
3739 19913
3747 19902
3750 19896
3752 19864
3754 19855
3763 19847
3765 19824
3769 19804
3780 19773
3791 19756
3799 19712
3810 19695
3814 19633
3825 19616
3836 19613
3843 19611
3846 19575
3857 19558
3860 19551
3862 19506
3864 19497
3873 19489
3875 19480
3879 19446
3890 19429
3899 19422
3906 19417
3909 19393
3910 19391
3912 19370
3914 19343
3925 19312
3929 19310
3936 19295
3940 19293
3946 19285
3948 19274
3949 19265
3957 19254
3960 19248
3962 19244
3964 19207
3974 19206
3975 19176
3986 19159
3991 19114
4002 19097
4005 19090
4009 19064
4020 19047
4024 18985
4035 18968
4046 18965
4052 18961
4055 18954
4056 18927
4067 18910
4070 18903
4074 18849
4085 18832
4091 18824
4102 18793
4106 18791
4113 18776
4116 18769
4119 18745
4123 18743
4130 18728
4134 18726
4137 18682
4148 18665
4152 18657
4163 18640
4166 18633
4169 18609
4170 18600
4180 18592
4181 18583
4186 18545
4188 18544
4192 18542
4197 18528
4199 18527
4200 18521
4201 18466
4212 18449
4215 18442
4226 18425
4236 18409
4238 18408
4242 18406
4247 18392
4249 18391
4250 18385
4251 18330
4262 18313
4265 18306
4276 18289
4287 18286
4294 18280
4296 18226
4300 18224
4307 18209
4310 18202
4314 18163
4325 18146
4328 18139
4339 18122
4346 18090
4347 18081
4357 18073
4358 18064
4361 18057
4364 18027
4365 18025
4369 18023
4375 18010
4376 18008
4378 18003
4379 18001
4383 17999
4389 17986
4390 17984
4394 17982
4397 17945
4408 17928
4409 17923
4411 17921
4415 17889
4419 17887
4426 17872
4429 17865
4433 17863
4440 17848
4442 17841
4446 17839
4453 17824
4456 17817
4459 17787
4460 17778
4470 17770
4471 17761
4474 17754
4478 17722
4482 17720
4489 17705
4492 17698
4496 17696
4503 17681
4507 17679
4510 17642
4511 17640
4515 17638
4521 17625
4522 17623
4524 17618
4525 17616
4528 17586
4532 17584
4539 17569
4542 17562
4546 17560
4553 17545
4555 17538
4559 17536
4561 17504
4565 17502
4572 17487
4575 17480
4579 17478
4586 17463
4590 17461
4596 17431
4601 17427
4605 17402
4609 17400
4616 17385
4619 17378
4623 17376
4624 17337
4628 17335
4635 17320
4638 17313
4642 17311
4649 17296
4651 17291
4662 17274
4672 17267
4674 17201
4678 17199
4685 17184
4688 17177
4692 17175
4699 17160
4703 17158
4710 17157
4714 17124
4725 17107
4735 17090
4739 17088
4742 17046
4747 17042
4753 17029
4758 17025
4764 16988
4775 16971
4785 16964
4789 16962
4791 16940
4797 16906
4808 16889
4819 16886
4823 16867
4827 16865
4834 16850
4838 16848
4839 16833
4841 16804
4852 16787
4860 16739
4871 16722
4882 16719
4890 16718
4894 16693
4905 16676
4910 16603
4921 16586
4932 16583
4943 16582
4949 16574
4959 16571
4962 16559
4964 16510
4968 16508
4971 16492
4978 16486
4981 16473
4992 16470
5003 16415
5007 16390
5018 16373
5029 16370
5032 16355
5036 16333
5047 16330
5054 16297
5062 16294
5066 16292
5068 16279
5075 16273
5079 16262
5080 16231
5087 16215
5098 16212
5108 16174
5119 16157
5129 16142
5131 16113
5148 16104
5149 16030
5160 16027
5171 16026
5179 16024
5182 16023
5184 16002
5195 15999
5198 15998
5200 15912
5211 15909
5222 15908
5228 15900
5245 15891
5249 15880
5252 15868
5260 15865
5261 15801
5272 15798
5278 15782
5293 15741
5297 15699
5308 15696
5319 15695
5327 15693
5329 15664
5344 15623
5347 15601
5358 15588
5369 15585
5380 15584
5382 15573
5393 15570
5397 15535
5398 15483
5408 15470
5419 15467
5426 15451
5441 15410
5452 15407
5459 15352
5470 15349
5481 15348
5491 15312
5495 15270
5506 15267
5517 15266
5525 15264
5527 15235
5542 15194
5553 15191
5556 15139
5567 15136
5578 15135
5589 15132
5595 15106
5603 15083
5606 15041
5617 15038
5624 15022
5639 14981
5650 14978
5656 14975
5657 14923
5668 14920
5679 14919
5690 14916
5692 14893
5700 14870
5711 14867
5714 14860
5721 14849
5724 14826
5734 14825
5735 14823
5739 14817
5742 14814
5753 14762
5754 14710
5765 14707
5776 14706
5787 14703
5797 14702
5803 14664
5814 14661
5815 14644
5825 14610
5835 14609
5836 14604
5839 14601
5854 14546
5865 14543
5876 14542
5887 14539
5888 14533
5891 14517
5897 14493
5908 14490
5911 14483
5912 14431
5922 14397
5932 14396
5933 14394
5943 14393
5951 14333
5962 14330
5973 14329
5984 14326
5985 14320
5996 14317
6000 14283
6011 14280
6012 14267
6016 14250
6022 14233
6032 14232
6033 14230
6035 14228
6036 14224
6053 14170
6064 14167
6074 14165
6080 14118
6090 14117
6091 14115
6100 14083
6109 14054
6119 14020
6129 14019
6130 14017
6140 14016
6150 13957
6161 13954
6172 13953
6182 13943
6184 13937
6195 13934
6197 13906
6208 13903
6211 13891
6213 13873
6224 13870
6231 13856
6235 13848
6252 13833
6258 13804
6269 13801
6271 13788
6277 13741
6287 13740
6288 13738
6297 13706
6308 13678
6319 13675
6324 13667
6328 13643
6339 13640
6349 13620
6355 13604
6365 13593
6375 13592
6376 13590
6381 13560
6392 13557
6396 13530
6407 13527
6412 13497
6423 13494
6434 13493
6439 13475
6449 13474
6450 13472
6455 13427
6466 13424
6470 13412
6476 13404
6482 13388
6486 13364
6497 13361
6502 13353
6507 13341
6513 13325
6523 13314
6527 13306
6533 13290
6539 13281
6543 13279
6550 13278
6554 13251
6565 13248
6570 13218
6574 13216
6581 13215
6585 13213
6586 13207
6595 13193
6601 13177
6611 13160
6617 13144
6627 13140
6628 13133
6639 13130
6643 13107
6648 13098
6654 13090
6660 13074
6671 13071
6681 13051
6685 13027
6691 13011
6701 13000
6712 12988
6716 12985
6717 12974
6728 12961
6732 12937
6743 12934
6744 12928
6748 12926
6753 12914
6759 12898
6769 12881
6773 12879
6775 12865
6779 12863
6785 12861
6790 12860
6796 12858
6800 12840
6801 12828
6805 12826
6806 12819
6816 12807
6826 12803
6827 12796
6832 12787
6842 12770
6843 12769
6847 12761
6848 12754
6859 12736
6863 12734
6870 12733
6874 12706
6885 12700
6890 12673
6894 12671
6900 12663
6906 12647
6916 12637
6922 12621
6931 12600
6937 12584
6948 12581
6958 12561
6963 12547
6974 12528
6978 12526
6984 12524
6989 12523
6990 12508
7000 12491
7004 12489
7005 12482
7006 12475
7010 12473
7017 12472
7021 12455
7031 12450
7037 12429
7047 12417
7052 12392
7063 12389
7073 12369
7084 12366
7089 12336
7093 12334
7100 12333
7104 12331
7105 12310
7116 12307
7121 12283
7125 12281
7131 12273
7136 12247
7147 12244
7158 12234
7162 12210
7168 12194
7179 12191
7189 12171
7200 12168
7205 12138
7209 12136
7216 12135
7220 12118
7231 12115
7236 12092
7247 12089
7251 12055
7262 12052
7273 12042
7283 12002
7294 11999
7304 11979
7315 11976
7320 11946
7324 11944
7331 11943
7335 11941
7336 11920
7347 11917
7358 11916
7366 11908
7367 11857
7378 11854
7389 11853
7400 11850
7405 11837
7409 11835
7417 11831
7419 11820
7421 11811
7432 11794
7438 11792
7449 11778
7451 11728
7462 11725
7473 11724
7482 11665
7493 11662
7504 11661
7515 11658
7522 11647
7533 11640
7534 11628
7536 11619
7548 11596
7564 11586
7566 11581
7567 11556
7589 11552
7592 11548
7593 11544
7597 11518
7617 11515
7619 11514
7622 11490
7632 11467
7637 11455
7648 11452
7658 11438
7663 11404
7685 11400
7689 11397
7692 11377
7703 11374
7706 11361
7720 11334
7727 11326
7737 11298
7758 11263
7769 11260
7780 11259
7786 11257
7791 11256
7794 11228
7810 11226
7812 11217
7818 11194
7839 11177
7843 11154
7852 11151
7865 11150
7868 11146
7869 11142
7874 11141
7875 11124
7882 11116
7890 11113
7896 11107
7903 11099
7909 11081
7913 11053
7924 11050
7930 11046
7934 11036
7945 11033
7947 11010
7956 10999
7965 10995
7980 10994
7982 10992
7985 10972
7994 10967
7996 10932
8013 10929
8018 10928
8019 10927
8020 10921
8028 10915
8030 10893
8039 10889
8051 10858
8062 10855
8070 10826
8087 10823
8092 10822
8103 10821
8105 10812
8111 10789
8120 10785
8123 10783
8132 10772
8136 10749
8145 10746
8151 10722
8168 10719
8172 10705
8185 10679
8202 10676
8206 10648
8217 10645
8223 10641
8227 10631
8238 10628
8240 10605
8246 10599
8258 10590
8266 10584
8287 10562
8289 10527
8311 10523
8312 10522
8321 10519
8324 10499
8327 10495
8332 10484
8340 10478
8356 10468
8361 10452
8363 10421
8385 10417
8399 10414
8405 10395
8413 10380
8416 10378
8421 10374
8430 10362
8439 10352
8444 10317
8465 10300
8478 10274
8500 10270
8508 10257
8516 10251
8526 10242
8530 10237
8539 10194
8563 10193
8574 10181
8581 10168
8589 10153
8597 10147
8606 10135
8615 10125
8620 10090
8644 10089
8654 10047
8678 10046
8687 10031
8705 10022
8706 10010
8716 9997
8721 9988
8739 9966
8750 9954
8761 9951
8773 9928
8795 9924
8797 9919
8801 9913
8803 9911
8806 9907
8811 9905
8817 9895
8820 9862
8832 9850
8834 9848
8854 9819
8866 9807
8887 9803
8892 9801
8899 9791
8901 9786
8915 9744
8935 9743
8949 9701
8982 9685
9000 9676
9001 9664
9016 9642
9032 9622
9046 9608
9066 9579
9096 9567
9099 9563
9101 9558
9113 9546
9127 9504
9147 9503
9161 9461
9194 9445
9212 9436
9213 9424
9228 9402
9250 9397
9258 9386
9278 9367
9280 9365
9284 9354
9292 9343
9313 9318
9336 9317
9344 9302
9347 9275
9375 9274
9378 9259
9398 9250
9409 9249
9411 9243
9414 9216
9436 9211
9444 9200
9456 9170
9470 9168
9478 9157
9490 9127
9523 9111
9537 9109
9541 9102
9545 9098
9557 9068
9579 9063
9587 9052
9601 9050
9608 9043
9613 9020
9621 9009
9646 9004
9654 8993
9668 8991
9672 8984
9673 8968
9680 8961
9688 8950
9707 8925
9740 8909
9744 8902
9762 8896
9770 8895
9774 8866
9796 8861
9804 8850
9811 8843
9830 8818
9838 8807
9863 8802
9871 8791
9885 8789
9888 8775
9897 8759
9905 8748
9922 8732
9953 8730
9955 8716
9961 8700
9989 8673
10011 8668
10019 8657
10028 8641
10045 8625
10053 8614
10078 8609
10086 8598
10100 8596
10105 8575
10112 8566
10120 8555
10142 8550
10150 8549
10160 8546
10168 8537
10172 8516
10176 8507
10202 8500
10209 8491
10228 8468
10236 8457
10243 8448
10269 8441
10283 8439
10294 8436
10295 8409
10303 8398
10325 8393
10333 8392
10351 8380
10359 8350
10392 8334
10417 8329
10418 8321
10425 8318
10426 8291
10456 8285
10457 8281
10477 8279
10482 8276
10484 8270
10490 8265
10492 8259
10503 8252
10509 8242
10516 8233
10524 8222
10544 8220
10546 8217
10548 8211
10562 8204
10570 8193
10576 8183
10580 8174
10600 8172
10606 8167
10608 8161
10613 8158
10615 8152
10626 8145
10632 8135
10640 8124
10647 8115
10667 8113
10673 8108
10675 8102
10686 8095
10693 8086
10699 8076
10707 8065
10729 8060
10731 8054
10745 8047
10753 8036
10763 8017
10796 8001
10798 7995
10809 7988
10829 7985
10830 7958
10860 7952
10876 7929
10896 7926
10906 7923
10917 7916
10930 7909
10946 7899
10948 7887
10952 7878
10978 7871
10982 7870
10985 7862
10990 7859
10991 7858
10997 7850
11004 7839
11012 7828
11019 7819
11045 7812
11049 7811
11057 7800
11069 7792
11071 7780
11079 7769
11101 7764
11109 7763
11113 7752
11135 7721
11161 7716
11168 7705
11180 7693
11202 7662
11232 7656
11255 7653
11256 7650
11264 7643
11272 7632
11288 7613
11318 7607
11323 7595
11328 7584
11350 7577
11354 7574
11362 7563
11369 7554
11390 7536
11395 7525
11421 7515
11429 7504
11451 7499
11459 7498
11462 7494
11466 7479
11477 7474
11485 7456
11511 7451
11518 7440
11529 7435
11533 7420
11552 7397
11582 7391
11593 7376
11619 7371
11626 7360
11638 7348
11659 7342
11660 7317
11690 7311
11713 7308
11718 7305
11721 7294
11726 7283
11740 7271
11760 7262
11781 7250
11786 7239
11808 7232
11812 7229
11816 7214
11827 7209
11848 7191
11853 7180
11879 7170
11883 7155
11909 7154
11913 7149
11924 7134
11943 7111
11969 7106
11976 7095
11991 7075
12010 7052
12040 7046
12061 7045
12063 7043
12068 7040
12071 7029
12091 7026
12101 7023
12107 7022
12112 7008
12117 6997
12131 6985
12151 6976
12158 6967
12179 6949
12184 6938
12198 6926
12218 6917
12240 6912
12248 6911
12267 6907
12274 6869
12307 6853
12337 6847
12341 6810
12371 6804
12390 6800
12399 6798
12420 6794
12428 6786
12438 6780
12462 6743
12495 6727
12525 6721
12529 6684
12559 6678
12578 6674
12587 6672
12605 6663
12626 6654
12628 6653
12653 6636
12686 6620
12696 6608
12720 6577
12750 6571
12769 6567
12778 6565
12793 6537
12816 6527
12841 6510
12874 6494
12884 6482
12908 6451
12938 6445
12957 6441
12966 6439
12987 6435
12996 6433
13005 6421
13007 6420
13035 6415
13037 6414
13052 6408
13072 6406
13080 6380
13101 6379
13108 6377
13110 6374
13114 6371
13119 6349
13139 6347
13149 6343
13153 6340
13161 6337
13171 6325
13195 6294
13225 6288
13244 6284
13251 6282
13260 6280
13274 6266
13289 6253
13303 6252
13319 6247
13327 6221
13357 6215
13376 6211
13406 6192
13424 6191
13426 6190
13436 6186
13440 6183
13455 6182
13462 6180
13463 6175
13485 6151
13487 6144
13517 6138
13536 6134
13538 6119
13561 6109
13576 6096
13590 6095
13606 6090
13614 6064
13644 6058
13663 6054
13670 6052
13693 6036
13708 6023
13738 6017
13757 6013
13772 6007
13777 6001
13787 5994
13801 5993
13805 5985
13825 5962
13853 5959
13855 5956
13859 5953
13868 5946
13882 5945
13898 5940
13904 5921
13906 5914
13936 5908
13955 5904
13957 5895
13980 5879
13995 5866
14025 5860
14044 5856
14051 5854
14070 5851
14074 5838
14090 5837
14092 5828
14115 5819
14117 5812
14147 5806
14151 5803
14166 5802
14168 5793
14186 5787
14191 5777
14196 5771
14206 5764
14234 5761
14236 5758
14240 5755
14247 5752
14270 5736
14272 5729
14287 5716
14317 5710
14336 5706
14338 5697
14361 5681
14391 5675
14407 5669
14411 5665
14437 5663
14441 5659
14451 5653
14456 5652
14458 5643
14471 5639
14473 5630
14483 5627
14498 5614
14528 5608
14532 5605
14547 5604
14549 5595
14562 5586
14572 5579
14599 5575
14602 5573
14606 5570
14613 5567
14635 5560
14650 5556
14653 5531
14683 5525
14702 5521
14704 5512
14734 5506
14743 5503
14748 5500
14763 5489
14773 5484
14777 5480
14795 5477
14807 5474
14810 5473
14814 5470
14817 5468
14824 5465
14837 5454
14839 5445
14863 5442
14864 5429
14894 5423
14898 5420
14913 5419
14915 5410
14945 5404
14949 5401
14950 5394
14965 5390
14974 5387
14995 5384
15001 5375
15016 5371
15020 5370
15022 5369
15025 5368
15038 5359
15048 5352
15050 5343
15074 5340
15080 5337
15084 5334
15099 5333
15108 5331
15109 5318
15129 5304
15159 5298
15161 5292
15176 5288
15180 5285
15195 5283
15206 5282
15210 5279
15212 5273
15227 5269
15231 5268
15242 5267
15246 5264
15249 5257
15253 5253
15271 5250
15282 5249
15283 5247
15286 5246
15293 5241
15295 5232
15315 5218
15339 5215
15340 5202
15370 5196
15374 5193
15389 5192
15391 5183
15406 5181
15421 5177
15425 5174
15426 5167
15441 5163
15456 5161
15467 5158
15471 5157
15477 5148
15492 5144
15496 5143
15498 5142
15516 5139
15521 5136
15525 5129
15526 5116
15550 5113
15556 5110
15560 5107
15575 5106
15584 5104
15585 5091
15612 5081
15627 5077
15636 5072
15637 5065
15652 5061
15667 5059
15671 5056
15682 5055
15686 5052
15688 5046
15703 5042
15707 5041
15718 5040
15722 5037
15732 5034
15736 5027
15758 5022
15764 5021
15770 5018
15771 5005
15795 5002
15801 4999
15820 4995
15822 4992
15823 4979
15838 4975
15853 4973
15857 4970
15868 4969
15872 4966
15882 4954
15897 4950
15912 4948
15927 4944
15933 4935
15948 4931
15952 4930
15963 4929
15978 4925
15979 4920
15981 4916
16003 4911
16004 4904
16016 4899
16033 4890
16048 4886
16055 4885
16063 4884
16067 4881
16068 4868
16083 4864
16098 4862
16107 4861
16113 4858
16126 4855
16127 4848
16138 4844
16157 4842
16161 4839
16168 4838
16176 4835
16178 4829
16190 4818
16205 4814
16220 4812
16224 4809
16235 4808
16239 4805
16249 4793
16261 4788
16278 4779
16293 4775
16300 4774
16308 4773
16313 4762
16328 4758
16343 4756
16347 4753
16358 4752
16362 4749
16372 4737
16387 4733
16400 4729
16415 4725
16423 4718
16435 4707
16450 4703
16465 4701
16471 4699
16480 4697
16493 4694
16494 4687
16509 4683
16523 4673
16538 4669
16545 4668
16553 4667
16557 4664
16558 4651
16573 4647
16588 4645
16597 4644
16603 4641
16622 4638
16628 4627
16645 4618
16660 4614
16675 4612
16680 4601
16695 4597
16710 4595
16714 4592
16725 4591
16729 4588
16739 4576
16754 4572
16768 4562
16783 4558
16790 4557
16798 4556
16805 4553
16813 4552
16814 4551
16829 4547
16838 4538
16866 4532
16875 4525
16890 4512
16905 4508
16920 4506
16924 4503
16925 4490
16940 4486
16955 4484
16964 4483
16970 4480
16986 4474
17000 4468
17015 4464
17024 4462
17027 4461
17037 4455
17047 4451
17052 4446
17067 4442
17082 4440
17085 4436
17112 4421
17127 4417
17135 4401
17150 4397
17165 4395
17172 4388
17187 4384
17202 4382
17211 4381
17217 4378
17239 4377
17241 4375
17242 4374
17247 4366
17257 4362
17262 4357
17277 4353
17292 4351
17294 4349
17299 4344
17314 4340
17329 4338
17338 4337
17341 4336
17344 4334
17359 4319
17374 4315
17382 4299
17397 4295
17412 4293
17427 4289
17428 4288
17443 4284
17458 4282
17467 4281
17473 4278
17486 4275
17501 4271
17503 4266
17504 4260
17509 4255
17524 4251
17539 4249
17554 4245
17555 4244
17570 4240
17585 4238
17594 4237
17596 4231
17606 4225
17621 4221
17631 4209
17638 4199
17653 4195
17668 4193
17683 4189
17706 4187
17721 4183
17730 4181
17733 4180
17736 4179
17743 4174
17753 4170
17760 4160
17765 4155
17780 4151
17795 4149
17810 4145
17818 4140
17833 4136
17841 4120
17856 4116
17871 4114
17878 4107
17893 4103
17908 4101
17917 4100
17923 4097
17947 4094
17948 4093
17953 4085
17963 4081
17978 4077
17993 4075
17995 4074
18000 4068
18015 4064
18018 4060
18033 4056
18047 4055
18048 4054
18063 4050
18065 4038
18080 4034
18088 4018
18103 4014
18118 4012
18133 4008
18134 4007
18149 4003
18164 4001
18173 4000
18179 3997
18201 3994
18209 3985
18210 3979
18225 3975
18240 3973
18255 3969
18256 3968
18271 3964
18286 3962
18297 3961
18301 3958
18323 3955
18327 3954
18333 3946
18343 3942
18344 3918
18359 3914
18374 3912
18389 3908
18442 3898
18453 3897
18457 3894
18466 3879
18481 3875
18496 3873
18511 3869
18514 3868
18529 3864
18544 3862
18553 3861
18559 3858
18579 3855
18589 3846
18590 3840
18605 3836
18620 3834
18635 3830
18636 3829
18642 3821
18657 3817
18672 3815
18684 3813
18687 3811
18699 3809
18700 3795
18715 3791
18724 3779
18739 3775
18754 3773
18769 3769
18821 3762
18822 3756
18837 3752
18846 3740
18861 3736
18876 3734
18891 3730
18944 3720
18956 3695
18971 3691
18986 3689
19001 3685
19022 3682
19037 3678
19052 3676
19054 3675
19064 3674
19067 3672
19069 3671
19078 3656
19093 3652
19108 3650
19123 3646
19144 3643
19159 3639
19174 3637
19176 3636
19186 3635
19189 3633
19191 3632
19201 3631
19206 3630
19216 3629
19217 3619
19232 3615
19247 3613
19254 3598
19269 3594
19284 3592
19296 3590
19299 3588
19311 3586
19326 3584
19327 3574
19342 3570
19357 3568
19372 3564
19376 3559
19391 3555
19406 3553
19418 3551
19421 3549
19433 3547
19448 3545
19449 3535
19464 3531
19479 3529
19494 3525
19521 3523
19536 3519
19547 3515
19557 3514
19562 3511
19572 3510
19577 3509
19585 3508
19592 3505
19594 3493
19609 3489
19616 3483
19631 3479
19646 3477
19661 3473
19667 3469
19682 3465
19697 3463
19711 3455
19716 3454
19726 3451
19731 3450
19738 3444
19753 3440
19768 3438
19783 3434
19789 3430
19804 3426
19819 3424
19833 3416
19848 3412
19863 3410
19877 3407
19878 3406
19892 3403
19907 3401
19914 3386
19929 3382
19944 3380
19956 3378
19959 3376
19971 3374
19986 3372
19987 3362
20002 3358
20017 3356
20024 3354
20032 3352
20036 3347
20051 3343
20066 3341
20078 3339
20081 3337
20082 3334
20097 3330
20109 3323
20124 3319
20139 3317
20146 3315
20154 3313
20173 3311
20176 3309
20188 3307
20203 3305
20204 3295
20219 3291
20234 3289
20249 3285
20254 3281
20269 3277
20284 3275
20299 3271
20318 3268
20327 3257
20342 3253
20357 3251
20364 3249
20372 3247
20376 3242
20391 3238
20406 3236
20421 3232
20422 3229
20437 3225
20449 3218
20464 3214
20479 3212
20486 3210
20494 3208
20516 3204
20536 3202
20544 3190
20559 3186
20574 3184
20589 3180
20609 3178
20624 3176
20631 3174
20639 3172
20642 3170
20643 3167
20657 3166
20658 3163
20673 3161
20687 3160
20688 3157
20689 3154
20704 3150
20716 3143
20731 3139
20746 3137
20753 3135
20761 3133
20783 3129
20800 3127
20810 3126
20811 3115
20826 3111
20841 3109
20856 3105
20880 3103
20883 3102
20895 3099
20898 3098
20909 3095
20920 3094
20924 3091
20925 3089
20940 3085
20955 3083
20970 3079
20978 3074
20993 3070
21008 3068
21023 3064
21039 3062
21045 3059
21052 3056
21060 3055
21067 3052
21077 3051
21082 3050
21089 3048
21092 3047
21097 3042
21112 3038
21127 3036
21134 3034
21140 3031
21147 3028
21150 3027
21162 3024
21165 3023
21177 3022
21180 3021
21187 3019
21192 3014
21207 3010
21222 3008
21237 3004
21245 2999
21260 2995
21275 2993
21290 2989
21312 2984
21327 2980
21343 2979
21349 2976
21358 2975
21359 2973
21374 2969
21389 2967
21404 2963
21407 2956
21422 2952
21448 2951
21458 2950
21463 2949
21470 2947
21473 2946
21476 2944
21479 2943
21486 2940
21494 2939
21501 2936
21516 2934
21520 2932
21521 2930
21528 2927
21531 2926
21543 2923
21546 2922
21558 2921
21561 2920
21568 2918
21573 2917
21574 2915
21581 2912
21589 2911
21596 2908
21611 2906
21626 2898
21641 2894
21656 2892
21671 2888
21693 2883
21708 2879
21724 2878
21730 2875
21739 2874
21743 2869
21746 2868
21758 2865
21761 2864
21783 2860
21788 2855
21803 2851
21841 2840
21856 2836
21882 2835
21897 2833
21901 2831
21910 2828
21925 2824
21939 2820
21954 2816
21955 2814
21962 2811
21970 2810
21977 2807
21992 2805
22007 2801
22029 2796
22044 2792
22054 2791
22066 2788
22069 2787
22082 2781
22097 2777
22119 2773
22124 2768
22127 2767
22139 2764
22142 2763
22164 2759
22177 2753
22192 2749
22222 2739
22237 2735
22291 2727
22306 2723
22320 2719
22335 2715
22386 2710
22390 2704
22405 2700
22431 2696
22457 2693
22463 2680
22478 2676
22500 2672
22552 2665
22558 2652
22573 2648
22653 2647
22657 2636
22668 2634
22672 2632
22683 2630
22746 2626
22752 2613
22767 2609
22799 2607
22852 2598
22853 2592
22868 2588
22941 2583
22947 2570
22962 2566
23039 2562
23046 2554
23047 2553
23057 2552
23061 2550
23062 2549
23072 2548
23094 2547
23135 2544
23141 2531
23156 2527
23188 2525
23242 2510
23257 2506
23334 2502
23341 2494
23352 2492
23356 2490
23367 2488
23382 2486
23413 2484
23428 2480
23436 2471
23451 2467
23483 2465
23535 2464
23538 2462
23540 2457
23546 2453
23561 2449
23593 2447
23611 2446
23634 2435
23649 2431
23662 2430
23677 2426
23708 2424
23723 2420
23733 2419
23734 2418
23744 2417
23748 2415
23749 2414
23759 2413
23772 2412
23787 2408
23818 2406
23828 2396
23843 2392
23875 2390
23906 2386
23924 2382
23929 2375
23944 2371
24010 2365
24025 2361
24028 2359
24039 2357
24043 2355
24054 2353
24069 2351
24100 2349
24115 2345
24123 2336
24138 2332
24170 2330
24204 2326
24219 2322
24233 2318
24248 2314
24280 2312
24298 2311
24314 2308
24329 2304
24349 2295
24364 2291
24395 2289
24410 2285
24445 2281
24459 2277
24474 2273
24505 2271
24516 2270
24517 2269
24520 2267
24551 2264
24555 2263
24578 2255
24593 2251
24611 2247
24636 2244
24674 2241
24697 2230
24712 2226
24745 2225
24777 2223
24780 2222
24796 2214
24807 2212
24811 2210
24822 2208
24837 2206
24865 2204
24883 2200
24891 2191
24906 2187
24938 2185
24971 2184
24974 2183
24993 2182
25001 2173
25016 2169
25048 2167
25066 2166
25084 2165
25094 2163
25109 2159
25117 2150
25132 2146
25163 2144
25178 2140
25227 2132
25242 2128
25273 2126
25288 2122
25338 2119
25346 2110
25361 2106
25389 2103
25404 2099
25467 2097
25472 2095
25499 2085
25514 2081
25571 2079
25582 2077
25586 2075
25618 2063
25633 2059
25701 2055
25760 2052
25775 2048
25803 2045
25818 2041
25839 2038
25881 2035
25907 2034
25913 2027
25928 2023
25985 2021
25996 2019
25999 2018
26000 2017
26032 2005
26047 2001
26106 1999
26115 1997
26118 1996
26161 1989
26224 1987
26229 1985
26238 1984
26253 1980
26271 1971
26312 1969
26339 1967
26340 1966
26343 1965
26355 1962
26390 1949
26450 1948
26458 1945
26465 1944
26520 1941
26532 1938
26569 1926
26584 1922
26652 1918
26685 1913
26726 1911
26753 1909
26754 1908
26757 1907
26769 1904
26790 1901
26804 1891
26863 1889
26872 1887
26879 1886
26931 1885
26936 1884
26947 1882
26951 1880
26983 1868
26998 1864
27057 1862
27066 1860
27120 1859
27125 1858
27158 1853
27174 1849
27189 1847
27204 1843
27246 1840
27272 1839
27277 1831
27337 1830
27340 1828
27345 1827
27352 1826
27368 1822
27424 1820
27436 1818
27456 1808
27471 1804
27534 1801
27539 1800
27593 1799
27602 1797
27618 1796
27644 1795
27646 1788
27661 1784
27677 1783
27719 1780
27745 1779
27756 1776
27780 1775
27813 1768
27829 1767
27867 1763
27904 1759
27920 1758
27940 1751
27974 1748
27992 1745
28007 1741
28023 1740
28075 1737
28091 1736
28117 1735
28119 1728
28134 1724
28197 1721
28213 1720
28229 1719
28255 1717
28271 1716
28292 1713
28308 1712
28322 1711
28325 1707
28340 1703
28382 1700
28419 1696
28443 1695
28476 1688
28492 1687
28510 1685
28544 1681
28559 1677
28622 1672
28637 1668
28655 1665
28670 1661
28686 1660
28749 1657
28765 1656
28780 1655
28795 1651
28823 1649
28858 1648
28861 1644
28876 1640
28892 1639
28918 1637
28934 1636
28955 1633
28971 1632
29001 1630
29028 1624
29053 1623
29083 1622
29085 1620
29103 1619
29119 1615
29158 1609
29173 1605
29207 1601
29222 1597
29306 1596
29316 1592
29331 1588
29375 1585
29413 1580
29428 1576
29470 1573
29507 1569
29537 1567
29579 1564
29589 1560
29619 1559
29660 1557
29676 1552
29698 1551
29710 1549
29713 1548
29755 1545
29785 1543
29794 1542
29795 1539
29827 1537
29842 1533
29874 1532
29876 1529
29891 1525
29961 1524
29983 1523
29985 1520
30000 1516
30044 1513
30077 1512
30080 1511
30082 1508
30097 1504
30139 1501
30191 1499
30192 1498
30206 1495
30248 1492
30258 1488
30288 1487
30345 1480
30367 1479
30379 1477
30411 1476
30440 1474
30454 1471
30463 1470
30464 1467
30532 1465
30536 1463
30559 1461
30573 1458
30617 1455
30627 1453
30668 1452
30669 1449
30711 1446
30736 1444
30746 1440
30820 1437
30837 1436
30855 1431
30899 1428
30917 1425
30951 1422
30996 1419
31026 1416
31060 1413
31104 1410
31131 1407
31162 1406
31167 1404
31199 1398
31271 1397
31276 1395
31308 1389
31352 1386
31411 1384
31429 1383
31430 1381
31445 1380
31449 1377
31511 1375
31531 1374
31539 1372
31558 1368
31584 1365
31656 1364
31659 1360
31693 1356
31737 1353
31768 1351
31812 1348
31834 1344
31886 1342
31921 1339
31943 1335
31987 1332
32024 1331
32025 1327
32096 1323
32133 1322
32134 1318
32178 1315
32250 1314
32256 1310
32287 1306
32346 1305
32365 1301
32409 1298
32455 1296
32506 1295
32518 1289
32562 1286
32634 1285
32659 1283
32671 1277
32730 1276
32797 1275
32810 1274
32812 1271
32839 1267
32956 1265
32963 1262
32983 1260
33007 1259
33027 1257
33071 1256
33109 1253
33116 1250
33136 1248
33180 1247
33235 1245
33257 1244
33262 1241
33284 1240
33304 1238
33421 1236
33428 1233
33472 1230
33536 1227
33554 1226
33574 1224
33581 1221
33640 1220
33645 1218
33700 1216
33707 1214
33727 1212
33749 1211
33866 1209
33910 1206
33992 1201
34019 1197
34063 1194
34145 1189
34172 1185
34292 1184
34314 1183
34431 1181
34531 1178
34557 1173
34584 1169
34710 1161
34737 1157
35098 1156
35198 1153
35251 1144
35404 1132
35982 1131
36043 1126
