50
0 1 363 614
0 2 573 200
0 3 900 54
0 4 633 92
0 5 578 444
0 6 799 413
0 7 803 111
0 8 739 177
0 9 18 956
0 10 889 136
0 11 308 551
0 12 780 522
0 13 65 897
0 14 766 176
0 15 61 847
0 16 789 576
0 17 40 964
0 18 765 514
0 19 766 521
0 20 785 143
0 21 165 679
0 22 166 531
0 23 616 827
0 24 452 432
0 25 809 64
0 26 322 887
0 27 869 470
0 28 845 233
0 29 778 423
0 30 22 961
0 31 182 596
0 32 946 214
0 33 963 19
0 34 409 936
0 35 829 86
0 36 899 285
0 37 593 795
0 38 806 297
0 39 102 798
0 40 114 582
0 41 244 889
0 42 476 535
0 43 965 9
0 44 660 335
0 45 745 461
0 46 741 132
0 47 393 602
0 48 257 618
0 49 498 466
1 2 457 560
1 3 393 230
1 4 162 847
1 5 124 930
1 6 76 943
1 7 468 514
1 8 109 874
1 9 258 521
1 10 898 340
1 11 193 908
1 12 675 238
1 13 259 752
1 14 719 172
1 15 961 32
1 16 954 72
1 17 965 15
1 18 139 948
1 19 423 344
1 20 390 914
1 21 609 433
1 22 333 733
1 23 394 629
1 24 62 874
1 25 515 456
1 26 840 338
1 27 694 111
1 28 187 568
1 29 405 505
1 30 191 813
1 31 551 377
1 32 254 987
1 33 932 22
1 34 994 2
1 35 638 305
1 36 830 109
1 37 889 103
1 38 212 600
1 39 974 40
1 40 757 305
1 41 146 676
1 42 760 612
1 43 461 667
1 44 330 534
1 45 199 629
1 46 551 551
1 47 582 148
1 48 434 334
1 49 909 11
2 3 67 782
2 4 172 532
2 5 358 740
2 6 481 299
2 7 382 611
2 8 923 291
2 9 700 499
2 10 302 826
2 11 846 96
2 12 618 772
2 13 943 316
2 14 471 623
2 15 433 589
2 16 265 946
2 17 85 688
2 18 742 233
2 19 61 859
2 20 868 320
2 21 654 584
2 22 691 184
2 23 630 337
2 24 807 652
2 25 177 455
2 26 459 788
2 27 692 376
2 28 655 588
2 29 302 392
2 30 344 514
2 31 438 521
2 32 812 295
2 33 181 636
2 34 256 733
2 35 987 159
2 36 340 266
2 37 661 756
2 38 730 336
2 39 91 876
2 40 585 697
2 41 166 927
2 42 355 858
2 43 536 307
2 44 406 662
2 45 106 746
2 46 871 201
2 47 106 350
2 48 466 86
2 49 21 825
3 4 437 566
3 5 86 815
3 6 6 967
3 7 485 633
3 8 547 804
3 9 588 402
3 10 377 351
3 11 30 987
3 12 604 333
3 13 452 648
3 14 242 381
3 15 993 9
3 16 870 57
3 17 890 15
3 18 712 104
3 19 398 627
3 20 657 668
3 21 373 802
3 22 319 610
3 23 835 107
3 24 886 111
3 25 874 278
3 26 294 910
3 27 655 556
3 28 969 83
3 29 649 354
3 30 316 654
3 31 842 621
3 32 879 278
3 33 133 778
3 34 63 912
3 35 747 273
3 36 932 109
3 37 154 972
3 38 658 590
3 39 219 619
3 40 183 897
3 41 442 545
3 42 394 517
3 43 988 76
3 44 729 653
3 45 872 82
3 46 1000 2
3 47 813 217
3 48 818 138
3 49 6 974
4 5 827 432
4 6 172 910
4 7 366 495
4 8 178 678
4 9 316 456
4 10 272 266
4 11 496 695
4 12 970 123
4 13 231 727
4 14 37 981
4 15 937 78
4 16 455 667
4 17 847 382
4 18 16 925
4 19 21 823
4 20 66 781
4 21 557 504
4 22 587 800
4 23 687 348
4 24 19 998
4 25 580 334
4 26 719 283
4 27 408 807
4 28 529 797
4 29 689 243
4 30 188 806
4 31 71 778
4 32 307 611
4 33 788 388
4 34 127 832
4 35 194 818
4 36 200 680
4 37 327 543
4 38 454 551
4 39 772 394
4 40 349 642
4 41 908 336
4 42 726 115
4 43 574 516
4 44 986 109
4 45 622 507
4 46 389 617
4 47 959 67
4 48 73 957
4 49 98 879
5 6 990 21
5 7 463 796
5 8 434 361
5 9 761 248
5 10 119 939
5 11 412 568
5 12 421 366
5 13 770 449
5 14 130 765
5 15 838 198
5 16 536 682
5 17 660 226
5 18 33 949
5 19 218 823
5 20 897 165
5 21 607 620
5 22 713 486
5 23 814 431
5 24 565 297
5 25 189 480
5 26 950 101
5 27 882 141
5 28 452 608
5 29 663 212
5 30 119 976
5 31 195 705
5 32 859 67
5 33 109 886
5 34 497 97
5 35 681 591
5 36 686 746
5 37 918 207
5 38 479 579
5 39 96 645
5 40 931 255
5 41 194 786
5 42 784 280
5 43 673 63
5 44 241 887
5 45 23 982
5 46 647 541
5 47 687 397
5 48 680 289
5 49 88 929
6 7 948 56
6 8 530 689
6 9 801 315
6 10 561 186
6 11 120 907
6 12 262 822
6 13 428 482
6 14 755 323
6 15 562 609
6 16 744 629
6 17 220 666
6 18 786 88
6 19 102 691
6 20 130 787
6 21 375 752
6 22 582 349
6 23 486 471
6 24 961 85
6 25 561 506
6 26 208 557
6 27 917 16
6 28 349 789
6 29 275 779
6 30 490 258
6 31 952 28
6 32 996 26
6 33 805 396
6 34 370 482
6 35 84 712
6 36 142 915
6 37 712 76
6 38 177 719
6 39 81 893
6 40 306 703
6 41 826 329
6 42 729 167
6 43 990 6
6 44 809 658
6 45 978 71
6 46 218 685
6 47 650 684
6 48 830 51
6 49 125 660
7 8 400 683
7 9 588 275
7 10 141 876
7 11 618 274
7 12 238 792
7 13 730 145
7 14 108 970
7 15 992 47
7 16 532 423
7 17 252 974
7 18 827 224
7 19 541 548
7 20 180 745
7 21 828 238
7 22 795 534
7 23 975 37
7 24 847 219
7 25 41 787
7 26 765 390
7 27 523 128
7 28 301 623
7 29 535 244
7 30 786 273
7 31 969 7
7 32 443 572
7 33 232 912
7 34 352 625
7 35 941 21
7 36 276 324
7 37 749 357
7 38 282 801
7 39 390 739
7 40 194 710
7 41 52 872
7 42 590 348
7 43 97 822
7 44 923 242
7 45 706 287
7 46 585 641
7 47 76 814
7 48 926 107
7 49 853 168
8 9 38 986
8 10 484 325
8 11 144 909
8 12 778 302
8 13 203 833
8 14 232 577
8 15 417 533
8 16 259 792
8 17 446 304
8 18 988 2
8 19 629 235
8 20 530 177
8 21 805 272
8 22 889 262
8 23 688 669
8 24 438 433
8 25 205 859
8 26 482 561
8 27 104 665
8 28 898 105
8 29 545 721
8 30 599 479
8 31 877 283
8 32 946 182
8 33 998 20
8 34 868 100
8 35 113 687
8 36 984 218
8 37 812 44
8 38 636 686
8 39 799 230
8 40 645 464
8 41 46 862
8 42 452 586
8 43 875 436
8 44 821 250
8 45 782 601
8 46 685 143
8 47 157 574
8 48 834 291
8 49 828 66
9 10 295 643
9 11 583 385
9 12 667 822
9 13 953 58
9 14 135 371
9 15 206 437
9 16 104 894
9 17 204 911
9 18 445 456
9 19 431 708
9 20 472 594
9 21 125 917
9 22 782 73
9 23 905 21
9 24 17 996
9 25 206 931
9 26 304 687
9 27 357 326
9 28 232 856
9 29 641 505
9 30 813 19
9 31 294 648
9 32 768 415
9 33 768 183
9 34 416 545
9 35 436 824
9 36 549 68
9 37 819 58
9 38 605 602
9 39 875 41
9 40 560 379
9 41 409 303
9 42 37 765
9 43 529 371
9 44 471 638
9 45 5 999
9 46 659 111
9 47 508 440
9 48 157 663
9 49 975 218
10 11 582 781
10 12 144 923
10 13 351 668
10 14 433 130
10 15 158 863
10 16 584 388
10 17 319 778
10 18 398 388
10 19 420 476
10 20 907 404
10 21 583 489
10 22 252 604
10 23 203 631
10 24 597 100
10 25 810 189
10 26 838 51
10 27 416 598
10 28 139 781
10 29 786 408
10 30 896 158
10 31 598 708
10 32 746 304
10 33 228 900
10 34 822 38
10 35 509 168
10 36 991 11
10 37 997 20
10 38 837 398
10 39 53 909
10 40 818 154
10 41 378 793
10 42 335 577
10 43 934 52
10 44 629 314
10 45 2 995
10 46 163 531
10 47 293 781
10 48 245 906
10 49 757 276
11 12 320 737
11 13 66 929
11 14 209 882
11 15 323 456
11 16 38 432
11 17 370 637
11 18 933 17
11 19 522 743
11 20 817 264
11 21 122 852
11 22 960 19
11 23 292 446
11 24 996 24
11 25 619 718
11 26 154 797
11 27 92 768
11 28 124 709
11 29 808 18
11 30 271 508
11 31 260 725
11 32 847 110
11 33 354 319
11 34 621 445
11 35 661 772
11 36 65 882
11 37 134 995
11 38 791 179
11 39 85 907
11 40 842 298
11 41 891 60
11 42 856 72
11 43 532 392
11 44 345 590
11 45 286 799
11 46 607 492
11 47 79 985
11 48 175 812
11 49 886 63
12 13 89 669
12 14 824 82
12 15 759 281
12 16 426 478
12 17 136 947
12 18 891 88
12 19 630 162
12 20 177 563
12 21 858 118
12 22 234 930
12 23 232 807
12 24 446 561
12 25 669 419
12 26 720 794
12 27 99 662
12 28 775 115
12 29 247 891
12 30 144 900
12 31 572 709
12 32 271 611
12 33 578 538
12 34 249 709
12 35 431 416
12 36 794 56
12 37 290 864
12 38 205 492
12 39 430 582
12 40 13 838
12 41 959 155
12 42 905 78
12 43 33 934
12 44 507 575
12 45 220 909
12 46 894 92
12 47 963 5
12 48 980 28
12 49 836 208
13 14 681 293
13 15 43 973
13 16 172 815
13 17 28 862
13 18 186 873
13 19 85 824
13 20 602 550
13 21 222 686
13 22 147 979
13 23 216 932
13 24 418 826
13 25 611 741
13 26 147 939
13 27 453 257
13 28 995 5
13 29 82 937
13 30 713 559
13 31 210 656
13 32 13 953
13 33 797 140
13 34 449 198
13 35 92 983
13 36 291 677
13 37 447 462
13 38 669 214
13 39 655 523
13 40 242 902
13 41 696 172
13 42 176 707
13 43 20 983
13 44 995 7
13 45 580 227
13 46 241 753
13 47 402 555
13 48 511 345
13 49 498 679
14 15 896 245
14 16 932 31
14 17 151 974
14 18 163 694
14 19 652 409
14 20 133 769
14 21 730 395
14 22 227 812
14 23 992 10
14 24 886 191
14 25 478 636
14 26 26 875
14 27 52 828
14 28 498 596
14 29 377 510
14 30 597 458
14 31 34 859
14 32 680 732
14 33 464 286
14 34 308 565
14 35 661 241
14 36 333 400
14 37 107 920
14 38 795 283
14 39 483 307
14 40 505 550
14 41 446 625
14 42 306 688
14 43 810 62
14 44 300 691
14 45 725 182
14 46 928 62
14 47 932 39
14 48 887 71
14 49 875 21
15 16 532 592
15 17 676 177
15 18 961 213
15 19 158 910
15 20 199 681
15 21 183 865
15 22 914 72
15 23 372 797
15 24 573 245
15 25 700 316
15 26 402 64
15 27 722 199
15 28 247 901
15 29 886 68
15 30 117 889
15 31 959 44
15 32 19 976
15 33 511 393
15 34 104 725
15 35 931 162
15 36 76 970
15 37 863 557
15 38 250 682
15 39 243 729
15 40 778 306
15 41 695 57
15 42 323 564
15 43 46 734
15 44 475 719
15 45 208 250
15 46 930 344
15 47 251 463
15 48 966 228
15 49 507 212
16 17 404 693
16 18 904 150
16 19 133 980
16 20 728 560
16 21 565 348
16 22 186 753
16 23 944 33
16 24 435 421
16 25 969 40
16 26 495 326
16 27 918 15
16 28 452 702
16 29 302 313
16 30 491 707
16 31 990 18
16 32 309 702
16 33 168 857
16 34 617 496
16 35 717 700
16 36 33 487
16 37 173 864
16 38 615 475
16 39 895 231
16 40 889 137
16 41 358 707
16 42 243 176
16 43 958 9
16 44 160 938
16 45 872 396
16 46 519 247
16 47 313 574
16 48 359 659
16 49 277 251
17 18 282 280
17 19 27 930
17 20 74 854
17 21 161 844
17 22 212 627
17 23 590 189
17 24 102 964
17 25 483 381
17 26 685 425
17 27 126 568
17 28 18 926
17 29 421 552
17 30 198 584
17 31 317 888
17 32 713 449
17 33 21 943
17 34 530 48
17 35 360 557
17 36 426 589
17 37 266 742
17 38 688 91
17 39 763 344
17 40 146 710
17 41 253 730
17 42 263 767
17 43 842 223
17 44 399 622
17 45 435 368
17 46 7 985
17 47 612 113
17 48 146 710
17 49 742 496
18 19 589 176
18 20 711 384
18 21 259 573
18 22 39 967
18 23 205 870
18 24 838 28
18 25 318 491
18 26 301 836
18 27 274 635
18 28 673 558
18 29 123 963
18 30 173 728
18 31 902 280
18 32 769 513
18 33 12 998
18 34 702 522
18 35 350 932
18 36 253 534
18 37 762 88
18 38 620 765
18 39 358 682
18 40 107 470
18 41 664 438
18 42 172 726
18 43 923 208
18 44 611 449
18 45 314 688
18 46 423 892
18 47 734 138
18 48 640 244
18 49 457 894
19 20 24 730
19 21 250 630
19 22 492 309
19 23 316 635
19 24 673 700
19 25 355 790
19 26 240 744
19 27 953 174
19 28 887 221
19 29 345 480
19 30 579 302
19 31 996 8
19 32 350 788
19 33 194 543
19 34 737 164
19 35 496 557
19 36 920 238
19 37 150 935
19 38 41 964
19 39 82 968
19 40 663 472
19 41 868 172
19 42 772 418
19 43 11 894
19 44 22 671
19 45 914 425
19 46 404 728
19 47 426 901
19 48 668 108
19 49 334 822
20 21 914 113
20 22 752 400
20 23 433 497
20 24 925 482
20 25 369 672
20 26 516 367
20 27 256 821
20 28 846 266
20 29 805 74
20 30 715 558
20 31 128 769
20 32 481 525
20 33 162 704
20 34 999 3
20 35 713 556
20 36 177 867
20 37 357 876
20 38 756 493
20 39 512 700
20 40 288 592
20 41 873 27
20 42 63 925
20 43 18 902
20 44 971 33
20 45 860 112
20 46 414 668
20 47 71 797
20 48 152 902
20 49 685 447
21 22 976 19
21 23 222 722
21 24 942 90
21 25 9 996
21 26 414 571
21 27 67 754
21 28 489 733
21 29 101 668
21 30 868 308
21 31 81 945
21 32 98 887
21 33 392 769
21 34 554 563
21 35 24 966
21 36 93 847
21 37 668 54
21 38 307 772
21 39 946 262
21 40 330 605
21 41 446 611
21 42 901 163
21 43 19 987
21 44 883 475
21 45 407 816
21 46 880 153
21 47 47 796
21 48 346 911
21 49 920 100
22 23 30 910
22 24 497 384
22 25 407 738
22 26 781 614
22 27 251 797
22 28 955 363
22 29 52 917
22 30 473 265
22 31 859 117
22 32 490 515
22 33 587 463
22 34 736 48
22 35 319 688
22 36 732 333
22 37 59 862
22 38 956 284
22 39 779 43
22 40 22 942
22 41 268 838
22 42 379 617
22 43 233 697
22 44 865 47
22 45 748 164
22 46 573 735
22 47 59 982
22 48 331 210
22 49 298 878
23 24 653 251
23 25 949 22
23 26 482 733
23 27 387 300
23 28 822 131
23 29 66 609
23 30 735 365
23 31 806 486
23 32 37 921
23 33 755 376
23 34 253 575
23 35 863 165
23 36 238 828
23 37 844 474
23 38 103 839
23 39 858 202
23 40 442 417
23 41 694 192
23 42 617 593
23 43 995 6
23 44 293 726
23 45 242 959
23 46 653 368
23 47 893 332
23 48 775 390
23 49 504 561
24 25 559 385
24 26 689 285
24 27 602 155
24 28 671 182
24 29 95 711
24 30 566 34
24 31 572 346
24 32 14 995
24 33 96 889
24 34 736 191
24 35 429 506
24 36 8 983
24 37 437 686
24 38 103 859
24 39 970 66
24 40 292 366
24 41 184 766
24 42 220 839
24 43 795 452
24 44 832 199
24 45 803 386
24 46 160 693
24 47 899 199
24 48 65 888
24 49 1000 1
25 26 794 470
25 27 739 690
25 28 955 24
25 29 251 793
25 30 161 741
25 31 259 786
25 32 310 620
25 33 419 536
25 34 557 439
25 35 190 832
25 36 177 466
25 37 500 399
25 38 849 375
25 39 899 280
25 40 973 115
25 41 326 683
25 42 256 398
25 43 252 720
25 44 53 917
25 45 173 586
25 46 189 590
25 47 450 297
25 48 291 677
25 49 159 946
26 27 709 588
26 28 437 263
26 29 134 512
26 30 365 682
26 31 123 923
26 32 837 425
26 33 779 106
26 34 203 831
26 35 203 616
26 36 121 837
26 37 911 120
26 38 12 934
26 39 340 818
26 40 895 310
26 41 610 582
26 42 754 298
26 43 358 474
26 44 578 641
26 45 848 425
26 46 42 957
26 47 600 749
26 48 383 351
26 49 316 562
27 28 319 752
27 29 189 923
27 30 412 914
27 31 309 732
27 32 18 983
27 33 815 502
27 34 806 90
27 35 715 259
27 36 25 963
27 37 74 845
27 38 257 636
27 39 513 68
27 40 640 22
27 41 212 471
27 42 775 267
27 43 224 619
27 44 160 951
27 45 371 664
27 46 875 264
27 47 572 712
27 48 198 522
27 49 620 659
28 29 669 282
28 30 231 889
28 31 412 167
28 32 682 375
28 33 761 230
28 34 808 168
28 35 144 868
28 36 33 810
28 37 285 802
28 38 958 56
28 39 886 60
28 40 950 231
28 41 496 126
28 42 272 924
28 43 490 466
28 44 375 833
28 45 76 894
28 46 725 249
28 47 588 586
28 48 691 312
28 49 733 459
29 30 459 623
29 31 354 523
29 32 660 290
29 33 910 23
29 34 845 372
29 35 799 399
29 36 207 727
29 37 257 939
29 38 847 62
29 39 229 728
29 40 169 855
29 41 412 699
29 42 345 660
29 43 860 28
29 44 553 228
29 45 417 537
29 46 342 542
29 47 39 973
29 48 938 122
29 49 259 668
30 31 92 878
30 32 176 816
30 33 7 975
30 34 213 295
30 35 200 804
30 36 572 566
30 37 670 307
30 38 281 731
30 39 198 895
30 40 531 470
30 41 882 179
30 42 45 784
30 43 895 56
30 44 879 608
30 45 152 977
30 46 403 440
30 47 364 674
30 48 682 232
30 49 126 735
31 32 589 366
31 33 398 735
31 34 367 770
31 35 119 515
31 36 476 376
31 37 435 380
31 38 829 277
31 39 371 826
31 40 67 794
31 41 379 469
31 42 506 158
31 43 356 322
31 44 58 952
31 45 12 896
31 46 162 839
31 47 800 265
31 48 751 143
31 49 335 808
32 33 386 544
32 34 72 938
32 35 804 108
32 36 21 981
32 37 664 371
32 38 320 655
32 39 170 617
32 40 791 141
32 41 203 777
32 42 153 498
32 43 254 608
32 44 700 239
32 45 120 561
32 46 952 233
32 47 620 629
32 48 719 289
32 49 241 376
33 34 397 723
33 35 391 479
33 36 325 614
33 37 512 384
33 38 841 194
33 39 621 165
33 40 68 723
33 41 424 648
33 42 901 298
33 43 397 800
33 44 921 191
33 45 456 441
33 46 409 570
33 47 272 734
33 48 618 302
33 49 581 472
34 35 344 686
34 36 248 281
34 37 203 913
34 38 748 415
34 39 191 508
34 40 733 440
34 41 208 883
34 42 741 343
34 43 282 674
34 44 128 929
34 45 594 574
34 46 770 677
34 47 242 741
34 48 620 175
34 49 402 591
35 36 625 387
35 37 898 25
35 38 224 727
35 39 474 571
35 40 854 251
35 41 161 507
35 42 460 493
35 43 835 210
35 44 604 525
35 45 468 465
35 46 69 614
35 47 59 954
35 48 894 132
35 49 236 927
36 37 800 280
36 38 202 777
36 39 360 654
36 40 824 335
36 41 500 135
36 42 196 382
36 43 819 249
36 44 848 116
36 45 868 152
36 46 799 440
36 47 482 458
36 48 386 777
36 49 300 653
37 38 25 941
37 39 159 872
37 40 591 389
37 41 287 959
37 42 198 542
37 43 792 568
37 44 627 288
37 45 149 711
37 46 769 205
37 47 269 753
37 48 626 549
37 49 621 878
38 39 103 847
38 40 415 770
38 41 650 499
38 42 973 27
38 43 304 928
38 44 540 304
38 45 432 297
38 46 800 172
38 47 617 856
38 48 177 980
38 49 689 385
39 40 96 983
39 41 717 251
39 42 538 588
39 43 341 230
39 44 203 823
39 45 998 8
39 46 934 81
39 47 622 394
39 48 708 363
39 49 450 868
40 41 730 351
40 42 739 397
40 43 535 146
40 44 783 254
40 45 658 520
40 46 132 779
40 47 552 620
40 48 148 891
40 49 683 421
41 42 302 772
41 43 447 237
41 44 259 836
41 45 635 79
41 46 145 818
41 47 194 673
41 48 740 161
41 49 4 988
42 43 604 346
42 44 134 739
42 45 720 553
42 46 440 491
42 47 340 764
42 48 176 984
42 49 116 872
43 44 679 569
43 45 63 888
43 46 162 944
43 47 665 73
43 48 865 424
43 49 885 503
44 45 98 841
44 46 477 668
44 47 607 488
44 48 385 375
44 49 797 163
45 46 56 918
45 47 314 780
45 48 155 580
45 49 604 436
46 47 275 671
46 48 553 550
46 49 26 959
47 48 397 518
47 49 782 79
48 49 633 461
0
6568
1138 45173
1139 45013
1140 44998
1142 44976
1144 44958
1145 44841
1146 44618
1147 44458
1148 44443
1150 44421
1153 44286
1154 44271
1156 44249
1159 44236
1160 44205
1161 44162
1162 44147
1164 44125
1167 44098
1168 44081
1169 44066
1170 44026
1174 44013
1175 43974
1179 43961
1180 43922
1181 43907
1183 43885
1186 43872
1187 43841
1188 43798
1189 43783
1191 43761
1194 43734
1195 43717
1196 43702
1197 43662
1201 43649
1202 43610
1206 43597
1207 43575
1211 43562
1212 43546
1214 43532
1215 43517
1216 43477
1220 43464
1221 43442
1224 43420
1227 43401
1229 43368
1232 43366
1233 43355
1234 43333
1238 43320
1239 43304
1241 43268
1243 43235
1246 43233
1247 43222
1248 43200
1252 43187
1255 43178
1257 43156
1261 43125
1265 43112
1266 43090
1267 43076
1269 43056
1271 43023
1274 43016
1275 43010
1278 43001
1279 42981
1283 42968
1284 42952
1286 42916
1288 42883
1291 42881
1292 42870
1293 42848
1297 42835
1298 42827
1300 42822
1302 42789
1305 42787
1306 42776
1307 42754
1311 42741
1312 42724
1314 42704
1316 42671
1320 42658
1321 42650
1323 42626
1326 42624
1327 42613
1328 42591
1330 42577
1333 42570
1334 42564
1335 42563
1337 42547
1338 42535
1341 42516
1343 42506
1345 42470
1347 42437
1350 42435
1351 42414
1352 42402
1355 42401
1356 42389
1357 42381
1359 42372
1361 42358
1364 42343
1366 42307
1368 42274
1371 42272
1372 42261
1373 42239
1375 42225
1378 42218
1379 42212
1380 42204
1382 42195
1384 42191
1386 42182
1387 42174
1388 42171
1389 42167
1390 42157
1392 42115
1394 42095
1396 42062
1400 42049
1401 42041
1403 42034
1405 42028
1407 42021
1408 42019
1410 42012
1411 41994
1415 41981
1416 41973
1418 41961
1420 41960
1421 41954
1422 41948
1423 41940
1425 41931
1427 41904
1429 41884
1431 41851
1436 41830
1438 41823
1439 41798
1443 41785
1444 41777
1446 41770
1448 41764
1449 41761
1450 41757
1451 41755
1452 41754
1453 41748
1454 41730
1458 41717
1459 41709
1461 41702
1463 41696
1464 41693
1465 41689
1466 41651
1468 41631
1470 41598
1474 41587
1475 41577
1477 41570
1479 41566
1480 41565
1481 41559
1482 41555
1484 41548
1485 41530
1489 41519
1490 41509
1492 41497
1495 41490
1497 41476
1499 41467
1502 41464
1503 41463
1504 41443
1506 41439
1507 41429
1509 41387
1511 41367
1513 41334
1518 41313
1520 41306
1523 41301
1524 41300
1525 41291
1527 41284
1528 41266
1533 41245
1535 41238
1538 41233
1540 41225
1542 41218
1543 41212
1545 41205
1547 41179
1552 41158
1554 41147
1557 41146
1558 41145
1559 41126
1561 41101
1567 41084
1568 41079
1569 41059
1574 41038
1576 41031
1579 41026
1580 41025
1581 41018
1582 41016
1583 41011
1584 41005
1586 40998
1588 40992
1591 40985
1592 40983
1593 40971
1594 40967
1595 40946
1600 40944
1601 40933
1602 40914
1603 40904
1608 40883
1610 40872
1613 40871
1614 40846
1617 40826
1619 40825
1621 40818
1623 40809
1624 40806
1625 40802
1627 40793
1629 40778
1633 40776
1634 40757
1636 40750
1639 40745
1641 40737
1643 40706
1648 40685
1650 40678
1651 40671
1653 40670
1655 40659
1657 40656
1658 40638
1662 40613
1665 40610
1668 40596
1669 40591
1670 40571
1675 40550
1677 40543
1680 40538
1681 40537
1682 40530
1683 40528
1684 40519
1685 40517
1687 40510
1689 40498
1691 40473
1696 40458
1697 40456
1698 40451
1699 40431
1703 40426
1704 40410
1706 40403
1709 40395
1711 40384
1713 40383
1714 40377
1716 40363
1718 40338
1724 40321
1725 40318
1726 40314
1728 40305
1732 40286
1733 40276
1736 40272
1737 40271
1738 40255
1740 40244
1743 40243
1744 40242
1745 40223
1747 40198
1752 40183
1753 40181
1754 40178
1755 40174
1757 40165
1759 40151
1762 40150
1763 40148
1764 40145
1765 40132
1766 40131
1767 40127
1769 40118
1770 40117
1772 40112
1773 40109
1774 40089
1777 40085
1778 40083
1779 40068
1781 40043
1787 40030
1788 40011
1791 40010
1793 39996
1794 39994
1795 39991
1796 39987
1798 39978
1799 39977
1802 39974
1803 39963
1804 39961
1805 39958
1806 39945
1809 39944
1811 39930
1813 39925
1814 39903
1819 39896
1820 39889
1822 39856
1828 39843
1832 39823
1838 39810
1840 39790
1845 39770
1849 39769
1850 39755
1851 39753
1852 39750
1853 39746
1854 39740
1855 39716
1861 39703
1865 39683
1871 39670
1872 39661
1875 39657
1877 39640
1879 39615
1886 39583
1889 39582
1891 39568
1892 39566
1893 39563
1894 39559
1896 39550
1897 39549
1900 39541
1901 39535
1902 39533
1903 39530
1904 39517
1907 39512
1909 39502
1911 39497
1912 39475
1919 39469
1920 39428
1930 39395
1934 39386
1938 39362
1944 39353
1948 39329
1952 39312
1953 39288
1962 39279
1963 39255
1967 39246
1973 39233
1977 39213
1982 39209
1983 39200
1985 39196
1987 39194
1988 39192
1989 39189
1990 39185
1992 39176
1993 39172
1994 39159
1995 39153
1998 39131
2002 39112
2008 39098
2011 39091
2012 39079
2016 39054
2020 39046
2024 39030
2026 39021
2029 38998
2034 38988
2035 38972
2039 38965
2042 38964
2043 38956
2044 38955
2045 38939
2047 38932
2049 38914
2057 38890
2059 38881
2062 38858
2067 38857
2071 38848
2072 38825
2076 38816
2081 38815
2082 38803
2086 38783
2091 38779
2092 38770
2094 38757
2098 38738
2102 38733
2104 38724
2106 38714
2107 38701
2111 38682
2116 38672
2117 38668
2120 38656
2121 38649
2124 38648
2125 38624
2129 38616
2131 38598
2135 38591
2138 38590
2139 38574
2141 38565
2143 38558
2144 38542
2149 38541
2151 38534
2153 38516
2154 38509
2157 38508
2158 38484
2163 38483
2166 38460
2168 38451
2172 38442
2174 38428
2176 38427
2180 38418
2182 38409
2184 38395
2188 38386
2190 38385
2194 38373
2196 38372
2198 38353
2202 38340
2203 38327
2207 38308
2211 38303
2213 38294
2215 38284
2217 38275
2219 38271
2221 38270
2223 38252
2225 38242
2229 38226
2233 38218
2235 38200
2237 38194
2239 38192
2240 38168
2245 38167
2247 38160
2248 38144
2250 38135
2255 38128
2256 38112
2258 38111
2261 38110
2262 38086
2266 38079
2269 38078
2270 38054
2272 38053
2276 38044
2279 38036
2280 38021
2284 38012
2286 38011
2287 38004
2289 38003
2290 37999
2292 37998
2293 37997
2294 37979
2297 37971
2300 37966
2301 37965
2302 37962
2304 37961
2305 37958
2306 37947
2307 37929
2311 37910
2315 37897
2317 37896
2319 37878
2321 37877
2325 37864
2327 37863
2328 37857
2329 37844
2335 37831
2337 37812
2339 37811
2342 37802
2343 37794
2344 37770
2351 37762
2352 37738
2354 37737
2360 37736
2361 37729
2362 37705
2368 37704
2369 37694
2373 37686
2375 37662
2379 37661
2382 37654
2383 37630
2385 37629
2389 37623
2391 37620
2393 37597
2397 37591
2399 37590
2401 37587
2402 37573
2407 37558
2410 37541
2412 37540
2414 37537
2418 37518
2420 37508
2421 37507
2422 37505
2424 37496
2426 37486
2428 37485
2429 37475
2430 37472
2432 37464
2434 37462
2436 37452
2438 37440
2440 37439
2441 37433
2442 37430
2444 37420
2446 37419
2448 37407
2450 37398
2451 37378
2457 37356
2459 37346
2461 37345
2465 37324
2467 37323
2469 37313
2475 37291
2483 37286
2484 37280
2487 37278
2488 37275
2489 37264
2491 37254
2493 37253
2495 37251
2496 37231
2500 37226
2501 37221
2504 37199
2506 37198
2509 37181
2514 37166
2515 37159
2517 37149
2519 37148
2523 37127
2525 37126
2527 37116
2528 37115
2533 37094
2536 37083
2538 37082
2541 37070
2543 37062
2545 37045
2549 37038
2551 37037
2553 37013
2555 37012
2559 37005
2562 37002
2563 36980
2569 36979
2570 36969
2574 36962
2575 36955
2576 36937
2580 36936
2583 36929
2584 36905
2586 36904
2592 36895
2594 36872
2601 36865
2602 36862
2603 36848
2607 36841
2609 36840
2611 36816
2613 36815
2615 36812
2617 36808
2618 36807
2619 36793
2621 36783
2623 36780
2625 36769
2627 36761
2629 36760
2631 36751
2633 36737
2635 36736
2637 36727
2641 36718
2642 36708
2643 36703
2645 36695
2647 36694
2649 36681
2651 36671
2652 36653
2657 36649
2659 36645
2660 36621
2662 36620
2667 36616
2669 36612
2670 36588
2680 36581
2682 36580
2683 36572
2684 36561
2688 36556
2689 36554
2690 36548
2691 36540
2692 36529
2694 36528
2696 36524
2698 36523
2699 36521
2701 36501
2702 36496
2706 36491
2707 36484
2709 36474
2710 36456
2715 36452
2717 36448
2718 36424
2720 36423
2725 36419
2727 36415
2728 36391
2735 36387
2737 36386
2738 36359
2740 36358
2742 36345
2747 36341
2748 36326
2750 36313
2752 36312
2757 36308
2759 36304
2760 36280
2769 36270
2770 36265
2771 36264
2774 36253
2777 36238
2779 36232
2781 36231
2782 36221
2784 36220
2786 36211
2787 36205
2788 36194
2791 36193
2792 36188
2796 36162
2798 36161
2800 36148
2805 36144
2806 36129
2808 36116
2810 36115
2815 36111
2817 36107
2818 36083
2825 36079
2827 36078
2828 36051
2830 36050
2835 36046
2837 36041
2838 36018
2847 36008
2848 36003
2849 35996
2850 35990
2852 35989
2854 35986
2855 35976
2857 35975
2859 35962
2860 35957
2861 35956
2864 35954
2865 35943
2867 35930
2869 35924
2871 35923
2874 35921
2875 35914
2876 35903
2877 35897
2878 35886
2883 35882
2885 35871
2886 35854
2888 35853
2893 35849
2895 35838
2896 35821
2904 35820
2905 35811
2909 35804
2910 35794
2914 35787
2915 35779
2917 35778
2918 35762
2920 35760
2922 35757
2924 35756
2925 35746
2927 35734
2928 35728
2930 35727
2932 35724
2935 35706
2937 35700
2938 35695
2943 35674
2945 35668
2947 35667
2951 35662
2953 35641
2955 35635
2959 35630
2961 35629
2962 35623
2963 35609
2965 35608
2967 35595
2972 35590
2973 35576
2975 35563
2977 35562
2982 35558
2983 35549
2985 35530
2992 35525
2994 35520
2995 35515
2996 35510
2997 35509
2999 35503
3002 35488
3004 35482
3005 35479
3006 35477
3007 35471
3009 35465
3011 35461
3012 35455
3013 35444
3016 35443
3017 35433
3019 35432
3021 35412
3023 35411
3025 35398
3030 35394
3031 35379
3033 35366
3035 35365
3040 35361
3042 35357
3043 35333
3050 35328
3053 35301
3055 35300
3060 35296
3062 35291
3063 35268
3072 35258
3073 35253
3074 35246
3075 35240
3077 35239
3079 35236
3080 35226
3082 35225
3084 35212
3085 35207
3086 35206
3087 35203
3090 35193
3092 35180
3094 35174
3095 35171
3097 35170
3100 35164
3101 35153
3102 35147
3103 35136
3108 35132
3110 35131
3111 35104
3113 35103
3118 35099
3120 35094
3121 35071
3130 35061
3134 35054
3135 35044
3139 35039
3140 35029
3142 35028
3143 35012
3145 35010
3147 35007
3149 35006
3150 34996
3152 34984
3153 34978
3155 34977
3157 34974
3160 34967
3162 34950
3163 34945
3170 34918
3172 34917
3177 34913
3179 34908
3180 34885
3188 34879
3189 34871
3190 34864
3193 34857
3195 34853
3196 34847
3198 34832
3200 34831
3201 34825
3203 34824
3206 34814
3208 34799
3211 34792
3214 34791
3216 34788
3218 34787
3221 34760
3222 34759
3228 34755
3230 34740
3231 34727
3238 34721
3239 34712
3240 34706
3241 34700
3243 34699
3245 34698
3247 34693
3248 34685
3249 34678
3250 34673
3252 34671
3253 34666
3254 34665
3255 34661
3257 34646
3259 34645
3260 34639
3262 34633
3263 34630
3265 34628
3267 34613
3269 34612
3270 34606
3271 34595
3276 34591
3278 34590
3279 34563
3281 34562
3286 34558
3288 34553
3289 34530
3298 34520
3301 34519
3302 34513
3303 34503
3307 34498
3308 34488
3309 34487
3311 34471
3313 34469
3315 34466
3317 34465
3318 34455
3320 34443
3321 34437
3323 34436
3325 34433
3328 34426
3330 34409
3331 34404
3338 34377
3340 34376
3345 34372
3347 34367
3348 34344
3356 34338
3357 34334
3358 34323
3362 34317
3363 34312
3364 34306
3366 34291
3368 34290
3372 34283
3374 34273
3376 34258
3380 34251
3382 34250
3384 34247
3387 34246
3389 34234
3390 34218
3396 34214
3398 34199
3399 34192
3401 34191
3405 34186
3406 34180
3407 34171
3408 34165
3409 34159
3415 34152
3416 34147
3417 34137
3418 34132
3423 34120
3425 34105
3427 34104
3432 34100
3433 34087
3435 34072
3441 34066
3443 34065
3445 34061
3446 34049
3449 34045
3450 34040
3451 34033
3455 34030
3457 34016
3459 34011
3461 34001
3465 33994
3467 33979
3469 33978
3471 33975
3474 33974
3475 33961
3477 33946
3483 33942
3484 33935
3485 33930
3486 33920
3488 33919
3492 33914
3493 33908
3494 33902
3495 33896
3496 33887
3502 33880
3503 33875
3505 33863
3509 33857
3510 33848
3512 33847
3515 33842
3517 33838
3518 33831
3520 33815
3523 33810
3525 33809
3527 33804
3528 33794
3530 33793
3531 33792
3532 33789
3533 33777
3536 33776
3537 33771
3538 33761
3542 33759
3544 33744
3546 33743
3551 33739
3552 33722
3554 33711
3558 33710
3560 33705
3562 33689
3565 33685
3566 33678
3570 33672
3571 33663
3573 33662
3574 33656
3578 33650
3580 33639
3581 33630
3582 33624
3584 33623
3586 33618
3588 33617
3590 33606
3591 33603
3592 33591
3596 33585
3602 33580
3603 33574
3605 33559
3607 33558
3608 33553
3610 33552
3612 33547
3613 33537
3614 33535
3615 33526
3618 33520
3621 33519
3622 33514
3623 33504
3624 33502
3626 33500
3628 33494
3629 33487
3631 33486
3633 33477
3635 33471
3639 33454
3642 33449
3643 33439
3645 33438
3647 33433
3649 33432
3650 33428
3651 33421
3652 33416
3653 33406
3657 33400
3659 33399
3661 33394
3663 33391
3665 33388
3667 33367
3669 33366
3671 33361
3673 33360
3674 33357
3675 33350
3676 33346
3677 33334
3681 33328
3684 33324
3685 33317
3689 33308
3690 33302
3692 33301
3693 33295
3694 33292
3698 33291
3699 33278
3700 33269
3701 33263
3703 33262
3708 33257
3709 33245
3710 33242
3711 33230
3718 33220
3720 33214
3722 33209
3724 33206
3726 33203
3727 33192
3728 33182
3730 33181
3732 33176
3734 33175
3735 33172
3736 33171
3737 33159
3738 33149
3742 33143
3745 33139
3746 33137
3747 33133
3748 33122
3752 33116
3754 33110
3758 33107
3759 33100
3760 33093
3762 33078
3764 33077
3768 33072
3769 33067
3770 33060
3771 33057
3772 33045
3778 33038
3779 33035
3780 33033
3782 33030
3784 33025
3786 33006
3788 33005
3791 33003
3795 32985
3796 32973
3801 32969
3805 32963
3806 32959
3807 32952
3808 32947
3809 32937
3813 32931
3819 32922
3820 32915
3822 32914
3825 32897
3829 32887
3830 32882
3833 32865
3837 32859
3839 32853
3841 32848
3843 32845
3845 32840
3847 32821
3849 32820
3856 32800
3857 32788
3865 32776
3867 32761
3876 32746
3880 32737
3883 32736
3884 32730
3885 32722
3886 32712
3890 32706
3893 32690
3894 32680
3898 32674
3901 32670
3903 32664
3908 32657
3910 32642
3914 32638
3917 32630
3918 32618
3920 32608
3925 32598
3926 32591
3928 32576
3934 32570
3938 32561
3942 32554
3944 32536
3948 32534
3952 32504
3962 32497
3964 32479
3969 32474
3970 32473
3972 32462
3978 32445
3981 32442
3984 32437
3985 32435
3986 32413
3991 32408
3994 32401
3995 32385
3999 32376
4003 32369
4005 32351
4013 32319
4023 32304
4028 32297
4033 32277
4039 32272
4042 32271
4043 32262
4046 32258
4047 32240
4054 32226
4055 32216
4059 32210
4062 32206
4064 32197
4066 32185
4071 32178
4074 32169
4076 32151
4081 32144
4084 32119
4089 32112
4095 32106
4099 32097
4103 32090
4104 32077
4105 32072
4109 32070
4113 32040
4122 32034
4123 32033
4125 32015
4130 32010
4131 32006
4133 31998
4135 31997
4139 31981
4142 31978
4145 31973
4146 31971
4147 31949
4149 31940
4156 31921
4160 31912
4164 31905
4166 31887
4174 31855
4184 31840
4189 31838
4191 31837
4192 31834
4194 31813
4200 31808
4202 31806
4204 31798
4208 31776
4215 31774
4216 31773
4217 31771
4218 31761
4219 31753
4220 31740
4225 31733
4227 31721
4232 31719
4235 31705
4237 31687
4242 31685
4245 31655
4250 31653
4257 31645
4260 31638
4261 31636
4263 31634
4264 31631
4265 31613
4270 31611
4271 31608
4274 31607
4276 31602
4278 31599
4279 31576
4283 31570
4290 31568
4291 31566
4292 31542
4296 31533
4300 31526
4303 31519
4307 31512
4310 31476
4320 31461
4321 31453
4325 31446
4330 31434
4335 31431
4336 31429
4340 31419
4341 31411
4344 31397
4351 31395
4352 31394
4353 31392
4354 31382
4355 31374
4359 31367
4363 31342
4368 31340
4371 31326
4375 31325
4378 31312
4381 31276
4386 31274
4396 31246
4401 31234
4406 31232
4407 31229
4413 31228
4414 31225
4415 31197
4420 31195
4427 31187
4430 31167
4434 31161
4435 31155
4439 31140
4443 31133
4449 31130
4450 31125
4453 31118
4456 31116
4457 31074
4461 31067
4471 31052
4477 31032
4481 31025
4490 31011
4491 30995
4495 30988
4505 30973
4506 30970
4510 30969
4511 30946
4514 30933
4524 30932
4525 30931
4526 30928
4529 30925
4532 30867
4548 30854
4550 30846
4552 30825
4566 30788
4580 30787
4581 30771
4582 30768
4584 30767
4586 30746
4598 30735
4600 30730
4601 30729
4602 30726
4604 30723
4606 30719
4608 30709
4611 30707
4615 30705
4616 30669
4622 30662
4632 30652
4634 30648
4636 30627
4641 30602
4650 30590
4656 30583
4657 30561
4661 30560
4670 30548
4675 30523
4677 30519
4690 30506
4691 30482
4695 30481
4705 30468
4706 30464
4709 30461
4711 30440
4717 30430
4725 30404
4731 30397
4735 30364
4745 30362
4747 30356
4751 30351
4753 30343
4755 30322
4765 30318
4766 30296
4769 30285
4779 30283
4781 30277
4784 30268
4785 30265
4786 30254
4789 30243
4792 30237
4800 30217
4809 30216
4811 30206
4812 30195
4819 30166
4825 30159
4826 30158
4835 30149
4837 30145
4839 30124
4844 30099
4853 30087
4859 30080
4860 30058
4864 30057
4873 30045
4876 30039
4878 30020
4880 30016
4890 30012
4893 30003
4894 29979
4898 29978
4908 29965
4909 29961
4910 29960
4912 29958
4914 29937
4917 29931
4928 29901
4934 29894
4937 29889
4943 29882
4946 29880
4948 29859
4950 29853
4951 29852
4960 29843
4962 29822
4968 29815
4969 29793
4982 29780
4984 29774
4987 29772
4989 29751
4995 29734
5003 29714
5013 29713
5015 29692
5023 29672
5029 29655
5038 29654
5041 29651
5044 29638
5045 29635
5047 29634
5048 29633
5049 29613
5058 29612
5059 29588
5069 29578
5072 29575
5073 29574
5078 29569
5079 29536
5090 29532
5092 29530
5093 29509
5099 29494
5108 29492
5110 29489
5112 29488
5113 29457
5120 29428
5133 29415
5138 29407
5140 29386
5154 29349
5168 29335
5169 29332
5172 29328
5174 29307
5188 29292
5189 29290
5192 29286
5196 29272
5198 29271
5204 29254
5208 29250
5210 29249
5213 29242
5216 29230
5220 29213
5224 29212
5230 29207
5232 29189
5234 29187
5240 29171
5251 29160
5252 29137
5254 29134
5260 29132
5265 29131
5268 29108
5272 29094
5274 29092
5281 29066
5288 29056
5292 29052
5293 29029
5295 29027
5301 29024
5306 29015
5308 29014
5311 29008
5313 28986
5315 28985
5326 28973
5329 28948
5333 28944
5343 28934
5344 28931
5347 28907
5349 28906
5361 28893
5362 28890
5364 28889
5365 28886
5367 28865
5376 28854
5381 28851
5382 28848
5385 28844
5388 28841
5390 28830
5391 28829
5393 28814
5395 28812
5401 28809
5403 28807
5405 28806
5406 28800
5407 28788
5410 28775
5413 28771
5415 28770
5423 28765
5424 28761
5425 28747
5427 28736
5429 28733
5433 28729
5443 28714
5445 28695
5447 28692
5449 28691
5453 28690
5454 28667
5456 28665
5465 28653
5467 28650
5468 28628
5474 28624
5476 28623
5481 28614
5486 28587
5488 28585
5494 28582
5501 28572
5504 28566
5506 28545
5508 28543
5521 28537
5522 28506
5528 28503
5536 28492
5537 28489
5540 28485
5542 28464
5549 28455
5551 28453
5554 28452
5556 28450
5557 28447
5560 28443
5562 28441
5564 28440
5565 28429
5568 28413
5569 28412
5571 28411
5574 28409
5576 28408
5578 28406
5581 28399
5582 28394
5585 28374
5586 28372
5588 28370
5594 28367
5598 28364
5599 28360
5600 28346
5603 28333
5605 28332
5606 28330
5608 28328
5617 28319
5618 28316
5620 28294
5622 28291
5628 28288
5629 28266
5640 28252
5642 28249
5647 28225
5649 28223
5661 28186
5667 28183
5669 28181
5679 28165
5681 28144
5697 28130
5698 28127
5699 28123
5701 28121
5703 28102
5710 28093
5712 28091
5717 28086
5718 28085
5720 28079
5723 28077
5724 28054
5729 28051
5730 28050
5732 28049
5737 28040
5740 28037
5742 28013
5744 28011
5747 28010
5749 28008
5757 27998
5760 27992
5761 27971
5764 27969
5767 27968
5769 27966
5775 27952
5778 27932
5781 27929
5792 27918
5793 27915
5795 27910
5798 27890
5803 27887
5812 27876
5813 27873
5816 27869
5821 27855
5822 27824
5837 27816
5840 27803
5842 27782
5856 27772
5860 27761
5862 27759
5864 27757
5875 27733
5876 27720
5881 27717
5884 27715
5885 27692
5895 27691
5896 27678
5901 27675
5903 27651
5905 27649
5917 27612
5922 27609
5925 27607
5935 27591
5937 27570
5942 27567
5953 27556
5954 27553
5955 27549
5959 27528
5970 27521
5973 27512
5974 27511
5977 27507
5982 27506
5986 27497
5990 27479
5993 27470
5998 27454
6005 27442
6012 27437
6016 27433
6017 27410
6019 27405
6025 27400
6031 27378
6037 27358
6049 27357
6051 27336
6057 27316
6068 27310
6072 27308
6075 27295
6078 27250
6093 27242
6096 27229
6098 27208
6113 27200
6116 27187
6125 27185
6130 27183
6131 27159
6135 27158
6138 27147
6142 27146
6149 27138
6150 27136
6151 27117
6166 27109
6169 27096
6170 27094
6172 27093
6174 27091
6176 27088
6179 27076
6181 27072
6186 27054
6191 27051
6193 27040
6195 27035
6200 27028
6202 27023
6206 27012
6207 27008
6213 26988
6220 26976
6227 26966
6233 26946
6240 26934
6243 26929
6247 26922
6254 26880
6261 26868
6272 26859
6274 26838
6281 26826
6292 26817
6299 26805
6306 26800
6307 26789
6313 26787
6314 26777
6318 26776
6321 26765
6326 26758
6327 26747
6333 26745
6334 26735
6344 26730
6345 26726
6346 26724
6347 26692
6362 26684
6365 26671
6367 26650
6379 26646
6382 26642
6385 26629
6390 26626
6396 26606
6399 26604
6400 26601
6404 26600
6407 26589
6410 26584
6416 26564
6420 26559
6423 26552
6426 26547
6430 26540
6433 26518
6437 26498
6451 26497
6455 26477
6457 26456
6475 26435
6482 26430
6486 26427
6489 26417
6490 26407
6496 26405
6497 26395
6502 26388
6508 26386
6509 26375
6510 26365
6516 26363
6523 26322
6541 26301
6543 26280
6555 26276
6561 26259
6568 26256
6573 26255
6575 26234
6576 26231
6582 26222
6583 26219
6591 26214
6593 26213
6594 26210
6595 26208
6596 26189
6602 26187
6606 26170
6609 26148
6616 26136
6626 26128
6627 26127
6634 26115
6644 26107
6648 26088
6649 26087
6653 26086
6656 26075
6661 26068
6662 26057
6668 26046
6669 26045
6672 26035
6681 26034
6684 26026
6686 26025
6687 26024
6688 26022
6690 26014
6692 25993
6702 25960
6712 25952
6720 25939
6730 25931
6731 25926
6733 25921
6738 25894
6751 25874
6755 25869
6758 25852
6773 25848
6774 25832
6776 25831
6778 25817
6781 25815
6785 25808
6791 25803
6792 25766
6810 25745
6824 25718
6832 25705
6837 25698
6842 25697
6844 25676
6845 25675
6851 25673
6860 25656
6862 25655
6863 25654
6864 25652
6867 25639
6871 25632
6877 25627
6878 25590
6896 25569
6907 25566
6913 25565
6915 25564
6916 25562
6918 25529
6927 25524
6931 25499
6937 25497
6947 25489
6948 25482
6949 25478
6950 25476
6959 25458
6961 25438
6973 25431
6979 25417
6986 25411
6990 25406
6993 25389
7001 25377
7005 25373
7006 25370
7009 25369
7011 25368
7012 25367
7013 25348
7014 25347
7020 25345
7026 25340
7027 25303
7045 25282
7047 25262
7059 25255
7065 25241
7072 25235
7077 25234
7079 25213
7080 25212
7087 25201
7095 25193
7097 25192
7098 25191
7099 25189
7100 25171
7106 25169
7112 25164
7113 25127
7131 25106
7142 25103
7148 25102
7150 25101
7151 25099
7153 25066
7162 25061
7166 25036
7183 25019
7184 25015
7185 25013
7194 24995
7196 24975
7214 24954
7225 24952
7228 24927
7236 24914
7240 24910
7241 24907
7246 24906
7247 24904
7248 24885
7249 24884
7264 24865
7266 24864
7267 24863
7268 24861
7271 24848
7277 24843
7281 24836
7282 24799
7300 24778
7317 24774
7319 24773
7320 24771
7322 24738
7335 24708
7352 24691
7353 24687
7354 24685
7363 24667
7372 24664
7375 24647
7392 24630
7393 24626
7394 24624
7403 24606
7405 24600
7409 24582
7416 24576
7427 24561
7433 24559
7434 24549
7438 24539
7450 24530
7452 24528
7455 24519
7456 24515
7462 24491
7474 24488
7478 24478
7479 24454
7490 24450
7491 24448
7497 24433
7508 24428
7509 24427
7510 24425
7515 24417
7519 24393
7527 24384
7532 24363
7543 24359
7549 24346
7550 24342
7551 24340
7560 24322
7569 24319
7572 24302
7577 24295
7580 24293
7589 24285
7590 24281
7591 24279
7595 24274
7598 24272
7599 24270
7600 24261
7602 24255
7606 24237
7613 24231
7624 24216
7630 24204
7635 24194
7647 24185
7648 24183
7649 24181
7652 24174
7653 24170
7654 24167
7658 24163
7659 24146
7670 24143
7675 24133
7677 24125
7683 24123
7684 24113
7687 24105
7688 24103
7698 24102
7700 24094
7702 24092
7703 24090
7704 24078
7707 24076
7711 24072
7714 24065
7722 24057
7724 24039
7733 24035
7736 24033
7738 24025
7740 24014
7751 24011
7754 24004
7757 23987
7762 23977
7773 23974
7774 23950
7777 23948
7785 23946
7786 23944
7788 23939
7792 23929
7795 23927
7796 23925
7803 23924
7804 23923
7805 23907
7811 23896
7814 23889
7815 23886
7826 23883
7827 23859
7838 23855
7840 23853
7841 23848
7844 23842
7845 23838
7846 23836
7851 23822
7855 23818
7858 23811
7865 23808
7867 23798
7876 23790
7880 23779
7885 23777
7886 23775
7892 23764
7895 23757
7897 23751
7898 23750
7901 23733
7904 23731
7908 23727
7911 23720
7919 23712
7922 23710
7927 23704
7928 23703
7929 23699
7930 23690
7933 23688
7939 23679
7946 23676
7947 23670
7948 23666
7951 23659
7954 23642
7967 23636
7970 23629
7972 23621
7978 23619
7979 23618
7980 23612
7982 23601
7983 23599
7985 23594
7992 23588
8000 23579
8001 23578
8002 23576
8003 23573
8007 23562
8009 23561
8014 23551
8021 23548
8023 23538
8031 23531
8032 23527
8033 23521
8035 23510
8038 23503
8049 23500
8052 23498
8053 23491
8054 23490
8056 23482
8057 23473
8060 23471
8063 23470
8066 23462
8067 23460
8074 23453
8075 23452
8077 23451
8078 23450
8081 23449
8082 23447
8083 23435
8086 23433
8090 23429
8098 23421
8101 23414
8103 23396
8107 23395
8110 23382
8119 23371
8127 23362
8128 23361
8136 23344
8141 23334
8151 23330
8153 23307
8156 23305
8160 23304
8164 23303
8165 23301
8171 23286
8174 23284
8175 23282
8182 23281
8183 23280
8184 23264
8188 23263
8189 23261
8190 23253
8193 23246
8194 23243
8205 23240
8206 23216
8217 23212
8219 23210
8223 23199
8224 23195
8225 23193
8230 23179
8234 23175
8237 23173
8241 23172
8244 23165
8246 23155
8256 23150
8259 23136
8263 23135
8264 23134
8265 23132
8271 23121
8274 23114
8276 23108
8280 23090
8283 23088
8287 23084
8298 23069
8301 23067
8306 23061
8309 23047
8312 23045
8316 23044
8321 23038
8324 23036
8325 23033
8326 23027
8327 23023
8331 23022
8333 22999
8346 22993
8349 22986
8351 22978
8357 22976
8359 22969
8361 22958
8362 22956
8374 22947
8379 22936
8380 22935
8381 22933
8386 22919
8396 22915
8398 22913
8399 22908
8400 22905
8402 22895
8412 22878
8414 22867
8428 22862
8429 22861
8430 22857
8431 22855
8432 22848
8436 22830
8439 22828
8450 22827
8452 22817
8453 22810
8454 22809
8456 22808
8457 22807
8465 22798
8470 22796
8471 22789
8472 22787
8477 22778
8480 22776
8482 22770
8486 22752
8489 22739
8504 22731
8506 22719
8507 22718
8515 22709
8518 22707
8524 22698
8530 22687
8533 22685
8537 22684
8539 22661
8552 22655
8555 22648
8557 22640
8563 22638
8567 22620
8568 22618
8577 22617
8580 22609
8584 22602
8585 22598
8586 22597
8587 22595
8592 22581
8603 22577
8604 22575
8605 22574
8608 22557
8620 22529
8634 22524
8638 22510
8642 22492
8645 22490
8656 22489
8659 22472
8660 22471
8662 22470
8663 22469
8675 22465
8677 22451
8678 22449
8683 22440
8686 22438
8695 22401
8712 22381
8713 22380
8730 22360
8736 22349
8750 22337
8753 22329
8766 22327
8767 22317
8768 22312
8771 22310
8776 22307
8778 22303
8783 22279
8790 22264
8800 22259
8801 22258
8807 22244
8808 22243
8818 22238
8821 22221
8828 22218
8829 22216
8831 22212
8839 22200
8846 22196
8847 22195
8848 22192
8853 22179
8861 22174
8862 22169
8869 22166
8870 22159
8871 22158
8874 22144
8878 22142
8881 22127
8895 22122
8896 22107
8899 22105
8903 22090
8906 22088
8913 22087
8914 22083
8920 22070
8921 22069
8923 22068
8924 22067
8931 22066
8934 22063
8936 22046
8939 22044
8944 22038
8947 22036
8949 22016
8956 21999
8966 21996
8967 21995
8973 21979
8974 21978
8984 21975
8989 21955
8997 21947
9006 21935
9007 21934
9014 21927
9024 21914
9029 21910
9030 21903
9037 21894
9044 21877
9051 21862
9061 21857
9062 21856
9068 21842
9069 21841
9075 21836
9077 21833
9082 21819
9084 21818
9092 21810
9100 21798
9102 21797
9107 21794
9109 21790
9115 21775
9123 21767
9125 21766
9132 21757
9133 21754
9135 21742
9139 21740
9149 21737
9150 21736
9153 21734
9155 21731
9156 21720
9157 21705
9160 21703
9170 21697
9172 21696
9174 21685
9175 21684
9177 21682
9188 21676
9190 21675
9192 21664
9195 21661
9198 21653
9201 21651
9203 21645
9206 21643
9210 21614
9227 21594
9228 21593
9245 21573
9251 21562
9256 21554
9268 21542
9273 21534
9274 21533
9283 21525
9286 21523
9291 21513
9297 21502
9298 21492
9305 21477
9315 21472
9316 21471
9322 21457
9323 21456
9333 21451
9336 21434
9344 21432
9346 21425
9351 21417
9354 21413
9361 21412
9362 21411
9363 21405
9368 21397
9369 21396
9377 21382
9382 21374
9392 21365
9393 21355
9400 21353
9409 21345
9410 21335
9411 21334
9423 21322
9424 21312
9431 21297
9439 21295
9442 21291
9449 21276
9456 21275
9457 21274
9465 21260
9470 21252
9472 21245
9477 21237
9487 21229
9495 21216
9496 21210
9504 21209
9505 21208
9511 21200
9513 21190
9514 21189
9518 21185
9519 21175
9531 21169
9536 21165
9537 21154
9542 21150
9550 21149
9551 21148
9554 21138
9559 21130
9560 21123
9565 21115
9575 21107
9582 21105
9583 21094
9584 21088
9591 21073
9601 21068
9602 21067
9606 21063
9608 21053
9609 21052
9613 21049
9619 21047
9624 21043
9625 21036
9626 21032
9630 21028
9632 21021
9637 21013
9647 21008
9648 21007
9649 21001
9654 20993
9655 20992
9659 20989
9665 20987
9668 20985
9670 20983
9671 20976
9672 20972
9677 20968
9678 20961
9679 20951
9695 20941
9696 20931
9697 20930
9701 20927
9713 20921
9714 20910
9719 20906
9720 20899
9725 20891
9736 20890
9737 20879
9742 20871
9743 20870
9747 20867
9753 20857
9760 20850
9765 20846
9766 20839
9771 20836
9773 20825
9783 20819
9788 20815
9790 20805
9791 20804
9799 20797
9803 20796
9807 20788
9808 20784
9812 20780
9814 20773
9819 20765
9829 20760
9830 20759
9831 20753
9836 20745
9837 20744
9841 20735
9853 20728
9854 20724
9859 20714
9860 20713
9861 20703
9877 20693
9878 20683
9879 20682
9887 20675
9896 20662
9902 20651
9907 20643
9913 20633
9919 20631
9924 20623
9925 20622
9930 20613
9931 20612
9935 20609
9942 20602
9948 20591
9953 20588
9954 20581
9959 20573
9965 20571
9971 20561
9976 20553
9977 20552
9981 20549
9985 20548
9994 20532
9999 20528
10000 20521
10001 20511
10017 20501
10018 20491
10019 20490
10023 20487
10036 20470
10041 20466
10042 20459
10047 20451
10059 20439
10064 20431
10065 20430
10069 20427
10082 20410
10087 20406
10088 20399
10095 20385
10105 20379
10110 20375
10112 20365
10113 20364
10120 20362
10123 20361
10125 20356
10130 20344
10136 20333
10141 20325
10153 20313
10158 20305
10159 20304
10169 20301
10171 20296
10176 20284
10182 20273
10183 20263
10199 20253
10200 20243
10201 20242
10208 20240
10211 20239
10218 20222
10224 20211
10229 20203
10241 20191
10246 20183
10247 20182
10257 20179
10263 20169
10264 20162
10270 20151
10277 20150
10278 20144
10287 20131
10294 20130
10295 20129
10296 20123
10303 20121
10304 20117
10307 20108
10315 20107
10317 20105
10318 20098
10319 20092
10324 20084
10335 20078
10340 20074
10342 20063
10350 20057
10351 20047
10361 20040
10365 20028
10368 20027
10369 20026
10373 20023
10378 20020
10379 20019
10382 20008
10383 20007
10386 20006
10387 20004
10391 20002
10392 19995
10397 19987
10405 19983
10406 19976
10409 19975
10414 19967
10415 19966
10419 19963
10423 19956
10428 19952
10431 19948
10432 19946
10436 19944
10437 19942
10438 19935
10445 19921
10455 19914
10459 19902
10462 19901
10463 19900
10470 19898
10472 19894
10473 19893
10475 19892
10476 19882
10477 19881
10480 19880
10486 19869
10491 19861
10500 19850
10503 19849
10508 19841
10509 19840
10517 19830
10525 19822
10526 19820
10532 19809
10533 19799
10543 19792
10547 19780
10550 19779
10551 19778
10558 19776
10560 19772
10561 19771
10564 19760
10565 19759
10568 19758
10574 19747
10579 19739
10588 19728
10591 19727
10596 19719
10597 19718
10605 19708
10613 19700
10614 19698
10620 19687
10627 19686
10630 19680
10631 19679
10637 19667
10642 19661
10647 19660
10654 19648
10657 19644
10660 19640
10667 19637
10668 19634
10671 19625
10674 19624
10679 19621
10683 19609
10688 19605
10691 19601
10696 19599
10702 19592
10703 19584
10709 19580
10713 19577
10715 19564
10725 19557
10732 19544
10733 19543
10737 19540
10742 19537
10743 19536
10747 19533
10750 19523
10755 19519
10756 19512
10764 19504
10773 19492
10778 19488
10781 19484
10782 19483
10786 19480
10791 19477
10792 19476
10796 19473
10799 19463
10804 19459
10805 19452
10809 19438
10819 19431
10826 19418
10827 19417
10836 19411
10837 19410
10839 19409
10844 19397
10850 19386
10858 19378
10867 19366
10875 19358
10876 19357
10885 19351
10886 19350
10888 19349
10893 19337
10897 19316
10907 19309
10914 19296
10915 19295
10924 19289
10925 19288
10932 19275
10938 19264
10946 19256
10955 19244
10963 19236
10964 19235
10973 19229
10974 19228
10981 19215
10987 19204
10997 19197
11002 19190
11004 19184
11014 19177
11020 19169
11021 19161
11031 19154
11038 19141
11043 19138
11048 19134
11051 19130
11060 19116
11069 19109
11070 19101
11077 19096
11078 19095
11080 19094
11087 19081
11092 19078
11095 19075
11097 19074
11101 19064
11109 19056
11117 19055
11118 19044
11126 19035
11135 19034
11136 19029
11137 19028
11144 19015
11150 19004
11158 19003
11160 18997
11165 18990
11167 18984
11175 18975
11183 18969
11184 18961
11194 18954
11201 18941
11205 18933
11212 18932
11214 18930
11215 18926
11220 18924
11222 18913
11223 18912
11232 18906
11233 18901
11240 18892
11246 18881
11254 18873
11261 18872
11263 18861
11271 18853
11272 18852
11281 18846
11282 18845
11287 18844
11289 18832
11295 18821
11305 18814
11310 18807
11312 18801
11322 18794
11328 18786
11329 18778
11338 18775
11339 18771
11344 18769
11346 18758
11351 18755
11356 18751
11359 18747
11366 18746
11368 18733
11375 18732
11377 18726
11378 18718
11385 18713
11386 18712
11388 18711
11395 18698
11400 18695
11403 18692
11405 18691
11409 18681
11417 18673
11424 18672
11426 18661
11434 18652
11444 18646
11445 18645
11449 18643
11452 18632
11458 18621
11468 18614
11473 18607
11475 18601
11483 18592
11491 18586
11492 18578
11502 18571
11507 18569
11509 18558
11514 18555
11519 18551
11520 18549
11522 18547
11528 18541
11537 18529
11540 18526
11541 18518
11551 18511
11558 18498
11563 18495
11568 18491
11569 18489
11578 18481
11584 18475
11586 18469
11593 18467
11595 18461
11597 18452
11603 18446
11612 18443
11613 18439
11620 18426
11625 18423
11630 18419
11633 18415
11642 18401
11646 18392
11652 18386
11659 18381
11660 18380
11662 18379
11669 18366
11674 18363
11677 18360
11679 18359
11683 18349
11691 18341
11700 18329
11708 18320
11718 18314
11719 18313
11726 18300
11732 18289
11742 18282
11747 18275
11749 18269
11757 18260
11765 18254
11766 18246
11776 18239
11783 18226
11788 18223
11793 18219
11796 18215
11809 18209
11814 18194
11815 18186
11825 18179
11832 18166
11837 18163
11842 18159
11851 18157
11852 18149
11862 18142
11867 18135
11869 18129
11871 18120
11884 18115
11889 18112
11894 18108
11897 18106
11902 18102
11904 18098
11912 18095
11914 18091
11915 18085
11920 18060
11934 18056
11940 18050
11950 18043
11957 18023
11972 18009
11979 18005
11985 17999
11989 17998
11995 17992
11996 17985
11997 17984
12006 17978
12007 17977
12009 17972
12014 17964
12020 17953
12030 17946
12037 17933
12045 17924
12061 17919
12064 17911
12065 17908
12072 17902
12075 17901
12082 17888
12083 17887
12084 17879
12097 17873
12100 17867
12101 17865
12102 17858
12103 17850
12113 17843
12120 17830
12125 17827
12130 17823
12149 17813
12150 17805
12155 17799
12160 17798
12165 17792
12167 17785
12170 17782
12172 17779
12177 17776
12182 17772
12185 17770
12187 17768
12188 17761
12189 17753
12199 17746
12206 17733
12208 17724
12234 17723
12235 17721
12237 17719
12239 17717
12240 17710
12241 17702
12251 17695
12255 17679
12260 17673
12273 17663
12283 17656
12292 17642
12294 17627
12314 17624
12317 17620
12320 17618
12324 17617
12325 17612
12330 17611
12331 17604
12332 17603
12341 17597
12342 17596
12344 17591
12346 17576
12355 17572
12359 17566
12365 17565
12369 17559
12372 17552
12380 17543
12399 17530
12400 17527
12407 17521
12410 17520
12411 17515
12417 17507
12418 17506
12419 17498
12432 17492
12435 17486
12437 17477
12438 17469
12448 17462
12455 17449
12460 17446
12465 17442
12481 17439
12484 17437
12487 17435
12488 17434
12489 17426
12490 17418
12500 17410
12503 17409
12505 17401
12507 17398
12512 17395
12517 17390
12520 17389
12522 17387
12523 17380
12524 17372
12534 17365
12541 17352
12543 17343
12569 17339
12572 17338
12574 17336
12575 17329
12576 17321
12586 17314
12591 17313
12593 17301
12595 17292
12605 17284
12608 17282
12618 17275
12629 17246
12652 17239
12657 17233
12660 17231
12667 17230
12668 17223
12673 17222
12678 17216
12681 17195
12694 17185
12704 17178
12714 17171
12720 17170
12723 17163
12737 17150
12742 17149
12746 17134
12752 17132
12756 17127
12761 17126
12762 17125
12766 17120
12769 17112
12773 17097
12791 17083
12796 17080
12798 17077
12800 17074
12806 17073
12811 17072
12816 17058
12823 17053
12825 17044
12834 17037
12835 17029
12845 17022
12852 17009
12857 17006
12862 17002
12867 17000
12877 16986
12879 16977
12886 16974
12896 16972
12897 16971
12904 16958
12909 16955
12911 16947
12916 16946
12922 16945
12929 16935
12931 16926
12938 16923
12940 16903
12958 16899
12961 16896
12965 16880
12972 16877
12982 16875
12988 16873
12992 16852
13002 16849
13005 16842
13015 16835
13017 16829
13024 16826
13034 16820
13037 16813
13044 16802
13047 16799
13049 16790
13067 16784
13077 16781
13080 16778
13081 16776
13082 16775
13086 16769
13089 16762
13091 16758
13096 16751
13099 16748
13101 16739
13108 16738
13109 16731
13110 16729
13116 16728
13126 16726
13127 16723
13134 16710
13135 16693
13152 16692
13158 16686
13161 16678
13168 16675
13170 16671
13172 16670
13175 16668
13178 16657
13187 16642
13193 16640
13195 16637
13196 16632
13210 16631
13213 16627
13218 16625
13220 16614
13222 16604
13239 16603
13240 16592
13245 16589
13247 16581
13254 16578
13259 16577
13261 16571
13267 16565
13271 16564
13272 16562
13274 16553
13276 16537
13283 16534
13293 16532
13299 16530
13304 16524
13308 16511
13313 16506
13322 16505
13326 16503
13328 16486
13335 16483
13345 16480
13348 16470
13355 16459
13358 16456
13363 16453
13368 16449
13378 16445
13380 16436
13390 16427
13392 16421
13400 16419
13402 16415
13407 16408
13410 16405
13415 16402
13417 16394
13424 16392
13429 16388
13432 16385
13442 16376
13444 16370
13446 16350
13464 16346
13469 16343
13476 16341
13477 16338
13478 16324
13488 16322
13496 16321
13498 16299
13507 16289
13521 16288
13524 16287
13525 16285
13528 16282
13530 16273
13531 16271
13532 16266
13539 16263
13549 16261
13550 16249
13558 16238
13565 16235
13572 16228
13582 16221
13583 16220
13584 16215
13590 16212
13595 16207
13601 16206
13602 16198
13608 16196
13610 16187
13614 16185
13616 16176
13619 16168
13629 16166
13636 16163
13637 16160
13640 16157
13647 16155
13650 16150
13655 16148
13656 16137
13665 16136
13666 16134
13668 16125
13671 16117
13681 16115
13683 16114
13688 16112
13689 16109
13691 16093
13701 16084
13702 16079
13719 16078
13721 16073
13725 16072
13726 16071
13728 16051
13743 16042
13753 16033
13754 16028
13760 16025
13762 16023
13765 16022
13772 16019
13773 16012
13778 16009
13780 16000
13789 15981
13799 15979
13807 15978
13812 15974
13813 15972
13814 15967
13821 15964
13825 15961
13830 15958
13831 15953
13832 15950
13839 15948
13841 15930
13843 15923
13850 15920
13860 15918
13861 15906
13874 15902
13875 15897
13880 15892
13889 15891
13893 15889
13895 15872
13901 15869
13912 15866
13913 15855
13922 15845
13925 15842
13930 15839
13935 15835
13945 15831
13946 15827
13947 15822
13953 15818
13957 15813
13959 15807
13967 15805
13972 15797
13973 15794
13977 15791
13982 15788
13983 15785
13984 15780
13997 15777
13998 15776
13999 15771
14009 15762
14011 15756
14013 15736
14031 15732
14036 15729
14044 15715
14045 15710
14055 15708
14064 15704
14065 15685
14071 15682
14083 15681
14088 15674
14091 15673
14096 15664
14097 15659
14098 15657
14105 15654
14107 15653
14115 15652
14116 15640
14117 15635
14123 15631
14125 15624
14132 15621
14142 15610
14143 15607
14150 15606
14156 15603
14157 15598
14162 15593
14168 15589
14169 15584
14175 15582
14177 15573
14184 15570
14186 15554
14196 15552
14203 15549
14204 15546
14207 15543
14214 15535
14222 15534
14223 15523
14232 15522
14233 15521
14238 15503
14248 15501
14255 15498
14256 15495
14258 15479
14268 15470
14278 15466
14288 15459
14293 15457
14295 15437
14310 15428
14320 15419
14326 15416
14327 15411
14340 15398
14345 15395
14347 15386
14356 15367
14366 15365
14379 15360
14380 15358
14387 15355
14389 15354
14392 15347
14397 15344
14398 15339
14399 15336
14408 15316
14418 15314
14428 15292
14441 15288
14450 15284
14458 15283
14459 15280
14461 15277
14468 15255
14480 15241
14493 15237
14502 15233
14505 15224
14513 15213
14520 15204
14533 15202
14539 15183
14540 15180
14550 15171
14560 15167
14565 15162
14570 15160
14574 15158
14576 15152
14577 15149
14582 15145
14591 15132
14592 15129
14602 15120
14611 15101
14621 15099
14629 15098
14631 15090
14638 15068
14663 15050
14673 15048
14683 15026
14690 15017
14703 15015
14709 14996
14710 14993
14723 14989
14732 14985
14735 14975
14755 14962
14760 14958
14761 14945
14762 14942
14775 14938
14781 14921
14794 14917
14795 14914
14803 14913
14804 14910
14812 14907
14814 14906
14815 14903
14826 14890
14827 14887
14831 14886
14832 14883
14833 14870
14846 14866
14847 14863
14855 14862
14856 14859
14866 14842
14875 14838
14879 14836
14883 14835
14884 14832
14886 14831
14893 14802
14913 14791
14927 14787
14938 14780
14945 14751
14964 14730
14965 14727
14984 14719
14985 14716
15007 14708
15010 14696
15016 14679
15017 14676
15036 14655
15056 14644
15078 14636
15079 14633
15081 14624
15082 14621
15088 14604
15108 14593
15130 14572
15134 14570
15150 14561
15153 14549
15167 14547
15173 14538
15182 14521
15202 14510
15205 14498
15214 14493
15225 14487
15234 14481
15245 14480
15246 14477
15247 14466
15253 14460
15254 14457
15265 14456
15266 14442
15279 14436
15285 14421
15286 14418
15299 14415
15305 14409
15306 14406
15317 14405
15319 14404
15325 14385
15337 14370
15338 14367
15357 14346
15377 14334
15396 14330
15399 14326
15400 14323
15402 14315
15403 14312
15409 14295
15429 14284
15442 14279
15451 14263
15455 14261
15471 14251
15474 14240
15483 14237
15494 14228
15503 14212
15523 14201
15526 14189
15546 14178
15555 14165
15568 14157
15574 14151
15575 14148
15586 14147
15588 14145
15594 14144
15597 14140
15600 14127
15609 14126
15620 14106
15626 14100
15627 14097
15638 14096
15640 14095
15646 14076
15661 14075
15665 14072
15668 14068
15669 14065
15672 14059
15680 14054
15681 14051
15691 14045
15692 14042
15698 14025
15717 14021
15720 14017
15721 14014
15732 14003
15733 14000
15740 13993
15744 13991
15752 13979
15763 13970
15772 13967
15784 13966
15785 13962
15786 13959
15792 13942
15804 13928
15815 13919
15824 13917
15831 13911
15837 13908
15844 13895
15850 13894
15857 13887
15866 13884
15869 13873
15876 13856
15896 13845
15909 13836
15918 13834
15921 13822
15938 13812
15941 13811
15948 13805
15950 13798
15961 13789
15969 13784
15970 13773
15990 13762
15993 13750
16013 13739
16021 13733
16022 13730
16034 13729
16035 13727
16040 13723
16041 13709
16055 13706
16063 13701
16064 13698
16067 13688
16086 13678
16087 13667
16093 13658
16105 13657
16107 13656
16113 13654
16115 13650
16116 13647
16120 13641
16128 13636
16135 13626
16139 13624
16151 13623
16152 13621
16158 13603
16165 13586
16184 13582
16187 13575
16199 13564
16200 13561
16210 13552
16220 13550
16232 13544
16233 13541
16237 13535
16239 13528
16252 13520
16259 13503
16271 13489
16282 13480
16291 13478
16304 13469
16314 13467
16316 13458
16317 13455
16329 13453
16331 13452
16333 13445
16337 13444
16350 13421
16356 13418
16365 13406
16376 13397
16385 13395
16388 13383
16408 13372
16417 13366
16429 13364
16431 13361
16435 13354
16440 13353
16444 13338
16450 13335
16464 13327
16467 13315
16473 13312
16482 13300
16488 13294
16489 13291
16502 13289
16507 13284
16511 13281
16524 13271
16534 13260
16546 13258
16548 13256
16552 13255
16555 13239
16560 13219
16582 13211
16583 13208
16600 13205
16601 13201
16605 13188
16606 13185
16628 13177
16634 13175
16639 13151
16654 13136
16672 13133
16677 13113
16699 13105
16700 13102
16713 13098
16714 13095
16718 13094
16724 13086
16733 13068
16753 13062
16755 13059
16756 13045
16771 13030
16785 13023
16796 13014
16805 13012
16812 13011
16818 13003
16828 13001
16830 12992
16831 12989
16835 12988
16845 12986
16847 12979
16850 12962
16864 12955
16870 12952
16878 12947
16879 12940
16890 12931
16899 12929
16902 12917
16922 12906
16929 12905
16931 12900
16943 12898
16945 12895
16949 12888
16950 12872
16964 12869
16972 12864
16973 12861
16981 12849
16987 12846
16995 12841
16996 12834
17002 12828
17003 12825
17016 12823
17025 12815
17029 12804
17044 12789
17067 12766
17074 12753
17096 12745
17097 12742
17114 12739
17119 12722
17120 12719
17142 12711
17146 12698
17153 12685
17161 12683
17168 12670
17186 12667
17191 12647
17213 12639
17214 12636
17232 12628
17240 12615
17247 12602
17269 12593
17270 12579
17285 12564
17312 12559
17319 12558
17321 12553
17326 12545
17339 12541
17344 12540
17348 12525
17349 12522
17364 12496
17386 12487
17392 12481
17393 12478
17406 12476
17415 12468
17424 12464
17428 12458
17437 12457
17438 12447
17443 12439
17464 12406
17486 12398
17487 12395
17505 12392
17509 12375
17510 12372
17532 12364
17541 12358
17543 12338
17558 12323
17581 12300
17603 12292
17604 12289
17622 12281
17637 12255
17660 12232
17675 12217
17710 12216
17714 12206
17716 12198
17736 12195
17739 12175
17754 12149
17781 12144
17793 12138
17799 12132
17812 12126
17814 12117
17827 12110
17828 12104
17833 12092
17859 12086
17860 12076
17878 12075
17882 12067
17891 12058
17893 12048
17906 12042
17907 12036
17916 12026
17922 12021
17931 12011
17944 12004
17961 11999
17966 11996
17967 11993
17972 11980
17982 11978
17983 11975
17987 11965
17995 11963
17997 11958
18001 11953
18010 11942
18023 11936
18031 11933
18033 11931
18038 11921
18054 11903
18066 11897
18074 11895
18076 11890
18089 11874
18099 11872
18100 11869
18104 11859
18112 11857
18117 11853
18133 11835
18155 11833
18163 11830
18168 11812
18170 11807
18171 11797
18183 11791
18191 11789
18206 11774
18238 11772
18239 11769
18243 11759
18247 11755
18249 11750
18250 11729
18285 11706
18310 11697
18322 11691
18329 11672
18345 11668
18351 11663
18359 11661
18360 11653
18364 11649
18373 11646
18389 11629
18402 11623
18412 11617
18417 11607
18418 11601
18426 11600
18427 11591
18439 11585
18447 11583
18452 11578
18460 11575
18462 11568
18467 11563
18481 11555
18483 11545
18496 11539
18497 11533
18505 11532
18506 11523
18518 11522
18520 11517
18528 11515
18529 11511
18532 11510
18534 11501
18541 11499
18546 11495
18562 11477
18576 11476
18584 11475
18585 11460
18587 11455
18597 11454
18599 11449
18600 11439
18613 11433
18620 11431
18630 11429
18631 11426
18635 11416
18664 11392
18666 11387
18679 11371
18701 11364
18702 11354
18714 11348
18739 11339
18743 11335
18745 11330
18753 11327
18758 11314
18776 11311
18780 11307
18781 11286
18818 11271
18832 11270
18840 11269
18841 11254
18843 11249
18847 11243
18856 11233
18860 11229
18869 11227
18876 11225
18882 11220
18891 11210
18914 11208
18920 11186
18922 11181
18926 11175
18935 11165
18949 11158
18957 11157
18958 11148
18963 11143
18970 11142
18991 11132
18999 11129
19001 11124
19005 11118
19012 11112
19014 11102
19016 11097
19028 11090
19036 11089
19037 11080
19042 11075
19051 11074
19060 11068
19070 11064
19082 11061
19091 11055
19093 11034
19095 11029
19116 11023
19118 11012
19130 11006
19131 10996
19172 10977
19174 10972
19182 10969
19197 10944
19210 10928
19247 10926
19251 10925
19258 10924
19259 10916
19261 10912
19268 10906
19270 10896
19272 10891
19276 10887
19284 10884
19289 10871
19298 10869
19307 10868
19316 10862
19326 10858
19337 10856
19338 10855
19347 10849
19349 10828
19351 10823
19368 10822
19374 10806
19378 10800
19387 10790
19419 10786
19428 10770
19430 10766
19453 10738
19457 10732
19466 10722
19498 10719
19507 10713
19515 10710
19518 10704
19520 10699
19532 10681
19536 10675
19545 10665
19547 10654
19588 10640
19605 10632
19620 10627
19622 10614
19626 10586
19663 10584
19667 10583
19675 10580
19684 10564
19697 10561
19701 10557
19705 10529
19713 10526
19732 10520
19742 10516
19754 10513
19763 10507
19773 10504
19774 10498
19776 10493
19789 10481
19792 10469
19803 10448
19844 10434
19863 10426
19865 10425
19868 10424
19876 10421
19878 10408
19882 10380
19923 10377
19942 10358
19957 10351
19961 10323
20018 10320
20021 10301
20042 10287
20045 10275
20051 10256
20088 10254
20100 10251
20109 10234
20121 10219
20124 10218
20130 10199
20138 10196
20157 10190
20167 10186
20179 10183
20188 10177
20198 10174
20200 10162
20214 10151
20215 10150
20217 10139
20228 10118
20277 10117
20284 10114
20288 10096
20290 10095
20293 10094
20294 10093
20301 10090
20307 10050
20367 10028
20386 9993
20446 9971
20467 9957
20470 9945
20471 9944
20496 9939
20504 9936
20523 9930
20524 9927
20530 9923
20531 9922
20546 9889
20549 9888
20550 9887
20568 9885
20583 9879
20594 9858
20625 9832
20647 9817
20673 9790
20701 9789
20709 9784
20710 9783
20713 9782
20726 9760
20752 9733
20780 9721
20810 9712
20811 9711
20836 9685
20837 9684
20859 9664
20886 9656
20889 9655
20890 9654
20915 9628
20916 9627
20934 9625
20944 9615
20965 9599
20991 9597
21000 9579
21013 9557
21041 9556
21049 9551
21050 9550
21053 9549
21062 9539
21067 9529
21079 9522
21092 9500
21120 9488
21141 9482
21146 9461
21176 9452
21177 9451
21199 9431
21225 9404
21255 9395
21256 9394
21284 9382
21304 9377
21305 9376
21310 9355
21340 9346
21359 9327
21363 9325
21389 9298
21407 9296
21419 9289
21438 9270
21464 9268
21476 9261
21479 9258
21481 9249
21486 9228
21517 9227
21523 9221
21535 9210
21543 9200
21565 9171
21596 9170
21602 9164
21614 9153
21622 9143
21650 9122
21681 9121
21689 9117
21699 9104
21707 9094
21729 9065
21760 9064
21768 9060
21778 9047
21786 9037
21804 9035
21816 9028
21827 9019
21832 9017
21835 9009
21868 9007
21875 8977
21883 8967
21920 8960
21932 8954
21943 8945
21954 8920
21962 8910
21999 8903
22014 8898
22022 8888
22039 8871
22047 8861
22086 8856
22099 8849
22107 8839
22118 8814
22126 8804
22165 8799
22178 8792
22186 8782
22208 8774
22221 8766
22229 8756
22250 8750
22266 8739
22274 8729
22287 8717
22312 8713
22314 8707
22320 8703
22329 8693
22351 8690
22359 8680
22372 8668
22385 8660
22393 8650
22416 8649
22424 8639
22430 8633
22438 8623
22451 8611
22490 8606
22498 8601
22501 8600
22507 8586
22515 8576
22541 8575
22552 8569
22553 8566
22554 8563
22575 8554
22580 8543
22588 8533
22624 8519
22632 8509
22654 8500
22665 8497
22671 8480
22679 8470
22705 8469
22718 8457
22739 8448
22749 8446
22763 8430
22782 8422
22813 8419
22818 8418
22819 8405
22827 8395
22840 8383
22855 8379
22874 8369
22882 8359
22899 8355
22900 8352
22913 8340
22936 8338
22938 8326
22946 8316
22969 8315
22977 8305
22983 8299
22991 8289
23004 8277
23030 8276
23043 8272
23051 8267
23061 8265
23064 8255
23075 8252
23086 8248
23094 8238
23107 8229
23127 8226
23133 8209
23141 8199
23167 8198
23177 8185
23185 8175
23207 8166
23218 8163
23224 8162
23225 8159
23244 8151
23250 8145
23258 8135
23271 8123
23302 8112
23316 8096
23344 8088
23361 8084
23376 8074
23387 8071
23388 8064
23400 8055
23408 8045
23444 8031
23445 8028
23452 8021
23453 8018
23466 8006
23489 8004
23497 7994
23510 7982
23536 7981
23548 7980
23549 7977
23556 7970
23569 7958
23581 7957
23583 7942
23611 7934
23614 7931
23639 7914
23647 7904
23669 7895
23680 7892
23686 7891
23700 7883
23707 7882
23712 7874
23713 7871
23720 7864
23733 7852
23756 7850
23764 7840
23777 7828
23778 7825
23808 7817
23822 7801
23849 7800
23850 7793
23875 7791
23880 7790
23881 7777
23893 7776
23906 7760
23914 7750
23936 7741
23951 7733
23959 7723
23972 7711
23998 7710
24011 7706
24019 7701
24025 7690
24032 7689
24036 7687
24043 7686
24045 7671
24075 7663
24089 7647
24116 7646
24117 7639
24120 7636
24149 7625
24154 7622
24162 7612
24175 7600
24186 7597
24217 7595
24218 7579
24226 7569
24239 7557
24278 7552
24284 7530
24323 7525
24334 7522
24344 7508
24355 7505
24376 7502
24381 7496
24387 7482
24419 7481
24421 7468
24429 7458
24442 7446
24472 7444
24484 7441
24485 7432
24487 7419
24498 7416
24528 7415
24537 7411
24538 7410
24542 7402
24547 7397
24551 7376
24590 7371
24607 7368
24611 7354
24622 7351
24643 7348
24656 7347
24661 7346
24663 7339
24672 7337
24675 7333
24681 7332
24682 7329
24688 7321
24693 7315
24701 7305
24731 7304
24736 7300
24741 7299
24744 7290
24752 7278
24754 7265
24795 7264
24799 7260
24802 7251
24809 7248
24814 7243
24820 7241
24825 7240
24840 7234
24862 7229
24863 7217
24888 7215
24900 7212
24902 7207
24905 7203
24923 7195
24934 7192
24948 7181
24955 7167
24990 7163
24998 7153
25008 7147
25012 7137
25023 7130
25043 7123
25065 7122
25066 7106
25069 7097
25110 7095
25114 7092
25126 7084
25129 7075
25140 7072
25169 7067
25181 7060
25190 7058
25193 7054
25199 7053
25200 7050
25209 7049
25217 7039
25227 7038
25244 7025
25260 7022
25263 7013
25270 6999
25301 6995
25312 6988
25313 6985
25327 6969
25338 6962
25358 6955
25380 6954
25381 6938
25406 6936
25418 6933
25425 6927
25441 6916
25452 6913
25477 6911
25481 6908
25485 6905
25493 6901
25506 6897
25511 6894
25512 6891
25521 6885
25532 6878
25552 6871
25559 6857
25575 6854
25591 6850
25602 6843
25616 6827
25627 6820
25645 6819
25661 6814
25670 6796
25687 6788
25714 6785
25730 6774
25741 6771
25747 6766
25758 6763
25782 6759
25799 6751
25801 6749
25810 6743
25818 6741
25821 6736
25833 6731
25835 6730
25845 6726
25862 6716
25864 6712
25880 6708
25881 6704
25888 6690
25919 6686
25930 6679
25931 6676
25944 6670
25945 6660
25956 6653
25976 6646
25998 6645
25999 6629
26024 6627
26036 6624
26043 6618
26059 6607
26070 6604
26092 6595
26111 6592
26122 6589
26124 6588
26129 6585
26130 6582
26135 6581
26139 6576
26149 6565
26160 6558
26177 6548
26193 6545
26203 6534
26228 6532
26233 6528
26234 6518
26245 6511
26263 6510
26274 6509
26288 6487
26310 6486
26313 6485
26332 6476
26348 6465
26359 6462
26381 6453
26397 6450
26418 6443
26419 6440
26424 6439
26428 6434
26438 6423
26449 6416
26471 6415
26482 6403
26492 6392
26509 6384
26536 6381
26552 6368
26563 6367
26569 6362
26575 6358
26586 6351
26606 6344
26623 6343
26629 6327
26654 6325
26666 6322
26673 6316
26684 6312
26686 6308
26689 6305
26703 6300
26710 6286
26741 6282
26752 6275
26753 6272
26766 6266
26767 6256
26778 6249
26798 6242
26820 6241
26821 6225
26846 6223
26858 6220
26864 6216
26865 6214
26875 6209
26881 6203
26892 6200
26917 6198
26918 6185
26940 6184
26943 6183
26951 6181
26952 6178
26961 6172
26972 6165
26978 6163
26992 6158
26999 6144
27015 6141
27040 6139
27042 6130
27055 6124
27056 6114
27067 6107
27089 6106
27110 6083
27132 6082
27135 6081
27154 6072
27170 6061
27181 6058
27203 6057
27206 6056
27214 6050
27222 6046
27240 6039
27241 6036
27250 6030
27261 6023
27283 6022
27293 6021
27300 6017
27304 5999
27326 5998
27329 5997
27332 5994
27340 5984
27363 5980
27364 5977
27375 5974
27377 5973
27383 5970
27386 5963
27397 5954
27408 5947
27428 5940
27450 5939
27451 5923
27476 5921
27488 5918
27495 5912
27511 5901
27534 5900
27536 5899
27548 5896
27555 5890
27563 5886
27564 5882
27580 5879
27591 5870
27599 5868
27602 5863
27612 5862
27621 5852
27629 5842
27645 5839
27656 5838
27666 5831
27672 5828
27675 5821
27686 5812
27697 5805
27719 5804
27735 5799
27740 5781
27762 5780
27765 5779
27783 5776
27784 5770
27800 5759
27822 5758
27825 5757
27843 5754
27844 5748
27852 5744
27869 5737
27880 5728
27891 5721
27913 5720
27929 5715
27934 5697
27956 5696
27959 5695
27962 5692
27973 5685
27993 5678
27994 5675
28005 5672
28007 5671
28016 5661
28040 5655
28048 5648
28051 5647
28067 5644
28076 5639
28092 5637
28095 5636
28100 5633
28108 5626
28111 5625
28127 5620
28135 5618
28146 5617
28152 5615
28155 5614
28156 5608
28167 5601
28177 5600
28178 5594
28185 5590
28194 5580
28210 5577
28228 5576
28229 5566
28242 5560
28251 5550
28262 5543
28284 5542
28286 5536
28296 5529
28305 5519
28327 5518
28330 5517
28340 5505
28362 5504
28365 5497
28384 5494
28400 5483
28417 5482
28425 5481
28435 5475
28444 5472
28445 5466
28456 5459
28478 5458
28480 5452
28490 5445
28499 5435
28521 5434
28524 5433
28534 5421
28556 5420
28559 5413
28570 5410
28572 5409
28589 5406
28594 5399
28604 5396
28605 5393
28613 5386
28632 5382
28640 5379
28648 5372
28665 5371
28667 5368
28673 5364
28689 5363
28692 5358
28700 5356
28708 5350
28723 5349
28727 5344
28734 5342
28743 5332
28750 5328
28764 5326
28766 5325
28778 5318
28785 5314
28798 5312
28799 5309
28802 5304
28807 5298
28818 5291
28837 5290
28842 5284
28853 5277
28861 5267
28883 5266
28886 5265
28896 5253
28918 5252
28921 5245
28940 5242
28956 5231
28973 5230
28981 5229
28991 5223
28996 5220
29001 5214
29012 5207
29031 5206
29036 5200
29047 5193
29055 5183
29077 5182
29080 5181
29090 5169
29112 5168
29115 5161
29126 5158
29145 5154
29150 5147
29161 5141
29169 5134
29188 5130
29196 5127
29204 5120
29221 5119
29223 5116
29229 5112
29245 5111
29248 5106
29256 5104
29264 5098
29280 5097
29283 5092
29291 5090
29299 5080
29315 5076
29320 5074
29334 5066
29344 5064
29350 5062
29355 5057
29358 5052
29363 5050
29382 5046
29390 5043
29393 5038
29398 5036
29415 5035
29417 5032
29418 5030
29423 5028
29437 5027
29442 5022
29450 5021
29453 5016
29458 5014
29469 5008
29488 5004
29493 5001
29498 4999
29504 4994
29509 4992
29523 4990
29529 4986
29533 4985
29537 4982
29544 4978
29552 4968
29574 4967
29577 4966
29587 4954
29607 4947
29612 4946
29626 4943
29634 4940
29642 4933
29647 4932
29652 4931
29658 4926
29663 4924
29682 4919
29685 4915
29693 4912
29698 4910
29712 4909
29717 4906
29718 4904
29720 4901
29726 4900
29731 4898
29742 4896
29745 4891
29750 4889
29758 4888
29761 4886
29766 4884
29777 4882
29778 4877
29785 4875
29796 4865
29818 4864
29821 4863
29825 4862
29831 4851
29841 4849
29852 4842
29871 4841
29875 4840
29876 4835
29879 4831
29887 4828
29901 4827
29907 4821
29912 4820
29914 4817
29920 4816
29931 4814
29936 4813
29939 4807
29947 4806
29955 4802
29964 4800
29967 4795
29972 4793
29985 4789
29994 4786
29999 4785
30009 4782
30010 4781
30015 4780
30020 4775
30027 4773
30029 4772
30032 4771
30045 4767
30051 4765
30053 4763
30063 4762
30067 4758
30072 4754
30078 4751
30085 4746
30096 4739
30115 4738
30118 4735
30120 4732
30123 4728
30131 4725
30145 4724
30156 4717
30158 4714
30161 4711
30179 4705
30183 4704
30191 4703
30199 4699
30203 4698
30208 4697
30214 4691
30216 4690
30221 4689
30235 4686
30239 4683
30243 4682
30247 4679
30256 4676
30261 4674
30266 4670
30267 4669
30272 4667
30282 4665
30291 4663
30294 4658
30301 4656
30316 4654
30321 4652
30326 4648
30327 4647
30332 4645
30335 4643
30340 4641
30351 4639
30354 4634
30359 4632
30378 4628
30390 4625
30393 4622
30395 4621
30400 4619
30405 4608
30423 4602
30445 4598
30447 4595
30450 4592
30458 4588
30461 4585
30483 4580
30488 4574
30505 4571
30510 4567
30516 4564
30521 4563
30526 4562
30529 4559
30545 4553
30548 4550
30565 4549
30570 4545
30576 4542
30583 4539
30584 4538
30589 4537
30594 4532
30603 4529
30608 4528
30622 4525
30635 4523
30637 4519
30643 4517
30644 4516
30654 4510
30662 4506
30678 4502
30681 4497
30689 4495
30694 4489
30705 4482
30727 4481
30732 4471
30754 4467
30765 4460
30773 4456
30777 4455
30788 4448
30792 4447
30814 4446
30817 4445
30831 4443
30833 4434
30837 4433
30848 4426
30852 4425
30856 4422
30875 4413
30897 4412
30904 4410
30910 4409
30916 4400
30935 4391
30957 4390
30964 4382
30975 4381
30992 4378
30997 4374
31003 4371
31013 4369
31016 4366
31021 4352
31032 4345
31054 4344
31081 4330
31092 4323
31100 4319
31119 4310
31141 4309
31160 4297
31179 4288
31201 4287
31219 4278
31240 4277
31244 4276
31249 4270
31256 4269
31259 4268
31260 4263
31264 4262
31275 4255
31279 4254
31301 4253
31303 4252
31309 4248
31316 4247
31319 4246
31330 4241
31343 4229
31362 4220
31384 4219
31386 4218
31390 4215
31401 4208
31421 4202
31443 4201
31446 4196
31450 4193
31451 4189
31461 4186
31469 4182
31481 4180
31488 4173
31508 4159
31519 4152
31541 4151
31568 4145
31587 4126
31606 4117
31628 4116
31630 4115
31649 4112
31656 4111
31659 4110
31677 4103
31679 4100
31690 4093
31698 4089
31717 4080
31736 4077
31743 4076
31746 4075
31758 4067
31775 4066
31777 4058
31799 4057
31812 4053
31817 4048
31838 4047
31840 4046
31847 4040
31854 4039
31857 4038
31858 4033
31862 4032
31872 4031
31873 4025
31877 4022
31888 4015
31908 4009
31930 4008
31941 3999
31956 3989
31975 3980
31995 3974
32017 3973
32019 3972
32038 3969
32045 3968
32046 3966
32049 3959
32068 3957
32079 3950
32086 3949
32093 3948
32096 3947
32105 3940
32106 3929
32117 3922
32139 3921
32166 3915
32185 3896
32204 3887
32226 3886
32247 3882
32254 3881
32257 3880
32266 3879
32275 3873
32277 3872
32280 3869
32299 3860
32315 3856
32322 3855
32325 3854
32334 3847
32341 3846
32344 3845
32364 3837
32373 3836
32391 3832
32407 3831
32410 3823
32429 3820
32436 3819
32438 3816
32451 3810
32468 3809
32470 3801
32492 3800
32494 3797
32495 3786
32506 3779
32528 3778
32549 3775
32565 3771
32566 3768
32570 3765
32581 3758
32593 3744
32615 3743
32634 3742
32636 3739
32643 3738
32646 3737
32649 3732
32663 3729
32668 3723
32688 3717
32710 3716
32712 3715
32723 3704
32730 3703
32733 3702
32750 3694
32762 3693
32779 3692
32783 3685
32794 3678
32799 3672
32810 3665
32832 3664
32859 3658
32862 3652
32876 3649
32878 3639
32897 3630
32919 3629
32940 3625
32947 3624
32950 3623
32959 3622
32968 3616
32970 3615
32979 3614
32992 3612
32993 3607
33005 3601
33008 3599
33015 3598
33018 3597
33027 3590
33034 3589
33037 3588
33052 3586
33057 3580
33066 3579
33088 3578
33098 3576
33100 3574
33110 3573
33115 3572
33123 3567
33127 3565
33131 3559
33139 3551
33161 3550
33164 3549
33167 3548
33172 3542
33183 3535
33188 3529
33199 3522
33221 3521
33242 3518
33262 3516
33269 3511
33270 3500
33284 3497
33286 3487
33308 3486
33329 3482
33336 3481
33339 3480
33345 3479
33356 3472
33368 3471
33382 3464
33400 3460
33407 3459
33414 3457
33416 3447
33423 3446
33426 3445
33443 3437
33455 3436
33477 3435
33486 3432
33493 3431
33496 3430
33505 3429
33512 3424
33514 3423
33516 3422
33525 3421
33529 3420
33537 3419
33539 3414
33540 3413
33551 3408
33553 3406
33556 3405
33563 3404
33573 3397
33580 3396
33583 3395
33595 3392
33600 3386
33611 3379
33627 3378
33649 3377
33651 3373
33673 3372
33677 3366
33682 3357
33696 3354
33698 3344
33720 3343
33729 3342
33734 3336
33745 3329
33767 3328
33788 3325
33808 3323
33812 3317
33816 3307
33828 3304
33832 3294
33854 3293
33875 3289
33882 3288
33885 3287
33903 3280
33914 3278
33928 3271
33946 3267
33953 3266
33960 3264
33962 3254
33969 3253
33972 3252
33994 3251
34001 3243
34023 3242
34033 3240
34039 3235
34058 3231
34065 3230
34068 3229
34075 3227
34083 3226
34086 3220
34099 3213
34102 3212
34109 3211
34130 3206
34131 3203
34138 3202
34141 3199
34146 3193
34157 3186
34173 3185
34195 3184
34197 3180
34219 3179
34226 3178
34228 3164
34242 3161
34244 3151
34266 3150
34284 3145
34297 3144
34313 3143
34315 3137
34326 3135
34342 3134
34351 3133
34355 3130
34358 3124
34365 3123
34372 3121
34374 3111
34381 3110
34384 3109
34406 3108
34413 3100
34435 3099
34445 3097
34452 3096
34453 3094
34466 3093
34482 3090
34484 3086
34487 3084
34495 3083
34498 3077
34511 3070
34514 3069
34521 3068
34543 3060
34550 3059
34553 3058
34569 3055
34572 3051
34585 3042
34607 3041
34625 3036
34638 3035
34645 3034
34651 3028
34667 3026
34680 3019
34683 3018
34690 3017
34699 3015
34702 3011
34709 3010
34712 3009
34715 3002
34722 3001
34725 3000
34743 2992
34754 2991
34776 2990
34783 2986
34794 2985
34807 2984
34814 2978
34820 2977
34836 2974
34839 2970
34842 2969
34849 2968
34852 2961
34855 2960
34862 2959
34873 2952
34880 2951
34883 2950
34894 2949
34912 2941
34934 2940
34944 2938
34951 2937
34952 2935
34973 2934
34979 2928
34983 2927
34986 2925
34992 2919
35010 2911
35013 2910
35020 2909
35031 2908
35042 2901
35049 2900
35052 2899
35068 2896
35071 2892
35082 2891
35084 2883
35106 2882
35124 2877
35146 2876
35150 2869
35161 2868
35179 2860
35182 2859
35189 2858
35198 2856
35201 2852
35208 2851
35211 2850
35214 2843
35221 2842
35224 2841
35246 2840
35253 2832
35275 2831
35285 2829
35292 2828
35293 2826
35314 2825
35319 2818
35335 2815
35338 2811
35341 2810
35348 2809
35351 2802
35354 2801
35361 2800
35380 2799
35383 2792
35390 2791
35393 2790
35412 2783
35434 2782
35452 2777
35464 2776
35478 2769
35489 2768
35491 2760
35510 2759
35517 2758
35520 2751
35523 2750
35530 2749
35542 2743
35549 2742
35552 2741
35574 2740
35581 2732
35603 2731
35613 2729
35620 2728
35621 2726
35641 2723
35647 2718
35657 2717
35660 2709
35679 2702
35682 2701
35689 2700
35711 2692
35718 2691
35721 2690
35743 2689
35750 2688
35751 2686
35758 2685
35761 2684
35771 2683
35778 2682
35781 2681
35782 2678
35789 2677
35792 2676
35806 2675
35810 2672
35817 2670
35818 2669
35819 2660
35841 2659
35848 2651
35851 2650
35858 2649
35880 2648
35888 2645
35891 2644
35898 2643
35908 2642
35911 2641
35918 2640
35919 2637
35922 2636
35929 2635
35940 2632
35947 2631
35950 2630
35955 2628
35958 2627
35965 2626
35969 2623
35986 2619
35987 2618
35988 2609
36010 2608
36028 2603
36048 2600
36059 2595
36077 2591
36080 2590
36087 2589
36095 2586
36099 2583
36106 2582
36109 2581
36124 2577
36127 2576
36134 2575
36138 2572
36157 2571
36164 2567
36178 2566
36180 2564
36187 2563
36190 2562
36204 2558
36214 2557
36217 2549
36236 2542
36239 2541
36246 2540
36264 2535
36268 2532
36275 2531
36278 2530
36297 2529
36304 2528
36308 2526
36315 2525
36317 2523
36320 2522
36327 2521
36339 2518
36346 2517
36349 2516
36363 2515
36374 2510
36375 2509
36376 2500
36398 2499
36405 2491
36408 2490
36415 2489
36434 2488
36445 2485
36448 2484
36455 2483
36457 2481
36476 2477
36479 2476
36486 2475
36505 2474
36512 2468
36515 2467
36522 2466
36541 2465
36542 2464
36543 2459
36544 2458
36545 2449
36567 2448
36585 2443
36607 2442
36616 2435
36635 2434
36652 2426
36671 2425
36681 2417
36684 2416
36691 2415
36710 2414
36711 2413
36721 2407
36742 2405
36761 2401
36767 2400
36774 2394
36793 2393
36799 2392
36806 2391
36814 2388
36819 2385
36821 2375
36843 2374
36861 2369
36875 2368
36881 2366
36883 2365
36894 2364
36904 2359
36907 2358
36914 2357
36932 2354
36936 2351
36948 2350
36963 2342
36985 2341
36993 2339
37000 2338
37003 2336
37014 2335
37017 2334
37018 2331
37034 2328
37038 2323
37043 2322
37044 2317
37066 2316
37084 2311
37099 2310
37102 2309
37109 2308
37115 2303
37134 2302
37139 2300
37150 2299
37151 2294
37157 2292
37159 2291
37177 2290
37180 2285
37183 2284
37190 2283
37209 2282
37210 2281
37219 2280
37220 2275
37239 2268
37261 2267
37273 2262
37292 2261
37298 2260
37299 2259
37301 2258
37312 2257
37313 2256
37314 2249
37319 2248
37320 2243
37342 2242
37360 2237
37380 2234
37393 2232
37410 2228
37429 2225
37431 2222
37435 2219
37447 2218
37456 2216
37461 2215
37462 2210
37484 2209
37492 2207
37502 2204
37516 2202
37517 2199
37533 2196
37552 2195
37556 2192
37569 2187
37575 2185
37577 2184
37595 2183
37598 2178
37601 2177
37608 2176
37628 2174
37637 2173
37638 2168
37650 2166
37655 2165
37656 2160
37678 2159
37694 2157
37696 2154
37715 2153
37717 2150
37718 2149
37723 2144
37732 2142
37737 2141
37738 2136
37760 2135
37778 2130
37798 2127
37811 2125
37828 2121
37847 2118
37849 2115
37853 2112
37865 2111
37887 2110
37889 2109
37893 2106
37905 2104
37910 2100
37929 2098
37934 2095
37935 2092
37957 2091
37972 2088
37974 2085
37996 2084
37999 2083
38001 2079
38004 2078
38011 2077
38023 2072
38041 2069
38063 2066
38068 2059
38073 2058
38074 2053
38096 2052
38114 2047
38133 2046
38135 2043
38136 2042
38141 2037
38163 2036
38181 2031
38203 2030
38214 2026
38231 2022
38246 2017
38252 2016
38274 2015
38284 2014
38286 2011
38292 2010
38299 2008
38305 2007
38308 2006
38313 2001
38335 2000
38353 1995
38358 1994
38359 1989
38381 1988
38399 1983
38418 1982
38420 1979
38421 1978
38426 1973
38448 1972
38466 1967
38488 1966
38496 1964
38499 1962
38510 1958
38527 1957
38531 1953
38533 1951
38555 1950
38571 1947
38573 1945
38584 1944
38590 1943
38593 1942
38594 1941
38595 1940
38598 1937
38600 1935
38622 1934
38629 1931
38634 1930
38635 1925
38641 1924
38663 1923
38673 1922
38675 1919
38681 1918
38696 1915
38697 1914
38702 1909
38724 1908
38742 1903
38764 1902
38772 1899
38775 1898
38792 1894
38812 1893
38814 1891
38818 1887
38840 1886
38856 1885
38858 1881
38861 1880
38879 1877
38880 1876
38881 1875
38885 1871
38907 1870
38914 1867
38919 1866
38920 1861
38926 1860
38948 1859
38958 1858
38960 1855
38966 1854
38981 1851
38982 1850
38987 1845
39009 1844
39027 1839
39049 1838
39057 1835
39060 1834
39071 1830
39088 1829
39093 1828
39094 1823
39100 1822
39122 1821
39132 1820
39134 1817
39140 1816
39155 1813
39156 1812
39161 1807
39183 1806
39201 1801
39223 1800
39234 1796
39251 1792
39272 1791
39273 1789
39279 1788
39288 1787
39289 1782
39295 1781
39317 1779
39320 1778
39329 1776
39335 1775
39340 1773
39350 1772
39351 1771
39356 1766
39373 1765
39378 1764
39379 1759
39385 1758
39407 1757
39417 1756
39419 1753
39425 1752
39440 1749
39441 1748
39446 1743
39468 1742
39486 1737
39508 1736
39519 1732
39536 1728
39558 1725
39564 1724
39576 1722
39596 1720
39606 1719
39609 1717
39615 1716
39619 1715
39620 1714
39625 1709
39647 1708
39657 1706
39664 1705
39668 1704
39690 1703
39696 1702
39697 1700
39698 1698
39706 1697
39715 1694
39731 1689
39742 1688
39748 1687
39763 1686
39780 1685
39782 1682
39788 1681
39803 1678
39804 1677
39809 1672
39831 1671
39846 1670
39849 1666
39871 1665
39882 1661
39891 1658
39899 1657
39907 1655
39921 1654
39927 1653
39931 1652
39939 1651
39959 1649
39964 1647
39972 1646
39978 1645
39980 1644
39981 1643
39988 1638
40010 1637
40020 1635
40027 1634
40031 1633
40050 1629
40061 1627
40069 1626
40070 1624
40078 1623
40094 1618
40116 1617
40126 1615
40140 1614
40143 1613
40151 1612
40157 1611
40160 1609
40167 1607
40176 1604
40184 1603
40193 1602
40203 1600
40209 1599
40227 1597
40229 1595
40245 1592
40254 1587
40270 1584
40292 1583
40294 1581
40316 1580
40327 1576
40335 1575
40343 1573
40344 1572
40352 1570
40360 1569
40372 1568
40384 1566
40404 1564
40408 1563
40413 1558
40433 1553
40453 1552
40465 1550
40472 1549
40476 1548
40486 1547
40503 1543
40506 1542
40511 1541
40523 1538
40539 1533
40561 1532
40571 1530
40587 1529
40592 1524
40612 1522
40624 1521
40629 1518
40648 1515
40654 1514
40665 1513
40673 1512
40682 1509
40690 1507
40698 1504
40715 1499
40737 1498
40747 1496
40768 1495
40771 1493
40780 1492
40787 1490
40788 1488
40805 1484
40827 1483
40835 1481
40849 1478
40865 1476
40869 1473
40874 1470
40896 1469
40906 1467
40925 1466
40931 1462
40946 1461
40947 1459
40959 1458
40964 1455
40986 1454
40994 1452
41004 1451
41019 1450
41020 1449
41024 1447
41028 1444
41043 1443
41060 1441
41071 1439
41084 1437
41090 1433
41112 1432
41118 1429
41133 1428
41148 1426
41161 1424
41163 1422
41178 1421
41190 1420
41191 1419
41197 1417
41210 1415
41229 1414
41235 1413
41236 1412
41238 1411
41240 1410
41254 1408
41259 1406
41281 1405
41282 1404
41287 1402
41302 1401
41313 1399
41326 1396
41332 1395
41347 1394
41358 1393
41360 1392
41369 1391
41374 1390
41379 1388
41388 1385
41407 1384
41409 1383
41416 1381
41431 1380
41437 1379
41448 1378
41451 1377
41459 1376
41461 1374
41476 1373
41482 1372
41489 1371
41495 1369
41517 1368
41524 1367
41527 1366
41529 1365
41534 1364
41538 1362
41552 1360
41557 1358
41579 1357
41580 1356
41585 1354
41600 1353
41611 1351
41625 1349
41630 1347
41645 1346
41657 1345
41658 1344
41673 1342
41684 1341
41693 1340
41698 1339
41702 1337
41707 1335
41721 1333
41735 1331
41749 1329
41763 1328
41775 1326
41780 1324
41794 1322
41808 1321
41821 1320
41822 1319
41836 1318
41837 1317
41848 1316
41852 1315
41853 1314
41866 1313
41867 1312
41871 1310
41885 1309
41899 1306
41913 1305
41928 1304
41931 1303
41942 1301
41944 1299
41958 1298
41971 1297
41972 1296
41986 1295
41987 1294
42000 1293
42014 1292
42015 1291
42016 1290
42017 1289
42031 1288
42045 1287
42059 1285
42060 1284
42073 1282
42087 1281
42100 1280
42101 1279
42104 1278
42109 1277
42123 1276
42136 1275
42137 1274
42145 1273
42146 1272
42160 1271
42168 1270
42180 1269
42181 1268
42182 1267
42196 1266
42210 1265
42216 1264
42224 1263
42225 1262
42233 1261
42241 1260
42255 1259
42261 1257
42269 1256
42283 1255
42289 1254
42297 1253
42304 1252
42312 1251
42325 1250
42328 1249
42333 1248
42334 1247
42348 1246
42361 1245
42369 1244
42370 1243
42377 1242
42390 1240
42404 1239
42406 1238
42418 1237
42421 1236
42426 1235
42440 1234
42453 1233
42454 1232
42462 1231
42463 1230
42477 1229
42485 1228
42493 1227
42498 1226
42499 1225
42513 1224
42527 1223
42541 1221
42542 1220
42550 1219
42558 1218
42572 1217
42585 1215
42586 1214
42600 1213
42614 1211
42628 1210
42629 1209
42642 1208
42645 1207
42650 1206
42664 1205
42677 1204
42678 1203
42686 1202
42687 1201
42701 1200
42715 1199
42722 1197
42723 1196
42737 1195
42751 1194
42766 1193
42769 1192
42773 1191
42774 1190
42788 1189
42809 1186
42810 1185
42824 1184
42839 1183
42853 1182
42863 1181
42871 1180
42885 1179
42902 1178
42911 1174
42912 1173
42926 1172
42948 1171
42961 1170
42965 1169
42979 1168
42995 1167
42996 1166
43009 1165
43023 1164
43039 1163
43042 1162
43044 1161
43045 1160
43059 1159
43074 1158
43082 1156
43083 1155
43096 1154
43112 1153
43126 1152
43131 1150
43132 1149
43147 1148
43161 1147
43183 1146
43184 1144
43185 1143
43199 1142
43221 1141
43233 1138
43234 1137
43256 1136
43282 1135
43286 1134
43287 1133
43317 1131
43318 1130
43332 1129
43347 1128
43359 1126
43360 1125
43369 1124
43391 1123
43404 1120
43405 1119
43420 1118
43434 1117
43456 1116
43458 1115
43466 1114
43487 1113
43493 1112
43506 1108
43507 1107
43529 1106
43559 1104
43560 1103
43579 1102
43580 1101
43595 1100
43609 1099
43631 1098
43633 1097
43641 1096
43662 1095
43671 1094
43681 1090
43682 1089
43704 1088
43734 1086
43735 1085
43772 1083
43773 1082
43795 1081
43807 1080
43825 1079
43826 1078
43845 1077
43846 1076
43861 1075
43875 1074
43897 1073
43899 1072
43907 1071
43928 1070
43947 1065
43948 1064
43970 1063
44000 1061
44001 1060
44041 1059
44042 1058
44072 1056
44073 1055
44112 1054
44152 1053
44153 1052
44172 1051
44183 1050
44184 1049
44223 1048
44225 1047
44233 1046
44254 1045
44273 1040
44274 1039
44296 1038
44326 1036
44327 1035
44367 1034
44368 1033
44382 1032
44383 1031
44399 1030
44435 1028
44436 1027
44476 1026
44477 1025
44507 1023
44508 1022
44547 1021
44587 1020
44588 1019
44607 1018
44618 1017
44619 1016
44658 1015
44660 1014
44668 1013
44689 1012
44708 1007
44709 1006
44731 1005
44761 1003
44762 1002
44802 1001
44803 1000
44833 998
44834 997
44873 996
44913 995
44914 994
44944 992
44945 991
45032 989
45033 988
45128 987
45129 986
45172 985
45173 984
45212 983
45252 982
45253 981
45283 979
45284 978
45371 976
45372 975
45467 974
45468 973
45567 972
45609 971
45648 970
45688 969
45689 968
45719 966
45720 965
45807 963
45808 962
45903 961
45904 960
46003 959
