50
0 1 39 960
0 2 75 916
0 3 302 743
0 4 998 9
0 5 851 168
0 6 395 810
0 7 966 113
0 8 275 670
0 9 621 667
0 10 626 95
0 11 432 474
0 12 403 680
0 13 91 808
0 14 711 233
0 15 726 206
0 16 673 388
0 17 416 211
0 18 850 266
0 19 741 42
0 20 881 42
0 21 678 514
0 22 386 718
0 23 228 368
0 24 408 969
0 25 955 79
0 26 20 992
0 27 206 683
0 28 257 679
0 29 628 253
0 30 533 296
0 31 244 598
0 32 117 700
0 33 58 996
0 34 897 200
0 35 158 744
0 36 619 193
0 37 607 663
0 38 221 575
0 39 614 711
0 40 735 401
0 41 224 523
0 42 419 812
0 43 677 207
0 44 721 390
0 45 619 147
0 46 533 678
0 47 975 5
0 48 249 684
0 49 726 389
1 2 239 932
1 3 429 792
1 4 465 834
1 5 188 897
1 6 351 407
1 7 178 658
1 8 116 789
1 9 915 109
1 10 449 581
1 11 455 377
1 12 656 792
1 13 20 996
1 14 783 22
1 15 110 758
1 16 420 552
1 17 128 891
1 18 517 694
1 19 232 518
1 20 339 398
1 21 837 159
1 22 714 213
1 23 15 945
1 24 999 8
1 25 604 633
1 26 609 612
1 27 483 728
1 28 93 834
1 29 459 347
1 30 109 943
1 31 169 970
1 32 397 608
1 33 92 955
1 34 915 26
1 35 465 823
1 36 2 992
1 37 425 189
1 38 316 753
1 39 994 6
1 40 229 818
1 41 74 839
1 42 412 511
1 43 743 51
1 44 693 138
1 45 173 624
1 46 622 776
1 47 93 850
1 48 42 995
1 49 850 234
2 3 459 379
2 4 14 997
2 5 718 299
2 6 788 178
2 7 498 454
2 8 891 100
2 9 352 483
2 10 650 130
2 11 599 661
2 12 332 820
2 13 939 204
2 14 208 780
2 15 423 621
2 16 680 89
2 17 362 820
2 18 868 151
2 19 759 91
2 20 92 851
2 21 467 551
2 22 124 939
2 23 840 457
2 24 182 740
2 25 648 249
2 26 66 931
2 27 304 652
2 28 12 983
2 29 977 203
2 30 804 256
2 31 392 814
2 32 700 277
2 33 197 871
2 34 174 886
2 35 711 502
2 36 557 553
2 37 596 424
2 38 722 352
2 39 541 230
2 40 125 716
2 41 235 628
2 42 706 180
2 43 90 858
2 44 443 649
2 45 316 666
2 46 869 206
2 47 561 284
2 48 713 519
2 49 393 340
3 4 618 485
3 5 180 969
3 6 115 790
3 7 622 614
3 8 872 126
3 9 844 316
3 10 236 480
3 11 695 526
3 12 590 176
3 13 161 795
3 14 4 996
3 15 244 974
3 16 380 686
3 17 166 931
3 18 200 879
3 19 223 261
3 20 797 159
3 21 433 416
3 22 540 692
3 23 748 353
3 24 991 11
3 25 425 667
3 26 287 421
3 27 557 306
3 28 558 861
3 29 212 589
3 30 734 343
3 31 133 894
3 32 117 618
3 33 899 69
3 34 753 701
3 35 391 513
3 36 565 458
3 37 365 524
3 38 653 476
3 39 405 830
3 40 395 499
3 41 554 223
3 42 427 488
3 43 406 825
3 44 514 373
3 45 989 4
3 46 995 17
3 47 629 498
3 48 166 907
3 49 561 231
4 5 101 928
4 6 43 915
4 7 131 829
4 8 22 979
4 9 170 840
4 10 145 800
4 11 764 468
4 12 300 868
4 13 663 602
4 14 924 82
4 15 486 501
4 16 461 348
4 17 198 598
4 18 610 888
4 19 445 528
4 20 356 799
4 21 538 476
4 22 64 887
4 23 967 28
4 24 40 896
4 25 247 800
4 26 2 991
4 27 462 567
4 28 341 894
4 29 427 405
4 30 548 482
4 31 659 157
4 32 630 235
4 33 695 444
4 34 515 249
4 35 951 15
4 36 927 101
4 37 425 618
4 38 207 920
4 39 816 539
4 40 489 804
4 41 225 497
4 42 51 828
4 43 208 939
4 44 231 825
4 45 924 90
4 46 336 470
4 47 911 165
4 48 947 68
4 49 925 171
5 6 226 390
5 7 85 656
5 8 212 746
5 9 631 504
5 10 809 92
5 11 269 537
5 12 393 885
5 13 908 60
5 14 917 67
5 15 568 624
5 16 560 747
5 17 26 980
5 18 320 381
5 19 163 641
5 20 535 379
5 21 348 832
5 22 574 210
5 23 215 694
5 24 59 870
5 25 292 620
5 26 749 295
5 27 721 468
5 28 583 218
5 29 973 80
5 30 993 27
5 31 80 830
5 32 301 944
5 33 163 788
5 34 598 788
5 35 829 494
5 36 716 149
5 37 318 704
5 38 510 361
5 39 724 500
5 40 436 448
5 41 592 459
5 42 697 702
5 43 553 789
5 44 45 915
5 45 704 467
5 46 18 857
5 47 860 150
5 48 788 538
5 49 98 976
6 7 842 466
6 8 427 762
6 9 790 143
6 10 294 567
6 11 807 83
6 12 908 2
6 13 190 730
6 14 218 558
6 15 712 564
6 16 801 139
6 17 337 478
6 18 654 264
6 19 32 928
6 20 415 449
6 21 348 856
6 22 195 651
6 23 150 883
6 24 19 995
6 25 167 688
6 26 942 156
6 27 20 899
6 28 558 144
6 29 874 384
6 30 656 617
6 31 919 40
6 32 124 940
6 33 570 640
6 34 143 917
6 35 689 364
6 36 693 501
6 37 120 766
6 38 12 886
6 39 14 727
6 40 271 952
6 41 780 38
6 42 715 106
6 43 312 704
6 44 848 72
6 45 474 569
6 46 910 100
6 47 792 55
6 48 287 749
6 49 208 867
7 8 58 522
7 9 513 479
7 10 815 73
7 11 983 7
7 12 564 65
7 13 960 105
7 14 771 231
7 15 34 905
7 16 281 384
7 17 365 747
7 18 914 92
7 19 473 521
7 20 435 642
7 21 441 490
7 22 284 948
7 23 86 805
7 24 176 820
7 25 521 302
7 26 886 280
7 27 119 849
7 28 478 453
7 29 999 8
7 30 996 26
7 31 514 699
7 32 632 588
7 33 396 597
7 34 117 647
7 35 514 451
7 36 495 225
7 37 736 134
7 38 581 778
7 39 812 104
7 40 325 575
7 41 716 417
7 42 26 981
7 43 265 623
7 44 369 322
7 45 743 55
7 46 560 415
7 47 322 811
7 48 576 155
7 49 33 938
8 9 957 14
8 10 682 331
8 11 909 150
8 12 859 371
8 13 122 879
8 14 961 26
8 15 494 684
8 16 700 253
8 17 69 935
8 18 183 834
8 19 972 99
8 20 768 342
8 21 912 195
8 22 84 991
8 23 607 565
8 24 518 369
8 25 955 61
8 26 649 359
8 27 84 356
8 28 559 337
8 29 941 84
8 30 109 406
8 31 784 224
8 32 529 479
8 33 152 830
8 34 870 364
8 35 2 997
8 36 193 807
8 37 809 188
8 38 874 100
8 39 480 283
8 40 852 169
8 41 927 123
8 42 864 253
8 43 39 943
8 44 113 724
8 45 553 607
8 46 125 631
8 47 801 50
8 48 501 769
8 49 964 17
9 10 295 383
9 11 996 13
9 12 39 993
9 13 529 213
9 14 845 29
9 15 836 384
9 16 807 416
9 17 295 643
9 18 3 1000
9 19 756 331
9 20 776 253
9 21 399 385
9 22 427 788
9 23 288 758
9 24 88 737
9 25 887 641
9 26 630 642
9 27 514 344
9 28 377 659
9 29 568 808
9 30 302 250
9 31 113 709
9 32 428 960
9 33 986 97
9 34 87 902
9 35 331 594
9 36 601 703
9 37 330 397
9 38 979 61
9 39 698 138
9 40 185 774
9 41 743 14
9 42 426 789
9 43 228 878
9 44 220 166
9 45 179 902
9 46 805 481
9 47 630 473
9 48 568 615
9 49 998 5
10 11 153 740
10 12 678 215
10 13 153 443
10 14 449 482
10 15 238 944
10 16 981 26
10 17 272 580
10 18 924 458
10 19 455 542
10 20 407 813
10 21 24 975
10 22 361 749
10 23 667 386
10 24 135 657
10 25 774 175
10 26 358 860
10 27 335 563
10 28 168 909
10 29 46 952
10 30 113 773
10 31 998 5
10 32 715 6
10 33 714 436
10 34 655 167
10 35 527 360
10 36 872 509
10 37 651 605
10 38 851 315
10 39 163 946
10 40 478 501
10 41 162 896
10 42 801 445
10 43 943 58
10 44 444 356
10 45 556 694
10 46 519 422
10 47 3 982
10 48 226 801
10 49 872 38
11 12 303 586
11 13 691 283
11 14 333 710
11 15 132 925
11 16 230 962
11 17 136 837
11 18 860 400
11 19 15 909
11 20 869 22
11 21 586 334
11 22 748 392
11 23 975 12
11 24 800 683
11 25 798 358
11 26 478 496
11 27 691 298
11 28 908 27
11 29 982 321
11 30 334 586
11 31 302 851
11 32 814 301
11 33 803 138
11 34 799 245
11 35 926 116
11 36 409 596
11 37 833 203
11 38 488 395
11 39 547 543
11 40 235 834
11 41 572 674
11 42 123 705
11 43 815 280
11 44 585 682
11 45 347 575
11 46 809 44
11 47 258 460
11 48 897 307
11 49 902 246
12 13 321 475
12 14 976 84
12 15 911 174
12 16 304 859
12 17 879 122
12 18 998 4
12 19 771 248
12 20 55 866
12 21 556 582
12 22 757 287
12 23 848 67
12 24 272 461
12 25 557 713
12 26 338 817
12 27 728 386
12 28 784 62
12 29 266 809
12 30 400 476
12 31 681 590
12 32 74 815
12 33 595 663
12 34 182 262
12 35 572 240
12 36 354 497
12 37 287 891
12 38 905 213
12 39 212 514
12 40 540 558
12 41 71 896
12 42 823 198
12 43 718 381
12 44 95 841
12 45 134 669
12 46 834 261
12 47 824 328
12 48 832 38
12 49 964 28
13 14 473 521
13 15 37 912
13 16 118 547
13 17 430 524
13 18 550 534
13 19 776 293
13 20 860 489
13 21 541 192
13 22 99 837
13 23 380 447
13 24 485 799
13 25 613 322
13 26 474 158
13 27 663 116
13 28 632 483
13 29 989 143
13 30 383 303
13 31 172 859
13 32 293 854
13 33 67 806
13 34 804 177
13 35 699 471
13 36 367 446
13 37 523 510
13 38 367 824
13 39 350 389
13 40 748 122
13 41 857 97
13 42 516 802
13 43 967 75
13 44 457 331
13 45 732 700
13 46 408 698
13 47 974 139
13 48 342 498
13 49 33 950
14 15 520 594
14 16 462 975
14 17 200 918
14 18 524 609
14 19 591 206
14 20 18 927
14 21 195 755
14 22 732 232
14 23 270 175
14 24 44 885
14 25 68 958
14 26 118 760
14 27 814 329
14 28 579 413
14 29 677 259
14 30 106 861
14 31 786 320
14 32 845 65
14 33 991 20
14 34 107 479
14 35 600 712
14 36 776 240
14 37 377 817
14 38 432 527
14 39 931 193
14 40 577 389
14 41 589 342
14 42 962 128
14 43 762 356
14 44 943 125
14 45 671 774
14 46 654 428
14 47 695 160
14 48 271 485
14 49 557 609
15 16 426 524
15 17 686 30
15 18 794 192
15 19 975 16
15 20 330 325
15 21 908 91
15 22 550 712
15 23 455 497
15 24 328 633
15 25 856 354
15 26 662 541
15 27 813 541
15 28 192 770
15 29 387 596
15 30 918 66
15 31 326 548
15 32 30 957
15 33 169 954
15 34 98 898
15 35 880 246
15 36 941 378
15 37 932 90
15 38 929 145
15 39 414 739
15 40 480 806
15 41 791 395
15 42 518 599
15 43 114 865
15 44 518 400
15 45 20 985
15 46 595 662
15 47 838 577
15 48 121 898
15 49 60 971
16 17 54 983
16 18 254 763
16 19 181 620
16 20 851 92
16 21 601 546
16 22 516 364
16 23 848 325
16 24 752 112
16 25 646 652
16 26 367 691
16 27 675 117
16 28 475 287
16 29 897 64
16 30 342 765
16 31 243 739
16 32 692 635
16 33 73 840
16 34 342 406
16 35 412 688
16 36 680 232
16 37 854 253
16 38 937 157
16 39 762 335
16 40 284 820
16 41 689 760
16 42 671 68
16 43 700 637
16 44 957 215
16 45 436 278
16 46 547 633
16 47 823 96
16 48 567 599
16 49 627 589
17 18 829 109
17 19 103 938
17 20 285 584
17 21 882 14
17 22 949 210
17 23 732 507
17 24 955 175
17 25 579 440
17 26 138 648
17 27 509 663
17 28 456 72
17 29 487 544
17 30 120 720
17 31 557 92
17 32 388 587
17 33 723 348
17 34 254 561
17 35 649 356
17 36 529 758
17 37 562 359
17 38 422 691
17 39 690 411
17 40 966 67
17 41 612 242
17 42 246 774
17 43 717 461
17 44 142 402
17 45 274 744
17 46 230 358
17 47 469 416
17 48 183 618
17 49 709 464
18 19 31 962
18 20 724 116
18 21 463 321
18 22 569 128
18 23 337 448
18 24 701 456
18 25 106 834
18 26 704 455
18 27 393 610
18 28 234 736
18 29 339 855
18 30 447 330
18 31 909 413
18 32 127 760
18 33 363 850
18 34 76 854
18 35 14 914
18 36 681 160
18 37 305 140
18 38 295 832
18 39 327 761
18 40 238 763
18 41 551 330
18 42 186 958
18 43 595 828
18 44 557 334
18 45 375 761
18 46 872 113
18 47 150 943
18 48 255 649
18 49 935 7
19 20 206 535
19 21 959 289
19 22 304 822
19 23 812 586
19 24 561 486
19 25 85 971
19 26 451 95
19 27 711 601
19 28 416 729
19 29 941 102
19 30 892 87
19 31 572 627
19 32 282 769
19 33 286 574
19 34 588 647
19 35 670 221
19 36 967 46
19 37 441 309
19 38 508 649
19 39 477 391
19 40 287 599
19 41 891 178
19 42 402 237
19 43 610 362
19 44 527 506
19 45 335 303
19 46 700 399
19 47 629 227
19 48 30 976
19 49 798 296
20 21 503 463
20 22 335 215
20 23 952 25
20 24 817 654
20 25 958 124
20 26 733 280
20 27 269 515
20 28 564 647
20 29 16 980
20 30 465 928
20 31 68 938
20 32 810 151
20 33 824 29
20 34 390 658
20 35 640 326
20 36 495 239
20 37 599 399
20 38 827 380
20 39 457 271
20 40 86 939
20 41 797 444
20 42 894 75
20 43 649 466
20 44 85 805
20 45 841 66
20 46 875 94
20 47 325 629
20 48 699 240
20 49 484 237
21 22 928 332
21 23 3 991
21 24 174 425
21 25 89 987
21 26 112 933
21 27 992 1
21 28 984 287
21 29 641 464
21 30 875 418
21 31 189 908
21 32 807 109
21 33 816 391
21 34 14 986
21 35 332 898
21 36 709 120
21 37 392 337
21 38 61 938
21 39 189 663
21 40 798 216
21 41 423 885
21 42 116 915
21 43 633 115
21 44 575 467
21 45 39 955
21 46 368 576
21 47 134 771
21 48 915 115
21 49 484 471
22 23 205 985
22 24 88 889
22 25 719 317
22 26 196 809
22 27 776 102
22 28 542 287
22 29 867 325
22 30 973 78
22 31 922 232
22 32 961 122
22 33 229 750
22 34 670 287
22 35 391 789
22 36 785 108
22 37 527 523
22 38 485 646
22 39 424 625
22 40 50 925
22 41 9 977
22 42 992 71
22 43 747 197
22 44 870 33
22 45 453 362
22 46 884 96
22 47 188 666
22 48 605 471
22 49 649 352
23 24 886 97
23 25 467 590
23 26 879 205
23 27 377 518
23 28 72 815
23 29 437 302
23 30 854 287
23 31 986 14
23 32 28 982
23 33 930 4
23 34 849 116
23 35 304 321
23 36 496 663
23 37 37 856
23 38 230 786
23 39 544 184
23 40 744 236
23 41 64 964
23 42 466 674
23 43 961 79
23 44 190 885
23 45 655 431
23 46 781 230
23 47 151 724
23 48 906 230
23 49 912 481
24 25 448 555
24 26 463 576
24 27 421 62
24 28 857 139
24 29 296 870
24 30 764 349
24 31 780 344
24 32 699 49
24 33 509 844
24 34 996 24
24 35 201 893
24 36 218 821
24 37 703 203
24 38 36 978
24 39 733 416
24 40 813 303
24 41 908 365
24 42 77 799
24 43 37 927
24 44 449 626
24 45 345 477
24 46 705 524
24 47 319 607
24 48 713 141
24 49 36 963
25 26 852 61
25 27 930 170
25 28 852 200
25 29 718 113
25 30 89 948
25 31 654 278
25 32 907 7
25 33 7 941
25 34 154 870
25 35 94 871
25 36 101 936
25 37 454 321
25 38 766 339
25 39 69 946
25 40 833 246
25 41 906 275
25 42 997 2
25 43 999 147
25 44 921 12
25 45 955 365
25 46 645 461
25 47 760 473
25 48 596 620
25 49 144 808
26 27 653 446
26 28 852 222
26 29 329 606
26 30 493 178
26 31 833 96
26 32 592 596
26 33 847 337
26 34 959 103
26 35 517 763
26 36 994 86
26 37 374 834
26 38 418 771
26 39 750 195
26 40 119 783
26 41 882 477
26 42 705 468
26 43 618 696
26 44 598 145
26 45 805 137
26 46 121 960
26 47 568 796
26 48 413 807
26 49 678 487
27 28 942 188
27 29 479 317
27 30 670 376
27 31 694 225
27 32 504 512
27 33 787 184
27 34 691 684
27 35 660 212
27 36 524 470
27 37 722 664
27 38 209 656
27 39 54 938
27 40 492 819
27 41 828 47
27 42 403 533
27 43 505 596
27 44 15 945
27 45 80 829
27 46 516 606
27 47 454 566
27 48 116 846
27 49 535 862
28 29 821 231
28 30 129 722
28 31 359 816
28 32 847 222
28 33 86 948
28 34 50 836
28 35 175 944
28 36 123 928
28 37 832 106
28 38 464 743
28 39 384 543
28 40 624 308
28 41 944 15
28 42 156 760
28 43 528 913
28 44 794 436
28 45 327 671
28 46 508 422
28 47 205 942
28 48 900 630
28 49 153 871
29 30 606 642
29 31 23 983
29 32 621 619
29 33 825 126
29 34 844 163
29 35 442 476
29 36 118 809
29 37 401 913
29 38 611 649
29 39 745 323
29 40 311 875
29 41 857 97
29 42 53 976
29 43 539 381
29 44 830 76
29 45 921 29
29 46 534 417
29 47 399 798
29 48 307 846
29 49 680 455
30 31 816 304
30 32 850 29
30 33 878 60
30 34 67 873
30 35 748 215
30 36 957 104
30 37 837 117
30 38 224 558
30 39 929 413
30 40 95 730
30 41 533 794
30 42 340 354
30 43 887 72
30 44 100 554
30 45 768 100
30 46 140 676
30 47 690 161
30 48 392 675
30 49 673 338
31 32 55 950
31 33 335 157
31 34 368 470
31 35 486 363
31 36 645 117
31 37 333 605
31 38 659 241
31 39 426 693
31 40 258 663
31 41 578 223
31 42 803 159
31 43 245 659
31 44 226 966
31 45 625 598
31 46 85 943
31 47 103 578
31 48 928 160
31 49 320 802
32 33 340 943
32 34 363 710
32 35 297 843
32 36 387 758
32 37 922 39
32 38 668 199
32 39 52 819
32 40 154 772
32 41 337 879
32 42 473 411
32 43 676 414
32 44 267 851
32 45 972 64
32 46 274 437
32 47 939 41
32 48 316 730
32 49 413 577
33 34 812 178
33 35 325 669
33 36 589 392
33 37 374 684
33 38 337 928
33 39 780 525
33 40 25 999
33 41 468 411
33 42 518 399
33 43 120 706
33 44 998 3
33 45 957 143
33 46 449 210
33 47 4 987
33 48 166 722
33 49 218 688
34 35 32 921
34 36 235 944
34 37 362 505
34 38 783 167
34 39 652 314
34 40 302 777
34 41 604 398
34 42 922 135
34 43 85 858
34 44 49 951
34 45 749 653
34 46 571 356
34 47 492 695
34 48 186 534
34 49 278 331
35 36 322 828
35 37 533 491
35 38 482 389
35 39 241 604
35 40 984 6
35 41 120 857
35 42 872 183
35 43 110 703
35 44 629 193
35 45 932 388
35 46 371 745
35 47 922 228
35 48 986 121
35 49 328 153
36 37 398 124
36 38 114 989
36 39 106 869
36 40 208 593
36 41 901 80
36 42 342 891
36 43 985 30
36 44 595 445
36 45 783 400
36 46 732 385
36 47 17 1000
36 48 106 874
36 49 141 948
37 38 424 786
37 39 945 148
37 40 615 205
37 41 19 894
37 42 666 331
37 43 982 21
37 44 132 837
37 45 636 724
37 46 131 856
37 47 446 448
37 48 406 468
37 49 113 782
38 39 746 105
38 40 314 619
38 41 860 492
38 42 277 620
38 43 453 279
38 44 660 358
38 45 185 318
38 46 675 520
38 47 819 87
38 48 476 335
38 49 223 578
39 40 664 231
39 41 927 141
39 42 280 227
39 43 399 335
39 44 54 761
39 45 816 117
39 46 677 188
39 47 348 644
39 48 155 927
39 49 972 113
40 41 355 717
40 42 636 272
40 43 771 167
40 44 309 660
40 45 928 192
40 46 511 172
40 47 772 317
40 48 235 837
40 49 760 175
41 42 748 276
41 43 816 198
41 44 4 997
41 45 258 321
41 46 153 634
41 47 363 388
41 48 619 167
41 49 403 361
42 43 813 143
42 44 269 581
42 45 546 578
42 46 379 507
42 47 245 822
42 48 844 201
42 49 843 224
43 44 436 768
43 45 73 997
43 46 5 972
43 47 782 308
43 48 202 957
43 49 350 672
44 45 597 112
44 46 437 919
44 47 943 22
44 48 613 168
44 49 345 641
45 46 657 171
45 47 858 325
45 48 677 113
45 49 142 837
46 47 227 764
46 48 961 378
46 49 142 898
47 48 872 111
47 49 274 482
48 49 318 620
0
6807
972 46837
973 46792
976 46785
977 46765
978 46720
979 46686
982 46679
984 46654
986 46641
988 46616
994 46593
995 46559
997 46409
999 46393
1001 46357
1002 46337
1003 46303
1005 46287
1006 46285
1007 46251
1009 46226
1014 46217
1016 46201
1019 46176
1021 46160
1022 46158
1023 46124
1025 46099
1028 46083
1032 46074
1034 46038
1035 46018
1036 45984
1038 45968
1039 45942
1040 45932
1041 45926
1042 45907
1043 45890
1044 45870
1045 45836
1047 45820
1048 45818
1049 45784
1051 45759
1054 45751
1055 45738
1056 45726
1058 45720
1059 45686
1061 45661
1065 45657
1067 45632
1070 45616
1071 45611
1072 45599
1074 45593
1075 45559
1077 45534
1080 45518
1083 45484
1085 45468
1086 45466
1087 45432
1088 45419
1089 45407
1091 45370
1092 45336
1094 45320
1095 45318
1096 45284
1097 45271
1098 45259
1100 45253
1101 45219
1103 45194
1110 45169
1112 45157
1113 45144
1114 45132
1116 45126
1117 45092
1119 45067
1122 45051
1126 45042
1128 45041
1129 45026
1131 45014
1132 45001
1133 44989
1135 44983
1136 44949
1138 44924
1144 44913
1145 44899
1147 44898
1151 44878
1153 44865
1155 44840
1156 44838
1158 44836
1159 44820
1160 44786
1163 44771
1167 44758
1170 44746
1173 44740
1174 44733
1176 44721
1177 44702
1178 44696
1180 44686
1181 44656
1183 44631
1189 44620
1190 44606
1192 44605
1195 44595
1196 44583
1198 44572
1199 44543
1201 44518
1205 44493
1208 44478
1212 44468
1214 44467
1215 44453
1218 44434
1219 44432
1221 44430
1222 44409
1223 44380
1226 44365
1230 44340
1236 44334
1237 44315
1240 44296
1241 44290
1243 44281
1244 44250
1246 44225
1252 44214
1253 44200
1255 44199
1258 44197
1259 44179
1261 44166
1263 44141
1264 44139
1266 44137
1267 44121
1268 44087
1271 44072
1275 44062
1277 44061
1278 44047
1281 44041
1284 44026
1285 44003
1288 43988
1289 43986
1292 43968
1293 43934
1299 43929
1300 43909
1306 43888
1309 43884
1310 43850
1314 43835
1316 43816
1319 43801
1321 43791
1325 43790
1326 43776
1328 43766
1331 43751
1332 43750
1333 43732
1336 43717
1337 43715
1338 43707
1340 43697
1341 43663
1347 43658
1348 43638
1354 43617
1357 43613
1358 43579
1362 43564
1365 43554
1366 43553
1369 43520
1375 43518
1376 43495
1379 43480
1380 43479
1382 43474
1383 43469
1386 43436
1390 43421
1393 43411
1394 43410
1397 43395
1401 43380
1403 43375
1404 43368
1407 43337
1408 43336
1411 43326
1414 43312
1415 43311
1417 43310
1418 43296
1420 43292
1421 43258
1425 43252
1427 43241
1428 43233
1432 43227
1433 43226
1434 43212
1437 43208
1438 43174
1442 43159
1444 43157
1445 43149
1446 43148
1448 43142
1449 43115
1455 43098
1456 43090
1457 43085
1459 43075
1460 43074
1462 43069
1463 43064
1464 43060
1465 43058
1466 43031
1470 43016
1472 43014
1473 43006
1474 43001
1476 42999
1477 42990
1478 42986
1481 42975
1483 42970
1484 42963
1485 42942
1487 42932
1488 42931
1491 42921
1492 42917
1493 42915
1494 42907
1495 42902
1496 42901
1498 42891
1501 42885
1502 42858
1505 42847
1506 42843
1509 42832
1511 42830
1512 42822
1513 42817
1515 42815
1516 42807
1517 42802
1519 42797
1520 42790
1522 42786
1523 42759
1524 42758
1526 42748
1530 42734
1531 42733
1532 42731
1533 42723
1534 42718
1536 42714
1537 42680
1541 42674
1543 42663
1544 42655
1548 42649
1549 42648
1550 42634
1553 42630
1554 42596
1558 42581
1560 42579
1561 42571
1562 42570
1564 42564
1565 42537
1571 42520
1572 42512
1575 42497
1576 42496
1578 42491
1579 42486
1581 42480
1582 42453
1586 42438
1588 42436
1589 42428
1590 42427
1592 42421
1593 42412
1596 42410
1597 42397
1599 42392
1600 42385
1603 42354
1604 42353
1607 42343
1609 42337
1610 42329
1611 42328
1613 42326
1614 42313
1617 42307
1618 42302
1620 42296
1621 42269
1625 42254
1627 42252
1628 42244
1629 42243
1631 42237
1632 42229
1635 42226
1636 42218
1637 42216
1638 42208
1639 42201
1642 42170
1646 42159
1648 42153
1649 42145
1652 42142
1653 42134
1656 42129
1657 42121
1660 42105
1663 42100
1664 42076
1667 42062
1670 42059
1671 42047
1673 42045
1674 42037
1675 42036
1677 42030
1678 42022
1681 41992
1685 41977
1687 41975
1688 41963
1691 41960
1692 41933
1698 41916
1699 41908
1702 41893
1703 41892
1705 41887
1706 41882
1708 41876
1709 41849
1713 41834
1715 41832
1716 41824
1717 41823
1719 41817
1720 41808
1723 41806
1724 41793
1726 41788
1727 41781
1730 41750
1731 41749
1734 41739
1736 41733
1737 41725
1738 41724
1740 41722
1741 41709
1744 41703
1745 41698
1747 41692
1748 41665
1752 41650
1754 41648
1755 41640
1756 41639
1758 41633
1759 41625
1762 41622
1763 41614
1764 41612
1765 41604
1766 41597
1769 41566
1773 41555
1775 41549
1776 41541
1779 41538
1780 41530
1783 41525
1784 41517
1787 41501
1790 41496
1791 41490
1793 41484
1794 41458
1798 41443
1800 41441
1801 41433
1802 41432
1804 41426
1805 41418
1808 41415
1809 41407
1811 41397
1812 41390
1815 41359
1819 41348
1821 41342
1822 41334
1825 41331
1826 41323
1828 41320
1830 41316
1832 41305
1833 41294
1837 41283
1839 41277
1840 41269
1843 41266
1844 41258
1845 41247
1849 41221
1853 41210
1855 41204
1856 41196
1859 41193
1860 41185
1863 41182
1864 41178
1865 41165
1867 41156
1869 41154
1871 41145
1873 41139
1874 41131
1877 41128
1878 41120
1879 41109
1883 41100
1885 41090
1886 41084
1889 41079
1891 41073
1892 41065
1895 41053
1897 41044
1899 41027
1903 41016
1905 41009
1909 40998
1910 40989
1913 40985
1915 40978
1916 40972
1917 40962
1919 40952
1921 40951
1923 40941
1925 40935
1926 40927
1928 40921
1929 40915
1930 40901
1931 40890
1934 40886
1935 40879
1937 40873
1938 40865
1941 40862
1942 40854
1944 40851
1946 40847
1947 40840
1948 40833
1949 40825
1951 40802
1955 40791
1959 40784
1961 40778
1963 40773
1964 40763
1965 40752
1968 40748
1969 40737
1971 40735
1972 40727
1973 40726
1975 40724
1976 40716
1979 40713
1980 40692
1981 40690
1983 40687
1984 40681
1985 40664
1989 40653
1993 40646
1995 40640
1997 40635
1998 40627
1999 40625
2001 40621
2002 40615
2003 40599
2007 40588
2010 40580
2013 40575
2014 40554
2015 40552
2018 40543
2020 40537
2021 40529
2024 40526
2025 40518
2028 40515
2029 40511
2030 40498
2032 40489
2033 40487
2035 40483
2036 40478
2038 40472
2039 40464
2042 40458
2043 40453
2044 40442
2048 40433
2050 40423
2051 40417
2054 40412
2055 40395
2059 40384
2062 40377
2064 40360
2068 40349
2070 40342
2073 40330
2075 40322
2077 40319
2078 40318
2080 40311
2081 40305
2082 40295
2084 40285
2085 40283
2088 40274
2090 40268
2091 40260
2093 40254
2094 40248
2095 40234
2096 40223
2099 40219
2100 40212
2102 40206
2103 40198
2106 40195
2107 40187
2109 40184
2111 40180
2112 40173
2113 40166
2114 40158
2116 40135
2120 40124
2124 40117
2126 40111
2128 40106
2129 40096
2130 40085
2133 40081
2134 40070
2136 40068
2137 40060
2138 40059
2140 40057
2141 40049
2144 40046
2145 40042
2146 40023
2148 40020
2150 39997
2154 39986
2158 39979
2160 39973
2162 39968
2164 39958
2166 39954
2167 39948
2168 39932
2172 39921
2176 39914
2178 39908
2180 39885
2185 39883
2186 39866
2190 39855
2194 39848
2196 39842
2198 39820
2200 39816
2203 39812
2204 39801
2206 39799
2207 39791
2208 39790
2210 39788
2211 39780
2214 39777
2215 39773
2216 39754
2218 39751
2220 39728
2224 39717
2228 39710
2230 39704
2232 39699
2234 39689
2236 39687
2237 39679
2238 39663
2242 39652
2246 39645
2248 39639
2250 39616
2255 39614
2258 39609
2260 39606
2261 39593
2264 39589
2267 39581
2268 39551
2276 39550
2278 39540
2280 39539
2281 39526
2283 39517
2285 39515
2286 39504
2289 39498
2290 39496
2292 39488
2293 39487
2294 39468
2299 39461
2301 39451
2302 39449
2303 39448
2305 39440
2307 39434
2308 39426
2310 39420
2311 39414
2312 39400
2313 39389
2316 39385
2317 39378
2319 39372
2320 39364
2323 39360
2324 39353
2326 39350
2327 39349
2328 39346
2329 39339
2330 39332
2331 39324
2333 39301
2337 39290
2341 39283
2343 39277
2345 39272
2346 39262
2347 39251
2350 39247
2351 39236
2353 39234
2354 39226
2355 39225
2357 39223
2358 39215
2361 39212
2362 39208
2363 39189
2365 39186
2367 39163
2371 39152
2375 39145
2377 39139
2379 39134
2381 39124
2383 39120
2384 39114
2385 39098
2389 39087
2393 39080
2395 39074
2397 39051
2402 39049
2403 39032
2407 39021
2411 39014
2413 39008
2415 38986
2417 38982
2420 38978
2421 38967
2423 38965
2424 38957
2425 38956
2427 38954
2428 38946
2431 38943
2432 38939
2433 38920
2435 38917
2437 38894
2441 38883
2445 38876
2447 38870
2449 38865
2451 38855
2453 38853
2454 38845
2455 38829
2459 38818
2463 38811
2465 38805
2467 38782
2472 38780
2475 38775
2477 38772
2478 38759
2481 38755
2484 38747
2485 38717
2495 38706
2497 38705
2498 38697
2500 38683
2503 38670
2506 38664
2509 38657
2510 38653
2511 38634
2516 38632
2519 38625
2520 38614
2523 38610
2524 38603
2526 38597
2527 38589
2529 38569
2536 38552
2540 38526
2544 38515
2548 38508
2550 38502
2552 38497
2555 38496
2556 38485
2557 38477
2563 38456
2566 38452
2568 38451
2569 38444
2570 38414
2577 38410
2579 38405
2580 38403
2581 38395
2583 38393
2584 38385
2588 38367
2589 38358
2594 38354
2595 38345
2597 38322
2602 38320
2606 38319
2607 38309
2609 38304
2611 38295
2613 38292
2614 38266
2615 38257
2624 38253
2625 38246
2627 38221
2632 38216
2636 38209
2638 38203
2640 38193
2642 38188
2644 38186
2645 38178
2646 38162
2650 38151
2654 38143
2656 38138
2658 38115
2663 38113
2666 38092
2672 38088
2674 38055
2676 38050
2680 38042
2682 38037
2686 38025
2687 38017
2691 38016
2694 38003
2696 37992
2699 37988
2700 37954
2710 37943
2715 37936
2717 37930
2718 37922
2720 37902
2727 37885
2728 37879
2730 37878
2731 37859
2735 37848
2739 37841
2741 37835
2743 37830
2746 37829
2747 37818
2748 37810
2754 37789
2757 37785
2759 37784
2760 37777
2761 37747
2768 37743
2770 37738
2771 37736
2772 37728
2774 37726
2775 37718
2779 37700
2780 37691
2785 37687
2786 37678
2788 37655
2793 37653
2797 37652
2798 37642
2800 37637
2802 37628
2804 37625
2805 37599
2806 37590
2815 37588
2816 37579
2818 37554
2831 37526
2833 37524
2834 37522
2836 37521
2837 37513
2839 37508
2842 37502
2843 37493
2844 37488
2845 37476
2848 37472
2851 37459
2852 37451
2855 37448
2857 37425
2865 37388
2871 37375
2873 37370
2877 37358
2878 37350
2887 37325
2891 37287
2901 37276
2906 37275
2908 37274
2909 37269
2910 37255
2915 37250
2917 37246
2918 37238
2919 37212
2921 37211
2928 37190
2931 37175
2941 37165
2946 37160
2947 37158
2949 37128
2954 37106
2959 37100
2961 37098
2962 37090
2967 37084
2968 37078
2970 37076
2971 37065
2975 37027
2984 37026
2985 37017
2988 36995
2994 36994
2998 36984
3000 36976
3003 36952
3004 36938
3012 36930
3014 36927
3015 36916
3023 36906
3025 36898
3028 36883
3034 36862
3038 36846
3041 36841
3044 36826
3051 36814
3056 36808
3058 36806
3059 36798
3062 36779
3066 36771
3067 36757
3072 36735
3081 36729
3082 36725
3084 36716
3088 36678
3099 36663
3100 36660
3101 36646
3107 36645
3109 36638
3111 36635
3112 36624
3118 36602
3125 36581
3131 36566
3135 36554
3137 36553
3138 36549
3139 36548
3141 36534
3144 36528
3149 36527
3151 36497
3157 36465
3168 36460
3171 36457
3172 36449
3175 36443
3176 36433
3181 36421
3183 36403
3185 36386
3193 36383
3194 36368
3198 36359
3204 36353
3206 36351
3207 36344
3211 36328
3212 36314
3215 36307
3220 36284
3227 36277
3228 36269
3233 36262
3234 36261
3236 36254
3237 36244
3241 36206
3248 36205
3250 36204
3252 36199
3254 36173
3265 36168
3266 36154
3270 36116
3278 36109
3282 36098
3284 36097
3289 36084
3291 36076
3295 36067
3296 36054
3300 36040
3304 36025
3307 36019
3311 36010
3317 35992
3324 35985
3325 35977
3329 35963
3333 35935
3338 35914
3346 35913
3347 35912
3349 35907
3351 35900
3353 35895
3354 35887
3355 35862
3363 35859
3365 35841
3367 35824
3375 35817
3379 35808
3385 35786
3392 35765
3397 35748
3401 35733
3404 35727
3408 35718
3414 35711
3417 35706
3418 35681
3426 35671
3428 35660
3430 35643
3438 35636
3439 35633
3442 35627
3443 35621
3445 35620
3448 35605
3449 35582
3452 35570
3460 35567
3464 35563
3465 35555
3467 35546
3471 35537
3474 35530
3478 35492
3486 35485
3489 35473
3494 35472
3497 35470
3499 35464
3501 35460
3502 35452
3506 35440
3508 35416
3512 35401
3515 35389
3519 35386
3523 35382
3525 35379
3528 35367
3535 35364
3537 35339
3541 35311
3549 35304
3550 35301
3552 35292
3554 35289
3557 35288
3559 35276
3563 35238
3571 35235
3578 35214
3582 35205
3586 35198
3591 35186
3593 35162
3600 35141
3605 35140
3608 35128
3613 35120
3617 35108
3620 35107
3622 35095
3626 35057
3634 35050
3639 35035
3645 35031
3649 35017
3654 35011
3656 34981
3663 34960
3668 34959
3671 34944
3676 34938
3681 34937
3683 34935
3684 34925
3686 34920
3689 34913
3690 34911
3691 34907
3692 34901
3693 34884
3697 34869
3702 34854
3708 34847
3713 34846
3715 34834
3718 34823
3719 34796
3727 34793
3731 34788
3732 34778
3734 34763
3739 34757
3742 34756
3746 34754
3747 34741
3749 34720
3755 34713
3756 34699
3764 34696
3768 34686
3769 34678
3771 34666
3776 34665
3778 34653
3781 34635
3782 34615
3795 34593
3802 34590
3803 34569
3810 34560
3812 34539
3818 34532
3819 34518
3825 34517
3827 34502
3832 34496
3833 34493
3840 34482
3842 34478
3844 34454
3849 34442
3855 34435
3857 34432
3858 34412
3864 34405
3866 34381
3879 34366
3880 34360
3881 34357
3885 34348
3887 34346
3888 34336
3890 34321
3895 34315
3896 34312
3903 34284
3908 34283
3911 34271
3916 34263
3920 34251
3924 34249
3925 34238
3927 34224
3929 34200
3937 34193
3942 34178
3948 34174
3953 34166
3955 34165
3956 34164
3957 34154
3959 34127
3964 34126
3966 34103
3971 34102
3974 34090
3978 34087
3979 34081
3984 34080
3986 34078
3987 34068
3988 34066
3989 34051
3995 34044
3996 34040
4000 34012
4005 33997
4011 33993
4013 33990
4018 33977
4021 33966
4022 33939
4034 33931
4035 33924
4037 33915
4041 33906
4042 33900
4047 33899
4049 33897
4050 33887
4052 33870
4058 33863
4059 33842
4067 33833
4071 33829
4072 33821
4076 33809
4081 33796
4084 33785
4085 33758
4098 33736
4105 33733
4106 33712
4117 33703
4118 33699
4120 33684
4122 33661
4130 33652
4135 33639
4142 33636
4143 33630
4147 33620
4148 33614
4151 33602
4156 33594
4157 33587
4160 33582
4161 33555
4168 33552
4169 33531
4177 33524
4182 33509
4183 33503
4190 33489
4195 33485
4198 33458
4204 33457
4205 33455
4206 33449
4210 33439
4211 33433
4214 33421
4218 33418
4220 33406
4227 33392
4232 33388
4236 33381
4240 33343
4245 33328
4252 33325
4253 33321
4258 33308
4259 33307
4262 33270
4274 33262
4277 33248
4281 33237
4286 33236
4287 33230
4290 33218
4294 33215
4297 33212
4299 33209
4303 33189
4305 33177
4308 33173
4311 33160
4312 33152
4314 33151
4316 33140
4321 33127
4325 33089
4338 33067
4345 33064
4350 33059
4353 33045
4357 33034
4360 33015
4367 33001
4372 32997
4375 32993
4378 32989
4379 32982
4380 32973
4386 32968
4387 32966
4390 32948
4394 32942
4397 32938
4398 32927
4401 32886
4408 32883
4417 32876
4421 32871
4423 32834
4430 32820
4435 32816
4443 32798
4450 32795
4454 32786
4456 32770
4461 32746
4470 32742
4472 32739
4473 32738
4474 32724
4478 32718
4484 32713
4485 32704
4489 32702
4490 32700
4492 32697
4493 32673
4496 32672
4500 32670
4501 32664
4503 32658
4505 32654
4506 32617
4513 32614
4518 32610
4522 32607
4526 32605
4527 32603
4528 32565
4533 32561
4535 32558
4537 32543
4544 32540
4548 32536
4553 32523
4554 32522
4557 32485
4566 32477
4571 32473
4572 32463
4576 32452
4581 32451
4582 32445
4585 32433
4589 32430
4592 32427
4594 32424
4598 32404
4600 32392
4603 32388
4606 32375
4607 32367
4609 32366
4611 32355
4616 32342
4620 32304
4633 32282
4640 32279
4642 32274
4648 32260
4652 32249
4655 32230
4662 32216
4667 32212
4670 32208
4673 32204
4674 32197
4677 32194
4681 32183
4682 32181
4685 32163
4689 32157
4692 32153
4693 32142
4696 32101
4703 32098
4714 32097
4716 32086
4718 32049
4725 32035
4730 32031
4738 32013
4745 32010
4749 32001
4752 31999
4753 31991
4755 31988
4756 31961
4765 31957
4768 31953
4769 31939
4776 31936
4778 31935
4779 31928
4783 31921
4784 31917
4787 31912
4788 31906
4790 31894
4791 31887
4797 31884
4798 31873
4801 31832
4808 31829
4813 31825
4821 31820
4823 31780
4828 31776
4832 31758
4839 31755
4848 31752
4851 31746
4852 31743
4854 31706
4861 31692
4866 31688
4874 31670
4881 31667
4885 31658
4888 31652
4889 31648
4891 31645
4893 31637
4896 31618
4901 31614
4904 31610
4905 31605
4908 31600
4911 31596
4914 31565
4918 31556
4926 31551
4928 31547
4933 31507
4937 31489
4944 31486
4949 31482
4952 31479
4957 31476
4959 31437
4964 31433
4971 31419
4981 31416
4984 31409
4986 31400
4990 31389
4993 31386
4995 31380
4996 31376
5001 31372
5002 31366
5006 31345
5012 31337
5013 31333
5018 31331
5020 31327
5021 31323
5022 31297
5028 31276
5035 31273
5040 31259
5044 31245
5046 31240
5050 31222
5054 31213
5057 31210
5062 31207
5067 31203
5069 31164
5078 31163
5082 31157
5084 31152
5088 31136
5091 31131
5096 31127
5100 31109
5105 31107
5106 31103
5112 31093
5116 31092
5117 31083
5119 31078
5122 31057
5129 31043
5133 31007
5140 31004
5149 30990
5154 30972
5155 30955
5158 30954
5164 30933
5171 30930
5176 30916
5180 30902
5182 30897
5186 30881
5193 30867
5198 30864
5201 30858
5205 30840
5210 30838
5212 30837
5218 30836
5220 30827
5221 30823
5223 30820
5225 30812
5227 30788
5232 30784
5237 30780
5239 30770
5246 30740
5253 30737
5258 30726
5260 30722
5265 30716
5266 30714
5267 30703
5268 30688
5269 30664
5276 30661
5289 30649
5290 30629
5291 30612
5305 30607
5306 30600
5308 30591
5316 30584
5318 30573
5323 30571
5325 30570
5327 30555
5328 30551
5334 30541
5337 30515
5344 30512
5345 30508
5350 30506
5352 30503
5354 30472
5361 30469
5367 30456
5370 30455
5372 30434
5376 30420
5382 30397
5389 30394
5394 30382
5403 30360
5404 30345
5410 30338
5414 30332
5421 30324
5422 30323
5425 30308
5426 30305
5432 30286
5440 30285
5441 30284
5444 30267
5448 30253
5450 30248
5457 30245
5458 30241
5460 30235
5466 30215
5467 30205
5474 30202
5478 30189
5481 30165
5488 30162
5489 30153
5490 30129
5497 30126
5503 30113
5508 30091
5512 30077
5523 30071
5527 30065
5530 30039
5539 30038
5545 30019
5549 30016
5555 30010
5557 30000
5558 29980
5565 29977
5566 29973
5571 29971
5573 29968
5576 29942
5583 29939
5584 29935
5588 29921
5594 29898
5601 29895
5603 29862
5610 29859
5616 29846
5621 29824
5625 29810
5637 29809
5638 29806
5640 29801
5643 29772
5656 29768
5658 29763
5660 29754
5662 29749
5668 29743
5670 29740
5671 29713
5678 29710
5679 29706
5684 29704
5686 29703
5688 29702
5689 29675
5696 29672
5697 29668
5701 29654
5702 29630
5709 29627
5719 29616
5720 29592
5724 29578
5735 29572
5739 29566
5742 29540
5751 29539
5757 29520
5761 29517
5767 29511
5769 29501
5770 29481
5777 29478
5783 29472
5785 29469
5788 29443
5795 29440
5797 29439
5800 29431
5803 29423
5806 29421
5807 29403
5814 29400
5815 29363
5822 29360
5829 29351
5833 29325
5837 29311
5849 29309
5852 29302
5855 29273
5870 29264
5871 29257
5874 29250
5880 29244
5882 29241
5883 29214
5890 29211
5896 29205
5900 29203
5901 29176
5908 29173
5913 29164
5914 29159
5920 29136
5927 29133
5929 29100
5936 29097
5942 29084
5947 29062
5951 29048
5963 29047
5964 29044
5966 29039
5969 29010
5982 29006
5984 29001
5986 28992
5988 28987
5994 28981
5996 28978
5997 28951
6004 28948
6005 28944
6009 28940
6015 28913
6022 28910
6023 28906
6027 28892
6028 28868
6035 28865
6045 28854
6046 28830
6050 28816
6061 28810
6065 28804
6068 28778
6077 28777
6083 28758
6087 28755
6093 28749
6095 28739
6096 28719
6103 28716
6109 28710
6111 28707
6114 28681
6121 28678
6123 28677
6126 28669
6129 28661
6132 28651
6139 28648
6141 28601
6148 28598
6159 28563
6163 28549
6178 28540
6181 28511
6196 28502
6200 28488
6206 28482
6208 28479
6209 28452
6216 28449
6222 28443
6226 28441
6227 28414
6234 28411
6239 28402
6246 28391
6248 28389
6253 28388
6254 28376
6257 28364
6258 28362
6264 28353
6268 28346
6269 28341
6274 28333
6276 28324
6285 28305
6287 28303
6292 28285
6299 28280
6303 28267
6304 28265
6309 28253
6310 28247
6313 28230
6320 28227
6329 28209
6331 28192
6335 28178
6347 28171
6350 28169
6351 28157
6353 28140
6360 28136
6367 28131
6369 28119
6372 28117
6378 28098
6381 28081
6388 28078
6394 28072
6396 28068
6397 28060
6399 28043
6400 28038
6405 28018
6412 28015
6422 27986
6423 27980
6427 27966
6442 27957
6445 27928
6459 27925
6460 27919
6464 27905
6468 27889
6473 27869
6480 27866
6486 27860
6490 27858
6491 27831
6498 27828
6503 27819
6510 27808
6512 27806
6517 27799
6518 27793
6521 27781
6522 27779
6528 27770
6532 27763
6535 27762
6537 27733
6544 27730
6546 27728
6549 27722
6555 27695
6559 27681
6572 27667
6577 27643
6592 27631
6593 27626
6594 27615
6595 27609
6599 27595
6605 27584
6612 27581
6615 27574
6617 27557
6623 27546
6630 27543
6633 27536
6635 27534
6640 27518
6645 27498
6652 27495
6654 27494
6658 27489
6660 27485
6661 27477
6663 27460
6670 27457
6672 27456
6675 27448
6679 27439
6681 27437
6683 27435
6688 27417
6693 27410
6694 27408
6699 27399
6700 27397
6704 27392
6705 27385
6706 27379
6709 27362
6716 27359
6718 27357
6721 27351
6725 27341
6727 27324
6731 27310
6743 27303
6746 27301
6747 27289
6749 27272
6756 27268
6763 27263
6764 27260
6765 27251
6768 27249
6774 27230
6777 27213
6784 27210
6787 27203
6788 27197
6793 27192
6795 27175
6796 27170
6801 27150
6808 27147
6810 27145
6818 27118
6819 27112
6823 27098
6838 27089
6841 27060
6855 27057
6856 27048
6860 27037
6864 27021
6869 27001
6876 26998
6882 26992
6886 26990
6887 26963
6894 26960
6899 26951
6906 26940
6908 26938
6913 26931
6914 26925
6917 26913
6918 26911
6924 26902
6928 26895
6931 26894
6934 26882
6936 26873
6945 26854
6952 26844
6954 26841
6959 26829
6960 26826
6963 26816
6964 26814
6968 26799
6973 26779
6980 26776
6982 26774
6989 26758
6990 26747
6991 26741
6995 26727
7006 26726
7007 26720
7010 26718
7011 26706
7013 26689
7027 26680
7028 26677
7029 26668
7032 26666
7036 26650
7041 26630
7048 26627
7054 26621
7057 26609
7059 26592
7066 26589
7071 26580
7075 26571
7078 26569
7080 26567
7085 26560
7086 26554
7089 26542
7090 26540
7096 26531
7100 26524
7103 26523
7105 26521
7106 26511
7108 26502
7117 26483
7124 26473
7126 26470
7131 26458
7135 26445
7136 26443
7142 26442
7143 26440
7147 26437
7148 26426
7149 26420
7153 26406
7154 26405
7161 26387
7168 26384
7170 26382
7171 26368
7178 26355
7179 26349
7183 26335
7194 26329
7199 26309
7201 26297
7215 26288
7216 26285
7217 26271
7224 26258
7229 26238
7236 26235
7242 26229
7247 26200
7254 26197
7259 26188
7266 26178
7273 26168
7274 26162
7277 26150
7278 26148
7287 26145
7288 26132
7291 26131
7293 26124
7294 26119
7296 26110
7305 26091
7312 26081
7319 26066
7323 26053
7324 26051
7330 26050
7331 26048
7336 26034
7337 26028
7341 26014
7342 26013
7349 26010
7355 25996
7359 25976
7369 25975
7370 25972
7374 25955
7379 25944
7382 25937
7387 25917
7394 25914
7397 25906
7404 25905
7405 25879
7412 25876
7417 25867
7423 25865
7424 25857
7425 25847
7432 25844
7435 25829
7441 25827
7443 25809
7450 25806
7452 25798
7455 25797
7458 25790
7462 25787
7463 25770
7469 25768
7470 25760
7473 25759
7474 25757
7479 25755
7481 25732
7486 25731
7487 25730
7488 25729
7490 25728
7492 25719
7494 25712
7500 25710
7501 25700
7504 25693
7508 25690
7511 25680
7512 25674
7516 25660
7525 25658
7527 25654
7528 25651
7532 25634
7534 25622
7543 25620
7545 25619
7546 25613
7549 25610
7550 25596
7555 25585
7557 25583
7562 25563
7569 25560
7575 25554
7578 25546
7580 25525
7587 25522
7592 25513
7599 25503
7601 25488
7607 25487
7608 25485
7610 25475
7611 25473
7620 25466
7621 25457
7624 25456
7626 25449
7627 25444
7629 25435
7637 25434
7638 25416
7645 25406
7652 25391
7656 25378
7657 25376
7663 25375
7664 25373
7666 25369
7669 25359
7670 25353
7674 25339
7675 25338
7682 25335
7688 25321
7692 25301
7701 25299
7703 25297
7707 25289
7708 25283
7712 25269
7715 25262
7720 25242
7727 25239
7730 25231
7738 25204
7745 25201
7750 25192
7757 25182
7758 25172
7765 25169
7768 25154
7776 25134
7783 25131
7785 25123
7788 25122
7791 25115
7795 25112
7796 25095
7803 25085
7806 25084
7807 25082
7812 25080
7814 25057
7821 25054
7823 25053
7825 25044
7828 25038
7833 25035
7834 25025
7841 25015
7846 25000
7852 24987
7853 24985
7858 24983
7860 24982
7861 24976
7865 24968
7866 24962
7870 24948
7871 24947
7876 24945
7878 24944
7879 24938
7884 24930
7888 24910
7897 24908
7899 24906
7904 24891
7910 24889
7911 24871
7916 24851
7923 24848
7929 24842
7932 24841
7933 24840
7934 24813
7941 24810
7946 24801
7953 24791
7960 24783
7961 24781
7964 24763
7970 24759
7971 24758
7975 24745
7978 24744
7979 24743
7981 24732
7987 24724
7988 24721
7992 24704
7999 24694
8006 24691
8008 24689
8010 24666
8016 24662
8023 24657
8024 24647
8029 24644
8034 24624
8041 24621
8042 24609
8049 24606
8051 24598
8054 24592
8057 24585
8062 24578
8069 24560
8072 24554
8075 24547
8080 24540
8087 24537
8089 24528
8090 24520
8093 24518
8096 24517
8099 24505
8100 24500
8107 24490
8108 24482
8115 24479
8118 24462
8124 24458
8131 24448
8134 24441
8137 24435
8138 24431
8142 24420
8149 24405
8155 24401
8156 24393
8161 24388
8162 24382
8165 24381
8166 24368
8167 24367
8173 24363
8177 24356
8180 24350
8183 24343
8184 24330
8194 24327
8197 24325
8198 24316
8201 24314
8203 24312
8206 24309
8207 24291
8212 24271
8219 24268
8225 24262
8228 24261
8229 24260
8230 24233
8237 24230
8243 24224
8246 24223
8249 24211
8254 24209
8257 24201
8263 24197
8264 24189
8266 24185
8269 24184
8270 24178
8271 24165
8274 24164
8275 24163
8277 24152
8284 24149
8288 24147
8289 24127
8292 24126
8295 24114
8302 24111
8308 24105
8311 24104
8312 24095
8313 24094
8315 24087
8320 24067
8327 24064
8330 24057
8331 24056
8334 24054
8336 24046
8338 24029
8345 24026
8351 24020
8352 24016
8354 24008
8357 24007
8358 23998
8365 23995
8368 23991
8371 23981
8376 23960
8383 23957
8385 23948
8386 23940
8393 23937
8396 23932
8397 23923
8403 23910
8404 23902
8411 23899
8414 23894
8417 23892
8420 23891
8421 23890
8423 23879
8430 23875
8431 23870
8435 23854
8438 23853
8439 23852
8441 23841
8445 23834
8448 23833
8449 23832
8451 23821
8458 23818
8460 23812
8462 23804
8463 23796
8466 23794
8469 23783
8476 23780
8479 23777
8482 23773
8484 23756
8491 23753
8494 23736
8500 23735
8501 23733
8504 23726
8505 23725
8508 23723
8510 23715
8512 23698
8519 23695
8522 23690
8525 23688
8526 23685
8528 23677
8531 23675
8532 23667
8538 23665
8539 23664
8542 23659
8543 23650
8549 23637
8550 23629
8557 23626
8559 23617
8566 23614
8569 23607
8570 23601
8571 23592
8577 23579
8584 23576
8588 23563
8591 23561
8594 23560
8595 23559
8597 23548
8604 23544
8606 23539
8608 23531
8609 23523
8612 23522
8613 23521
8615 23510
8618 23507
8625 23504
8628 23501
8629 23491
8634 23481
8636 23469
8640 23463
8647 23453
8653 23446
8656 23442
8658 23425
8665 23422
8668 23417
8671 23416
8672 23412
8674 23404
8677 23401
8678 23397
8683 23388
8687 23386
8688 23385
8691 23377
8693 23375
8694 23372
8695 23363
8696 23359
8699 23357
8701 23350
8705 23344
8712 23334
8716 23328
8717 23319
8723 23306
8726 23303
8733 23300
8734 23290
8741 23287
8742 23282
8744 23265
8751 23262
8755 23253
8758 23252
8760 23244
8763 23243
8764 23234
8771 23228
8774 23227
8775 23218
8777 23217
8780 23208
8782 23196
8789 23193
8791 23184
8792 23176
8799 23173
8802 23168
8803 23159
8809 23146
8810 23138
8817 23135
8820 23130
8823 23128
8824 23124
8829 23115
8831 23114
8833 23113
8834 23112
8836 23111
8837 23106
8839 23102
8840 23099
8841 23090
8842 23086
8847 23077
8851 23070
8854 23069
8855 23068
8857 23057
8864 23054
8866 23048
8868 23040
8869 23032
8872 23030
8875 23019
8882 23016
8885 23013
8888 23009
8890 22992
8897 22989
8900 22972
8906 22971
8907 22969
8910 22962
8911 22961
8914 22959
8916 22951
8918 22934
8925 22931
8928 22926
8931 22924
8932 22921
8934 22913
8937 22911
8938 22903
8944 22901
8945 22900
8948 22895
8949 22886
8955 22873
8956 22865
8963 22862
8965 22853
8972 22850
8975 22843
8976 22837
8977 22828
8983 22815
8990 22812
8994 22799
8997 22797
9000 22796
9001 22795
9003 22784
9010 22780
9012 22775
9014 22767
9015 22759
9018 22758
9019 22757
9021 22746
9028 22743
9031 22740
9034 22737
9035 22727
9040 22717
9042 22709
9046 22699
9053 22689
9059 22682
9062 22678
9064 22661
9071 22658
9074 22653
9077 22652
9078 22648
9080 22640
9083 22639
9084 22633
9090 22628
9093 22622
9094 22621
9097 22613
9099 22611
9100 22608
9102 22595
9105 22593
9109 22592
9111 22580
9118 22570
9122 22564
9123 22555
9129 22542
9136 22539
9140 22526
9147 22523
9149 22522
9152 22516
9153 22513
9154 22512
9156 22507
9159 22502
9161 22489
9168 22482
9170 22474
9175 22472
9177 22464
9181 22454
9186 22444
9188 22436
9195 22433
9199 22416
9205 22409
9209 22408
9212 22406
9215 22401
9218 22394
9219 22388
9221 22387
9224 22378
9227 22376
9230 22360
9237 22350
9239 22349
9240 22348
9243 22343
9245 22338
9246 22335
9248 22322
9255 22319
9258 22310
9262 22309
9264 22297
9270 22290
9277 22287
9278 22282
9280 22281
9281 22274
9283 22272
9287 22264
9289 22254
9296 22244
9298 22243
9301 22242
9302 22237
9305 22229
9307 22216
9314 22213
9317 22210
9321 22199
9323 22191
9329 22183
9336 22173
9340 22164
9344 22163
9346 22158
9347 22145
9352 22143
9354 22142
9355 22141
9359 22133
9361 22132
9362 22131
9365 22115
9370 22105
9376 22104
9377 22102
9378 22098
9380 22093
9383 22077
9389 22070
9395 22067
9399 22058
9403 22057
9405 22045
9406 22039
9411 22037
9413 22036
9414 22035
9417 22034
9418 22027
9420 22026
9422 22019
9424 22009
9429 21999
9434 21997
9436 21996
9437 21992
9439 21991
9441 21987
9442 21971
9448 21964
9452 21959
9458 21956
9463 21937
9469 21928
9476 21925
9477 21921
9481 21913
9482 21900
9487 21898
9488 21893
9493 21891
9495 21890
9496 21889
9498 21887
9500 21881
9502 21879
9504 21869
9505 21860
9511 21853
9517 21850
9521 21842
9522 21831
9524 21825
9528 21822
9534 21821
9535 21819
9536 21815
9541 21794
9546 21792
9547 21787
9553 21777
9560 21767
9563 21765
9564 21754
9569 21752
9571 21739
9578 21736
9580 21730
9581 21727
9583 21719
9587 21714
9593 21713
9594 21711
9597 21710
9598 21692
9604 21683
9611 21680
9612 21671
9619 21661
9623 21648
9628 21646
9630 21633
9637 21630
9639 21624
9644 21614
9646 21608
9652 21607
9653 21605
9656 21604
9657 21586
9663 21577
9670 21574
9673 21573
9674 21572
9675 21571
9678 21558
9682 21542
9688 21532
9695 21529
9696 21524
9699 21521
9702 21513
9706 21494
9713 21491
9716 21490
9719 21485
9720 21475
9727 21472
9730 21471
9733 21466
9734 21465
9737 21452
9739 21440
9746 21437
9747 21426
9754 21423
9755 21418
9761 21407
9765 21388
9772 21385
9775 21382
9779 21369
9786 21354
9793 21351
9795 21347
9798 21334
9805 21331
9808 21330
9810 21329
9813 21328
9816 21314
9818 21307
9822 21306
9823 21304
9824 21300
9827 21286
9834 21276
9837 21272
9841 21269
9845 21248
9852 21245
9854 21241
9859 21239
9860 21234
9866 21224
9869 21223
9873 21214
9875 21206
9876 21205
9877 21201
9882 21199
9884 21186
9891 21183
9894 21174
9896 21166
9900 21161
9903 21147
9910 21144
9913 21143
9916 21138
9917 21130
9921 21109
9928 21106
9931 21105
9934 21100
9935 21099
9936 21095
9941 21093
9943 21080
9950 21077
9955 21076
9956 21075
9957 21061
9958 21059
9959 21055
9962 21041
9969 21038
9972 21037
9976 21024
9980 21003
9987 21000
9990 20999
9995 20989
10001 20979
10008 20976
10011 20975
10014 20970
10018 20966
10019 20941
10026 20938
10029 20937
10032 20932
10038 20919
10045 20916
10047 20912
10051 20910
10053 20905
10055 20893
10060 20873
10067 20870
10070 20869
10078 20835
10085 20832
10088 20831
10094 20827
10101 20824
10104 20823
10107 20817
10108 20808
10115 20805
10116 20792
10118 20789
10122 20788
10125 20779
10127 20771
10128 20770
10134 20764
10136 20751
10140 20750
10143 20748
10147 20747
10149 20744
10150 20732
10152 20726
10153 20721
10155 20712
10162 20709
10165 20708
10167 20702
10169 20695
10173 20674
10180 20671
10183 20670
10186 20667
10188 20660
10195 20657
10198 20656
10200 20655
10204 20634
10211 20631
10214 20630
10217 20625
10218 20624
10219 20620
10222 20609
10225 20603
10229 20602
10233 20581
10240 20578
10242 20574
10248 20564
10253 20544
10260 20541
10263 20528
10270 20525
10271 20506
10278 20503
10281 20502
10284 20499
10288 20494
10295 20491
10298 20490
10301 20485
10302 20466
10305 20463
10309 20442
10316 20439
10319 20438
10322 20433
10323 20432
10324 20428
10331 20413
10338 20410
10344 20408
10347 20388
10354 20385
10357 20384
10361 20360
10364 20357
10368 20336
10375 20333
10378 20332
10383 20322
10390 20319
10393 20318
10395 20317
10402 20314
10404 20309
10407 20274
10414 20271
10417 20270
10420 20265
10431 20253
10435 20251
10438 20250
10441 20249
10442 20243
10445 20231
10452 20220
10454 20211
10456 20199
10463 20196
10466 20168
10473 20165
10476 20164
10490 20163
10491 20160
10492 20158
10498 20157
10499 20155
10502 20141
10504 20125
10511 20122
10514 20121
10521 20107
10524 20104
10528 20083
10535 20080
10538 20079
10542 20074
10543 20069
10550 20066
10553 20065
10554 20031
10561 20028
10564 20027
10567 20021
10574 20018
10577 20017
10580 20012
10592 19988
10599 19985
10602 19984
10605 19978
10609 19970
10612 19967
10614 19958
10616 19946
10623 19943
10626 19915
10633 19912
10636 19911
10649 19898
10656 19895
10659 19894
10662 19888
10664 19872
10668 19864
10675 19861
10678 19860
10687 19855
10694 19852
10697 19851
10700 19845
10702 19821
10709 19818
10710 19816
10711 19813
10714 19778
10721 19775
10724 19774
10738 19773
10740 19768
10745 19765
10750 19764
10752 19735
10756 19727
10763 19724
10766 19723
10769 19717
10776 19714
10779 19713
10782 19708
10787 19688
10792 19672
10799 19669
10802 19668
10809 19645
10816 19642
10819 19641
10825 19639
10828 19611
10835 19608
10838 19607
10847 19602
10851 19594
10858 19591
10861 19590
10864 19584
10866 19568
10873 19565
10875 19551
10880 19535
10887 19532
10890 19531
10903 19522
10904 19517
10911 19514
10912 19512
10913 19508
10916 19474
10923 19471
10926 19470
10940 19469
10942 19464
10949 19461
10950 19459
10952 19447
10953 19445
10954 19431
10961 19428
10962 19416
10975 19402
10982 19399
10985 19398
10989 19384
10994 19368
11001 19365
11004 19364
11011 19341
11018 19338
11021 19337
11035 19336
11036 19328
11037 19327
11038 19322
11041 19308
11049 19298
11050 19279
11064 19278
11076 19269
11077 19247
11082 19231
11089 19228
11092 19227
11105 19218
11115 19204
11124 19203
11127 19175
11128 19173
11134 19172
11137 19171
11145 19146
11154 19143
11155 19141
11164 19112
11177 19098
11184 19095
11187 19094
11200 19085
11202 19069
11215 19038
11216 19036
11222 19035
11225 19034
11239 19033
11240 19018
11243 19004
11252 18975
11266 18974
11278 18965
11286 18962
11288 18948
11290 18932
11300 18929
11303 18928
11311 18903
11325 18902
11328 18901
11329 18899
11330 18869
11344 18868
11347 18842
11361 18841
11365 18838
11373 18828
11376 18811
11381 18795
11388 18792
11391 18791
11402 18790
11404 18782
11413 18770
11414 18768
11418 18732
11432 18731
11444 18722
11451 18719
11453 18707
11454 18705
11463 18676
11477 18675
11483 18662
11484 18660
11490 18653
11501 18633
11511 18628
11513 18599
11527 18598
11531 18595
11539 18582
11542 18568
11551 18539
11565 18538
11577 18529
11579 18527
11585 18520
11589 18496
11598 18493
11612 18492
11614 18489
11615 18466
11626 18462
11629 18433
11643 18432
11649 18419
11656 18416
11659 18415
11664 18402
11672 18392
11686 18356
11700 18355
11701 18354
11712 18346
11716 18342
11717 18296
11731 18295
11743 18286
11757 18285
11758 18277
11769 18257
11776 18252
11781 18223
11789 18217
11803 18216
11807 18206
11810 18192
11819 18163
11830 18159
11844 18154
11845 18153
11849 18149
11853 18144
11857 18120
11871 18119
11874 18115
11882 18113
11883 18110
11887 18106
11889 18105
11894 18086
11897 18057
11911 18056
11923 18047
11927 18043
11929 18041
11932 18026
11940 18016
11942 18009
11956 18008
11965 18002
11967 17981
11969 17978
11983 17977
11985 17920
11999 17919
12011 17910
12015 17906
12029 17905
12041 17896
12044 17876
12045 17875
12055 17872
12057 17841
12071 17840
12082 17833
12083 17831
12087 17827
12093 17802
12098 17783
12112 17778
12122 17770
12133 17738
12147 17737
12159 17728
12165 17723
12170 17704
12174 17701
12178 17694
12184 17690
12186 17689
12197 17665
12205 17659
12210 17633
12224 17632
12235 17605
12249 17604
12255 17602
12260 17596
12261 17595
12269 17586
12272 17553
12274 17552
12288 17551
12298 17543
12300 17542
12302 17539
12304 17538
12313 17499
12323 17496
12337 17491
12339 17489
12343 17487
12344 17474
12346 17473
12356 17458
12358 17451
12372 17450
12374 17422
12385 17416
12387 17415
12399 17411
12401 17362
12415 17361
12427 17352
12441 17351
12451 17347
12457 17337
12459 17336
12460 17318
12473 17283
12487 17282
12497 17266
12499 17265
12509 17244
12522 17238
12524 17237
12528 17220
12538 17212
12552 17186
12558 17181
12572 17180
12578 17176
12581 17165
12590 17143
12594 17136
12599 17135
12600 17132
12602 17131
12610 17129
12612 17128
12620 17126
12623 17115
12626 17075
12640 17074
12652 17065
12656 17060
12661 17055
12663 17054
12672 17053
12674 17048
12685 17039
12688 16995
12690 16994
12704 16993
12714 16985
12716 16984
12728 16981
12734 16957
12744 16938
12753 16933
12760 16916
12762 16915
12776 16914
12777 16899
12783 16894
12790 16864
12804 16863
12815 16853
12817 16852
12819 16849
12825 16845
12827 16844
12839 16819
12841 16818
12845 16814
12847 16813
12861 16793
12875 16792
12877 16776
12879 16775
12881 16769
12883 16768
12888 16767
12889 16764
12895 16762
12898 16746
12912 16745
12913 16708
12915 16707
12929 16706
12939 16698
12941 16697
12943 16693
12945 16692
12947 16683
12961 16682
12969 16651
12977 16627
12991 16626
13003 16617
13015 16577
13029 16576
13031 16571
13040 16566
13042 16565
13049 16548
13063 16547
13064 16532
13066 16531
13070 16527
13072 16526
13077 16497
13079 16496
13093 16495
13102 16489
13103 16487
13104 16485
13106 16482
13108 16481
13114 16477
13120 16475
13123 16459
13128 16451
13133 16440
13147 16439
13148 16426
13150 16425
13164 16424
13166 16408
13168 16406
13170 16401
13172 16396
13182 16395
13185 16379
13187 16378
13201 16377
13202 16340
13216 16339
13228 16330
13232 16325
13234 16316
13236 16315
13250 16314
13256 16284
13270 16283
13274 16261
13288 16260
13290 16259
13300 16251
13302 16210
13304 16209
13318 16208
13328 16200
13329 16198
13343 16197
13349 16195
13350 16194
13353 16164
13358 16153
13366 16129
13380 16128
13391 16121
13392 16119
13395 16114
13407 16108
13410 16092
13412 16091
13420 16073
13434 16072
13437 16058
13451 16057
13457 16038
13459 16029
13461 16028
13474 16011
13488 16010
13491 16002
13499 15992
13503 15979
13515 15972
13523 15948
13537 15947
13545 15940
13549 15938
13552 15933
13557 15923
13565 15920
13567 15911
13569 15910
13574 15908
13577 15892
13591 15842
13605 15841
13617 15832
13631 15830
13645 15786
13659 15785
13662 15771
13676 15770
13688 15761
13699 15724
13713 15723
13716 15715
13724 15705
13738 15704
13739 15696
13748 15661
13762 15660
13770 15653
13774 15651
13778 15649
13792 15648
13793 15640
13795 15634
13802 15605
13816 15604
13819 15590
13832 15587
13842 15578
13856 15543
13870 15542
13873 15534
13881 15524
13895 15523
13896 15515
13907 15512
13910 15487
13924 15486
13927 15472
13935 15468
13949 15467
13950 15459
13952 15453
13954 15435
13968 15434
13977 15426
13980 15425
13981 15416
13989 15406
13999 15397
14008 15379
14022 15378
14025 15364
14026 15363
14040 15362
14043 15350
14053 15341
14060 15335
14062 15317
14076 15316
14079 15308
14080 15307
14094 15306
14097 15292
14102 15289
14107 15279
14111 15254
14125 15253
14133 15246
14134 15245
14137 15244
14146 15243
14151 15236
14156 15233
14161 15223
14165 15198
14179 15197
14182 15183
14196 15182
14205 15174
14208 15173
14210 15171
14219 15136
14233 15135
14236 15127
14245 15126
14254 15125
14259 15108
14270 15105
14273 15080
14287 15079
14290 15065
14303 15062
14313 15052
14323 15048
14329 15045
14330 15037
14342 15033
14344 15009
14357 15006
14367 14990
14378 14987
14384 14981
14393 14980
14394 14977
14396 14972
14400 14960
14411 14944
14421 14934
14427 14924
14438 14919
14450 14915
14453 14914
14454 14904
14465 14888
14479 14885
14481 14868
14489 14864
14492 14863
14498 14852
14512 14851
14521 14843
14524 14842
14526 14841
14532 14827
14533 14823
14535 14806
14549 14805
14552 14796
14566 14795
14570 14780
14575 14778
14581 14764
14589 14750
14597 14746
14606 14734
14620 14733
14624 14724
14629 14722
14635 14708
14646 14696
14651 14690
14655 14671
14669 14670
14678 14662
14681 14661
14683 14660
14689 14646
14700 14634
14709 14615
14723 14614
14732 14606
14735 14605
14737 14604
14743 14590
14754 14578
14763 14553
14777 14552
14789 14543
14803 14525
14817 14497
14831 14496
14843 14487
14857 14469
14867 14465
14880 14455
14886 14451
14891 14439
14902 14432
14911 14407
14925 14406
14934 14399
14937 14397
14940 14389
14945 14383
14959 14382
14964 14381
14965 14351
14975 14347
14991 14341
14994 14333
15011 14332
15013 14326
15015 14319
15028 14309
15029 14291
15055 14281
15064 14277
15067 14270
15069 14263
15082 14253
15084 14246
15088 14243
15093 14237
15099 14236
15103 14233
15114 14226
15118 14221
15122 14219
15123 14201
15138 14184
15153 14174
15167 14173
15174 14169
15176 14163
15177 14145
15192 14128
15204 14122
15207 14118
15221 14117
15230 14107
15232 14100
15244 14094
15247 14090
15251 14087
15255 14086
15258 14066
15272 14065
15277 14056
15286 14038
15301 14028
15315 14027
15320 14014
15330 14010
15331 14000
15340 13982
15352 13976
15355 13972
15365 13968
15372 13964
15381 13958
15384 13954
15386 13952
15395 13940
15406 13920
15416 13916
15419 13912
15432 13910
15435 13902
15450 13894
15454 13892
15456 13888
15457 13884
15461 13882
15468 13868
15470 13860
15483 13858
15489 13850
15504 13833
15510 13832
15513 13822
15520 13818
15525 13815
15528 13805
15543 13794
15558 13777
15564 13770
15567 13766
15579 13753
15582 13749
15594 13743
15608 13739
15615 13738
15617 13732
15618 13714
15633 13697
15648 13687
15662 13686
15667 13677
15671 13676
15673 13669
15676 13659
15692 13656
15695 13652
15699 13651
15702 13649
15706 13631
15718 13625
15721 13621
15727 13607
15730 13603
15742 13597
15756 13593
15761 13583
15771 13579
15772 13569
15781 13551
15796 13541
15806 13537
15813 13533
15822 13531
15825 13523
15836 13509
15847 13505
15851 13503
15855 13493
15858 13489
15860 13481
15879 13471
15886 13467
15891 13463
15894 13454
15898 13453
15902 13451
15905 13447
15909 13437
15915 13436
15919 13433
15924 13427
15930 13419
15933 13415
15945 13402
15948 13398
15954 13391
15961 13387
15969 13374
15984 13363
15999 13346
16008 13335
16023 13318
16040 13317
16042 13308
16061 13297
16063 13290
16078 13289
16082 13277
16086 13276
16089 13273
16093 13256
16096 13252
16108 13246
16117 13228
16136 13221
16140 13220
16143 13218
16147 13200
16162 13190
16171 13172
16188 13171
16197 13162
16203 13154
16224 13152
16225 13148
16226 13130
16243 13126
16245 13114
16264 13109
16266 13102
16276 13088
16281 13084
16285 13082
16288 13074
16292 13072
16299 13058
16316 13057
16320 13040
16327 13036
16335 13023
16346 13016
16351 13008
16372 13006
16373 13002
16374 12984
16389 12967
16406 12966
16415 12957
16427 12946
16429 12939
16446 12938
16453 12936
16455 12929
16458 12921
16463 12918
16468 12910
16479 12894
16483 12877
16509 12867
16515 12864
16519 12862
16526 12852
16537 12821
16554 12820
16563 12811
16569 12803
16595 12793
16607 12782
16609 12775
16622 12772
16631 12767
16633 12765
16638 12757
16641 12755
16643 12754
16655 12748
16657 12747
16660 12740
16661 12733
16671 12720
16676 12716
16685 12711
16697 12710
16701 12700
16709 12697
16714 12695
16716 12688
16717 12657
16743 12647
16766 12643
16770 12626
16792 12609
16813 12601
16818 12599
16821 12591
16824 12570
16841 12566
16846 12553
16856 12552
16865 12547
16872 12543
16882 12542
16884 12541
16891 12537
16894 12531
16895 12510
16905 12500
16914 12499
16931 12490
16947 12489
16950 12487
16951 12485
16958 12469
16966 12468
16967 12464
16974 12447
16994 12443
17000 12437
17004 12406
17026 12389
17052 12379
17060 12378
17074 12377
17075 12346
17101 12336
17114 12322
17128 12315
17133 12302
17150 12301
17152 12300
17155 12299
17159 12292
17162 12290
17171 12289
17174 12279
17182 12259
17192 12249
17201 12248
17218 12239
17223 12236
17239 12235
17248 12221
17252 12220
17254 12213
17264 12199
17268 12198
17272 12188
17283 12179
17294 12158
17313 12138
17332 12136
17339 12128
17358 12126
17362 12095
17388 12085
17414 12084
17416 12073
17417 12072
17418 12067
17423 12054
17440 12053
17442 12052
17446 12051
17449 12044
17452 12042
17456 12041
17464 12031
17465 12030
17466 12029
17472 12011
17482 12001
17491 12000
17508 11991
17513 11988
17523 11986
17529 11978
17542 11972
17544 11965
17558 11950
17559 11937
17573 11931
17577 11930
17596 11928
17599 11921
17603 11890
17622 11888
17626 11887
17629 11880
17648 11878
17652 11847
17678 11837
17703 11822
17722 11820
17729 11812
17736 11803
17746 11793
17752 11779
17778 11769
17785 11764
17796 11755
17807 11741
17813 11738
17819 11730
17823 11729
17837 11723
17849 11689
17867 11682
17886 11680
17893 11672
17912 11657
17914 11656
17916 11639
17942 11629
17949 11621
17963 11615
17967 11614
17982 11606
17989 11605
17993 11574
18012 11572
18016 11571
18019 11564
18038 11562
18042 11531
18068 11521
18097 11508
18109 11499
18111 11498
18113 11481
18136 11477
18145 11476
18146 11465
18167 11464
18172 11455
18175 11448
18186 11439
18201 11438
18203 11431
18209 11414
18213 11413
18227 11407
18239 11373
18257 11366
18276 11364
18283 11356
18302 11341
18304 11340
18306 11323
18332 11313
18343 11307
18361 11300
18372 11290
18383 11281
18400 11273
18410 11257
18436 11247
18439 11240
18450 11231
18458 11225
18467 11223
18473 11206
18499 11183
18501 11182
18503 11165
18544 11158
18555 11155
18564 11150
18566 11133
18568 11132
18592 11123
18593 11115
18607 11099
18636 11082
18647 11073
18664 11065
18682 11051
18691 11046
18699 11040
18709 11036
18712 11025
18722 11017
18731 11008
18740 11003
18748 10997
18761 10992
18763 10975
18765 10974
18790 10957
18808 10950
18819 10947
18828 10942
18834 10940
18844 10937
18850 10935
18852 10929
18853 10925
18855 10924
18857 10907
18883 10897
18894 10891
18902 10890
18907 10883
18909 10882
18911 10876
18923 10874
18928 10850
18937 10845
18945 10839
18955 10838
18963 10832
18976 10817
18995 10800
19004 10795
19012 10789
19025 10784
19038 10779
19049 10771
19050 10767
19052 10766
19054 10749
19089 10747
19098 10745
19099 10734
19108 10729
19114 10727
19116 10723
19117 10717
19119 10716
19137 10712
19139 10708
19143 10707
19145 10706
19147 10702
19154 10701
19156 10697
19158 10683
19171 10678
19179 10672
19187 10666
19190 10659
19192 10642
19201 10637
19209 10631
19236 10627
19238 10626
19257 10609
19266 10604
19273 10601
19274 10598
19282 10592
19291 10587
19296 10576
19305 10571
19313 10565
19314 10559
19316 10558
19334 10554
19336 10550
19342 10548
19345 10545
19353 10539
19362 10537
19374 10531
19379 10526
19395 10521
19398 10513
19401 10502
19410 10497
19411 10494
19418 10491
19420 10489
19428 10483
19441 10481
19442 10478
19447 10476
19449 10475
19451 10473
19454 10451
19463 10446
19471 10440
19479 10434
19488 10429
19497 10427
19506 10422
19523 10417
19527 10401
19546 10384
19555 10379
19572 10374
19576 10368
19592 10363
19598 10359
19600 10353
19609 10348
19617 10342
19631 10335
19641 10332
19644 10330
19650 10318
19659 10313
19663 10311
19665 10294
19674 10289
19682 10283
19707 10281
19713 10267
19722 10262
19730 10261
19738 10248
19741 10243
19743 10226
19752 10221
19786 10217
19787 10211
19789 10210
19803 10204
19808 10193
19817 10188
19834 10183
19842 10182
19843 10178
19847 10160
19856 10155
19876 10143
19885 10138
19887 10134
19896 10129
19908 10126
19917 10121
19927 10103
19936 10098
19944 10092
19952 10086
19961 10081
19962 10078
19971 10073
19984 10071
19991 10068
19993 10062
20000 10057
20005 10035
20014 10030
20045 10026
20049 10020
20058 10018
20065 10013
20066 10012
20071 10011
20073 10005
20082 10000
20090 9994
20092 9990
20101 9985
20114 9984
20115 9971
20123 9970
20124 9966
20132 9965
20138 9952
20147 9947
20149 9943
20151 9937
20160 9932
20179 9930
20186 9919
20195 9914
20211 9906
20214 9895
20216 9878
20225 9873
20268 9868
20276 9856
20281 9845
20289 9832
20298 9827
20320 9812
20329 9807
20354 9799
20360 9786
20369 9781
20381 9778
20390 9773
20393 9766
20402 9761
20425 9753
20427 9747
20433 9740
20435 9730
20444 9725
20457 9723
20464 9720
20466 9714
20475 9709
20478 9687
20487 9682
20517 9679
20530 9677
20531 9670
20538 9665
20539 9664
20547 9660
20548 9659
20551 9641
20560 9636
20588 9623
20597 9618
20619 9617
20620 9614
20621 9613
20622 9595
20624 9589
20633 9584
20652 9582
20661 9577
20669 9575
20670 9572
20678 9570
20684 9567
20685 9566
20693 9562
20694 9561
20695 9549
20697 9539
20706 9534
20732 9531
20734 9525
20743 9520
20757 9517
20766 9512
20768 9497
20770 9493
20777 9492
20779 9488
20793 9479
20802 9474
20816 9470
20838 9469
20839 9466
20841 9447
20843 9441
20852 9436
20866 9433
20875 9428
20888 9427
20889 9424
20891 9413
20900 9408
20914 9401
20916 9395
20925 9390
20931 9384
20939 9381
20940 9379
20948 9376
20962 9372
20964 9367
20973 9362
20987 9349
20996 9344
21004 9338
21012 9331
21021 9326
21035 9321
21037 9315
21046 9310
21056 9308
21060 9303
21069 9298
21075 9292
21077 9286
21085 9285
21086 9281
21094 9280
21108 9275
21110 9265
21119 9260
21144 9259
21146 9255
21148 9246
21150 9236
21158 9233
21159 9231
21167 9228
21181 9223
21183 9219
21190 9218
21192 9214
21202 9210
21210 9208
21219 9203
21221 9194
21223 9190
21230 9189
21231 9187
21232 9185
21240 9182
21254 9173
21256 9167
21265 9162
21275 9160
21292 9157
21294 9144
21296 9138
21305 9133
21327 9127
21329 9121
21338 9116
21348 9114
21362 9105
21367 9098
21369 9092
21378 9087
21400 9075
21406 9074
21409 9070
21412 9067
21421 9062
21435 9059
21440 9046
21449 9041
21473 9029
21479 9028
21482 9024
21485 9021
21494 9016
21500 9010
21508 9007
21509 9005
21513 9000
21522 8995
21547 8991
21548 8990
21550 8982
21556 8975
21565 8970
21573 8964
21581 8957
21590 8952
21607 8949
21620 8941
21621 8940
21623 8934
21629 8929
21638 8924
21644 8918
21646 8912
21654 8911
21655 8907
21663 8905
21672 8900
21691 8899
21693 8895
21694 8894
21696 8888
21705 8883
21715 8880
21716 8878
21717 8872
21719 8862
21727 8859
21728 8857
21736 8854
21760 8853
21764 8849
21766 8843
21767 8842
21773 8841
21775 8838
21776 8837
21782 8836
21788 8832
21790 8820
21792 8816
21799 8815
21800 8813
21801 8811
21809 8808
21832 8807
21835 8805
21837 8803
21839 8797
21840 8796
21846 8795
21848 8792
21849 8791
21853 8785
21862 8780
21863 8770
21865 8764
21874 8759
21908 8756
21910 8751
21917 8749
21919 8746
21925 8742
21934 8737
21936 8724
21938 8718
21947 8713
21978 8709
21983 8705
21985 8703
21992 8700
21994 8698
21997 8693
22006 8688
22009 8672
22018 8667
22051 8662
22054 8658
22057 8657
22063 8653
22066 8650
22074 8649
22075 8645
22082 8626
22091 8621
22116 8617
22124 8616
22125 8612
22129 8611
22133 8610
22136 8607
22138 8604
22147 8599
22157 8597
22158 8596
22166 8593
22167 8591
22175 8588
22178 8587
22179 8586
22180 8581
22181 8580
22187 8577
22189 8567
22197 8564
22198 8562
22203 8559
22204 8555
22212 8554
22213 8550
22229 8547
22240 8545
22243 8544
22246 8542
22251 8541
22252 8540
22254 8534
22260 8525
22262 8521
22269 8520
22270 8518
22271 8516
22276 8509
22284 8506
22285 8504
22293 8501
22304 8498
22313 8493
22323 8490
22324 8489
22325 8488
22332 8485
22333 8475
22335 8469
22344 8464
22348 8463
22356 8462
22357 8458
22373 8455
22377 8452
22380 8451
22386 8447
22389 8446
22398 8442
22406 8429
22408 8423
22417 8418
22420 8417
22422 8411
22431 8406
22453 8405
22457 8401
22462 8400
22467 8398
22474 8396
22476 8393
22479 8377
22488 8372
22508 8370
22521 8360
22524 8359
22530 8355
22533 8354
22542 8350
22551 8345
22552 8331
22561 8326
22566 8319
22575 8314
22597 8313
22606 8308
22611 8305
22617 8304
22620 8300
22623 8297
22632 8292
22643 8289
22650 8286
22651 8285
22652 8284
22659 8281
22660 8280
22664 8279
22667 8277
22668 8276
22670 8275
22671 8270
22673 8264
22674 8260
22682 8259
22683 8255
22695 8253
22699 8252
22703 8251
22710 8250
22712 8246
22715 8243
22719 8242
22723 8240
22724 8238
22728 8237
22732 8235
22733 8234
22736 8233
22738 8227
22746 8214
22754 8211
22755 8209
22761 8202
22770 8197
22791 8196
22794 8194
22795 8193
22796 8192
22800 8191
22803 8189
22804 8188
22813 8187
22814 8183
22817 8172
22818 8168
22826 8167
22827 8163
22839 8160
22847 8157
22848 8155
22856 8152
22859 8151
22861 8145
22870 8140
22882 8135
22890 8122
22892 8116
22901 8111
22905 8110
22914 8105
22935 8104
22937 8098
22946 8093
22959 8091
22961 8089
22965 8088
22969 8080
22978 8075
22983 8068
22991 8065
22992 8063
23000 8060
23003 8059
23005 8053
23014 8048
23031 8043
23036 8024
23045 8019
23067 8018
23076 8013
23081 8006
23090 8001
23102 7997
23113 7994
23121 7993
23122 7989
23133 7985
23134 7984
23137 7982
23138 7981
23140 7980
23143 7979
23146 7977
23147 7976
23149 7975
23151 7971
23156 7963
23165 7958
23173 7956
23178 7951
23185 7948
23187 7946
23193 7945
23194 7943
23198 7942
23200 7936
23208 7932
23209 7931
23217 7927
23221 7926
23230 7921
23231 7907
23240 7902
23261 7901
23266 7897
23270 7896
23276 7889
23284 7888
23285 7884
23293 7883
23300 7880
23307 7871
23309 7865
23318 7860
23322 7859
23329 7856
23331 7850
23340 7845
23344 7844
23352 7840
23353 7839
23361 7835
23370 7834
23375 7815
23384 7810
23405 7809
23407 7803
23416 7798
23420 7797
23429 7792
23444 7788
23453 7773
23462 7768
23475 7758
23484 7753
23501 7748
23510 7743
23527 7742
23532 7736
23541 7731
23547 7723
23551 7711
23560 7706
23590 7705
23593 7702
23595 7697
23604 7692
23608 7689
23617 7684
23623 7679
23632 7674
23645 7672
23647 7666
23648 7656
23657 7651
23670 7641
23679 7636
23691 7631
23700 7626
23723 7622
23730 7619
23732 7617
23739 7614
23746 7594
23755 7589
23770 7588
23783 7584
23787 7583
23788 7582
23791 7574
23792 7564
23801 7559
23814 7549
23823 7544
23840 7539
23849 7534
23874 7527
23883 7522
23890 7502
23899 7497
23927 7492
23938 7491
23941 7490
23950 7480
23959 7475
23980 7471
23983 7465
23986 7457
23995 7452
24005 7449
24012 7446
24014 7444
24021 7441
24029 7439
24038 7434
24040 7428
24049 7423
24062 7413
24071 7408
24081 7406
24087 7390
24096 7385
24113 7380
24122 7375
24127 7373
24130 7365
24139 7360
24156 7355
24165 7350
24183 7347
24190 7343
24192 7342
24199 7338
24202 7337
24210 7334
24211 7332
24225 7328
24228 7327
24231 7298
24240 7293
24257 7288
24266 7283
24291 7276
24300 7271
24317 7266
24326 7261
24332 7256
24335 7254
24341 7251
24344 7249
24346 7245
24355 7240
24370 7239
24372 7235
24378 7229
24387 7224
24404 7219
24410 7210
24419 7205
24424 7200
24433 7195
24446 7185
24455 7180
24472 7175
24479 7162
24488 7157
24505 7152
24514 7147
24522 7138
24531 7133
24559 7128
24574 7125
24579 7118
24582 7116
24588 7113
24591 7111
24605 7108
24612 7107
24614 7103
24615 7101
24618 7093
24627 7088
24644 7082
24653 7077
24658 7074
24667 7069
24679 7067
24684 7064
24693 7059
24701 7056
24702 7054
24710 7051
24711 7049
24713 7042
24719 7026
24728 7021
24745 7016
24754 7011
24759 7009
24762 7001
24771 6996
24788 6991
24797 6986
24817 6983
24822 6979
24831 6974
24842 6970
24848 6969
24857 6964
24863 6934
24872 6929
24889 6924
24898 6919
24923 6912
24932 6907
24949 6902
24958 6897
24964 6892
24973 6887
24990 6882
24999 6877
25014 6876
25024 6870
25033 6865
25042 6846
25051 6841
25068 6836
25077 6831
25085 6828
25094 6823
25110 6821
25111 6818
25119 6816
25120 6813
25128 6812
25136 6811
25137 6809
25143 6804
25150 6794
25155 6792
25159 6789
25164 6787
25176 6784
25181 6782
25185 6779
25190 6777
25210 6772
25211 6754
25220 6749
25237 6744
25246 6739
25271 6732
25280 6727
25297 6722
25306 6717
25312 6712
25321 6707
25329 6706
25334 6704
25338 6701
25343 6699
25347 6697
25353 6693
25362 6688
25377 6686
25379 6683
25386 6681
25388 6678
25390 6666
25399 6661
25416 6656
25425 6651
25433 6648
25442 6643
25446 6636
25455 6631
25472 6626
25481 6621
25498 6614
25503 6612
25507 6609
25512 6607
25524 6604
25529 6602
25533 6599
25538 6597
25547 6594
25556 6589
25567 6587
25572 6585
25573 6584
25575 6581
25582 6579
25584 6576
25596 6572
25601 6571
25604 6570
25605 6567
25610 6566
25612 6560
25621 6555
25625 6548
25634 6543
25651 6538
25660 6533
25668 6530
25677 6525
25682 6524
25686 6521
25691 6519
25703 6515
25708 6514
25712 6511
25717 6509
25725 6506
25733 6496
25738 6494
25742 6491
25747 6489
25759 6486
25764 6484
25768 6481
25773 6479
25789 6478
25790 6472
25799 6467
25805 6461
25814 6456
25831 6454
25836 6453
25839 6452
25840 6449
25845 6448
25847 6442
25856 6437
25868 6430
25877 6425
25902 6424
25904 6418
25912 6408
25917 6406
25921 6403
25926 6401
25938 6398
25943 6396
25947 6393
25952 6391
25960 6388
25969 6383
25978 6379
25984 6373
25993 6368
26013 6366
26015 6365
26018 6364
26022 6361
26024 6360
26025 6354
26034 6349
26040 6343
26047 6342
26049 6338
26056 6337
26081 6336
26085 6331
26090 6324
26092 6321
26097 6319
26101 6316
26103 6312
26112 6307
26137 6306
26139 6300
26148 6295
26155 6290
26160 6288
26164 6285
26169 6283
26189 6281
26193 6279
26198 6276
26202 6274
26204 6266
26213 6261
26219 6255
26228 6250
26256 6248
26261 6246
26262 6237
26269 6236
26271 6232
26276 6231
26280 6228
26282 6224
26291 6219
26316 6218
26319 6213
26325 6206
26327 6203
26332 6201
26336 6198
26341 6196
26348 6195
26368 6190
26377 6189
26381 6186
26382 6182
26384 6179
26390 6172
26395 6170
26399 6167
26404 6165
26420 6164
26428 6161
26433 6159
26437 6156
26441 6149
26447 6148
26450 6144
26456 6143
26467 6139
26475 6138
26476 6134
26484 6133
26491 6130
26496 6128
26498 6125
26504 6118
26506 6115
26511 6113
26515 6110
26520 6108
26538 6107
26547 6102
26554 6095
26561 6094
26563 6090
26569 6084
26574 6082
26578 6079
26583 6077
26605 6076
26607 6073
26612 6071
26616 6068
26617 6064
26619 6061
26626 6059
26628 6056
26635 6055
26646 6051
26655 6046
26670 6042
26675 6040
26679 6037
26682 6030
26691 6025
26705 6023
26712 6022
26720 6019
26727 6017
26729 6014
26733 6007
26742 6002
26759 5997
26767 5996
26768 5992
26776 5991
26783 5988
26792 5983
26796 5976
26798 5973
26805 5971
26807 5968
26825 5967
26830 5965
26834 5962
26839 5960
26851 5959
26856 5954
26858 5951
26861 5942
26870 5937
26884 5935
26897 5934
26899 5931
26906 5929
26908 5926
26921 5920
26930 5915
26938 5909
26947 5904
26962 5900
26971 5895
26985 5893
26989 5890
26998 5885
27007 5882
27015 5880
27022 5878
27024 5875
27031 5873
27039 5867
27046 5866
27048 5862
27052 5859
27054 5856
27061 5854
27063 5851
27080 5848
27098 5847
27099 5845
27102 5842
27108 5840
27109 5835
27114 5834
27117 5825
27126 5820
27140 5818
27143 5817
27157 5815
27162 5814
27169 5813
27172 5811
27175 5810
27177 5803
27186 5798
27194 5792
27203 5787
27218 5785
27220 5784
27225 5783
27227 5780
27244 5775
27254 5770
27263 5765
27280 5762
27281 5754
27290 5749
27304 5747
27311 5744
27319 5743
27320 5741
27325 5739
27327 5736
27334 5734
27336 5731
27358 5721
27365 5718
27367 5716
27374 5713
27382 5712
27388 5711
27390 5705
27399 5700
27413 5698
27418 5697
27425 5696
27430 5694
27434 5691
27439 5689
27442 5685
27450 5683
27451 5680
27459 5678
27467 5672
27472 5671
27474 5668
27476 5667
27481 5666
27483 5663
27500 5660
27511 5658
27516 5656
27527 5650
27529 5647
27536 5645
27537 5637
27546 5632
27560 5630
27563 5629
27577 5627
27590 5626
27592 5623
27593 5621
27601 5618
27602 5616
27606 5614
27614 5604
27623 5599
27640 5596
27655 5592
27664 5587
27677 5584
27679 5583
27682 5582
27686 5579
27691 5577
27703 5576
27707 5572
27716 5567
27720 5564
27722 5561
27729 5559
27731 5556
27740 5553
27745 5551
27747 5548
27754 5546
27756 5543
27785 5530
27794 5525
27808 5523
27810 5517
27819 5512
27833 5510
27850 5506
27859 5501
27862 5497
27871 5492
27887 5484
27896 5479
27922 5476
27927 5473
27934 5472
27936 5468
27948 5467
27950 5464
27957 5462
27959 5459
27971 5455
27980 5450
27988 5446
27997 5441
28010 5440
28011 5439
28013 5433
28022 5428
28036 5426
28043 5424
28053 5422
28059 5416
28065 5413
28068 5411
28074 5408
28090 5400
28099 5395
28120 5391
28130 5389
28132 5387
28136 5383
28145 5378
28158 5377
28165 5374
28170 5369
28181 5366
28183 5364
28190 5361
28195 5356
28219 5348
28228 5343
28244 5335
28253 5330
28268 5329
28271 5327
28284 5324
28293 5319
28300 5318
28309 5313
28314 5312
28323 5307
28331 5298
28348 5294
28361 5293
28367 5291
28368 5290
28372 5286
28373 5285
28384 5282
28386 5280
28393 5277
28398 5272
28419 5268
28422 5264
28431 5259
28437 5258
28439 5255
28447 5251
28456 5246
28462 5245
28464 5242
28482 5241
28487 5240
28493 5234
28502 5224
28516 5222
28527 5211
28541 5209
28567 5200
28579 5191
28604 5178
28637 5176
28639 5174
28642 5171
28644 5167
28662 5163
28665 5161
28667 5158
28685 5157
28688 5149
28703 5146
28705 5140
28718 5139
28719 5138
28730 5127
28744 5125
28751 5123
28765 5121
28770 5116
28776 5110
28782 5107
28806 5104
28807 5094
28828 5090
28847 5083
28853 5077
28866 5076
28873 5073
28891 5063
28898 5060
28916 5057
28921 5055
28931 5052
28936 5042
28954 5039
28961 5029
28979 5026
28992 5025
28993 5024
29001 5018
29017 5012
29031 5006
29045 5003
29056 4993
29069 4992
29075 4990
29076 4989
29094 4979
29101 4976
29115 4975
29122 4972
29134 4968
29139 4958
29164 4945
29185 4941
29204 4934
29210 4928
29223 4927
29238 4926
29241 4924
29248 4914
29263 4913
29266 4911
29278 4906
29288 4903
29294 4902
29306 4899
29309 4896
29318 4891
29324 4889
29325 4888
29343 4878
29350 4875
29363 4874
29381 4869
29383 4867
29388 4857
29413 4844
29426 4843
29451 4830
29472 4826
29487 4825
29491 4819
29497 4813
29512 4812
29525 4811
29527 4805
29535 4804
29537 4802
29550 4798
29565 4791
29581 4787
29584 4785
29596 4781
29597 4779
29609 4776
29611 4774
29612 4773
29621 4770
29630 4768
29635 4765
29637 4760
29661 4759
29664 4758
29665 4755
29675 4742
29700 4729
29736 4725
29740 4718
29764 4716
29770 4715
29771 4712
29774 4710
29778 4708
29783 4707
29784 4703
29799 4697
29814 4690
29833 4684
29854 4679
29859 4677
29865 4676
29869 4675
29873 4673
29876 4672
29883 4668
29884 4664
29908 4655
29914 4654
29924 4653
29932 4652
29939 4641
29952 4640
29968 4638
29969 4637
29974 4631
29977 4627
29996 4624
29998 4623
30007 4619
30012 4617
30017 4616
30022 4614
30023 4610
30032 4606
30045 4605
30058 4600
30063 4599
30070 4592
30091 4588
30106 4587
30107 4584
30110 4581
30116 4575
30131 4574
30135 4573
30138 4570
30147 4567
30154 4566
30156 4564
30161 4562
30163 4557
30187 4556
30190 4555
30191 4554
30196 4552
30198 4547
30201 4539
30226 4526
30256 4522
30261 4516
30266 4515
30290 4513
30294 4504
30310 4500
30319 4491
30345 4490
30359 4480
30375 4477
30385 4474
30391 4473
30393 4472
30394 4471
30397 4470
30403 4465
30410 4461
30418 4459
30434 4452
30445 4451
30450 4450
30452 4446
30469 4442
30474 4441
30478 4439
30484 4438
30492 4435
30500 4428
30503 4426
30527 4417
30537 4416
30538 4414
30548 4411
30559 4410
30567 4406
30577 4405
30578 4403
30583 4401
30584 4397
30593 4393
30606 4392
30611 4391
30618 4387
30624 4386
30626 4385
30630 4381
30631 4379
30641 4376
30652 4375
30666 4374
30668 4371
30670 4370
30671 4368
30677 4362
30692 4361
30696 4360
30699 4357
30706 4354
30711 4352
30717 4351
30722 4349
30724 4344
30731 4341
30756 4337
30761 4336
30762 4326
30787 4313
30817 4309
30824 4306
30827 4302
30851 4300
30855 4291
30871 4287
30880 4278
30915 4276
30920 4267
30944 4265
30946 4261
30952 4260
30954 4259
30958 4257
30964 4252
30971 4248
30979 4246
30995 4239
31011 4237
31013 4233
31035 4228
31039 4226
31045 4225
31053 4222
31063 4217
31064 4213
31088 4204
31098 4203
31104 4202
31109 4198
31128 4193
31138 4192
31146 4186
31162 4185
31166 4181
31172 4178
31179 4174
31187 4172
31191 4168
31199 4167
31202 4163
31227 4161
31229 4159
31231 4157
31239 4151
31260 4147
31267 4141
31272 4139
31282 4138
31290 4136
31292 4128
31317 4124
31324 4123
31325 4122
31330 4121
31332 4117
31350 4116
31353 4112
31360 4106
31375 4103
31376 4102
31385 4093
31410 4089
31420 4088
31423 4086
31425 4082
31450 4080
31451 4076
31457 4075
31459 4074
31463 4072
31468 4071
31469 4067
31476 4063
31484 4061
31501 4059
31508 4058
31509 4057
31513 4053
31516 4052
31524 4050
31537 4047
31544 4041
31550 4040
31560 4037
31561 4036
31568 4035
31569 4028
31594 4024
31603 4018
31609 4017
31614 4013
31636 4012
31641 4010
31643 4007
31652 4006
31653 4002
31671 3996
31687 3992
31696 3983
31704 3982
31707 3978
31734 3975
31736 3972
31745 3971
31761 3970
31762 3966
31765 3962
31779 3960
31780 3957
31787 3953
31795 3951
31798 3948
31806 3946
31827 3942
31833 3940
31842 3939
31848 3937
31849 3936
31855 3931
31858 3927
31872 3925
31880 3918
31888 3917
31891 3913
31920 3907
31925 3903
31942 3901
31949 3897
31957 3895
31964 3892
31978 3891
31981 3887
31989 3886
31997 3884
32003 3882
32010 3881
32015 3872
32018 3868
32042 3862
32056 3860
32067 3858
32076 3852
32082 3851
32087 3847
32104 3846
32106 3842
32109 3838
32117 3836
32139 3834
32142 3832
32144 3830
32153 3829
32160 3826
32169 3817
32177 3816
32180 3812
32199 3807
32202 3803
32231 3801
32235 3800
32242 3796
32252 3794
32253 3791
32260 3787
32268 3785
32271 3782
32279 3780
32292 3777
32300 3776
32308 3774
32315 3773
32322 3771
32328 3765
32341 3764
32342 3763
32344 3761
32345 3759
32353 3752
32361 3751
32364 3747
32393 3741
32398 3737
32415 3736
32423 3735
32426 3731
32436 3729
32437 3726
32451 3725
32454 3721
32471 3719
32476 3716
32483 3715
32488 3706
32491 3702
32522 3701
32526 3698
32529 3694
32550 3690
32553 3686
32564 3684
32569 3681
32577 3680
32579 3676
32582 3672
32590 3670
32612 3668
32615 3666
32622 3665
32626 3663
32641 3660
32644 3656
32652 3654
32660 3651
32668 3649
32672 3641
32675 3637
32704 3635
32712 3634
32715 3630
32734 3625
32737 3621
32748 3619
32753 3616
32762 3615
32765 3611
32788 3609
32795 3605
32801 3604
32803 3603
32806 3600
32814 3598
32835 3594
32838 3593
32843 3590
32858 3587
32863 3583
32875 3581
32879 3579
32880 3577
32888 3570
32896 3569
32899 3565
32928 3559
32933 3555
32961 3552
32963 3551
32965 3550
32966 3549
32968 3546
32972 3544
32982 3543
32985 3539
33006 3537
33011 3534
33023 3524
33026 3520
33061 3516
33064 3512
33094 3508
33096 3506
33099 3502
33104 3499
33114 3494
33117 3490
33125 3488
33147 3486
33158 3485
33159 3484
33161 3481
33164 3480
33181 3479
33187 3476
33190 3472
33195 3469
33203 3467
33207 3459
33210 3455
33254 3449
33257 3445
33280 3441
33283 3437
33288 3434
33316 3433
33319 3429
33330 3427
33335 3424
33343 3423
33345 3419
33348 3415
33356 3413
33378 3411
33381 3409
33388 3408
33392 3406
33393 3405
33407 3403
33408 3401
33410 3399
33418 3397
33426 3394
33434 3392
33438 3384
33441 3380
33470 3378
33478 3377
33481 3373
33500 3368
33503 3364
33514 3362
33519 3359
33528 3358
33531 3354
33554 3352
33561 3348
33567 3347
33569 3346
33572 3343
33580 3341
33601 3337
33604 3336
33609 3333
33624 3330
33629 3326
33643 3324
33645 3322
33646 3320
33654 3313
33662 3312
33665 3308
33694 3302
33699 3298
33727 3295
33729 3294
33732 3292
33737 3290
33738 3287
33748 3286
33751 3282
33772 3280
33777 3277
33789 3267
33792 3263
33827 3259
33830 3255
33850 3254
33858 3252
33862 3249
33865 3245
33870 3242
33880 3237
33883 3233
33891 3231
33913 3229
33924 3228
33927 3224
33940 3223
33943 3219
33956 3215
33961 3212
33969 3210
33973 3202
33976 3198
34020 3196
34023 3192
34030 3191
34046 3184
34049 3180
34054 3177
34095 3173
34101 3171
34104 3169
34124 3163
34127 3159
34141 3157
34156 3152
34159 3148
34174 3144
34186 3143
34194 3141
34214 3137
34219 3136
34229 3134
34232 3130
34236 3128
34237 3127
34247 3126
34252 3123
34261 3122
34264 3118
34276 3112
34279 3108
34305 3107
34313 3105
34326 3102
34333 3101
34337 3100
34342 3097
34349 3094
34352 3090
34357 3087
34378 3086
34379 3084
34387 3077
34395 3076
34398 3072
34427 3066
34432 3062
34460 3059
34462 3058
34465 3056
34470 3054
34471 3051
34481 3050
34484 3046
34505 3044
34506 3042
34510 3041
34522 3031
34525 3027
34560 3023
34563 3019
34595 3013
34597 3012
34598 3009
34603 3006
34613 3001
34616 2997
34624 2995
34646 2993
34657 2992
34660 2988
34686 2983
34689 2979
34690 2977
34694 2976
34702 2974
34706 2966
34709 2962
34753 2960
34756 2956
34763 2955
34779 2948
34782 2944
34787 2941
34828 2937
34834 2935
34837 2933
34857 2927
34860 2923
34874 2921
34889 2916
34892 2912
34916 2911
34919 2907
34927 2905
34947 2903
34952 2900
34962 2898
34965 2894
34970 2891
34992 2889
34993 2887
34997 2886
35005 2884
35009 2876
35012 2872
35053 2871
35056 2870
35059 2866
35066 2865
35082 2858
35085 2854
35090 2851
35131 2850
35132 2848
35135 2842
35138 2838
35160 2837
35163 2833
35177 2831
35182 2830
35192 2826
35195 2822
35211 2820
35216 2817
35239 2806
35268 2804
35273 2801
35277 2798
35303 2797
35310 2795
35312 2788
35317 2785
35330 2776
35338 2774
35360 2772
35374 2767
35403 2758
35408 2755
35416 2753
35423 2741
35470 2735
35477 2734
35494 2730
35496 2723
35501 2720
35542 2716
35548 2714
35551 2712
35572 2709
35574 2702
35588 2700
35606 2691
35633 2686
35641 2684
35661 2682
35666 2679
35679 2673
35684 2670
35706 2668
35711 2665
35719 2663
35726 2651
35767 2650
35773 2645
35780 2644
35797 2640
35799 2633
35804 2630
35845 2629
35846 2627
35851 2624
35852 2617
35877 2612
35891 2610
35896 2609
35909 2601
35925 2599
35930 2596
35956 2595
35960 2594
35964 2592
35969 2589
35982 2583
35987 2580
36003 2578
36017 2576
36034 2574
36035 2567
36060 2562
36075 2561
36079 2559
36090 2558
36095 2555
36108 2549
36113 2546
36143 2544
36148 2543
36152 2541
36153 2540
36168 2537
36184 2535
36186 2528
36201 2527
36216 2526
36224 2525
36226 2522
36240 2520
36245 2519
36257 2517
36264 2513
36269 2510
36274 2509
36279 2506
36302 2504
36313 2502
36318 2499
36342 2492
36352 2488
36366 2486
36390 2485
36391 2481
36410 2478
36423 2477
36425 2476
36430 2473
36435 2470
36439 2468
36444 2465
36468 2464
36480 2463
36483 2460
36491 2459
36503 2455
36508 2452
36517 2447
36541 2446
36555 2444
36558 2442
36564 2441
36580 2439
36586 2437
36588 2436
36612 2435
36613 2434
36616 2433
36618 2431
36620 2430
36624 2428
36628 2426
36633 2423
36652 2422
36659 2419
36672 2418
36680 2417
36686 2416
36691 2413
36692 2411
36697 2410
36704 2409
36706 2405
36722 2404
36734 2402
36747 2400
36748 2399
36757 2393
36770 2390
36782 2388
36787 2386
36801 2385
36810 2384
36817 2381
36826 2378
36830 2375
36835 2372
36858 2371
36860 2368
36874 2367
36875 2366
36888 2364
36890 2363
36899 2360
36908 2354
36923 2353
36936 2350
36948 2348
36953 2346
36967 2345
36975 2343
36982 2342
36986 2339
36991 2336
36996 2335
37001 2332
37023 2330
37026 2328
37040 2325
37053 2323
37064 2318
37074 2314
37088 2312
37101 2309
37113 2307
37118 2305
37132 2304
37147 2302
37152 2299
37157 2296
37161 2294
37166 2291
37190 2290
37191 2287
37205 2286
37213 2285
37221 2284
37225 2281
37230 2278
37239 2273
37263 2272
37277 2270
37280 2268
37286 2267
37302 2265
37307 2263
37321 2262
37333 2259
37340 2257
37342 2256
37346 2254
37350 2252
37355 2249
37380 2245
37394 2244
37402 2243
37408 2242
37413 2239
37419 2236
37428 2231
37460 2230
37469 2226
37475 2225
37481 2224
37483 2222
37493 2221
37498 2218
37508 2216
37522 2214
37535 2211
37547 2209
37552 2207
37556 2204
37570 2203
37571 2200
37586 2199
37591 2198
37595 2196
37600 2193
37616 2192
37625 2189
37637 2188
37639 2186
37644 2185
37647 2184
37649 2182
37659 2181
37664 2178
37673 2175
37689 2174
37703 2171
37712 2168
37722 2164
37736 2162
37737 2160
37751 2158
37761 2157
37766 2155
37776 2153
37781 2151
37795 2150
37800 2149
37803 2148
37805 2146
37809 2144
37812 2143
37814 2141
37824 2140
37829 2137
37853 2136
37854 2133
37868 2132
37873 2131
37878 2128
37887 2123
37902 2119
37926 2118
37934 2117
37940 2116
37943 2114
37949 2113
37965 2111
37970 2109
37984 2108
37988 2107
37990 2106
37994 2104
37998 2102
38001 2101
38003 2099
38013 2098
38018 2095
38042 2094
38043 2091
38057 2090
38061 2089
38067 2086
38076 2081
38091 2077
38117 2076
38123 2075
38132 2072
38138 2071
38146 2070
38156 2066
38170 2064
38171 2062
38185 2060
38195 2059
38200 2057
38210 2055
38215 2053
38229 2052
38233 2049
38239 2048
38243 2046
38246 2045
38248 2043
38258 2042
38263 2039
38287 2038
38288 2035
38302 2034
38307 2033
38312 2030
38321 2025
38336 2021
38362 2020
38368 2019
38377 2016
38383 2015
38400 2014
38405 2011
38422 2009
38430 2007
38437 2005
38443 2004
38445 2002
38455 2001
38460 1998
38463 1997
38478 1993
38495 1991
38510 1987
38518 1984
38533 1980
38557 1979
38572 1975
38596 1974
38610 1972
38620 1971
38625 1969
38626 1968
38635 1967
38640 1965
38654 1964
38658 1963
38660 1962
38664 1960
38668 1958
38671 1957
38673 1955
38683 1954
38688 1951
38712 1950
38713 1947
38727 1946
38731 1945
38737 1942
38746 1937
38761 1933
38793 1932
38800 1930
38807 1929
38815 1926
38826 1922
38840 1920
38841 1918
38855 1916
38865 1915
38870 1913
38880 1911
38885 1909
38899 1908
38903 1905
38909 1904
38913 1902
38916 1901
38918 1899
38928 1898
38933 1895
38957 1894
38958 1891
38972 1890
38977 1889
38982 1886
38991 1881
39006 1877
39045 1874
39058 1873
39060 1870
39075 1867
39092 1865
39099 1862
39107 1861
39129 1860
39132 1857
39133 1853
39148 1849
39165 1847
39180 1843
39202 1842
39219 1840
39223 1839
39234 1836
39241 1834
39242 1833
39257 1829
39273 1828
39293 1827
39296 1821
39335 1816
39354 1815
39357 1814
39359 1812
39369 1811
39374 1808
39392 1807
39395 1806
39396 1805
39397 1804
39407 1803
39412 1800
39423 1799
39432 1794
39447 1790
39470 1786
39485 1782
39515 1779
39524 1774
39550 1771
39564 1769
39565 1767
39574 1766
39579 1765
39589 1762
39604 1759
39612 1758
39618 1757
39621 1756
39627 1754
39633 1753
39637 1751
39640 1750
39642 1748
39652 1747
39657 1744
39679 1742
39687 1741
39691 1739
39696 1736
39706 1735
39715 1730
39730 1726
39760 1723
39769 1718
39799 1716
39816 1714
39826 1713
39831 1710
39838 1708
39857 1702
39872 1698
39889 1696
39904 1692
39911 1690
39943 1684
39978 1682
40006 1680
40008 1679
40017 1674
40032 1672
40049 1670
40064 1666
40071 1664
40081 1663
40083 1661
40093 1660
40098 1657
40120 1654
40132 1652
40137 1649
40147 1648
40156 1643
40171 1639
40201 1636
40210 1631
40240 1629
40257 1627
40267 1626
40272 1623
40279 1621
40298 1615
40313 1611
40330 1609
40345 1605
40352 1603
40384 1597
40419 1595
40449 1592
40458 1587
40473 1585
40490 1583
40505 1579
40512 1577
40538 1576
40544 1571
40561 1567
40578 1565
40593 1561
40600 1559
40632 1553
40675 1552
40690 1551
40698 1550
40706 1545
40721 1541
40738 1539
40753 1535
40760 1533
40786 1532
40792 1527
40818 1526
40833 1524
40848 1520
40877 1519
40878 1517
40887 1512
40917 1510
40934 1508
40944 1507
40946 1506
40949 1504
40956 1502
40975 1496
40990 1492
41007 1490
41022 1486
41029 1484
41061 1478
41096 1476
41126 1473
41135 1468
41150 1466
41167 1464
41182 1460
41189 1458
41215 1457
41221 1452
41238 1448
41255 1446
41270 1442
41277 1440
41309 1434
41352 1433
41367 1432
41375 1431
41383 1426
41398 1422
41415 1420
41430 1416
41437 1414
41463 1413
41469 1408
41495 1407
41522 1406
41527 1401
41554 1400
41569 1399
41575 1398
41584 1395
41589 1394
41591 1393
41601 1391
41616 1389
41623 1387
41633 1385
41648 1383
41655 1381
41681 1380
41687 1375
41713 1374
41737 1372
41754 1370
41762 1368
41769 1366
41776 1364
41802 1362
41807 1361
41808 1358
41825 1354
41842 1352
41857 1348
41864 1346
41896 1340
41939 1339
41954 1338
41962 1337
41970 1332
41985 1328
42002 1326
42017 1322
42024 1320
42050 1319
42056 1314
42082 1313
42109 1312
42114 1307
42141 1306
42156 1305
42162 1304
42171 1301
42176 1300
42178 1299
42188 1297
42203 1295
42210 1293
42220 1291
42235 1289
42242 1287
42268 1286
42274 1281
42300 1280
42324 1279
42334 1278
42342 1276
42349 1274
42356 1273
42364 1272
42374 1270
42389 1268
42394 1267
42396 1266
42406 1264
42421 1262
42428 1260
42454 1259
42460 1254
42487 1253
42510 1252
42519 1247
42542 1246
42552 1245
42560 1243
42574 1240
42582 1239
42609 1238
42611 1237
42614 1233
42641 1232
42654 1231
42670 1230
42673 1226
42699 1225
42705 1220
42728 1219
42738 1218
42760 1213
42770 1212
42797 1211
42808 1210
42824 1209
42827 1205
42840 1204
42856 1203
42859 1199
42884 1198
42892 1197
42911 1196
42921 1195
42924 1191
42951 1190
42962 1189
42978 1188
42983 1184
42994 1183
43010 1182
43015 1178
43038 1177
43070 1171
43118 1168
43134 1167
43137 1163
43150 1162
43166 1161
43169 1157
43205 1155
43221 1154
43243 1153
43256 1152
43269 1151
43272 1147
43288 1146
43301 1145
43304 1141
43320 1140
43356 1138
43371 1137
43394 1135
43410 1131
43423 1130
43447 1126
43455 1124
43502 1119
43545 1118
43548 1114
43569 1111
43598 1109
43601 1105
43653 1102
43675 1101
43693 1098
43699 1097
43707 1095
43720 1094
43752 1088
43803 1085
43844 1081
43895 1078
43902 1076
43909 1075
43937 1071
43954 1068
43990 1062
44043 1061
44053 1059
44064 1058
44088 1054
44096 1052
44109 1051
44141 1045
44192 1042
44239 1038
44287 1036
44298 1032
44343 1025
44424 1023
44459 1022
44477 1020
44489 1016
44522 1013
44542 1011
44593 1008
44640 1004
44688 1002
44699 998
44744 991
44825 989
44860 988
44878 986
44890 982
44923 979
45004 977
45039 976
45064 971
45069 970
45145 969
45150 968
45198 966
45210 962
45243 959
45324 957
45359 956
45389 950
45470 948
45535 947
45616 945
