50
0 1 157 643
0 2 909 19
0 3 78 987
0 4 220 561
0 5 571 910
0 6 888 24
0 7 897 111
0 8 882 33
0 9 496 283
0 10 795 8
0 11 755 146
0 12 91 758
0 13 585 143
0 14 835 799
0 15 601 10
0 16 307 777
0 17 80 665
0 18 400 682
0 19 61 594
0 20 347 266
0 21 574 171
0 22 463 590
0 23 274 486
0 24 727 132
0 25 120 601
0 26 324 524
0 27 839 83
0 28 168 783
0 29 694 125
0 30 388 979
0 31 491 165
0 32 404 8
0 33 5 769
0 34 148 831
0 35 131 878
0 36 385 226
0 37 398 950
0 38 227 823
0 39 392 373
0 40 290 912
0 41 822 62
0 42 851 78
0 43 267 808
0 44 346 372
0 45 924 91
0 46 848 512
0 47 992 18
0 48 364 614
0 49 905 485
1 2 638 752
1 3 683 390
1 4 562 1000
1 5 625 431
1 6 251 118
1 7 72 845
1 8 579 552
1 9 949 174
1 10 945 530
1 11 778 607
1 12 100 850
1 13 800 170
1 14 46 836
1 15 987 109
1 16 289 650
1 17 295 945
1 18 789 214
1 19 446 411
1 20 664 751
1 21 435 907
1 22 958 787
1 23 263 862
1 24 234 821
1 25 453 311
1 26 808 21
1 27 554 494
1 28 37 689
1 29 540 456
1 30 302 264
1 31 720 941
1 32 238 978
1 33 514 268
1 34 447 479
1 35 807 127
1 36 997 429
1 37 781 4
1 38 579 927
1 39 40 510
1 40 103 470
1 41 854 202
1 42 96 371
1 43 409 848
1 44 407 790
1 45 122 539
1 46 352 625
1 47 31 582
1 48 717 459
1 49 226 379
2 3 721 120
2 4 96 929
2 5 784 631
2 6 666 203
2 7 774 206
2 8 114 1000
2 9 424 383
2 10 320 451
2 11 810 26
2 12 995 216
2 13 291 962
2 14 742 127
2 15 127 943
2 16 486 401
2 17 986 291
2 18 59 588
2 19 282 85
2 20 872 499
2 21 972 84
2 22 905 837
2 23 298 908
2 24 768 136
2 25 289 641
2 26 926 7
2 27 201 655
2 28 2 980
2 29 286 892
2 30 628 390
2 31 558 721
2 32 383 720
2 33 894 298
2 34 681 221
2 35 226 566
2 36 74 987
2 37 929 60
2 38 759 18
2 39 808 363
2 40 553 820
2 41 577 224
2 42 491 675
2 43 415 849
2 44 541 179
2 45 725 291
2 46 533 820
2 47 405 788
2 48 672 586
2 49 877 51
3 4 288 416
3 5 883 272
3 6 101 975
3 7 564 805
3 8 855 894
3 9 832 624
3 10 811 207
3 11 86 946
3 12 657 141
3 13 615 786
3 14 847 148
3 15 437 693
3 16 890 418
3 17 908 595
3 18 33 782
3 19 879 65
3 20 580 517
3 21 499 207
3 22 116 341
3 23 635 134
3 24 553 772
3 25 316 939
3 26 650 715
3 27 280 916
3 28 814 477
3 29 124 736
3 30 104 592
3 31 59 935
3 32 415 532
3 33 300 812
3 34 714 90
3 35 10 964
3 36 875 585
3 37 293 14
3 38 375 1000
3 39 264 756
3 40 490 682
3 41 997 66
3 42 727 569
3 43 163 457
3 44 466 382
3 45 595 59
3 46 345 366
3 47 963 723
3 48 541 620
3 49 593 140
4 5 403 717
4 6 842 131
4 7 72 889
4 8 214 409
4 9 622 597
4 10 613 483
4 11 3 898
4 12 957 713
4 13 254 206
4 14 775 93
4 15 83 495
4 16 61 390
4 17 629 714
4 18 495 900
4 19 764 428
4 20 651 513
4 21 95 966
4 22 555 337
4 23 852 93
4 24 519 225
4 25 378 596
4 26 361 992
4 27 76 507
4 28 259 345
4 29 621 272
4 30 223 48
4 31 417 686
4 32 450 262
4 33 732 404
4 34 241 114
4 35 53 884
4 36 337 401
4 37 211 328
4 38 666 545
4 39 975 325
4 40 122 866
4 41 19 836
4 42 770 915
4 43 144 486
4 44 549 291
4 45 542 455
4 46 618 98
4 47 771 210
4 48 373 578
4 49 467 894
5 6 729 515
5 7 946 592
5 8 505 624
5 9 291 979
5 10 367 391
5 11 639 407
5 12 935 330
5 13 121 896
5 14 691 322
5 15 250 716
5 16 55 964
5 17 123 882
5 18 490 452
5 19 349 695
5 20 578 30
5 21 568 505
5 22 693 48
5 23 791 277
5 24 329 526
5 25 517 848
5 26 385 848
5 27 95 786
5 28 668 874
5 29 106 614
5 30 693 263
5 31 952 161
5 32 489 919
5 33 215 627
5 34 524 489
5 35 339 357
5 36 243 994
5 37 806 61
5 38 522 751
5 39 95 935
5 40 492 961
5 41 347 825
5 42 269 625
5 43 206 850
5 44 982 89
5 45 134 597
5 46 66 890
5 47 777 114
5 48 175 630
5 49 388 656
6 7 626 382
6 8 212 592
6 9 834 315
6 10 760 655
6 11 619 213
6 12 836 334
6 13 418 225
6 14 801 153
6 15 592 151
6 16 595 251
6 17 356 66
6 18 36 948
6 19 299 635
6 20 7 898
6 21 658 941
6 22 91 196
6 23 221 747
6 24 602 754
6 25 507 603
6 26 719 101
6 27 352 833
6 28 632 291
6 29 930 337
6 30 730 25
6 31 904 123
6 32 851 587
6 33 595 937
6 34 742 779
6 35 193 323
6 36 690 37
6 37 930 112
6 38 42 345
6 39 272 223
6 40 649 57
6 41 323 895
6 42 504 796
6 43 553 195
6 44 366 176
6 45 919 562
6 46 916 673
6 47 63 418
6 48 834 99
6 49 645 624
7 8 805 194
7 9 169 896
7 10 321 374
7 11 638 483
7 12 996 50
7 13 524 930
7 14 504 5
7 15 612 425
7 16 700 162
7 17 979 29
7 18 685 896
7 19 807 329
7 20 793 42
7 21 804 652
7 22 455 528
7 23 380 719
7 24 115 874
7 25 908 151
7 26 131 683
7 27 83 300
7 28 253 855
7 29 960 571
7 30 919 692
7 31 392 908
7 32 179 727
7 33 152 434
7 34 3 999
7 35 635 401
7 36 162 916
7 37 445 767
7 38 97 979
7 39 280 594
7 40 270 656
7 41 526 417
7 42 823 292
7 43 12 879
7 44 373 857
7 45 947 8
7 46 403 723
7 47 635 350
7 48 797 942
7 49 693 446
8 9 812 180
8 10 684 648
8 11 98 92
8 12 299 131
8 13 357 663
8 14 53 726
8 15 678 147
8 16 239 861
8 17 820 93
8 18 484 293
8 19 530 433
8 20 530 468
8 21 493 543
8 22 953 255
8 23 298 819
8 24 279 331
8 25 399 667
8 26 307 461
8 27 879 519
8 28 296 826
8 29 581 518
8 30 158 919
8 31 552 121
8 32 288 309
8 33 677 793
8 34 202 541
8 35 659 692
8 36 281 584
8 37 928 75
8 38 660 100
8 39 357 199
8 40 243 489
8 41 912 632
8 42 828 422
8 43 888 356
8 44 276 208
8 45 109 505
8 46 232 993
8 47 280 630
8 48 363 73
8 49 531 989
9 10 544 441
9 11 440 684
9 12 968 34
9 13 565 595
9 14 159 416
9 15 155 805
9 16 705 322
9 17 718 147
9 18 871 926
9 19 406 965
9 20 147 326
9 21 576 684
9 22 42 873
9 23 339 197
9 24 994 882
9 25 329 996
9 26 117 567
9 27 6 976
9 28 642 476
9 29 815 540
9 30 522 748
9 31 567 774
9 32 368 703
9 33 954 78
9 34 928 137
9 35 654 42
9 36 585 597
9 37 562 288
9 38 98 658
9 39 242 815
9 40 784 129
9 41 705 371
9 42 384 937
9 43 244 995
9 44 320 355
9 45 695 499
9 46 6 933
9 47 30 962
9 48 166 796
9 49 154 986
10 11 585 485
10 12 78 909
10 13 382 270
10 14 892 375
10 15 521 772
10 16 778 505
10 17 775 122
10 18 12 947
10 19 575 338
10 20 340 82
10 21 424 978
10 22 577 138
10 23 321 875
10 24 50 989
10 25 743 63
10 26 427 263
10 27 647 60
10 28 223 915
10 29 616 306
10 30 423 524
10 31 620 632
10 32 824 611
10 33 201 304
10 34 292 797
10 35 59 762
10 36 190 177
10 37 712 339
10 38 149 737
10 39 471 843
10 40 709 251
10 41 765 290
10 42 233 763
10 43 792 164
10 44 802 511
10 45 123 653
10 46 169 862
10 47 368 283
10 48 359 821
10 49 256 488
11 12 748 85
11 13 862 454
11 14 977 185
11 15 315 722
11 16 776 146
11 17 528 831
11 18 791 862
11 19 375 653
11 20 53 642
11 21 924 145
11 22 519 746
11 23 385 409
11 24 787 690
11 25 455 169
11 26 612 73
11 27 416 745
11 28 829 345
11 29 12 995
11 30 470 553
11 31 206 751
11 32 118 682
11 33 255 614
11 34 421 804
11 35 341 798
11 36 245 982
11 37 799 34
11 38 236 630
11 39 429 727
11 40 594 622
11 41 754 330
11 42 692 182
11 43 296 546
11 44 399 404
11 45 329 878
11 46 251 524
11 47 143 670
11 48 685 616
11 49 139 663
12 13 232 878
12 14 602 555
12 15 375 741
12 16 843 293
12 17 87 931
12 18 396 632
12 19 577 198
12 20 423 938
12 21 572 153
12 22 722 487
12 23 738 148
12 24 148 858
12 25 740 223
12 26 23 508
12 27 564 795
12 28 441 628
12 29 16 377
12 30 67 986
12 31 510 722
12 32 507 509
12 33 123 229
12 34 601 590
12 35 311 614
12 36 967 75
12 37 222 736
12 38 985 55
12 39 794 117
12 40 778 162
12 41 344 674
12 42 660 233
12 43 774 102
12 44 513 651
12 45 284 848
12 46 561 29
12 47 484 260
12 48 248 774
12 49 413 448
13 14 742 660
13 15 676 41
13 16 554 323
13 17 932 280
13 18 856 410
13 19 877 331
13 20 400 747
13 21 942 268
13 22 186 407
13 23 975 75
13 24 124 361
13 25 756 243
13 26 643 498
13 27 321 666
13 28 521 849
13 29 286 531
13 30 511 638
13 31 272 783
13 32 28 117
13 33 335 331
13 34 478 345
13 35 196 862
13 36 87 573
13 37 639 136
13 38 865 503
13 39 183 663
13 40 605 819
13 41 785 295
13 42 636 485
13 43 822 651
13 44 941 90
13 45 950 348
13 46 684 156
13 47 341 854
13 48 942 272
13 49 230 998
14 15 915 50
14 16 362 659
14 17 904 104
14 18 346 808
14 19 616 380
14 20 3 607
14 21 902 532
14 22 818 328
14 23 579 989
14 24 305 653
14 25 733 349
14 26 311 859
14 27 109 546
14 28 633 16
14 29 630 839
14 30 605 522
14 31 250 605
14 32 669 584
14 33 544 611
14 34 350 148
14 35 405 494
14 36 612 397
14 37 640 414
14 38 980 340
14 39 517 499
14 40 331 766
14 41 172 507
14 42 133 979
14 43 673 774
14 44 81 645
14 45 535 316
14 46 226 574
14 47 170 593
14 48 132 827
14 49 477 670
15 16 739 450
15 17 60 506
15 18 599 415
15 19 932 7
15 20 490 414
15 21 180 924
15 22 138 176
15 23 800 159
15 24 830 146
15 25 17 690
15 26 155 993
15 27 134 840
15 28 858 133
15 29 928 283
15 30 971 20
15 31 305 751
15 32 460 328
15 33 562 714
15 34 949 210
15 35 684 388
15 36 252 836
15 37 702 343
15 38 517 232
15 39 428 156
15 40 80 713
15 41 129 778
15 42 704 640
15 43 131 727
15 44 30 911
15 45 303 801
15 46 910 9
15 47 94 538
15 48 716 401
15 49 973 811
16 17 734 296
16 18 94 900
16 19 750 735
16 20 29 933
16 21 985 40
16 22 459 279
16 23 987 373
16 24 473 312
16 25 156 572
16 26 13 810
16 27 217 866
16 28 78 505
16 29 17 962
16 30 134 702
16 31 976 176
16 32 229 173
16 33 397 760
16 34 161 535
16 35 926 381
16 36 566 286
16 37 724 424
16 38 890 51
16 39 448 361
16 40 526 603
16 41 864 215
16 42 873 898
16 43 867 300
16 44 754 84
16 45 664 406
16 46 7 545
16 47 646 314
16 48 191 383
16 49 820 434
17 18 863 605
17 19 7 984
17 20 269 519
17 21 554 230
17 22 796 799
17 23 621 440
17 24 740 897
17 25 296 763
17 26 3 994
17 27 120 270
17 28 639 69
17 29 789 116
17 30 955 733
17 31 35 832
17 32 659 838
17 33 907 618
17 34 113 867
17 35 4 987
17 36 26 704
17 37 213 873
17 38 69 298
17 39 17 843
17 40 232 944
17 41 944 14
17 42 223 353
17 43 760 939
17 44 808 70
17 45 889 70
17 46 681 670
17 47 863 655
17 48 921 222
17 49 363 633
18 19 160 945
18 20 256 792
18 21 232 132
18 22 720 276
18 23 574 316
18 24 411 76
18 25 847 5
18 26 557 70
18 27 730 354
18 28 682 534
18 29 169 784
18 30 428 125
18 31 173 399
18 32 372 622
18 33 998 120
18 34 565 276
18 35 734 818
18 36 495 397
18 37 633 512
18 38 750 805
18 39 93 461
18 40 172 844
18 41 867 174
18 42 381 811
18 43 149 399
18 44 351 510
18 45 649 706
18 46 205 810
18 47 403 431
18 48 879 406
18 49 768 61
19 20 590 810
19 21 148 960
19 22 619 579
19 23 177 226
19 24 866 657
19 25 62 776
19 26 182 678
19 27 856 287
19 28 673 726
19 29 923 396
19 30 498 461
19 31 50 998
19 32 369 580
19 33 818 340
19 34 17 869
19 35 582 711
19 36 501 731
19 37 546 46
19 38 180 703
19 39 196 279
19 40 123 170
19 41 791 227
19 42 346 698
19 43 45 664
19 44 348 800
19 45 972 68
19 46 930 160
19 47 140 989
19 48 373 230
19 49 329 200
20 21 653 769
20 22 93 976
20 23 982 5
20 24 544 211
20 25 733 606
20 26 550 708
20 27 207 849
20 28 107 621
20 29 225 690
20 30 146 557
20 31 129 884
20 32 892 208
20 33 931 46
20 34 59 957
20 35 898 313
20 36 873 262
20 37 40 216
20 38 178 675
20 39 148 180
20 40 598 927
20 41 512 477
20 42 764 12
20 43 640 837
20 44 909 481
20 45 821 169
20 46 395 363
20 47 948 310
20 48 354 301
20 49 87 412
21 22 553 352
21 23 608 458
21 24 811 608
21 25 440 303
21 26 33 869
21 27 399 382
21 28 751 17
21 29 890 3
21 30 588 754
21 31 283 625
21 32 805 541
21 33 17 865
21 34 501 115
21 35 401 706
21 36 93 660
21 37 279 447
21 38 492 69
21 39 756 257
21 40 388 602
21 41 354 600
21 42 347 329
21 43 791 686
21 44 9 880
21 45 676 647
21 46 375 458
21 47 533 407
21 48 246 426
21 49 459 970
22 23 405 928
22 24 251 434
22 25 129 470
22 26 486 500
22 27 20 818
22 28 957 12
22 29 515 471
22 30 488 255
22 31 533 215
22 32 808 36
22 33 686 851
22 34 654 418
22 35 550 171
22 36 273 508
22 37 267 624
22 38 508 566
22 39 54 901
22 40 790 360
22 41 501 634
22 42 824 396
22 43 645 381
22 44 903 80
22 45 755 493
22 46 154 907
22 47 376 188
22 48 901 358
22 49 112 924
23 24 750 765
23 25 37 955
23 26 650 774
23 27 14 806
23 28 960 150
23 29 921 443
23 30 678 874
23 31 919 490
23 32 462 389
23 33 964 286
23 34 290 613
23 35 996 147
23 36 301 222
23 37 24 795
23 38 316 416
23 39 596 481
23 40 618 63
23 41 328 543
23 42 136 624
23 43 879 198
23 44 639 366
23 45 918 695
23 46 196 424
23 47 395 883
23 48 142 405
23 49 394 577
24 25 540 417
24 26 851 75
24 27 842 45
24 28 703 527
24 29 134 583
24 30 528 198
24 31 472 872
24 32 66 480
24 33 117 800
24 34 247 457
24 35 705 161
24 36 204 588
24 37 87 944
24 38 314 394
24 39 152 693
24 40 297 456
24 41 320 321
24 42 477 707
24 43 122 962
24 44 485 315
24 45 427 559
24 46 474 800
24 47 701 425
24 48 195 767
24 49 134 634
25 26 852 460
25 27 51 930
25 28 181 683
25 29 798 630
25 30 222 756
25 31 258 238
25 32 351 753
25 33 827 127
25 34 980 580
25 35 174 872
25 36 555 557
25 37 350 620
25 38 645 574
25 39 155 252
25 40 190 880
25 41 53 580
25 42 750 855
25 43 666 539
25 44 719 693
25 45 439 526
25 46 452 940
25 47 926 266
25 48 973 266
25 49 769 35
26 27 310 680
26 28 506 818
26 29 592 120
26 30 110 997
26 31 197 558
26 32 918 19
26 33 898 285
26 34 787 549
26 35 516 189
26 36 361 597
26 37 420 858
26 38 881 17
26 39 917 175
26 40 896 133
26 41 642 25
26 42 159 879
26 43 625 816
26 44 784 726
26 45 868 11
26 46 785 1
26 47 361 422
26 48 37 344
26 49 964 5
27 28 497 68
27 29 390 547
27 30 402 420
27 31 869 49
27 32 396 740
27 33 150 197
27 34 860 104
27 35 832 173
27 36 566 521
27 37 18 723
27 38 810 898
27 39 392 164
27 40 689 925
27 41 824 125
27 42 330 232
27 43 232 941
27 44 229 644
27 45 652 866
27 46 100 683
27 47 168 856
27 48 386 931
27 49 659 436
28 29 46 756
28 30 350 882
28 31 897 726
28 32 259 162
28 33 439 437
28 34 183 894
28 35 627 353
28 36 96 694
28 37 337 771
28 38 1000 126
28 39 481 110
28 40 504 418
28 41 518 339
28 42 879 405
28 43 551 635
28 44 142 717
28 45 231 982
28 46 81 562
28 47 842 94
28 48 151 310
28 49 406 807
29 30 324 169
29 31 556 772
29 32 573 241
29 33 135 964
29 34 522 244
29 35 54 870
29 36 210 108
29 37 384 437
29 38 1000 201
29 39 347 750
29 40 459 774
29 41 893 110
29 42 549 855
29 43 360 74
29 44 589 714
29 45 262 902
29 46 500 775
29 47 44 583
29 48 358 612
29 49 76 749
30 31 941 18
30 32 341 692
30 33 860 98
30 34 555 688
30 35 254 752
30 36 557 539
30 37 848 200
30 38 585 105
30 39 780 44
30 40 342 738
30 41 124 339
30 42 930 260
30 43 366 302
30 44 852 276
30 45 106 693
30 46 815 301
30 47 983 233
30 48 724 489
30 49 140 522
31 32 345 245
31 33 324 474
31 34 559 516
31 35 75 661
31 36 115 308
31 37 359 915
31 38 434 942
31 39 593 424
31 40 351 182
31 41 280 208
31 42 305 285
31 43 799 21
31 44 612 523
31 45 925 261
31 46 602 786
31 47 856 323
31 48 947 303
31 49 41 989
32 33 495 531
32 34 123 926
32 35 335 528
32 36 199 522
32 37 743 438
32 38 691 692
32 39 350 924
32 40 932 74
32 41 877 1
32 42 842 433
32 43 736 53
32 44 38 988
32 45 737 268
32 46 488 534
32 47 662 361
32 48 602 367
32 49 588 383
33 34 514 221
33 35 689 404
33 36 329 739
33 37 440 839
33 38 74 561
33 39 601 617
33 40 942 151
33 41 716 256
33 42 247 831
33 43 219 577
33 44 416 493
33 45 639 802
33 46 190 380
33 47 821 284
33 48 960 83
33 49 416 962
34 35 253 843
34 36 850 608
34 37 562 443
34 38 252 790
34 39 800 33
34 40 467 915
34 41 370 371
34 42 459 399
34 43 956 161
34 44 842 179
34 45 238 944
34 46 755 687
34 47 762 201
34 48 162 987
34 49 964 480
35 36 758 350
35 37 710 150
35 38 216 669
35 39 828 360
35 40 813 7
35 41 270 285
35 42 879 414
35 43 346 521
35 44 826 403
35 45 137 716
35 46 617 502
35 47 893 795
35 48 437 78
35 49 446 350
36 37 534 830
36 38 52 921
36 39 842 367
36 40 429 138
36 41 776 671
36 42 756 31
36 43 950 368
36 44 980 79
36 45 7 818
36 46 33 751
36 47 969 821
36 48 942 508
36 49 830 650
37 38 76 982
37 39 552 312
37 40 203 842
37 41 761 167
37 42 970 85
37 43 481 446
37 44 457 874
37 45 447 359
37 46 326 855
37 47 559 39
37 48 204 939
37 49 820 269
38 39 106 447
38 40 416 267
38 41 771 25
38 42 338 724
38 43 114 882
38 44 106 197
38 45 470 959
38 46 832 552
38 47 478 517
38 48 775 445
38 49 486 377
39 40 770 255
39 41 640 251
39 42 799 238
39 43 527 478
39 44 819 186
39 45 969 153
39 46 299 767
39 47 71 946
39 48 283 51
39 49 678 34
40 41 147 998
40 42 285 955
40 43 381 994
40 44 401 419
40 45 589 704
40 46 138 44
40 47 448 801
40 48 834 251
40 49 292 908
41 42 165 869
41 43 420 696
41 44 97 892
41 45 578 196
41 46 814 675
41 47 695 76
41 48 902 510
41 49 884 677
42 43 988 6
42 44 997 48
42 45 266 483
42 46 330 324
42 47 975 191
42 48 111 122
42 49 917 23
43 44 951 206
43 45 320 861
43 46 317 902
43 47 192 554
43 48 328 856
43 49 878 134
44 45 619 328
44 46 264 983
44 47 838 316
44 48 429 559
44 49 792 361
45 46 761 165
45 47 929 611
45 48 178 235
45 49 439 866
46 47 487 792
46 48 930 2
46 49 656 602
47 48 915 318
47 49 388 442
48 49 905 30
0
3529
1174 39448
1180 38994
1185 38731
1190 38542
1191 38277
1200 38205
1201 37825
1207 37768
1212 37751
1216 37576
1217 37316
1227 37305
1228 37242
1232 37067
1237 37027
1240 36985
1244 36953
1247 36911
1252 36778
1255 36736
1259 36704
1262 36662
1270 36630
1273 36588
1275 36524
1277 36433
1282 36393
1285 36351
1289 36319
1292 36277
1295 36235
1297 36144
1300 36102
1304 36070
1307 36028
1315 35996
1318 35954
1320 35890
1323 35856
1325 35850
1326 35828
1327 35827
1328 35808
1330 35785
1331 35774
1334 35746
1335 35734
1337 35708
1338 35700
1340 35601
1343 35559
1346 35525
1349 35497
1350 35485
1353 35451
1356 35423
1361 35411
1362 35401
1364 35377
1365 35359
1366 35313
1369 35282
1371 35273
1372 35251
1373 35250
1374 35231
1376 35208
1377 35203
1378 35199
1379 35180
1380 35165
1381 35157
1383 35131
1384 35129
1386 35024
1389 34982
1392 34954
1393 34950
1395 34920
1396 34908
1399 34880
1402 34846
1407 34828
1408 34824
1410 34804
1411 34782
1413 34764
1414 34754
1415 34708
1417 34707
1418 34677
1420 34668
1422 34645
1423 34626
1425 34603
1426 34588
1429 34560
1430 34552
1432 34526
1433 34514
1435 34419
1438 34377
1442 34345
1445 34303
1450 34293
1452 34273
1453 34251
1456 34229
1457 34219
1459 34199
1460 34177
1462 34159
1465 34117
1466 34102
1469 34085
1472 34025
1475 33983
1479 33951
1482 33909
1486 33892
1490 33857
1492 33772
1495 33730
1499 33698
1502 33656
1507 33646
1508 33625
1510 33604
1513 33582
1514 33572
1517 33530
1519 33512
1522 33470
1523 33455
1526 33438
1529 33396
1530 33381
1533 33361
1535 33347
1536 33319
1538 33305
1540 33287
1542 33273
1543 33245
1545 33231
1548 33213
1550 33195
1551 33193
1552 33172
1554 33171
1555 33094
1558 33052
1561 33034
1562 33020
1565 32978
1568 32960
1573 32926
1576 32904
1577 32894
1579 32886
1580 32852
1582 32834
1585 32792
1586 32777
1588 32774
1589 32759
1592 32718
1593 32703
1595 32700
1596 32683
1599 32641
1603 32609
1606 32567
1611 32553
1613 32517
1614 32515
1616 32499
1617 32493
1618 32483
1620 32443
1621 32441
1623 32425
1627 32366
1632 32352
1634 32292
1639 32278
1642 32240
1645 32216
1649 32166
1652 32142
1657 32132
1658 32120
1660 32090
1662 32087
1663 32068
1664 32058
1665 32046
1667 32016
1672 31969
1673 31941
1679 31895
1680 31867
1687 31843
1688 31815
1691 31793
1694 31769
1695 31741
1700 31723
1703 31682
1705 31670
1706 31667
1708 31662
1710 31608
1714 31593
1718 31544
1721 31532
1722 31526
1723 31520
1725 31470
1728 31458
1729 31452
1732 31443
1733 31418
1736 31396
1738 31394
1739 31372
1740 31344
1743 31332
1744 31319
1746 31298
1748 31285
1749 31257
1751 31245
1753 31242
1755 31211
1756 31183
1760 31168
1763 31159
1764 31131
1766 31119
1767 31109
1770 31085
1771 31057
1774 31055
1775 31042
1779 31039
1781 30986
1782 30983
1784 30975
1785 30971
1786 30968
1788 30957
1789 30922
1791 30901
1794 30860
1796 30848
1798 30842
1799 30836
1800 30830
1801 30786
1805 30768
1809 30734
1811 30722
1812 30712
1814 30710
1815 30704
1816 30660
1820 30635
1824 30620
1826 30589
1827 30561
1831 30546
1834 30537
1835 30509
1838 30487
1840 30481
1841 30463
1842 30435
1845 30433
1846 30420
1850 30371
1853 30361
1854 30356
1855 30353
1857 30346
1858 30319
1860 30307
1861 30297
1862 30279
1865 30238
1869 30220
1872 30164
1876 30146
1880 30112
1883 30090
1885 30084
1887 30038
1891 30020
1895 30005
1898 29964
1900 29958
1902 29946
1904 29938
1906 29908
1907 29903
1909 29896
1910 29890
1911 29864
1913 29844
1914 29823
1918 29808
1921 29749
1925 29734
1929 29697
1932 29675
1934 29669
1936 29623
1940 29608
1945 29595
1947 29549
1949 29543
1951 29534
1953 29528
1955 29493
1956 29488
1958 29481
1959 29478
1960 29469
1962 29429
1963 29414
1968 29413
1969 29408
1970 29367
1971 29362
1973 29355
1974 29340
1976 29334
1978 29288
1983 29287
1984 29282
1985 29247
1989 29214
1991 29208
1996 29173
1997 29158
2000 29146
2002 29134
2004 29094
2008 29084
2010 29078
2012 29032
2015 29020
2017 29014
2019 28991
2020 28986
2023 28958
2025 28952
2027 28912
2032 28911
2033 28889
2036 28878
2038 28838
2040 28832
2044 28815
2046 28782
2049 28764
2051 28758
2055 28744
2057 28708
2059 28702
2061 28656
2067 28633
2070 28628
2072 28582
2074 28576
2078 28559
2080 28553
2084 28539
2085 28502
2089 28488
2091 28479
2097 28432
2102 28408
2105 28385
2110 28352
2112 28306
2118 28283
2124 28282
2125 28226
2131 28203
2137 28184
2139 28162
2141 28132
2147 28109
2150 28088
2152 28058
2154 28052
2156 28035
2160 28029
2161 28021
2162 28012
2163 28008
2165 27978
2169 27955
2172 27947
2174 27941
2175 27932
2177 27908
2182 27884
2183 27873
2185 27861
2188 27854
2189 27850
2190 27812
2192 27782
2198 27759
2203 27732
2205 27702
2211 27679
2216 27676
2218 27670
2219 27638
2221 27632
2223 27597
2228 27578
2229 27574
2230 27564
2232 27558
2234 27541
2236 27511
2241 27497
2242 27488
2243 27484
2246 27478
2247 27461
2249 27431
2252 27423
2254 27417
2255 27408
2257 27404
2258 27400
2260 27390
2263 27349
2265 27343
2267 27326
2270 27288
2276 27265
2280 27246
2283 27208
2289 27185
2293 27175
2296 27152
2298 27146
2301 27133
2302 27123
2303 27073
2308 27054
2309 27050
2314 27017
2316 26993
2322 26970
2327 26937
2333 26914
2337 26904
2339 26897
2342 26881
2345 26874
2346 26852
2347 26802
2352 26783
2353 26779
2358 26760
2360 26722
2366 26699
2372 26682
2376 26652
2382 26629
2383 26626
2386 26619
2388 26610
2389 26572
2393 26546
2399 26523
2405 26498
2407 26474
2409 26437
2414 26418
2415 26414
2416 26411
2420 26395
2422 26357
2428 26334
2436 26319
2438 26283
2443 26264
2444 26260
2449 26241
2451 26203
2455 26181
2457 26180
2460 26174
2461 26158
2466 26144
2467 26133
2472 26101
2474 26083
2478 26046
2484 26023
2490 26004
2492 25996
2496 25990
2497 25977
2498 25973
2499 25968
2500 25918
2505 25899
2506 25895
2507 25892
2511 25876
2513 25838
2519 25815
2522 25809
2523 25798
2528 25779
2529 25775
2530 25772
2534 25756
2536 25718
2542 25695
2546 25662
2551 25655
2552 25639
2557 25632
2559 25622
2561 25605
2563 25582
2569 25527
2575 25504
2583 25477
2586 25462
2588 25458
2589 25454
2590 25451
2592 25407
2596 25397
2598 25384
2602 25374
2605 25368
2609 25362
2610 25343
2613 25290
2619 25267
2625 25248
2629 25221
2634 25214
2635 25198
2636 25170
2642 25147
2646 25141
2648 25128
2652 25086
2658 25063
2663 25034
2669 25011
2676 24987
2677 24986
2678 24985
2682 24964
2683 24963
2684 24954
2686 24914
2692 24891
2696 24849
2702 24826
2708 24807
2716 24790
2717 24781
2722 24767
2723 24758
2726 24731
2727 24730
2728 24729
2732 24708
2733 24707
2734 24698
2736 24681
2737 24665
2742 24658
2743 24642
2744 24633
2746 24593
2752 24570
2759 24546
2761 24544
2765 24523
2767 24521
2772 24511
2773 24502
2777 24497
2778 24492
2780 24480
2783 24474
2785 24449
2787 24409
2793 24386
2794 24377
2800 24354
2806 24339
2809 24290
2811 24288
2815 24267
2817 24265
2822 24255
2823 24252
2825 24250
2830 24220
2832 24218
2835 24193
2841 24170
2846 24165
2849 24152
2850 24106
2856 24083
2861 24078
2863 24071
2864 24065
2865 24051
2871 24036
2877 24035
2878 24016
2880 23964
2882 23962
2887 23952
2888 23949
2890 23947
2893 23937
2895 23935
2897 23921
2902 23894
2905 23881
2906 23867
2912 23866
2913 23863
2914 23852
2917 23839
2921 23780
2927 23779
2928 23768
2929 23765
2932 23752
2934 23750
2939 23740
2940 23737
2942 23735
2943 23721
2949 23690
2950 23683
2952 23681
2956 23660
2958 23634
2960 23632
2965 23622
2966 23619
2968 23595
2973 23568
2979 23567
2980 23556
2981 23553
2983 23551
2984 23537
2987 23520
2989 23518
2991 23499
2993 23497
2995 23495
2997 23476
2999 23450
3005 23449
3006 23438
3007 23435
3010 23421
3012 23419
3017 23409
3018 23406
3019 23400
3020 23383
3021 23357
3023 23355
3028 23336
3034 23313
3039 23308
3041 23301
3042 23295
3043 23281
3046 23265
3047 23260
3051 23237
3057 23236
3058 23194
3060 23192
3062 23173
3068 23172
3069 23161
3070 23158
3073 23145
3075 23143
3080 23124
3083 23111
3084 23097
3088 23091
3090 23083
3092 23082
3094 23075
3095 23069
3098 23052
3099 23010
3106 22998
3107 22995
3109 22988
3110 22982
3112 22980
3114 22961
3120 22960
3121 22949
3122 22946
3124 22944
3125 22930
3127 22920
3128 22913
3129 22907
3134 22890
3136 22864
3138 22862
3140 22843
3146 22842
3147 22831
3148 22828
3151 22798
3158 22786
3159 22783
3161 22776
3162 22767
3168 22753
3169 22729
3175 22706
3177 22680
3184 22668
3185 22665
3187 22658
3188 22651
3190 22649
3192 22630
3198 22629
3199 22587
3201 22585
3206 22575
3207 22572
3209 22570
3212 22560
3214 22554
3219 22548
3220 22541
3221 22517
3224 22504
3225 22490
3229 22467
3236 22455
3237 22452
3239 22445
3240 22403
3247 22391
3248 22388
3251 22375
3253 22373
3258 22363
3259 22360
3261 22358
3262 22344
3266 22321
3268 22313
3270 22300
3276 22292
3277 22257
3279 22255
3284 22245
3285 22242
3287 22240
3291 22233
3292 22191
3299 22179
3300 22176
3302 22174
3303 22160
3307 22137
3314 22125
3315 22122
3317 22115
3318 22073
3325 22061
3326 22058
3329 22044
3331 22042
3336 22032
3337 22029
3339 22027
3342 22017
3344 22012
3346 21983
3351 21974
3353 21971
3354 21961
3355 21947
3359 21925
3366 21913
3367 21910
3369 21903
3370 21860
3377 21848
3378 21845
3381 21832
3383 21830
3388 21820
3389 21817
3391 21815
3392 21801
3398 21771
3405 21759
3406 21749
3407 21714
3409 21712
3414 21702
3415 21699
3417 21697
3422 21648
3429 21636
3430 21633
3432 21631
3433 21617
3440 21616
3441 21602
3444 21589
3448 21530
3455 21518
3456 21515
3459 21502
3461 21500
3466 21490
3467 21487
3469 21485
3474 21475
3476 21474
3478 21457
3484 21419
3485 21405
3492 21404
3493 21390
3500 21318
3507 21306
3508 21303
3515 21291
3525 21280
3530 21245
3537 21233
3538 21230
3545 21218
3547 21216
3554 21144
3556 21143
3561 21132
3562 21129
3564 21128
3569 21117
3571 21116
3579 21106
3581 21105
3584 21098
3585 21068
3592 21056
3593 21053
3595 21051
3596 21037
3599 21027
3602 21005
3609 20993
3610 20969
3611 20950
3618 20938
3619 20933
3622 20922
3624 20920
3627 20918
3628 20917
3629 20910
3630 20907
3632 20905
3636 20902
3637 20895
3638 20880
3641 20877
3645 20868
3646 20865
3647 20839
3648 20825
3655 20824
3656 20810
3663 20738
3670 20726
3671 20723
3678 20711
3686 20708
3690 20701
3693 20665
3700 20653
3701 20650
3708 20638
3710 20636
3716 20635
3717 20564
3719 20563
3724 20552
3725 20549
3727 20548
3732 20537
3734 20536
3740 20534
3742 20533
3743 20531
3744 20527
3746 20526
3747 20518
3749 20490
3756 20478
3757 20475
3762 20447
3765 20425
3772 20413
3773 20389
3780 20377
3781 20374
3782 20353
3789 20341
3790 20338
3795 20337
3797 20326
3801 20300
3808 20288
3809 20285
3810 20279
3815 20269
3818 20256
3819 20242
3826 20239
3827 20227
3833 20206
3834 20155
3841 20143
3842 20140
3849 20128
3855 20126
3857 20125
3861 20118
3862 20114
3863 20111
3864 20082
3871 20070
3872 20067
3879 20055
3881 20053
3884 20040
3886 19990
3887 19983
3888 19981
3890 19980
3893 19978
3894 19971
3895 19968
3896 19966
3898 19965
3902 19956
3903 19954
3905 19953
3911 19951
3914 19946
3915 19944
3916 19917
3917 19910
3920 19907
3923 19905
3924 19898
3925 19895
3928 19892
3932 19883
3933 19864
3938 19857
3940 19816
3941 19809
3943 19808
3944 19806
3947 19804
3948 19797
3949 19794
3951 19793
3952 19791
3953 19770
3960 19758
3961 19755
3968 19743
3972 19717
3979 19705
3980 19702
3981 19696
3986 19692
3987 19690
3988 19677
3989 19670
3995 19665
3996 19641
3997 19634
4003 19629
4004 19622
4005 19605
4006 19598
4009 19595
4012 19593
4013 19586
4014 19583
4017 19580
4018 19559
4024 19552
4025 19545
4026 19543
4028 19542
4031 19540
4032 19533
4033 19530
4034 19524
4035 19522
4037 19521
4039 19514
4040 19513
4041 19508
4042 19494
4043 19487
4048 19486
4050 19484
4051 19472
4056 19458
4057 19407
4058 19400
4064 19395
4065 19388
4066 19385
4073 19373
4079 19371
4080 19370
4082 19368
4085 19363
4086 19359
4087 19334
4088 19327
4094 19322
4095 19315
4096 19312
4100 19311
4103 19300
4105 19298
4107 19292
4108 19285
4110 19235
4111 19233
4112 19226
4114 19225
4117 19223
4118 19221
4119 19214
4120 19211
4122 19210
4127 19199
4129 19198
4135 19196
4136 19195
4137 19174
4140 19162
4143 19159
4144 19152
4147 19150
4149 19148
4150 19147
4151 19140
4152 19137
4156 19116
4157 19109
4162 19102
4164 19061
4166 19060
4167 19058
4168 19051
4171 19049
4173 19048
4174 19046
4175 19039
4176 19022
4177 19015
4183 19010
4184 19003
4185 19000
4192 18988
4195 18969
4196 18962
4202 18957
4203 18950
4204 18947
4205 18941
4211 18935
4212 18922
4219 18910
4220 18886
4227 18874
4228 18868
4229 18850
4232 18847
4233 18840
4236 18838
4239 18835
4240 18828
4241 18811
4242 18804
4248 18797
4249 18792
4250 18788
4252 18787
4255 18785
4256 18783
4257 18776
4258 18773
4259 18767
4261 18766
4263 18765
4264 18758
4265 18753
4266 18739
4271 18738
4272 18731
4276 18724
4279 18719
4280 18703
4281 18652
4288 18640
4294 18639
4295 18637
4296 18630
4298 18629
4301 18627
4302 18623
4303 18618
4304 18615
4306 18613
4309 18611
4311 18579
4315 18577
4318 18567
4320 18565
4323 18562
4324 18556
4330 18550
4331 18537
4334 18529
4335 18478
4337 18477
4342 18466
4344 18465
4350 18464
4351 18462
4352 18455
4355 18453
4357 18452
4358 18448
4359 18443
4360 18426
4361 18419
4367 18404
4371 18402
4374 18392
4376 18391
4378 18390
4379 18373
4380 18361
4385 18354
4387 18349
4389 18345
4391 18303
4398 18291
4400 18267
4407 18255
4413 18254
4416 18251
4417 18244
4419 18214
4426 18202
4428 18193
4434 18187
4436 18186
4441 18175
4443 18171
4445 18170
4447 18166
4448 18162
4449 18141
4451 18120
4456 18092
4463 18080
4465 18056
4472 18044
4473 18040
4475 18039
4480 18028
4482 18019
4484 18018
4487 18010
4494 17998
4495 17983
4499 17976
4502 17971
4504 17969
4505 17946
4507 17945
4512 17934
4514 17933
4518 17923
4519 17882
4521 17881
4526 17870
4528 17869
4529 17865
4536 17853
4538 17829
4545 17817
4547 17808
4555 17801
4558 17796
4560 17795
4561 17771
4564 17765
4566 17755
4570 17735
4575 17707
4582 17695
4584 17671
4591 17659
4594 17654
4601 17642
4603 17618
4610 17606
4612 17597
4618 17591
4620 17581
4622 17580
4625 17579
4626 17560
4633 17545
4635 17524
4640 17496
4647 17484
4657 17444
4659 17443
4664 17432
4666 17423
4668 17422
4671 17414
4676 17406
4678 17402
4683 17380
4685 17370
4689 17350
4691 17349
4696 17338
4698 17337
4699 17333
4702 17327
4706 17321
4707 17320
4708 17297
4713 17269
4720 17257
4722 17233
4729 17221
4731 17212
4739 17205
4741 17195
4745 17175
4750 17159
4754 17139
4761 17127
4764 17122
4771 17110
4773 17086
4778 17058
4785 17046
4787 17037
4790 17029
4797 17017
4803 17013
4804 16985
4806 16984
4810 16964
4817 16952
4821 16942
4827 16912
4829 16911
4834 16900
4836 16899
4840 16895
4846 16854
4853 16842
4859 16838
4860 16810
4869 16774
4877 16767
4883 16737
4890 16725
4892 16701
4899 16689
4915 16679
4916 16673
4919 16659
4920 16658
4921 16657
4922 16647
4924 16646
4925 16599
4942 16579
4945 16574
4947 16573
4948 16526
4955 16514
4965 16506
4967 16504
4972 16494
4975 16489
4978 16472
4981 16462
4987 16436
4995 16429
4998 16404
5001 16399
5004 16389
5008 16387
5010 16363
5017 16351
5021 16331
5023 16329
5028 16319
5034 16301
5041 16289
5043 16261
5059 16249
5060 16241
5066 16188
5073 16176
5083 16168
5085 16166
5090 16126
5097 16114
5107 16106
5109 16104
5114 16094
5116 16066
5122 16051
5129 16036
5137 16029
5139 15993
5141 15991
5146 15981
5152 15963
5159 15951
5163 15931
5165 15929
5170 15919
5177 15911
5185 15861
5195 15856
5197 15854
5201 15849
5202 15841
5208 15788
5215 15776
5225 15768
5227 15766
5232 15756
5235 15751
5241 15724
5250 15716
5256 15698
5258 15666
5264 15651
5271 15639
5281 15593
5283 15591
5288 15581
5306 15576
5308 15556
5312 15523
5319 15511
5329 15503
5331 15501
5336 15491
5337 15456
5339 15454
5344 15444
5362 15401
5368 15386
5375 15374
5385 15328
5387 15326
5392 15316
5412 15291
5418 15264
5433 15255
5441 15191
5443 15189
5448 15179
5468 15154
5476 15145
5494 15136
5499 15072
5501 15070
5506 15060
5526 15035
5535 15020
5542 15008
5552 15000
5554 14998
5559 14988
5560 14953
5562 14951
5567 14941
5581 14940
5585 14898
5591 14883
5598 14871
5608 14825
5610 14823
5615 14813
5635 14788
5641 14761
5656 14752
5664 14688
5666 14686
5671 14676
5691 14651
5699 14642
5719 14634
5722 14569
5724 14567
5729 14557
5749 14532
5777 14515
5781 14509
5784 14460
5810 14458
5812 14443
5818 14434
5821 14433
5826 14423
5830 14421
5831 14387
5838 14379
5841 14361
5842 14341
5854 14314
5856 14312
5861 14302
5881 14277
5889 14268
5894 14265
5896 14260
5899 14242
5901 14240
5905 14224
5912 14195
5914 14193
5917 14192
5919 14183
5924 14180
5939 14158
5944 14155
5952 14146
5961 14133
5965 14110
5967 14108
5972 14098
5974 14086
5975 14073
5977 14071
5982 14061
6002 14036
6019 14014
6027 14001
6031 13987
6032 13967
6037 13964
6051 13957
6053 13955
6058 13945
6066 13941
6069 13940
6072 13927
6078 13920
6082 13897
6084 13891
6085 13882
6089 13868
6091 13866
6095 13845
6104 13843
6107 13818
6109 13816
6114 13806
6134 13781
6142 13772
6148 13765
6149 13764
6151 13759
6155 13736
6157 13734
6158 13728
6162 13724
6165 13699
6167 13697
6172 13687
6192 13662
6209 13640
6217 13627
6227 13590
6252 13585
6255 13573
6262 13548
6272 13523
6275 13508
6285 13471
6313 13454
6320 13446
6322 13444
6325 13431
6332 13409
6334 13407
6338 13391
6348 13354
6374 13349
6376 13337
6390 13334
6393 13309
6394 13300
6400 13297
6412 13296
6417 13295
6418 13271
6425 13242
6427 13240
6432 13230
6440 13218
6452 13181
6480 13164
6487 13133
6503 13101
6513 13081
6515 13064
6543 13047
6545 13014
6566 13001
6573 12997
6576 12964
6604 12947
6607 12928
6608 12897
6628 12885
6636 12880
6653 12866
6663 12856
6668 12845
6670 12811
6680 12791
6691 12768
6700 12761
6719 12751
6726 12739
6736 12723
6737 12714
6743 12674
6763 12644
6783 12632
6791 12627
6795 12595
6819 12572
6830 12547
6846 12515
6856 12495
6858 12478
6886 12461
6888 12428
6909 12415
6916 12411
6919 12378
6947 12361
6950 12342
6951 12311
6979 12294
6996 12280
7006 12270
7013 12225
7023 12205
7043 12175
7063 12165
7069 12153
7083 12135
7086 12088
7106 12058
7130 12053
7134 12041
7150 12030
7151 12027
7161 12017
7162 11986
7190 11969
7202 11959
7207 11955
7217 11941
7218 11924
7224 11900
7234 11880
7254 11850
7274 11840
7275 11822
7290 11818
7294 11810
7295 11792
7297 11763
7317 11733
7342 11732
7345 11716
7353 11701
7373 11671
7398 11670
7401 11654
7413 11634
7428 11616
7437 11613
7448 11586
7453 11572
7473 11542
7486 11497
7506 11467
7534 11450
7542 11435
7562 11405
7590 11388
7606 11377
7622 11363
7626 11347
7642 11306
7644 11304
7662 11276
7664 11274
7689 11273
7690 11259
7692 11257
7698 11244
7700 11242
7718 11214
7720 11212
7730 11208
7746 11197
7748 11195
7758 11191
7760 11175
7775 11157
7782 11156
7784 11154
7786 11146
7795 11127
7804 11112
7823 11110
7824 11082
7833 11038
7853 11008
7881 10991
7889 10976
7909 10946
7937 10929
7953 10918
7958 10913
7973 10888
7978 10883
8001 10871
8007 10865
8014 10851
8034 10821
8063 10803
8066 10781
8077 10749
8100 10740
8105 10732
8114 10722
8116 10720
8122 10719
8133 10687
8151 10653
8171 10623
8199 10606
8215 10595
8232 10591
8235 10565
8258 10562
8263 10548
8267 10543
8276 10528
8296 10498
8305 10454
8325 10424
8361 10392
8381 10362
8418 10355
8423 10347
8425 10334
8445 10304
8479 10281
8496 10279
8498 10270
8510 10260
8515 10249
8518 10240
8520 10239
8535 10219
8549 10165
8572 10156
8600 10146
8605 10103
8623 10069
8643 10039
8687 10011
8707 9981
8752 9967
8759 9960
8772 9937
8777 9926
8793 9920
8797 9896
8816 9885
8836 9855
8861 9838
8867 9780
8890 9771
8931 9722
8990 9712
8996 9678
9019 9669
9021 9637
9044 9628
9060 9596
9083 9587
9085 9579
9109 9568
9111 9535
9134 9526
9173 9510
9175 9477
9214 9453
9237 9444
9240 9433
9263 9424
9265 9392
9288 9383
9304 9351
9327 9342
9329 9334
9353 9323
9368 9293
9394 9290
9417 9265
9421 9261
9425 9256
9433 9249
9448 9247
9456 9240
9458 9208
9481 9199
9489 9198
9497 9191
9507 9180
9522 9150
9546 9139
9569 9130
9571 9122
9579 9113
9587 9106
9602 9104
9610 9081
9614 9077
9618 9072
9631 9067
9641 9063
9643 9055
9651 9047
9657 9046
9667 9044
9675 9037
9678 9019
9682 9014
9695 9009
9700 8996
9721 8988
9723 8987
9731 8986
9735 8982
9739 8979
9745 8976
9747 8970
9764 8938
9772 8929
9795 8920
9805 8904
9821 8901
9829 8894
9836 8871
9856 8865
9860 8860
9873 8855
9883 8851
9885 8843
9893 8835
9899 8834
9901 8827
9920 8807
9924 8802
9928 8798
9937 8797
9945 8788
9961 8773
9965 8768
9971 8767
9978 8763
9989 8758
9992 8740
10009 8730
10014 8717
10035 8709
10037 8708
10047 8692
10078 8659
10101 8657
10117 8655
10119 8625
10143 8615
10160 8611
10165 8599
10168 8597
10170 8586
10187 8576
10203 8561
10207 8556
10213 8555
10220 8551
10234 8528
10248 8523
10251 8518
10275 8494
10292 8484
10318 8463
10334 8460
10336 8454
10343 8445
10361 8413
10402 8399
10407 8387
10431 8376
10433 8366
10448 8353
10474 8332
10490 8311
10517 8282
10534 8272
10560 8251
10587 8245
10602 8236
10613 8224
10639 8215
10643 8202
10660 8192
10663 8188
10665 8177
10686 8171
10689 8167
10690 8141
10716 8120
10752 8117
10770 8107
10775 8095
10794 8075
10801 8074
10816 8061
10821 8046
10838 8036
10857 8034
10858 8019
10864 8015
10882 8012
10885 7990
10902 7980
10928 7959
10955 7953
10967 7952
10976 7949
10978 7947
10981 7932
10993 7931
10994 7905
11013 7903
11020 7884
11056 7872
11058 7849
11084 7828
11125 7827
11134 7816
11149 7808
11151 7806
11161 7798
11163 7792
11171 7789
11175 7787
11177 7785
11186 7762
11198 7760
11212 7741
11239 7731
11241 7729
11250 7720
11271 7716
11276 7699
11290 7696
11297 7695
11307 7675
11317 7667
11333 7654
11354 7640
11360 7636
11371 7619
11381 7611
11397 7598
11424 7580
11449 7578
11451 7574
11463 7573
11472 7570
11476 7562
11477 7553
11489 7552
11490 7526
11516 7505
11552 7501
11553 7496
11554 7470
11580 7449
11621 7448
11633 7444
11645 7429
11658 7426
11659 7413
11671 7408
11682 7397
11685 7392
11697 7388
11708 7376
11709 7373
11723 7367
11735 7352
11746 7341
11772 7320
11813 7308
11837 7300
11840 7293
11851 7284
11855 7276
11866 7272
11877 7263
11881 7255
11901 7244
11904 7237
11919 7220
11930 7216
11945 7199
12005 7179
12023 7176
12028 7175
12032 7164
12047 7147
12058 7143
12073 7126
12092 7119
12096 7108
12111 7091
12122 7087
12137 7070
12186 7068
12188 7061
12215 7047
12220 7046
12239 7038
12254 7021
12265 7017
12269 7007
12280 7000
12284 6990
12316 6988
12332 6982
12339 6970
12347 6965
12354 6953
12365 6949
12373 6944
12378 6939
12380 6932
12420 6930
12427 6920
12443 6912
12458 6895
12469 6891
12484 6874
12520 6864
12523 6862
12536 6855
12551 6838
12590 6827
12601 6823
12606 6818
12614 6813
12616 6806
12621 6801
12640 6797
12655 6780
12694 6768
12705 6765
12710 6760
12720 6748
12725 6743
12761 6740
12764 6731
12765 6730
12772 6729
12783 6727
12787 6712
12798 6710
12811 6707
12828 6705
12829 6699
12835 6693
12842 6692
12846 6689
12854 6684
12857 6675
12861 6672
12876 6671
12881 6670
12891 6654
12907 6649
12930 6648
12936 6646
12946 6634
12961 6617
12985 6612
12996 6608
13001 6604
13004 6600
13011 6591
13032 6578
13063 6572
13071 6564
13078 6555
13095 6553
13097 6546
13102 6541
13133 6535
13136 6532
13141 6527
13148 6518
13167 6514
13175 6506
13182 6497
13214 6494
13219 6492
13221 6487
13226 6482
13237 6477
13240 6474
13245 6469
13252 6460
13268 6452
13292 6447
13307 6438
13318 6436
13323 6432
13325 6429
13330 6424
13338 6415
13362 6410
13373 6406
13377 6401
13381 6398
13386 6396
13388 6389
13411 6380
13427 6375
13440 6374
13442 6371
13451 6370
13457 6365
13459 6363
13462 6356
13466 6353
13481 6343
13496 6335
13516 6334
13521 6330
13524 6328
13531 6317
13544 6312
13552 6304
13559 6295
13591 6293
13598 6281
13614 6275
13617 6272
13622 6267
13629 6258
13665 6253
13668 6244
13687 6240
13692 6239
13695 6234
13700 6232
13702 6223
13707 6222
13733 6214
13757 6203
13765 6197
13772 6186
13788 6178
13812 6173
13835 6169
13836 6168
13842 6163
13843 6158
13850 6152
13858 6141
13873 6133
13893 6132
13906 6122
13908 6115
13928 6113
13937 6112
13938 6105
13943 6096
13977 6091
13979 6089
13984 6084
14009 6079
14015 6077
14016 6069
14017 6068
14022 6067
14044 6063
14047 6052
14057 6051
14061 6050
14064 6038
14079 6021
14121 6020
14127 6014
14131 6013
14134 6001
14149 5984
14188 5978
14205 5975
14217 5968
14220 5958
14238 5957
14252 5943
14253 5940
14285 5932
14286 5931
14292 5930
14299 5929
14302 5923
14324 5914
14341 5911
14347 5906
14356 5894
14362 5889
14379 5883
14394 5866
14423 5865
14428 5855
14432 5852
14438 5848
14449 5846
14458 5831
14464 5829
14493 5828
14498 5818
14508 5811
14529 5805
14535 5803
14553 5802
14567 5788
14568 5785
14600 5777
14601 5776
14602 5774
14611 5770
14617 5768
14634 5766
14635 5765
14639 5759
14650 5758
14651 5757
14656 5756
14662 5751
14665 5741
14671 5739
14677 5734
14705 5728
14711 5723
14721 5716
14732 5714
14738 5710
14743 5700
14747 5697
14753 5693
14773 5676
14802 5675
14807 5665
14813 5663
14817 5658
14823 5656
14844 5650
14857 5645
14878 5639
14884 5637
14888 5632
14894 5630
14916 5622
14917 5619
14926 5615
14949 5611
14950 5610
14954 5607
14959 5604
14965 5603
14966 5602
14980 5586
15011 5585
15014 5575
15020 5573
15026 5568
15036 5561
15051 5560
15070 5550
15081 5548
15087 5544
15091 5541
15096 5531
15102 5527
15106 5524
15117 5520
15122 5510
15132 5503
15166 5492
15172 5490
15193 5484
15203 5477
15237 5466
15243 5464
15271 5461
15275 5449
15303 5441
15308 5438
15314 5437
15329 5420
15370 5412
15385 5395
15400 5394
15419 5388
15440 5375
15455 5358
15466 5354
15481 5337
15526 5332
15537 5328
15549 5327
15552 5311
15610 5308
15620 5301
15654 5290
15660 5288
15665 5285
15682 5277
15692 5273
15709 5268
15720 5265
15725 5262
15728 5252
15746 5244
15780 5242
15787 5236
15799 5226
15802 5219
15817 5218
15836 5212
15857 5199
15872 5182
15883 5178
15898 5161
15943 5156
15954 5152
15969 5135
16042 5125
16072 5121
16082 5109
16099 5101
16119 5097
16126 5092
16145 5076
16170 5074
16190 5071
16197 5066
16216 5050
16255 5037
16292 5027
16313 5019
16324 5015
16326 5011
16339 4998
16384 4993
16395 4989
16404 4988
16410 4972
16465 4969
16468 4968
16475 4965
16483 4962
16497 4961
16502 4952
16512 4944
16536 4943
16539 4942
16540 4938
16556 4936
16560 4933
16567 4929
16573 4926
16583 4918
16586 4913
16611 4911
16627 4910
16631 4907
16638 4903
16657 4887
16696 4874
16733 4864
16759 4859
16767 4848
16808 4838
16830 4833
16832 4832
16837 4829
16843 4828
16845 4825
16858 4811
16906 4806
16908 4803
16916 4802
16931 4801
16936 4800
16938 4798
16940 4794
16943 4789
16953 4781
16977 4780
16980 4779
16997 4773
17001 4770
17014 4763
17024 4755
17031 4751
17068 4747
17072 4744
17086 4742
17092 4740
17102 4725
17153 4721
17165 4714
17181 4703
17200 4696
17215 4687
17248 4685
17256 4677
17271 4670
17278 4666
17293 4664
17310 4657
17330 4656
17347 4647
17349 4640
17381 4631
17388 4627
17422 4621
17425 4617
17446 4615
17457 4611
17459 4601
17472 4594
17500 4591
17516 4586
17520 4583
17535 4581
17537 4578
17550 4564
17591 4563
17594 4562
17598 4559
17601 4558
17608 4555
17613 4553
17628 4546
17635 4542
17660 4540
17668 4538
17669 4533
17672 4532
17682 4530
17686 4527
17689 4526
17693 4523
17706 4516
17719 4509
17746 4508
17751 4504
17760 4500
17764 4497
17778 4495
17784 4493
17795 4486
17797 4479
17829 4470
17857 4467
17870 4460
17873 4456
17907 4440
17940 4438
17948 4430
17978 4424
17985 4417
18007 4415
18011 4412
18025 4410
18026 4409
18039 4402
18042 4401
18056 4394
18076 4385
18108 4380
18117 4372
18120 4371
18130 4369
18134 4366
18154 4355
18186 4353
18187 4351
18198 4348
18208 4339
18212 4336
18232 4332
18263 4330
18265 4321
18286 4317
18301 4316
18305 4306
18334 4304
18335 4300
18343 4298
18355 4295
18362 4294
18364 4287
18377 4284
18381 4281
18396 4278
18413 4270
18433 4268
18434 4266
18440 4264
18453 4261
18455 4254
18459 4251
18474 4248
18487 4245
18512 4236
18528 4235
18531 4231
18535 4228
18552 4225
18565 4215
18590 4213
18606 4205
18610 4202
18636 4199
18640 4196
18643 4192
18663 4187
18678 4186
18680 4183
18687 4179
18700 4176
18704 4173
18714 4169
18718 4166
18721 4163
18734 4160
18761 4158
18765 4156
18771 4151
18778 4146
18782 4143
18799 4140
18812 4130
18839 4128
18851 4127
18854 4125
18855 4124
18856 4123
18860 4120
18872 4114
18885 4111
18890 4107
18915 4105
18929 4097
18933 4094
18945 4092
18950 4091
18963 4081
18980 4078
18993 4075
19007 4074
19011 4071
19023 4070
19037 4061
19041 4058
19058 4055
19071 4045
19098 4043
19101 4040
19114 4037
19119 4035
19149 4022
19162 4020
19192 4007
19231 4004
19235 4001
19252 3991
19265 3988
19282 3985
19308 3984
19309 3974
19313 3971
19339 3968
19343 3958
19360 3955
19373 3952
19417 3938
19421 3935
19451 3922
19512 3921
19515 3919
19533 3913
19537 3905
19554 3902
19563 3900
19567 3899
19590 3898
19593 3895
19606 3892
19623 3883
19641 3877
19645 3869
19684 3862
19731 3856
19736 3855
19744 3846
19757 3843
19774 3840
19805 3836
19809 3830
19826 3827
19835 3813
19852 3810
19865 3807
19917 3794
19943 3777
20017 3776
20033 3767
20037 3761
20054 3758
20067 3754
20098 3750
20111 3743
20141 3737
20145 3725
20184 3722
20231 3716
20236 3715
20256 3713
20257 3703
20261 3701
20292 3697
20300 3694
20309 3690
20331 3689
20334 3683
20335 3673
20365 3667
20407 3664
20417 3654
20443 3637
20485 3634
20509 3631
20533 3626
20537 3621
20559 3609
20590 3605
20611 3603
20641 3602
20645 3585
20687 3582
20711 3579
20727 3575
20741 3573
20757 3569
20761 3557
20792 3553
20813 3551
20845 3549
20849 3537
20888 3534
20913 3531
20921 3528
20927 3522
20939 3514
20955 3512
20981 3499
21012 3495
21033 3486
21039 3485
21059 3469
21090 3465
21125 3463
21141 3462
21147 3449
21183 3447
21189 3446
21213 3443
21216 3441
21227 3435
21241 3433
21258 3431
21261 3417
21292 3413
21327 3411
21349 3397
21391 3394
21415 3391
21418 3389
21429 3383
21460 3379
21465 3369
21504 3366
21529 3363
21547 3362
21553 3361
21555 3346
21573 3345
21604 3341
21621 3340
21631 3334
21638 3331
21646 3329
21654 3327
21659 3324
21661 3321
21685 3311
21716 3301
21737 3298
21757 3294
21763 3281
21829 3275
21845 3274
21853 3271
21863 3269
21887 3259
21918 3249
21963 3247
21965 3229
22031 3223
22047 3222
22078 3218
22096 3214
22111 3210
22147 3208
22152 3207
22160 3205
22165 3195
22191 3194
22199 3187
22220 3181
22230 3177
22251 3174
22277 3157
22318 3153
22341 3151
22352 3149
22367 3147
22377 3145
22396 3142
22399 3129
22432 3125
22465 3123
22479 3105
22520 3101
22543 3099
22561 3098
22586 3095
22592 3094
22598 3090
22613 3084
22650 3080
22679 3071
22710 3070
22720 3067
22743 3065
22747 3058
22752 3057
22775 3053
22803 3044
22804 3043
22832 3029
22866 3025
22896 3023
22910 3018
22913 3005
22954 3001
22977 2999
22995 2998
23003 2995
23005 2992
23034 2977
23098 2971
23112 2966
23127 2960
23164 2956
23191 2954
23205 2952
23224 2946
23234 2943
23265 2942
23288 2940
23298 2937
23302 2930
23307 2929
23327 2926
23351 2925
23358 2916
23359 2915
23390 2907
23411 2901
23452 2898
23465 2890
23468 2877
23532 2871
23550 2870
23558 2867
23560 2864
23599 2862
23622 2861
23624 2858
23625 2856
23662 2852
23667 2838
23682 2832
23719 2828
23746 2826
23764 2825
23779 2818
23813 2817
23833 2816
23837 2814
23843 2812
23861 2811
23867 2804
23882 2798
23919 2794
23940 2790
23955 2784
23992 2776
24007 2770
24044 2766
24071 2764
24089 2763
24104 2756
24122 2755
24155 2750
24186 2749
24187 2745
24192 2742
24204 2741
24207 2736
24219 2735
24244 2732
24249 2726
24280 2722
24313 2720
24317 2718
24321 2717
24328 2716
24341 2713
24343 2710
24380 2706
24384 2705
24405 2704
24418 2703
24419 2701
24432 2699
24440 2696
24447 2693
24448 2687
24463 2681
24500 2677
24527 2675
24545 2674
24560 2667
24594 2666
24614 2665
24616 2662
24624 2661
24642 2660
24646 2655
24648 2653
24663 2647
24700 2643
24721 2639
24736 2633
24773 2625
24788 2619
24825 2615
24852 2613
24870 2612
24885 2605
24903 2604
24936 2599
24967 2598
24968 2594
24973 2591
24985 2590
24988 2585
25000 2584
25025 2581
25037 2580
25046 2577
25061 2571
25097 2570
25098 2567
25102 2566
25109 2565
25124 2559
25161 2555
25165 2554
25186 2553
25199 2552
25200 2550
25213 2548
25221 2545
25228 2542
25261 2537
25273 2536
25293 2532
25309 2531
25313 2530
25324 2525
25360 2524
25361 2521
25365 2520
25375 2518
25382 2517
25397 2511
25412 2510
25427 2504
25434 2503
25449 2497
25486 2493
25490 2492
25513 2491
25524 2490
25527 2488
25544 2486
25546 2483
25564 2482
25587 2478
25597 2477
25624 2475
25629 2472
25634 2469
25646 2468
25649 2463
25661 2462
25686 2459
25690 2458
25700 2456
25707 2455
25722 2449
25758 2448
25759 2445
25763 2444
25786 2443
25800 2440
25804 2439
25811 2438
25826 2432
25847 2431
25860 2430
25861 2428
25867 2427
25874 2426
25889 2420
25922 2415
25934 2414
25954 2410
25975 2409
25986 2406
25995 2405
26011 2404
26015 2403
26021 2402
26026 2398
26036 2396
26063 2394
26073 2388
26088 2382
26125 2378
26129 2377
26136 2376
26151 2370
26185 2368
26188 2366
26215 2364
26226 2363
26227 2362
26246 2359
26248 2356
26266 2355
26285 2353
26297 2350
26300 2347
26331 2345
26336 2342
26346 2340
26351 2336
26361 2334
26388 2332
26398 2330
26402 2329
26409 2328
26424 2322
26460 2321
26461 2318
26465 2317
26488 2316
26502 2313
26513 2311
26528 2305
26549 2304
26562 2303
26563 2301
26569 2300
26573 2299
26591 2293
26624 2288
26636 2287
26656 2283
26686 2282
26688 2279
26715 2278
26719 2277
26721 2275
26736 2269
26771 2268
26773 2265
26775 2261
26790 2255
26827 2251
26854 2249
26864 2245
26885 2244
26887 2241
26905 2240
26929 2235
26948 2234
26966 2231
26982 2230
26987 2226
27002 2220
27039 2216
27048 2213
27063 2207
27096 2206
27100 2203
27127 2201
27141 2200
27154 2197
27158 2196
27176 2192
27213 2188
27215 2184
27230 2178
27267 2174
27275 2172
27308 2171
27312 2168
27325 2167
27327 2164
27362 2163
27366 2162
27369 2158
27388 2157
27406 2154
27422 2153
27427 2149
27442 2143
27479 2139
27488 2136
27503 2130
27539 2129
27540 2126
27581 2123
27594 2120
27598 2119
27618 2118
27631 2116
27635 2115
27639 2114
27658 2112
27661 2109
27691 2106
27698 2105
27700 2101
27715 2095
27752 2091
27795 2090
27804 2088
27806 2085
27810 2084
27830 2083
27843 2081
27847 2080
27852 2078
27867 2072
27903 2071
27904 2068
27945 2065
27962 2061
27979 2057
28016 2053
28025 2051
28056 2050
28062 2047
28064 2043
28079 2037
28116 2033
28159 2032
28168 2030
28174 2026
28194 2025
28211 2022
28231 2021
28234 2019
28261 2018
28268 2015
28274 2014
28289 2013
28305 2011
28311 2010
28326 2009
28328 2007
28343 1999
28380 1995
28405 1993
28426 1991
28438 1988
28458 1987
28475 1984
28495 1983
28498 1981
28521 1980
28532 1977
28534 1975
28569 1973
28571 1971
28584 1970
28607 1963
28623 1962
28625 1960
28638 1956
28669 1955
28675 1952
28706 1951
28720 1949
28723 1948
28733 1945
28753 1944
28770 1941
28790 1940
28793 1938
28798 1937
28827 1934
28835 1933
28844 1931
28864 1930
28881 1927
28883 1923
28898 1917
28935 1913
28964 1912
28987 1910
28993 1906
29013 1905
29030 1902
29050 1901
29053 1899
29080 1898
29087 1895
29093 1894
29108 1893
29124 1891
29130 1890
29145 1889
29147 1887
29162 1879
29199 1875
29228 1874
29245 1871
29257 1868
29277 1867
29294 1864
29314 1863
29317 1861
29337 1860
29351 1857
29353 1856
29388 1853
29390 1852
29403 1850
29426 1843
29442 1842
29444 1840
29457 1836
29494 1832
29537 1831
29539 1829
29552 1825
29572 1824
29589 1821
29609 1820
29612 1818
29639 1817
29646 1814
29667 1812
29683 1810
29704 1808
29706 1806
29708 1804
29721 1798
29758 1794
29803 1793
29816 1787
29836 1786
29853 1783
29873 1782
29876 1780
29899 1779
29910 1776
29912 1775
29947 1772
29949 1771
29971 1769
29985 1762
30003 1759
30022 1758
30040 1755
30080 1751
30098 1748
30117 1747
30135 1744
30155 1743
30158 1741
30174 1740
30176 1739
30192 1737
30211 1736
30213 1735
30229 1733
30250 1732
30253 1730
30267 1723
30304 1719
30362 1712
30399 1708
30422 1705
30456 1701
30458 1698
30493 1697
30495 1694
30536 1692
30551 1690
30553 1687
30573 1686
30590 1683
30610 1682
30613 1680
30647 1676
30668 1675
30684 1672
30705 1671
30708 1669
30722 1662
30759 1658
30800 1656
30817 1651
30854 1647
30877 1644
30911 1640
30948 1636
30972 1633
31006 1629
31043 1625
31066 1622
31107 1620
31136 1619
31139 1616
31161 1611
31202 1609
31223 1608
31234 1605
31248 1598
31289 1596
31326 1594
31343 1587
31370 1586
31372 1584
31403 1580
31437 1576
31465 1575
31467 1573
31498 1569
31525 1568
31527 1566
31532 1565
31559 1564
31561 1562
31592 1558
31620 1557
31622 1555
31654 1553
31656 1551
31687 1547
31714 1546
31716 1544
31757 1542
31780 1541
31784 1540
31809 1535
31811 1533
31852 1530
31878 1529
31893 1528
31896 1522
31937 1520
31947 1519
31973 1518
31976 1516
31991 1511
32018 1510
32020 1508
32051 1504
32085 1500
32113 1499
32115 1497
32146 1493
32173 1492
32175 1490
32180 1489
32207 1488
32209 1486
32240 1482
32268 1481
32270 1479
32302 1477
32304 1475
32335 1471
32362 1470
32364 1468
32405 1466
32415 1465
32432 1464
32456 1463
32457 1459
32459 1457
32500 1454
32526 1453
32541 1452
32544 1446
32595 1443
32621 1442
32624 1440
32639 1435
32668 1432
32699 1428
32733 1424
32763 1421
32794 1417
32823 1414
32828 1413
32857 1410
32888 1406
32918 1403
32952 1399
32983 1395
33012 1392
33062 1391
33063 1389
33080 1388
33104 1387
33106 1386
33107 1381
33171 1378
33174 1377
33200 1375
33204 1374
33237 1372
33238 1370
33266 1369
33269 1366
33295 1364
33298 1363
33335 1359
33361 1358
33365 1356
33393 1352
33430 1348
33459 1345
33502 1343
33510 1342
33527 1341
33536 1339
33554 1334
33596 1332
33618 1331
33621 1330
33647 1328
33651 1327
33684 1325
33685 1323
33691 1321
33716 1319
33742 1317
33745 1316
33788 1314
33796 1313
33808 1311
33816 1309
33840 1305
33882 1303
33904 1302
33919 1299
33947 1298
33949 1296
33977 1292
34007 1291
34014 1288
34043 1285
34082 1284
34094 1282
34102 1280
34138 1274
34205 1270
34235 1267
34269 1263
34300 1259
34329 1256
34368 1255
34397 1254
34400 1249
34424 1245
34497 1242
34531 1238
34574 1237
34585 1236
34591 1231
34630 1230
34659 1229
34675 1226
34686 1220
34776 1218
34815 1217
34836 1212
34871 1207
34913 1206
34937 1201
35021 1199
35031 1197
35063 1196
35087 1193
35117 1189
35136 1188
35178 1187
35202 1182
35218 1178
35247 1177
35301 1174
35368 1170
35397 1169
35403 1165
35432 1164
35469 1159
35498 1158
35552 1155
35592 1154
35619 1151
35648 1150
35649 1147
35668 1146
35697 1145
35721 1142
35734 1140
35763 1139
35814 1136
35834 1134
35863 1133
35884 1132
35900 1128
35929 1127
35983 1124
36002 1119
36031 1118
36079 1117
36085 1115
36128 1114
36152 1111
36165 1109
36187 1106
36216 1105
36253 1100
36282 1099
36336 1096
36376 1095
36403 1092
36432 1091
36433 1088
36462 1087
36516 1084
36532 1083
36561 1082
36583 1080
36598 1077
36618 1075
36647 1074
36681 1073
36684 1069
36713 1068
36767 1065
36834 1061
36863 1060
36886 1059
36915 1058
36917 1057
36952 1053
36981 1052
37035 1049
37102 1045
37131 1044
37185 1041
37258 1040
37287 1039
37319 1038
37324 1034
37353 1033
37385 1032
37407 1030
37468 1028
37526 1027
37535 1024
37564 1023
37618 1020
37691 1019
37719 1017
37748 1016
37757 1013
37786 1012
37840 1009
37930 1007
37959 1006
38013 1003
38086 1002
38115 1001
38152 996
38181 995
38235 992
38357 991
38466 988
38495 987
38549 984
38671 983
38829 982
39187 981
39345 980
