50
0 1 344 394
0 2 395 963
0 3 391 803
0 4 998 88
0 5 715 750
0 6 315 558
0 7 691 369
0 8 356 124
0 9 284 876
0 10 44 846
0 11 572 161
0 12 972 179
0 13 24 917
0 14 685 634
0 15 501 572
0 16 792 257
0 17 127 909
0 18 169 910
0 19 613 302
0 20 661 647
0 21 203 618
0 22 795 76
0 23 58 567
0 24 340 975
0 25 294 946
0 26 243 696
0 27 613 397
0 28 803 637
0 29 931 9
0 30 928 98
0 31 570 583
0 32 324 448
0 33 982 86
0 34 743 691
0 35 604 615
0 36 92 446
0 37 162 942
0 38 176 683
0 39 848 289
0 40 60 479
0 41 684 461
0 42 201 449
0 43 999 27
0 44 681 804
0 45 685 813
0 46 535 709
0 47 463 498
0 48 909 276
0 49 615 381
1 2 527 837
1 3 914 127
1 4 519 360
1 5 10 574
1 6 892 431
1 7 2 995
1 8 952 182
1 9 549 115
1 10 6 944
1 11 249 356
1 12 283 736
1 13 496 364
1 14 308 958
1 15 374 711
1 16 508 609
1 17 297 178
1 18 740 803
1 19 412 905
1 20 424 949
1 21 521 220
1 22 984 44
1 23 536 896
1 24 400 71
1 25 319 615
1 26 985 180
1 27 723 107
1 28 265 695
1 29 194 585
1 30 525 937
1 31 80 700
1 32 584 443
1 33 334 367
1 34 76 836
1 35 537 532
1 36 490 807
1 37 694 288
1 38 809 77
1 39 347 371
1 40 945 187
1 41 520 301
1 42 562 310
1 43 737 655
1 44 86 282
1 45 117 789
1 46 562 618
1 47 575 961
1 48 987 4
1 49 559 663
2 3 481 955
2 4 274 324
2 5 634 599
2 6 49 684
2 7 167 987
2 8 204 249
2 9 804 181
2 10 256 689
2 11 179 765
2 12 952 7
2 13 326 922
2 14 694 29
2 15 223 289
2 16 480 808
2 17 756 531
2 18 721 201
2 19 284 342
2 20 185 696
2 21 519 389
2 22 926 62
2 23 550 405
2 24 517 48
2 25 283 207
2 26 252 597
2 27 197 888
2 28 166 782
2 29 615 553
2 30 428 782
2 31 97 610
2 32 873 790
2 33 980 21
2 34 879 305
2 35 363 51
2 36 975 88
2 37 151 415
2 38 413 779
2 39 433 535
2 40 673 964
2 41 420 154
2 42 144 848
2 43 888 54
2 44 979 1
2 45 202 601
2 46 177 254
2 47 49 757
2 48 73 347
2 49 826 412
3 4 151 399
3 5 109 328
3 6 363 978
3 7 131 666
3 8 894 817
3 9 992 413
3 10 267 567
3 11 105 797
3 12 986 175
3 13 31 999
3 14 813 481
3 15 202 961
3 16 531 826
3 17 610 35
3 18 344 953
3 19 226 729
3 20 458 237
3 21 745 105
3 22 672 47
3 23 320 773
3 24 155 910
3 25 6 973
3 26 128 737
3 27 172 738
3 28 189 720
3 29 169 920
3 30 400 813
3 31 413 392
3 32 930 238
3 33 13 744
3 34 106 687
3 35 194 969
3 36 827 159
3 37 982 139
3 38 686 252
3 39 329 638
3 40 724 769
3 41 381 720
3 42 967 355
3 43 748 379
3 44 300 715
3 45 301 148
3 46 201 654
3 47 490 240
3 48 751 772
3 49 110 703
4 5 965 107
4 6 909 695
4 7 492 24
4 8 238 32
4 9 773 147
4 10 646 311
4 11 390 738
4 12 310 254
4 13 650 488
4 14 832 841
4 15 470 183
4 16 354 81
4 17 468 301
4 18 534 504
4 19 354 365
4 20 711 739
4 21 887 6
4 22 51 1000
4 23 360 575
4 24 126 671
4 25 459 67
4 26 605 184
4 27 930 724
4 28 900 820
4 29 860 329
4 30 547 549
4 31 518 366
4 32 955 373
4 33 129 328
4 34 57 995
4 35 657 284
4 36 783 289
4 37 296 792
4 38 507 225
4 39 103 966
4 40 797 132
4 41 322 746
4 42 457 424
4 43 575 253
4 44 193 681
4 45 715 321
4 46 472 331
4 47 952 716
4 48 168 253
4 49 653 448
5 6 57 916
5 7 910 73
5 8 655 20
5 9 717 457
5 10 433 45
5 11 563 417
5 12 233 581
5 13 264 620
5 14 802 19
5 15 974 60
5 16 953 17
5 17 384 699
5 18 680 440
5 19 783 821
5 20 49 195
5 21 590 33
5 22 626 832
5 23 933 259
5 24 850 43
5 25 478 171
5 26 176 229
5 27 811 628
5 28 34 961
5 29 389 634
5 30 84 963
5 31 894 73
5 32 485 873
5 33 920 649
5 34 404 281
5 35 912 335
5 36 368 194
5 37 927 879
5 38 717 105
5 39 153 469
5 40 300 793
5 41 443 750
5 42 878 380
5 43 342 314
5 44 535 140
5 45 975 69
5 46 813 690
5 47 831 445
5 48 492 194
5 49 730 603
6 7 133 679
6 8 776 366
6 9 1000 81
6 10 766 453
6 11 559 354
6 12 115 615
6 13 653 329
6 14 521 122
6 15 806 801
6 16 461 950
6 17 125 624
6 18 980 173
6 19 318 417
6 20 952 513
6 21 788 269
6 22 832 629
6 23 739 758
6 24 590 942
6 25 313 338
6 26 807 743
6 27 612 214
6 28 50 912
6 29 754 13
6 30 801 14
6 31 355 290
6 32 23 509
6 33 54 747
6 34 100 461
6 35 695 328
6 36 971 163
6 37 437 212
6 38 487 663
6 39 954 57
6 40 48 711
6 41 779 46
6 42 55 852
6 43 204 687
6 44 901 444
6 45 453 447
6 46 312 759
6 47 559 566
6 48 935 25
6 49 709 723
7 8 473 498
7 9 985 350
7 10 745 843
7 11 968 126
7 12 775 401
7 13 22 978
7 14 857 473
7 15 367 576
7 16 496 985
7 17 114 952
7 18 208 457
7 19 331 641
7 20 249 941
7 21 755 90
7 22 447 340
7 23 889 478
7 24 472 517
7 25 709 34
7 26 640 234
7 27 235 935
7 28 519 606
7 29 900 70
7 30 123 438
7 31 574 481
7 32 986 335
7 33 246 351
7 34 6 963
7 35 864 137
7 36 503 595
7 37 443 531
7 38 492 101
7 39 370 539
7 40 564 921
7 41 599 233
7 42 32 915
7 43 767 194
7 44 347 480
7 45 493 852
7 46 643 756
7 47 170 945
7 48 633 150
7 49 554 363
8 9 581 483
8 10 30 821
8 11 111 751
8 12 976 382
8 13 565 295
8 14 493 478
8 15 263 847
8 16 611 225
8 17 96 836
8 18 425 509
8 19 913 15
8 20 448 475
8 21 656 655
8 22 980 7
8 23 192 723
8 24 996 22
8 25 843 599
8 26 786 82
8 27 996 342
8 28 570 626
8 29 417 774
8 30 962 26
8 31 310 733
8 32 547 617
8 33 868 316
8 34 379 802
8 35 704 723
8 36 745 759
8 37 96 765
8 38 948 690
8 39 275 732
8 40 493 650
8 41 284 580
8 42 269 475
8 43 393 939
8 44 882 213
8 45 924 125
8 46 128 881
8 47 772 144
8 48 960 69
8 49 306 637
9 10 281 961
9 11 637 663
9 12 121 236
9 13 994 440
9 14 569 592
9 15 343 793
9 16 663 15
9 17 45 470
9 18 771 285
9 19 516 358
9 20 632 233
9 21 834 337
9 22 651 200
9 23 895 766
9 24 372 332
9 25 877 732
9 26 455 632
9 27 925 436
9 28 831 28
9 29 476 339
9 30 322 656
9 31 597 865
9 32 917 16
9 33 315 530
9 34 646 14
9 35 644 135
9 36 369 88
9 37 210 512
9 38 240 748
9 39 250 881
9 40 127 717
9 41 617 812
9 42 925 133
9 43 533 647
9 44 559 206
9 45 179 510
9 46 483 268
9 47 63 965
9 48 890 52
9 49 407 672
10 11 161 553
10 12 147 724
10 13 824 575
10 14 632 465
10 15 233 834
10 16 173 645
10 17 315 768
10 18 303 616
10 19 850 538
10 20 879 392
10 21 996 260
10 22 770 169
10 23 228 151
10 24 382 543
10 25 513 710
10 26 143 787
10 27 766 691
10 28 375 924
10 29 166 901
10 30 800 168
10 31 144 115
10 32 59 764
10 33 80 471
10 34 319 381
10 35 919 193
10 36 274 341
10 37 115 920
10 38 19 959
10 39 475 746
10 40 742 266
10 41 985 1
10 42 485 248
10 43 723 331
10 44 39 502
10 45 586 879
10 46 133 916
10 47 808 264
10 48 985 11
10 49 644 708
11 12 195 239
11 13 987 16
11 14 862 265
11 15 977 152
11 16 453 612
11 17 5 427
11 18 802 754
11 19 184 699
11 20 280 537
11 21 394 183
11 22 757 799
11 23 406 335
11 24 907 165
11 25 290 830
11 26 407 213
11 27 459 403
11 28 837 301
11 29 635 16
11 30 465 890
11 31 71 814
11 32 940 53
11 33 980 202
11 34 369 412
11 35 645 887
11 36 699 180
11 37 660 522
11 38 448 411
11 39 536 530
11 40 750 449
11 41 994 388
11 42 140 497
11 43 903 247
11 44 333 525
11 45 748 244
11 46 291 563
11 47 833 34
11 48 608 4
11 49 850 247
12 13 834 434
12 14 390 207
12 15 101 613
12 16 993 151
12 17 478 147
12 18 699 493
12 19 328 200
12 20 815 747
12 21 593 778
12 22 854 50
12 23 479 189
12 24 357 370
12 25 423 732
12 26 969 4
12 27 553 614
12 28 80 808
12 29 428 527
12 30 493 736
12 31 947 180
12 32 583 657
12 33 989 462
12 34 389 887
12 35 830 83
12 36 979 82
12 37 846 556
12 38 975 424
12 39 980 223
12 40 333 86
12 41 853 759
12 42 931 237
12 43 234 190
12 44 388 628
12 45 806 651
12 46 691 494
12 47 571 68
12 48 385 452
12 49 174 461
13 14 307 632
13 15 154 893
13 16 958 327
13 17 621 477
13 18 440 370
13 19 958 62
13 20 870 277
13 21 711 281
13 22 94 739
13 23 538 18
13 24 561 888
13 25 970 170
13 26 177 916
13 27 637 43
13 28 324 531
13 29 962 276
13 30 918 536
13 31 133 738
13 32 463 383
13 33 142 621
13 34 607 697
13 35 776 678
13 36 882 469
13 37 166 756
13 38 223 270
13 39 991 74
13 40 807 521
13 41 434 148
13 42 115 247
13 43 375 631
13 44 942 41
13 45 839 101
13 46 878 94
13 47 976 91
13 48 194 951
13 49 980 141
14 15 738 954
14 16 91 733
14 17 785 51
14 18 80 666
14 19 901 603
14 20 58 854
14 21 937 275
14 22 580 717
14 23 475 448
14 24 873 164
14 25 688 842
14 26 362 776
14 27 958 70
14 28 476 202
14 29 978 12
14 30 637 363
14 31 845 217
14 32 294 334
14 33 681 221
14 34 601 913
14 35 838 143
14 36 682 48
14 37 123 952
14 38 77 866
14 39 616 574
14 40 965 63
14 41 328 420
14 42 50 899
14 43 637 404
14 44 140 689
14 45 581 789
14 46 856 127
14 47 170 800
14 48 829 572
14 49 793 609
15 16 242 495
15 17 651 818
15 18 287 848
15 19 299 850
15 20 976 401
15 21 180 978
15 22 765 95
15 23 913 22
15 24 747 24
15 25 871 10
15 26 779 335
15 27 336 932
15 28 514 391
15 29 860 244
15 30 379 243
15 31 966 51
15 32 715 161
15 33 807 756
15 34 462 75
15 35 278 772
15 36 57 527
15 37 261 357
15 38 571 193
15 39 131 774
15 40 22 991
15 41 764 194
15 42 297 962
15 43 109 871
15 44 334 467
15 45 962 33
15 46 491 206
15 47 254 283
15 48 255 949
15 49 766 1000
16 17 197 933
16 18 23 535
16 19 541 595
16 20 350 210
16 21 521 322
16 22 512 537
16 23 373 771
16 24 359 806
16 25 865 65
16 26 225 536
16 27 727 823
16 28 179 524
16 29 250 987
16 30 950 31
16 31 847 499
16 32 155 519
16 33 710 720
16 34 964 117
16 35 776 545
16 36 55 509
16 37 116 785
16 38 222 806
16 39 611 917
16 40 772 410
16 41 699 364
16 42 818 20
16 43 569 653
16 44 544 431
16 45 398 1000
16 46 843 349
16 47 471 797
16 48 560 749
16 49 972 158
17 18 584 250
17 19 349 582
17 20 106 825
17 21 282 842
17 22 788 82
17 23 29 964
17 24 186 880
17 25 318 419
17 26 188 875
17 27 176 990
17 28 869 254
17 29 252 724
17 30 405 950
17 31 429 354
17 32 729 675
17 33 784 568
17 34 566 691
17 35 222 563
17 36 733 679
17 37 873 171
17 38 971 147
17 39 305 425
17 40 413 524
17 41 399 760
17 42 920 323
17 43 685 589
17 44 448 230
17 45 70 709
17 46 375 944
17 47 377 235
17 48 159 765
17 49 266 123
18 19 38 626
18 20 644 63
18 21 361 727
18 22 22 942
18 23 483 77
18 24 158 969
18 25 214 462
18 26 868 25
18 27 395 980
18 28 700 990
18 29 619 338
18 30 540 185
18 31 443 883
18 32 128 972
18 33 973 91
18 34 804 491
18 35 837 278
18 36 798 416
18 37 411 450
18 38 473 890
18 39 417 67
18 40 312 654
18 41 192 315
18 42 152 885
18 43 840 543
18 44 13 953
18 45 736 602
18 46 810 483
18 47 123 779
18 48 899 452
18 49 899 30
19 20 395 840
19 21 627 585
19 22 212 688
19 23 157 194
19 24 717 943
19 25 287 577
19 26 953 410
19 27 154 992
19 28 252 427
19 29 332 55
19 30 447 664
19 31 646 288
19 32 367 349
19 33 531 377
19 34 524 308
19 35 691 424
19 36 1000 20
19 37 454 875
19 38 377 168
19 39 822 756
19 40 198 473
19 41 748 344
19 42 317 932
19 43 336 531
19 44 288 357
19 45 749 166
19 46 687 440
19 47 576 704
19 48 6 956
19 49 480 963
20 21 572 10
20 22 626 465
20 23 858 353
20 24 454 831
20 25 252 740
20 26 44 943
20 27 877 79
20 28 469 579
20 29 491 608
20 30 250 511
20 31 182 417
20 32 950 58
20 33 578 801
20 34 613 495
20 35 556 759
20 36 419 267
20 37 701 444
20 38 444 593
20 39 446 911
20 40 948 11
20 41 613 906
20 42 454 914
20 43 929 33
20 44 126 215
20 45 256 784
20 46 904 257
20 47 925 16
20 48 918 243
20 49 718 694
21 22 326 213
21 23 100 985
21 24 610 367
21 25 86 554
21 26 740 770
21 27 89 583
21 28 5 809
21 29 907 86
21 30 185 770
21 31 439 859
21 32 877 656
21 33 961 402
21 34 171 514
21 35 645 80
21 36 265 162
21 37 24 591
21 38 756 134
21 39 850 691
21 40 664 680
21 41 277 887
21 42 589 127
21 43 78 886
21 44 79 759
21 45 698 68
21 46 744 610
21 47 101 905
21 48 512 179
21 49 936 10
22 23 276 883
22 24 709 814
22 25 35 928
22 26 351 952
22 27 867 131
22 28 795 205
22 29 176 637
22 30 285 802
22 31 921 146
22 32 618 581
22 33 845 446
22 34 240 897
22 35 585 371
22 36 252 865
22 37 575 882
22 38 666 500
22 39 281 545
22 40 590 137
22 41 107 352
22 42 122 610
22 43 706 874
22 44 117 973
22 45 864 186
22 46 90 841
22 47 369 424
22 48 734 795
22 49 627 532
23 24 134 591
23 25 914 399
23 26 220 412
23 27 730 662
23 28 711 741
23 29 296 931
23 30 532 517
23 31 529 460
23 32 996 142
23 33 397 57
23 34 230 814
23 35 749 274
23 36 35 843
23 37 597 370
23 38 669 388
23 39 635 73
23 40 876 257
23 41 993 52
23 42 648 940
23 43 68 939
23 44 397 562
23 45 538 774
23 46 527 33
23 47 375 684
23 48 492 404
23 49 709 365
24 25 304 211
24 26 679 327
24 27 752 176
24 28 738 368
24 29 920 118
24 30 183 791
24 31 729 267
24 32 327 457
24 33 420 719
24 34 957 204
24 35 270 577
24 36 304 528
24 37 901 156
24 38 223 48
24 39 500 288
24 40 787 257
24 41 560 547
24 42 708 644
24 43 486 646
24 44 444 860
24 45 890 188
24 46 279 104
24 47 420 609
24 48 723 540
24 49 417 46
25 26 623 214
25 27 178 977
25 28 401 897
25 29 666 637
25 30 530 416
25 31 185 858
25 32 363 588
25 33 629 739
25 34 688 442
25 35 4 979
25 36 956 62
25 37 123 443
25 38 898 309
25 39 633 528
25 40 986 229
25 41 68 803
25 42 950 46
25 43 776 818
25 44 870 306
25 45 246 408
25 46 708 471
25 47 392 382
25 48 705 395
25 49 15 392
26 27 352 959
26 28 903 219
26 29 179 494
26 30 568 611
26 31 605 836
26 32 202 839
26 33 884 438
26 34 585 703
26 35 480 285
26 36 545 381
26 37 671 558
26 38 558 575
26 39 19 977
26 40 636 668
26 41 430 926
26 42 224 812
26 43 75 903
26 44 507 497
26 45 943 346
26 46 147 502
26 47 9 921
26 48 551 579
26 49 891 573
27 28 353 643
27 29 327 73
27 30 884 696
27 31 428 304
27 32 775 23
27 33 409 415
27 34 595 243
27 35 307 250
27 36 869 30
27 37 22 798
27 38 198 980
27 39 150 121
27 40 134 541
27 41 31 794
27 42 187 661
27 43 155 682
27 44 746 85
27 45 413 387
27 46 629 36
27 47 341 352
27 48 239 137
27 49 482 37
28 29 415 506
28 30 819 591
28 31 33 810
28 32 77 667
28 33 628 793
28 34 994 134
28 35 784 198
28 36 172 984
28 37 458 140
28 38 933 523
28 39 762 403
28 40 221 883
28 41 842 269
28 42 600 46
28 43 340 147
28 44 426 246
28 45 514 202
28 46 272 87
28 47 818 182
28 48 384 432
28 49 219 903
29 30 165 961
29 31 96 745
29 32 834 331
29 33 707 782
29 34 749 338
29 35 482 371
29 36 334 589
29 37 604 394
29 38 645 874
29 39 817 2
29 40 128 857
29 41 772 324
29 42 118 604
29 43 953 113
29 44 931 252
29 45 489 604
29 46 852 234
29 47 739 52
29 48 812 89
29 49 672 218
30 31 849 708
30 32 602 427
30 33 253 827
30 34 922 100
30 35 173 717
30 36 970 316
30 37 978 266
30 38 637 585
30 39 119 693
30 40 894 221
30 41 285 527
30 42 905 121
30 43 197 858
30 44 738 354
30 45 199 742
30 46 383 546
30 47 537 407
30 48 493 587
30 49 979 326
31 32 432 644
31 33 920 525
31 34 67 474
31 35 396 756
31 36 953 2
31 37 493 541
31 38 953 478
31 39 225 771
31 40 13 614
31 41 130 449
31 42 395 934
31 43 739 883
31 44 433 846
31 45 561 256
31 46 615 84
31 47 361 366
31 48 93 955
31 49 73 534
32 33 197 478
32 34 196 679
32 35 729 767
32 36 481 942
32 37 670 638
32 38 665 684
32 39 649 58
32 40 515 363
32 41 768 46
32 42 7 961
32 43 929 442
32 44 176 935
32 45 425 547
32 46 282 741
32 47 316 972
32 48 409 702
32 49 149 753
33 34 6 977
33 35 687 161
33 36 20 985
33 37 692 449
33 38 290 842
33 39 96 554
33 40 522 209
33 41 715 367
33 42 902 712
33 43 795 582
33 44 437 704
33 45 434 227
33 46 174 576
33 47 321 523
33 48 583 882
33 49 36 767
34 35 467 50
34 36 425 312
34 37 721 179
34 38 250 958
34 39 374 647
34 40 11 857
34 41 633 343
34 42 604 606
34 43 561 217
34 44 102 425
34 45 782 92
34 46 606 76
34 47 237 455
34 48 245 713
34 49 362 723
35 36 378 278
35 37 840 765
35 38 197 184
35 39 864 589
35 40 67 209
35 41 221 868
35 42 697 384
35 43 587 574
35 44 92 809
35 45 355 840
35 46 71 794
35 47 628 73
35 48 255 953
35 49 162 867
36 37 504 837
36 38 939 105
36 39 701 525
36 40 858 92
36 41 470 730
36 42 847 234
36 43 458 475
36 44 628 624
36 45 896 23
36 46 998 103
36 47 875 101
36 48 892 199
36 49 766 322
37 38 673 425
37 39 775 640
37 40 577 230
37 41 502 519
37 42 291 461
37 43 538 164
37 44 569 388
37 45 375 225
37 46 434 58
37 47 645 371
37 48 19 593
37 49 386 87
38 39 793 525
38 40 189 286
38 41 393 538
38 42 431 630
38 43 319 812
38 44 591 90
38 45 712 825
38 46 746 693
38 47 599 857
38 48 20 931
38 49 437 35
39 40 701 633
39 41 539 770
39 42 8 945
39 43 626 488
39 44 703 233
39 45 905 339
39 46 818 122
39 47 957 429
39 48 136 637
39 49 617 409
40 41 34 737
40 42 70 893
40 43 351 790
40 44 605 158
40 45 294 445
40 46 909 862
40 47 998 3
40 48 429 365
40 49 980 237
41 42 934 95
41 43 951 401
41 44 979 128
41 45 588 62
41 46 967 386
41 47 599 898
41 48 197 838
41 49 835 551
42 43 1000 124
42 44 215 747
42 45 189 571
42 46 719 199
42 47 993 374
42 48 128 705
42 49 521 229
43 44 432 484
43 45 299 26
43 46 292 751
43 47 691 280
43 48 99 759
43 49 738 654
44 45 584 132
44 46 885 77
44 47 916 316
44 48 966 406
44 49 788 181
45 46 957 379
45 47 171 477
45 48 57 975
45 49 962 29
46 47 287 465
46 48 701 517
46 49 365 156
47 48 606 12
47 49 874 66
48 49 439 192
0
4072
1437 40846
1440 40544
1441 40420
1442 40098
1445 39796
1446 39672
1449 39615
1454 39592
1456 39579
1457 39535
1458 39530
1459 39406
1462 39349
1465 39339
1467 39310
1468 39282
1470 39269
1473 39212
1474 39184
1477 39101
1478 39073
1480 39044
1481 39016
1486 38993
1488 38964
1489 38936
1493 38897
1494 38869
1496 38840
1497 38812
1501 38764
1502 38736
1504 38707
1505 38679
1510 38656
1512 38625
1513 38597
1515 38568
1516 38540
1518 38529
1519 38501
1520 38491
1521 38472
1522 38444
1527 38421
1528 38403
1529 38392
1530 38364
1532 38336
1534 38325
1535 38297
1536 38287
1537 38260
1538 38240
1539 38231
1540 38203
1542 38192
1543 38164
1544 38154
1545 38135
1546 38107
1550 38104
1551 38076
1552 38072
1553 38053
1554 38025
1555 38015
1556 37996
1557 37968
1559 37960
1560 37933
1561 37919
1562 37903
1563 37876
1567 37872
1568 37853
1569 37831
1570 37821
1571 37796
1572 37792
1573 37764
1575 37739
1576 37735
1577 37715
1578 37688
1579 37678
1580 37659
1581 37631
1584 37608
1585 37582
1588 37579
1589 37551
1591 37532
1592 37504
1593 37500
1594 37484
1595 37457
1596 37443
1597 37427
1598 37400
1601 37377
1602 37351
1605 37347
1606 37320
1608 37300
1609 37296
1610 37271
1611 37265
1612 37239
1613 37224
1614 37214
1615 37195
1616 37167
1617 37163
1618 37160
1619 37132
1620 37106
1623 37083
1625 37075
1627 37052
1628 37026
1629 37020
1630 36993
1631 36979
1632 36963
1633 36936
1634 36932
1635 36928
1636 36901
1637 36875
1640 36852
1643 36830
1644 36821
1645 36795
1647 36775
1648 36772
1649 36768
1650 36740
1651 36725
1652 36699
1653 36696
1654 36668
1655 36642
1657 36635
1658 36607
1660 36599
1662 36588
1663 36562
1665 36555
1666 36527
1667 36521
1668 36494
1669 36468
1670 36464
1671 36437
1672 36411
1674 36403
1675 36376
1678 36366
1679 36357
1680 36331
1682 36323
1683 36296
1685 36276
1688 36261
1689 36228
1690 36200
1692 36171
1693 36143
1695 36135
1697 36127
1698 36100
1700 36091
1701 36063
1703 36055
1705 36024
1706 35996
1707 35969
1708 35967
1709 35939
1710 35912
1715 35889
1716 35867
1717 35859
1718 35832
1721 35831
1723 35815
1724 35787
1727 35759
1728 35748
1729 35720
1730 35693
1731 35691
1732 35663
1733 35636
1735 35635
1736 35608
1738 35606
1739 35598
1740 35583
1741 35556
1743 35555
1744 35528
1746 35508
1748 35506
1749 35493
1750 35460
1751 35432
1753 35403
1754 35375
1756 35367
1758 35359
1759 35332
1761 35323
1762 35295
1764 35287
1766 35256
1767 35228
1768 35201
1769 35199
1770 35171
1771 35144
1773 35142
1776 35121
1777 35099
1778 35091
1779 35064
1781 35062
1784 35047
1785 35019
1787 35017
1788 35012
1789 34980
1790 34952
1791 34925
1792 34923
1793 34895
1794 34868
1796 34866
1799 34845
1800 34843
1801 34815
1802 34788
1804 34786
1808 34779
1809 34752
1810 34743
1811 34736
1812 34709
1814 34707
1818 34684
1819 34656
1820 34629
1822 34627
1826 34620
1827 34593
1828 34584
1830 34576
1832 34555
1834 34553
1835 34548
1837 34546
1838 34531
1839 34519
1841 34503
1842 34476
1844 34474
1848 34451
1849 34423
1850 34396
1852 34394
1856 34387
1857 34360
1859 34358
1860 34343
1862 34335
1864 34333
1865 34328
1867 34308
1868 34280
1869 34253
1870 34251
1871 34223
1872 34196
1874 34194
1877 34173
1878 34171
1879 34143
1880 34116
1882 34114
1886 34107
1887 34080
1888 34071
1889 34064
1890 34037
1892 34035
1896 34012
1897 33984
1898 33957
1900 33955
1904 33948
1905 33921
1906 33912
1908 33904
1910 33883
1912 33881
1913 33876
1915 33874
1916 33859
1917 33847
1919 33831
1920 33804
1922 33802
1926 33779
1927 33751
1928 33724
1930 33722
1934 33715
1935 33688
1937 33686
1938 33671
1940 33663
1942 33661
1943 33656
1945 33641
1946 33639
1947 33627
1948 33618
1949 33591
1950 33583
1951 33561
1952 33534
1954 33532
1957 33511
1958 33504
1959 33481
1960 33454
1962 33452
1966 33445
1967 33418
1968 33409
1969 33402
1970 33375
1972 33373
1976 33350
1977 33322
1978 33295
1980 33293
1984 33286
1985 33259
1986 33250
1988 33242
1990 33221
1992 33219
1993 33214
1995 33212
1996 33197
1997 33185
1999 33169
2000 33142
2002 33140
2006 33117
2007 33089
2008 33062
2010 33060
2014 33053
2015 33026
2017 33024
2018 33009
2020 33001
2022 32999
2023 32994
2025 32979
2026 32977
2027 32965
2029 32948
2030 32921
2032 32919
2034 32912
2036 32897
2037 32869
2038 32842
2040 32840
2044 32833
2045 32806
2047 32804
2048 32789
2050 32787
2051 32784
2052 32781
2054 32779
2055 32759
2057 32757
2058 32748
2059 32728
2060 32701
2062 32699
2064 32679
2066 32677
2067 32663
2068 32636
2069 32625
2071 32623
2075 32600
2076 32589
2077 32580
2079 32572
2081 32551
2083 32549
2084 32544
2086 32538
2087 32527
2088 32515
2090 32495
2091 32472
2093 32470
2094 32459
2096 32457
2097 32447
2098 32419
2099 32392
2101 32390
2105 32383
2106 32356
2108 32354
2109 32339
2111 32331
2113 32329
2114 32324
2116 32309
2117 32307
2118 32295
2120 32278
2121 32251
2123 32249
2125 32242
2127 32227
2128 32199
2129 32172
2131 32170
2135 32163
2136 32136
2138 32134
2139 32119
2141 32117
2143 32111
2145 32109
2146 32089
2148 32087
2149 32086
2150 32058
2151 32031
2153 32029
2155 32009
2157 32007
2158 31993
2159 31966
2161 31964
2165 31956
2166 31930
2168 31928
2169 31913
2171 31911
2173 31890
2175 31884
2176 31882
2177 31868
2179 31866
2180 31852
2181 31825
2183 31823
2184 31802
2185 31789
2187 31787
2190 31786
2191 31766
2192 31753
2194 31749
2195 31736
2197 31734
2198 31727
2201 31719
2202 31697
2203 31670
2205 31664
2206 31661
2207 31648
2209 31646
2210 31634
2212 31628
2213 31609
2214 31582
2216 31580
2220 31573
2221 31546
2223 31544
2224 31529
2226 31527
2227 31523
2228 31521
2229 31507
2231 31499
2232 31493
2233 31474
2235 31458
2236 31441
2238 31439
2240 31419
2242 31417
2243 31403
2244 31376
2246 31374
2250 31366
2251 31340
2253 31338
2254 31323
2256 31321
2257 31317
2258 31300
2259 31287
2261 31281
2262 31278
2263 31265
2265 31262
2266 31235
2268 31233
2269 31226
2270 31199
2272 31197
2275 31196
2276 31182
2277 31163
2279 31161
2280 31146
2282 31144
2283 31137
2285 31124
2287 31107
2288 31080
2290 31074
2292 31058
2294 31056
2295 31044
2297 31038
2298 31027
2299 31020
2300 30993
2302 30991
2306 30984
2307 30957
2309 30955
2310 30939
2312 30933
2313 30931
2314 30917
2316 30911
2317 30903
2318 30884
2320 30868
2322 30852
2324 30850
2325 30848
2327 30832
2328 30831
2329 30816
2330 30815
2331 30813
2332 30799
2334 30797
2335 30790
2336 30776
2338 30770
2339 30754
2340 30743
2342 30727
2343 30724
2344 30697
2346 30691
2348 30675
2350 30673
2351 30661
2353 30655
2354 30644
2355 30639
2356 30638
2357 30635
2358 30622
2360 30620
2361 30613
2363 30608
2364 30599
2365 30583
2366 30556
2368 30550
2369 30548
2370 30534
2372 30532
2373 30520
2374 30501
2376 30485
2378 30469
2380 30467
2381 30465
2383 30449
2384 30448
2385 30433
2386 30432
2387 30431
2388 30416
2390 30414
2391 30407
2393 30402
2395 30386
2396 30360
2398 30344
2400 30328
2402 30326
2403 30324
2405 30308
2406 30307
2407 30292
2408 30291
2409 30289
2410 30275
2412 30273
2413 30252
2417 30230
2420 30216
2423 30199
2424 30194
2427 30177
2429 30164
2431 30148
2433 30146
2434 30138
2435 30111
2439 30089
2442 30075
2443 30056
2446 30051
2447 30024
2450 30020
2453 30003
2454 29988
2457 29971
2461 29963
2463 29958
2464 29941
2465 29915
2468 29910
2469 29883
2472 29879
2474 29876
2475 29862
2476 29847
2478 29844
2479 29830
2485 29817
2486 29800
2489 29785
2491 29783
2492 29779
2493 29764
2495 29761
2496 29735
2499 29730
2500 29703
2506 29687
2508 29676
2509 29673
2510 29670
2511 29668
2512 29656
2513 29651
2514 29637
2516 29634
2517 29620
2518 29605
2521 29601
2523 29595
2524 29568
2526 29567
2528 29546
2530 29535
2531 29532
2532 29513
2535 29508
2536 29481
2539 29477
2540 29464
2542 29460
2543 29445
2546 29428
2549 29425
2550 29411
2551 29404
2553 29398
2554 29372
2557 29367
2558 29340
2561 29336
2563 29333
2564 29319
2565 29304
2567 29301
2568 29287
2571 29284
2573 29263
2575 29257
2577 29231
2580 29227
2582 29221
2583 29210
2584 29195
2585 29192
2587 29178
2589 29160
2594 29148
2597 29133
2599 29127
2600 29125
2601 29112
2602 29109
2603 29094
2604 29083
2606 29077
2607 29062
2608 29051
2612 29043
2613 29041
2614 29026
2615 29024
2617 29009
2618 29003
2619 28992
2622 28971
2625 28953
2628 28948
2629 28921
2632 28917
2634 28914
2635 28900
2636 28885
2638 28882
2639 28868
2640 28861
2643 28856
2644 28829
2647 28825
2649 28823
2650 28808
2651 28793
2653 28791
2654 28776
2656 28773
2659 28753
2660 28741
2662 28720
2665 28715
2666 28688
2669 28684
2671 28681
2672 28667
2673 28652
2675 28649
2676 28635
2682 28633
2683 28605
2686 28601
2688 28598
2689 28584
2690 28569
2692 28566
2693 28540
2696 28535
2697 28508
2701 28500
2703 28499
2704 28496
2705 28481
2707 28479
2708 28464
2710 28457
2711 28443
2714 28425
2715 28411
2718 28407
2720 28391
2721 28390
2722 28375
2723 28372
2725 28358
2726 28351
2727 28340
2730 28319
2733 28315
2734 28304
2736 28298
2737 28283
2740 28266
2742 28263
2745 28258
2746 28231
2748 28210
2751 28205
2752 28178
2755 28174
2757 28171
2758 28157
2759 28142
2761 28139
2762 28125
2768 28113
2769 28095
2772 28081
2775 28074
2776 28059
2778 28056
2779 28030
2782 28025
2783 27998
2787 27989
2790 27985
2791 27982
2793 27968
2794 27953
2796 27947
2797 27936
2799 27933
2800 27915
2802 27913
2803 27901
2804 27896
2805 27880
2808 27864
2809 27848
2812 27844
2814 27841
2815 27827
2816 27812
2818 27809
2819 27795
2825 27781
2826 27765
2829 27761
2831 27756
2832 27744
2833 27729
2835 27716
2836 27700
2839 27684
2840 27668
2846 27659
2847 27657
2848 27641
2851 27634
2852 27633
2853 27615
2854 27603
2856 27601
2857 27585
2858 27571
2861 27567
2863 27562
2864 27550
2865 27535
2866 27532
2868 27518
2869 27511
2870 27500
2872 27495
2873 27479
2876 27475
2877 27464
2879 27458
2880 27443
2882 27442
2883 27426
2885 27423
2888 27407
2889 27391
2890 27386
2891 27370
2894 27354
2895 27338
2898 27334
2900 27331
2901 27317
2902 27302
2904 27299
2905 27285
2911 27271
2912 27255
2915 27251
2917 27248
2918 27234
2919 27219
2921 27206
2922 27190
2925 27174
2926 27158
2933 27156
2934 27142
2938 27123
2939 27107
2942 27091
2943 27075
2950 27063
2951 27047
2954 27031
2955 27015
2964 27005
2966 27003
2967 26980
2968 26964
2971 26948
2972 26932
2981 26918
2984 26904
2986 26903
2987 26900
2989 26886
2990 26873
2991 26857
2993 26855
2994 26839
2995 26825
2997 26823
2998 26807
3001 26798
3004 26794
3006 26791
3007 26777
3008 26762
3010 26759
3011 26745
3014 26740
3015 26724
3018 26715
3020 26714
3021 26711
3023 26696
3024 26682
3025 26679
3027 26664
3028 26650
3031 26634
3032 26618
3039 26616
3040 26602
3043 26597
3044 26581
3045 26567
3048 26551
3049 26535
3056 26523
3057 26507
3060 26491
3061 26475
3067 26474
3070 26465
3072 26463
3073 26440
3074 26424
3077 26408
3078 26392
3087 26378
3090 26364
3092 26363
3093 26360
3095 26347
3096 26331
3097 26317
3099 26315
3100 26299
3101 26285
3103 26283
3104 26267
3111 26265
3112 26251
3116 26232
3117 26216
3120 26200
3121 26184
3126 26174
3128 26172
3129 26156
3130 26142
3132 26140
3133 26124
3142 26114
3145 26089
3146 26073
3149 26057
3150 26041
3159 26027
3165 26024
3166 26013
3167 26003
3168 25982
3169 25966
3172 25950
3173 25934
3180 25932
3181 25918
3183 25917
3184 25901
3187 25900
3188 25884
3195 25880
3196 25867
3197 25839
3198 25823
3201 25807
3202 25791
3211 25787
3216 25784
3217 25768
3218 25763
3226 25761
3227 25759
3228 25743
3231 25739
3233 25730
3234 25709
3235 25693
3238 25677
3239 25661
3247 25659
3248 25645
3250 25644
3251 25628
3254 25627
3255 25611
3260 25596
3262 25587
3263 25571
3264 25566
3265 25550
3267 25539
3268 25534
3269 25518
3277 25513
3281 25504
3284 25488
3285 25472
3294 25458
3295 25454
3296 25438
3298 25437
3299 25422
3300 25406
3304 25397
3306 25388
3307 25381
3308 25365
3315 25356
3317 25349
3318 25348
3319 25332
3322 25331
3323 25315
3324 25311
3325 25295
3327 25294
3328 25279
3329 25263
3333 25254
3336 25238
3337 25222
3346 25218
3349 25203
3350 25187
3357 25185
3358 25171
3360 25170
3361 25154
3364 25147
3365 25131
3368 25115
3369 25099
3374 25092
3375 25076
3378 25060
3379 25044
3388 25040
3391 25038
3392 25022
3394 25011
3395 25006
3396 24990
3400 24981
3402 24970
3403 24965
3404 24949
3412 24944
3415 24930
3416 24914
3424 24912
3425 24898
3427 24897
3428 24881
3430 24879
3431 24869
3432 24858
3434 24847
3435 24837
3436 24826
3440 24824
3441 24819
3442 24803
3444 24792
3445 24787
3446 24771
3454 24766
3458 24757
3459 24742
3460 24726
3462 24725
3463 24710
3464 24694
3473 24690
3474 24689
3475 24673
3477 24659
3481 24650
3483 24641
3484 24634
3485 24618
3492 24609
3494 24602
3495 24601
3496 24585
3499 24578
3500 24562
3502 24548
3503 24546
3504 24530
3506 24516
3510 24507
3513 24491
3514 24475
3523 24471
3526 24469
3527 24453
3529 24442
3530 24437
3531 24421
3539 24418
3540 24416
3541 24400
3542 24384
3545 24368
3546 24352
3551 24345
3559 24336
3561 24329
3562 24324
3563 24312
3565 24310
3566 24305
3567 24289
3569 24275
3570 24273
3571 24257
3573 24243
3577 24234
3579 24223
3580 24218
3581 24202
3589 24197
3595 24185
3596 24169
3603 24157
3605 24143
3607 24132
3608 24122
3609 24111
3611 24100
3612 24090
3613 24079
3618 24072
3623 24057
3626 24056
3627 24040
3629 24033
3634 24023
3635 24021
3636 23995
3637 23979
3640 23963
3641 23947
3650 23943
3651 23942
3652 23926
3656 23924
3657 23919
3662 23909
3663 23893
3666 23892
3667 23876
3672 23870
3673 23865
3674 23849
3676 23831
3677 23815
3680 23799
3681 23783
3690 23779
3694 23767
3696 23760
3697 23755
3701 23743
3702 23727
3703 23722
3704 23706
3706 23695
3707 23690
3708 23674
3717 23669
3718 23653
3724 23646
3728 23641
3729 23636
3730 23620
3733 23619
3734 23603
3739 23590
3740 23574
3742 23563
3743 23558
3744 23542
3746 23531
3747 23526
3748 23510
3757 23506
3762 23503
3764 23482
3768 23470
3769 23454
3772 23438
3773 23422
3780 23410
3783 23401
3784 23396
3785 23380
3794 23376
3795 23368
3798 23367
3799 23351
3802 23349
3803 23333
3806 23317
3807 23301
3809 23290
3812 23274
3813 23258
3822 23254
3827 23242
3829 23230
3837 23221
3839 23210
3840 23203
3842 23185
3843 23169
3846 23153
3847 23137
3850 23128
3859 23124
3863 23109
3865 23100
3866 23094
3867 23078
3876 23074
3879 23055
3880 23039
3883 23023
3884 23007
3889 22994
3892 22991
3898 22990
3899 22979
3902 22978
3903 22964
3904 22948
3910 22938
3911 22933
3912 22917
3914 22906
3915 22901
3916 22885
3924 22884
3925 22880
3926 22864
3928 22859
3931 22843
3932 22827
3941 22823
3942 22814
3945 22810
3947 22801
3948 22785
3950 22774
3951 22769
3952 22753
3954 22742
3955 22737
3956 22721
3965 22717
3966 22706
3972 22693
3976 22681
3977 22665
3980 22649
3981 22633
3988 22621
3991 22612
3992 22607
3993 22591
4002 22587
4003 22579
4006 22578
4007 22562
4010 22560
4011 22544
4014 22528
4015 22512
4017 22501
4020 22485
4021 22469
4030 22465
4035 22453
4037 22441
4045 22432
4047 22421
4048 22414
4050 22396
4051 22380
4054 22364
4055 22348
4058 22339
4067 22335
4071 22320
4073 22311
4074 22305
4075 22289
4084 22285
4087 22266
4088 22250
4091 22234
4092 22218
4100 22202
4107 22190
4111 22175
4112 22159
4121 22149
4122 22133
4125 22124
4128 22120
4129 22104
4131 22102
4132 22095
4134 22081
4136 22070
4139 22054
4140 22038
4149 22034
4153 22021
4156 22010
4159 22003
4165 21990
4166 21974
4169 21965
4170 21949
4173 21933
4174 21917
4183 21913
4187 21900
4190 21889
4193 21874
4194 21858
4203 21854
4206 21839
4207 21823
4212 21817
4213 21801
4214 21794
4224 21770
4230 21766
4232 21754
4233 21742
4237 21734
4240 21718
4241 21702
4247 21689
4248 21673
4260 21659
4261 21643
4266 21633
4267 21630
4268 21614
4272 21590
4280 21586
4286 21573
4287 21557
4291 21555
4298 21526
4302 21501
4306 21469
4315 21465
4322 21442
4326 21410
4335 21406
4339 21375
4346 21346
4357 21343
4360 21330
4364 21314
4368 21302
4369 21286
4373 21254
4380 21225
4393 21195
4400 21166
4418 21142
4422 21110
4431 21106
4435 21087
4438 21083
4442 21051
4451 21047
4455 21016
4462 20987
4469 20966
4476 20937
4485 20927
4489 20895
4496 20866
4509 20836
4516 20807
4534 20795
4535 20786
4538 20763
4542 20759
4543 20749
4545 20735
4551 20728
4555 20727
4558 20699
4565 20676
4572 20668
4575 20663
4579 20639
4585 20607
4592 20578
4602 20571
4605 20548
4609 20542
4612 20519
4622 20512
4627 20497
4629 20483
4634 20476
4638 20464
4639 20449
4641 20447
4650 20437
4651 20427
4654 20405
4659 20390
4661 20376
4671 20368
4674 20346
4681 20317
4691 20304
4695 20292
4698 20283
4701 20282
4703 20273
4705 20254
4714 20235
4718 20212
4723 20209
4725 20183
4734 20176
4735 20161
4738 20153
4744 20149
4745 20124
4750 20117
4755 20102
4757 20088
4767 20080
4770 20058
4774 20052
4777 20029
4787 20016
4794 19993
4800 19991
4801 19985
4803 19981
4804 19959
4808 19956
4814 19924
4821 19895
4833 19890
4834 19865
4840 19861
4841 19836
4853 19831
4856 19814
4860 19802
4863 19793
4866 19792
4867 19781
4868 19766
4870 19764
4877 19759
4879 19754
4883 19722
4888 19707
4890 19693
4900 19671
4903 19663
4910 19634
4920 19612
4924 19609
4930 19599
4932 19590
4936 19581
4937 19576
4943 19552
4951 19539
4952 19526
4956 19522
4960 19510
4963 19493
4964 19478
4973 19466
4979 19434
4984 19419
4986 19405
4999 19375
5006 19346
5025 19327
5029 19308
5032 19298
5033 19276
5047 19251
5049 19249
5053 19217
5062 19207
5067 19192
5069 19178
5079 19169
5082 19148
5086 19135
5089 19119
5095 19109
5102 19108
5106 19076
5115 19071
5116 19049
5125 19020
5129 18988
5145 18961
5149 18929
5172 18925
5174 18914
5175 18881
5184 18880
5190 18878
5191 18854
5199 18838
5204 18834
5207 18827
5208 18793
5212 18761
5228 18734
5232 18702
5251 18697
5253 18683
5258 18654
5266 18653
5271 18649
5273 18624
5282 18611
5290 18600
5293 18592
5294 18568
5300 18554
5314 18529
5316 18527
5319 18513
5320 18495
5325 18491
5329 18485
5331 18482
5334 18470
5336 18456
5343 18439
5345 18432
5349 18426
5351 18423
5353 18413
5356 18397
5362 18387
5363 18380
5369 18376
5373 18354
5382 18349
5383 18327
5389 18317
5392 18298
5396 18266
5412 18239
5416 18207
5434 18196
5441 18171
5442 18159
5446 18153
5452 18149
5458 18132
5466 18116
5471 18112
5472 18090
5475 18071
5479 18039
5495 18012
5499 17980
5521 17969
5525 17932
5534 17931
5538 17927
5541 17905
5549 17889
5557 17878
5560 17870
5561 17846
5575 17841
5576 17838
5582 17823
5585 17821
5586 17791
5592 17769
5598 17760
5601 17759
5604 17742
5605 17735
5610 17717
5612 17710
5618 17701
5621 17700
5624 17683
5625 17676
5630 17658
5636 17654
5647 17652
5648 17647
5651 17628
5656 17595
5669 17564
5681 17533
5688 17508
5693 17490
5701 17474
5708 17449
5713 17431
5719 17427
5734 17401
5739 17368
5755 17356
5763 17340
5769 17336
5770 17315
5775 17297
5781 17293
5788 17285
5789 17277
5794 17267
5795 17260
5800 17242
5801 17234
5806 17220
5812 17211
5815 17210
5818 17193
5821 17179
5826 17161
5832 17152
5835 17151
5838 17134
5845 17123
5850 17105
5861 17088
5865 17064
5870 17046
5878 17033
5883 17015
5890 17002
5895 16984
5909 16952
5910 16943
5915 16925
5928 16896
5933 16878
5948 16837
5953 16819
5971 16818
5972 16809
5977 16791
5983 16787
5987 16784
5988 16770
5990 16762
5995 16744
6002 16736
6003 16728
6008 16718
6010 16703
6015 16685
6031 16672
6032 16663
6035 16648
6037 16645
6040 16630
6050 16616
6055 16598
6065 16594
6069 16583
6070 16557
6075 16539
6080 16527
6085 16509
6102 16496
6110 16490
6112 16482
6114 16478
6115 16469
6117 16464
6118 16421
6123 16403
6142 16393
6147 16375
6153 16363
6158 16345
6168 16330
6173 16312
6180 16287
6185 16269
6202 16247
6207 16229
6220 16211
6230 16196
6235 16178
6240 16141
6245 16123
6264 16113
6269 16095
6275 16092
6280 16074
6285 16053
6290 16035
6295 16032
6302 16007
6307 15989
6323 15947
6328 15929
6347 15919
6352 15901
6357 15898
6363 15880
6373 15856
6378 15838
6385 15813
6390 15795
6413 15789
6420 15764
6425 15746
6435 15722
6440 15704
6470 15673
6475 15655
6492 15645
6501 15640
6503 15627
6506 15622
6511 15613
6520 15608
6522 15580
6527 15562
6542 15554
6546 15552
6551 15534
6556 15525
6561 15522
6562 15513
6563 15511
6568 15497
6572 15489
6573 15479
6577 15471
6584 15446
6589 15428
6594 15419
6613 15409
6618 15391
6623 15388
6624 15379
6629 15370
6631 15366
6634 15355
6639 15337
6644 15328
6651 15303
6656 15285
6679 15279
6681 15275
6686 15254
6691 15236
6701 15212
6706 15194
6736 15163
6741 15145
6760 15135
6768 15133
6769 15117
6787 15114
6788 15107
6789 15106
6790 15104
6794 15097
6795 15086
6801 15072
6806 15054
6812 15053
6814 15050
6817 15042
6822 15033
6824 15019
6825 15017
6829 15001
6830 14999
6835 14990
6840 14988
6849 14980
6854 14971
6856 14963
6859 14962
6864 14952
6865 14950
6870 14941
6874 14928
6875 14926
6879 14910
6880 14908
6884 14899
6890 14897
6892 14874
6897 14856
6902 14854
6916 14837
6927 14825
6932 14807
6937 14805
6942 14783
6947 14765
6952 14763
6977 14734
6982 14716
6987 14714
7001 14706
7010 14688
7015 14686
7028 14685
7029 14678
7030 14677
7031 14675
7034 14668
7036 14657
7042 14643
7047 14625
7052 14623
7057 14615
7058 14613
7063 14604
7068 14602
7077 14594
7079 14587
7082 14576
7084 14571
7085 14569
7089 14553
7090 14551
7095 14542
7097 14534
7102 14532
7107 14529
7111 14524
7116 14518
7119 14514
7120 14488
7125 14470
7130 14468
7144 14458
7149 14456
7152 14426
7157 14408
7162 14406
7187 14377
7192 14359
7197 14357
7215 14349
7220 14331
7225 14329
7229 14318
7234 14316
7245 14311
7248 14308
7256 14276
7261 14258
7270 14257
7275 14239
7280 14237
7289 14230
7291 14227
7296 14209
7302 14195
7307 14177
7312 14175
7323 14170
7328 14168
7334 14156
7336 14155
7337 14146
7339 14138
7342 14128
7347 14126
7358 14121
7363 14119
7365 14118
7366 14094
7371 14076
7372 14072
7377 14070
7401 14045
7404 14010
7409 14008
7434 13999
7435 13995
7439 13961
7444 13959
7467 13933
7472 13931
7475 13926
7476 13922
7489 13907
7494 13905
7502 13900
7503 13898
7504 13894
7508 13860
7521 13845
7522 13841
7527 13839
7536 13832
7543 13811
7554 13779
7559 13777
7570 13772
7575 13770
7584 13768
7585 13764
7586 13740
7589 13730
7594 13728
7605 13723
7610 13721
7617 13702
7618 13678
7623 13676
7649 13663
7653 13629
7658 13627
7674 13622
7681 13601
7686 13599
7690 13590
7693 13580
7709 13573
7714 13551
7719 13549
7720 13541
7722 13528
7736 13509
7741 13507
7749 13502
7750 13500
7755 13492
7757 13479
7768 13447
7773 13445
7784 13440
7789 13438
7799 13432
7803 13398
7808 13396
7819 13391
7824 13389
7831 13370
7836 13368
7840 13359
7853 13351
7858 13349
7859 13342
7864 13320
7869 13318
7872 13297
7888 13290
7899 13271
7900 13269
7907 13248
7923 13241
7934 13209
7939 13207
7952 13201
7957 13199
7963 13192
7968 13170
7969 13160
7974 13158
7992 13152
7996 13142
7997 13132
8002 13130
8003 13121
8014 13120
8019 13113
8021 13100
8030 13082
8035 13080
8038 13059
8056 13051
8062 13049
8065 13033
8066 13031
8067 13019
8072 13017
8073 13010
8093 13005
8097 13000
8101 12982
8102 12970
8107 12968
8118 12963
8123 12961
8126 12955
8129 12954
8130 12942
8134 12932
8139 12931
8150 12925
8152 12924
8153 12921
8158 12914
8161 12906
8162 12904
8163 12892
8168 12890
8169 12883
8171 12869
8187 12862
8196 12844
8198 12843
8199 12841
8206 12820
8222 12813
8228 12811
8230 12805
8231 12795
8233 12781
8238 12779
8258 12777
8259 12767
8262 12764
8263 12762
8265 12756
8267 12742
8268 12732
8273 12730
8292 12717
8295 12714
8296 12704
8300 12694
8302 12693
8313 12692
8318 12686
8319 12683
8327 12668
8328 12666
8329 12654
8334 12652
8335 12645
8337 12631
8363 12617
8364 12605
8365 12603
8372 12582
8392 12577
8396 12567
8400 12554
8417 12542
8424 12539
8425 12538
8428 12526
8431 12518
8433 12504
8452 12493
8458 12490
8460 12489
8461 12476
8468 12455
8479 12454
8484 12452
8492 12451
8493 12441
8495 12427
8500 12425
8510 12423
8513 12415
8514 12405
8519 12403
8524 12399
8529 12388
8530 12378
8535 12376
8545 12374
8546 12367
8548 12366
8554 12363
8557 12360
8562 12340
8563 12338
8565 12337
8575 12327
8580 12325
8581 12318
8583 12304
8591 12300
8596 12298
8597 12291
8598 12289
8599 12277
8600 12275
8614 12273
8618 12255
8626 12251
8627 12249
8634 12228
8635 12226
8649 12224
8658 12213
8659 12211
8662 12200
8663 12198
8677 12191
8679 12177
8693 12164
8694 12162
8695 12150
8696 12148
8710 12146
8714 12128
8723 12122
8730 12101
8731 12099
8745 12097
8755 12095
8758 12073
8759 12071
8772 12069
8775 12061
8776 12051
8781 12049
8790 12046
8792 12032
8806 12030
8807 12020
8808 12013
8809 12011
8811 12010
8825 11984
8827 11983
8837 11973
8842 11971
8843 11964
8844 11962
8845 11950
8846 11948
8860 11935
8862 11921
8876 11919
8877 11917
8880 11901
8881 11899
8895 11897
8897 11872
8909 11871
8911 11870
8912 11868
8921 11857
8936 11853
8937 11851
8939 11837
8940 11835
8941 11823
8942 11821
8956 11808
8958 11794
8972 11792
8973 11790
8976 11774
8977 11772
8991 11770
8993 11745
9005 11744
9007 11743
9008 11741
9023 11737
9032 11731
9035 11715
9036 11713
9038 11705
9052 11703
9053 11693
9058 11691
9067 11682
9068 11680
9069 11674
9071 11657
9073 11656
9087 11654
9088 11652
9089 11649
9101 11641
9102 11638
9103 11624
9106 11608
9108 11594
9122 11592
9123 11590
9138 11575
9139 11563
9143 11545
9157 11543
9158 11541
9167 11530
9174 11514
9186 11513
9189 11510
9190 11508
9199 11497
9202 11481
9204 11467
9218 11465
9219 11463
9234 11448
9235 11436
9239 11418
9253 11416
9254 11414
9267 11403
9270 11387
9282 11386
9285 11383
9286 11381
9302 11354
9314 11353
9315 11347
9329 11342
9331 11340
9344 11338
9346 11328
9347 11314
9350 11298
9366 11291
9381 11266
9382 11265
9385 11236
9413 11233
9416 11217
9417 11203
9420 11187
9448 11184
9452 11154
9477 11139
9481 11109
9509 11106
9512 11090
9513 11076
9516 11060
9544 11057
9548 11027
9584 11023
9596 10998
9606 10984
9615 10983
9623 10974
9629 10968
9633 10950
9646 10943
9655 10941
9661 10935
9664 10919
9667 10906
9681 10881
9699 10873
9702 10857
9716 10832
9734 10824
9760 10823
9764 10803
9773 10784
9777 10754
9808 10735
9812 10705
9846 10686
9860 10676
9871 10671
9875 10641
9902 10629
9906 10622
9907 10608
9910 10592
9938 10589
9942 10559
9963 10551
9990 10530
9998 10502
10032 10483
10040 10475
10046 10473
10056 10468
10061 10438
10075 10413
10093 10405
10096 10389
10110 10364
10128 10356
10158 10335
10167 10316
10171 10286
10202 10267
10206 10237
10242 10233
10254 10208
10290 10184
10296 10161
10305 10160
10332 10157
10337 10139
10338 10134
10344 10132
10353 10113
10357 10083
10388 10064
10392 10034
10428 10030
10439 10015
10440 10005
10470 9996
10474 9966
10491 9957
10522 9937
10523 9936
10524 9931
10539 9928
10558 9913
10564 9890
10566 9887
10571 9862
10607 9858
10614 9841
10619 9833
10625 9812
10655 9809
10656 9793
10660 9763
10696 9759
10708 9734
10737 9729
10743 9718
10748 9714
10752 9684
10757 9659
10793 9655
10804 9653
10805 9630
10834 9616
10839 9591
10856 9582
10882 9570
10887 9562
10888 9561
10889 9556
10899 9549
10923 9538
10929 9515
10938 9514
10945 9509
10951 9506
10970 9493
10971 9488
10977 9486
10979 9466
10986 9463
10996 9445
11016 9443
11020 9413
11025 9388
11061 9384
11072 9382
11073 9359
11109 9348
11119 9336
11124 9311
11152 9310
11156 9290
11157 9285
11169 9278
11189 9267
11204 9261
11205 9256
11213 9238
11242 9220
11247 9195
11264 9174
11295 9166
11311 9156
11312 9145
11316 9131
11344 9130
11346 9118
11349 9105
11363 9097
11379 9092
11385 9086
11395 9076
11396 9071
11408 9064
11416 9062
11428 9053
11432 9032
11437 9007
11457 8996
11485 8978
11505 8967
11531 8955
11534 8952
11536 8930
11555 8917
11568 8909
11569 8904
11584 8901
11588 8891
11603 8888
11608 8882
11616 8880
11617 8875
11624 8872
11625 8857
11641 8856
11645 8846
11667 8832
11670 8828
11672 8823
11676 8793
11696 8782
11723 8775
11724 8764
11728 8750
11748 8739
11761 8724
11775 8716
11781 8713
11795 8705
11807 8695
11808 8690
11823 8687
11827 8684
11828 8679
11842 8674
11847 8668
11855 8666
11856 8661
11859 8652
11862 8648
11864 8643
11879 8641
11882 8637
11884 8632
11892 8626
11895 8622
11906 8618
11909 8614
11915 8611
11926 8607
11929 8603
11932 8598
11939 8592
11942 8588
11952 8587
11957 8585
11959 8581
11962 8577
11967 8536
11987 8525
12000 8510
12015 8507
12020 8499
12035 8496
12036 8491
12048 8481
12056 8480
12068 8470
12084 8462
12088 8448
12098 8438
12101 8434
12118 8427
12121 8423
12131 8412
12134 8408
12149 8405
12151 8401
12154 8397
12169 8394
12170 8389
12179 8383
12182 8379
12190 8378
12195 8375
12199 8372
12202 8368
12207 8366
12215 8364
12218 8360
12222 8346
12223 8341
12232 8336
12242 8335
12243 8330
12252 8325
12256 8315
12265 8310
12276 8304
12282 8284
12302 8273
12315 8258
12327 8234
12347 8223
12375 8205
12388 8197
12395 8194
12408 8186
12416 8182
12421 8171
12436 8168
12441 8160
12449 8156
12457 8152
12458 8149
12461 8132
12481 8121
12506 8120
12509 8103
12519 8099
12522 8095
12529 8092
12538 8089
12539 8088
12542 8084
12552 8073
12555 8069
12569 8067
12570 8066
12571 8063
12572 8062
12575 8058
12583 8039
12603 8028
12628 8027
12631 8010
12642 7982
12662 7971
12679 7963
12690 7953
12699 7952
12703 7945
12710 7942
12717 7937
12723 7934
12736 7919
12748 7895
12768 7884
12776 7880
12796 7866
12813 7861
12816 7855
12824 7851
12833 7850
12834 7847
12837 7843
12844 7840
12854 7836
12857 7832
12867 7821
12870 7817
12882 7793
12898 7787
12902 7782
12918 7776
12930 7764
12946 7758
12950 7753
12959 7750
12966 7747
12968 7745
12976 7734
12979 7733
12990 7728
12992 7724
12994 7711
13004 7700
13024 7689
13032 7685
13042 7682
13052 7671
13063 7643
13083 7632
13100 7624
13111 7614
13120 7613
13128 7609
13131 7603
13138 7598
13148 7595
13158 7587
13168 7584
13176 7580
13186 7569
13197 7541
13217 7530
13234 7522
13245 7512
13254 7511
13265 7501
13282 7493
13291 7482
13305 7476
13311 7471
13319 7448
13339 7437
13356 7429
13367 7419
13376 7418
13384 7414
13387 7408
13404 7400
13415 7372
13435 7361
13453 7346
13463 7343
13473 7335
13483 7332
13490 7327
13501 7317
13510 7316
13521 7306
13538 7298
13547 7287
13549 7270
13569 7259
13595 7258
13597 7241
13617 7230
13641 7216
13643 7211
13657 7205
13663 7200
13671 7177
13691 7166
13719 7148
13739 7137
13763 7123
13783 7112
13800 7104
13805 7075
13825 7064
13853 7046
13873 7035
13897 7021
13899 7016
13913 7010
13919 7005
13933 6999
13939 6992
13947 6987
13959 6981
13967 6976
13981 6970
13987 6963
13991 6962
13993 6945
14013 6934
14039 6933
14041 6916
14061 6905
14073 6890
14087 6886
14093 6879
14107 6875
14115 6852
14135 6841
14163 6823
14175 6819
14183 6812
14195 6808
14214 6806
14215 6802
14223 6790
14243 6779
14249 6750
14269 6739
14297 6721
14317 6710
14343 6691
14357 6685
14363 6680
14377 6674
14389 6672
14391 6662
14405 6656
14411 6651
14425 6645
14431 6624
14451 6613
14479 6595
14499 6584
14520 6575
14523 6570
14525 6565
14539 6559
14545 6554
14559 6548
14565 6541
14573 6536
14585 6530
14593 6525
14607 6519
14613 6512
14617 6511
14619 6494
14639 6483
14665 6482
14667 6465
14687 6454
14699 6439
14713 6435
14719 6428
14733 6424
14741 6401
14761 6390
14789 6372
14809 6361
14839 6360
14840 6355
14841 6351
14855 6345
14860 6344
14861 6340
14871 6338
14875 6299
14895 6288
14923 6270
14943 6259
14969 6240
14983 6234
14989 6229
15003 6223
15017 6211
15031 6205
15037 6200
15051 6194
15085 6189
15095 6186
15099 6177
15113 6171
15119 6166
15132 6165
15133 6160
15137 6148
15157 6137
15179 6121
15185 6119
15188 6101
15202 6095
15208 6090
15222 6084
15236 6072
15250 6066
15256 6061
15270 6055
15271 6054
15291 6043
15318 6038
15319 6025
15339 6014
15356 6009
15365 5995
15379 5989
15385 5984
15399 5978
15413 5966
15427 5960
15433 5955
15447 5949
15480 5942
15489 5941
15492 5923
15506 5917
15512 5912
15526 5906
15533 5903
15540 5894
15553 5892
15554 5888
15560 5883
15574 5877
15575 5876
15581 5874
15584 5856
15598 5850
15604 5845
15618 5839
15632 5827
15646 5821
15652 5816
15666 5810
15689 5806
15703 5800
15717 5788
15731 5782
15737 5777
15751 5771
15752 5764
15772 5753
15798 5749
15800 5735
15820 5724
15846 5720
15857 5714
15876 5697
15885 5696
15888 5678
15902 5672
15908 5667
15922 5661
15936 5649
15950 5643
15956 5638
15970 5632
15997 5621
16011 5615
16017 5610
16031 5604
16045 5592
16056 5586
16065 5581
16076 5575
16102 5571
16104 5557
16124 5546
16150 5542
16164 5536
16165 5529
16185 5518
16210 5514
16213 5500
16233 5489
16263 5486
16269 5485
16270 5479
16289 5462
16298 5461
16301 5443
16315 5437
16321 5432
16335 5426
16349 5414
16363 5408
16369 5403
16383 5397
16419 5392
16427 5389
16429 5387
16433 5386
16439 5381
16450 5380
16453 5375
16455 5371
16457 5370
16464 5368
16467 5363
16469 5351
16489 5340
16517 5322
16537 5311
16573 5307
16577 5306
16582 5305
16587 5300
16595 5297
16597 5295
16602 5294
16607 5289
16616 5288
16622 5285
16623 5279
16632 5276
16635 5271
16643 5268
16652 5265
16655 5260
16670 5256
16676 5251
16690 5245
16702 5242
16711 5233
16720 5232
16722 5231
16723 5214
16737 5208
16743 5203
16757 5197
16771 5185
16785 5179
16791 5174
16805 5168
16841 5164
16844 5159
16851 5158
16858 5157
16863 5154
16865 5152
16872 5151
16877 5142
16879 5141
16886 5139
16891 5122
16911 5111
16939 5093
16959 5082
16995 5078
16999 5077
17004 5076
17017 5068
17019 5066
17024 5065
17030 5062
17038 5059
17044 5056
17045 5050
17054 5047
17064 5045
17065 5039
17074 5036
17078 5033
17092 5027
17098 5022
17112 5016
17124 5013
17137 5008
17144 5002
17166 5000
17172 4984
17188 4982
17192 4973
17198 4970
17218 4959
17236 4953
17242 4948
17246 4941
17266 4930
17285 4927
17302 4926
17305 4916
17326 4914
17331 4913
17334 4908
17342 4896
17361 4895
17362 4885
17381 4884
17390 4867
17410 4856
17434 4855
17446 4849
17454 4844
17468 4842
17470 4840
17475 4839
17479 4832
17496 4824
17499 4821
17516 4813
17525 4810
17538 4807
17544 4804
17560 4801
17564 4793
17570 4789
17575 4787
17588 4782
17590 4778
17592 4775
17612 4764
17623 4758
17643 4747
17666 4744
17679 4740
17685 4737
17686 4733
17688 4730
17705 4726
17708 4719
17714 4715
17733 4708
17734 4704
17736 4701
17753 4697
17756 4690
17780 4689
17792 4683
17800 4678
17814 4676
17816 4674
17820 4672
17823 4669
17825 4666
17829 4663
17837 4658
17845 4655
17849 4652
17857 4647
17871 4644
17877 4634
17885 4629
17897 4623
17905 4618
17936 4612
17941 4610
17947 4606
17963 4604
17965 4602
17966 4599
17967 4595
17969 4592
17983 4591
17986 4588
17989 4581
18003 4580
18011 4575
18025 4574
18031 4571
18032 4567
18039 4566
18051 4560
18059 4555
18060 4549
18079 4542
18080 4538
18087 4537
18099 4531
18107 4526
18110 4525
18118 4520
18130 4514
18138 4509
18166 4506
18169 4503
18175 4497
18183 4492
18195 4486
18203 4481
18223 4468
18231 4463
18243 4457
18251 4452
18284 4451
18289 4449
18291 4447
18292 4446
18293 4440
18309 4438
18311 4436
18312 4433
18313 4429
18320 4428
18329 4425
18332 4422
18337 4420
18340 4417
18349 4414
18357 4409
18388 4406
18397 4404
18398 4403
18399 4397
18408 4388
18416 4383
18428 4377
18436 4372
18456 4359
18464 4354
18476 4348
18484 4343
18522 4340
18529 4339
18534 4334
18542 4329
18551 4327
18562 4316
18570 4311
18582 4305
18590 4300
18613 4296
18621 4291
18649 4289
18652 4286
18657 4284
18660 4281
18663 4279
18669 4278
18677 4273
18682 4272
18683 4268
18690 4267
18699 4264
18702 4261
18707 4259
18710 4256
18719 4253
18727 4248
18736 4247
18748 4241
18756 4236
18776 4223
18784 4218
18796 4212
18804 4207
18826 4198
18834 4193
18846 4187
18854 4182
18882 4180
18890 4175
18902 4169
18910 4164
18932 4155
18940 4150
18952 4144
18960 4139
18997 4136
19003 4132
19010 4131
19019 4128
19022 4125
19027 4123
19030 4120
19039 4117
19047 4112
19055 4110
19067 4104
19075 4099
19098 4091
19106 4086
19118 4080
19126 4075
19146 4062
19154 4057
19166 4051
19174 4046
19202 4043
19210 4038
19222 4032
19230 4027
19252 4019
19260 4014
19272 4008
19280 4003
19311 3997
19319 3992
19331 3986
19339 3981
19367 3979
19375 3974
19387 3968
19395 3963
19417 3954
19425 3949
19437 3943
19445 3938
19474 3936
19482 3931
19494 3925
19502 3920
19515 3919
19522 3907
19530 3902
19542 3896
19550 3891
19583 3890
19591 3885
19603 3879
19611 3874
19631 3861
19639 3856
19651 3850
19659 3845
19687 3842
19695 3837
19707 3831
19715 3826
19737 3818
19745 3813
19757 3807
19765 3802
19802 3799
19818 3795
19826 3790
19844 3787
19862 3783
19863 3780
19864 3776
19871 3775
19883 3769
19891 3764
19903 3759
19911 3754
19923 3748
19931 3743
19959 3735
19967 3730
19979 3724
19987 3719
20007 3706
20015 3701
20027 3695
20035 3690
20074 3689
20088 3683
20096 3678
20118 3670
20126 3665
20138 3659
20146 3654
20183 3651
20214 3648
20222 3643
20225 3639
20243 3635
20245 3628
20264 3624
20272 3619
20293 3618
20301 3613
20321 3600
20329 3595
20340 3587
20348 3582
20360 3576
20368 3571
20388 3558
20396 3553
20408 3547
20416 3542
20455 3541
20494 3536
20514 3523
20522 3518
20534 3512
20542 3507
20581 3506
20629 3501
20641 3495
20649 3490
20680 3479
20719 3478
20725 3474
20736 3466
20744 3461
20756 3455
20764 3450
20784 3437
20792 3432
20804 3426
20812 3421
20843 3411
20882 3410
20909 3409
20910 3402
20918 3397
20929 3396
20930 3391
20938 3386
20949 3385
20957 3380
20969 3376
21008 3375
21035 3374
21038 3371
21045 3369
21046 3366
21055 3361
21063 3356
21075 3350
21083 3345
21100 3343
21108 3338
21147 3337
21171 3330
21189 3328
21191 3319
21209 3317
21214 3314
21219 3301
21239 3290
21278 3289
21305 3288
21308 3285
21316 3280
21325 3275
21333 3270
21345 3264
21353 3259
21365 3255
21384 3249
21423 3248
21442 3245
21451 3240
21459 3235
21471 3229
21479 3224
21496 3222
21504 3217
21510 3214
21535 3207
21574 3206
21587 3204
21597 3201
21602 3198
21605 3196
21610 3193
21621 3192
21622 3187
21630 3182
21641 3181
21649 3176
21661 3172
21700 3171
21704 3165
21723 3160
21732 3157
21743 3149
21760 3139
21780 3128
21819 3127
21849 3123
21857 3118
21869 3114
21886 3104
21906 3093
21931 3086
21970 3085
21983 3083
22000 3081
22008 3076
22014 3073
22017 3071
22025 3066
22032 3065
22037 3060
22045 3055
22057 3051
22076 3045
22115 3044
22134 3041
22138 3039
22143 3036
22146 3034
22151 3031
22158 3030
22163 3025
22171 3020
22202 3010
22241 3009
22245 3003
22264 2998
22284 2987
22323 2986
22351 2979
22371 2968
22390 2963
22396 2961
22410 2952
22435 2945
22452 2935
22472 2924
22511 2923
22541 2919
22549 2914
22561 2910
22573 2903
22578 2900
22598 2889
22637 2888
22667 2884
22675 2879
22699 2868
22738 2867
22749 2862
22776 2858
22806 2851
22807 2848
22846 2847
22855 2838
22875 2827
22900 2820
22917 2810
22937 2799
22956 2794
22976 2783
23015 2782
23038 2778
23043 2775
23057 2773
23063 2764
23077 2762
23082 2759
23102 2748
23141 2747
23164 2743
23183 2738
23203 2727
23242 2726
23272 2723
23290 2721
23310 2710
23349 2709
23367 2708
23373 2698
23387 2697
23393 2687
23421 2669
23441 2658
23480 2657
23519 2652
23522 2648
23542 2637
23547 2634
23567 2623
23606 2622
23648 2613
23668 2602
23707 2601
23755 2596
23775 2585
23809 2580
23829 2569
23868 2568
23888 2567
23897 2566
23907 2563
23908 2556
23917 2555
23930 2548
23935 2545
23955 2534
23994 2533
24014 2532
24034 2521
24056 2513
24095 2512
24115 2511
24135 2500
24162 2498
24163 2496
24202 2495
24220 2494
24226 2489
24231 2487
24240 2483
24251 2476
24296 2467
24305 2466
24332 2465
24341 2462
24352 2454
24384 2453
24397 2446
24402 2443
24422 2432
24503 2422
24523 2411
24550 2409
24601 2408
24609 2406
24610 2405
24614 2401
24619 2398
24630 2394
24639 2387
24702 2386
24707 2381
24720 2377
24740 2366
24772 2364
24808 2360
24835 2358
24847 2349
24873 2343
24900 2341
24924 2336
24964 2333
24969 2330
24977 2328
24989 2319
24997 2317
25025 2315
25057 2313
25070 2309
25078 2307
25090 2298
25098 2296
25125 2294
25158 2292
25185 2290
25189 2286
25194 2283
25205 2279
25214 2272
25274 2268
25282 2266
25295 2262
25315 2251
25347 2249
25375 2247
25383 2245
25410 2243
25422 2234
25448 2228
25475 2226
25499 2221
25539 2218
25544 2215
25564 2204
25600 2200
25632 2198
25645 2194
25665 2183
25733 2177
25760 2175
25773 2173
25814 2171
25824 2167
25829 2164
25849 2153
25915 2150
25930 2143
25950 2132
26014 2130
26042 2126
26046 2122
26074 2118
26089 2115
26115 2109
26142 2107
26166 2102
26200 2099
26211 2096
26230 2092
26231 2085
26267 2081
26299 2079
26312 2075
26331 2071
26332 2064
26400 2058
26427 2056
26440 2054
26481 2052
26491 2048
26496 2045
26516 2034
26582 2031
26597 2024
26617 2013
26709 2007
26713 2003
26741 1999
26781 1997
26808 1995
26821 1993
26825 1992
26835 1987
26867 1980
26893 1977
26897 1973
26914 1970
26943 1969
26974 1967
26978 1963
26994 1956
26998 1952
27044 1948
27102 1946
27106 1942
27122 1938
27164 1937
27168 1934
27201 1927
27216 1926
27230 1918
27294 1915
27306 1912
27311 1908
27331 1897
27410 1895
27423 1891
27427 1887
27455 1883
27495 1881
27517 1880
27522 1879
27535 1877
27539 1876
27549 1871
27578 1870
27581 1864
27607 1861
27611 1857
27628 1854
27657 1853
27688 1851
27692 1847
27708 1840
27712 1836
27758 1832
27816 1830
27820 1826
27836 1822
27878 1821
27882 1818
27915 1811
27930 1810
27958 1807
27962 1803
28008 1799
28020 1797
28025 1796
28059 1795
28066 1793
28071 1792
28086 1789
28120 1783
28124 1779
28156 1778
28160 1774
28195 1771
28206 1770
28212 1768
28229 1765
28270 1764
28275 1761
28284 1760
28292 1754
28296 1750
28342 1746
28400 1744
28404 1740
28420 1736
28462 1735
28466 1732
28510 1728
28514 1724
28521 1723
28542 1721
28546 1717
28592 1713
28604 1711
28638 1710
28643 1709
28650 1707
28660 1706
28670 1703
28704 1697
28708 1693
28740 1692
28744 1688
28790 1684
28809 1683
28813 1679
28854 1678
28859 1675
28868 1674
28910 1673
28914 1670
28921 1669
28926 1667
28933 1666
28962 1662
28969 1661
28990 1659
28994 1655
29016 1654
29031 1653
29038 1652
29040 1651
29052 1649
29063 1646
29098 1645
29109 1642
29118 1641
29121 1640
29152 1635
29156 1631
29202 1627
29246 1626
29258 1625
29265 1624
29270 1623
29277 1622
29281 1620
29288 1619
29302 1616
29334 1615
29339 1614
29346 1613
29348 1612
29367 1611
29370 1609
29371 1607
29374 1605
29381 1604
29417 1603
29420 1601
29427 1600
29460 1596
29464 1592
29510 1588
29554 1587
29566 1586
29573 1585
29578 1584
29589 1581
29596 1580
29599 1578
29635 1577
29642 1576
29645 1574
29659 1572
29678 1570
29682 1566
29689 1565
29694 1564
29728 1562
29735 1561
29740 1560
29771 1556
29814 1554
29819 1553
29821 1548
29877 1546
29884 1545
29903 1543
29907 1539
29912 1538
29927 1537
29953 1535
29958 1534
29967 1533
29986 1532
29989 1530
29996 1529
30002 1525
30036 1524
30039 1522
30046 1521
30079 1517
30126 1513
30129 1509
30185 1507
30192 1506
30197 1505
30214 1503
30220 1499
30235 1498
30240 1497
30264 1495
30281 1494
30286 1493
30297 1491
30304 1490
30309 1489
30347 1483
30354 1482
30359 1481
30410 1480
30415 1479
30430 1478
30449 1477
30450 1476
30454 1472
30479 1471
30484 1470
30499 1469
30500 1468
30505 1466
30522 1464
30527 1463
30542 1462
30548 1458
30572 1456
30577 1455
30592 1454
30617 1450
30667 1442
30723 1440
30738 1439
30741 1438
30762 1437
30781 1436
30791 1430
30812 1429
30835 1424
30850 1423
30855 1422
30885 1416
30900 1415
30905 1414
30957 1413
30976 1412
30999 1411
31001 1407
31022 1406
31026 1404
31051 1399
31069 1397
31092 1396
31119 1389
31163 1383
31213 1375
31297 1374
31307 1372
31324 1371
31347 1366
31350 1365
31378 1363
31399 1362
31400 1357
31437 1356
31442 1355
31472 1349
31487 1348
31492 1347
31544 1346
31563 1345
31586 1344
31588 1340
31609 1339
31613 1337
31638 1332
31656 1330
31679 1329
31706 1322
31750 1316
31800 1308
31873 1306
31894 1305
31911 1304
31934 1299
31937 1298
31987 1290
32042 1289
32060 1288
32093 1287
32097 1281
32118 1280
32169 1278
32179 1276
32196 1275
32201 1274
32218 1272
32219 1270
32251 1266
32284 1263
32327 1260
32336 1258
32383 1256
32386 1250
32421 1246
32515 1243
32520 1241
32523 1240
32548 1239
32555 1237
32573 1232
32608 1228
32663 1227
32683 1223
32704 1222
32718 1219
32739 1218
32787 1216
32800 1214
32805 1212
32837 1208
32870 1205
32872 1204
32905 1201
32960 1200
32971 1199
32974 1198
32992 1194
33024 1190
33059 1186
33102 1185
33123 1184
33134 1181
33155 1180
33169 1177
33190 1176
33239 1175
33251 1172
33256 1170
33289 1167
33291 1166
33321 1163
33356 1159
33411 1158
33420 1157
33443 1152
33478 1148
33548 1145
33553 1143
33574 1142
33587 1141
33588 1139
33609 1138
33674 1134
33690 1133
33709 1130
33740 1125
33775 1121
33840 1120
33871 1115
33906 1111
33971 1107
34006 1103
34094 1102
34102 1097
34137 1093
34190 1091
34225 1087
34279 1086
34321 1081
34356 1077
34421 1073
34456 1069
34549 1068
34552 1063
34587 1059
34691 1058
34714 1057
34718 1053
34763 1052
34806 1047
34860 1046
34871 1045
34908 1043
34914 1042
34937 1037
35008 1035
35014 1034
35037 1029
35130 1028
35135 1027
35139 1025
35145 1024
35168 1019
35272 1018
35295 1017
35321 1015
35344 1012
35389 1011
35395 1009
35452 1005
35489 1003
35520 1001
35526 999
35589 995
35620 993
35697 990
35720 985
35751 983
35855 982
35873 981
35896 978
35927 976
35947 975
35978 973
36004 971
36035 969
36072 967
36078 965
36109 963
36172 959
36254 958
36280 954
36303 949
36407 948
36430 947
36456 945
36479 942
36530 939
36587 935
36638 934
36661 929
36763 928
36814 927
36837 922
36941 921
37001 919
37015 916
37058 915
37109 914
37132 909
37234 908
37285 907
37308 902
37412 901
37474 900
37527 896
37618 895
37691 893
37705 890
37784 889
37794 888
37822 883
37926 882
37975 881
37998 876
38102 875
38247 874
38351 873
38498 872
38539 868
38562 863
38666 862
38811 861
38915 860
